Date,Time,Open,High,Low,Close,Volume,OpenInt
2016-02-04,04:30:00,4.86,5.09,4.86,5.06,3500,0
2016-02-04,04:35:00,5.06,5.06,5,5,1000,0
2016-02-04,08:55:00,4.86,5.02,4.86,5,3500,0
2016-02-05,03:15:00,5,5,5,5,500,0
2016-02-05,07:35:00,5,5.05,5,5.05,2000,0
2016-02-05,07:55:00,5.04,5.04,5.04,5.04,3000,0
2016-02-05,08:55:00,5,5,4.91,4.91,10000,0
2016-02-12,03:05:00,5.1,5.1,4.9,5.1,19000,0
2016-02-12,04:15:00,5,5,4.8,4.8,1000,0
2016-02-12,04:40:00,4.8,4.8,4.66,4.66,3000,0
2016-02-12,04:45:00,4.66,4.66,4.65,4.65,2000,0
2016-02-12,06:05:00,4.65,4.66,4.65,4.66,9000,0
2016-02-12,06:25:00,4.66,4.66,4.66,4.66,5000,0
2016-02-12,06:50:00,4.66,4.9,4.66,4.9,23250,0
2016-02-15,04:35:00,4.61,4.9,4.61,4.7,5000,0
2016-02-15,07:00:00,4.9,4.99,4.9,4.99,26000,0
2016-02-15,07:05:00,4.99,4.99,4.99,4.99,5500,0
2016-02-16,07:20:00,5.05,5.14,4.99,5.13,54000,0
2016-02-16,07:30:00,5.13,5.13,5.13,5.13,31000,0
2016-02-16,07:35:00,5.13,5.13,5.13,5.13,23000,0
2016-02-16,07:40:00,5.13,5.13,5.13,5.13,8000,0
2016-02-16,07:45:00,5.13,5.13,5.13,5.13,30000,0
2016-02-16,08:00:00,5.13,5.19,5.13,5.19,3500,0
2016-02-16,08:05:00,5.2,5.2,5.2,5.2,20000,0
2016-02-16,08:10:00,5.2,5.2,5.2,5.2,20000,0
2016-02-17,03:05:00,5.1,5.1,5.1,5.1,5000,0
2016-02-17,04:25:00,5.11,5.11,5.1,5.1,57500,0
2016-02-17,06:05:00,5.1,5.1,5.1,5.1,500,0
2016-02-17,07:40:00,5.1,5.1,5.1,5.1,60500,0
2016-02-17,07:45:00,5.1,5.1,5.1,5.1,1500,0
2016-02-23,04:05:00,5,5,5,5,2000,0
2016-02-23,04:30:00,5,5,5,5,17000,0
2016-02-23,07:10:00,5,5.18,5,5.18,25000,0
2016-02-23,07:40:00,5.14,5.15,5.14,5.14,24000,0
2016-02-24,08:10:00,5,5.14,5,5.01,12000,0
2016-02-24,08:20:00,5.05,5.2,5.01,5.01,18000,0
2016-02-24,08:25:00,5.01,5.01,5,5,48000,0
2016-02-24,08:55:00,4.99,4.99,4.99,4.99,1500,0
2016-02-25,05:00:00,5.22,5.22,4.99,5.1,1000,0
2016-02-26,04:35:00,5.18,5.18,5.1,5.18,1000,0
2016-02-26,09:00:00,5,5.05,5,5.05,1000,0
2016-03-02,07:45:00,5.04,5.1,5.04,5.1,5500,0
2016-03-04,08:40:00,5,5.05,5,5.05,2000,0
2016-03-07,02:45:00,4.9,5.05,4.9,5.05,1000,0
2016-03-07,06:05:00,5.05,5.05,4.88,4.88,79000,0
2016-03-07,06:10:00,4.88,4.91,4.88,4.91,35000,0
2016-03-07,06:25:00,4.92,4.92,4.92,4.92,500,0
2016-03-07,08:20:00,4.92,4.92,4.9,4.9,46500,0
2016-03-07,08:25:00,4.9,4.9,4.9,4.9,20000,0
2016-03-07,08:55:00,4.9,4.92,4.9,4.92,110000,0
2016-03-07,09:00:00,4.92,5.04,4.92,5.04,1500,0
2016-03-09,02:50:00,4.83,5.03,4.83,4.83,1000,0
2016-03-09,02:55:00,4.83,4.83,4.83,4.83,500,0
2016-03-09,06:30:00,4.91,4.91,4.91,4.91,1000,0
2016-03-10,06:50:00,4.91,4.91,4.85,4.86,7000,0
2016-03-10,07:35:00,4.86,4.91,4.86,4.91,1000,0
2016-03-11,04:20:00,4.85,4.86,4.85,4.85,2000,0
2016-03-11,07:25:00,4.83,4.87,4.83,4.86,15500,0
2016-03-14,03:20:00,4.9,4.9,4.86,4.9,2000,0
2016-03-14,03:30:00,5.1,5.1,5.1,5.1,1000,0
2016-03-14,03:55:00,5.1,5.1,5.09,5.09,22000,0
2016-03-15,08:45:00,5,5,5,5,500,0
2016-03-16,07:35:00,5.03,5.03,5,5.03,4000,0
2016-03-16,07:55:00,5.03,5.03,5.03,5.03,1000,0
2016-03-21,04:05:00,4.88,5.02,4.88,4.88,2000,0
2016-03-22,03:55:00,4.84,4.85,4.84,4.85,14000,0
2016-03-22,08:00:00,4.86,4.86,4.85,4.85,23500,0
2016-03-23,03:25:00,4.8,4.8,4.8,4.8,1500,0
2016-03-23,03:35:00,4.8,4.8,4.8,4.8,2000,0
2016-03-23,03:40:00,4.8,4.8,4.8,4.8,500,0
2016-03-23,04:00:00,4.8,4.8,4.8,4.8,500,0
2016-03-23,04:20:00,4.8,4.8,4.8,4.8,15500,0
2016-03-23,06:55:00,4.7,4.8,4.7,4.8,10000,0
2016-03-23,07:00:00,4.8,4.8,4.8,4.8,5000,0
2016-03-23,08:25:00,4.8,4.8,4.8,4.8,11000,0
2016-03-24,03:05:00,4.73,4.8,4.73,4.73,1000,0
2016-03-24,04:25:00,4.76,4.78,4.76,4.76,10500,0
2016-03-24,08:15:00,4.76,4.91,4.76,4.91,1000,0
2016-03-24,08:30:00,4.93,4.93,4.89,4.89,6000,0
2016-03-24,08:50:00,4.93,4.93,4.92,4.93,6000,0
2016-03-30,05:25:00,4.91,4.91,4.91,4.91,1500,0
2016-03-30,05:40:00,4.91,4.91,4.91,4.91,15500,0
2016-03-30,07:05:00,4.91,4.91,4.9,4.91,1000,0
2016-03-31,09:40:00,4.9,4.99,4.9,4.99,1000,0
2016-04-05,09:30:00,4.88,4.88,4.88,4.88,2000,0
2016-04-05,09:50:00,4.88,4.88,4.88,4.88,1000,0
2016-04-06,07:05:00,4.88,4.88,4.88,4.88,10000,0
2016-04-07,03:55:00,4.8,4.8,4.79,4.79,4000,0
2016-04-07,04:00:00,4.79,4.8,4.79,4.8,17500,0
2016-04-07,05:05:00,4.78,4.78,4.78,4.78,500,0
2016-04-07,05:25:00,4.78,4.79,4.68,4.68,3500,0
2016-04-07,07:25:00,4.7,4.7,4.7,4.7,8000,0
2016-04-07,07:30:00,4.7,4.7,4.7,4.7,7000,0
2016-04-07,08:55:00,4.7,4.7,4.7,4.7,7500,0
2016-04-07,09:05:00,4.7,4.79,4.7,4.78,10500,0
2016-04-07,09:25:00,4.78,4.78,4.78,4.78,1000,0
2016-04-07,09:55:00,4.77,4.77,4.68,4.68,31000,0
2016-04-11,04:10:00,4.68,4.8,4.65,4.65,15000,0
2016-04-12,03:35:00,4.79,4.8,4.79,4.8,8000,0
2016-04-12,03:45:00,4.8,4.8,4.8,4.8,1000,0
2016-04-12,04:45:00,4.8,4.8,4.8,4.8,2000,0
2016-04-12,07:05:00,4.8,4.8,4.79,4.79,2000,0
2016-04-12,09:25:00,4.79,4.79,4.6,4.75,17000,0
2016-04-13,09:05:00,4.72,4.8,4.72,4.8,7500,0
2016-04-13,09:10:00,4.8,4.89,4.8,4.89,9000,0
2016-04-13,09:50:00,4.89,4.89,4.89,4.89,10000,0
