Date,Time,Open,High,Low,Close,Volume,OpenInt
2016-03-03,02:35:00,0.63,0.63,0.63,0.63,1380000,0
2016-03-03,02:40:00,0.63,0.64,0.63,0.63,122000,0
2016-03-03,02:45:00,0.63,0.64,0.63,0.64,236000,0
2016-03-03,02:50:00,0.64,0.66,0.64,0.66,1238000,0
2016-03-03,02:55:00,0.66,0.66,0.65,0.65,230000,0
2016-03-03,03:00:00,0.65,0.65,0.65,0.65,1002000,0
2016-03-03,03:05:00,0.65,0.65,0.65,0.65,1678000,0
2016-03-03,03:10:00,0.65,0.65,0.65,0.65,686000,0
2016-03-03,03:15:00,0.65,0.65,0.65,0.65,514000,0
2016-03-03,03:25:00,0.65,0.65,0.64,0.64,1216000,0
2016-03-03,03:35:00,0.64,0.64,0.63,0.63,8000,0
2016-03-03,03:40:00,0.63,0.63,0.63,0.63,10000,0
2016-03-03,03:45:00,0.63,0.63,0.63,0.63,26000,0
2016-03-03,03:50:00,0.63,0.63,0.63,0.63,38000,0
2016-03-03,03:55:00,0.63,0.63,0.63,0.63,106000,0
2016-03-03,04:00:00,0.63,0.64,0.63,0.63,58000,0
2016-03-03,04:05:00,0.63,0.63,0.63,0.63,756000,0
2016-03-03,04:10:00,0.63,0.64,0.63,0.63,24000,0
2016-03-03,04:15:00,0.63,0.63,0.63,0.63,1100000,0
2016-03-03,04:20:00,0.63,0.63,0.63,0.63,146000,0
2016-03-03,04:25:00,0.63,0.63,0.62,0.62,116000,0
2016-03-03,04:30:00,0.62,0.63,0.62,0.62,48000,0
2016-03-03,04:35:00,0.62,0.63,0.62,0.62,34000,0
2016-03-03,04:40:00,0.62,0.63,0.62,0.63,10000,0
2016-03-03,04:45:00,0.63,0.63,0.62,0.62,26000,0
2016-03-03,04:50:00,0.62,0.63,0.62,0.62,76000,0
2016-03-03,04:55:00,0.62,0.63,0.62,0.63,112000,0
2016-03-03,05:00:00,0.63,0.63,0.62,0.63,36000,0
2016-03-03,06:05:00,0.63,0.63,0.62,0.63,20000,0
2016-03-03,06:10:00,0.63,0.63,0.62,0.62,28000,0
2016-03-03,06:15:00,0.62,0.63,0.62,0.63,16000,0
2016-03-03,06:20:00,0.63,0.63,0.62,0.62,22000,0
2016-03-03,06:25:00,0.62,0.63,0.62,0.62,192000,0
2016-03-03,06:30:00,0.62,0.63,0.62,0.62,16000,0
2016-03-03,06:35:00,0.62,0.63,0.62,0.63,640000,0
2016-03-03,06:40:00,0.63,0.63,0.63,0.63,278000,0
2016-03-03,06:45:00,0.63,0.63,0.62,0.62,86000,0
2016-03-03,06:50:00,0.62,0.63,0.62,0.62,18000,0
2016-03-03,06:55:00,0.62,0.63,0.62,0.63,32000,0
2016-03-03,07:00:00,0.63,0.63,0.62,0.63,30000,0
2016-03-03,07:05:00,0.63,0.63,0.62,0.62,22000,0
2016-03-03,07:10:00,0.62,0.63,0.62,0.62,16000,0
2016-03-03,07:15:00,0.62,0.63,0.62,0.62,36000,0
2016-03-03,07:20:00,0.62,0.62,0.62,0.62,6000,0
2016-03-03,07:25:00,0.62,0.63,0.62,0.62,86000,0
2016-03-03,07:30:00,0.62,0.63,0.62,0.63,718000,0
2016-03-03,07:35:00,0.63,0.64,0.63,0.63,28000,0
2016-03-03,07:40:00,0.63,0.64,0.63,0.63,54000,0
2016-03-03,07:45:00,0.63,0.64,0.62,0.63,460000,0
2016-03-03,07:55:00,0.63,0.64,0.62,0.63,328000,0
2016-03-03,08:00:00,0.63,0.64,0.63,0.64,4000,0
2016-03-03,08:05:00,0.64,0.64,0.63,0.63,12000,0
2016-03-03,08:10:00,0.63,0.64,0.63,0.63,272000,0
2016-03-03,08:15:00,0.63,0.64,0.63,0.63,16000,0
2016-03-03,08:20:00,0.63,0.64,0.63,0.63,22000,0
2016-03-03,08:25:00,0.63,0.64,0.63,0.64,42000,0
2016-03-03,08:30:00,0.64,0.64,0.63,0.63,42000,0
2016-03-03,08:35:00,0.63,0.64,0.63,0.63,88000,0
2016-03-03,08:40:00,0.63,0.64,0.63,0.63,88000,0
2016-03-03,08:45:00,0.63,0.64,0.63,0.63,54000,0
2016-03-03,08:50:00,0.63,0.64,0.63,0.64,216000,0
2016-03-03,08:55:00,0.64,0.64,0.63,0.64,326000,0
2016-03-03,09:00:00,0.64,0.64,0.63,0.64,1140000,0
2016-03-04,02:35:00,0.63,0.65,0.63,0.64,1264000,0
2016-03-04,02:40:00,0.64,0.64,0.64,0.64,760000,0
2016-03-04,02:45:00,0.64,0.65,0.64,0.65,804000,0
2016-03-04,02:50:00,0.65,0.65,0.64,0.64,4012000,0
2016-03-04,02:55:00,0.64,0.64,0.64,0.64,2890000,0
2016-03-04,03:00:00,0.64,0.65,0.64,0.65,3288000,0
2016-03-04,03:05:00,0.65,0.65,0.64,0.64,3296000,0
2016-03-04,03:10:00,0.64,0.64,0.64,0.64,6000,0
2016-03-04,03:15:00,0.64,0.65,0.64,0.65,238000,0
2016-03-04,03:20:00,0.65,0.65,0.64,0.64,78000,0
2016-03-04,03:25:00,0.64,0.64,0.64,0.64,224000,0
2016-03-04,03:30:00,0.64,0.65,0.64,0.65,388000,0
2016-03-04,03:35:00,0.65,0.65,0.64,0.64,16000,0
2016-03-04,03:40:00,0.64,0.64,0.64,0.64,18000,0
2016-03-04,03:45:00,0.64,0.65,0.64,0.65,28000,0
2016-03-04,03:50:00,0.65,0.65,0.65,0.65,4000,0
2016-03-04,03:55:00,0.65,0.65,0.64,0.65,248000,0
2016-03-04,04:00:00,0.65,0.65,0.64,0.64,16000,0
2016-03-04,04:05:00,0.64,0.65,0.64,0.65,4000,0
2016-03-04,04:10:00,0.65,0.65,0.64,0.65,124000,0
2016-03-04,04:15:00,0.65,0.65,0.64,0.65,198000,0
2016-03-04,04:20:00,0.65,0.65,0.64,0.64,124000,0
2016-03-04,04:25:00,0.64,0.65,0.64,0.64,20000,0
2016-03-04,04:30:00,0.64,0.65,0.64,0.65,36000,0
2016-03-04,04:35:00,0.65,0.65,0.65,0.65,110000,0
2016-03-04,04:40:00,0.65,0.65,0.64,0.64,82000,0
2016-03-04,04:45:00,0.64,0.65,0.64,0.64,302000,0
2016-03-04,04:50:00,0.64,0.65,0.64,0.65,116000,0
2016-03-04,04:55:00,0.65,0.65,0.64,0.65,164000,0
2016-03-04,05:00:00,0.65,0.65,0.65,0.65,106000,0
2016-03-04,06:05:00,0.65,0.66,0.65,0.65,264000,0
2016-03-04,06:10:00,0.65,0.66,0.65,0.66,6000,0
2016-03-04,06:15:00,0.66,0.66,0.66,0.66,1808,0
2016-03-04,06:20:00,0.66,0.66,0.65,0.66,162000,0
2016-03-04,06:25:00,0.66,0.66,0.65,0.65,238000,0
2016-03-04,06:30:00,0.65,0.65,0.65,0.65,132000,0
2016-03-04,06:35:00,0.65,0.65,0.64,0.64,62000,0
2016-03-04,06:40:00,0.64,0.64,0.64,0.64,18000,0
2016-03-04,06:45:00,0.64,0.65,0.64,0.64,28000,0
2016-03-04,06:50:00,0.64,0.65,0.64,0.64,20000,0
2016-03-04,06:55:00,0.64,0.64,0.64,0.64,6000,0
2016-03-04,07:00:00,0.64,0.65,0.64,0.64,20000,0
2016-03-04,07:05:00,0.64,0.65,0.64,0.64,26000,0
2016-03-04,07:10:00,0.64,0.65,0.64,0.65,62000,0
2016-03-04,07:15:00,0.65,0.65,0.64,0.64,16000,0
2016-03-04,07:20:00,0.64,0.65,0.64,0.64,12000,0
2016-03-04,07:25:00,0.64,0.65,0.64,0.65,4000,0
2016-03-04,07:35:00,0.65,0.65,0.64,0.64,38000,0
2016-03-04,07:40:00,0.64,0.65,0.64,0.64,40000,0
2016-03-04,07:45:00,0.64,0.65,0.64,0.64,30000,0
2016-03-04,07:50:00,0.64,0.64,0.64,0.64,2000,0
2016-03-04,07:55:00,0.64,0.65,0.64,0.64,50000,0
2016-03-04,08:00:00,0.64,0.65,0.64,0.64,20000,0
2016-03-04,08:05:00,0.64,0.65,0.64,0.65,14000,0
2016-03-04,08:10:00,0.65,0.65,0.64,0.65,30000,0
2016-03-04,08:15:00,0.65,0.65,0.65,0.65,2000,0
2016-03-04,08:20:00,0.65,0.65,0.64,0.64,44000,0
2016-03-04,08:25:00,0.64,0.65,0.64,0.65,26000,0
2016-03-04,08:30:00,0.65,0.65,0.64,0.65,22000,0
2016-03-04,08:35:00,0.65,0.65,0.64,0.65,24000,0
2016-03-04,08:40:00,0.65,0.65,0.64,0.64,58000,0
2016-03-04,08:45:00,0.64,0.65,0.64,0.64,22000,0
2016-03-04,08:50:00,0.64,0.65,0.64,0.64,32000,0
2016-03-04,08:55:00,0.64,0.65,0.64,0.64,482000,0
2016-03-04,09:00:00,0.64,0.66,0.64,0.66,2020000,0
2016-03-07,02:35:00,0.68,0.68,0.66,0.67,8000,0
2016-03-07,02:40:00,0.67,0.67,0.66,0.67,40000,0
2016-03-07,03:05:00,0.66,0.67,0.66,0.67,60000,0
2016-03-07,03:10:00,0.66,0.67,0.66,0.67,20000,0
2016-03-07,03:15:00,0.66,0.67,0.66,0.67,4000,0
2016-03-07,03:20:00,0.67,0.67,0.67,0.67,2000,0
2016-03-07,03:35:00,0.66,0.67,0.66,0.67,4000,0
2016-03-07,03:40:00,0.66,0.67,0.66,0.67,88000,0
2016-03-07,03:45:00,0.66,0.67,0.66,0.67,48000,0
2016-03-07,03:50:00,0.66,0.67,0.66,0.67,4000,0
2016-03-07,04:00:00,0.66,0.67,0.66,0.67,4000,0
2016-03-07,04:10:00,0.66,0.67,0.66,0.67,4000,0
2016-03-07,04:15:00,0.66,0.67,0.66,0.67,12000,0
2016-03-07,04:20:00,0.66,0.67,0.66,0.67,14000,0
2016-03-07,04:25:00,0.66,0.67,0.66,0.67,4000,0
2016-03-07,04:30:00,0.67,0.67,0.67,0.67,2000,0
2016-03-07,04:35:00,0.66,0.67,0.66,0.67,8000,0
2016-03-07,04:40:00,0.66,0.67,0.66,0.67,16000,0
2016-03-07,04:55:00,0.66,0.67,0.66,0.67,4000,0
2016-03-07,06:05:00,0.66,0.67,0.66,0.67,8000,0
2016-03-07,06:10:00,0.67,0.67,0.67,0.67,2000,0
2016-03-07,06:15:00,0.67,0.67,0.67,0.67,2000,0
2016-03-07,06:25:00,0.66,0.67,0.66,0.67,4000,0
2016-03-07,06:35:00,0.66,0.67,0.66,0.67,4000,0
2016-03-07,06:45:00,0.66,0.68,0.66,0.67,742000,0
2016-03-07,07:05:00,0.66,0.67,0.66,0.67,52000,0
2016-03-07,07:10:00,0.66,0.67,0.66,0.67,8000,0
2016-03-07,07:15:00,0.66,0.67,0.66,0.67,12000,0
2016-03-07,07:20:00,0.66,0.67,0.66,0.67,4000,0
2016-03-07,07:25:00,0.66,0.67,0.66,0.67,4000,0
2016-03-07,07:30:00,0.66,0.67,0.66,0.67,46000,0
2016-03-07,07:40:00,0.66,0.67,0.66,0.67,16000,0
2016-03-07,07:45:00,0.66,0.68,0.66,0.68,872000,0
2016-03-07,07:50:00,0.68,0.68,0.67,0.67,38000,0
2016-03-07,07:55:00,0.67,0.68,0.67,0.68,3374000,0
2016-03-07,08:00:00,0.68,0.69,0.68,0.69,34000,0
2016-03-07,08:05:00,0.69,0.69,0.68,0.68,36000,0
2016-03-07,08:10:00,0.68,0.69,0.68,0.68,68000,0
2016-03-07,08:15:00,0.68,0.69,0.68,0.69,40000,0
2016-03-07,08:20:00,0.69,0.69,0.68,0.69,106000,0
2016-03-07,08:25:00,0.69,0.69,0.68,0.69,58000,0
2016-03-07,08:30:00,0.69,0.69,0.68,0.69,138000,0
2016-03-07,08:35:00,0.69,0.69,0.68,0.69,108000,0
2016-03-07,08:40:00,0.69,0.69,0.68,0.69,282000,0
2016-03-07,08:45:00,0.69,0.69,0.68,0.68,76000,0
2016-03-07,08:50:00,0.68,0.69,0.68,0.68,76000,0
2016-03-07,08:55:00,0.68,0.69,0.68,0.68,194000,0
2016-03-07,09:00:00,0.68,0.69,0.67,0.68,926000,0
2016-03-08,02:35:00,0.69,0.69,0.67,0.67,88000,0
2016-03-08,02:40:00,0.67,0.68,0.67,0.68,6000,0
2016-03-08,02:45:00,0.68,0.68,0.66,0.66,3420000,0
2016-03-08,02:50:00,0.66,0.67,0.66,0.67,4000,0
2016-03-08,02:55:00,0.67,0.67,0.66,0.66,384000,0
2016-03-08,03:00:00,0.66,0.67,0.66,0.67,4000,0
2016-03-08,03:05:00,0.67,0.67,0.66,0.66,262000,0
2016-03-08,03:10:00,0.66,0.67,0.66,0.67,42000,0
2016-03-08,03:15:00,0.67,0.67,0.66,0.66,30000,0
2016-03-08,03:20:00,0.66,0.66,0.66,0.66,8000,0
2016-03-08,03:25:00,0.66,0.67,0.66,0.67,4000,0
2016-03-08,03:30:00,0.67,0.67,0.66,0.66,16000,0
2016-03-08,03:35:00,0.66,0.67,0.66,0.67,4000,0
2016-03-08,03:40:00,0.67,0.67,0.66,0.66,632000,0
2016-03-08,03:50:00,0.65,0.66,0.65,0.66,4000,0
2016-03-08,04:00:00,0.65,0.66,0.65,0.66,4000,0
2016-03-08,04:10:00,0.66,0.66,0.66,0.66,2000,0
2016-03-08,04:20:00,0.66,0.66,0.66,0.66,2000,0
2016-03-08,04:30:00,0.65,0.66,0.65,0.66,4000,0
2016-03-08,04:35:00,0.65,0.66,0.65,0.66,172000,0
2016-03-08,04:40:00,0.66,0.66,0.66,0.66,200000,0
2016-03-08,04:45:00,0.65,0.66,0.65,0.66,4000,0
2016-03-08,04:50:00,0.65,0.66,0.65,0.66,3840000,0
2016-03-08,04:55:00,0.65,0.66,0.65,0.66,2380000,0
2016-03-08,05:00:00,0.66,0.66,0.66,0.66,480000,0
2016-03-08,06:15:00,0.65,0.66,0.65,0.66,4000,0
2016-03-08,06:30:00,0.65,0.66,0.65,0.66,606000,0
2016-03-08,06:35:00,0.66,0.66,0.66,0.66,8000,0
2016-03-08,06:40:00,0.66,0.67,0.66,0.67,104000,0
2016-03-08,06:45:00,0.67,0.67,0.66,0.66,280000,0
2016-03-08,06:50:00,0.66,0.67,0.66,0.67,4000,0
2016-03-08,06:55:00,0.67,0.67,0.66,0.66,80000,0
2016-03-08,07:00:00,0.66,0.67,0.66,0.67,4000,0
2016-03-08,07:05:00,0.67,0.67,0.66,0.66,200000,0
2016-03-08,07:10:00,0.66,0.67,0.66,0.67,4000,0
2016-03-08,07:15:00,0.67,0.67,0.66,0.66,42000,0
2016-03-08,07:20:00,0.66,0.67,0.66,0.67,4000,0
2016-03-08,07:25:00,0.67,0.67,0.66,0.66,22000,0
2016-03-08,07:30:00,0.65,0.66,0.65,0.66,4000,0
2016-03-08,07:45:00,0.65,0.66,0.65,0.66,178000,0
2016-03-08,07:55:00,0.65,0.66,0.65,0.66,322000,0
2016-03-08,08:00:00,0.66,0.66,0.66,0.66,280000,0
2016-03-08,08:05:00,0.66,0.66,0.66,0.66,8000,0
2016-03-08,08:10:00,0.66,0.67,0.66,0.67,4000,0
2016-03-08,08:15:00,0.65,0.66,0.65,0.66,12000,0
2016-03-08,08:25:00,0.65,0.66,0.65,0.66,4000,0
2016-03-08,08:30:00,0.65,0.66,0.65,0.66,154000,0
2016-03-08,08:35:00,0.65,0.66,0.65,0.66,4000,0
2016-03-08,08:40:00,0.66,0.66,0.66,0.66,200000,0
2016-03-08,08:45:00,0.65,0.66,0.65,0.66,12000,0
2016-03-08,08:50:00,0.65,0.66,0.65,0.66,38000,0
2016-03-08,08:55:00,0.66,0.66,0.65,0.66,130000,0
2016-03-08,09:00:00,0.66,0.69,0.65,0.69,1696000,0
2016-03-09,02:40:00,0.71,0.71,0.71,0.71,4000,0
2016-03-09,02:45:00,0.71,0.71,0.7,0.7,3762000,0
2016-03-09,02:50:00,0.7,0.7,0.68,0.68,1362000,0
2016-03-09,02:55:00,0.68,0.69,0.68,0.68,692000,0
2016-03-09,03:00:00,0.68,0.68,0.68,0.68,98000,0
2016-03-09,03:05:00,0.68,0.69,0.68,0.68,90000,0
2016-03-09,03:10:00,0.68,0.68,0.68,0.68,28000,0
2016-03-09,03:15:00,0.68,0.68,0.67,0.68,40000,0
2016-03-09,03:20:00,0.68,0.68,0.67,0.67,284000,0
2016-03-09,03:25:00,0.66,0.68,0.66,0.68,156000,0
2016-03-09,03:30:00,0.68,0.68,0.67,0.67,12000,0
2016-03-09,03:35:00,0.67,0.68,0.67,0.67,8000,0
2016-03-09,03:40:00,0.67,0.68,0.67,0.67,56000,0
2016-03-09,03:45:00,0.67,0.68,0.67,0.68,68000,0
2016-03-09,03:50:00,0.68,0.68,0.68,0.68,2000,0
2016-03-09,03:55:00,0.68,0.68,0.68,0.68,6000,0
2016-03-09,04:00:00,0.68,0.68,0.67,0.67,110000,0
2016-03-09,04:05:00,0.67,0.68,0.67,0.68,6000,0
2016-03-09,04:10:00,0.68,0.68,0.67,0.68,106000,0
2016-03-09,04:15:00,0.68,0.68,0.68,0.68,8000,0
2016-03-09,04:20:00,0.68,0.68,0.67,0.67,176000,0
2016-03-09,04:25:00,0.67,0.68,0.67,0.67,124000,0
2016-03-09,04:30:00,0.67,0.68,0.67,0.67,190000,0
2016-03-09,04:35:00,0.67,0.68,0.67,0.68,24000,0
2016-03-09,04:45:00,0.66,0.67,0.66,0.67,104000,0
2016-03-09,04:50:00,0.66,0.67,0.66,0.67,16000,0
2016-03-09,06:05:00,0.66,0.67,0.66,0.67,12000,0
2016-03-09,06:10:00,0.66,0.67,0.66,0.67,4000,0
2016-03-09,06:15:00,0.66,0.67,0.66,0.67,6000,0
2016-03-09,06:20:00,0.66,0.67,0.66,0.67,6000,0
2016-03-09,06:25:00,0.66,0.67,0.66,0.67,8000,0
2016-03-09,06:30:00,0.66,0.67,0.66,0.67,8000,0
2016-03-09,06:35:00,0.66,0.67,0.66,0.67,6000,0
2016-03-09,06:40:00,0.66,0.67,0.66,0.67,4000,0
2016-03-09,06:45:00,0.67,0.67,0.67,0.67,2000,0
2016-03-09,06:50:00,0.67,0.67,0.67,0.67,2000,0
2016-03-09,06:55:00,0.66,0.67,0.66,0.67,6000,0
2016-03-09,07:00:00,0.67,0.67,0.67,0.67,2000,0
2016-03-09,07:05:00,0.66,0.67,0.66,0.67,10000,0
2016-03-09,07:10:00,0.67,0.67,0.66,0.67,14000,0
2016-03-09,07:15:00,0.66,0.67,0.66,0.67,4000,0
2016-03-09,07:20:00,0.67,0.67,0.66,0.67,12000,0
2016-03-09,07:25:00,0.67,0.67,0.67,0.67,2000,0
2016-03-09,07:30:00,0.66,0.67,0.66,0.67,1004000,0
2016-03-09,07:35:00,0.66,0.67,0.66,0.67,84000,0
2016-03-09,07:45:00,0.66,0.68,0.66,0.68,4000,0
2016-03-09,07:50:00,0.66,0.67,0.66,0.67,10000,0
2016-03-09,07:55:00,0.66,0.67,0.66,0.67,10000,0
2016-03-09,08:15:00,0.66,0.67,0.66,0.67,4000,0
2016-03-09,08:20:00,0.66,0.67,0.66,0.67,4000,0
2016-03-09,08:25:00,0.67,0.67,0.67,0.67,30000,0
2016-03-09,08:35:00,0.66,0.67,0.66,0.67,4000,0
2016-03-09,08:40:00,0.66,0.67,0.66,0.67,54000,0
2016-03-09,08:45:00,0.66,0.67,0.66,0.67,4000,0
2016-03-09,08:50:00,0.66,0.67,0.66,0.67,4000,0
2016-03-09,08:55:00,0.66,0.67,0.66,0.67,8000,0
2016-03-09,09:00:00,0.66,0.67,0.66,0.67,4000,0
2016-03-10,02:35:00,0.66,0.66,0.66,0.66,20000,0
2016-03-10,02:40:00,0.66,0.67,0.66,0.67,4000,0
2016-03-10,03:00:00,0.67,0.67,0.67,0.67,4000,0
2016-03-10,03:10:00,0.67,0.67,0.66,0.67,2064000,0
2016-03-10,03:15:00,0.67,0.67,0.66,0.66,4000,0
2016-03-10,03:25:00,0.66,0.67,0.66,0.67,134000,0
2016-03-10,03:30:00,0.67,0.67,0.66,0.66,266000,0
2016-03-10,03:35:00,0.66,0.66,0.66,0.66,62000,0
2016-03-10,03:45:00,0.66,0.67,0.66,0.67,4000,0
2016-03-10,04:00:00,0.67,0.67,0.67,0.67,2000,0
2016-03-10,04:10:00,0.67,0.67,0.66,0.66,42000,0
2016-03-10,04:15:00,0.66,0.66,0.65,0.65,1458000,0
2016-03-10,04:20:00,0.65,0.65,0.65,0.65,278000,0
2016-03-10,04:25:00,0.65,0.65,0.63,0.64,752000,0
2016-03-10,04:35:00,0.64,0.64,0.64,0.64,100000,0
2016-03-10,06:05:00,0.63,0.64,0.63,0.64,20000,0
2016-03-10,06:20:00,0.63,0.64,0.63,0.64,4000,0
2016-03-10,06:25:00,0.64,0.64,0.64,0.64,638000,0
2016-03-10,06:30:00,0.64,0.64,0.63,0.64,2508000,0
2016-03-10,06:35:00,0.63,0.64,0.63,0.64,8000,0
2016-03-10,07:00:00,0.63,0.64,0.63,0.64,4000,0
2016-03-10,07:05:00,0.64,0.64,0.64,0.64,2000,0
2016-03-10,07:30:00,0.63,0.64,0.63,0.64,4000,0
2016-03-10,07:40:00,0.64,0.64,0.64,0.64,4000,0
2016-03-10,07:45:00,0.64,0.64,0.64,0.64,2000,0
2016-03-10,08:00:00,0.64,0.64,0.64,0.64,2000,0
2016-03-10,08:20:00,0.64,0.64,0.63,0.64,62000,0
2016-03-10,08:45:00,0.63,0.64,0.63,0.64,6000,0
2016-03-10,09:00:00,0.63,0.66,0.63,0.66,76000,0
2016-03-11,02:40:00,0.64,0.64,0.63,0.63,12000,0
2016-03-11,02:45:00,0.63,0.63,0.61,0.62,804000,0
2016-03-11,02:50:00,0.62,0.62,0.61,0.62,118000,0
2016-03-11,02:55:00,0.62,0.62,0.61,0.61,1604000,0
2016-03-11,03:00:00,0.61,0.61,0.6,0.61,1348000,0
2016-03-11,03:20:00,0.6,0.61,0.6,0.61,766000,0
2016-03-11,03:25:00,0.61,0.62,0.61,0.62,14000,0
2016-03-11,03:30:00,0.62,0.62,0.61,0.61,50000,0
2016-03-11,03:35:00,0.6,0.61,0.6,0.61,4000,0
2016-03-11,03:40:00,0.61,0.61,0.6,0.61,146000,0
2016-03-11,03:50:00,0.61,0.61,0.61,0.61,2000,0
2016-03-11,03:55:00,0.6,0.61,0.6,0.61,4000,0
2016-03-11,04:10:00,0.6,0.61,0.6,0.61,804000,0
2016-03-11,04:15:00,0.61,0.61,0.6,0.61,6000,0
2016-03-11,04:20:00,0.61,0.61,0.61,0.61,2000,0
2016-03-11,04:25:00,0.61,0.61,0.61,0.61,100000,0
2016-03-11,04:30:00,0.61,0.62,0.61,0.62,6000,0
2016-03-11,04:35:00,0.62,0.62,0.61,0.62,164000,0
2016-03-11,04:40:00,0.62,0.62,0.61,0.62,44000,0
2016-03-11,04:45:00,0.62,0.62,0.62,0.62,2000,0
2016-03-11,04:50:00,0.62,0.62,0.61,0.61,10000,0
2016-03-11,04:55:00,0.61,0.62,0.61,0.61,612000,0
2016-03-11,06:10:00,0.61,0.62,0.61,0.62,10000,0
2016-03-11,06:15:00,0.62,0.62,0.61,0.62,8000,0
2016-03-11,06:25:00,0.62,0.62,0.62,0.62,2000,0
2016-03-11,06:30:00,0.62,0.62,0.61,0.61,36000,0
2016-03-11,06:35:00,0.61,0.62,0.61,0.62,16000,0
2016-03-11,06:40:00,0.62,0.62,0.61,0.61,8000,0
2016-03-11,06:45:00,0.61,0.62,0.61,0.61,12000,0
2016-03-11,06:50:00,0.61,0.62,0.61,0.62,4000,0
2016-03-11,07:00:00,0.62,0.62,0.61,0.61,6000,0
2016-03-11,07:05:00,0.61,0.62,0.61,0.62,18000,0
2016-03-11,07:15:00,0.62,0.62,0.61,0.61,8000,0
2016-03-11,07:20:00,0.61,0.61,0.61,0.61,4000,0
2016-03-11,07:25:00,0.61,0.62,0.61,0.62,8000,0
2016-03-11,07:30:00,0.62,0.62,0.62,0.62,2000,0
2016-03-11,07:40:00,0.62,0.62,0.61,0.61,8000,0
2016-03-11,07:45:00,0.61,0.62,0.61,0.61,12000,0
2016-03-11,07:50:00,0.61,0.62,0.61,0.61,12000,0
2016-03-11,07:55:00,0.61,0.62,0.61,0.62,6000,0
2016-03-11,08:00:00,0.62,0.62,0.61,0.61,14000,0
2016-03-11,08:05:00,0.61,0.62,0.61,0.62,6000,0
2016-03-11,08:10:00,0.62,0.62,0.61,0.61,22000,0
2016-03-11,08:15:00,0.61,0.62,0.61,0.62,14000,0
2016-03-11,08:20:00,0.62,0.62,0.62,0.62,2000,0
2016-03-11,08:25:00,0.62,0.62,0.61,0.61,54000,0
2016-03-11,08:30:00,0.61,0.62,0.61,0.61,52000,0
2016-03-11,08:35:00,0.61,0.62,0.61,0.61,22000,0
2016-03-11,08:40:00,0.61,0.62,0.61,0.61,36000,0
2016-03-11,08:45:00,0.61,0.62,0.61,0.61,20000,0
2016-03-11,08:50:00,0.61,0.62,0.61,0.62,26000,0
2016-03-11,08:55:00,0.62,0.62,0.61,0.61,18000,0
2016-03-11,09:00:00,0.61,0.65,0.61,0.65,1724000,0
2016-03-14,02:35:00,0.65,0.65,0.64,0.64,6000,0
2016-03-14,02:40:00,0.64,0.64,0.64,0.64,2000,0
2016-03-14,02:45:00,0.64,0.64,0.63,0.63,38000,0
2016-03-14,02:50:00,0.63,0.63,0.63,0.63,54000,0
2016-03-14,02:55:00,0.63,0.63,0.63,0.63,512000,0
2016-03-14,03:00:00,0.63,0.63,0.63,0.63,8000,0
2016-03-14,03:05:00,0.63,0.63,0.63,0.63,22000,0
2016-03-14,03:10:00,0.63,0.64,0.63,0.64,4000,0
2016-03-14,03:15:00,0.64,0.64,0.63,0.63,80000,0
2016-03-14,03:20:00,0.63,0.64,0.63,0.63,106000,0
2016-03-14,03:25:00,0.63,0.63,0.63,0.63,6000,0
2016-03-14,03:30:00,0.63,0.63,0.63,0.63,76000,0
2016-03-14,03:35:00,0.63,0.64,0.63,0.64,10000,0
2016-03-14,03:50:00,0.64,0.64,0.63,0.63,44000,0
2016-03-14,03:55:00,0.63,0.64,0.63,0.64,8000,0
2016-03-14,04:05:00,0.64,0.64,0.63,0.63,116000,0
2016-03-14,04:15:00,0.63,0.64,0.63,0.63,112000,0
2016-03-14,04:20:00,0.63,0.64,0.63,0.64,4000,0
2016-03-14,04:25:00,0.64,0.64,0.63,0.63,8000,0
2016-03-14,04:30:00,0.63,0.64,0.63,0.64,4000,0
2016-03-14,04:35:00,0.64,0.64,0.64,0.64,2000,0
2016-03-14,04:40:00,0.64,0.64,0.64,0.64,4000,0
2016-03-14,04:45:00,0.64,0.64,0.63,0.63,34000,0
2016-03-14,04:50:00,0.63,0.64,0.63,0.63,3092000,0
2016-03-14,04:55:00,0.63,0.63,0.62,0.63,2590000,0
2016-03-14,05:00:00,0.63,0.63,0.63,0.63,36000,0
2016-03-14,06:05:00,0.63,0.63,0.63,0.63,10000,0
2016-03-14,06:20:00,0.63,0.63,0.63,0.63,1588000,0
2016-03-14,06:45:00,0.63,0.63,0.63,0.63,4000,0
2016-03-14,07:10:00,0.62,0.63,0.62,0.63,6000,0
2016-03-14,07:20:00,0.63,0.63,0.63,0.63,2000,0
2016-03-14,07:30:00,0.62,0.63,0.62,0.63,8000,0
2016-03-14,07:40:00,0.62,0.63,0.62,0.63,48000,0
2016-03-14,07:50:00,0.63,0.63,0.63,0.63,4000,0
2016-03-14,08:00:00,0.63,0.63,0.63,0.63,2000,0
2016-03-14,08:05:00,0.63,0.63,0.63,0.63,2000,0
2016-03-14,08:10:00,0.62,0.63,0.62,0.63,30000,0
2016-03-14,08:20:00,0.62,0.63,0.62,0.63,4000,0
2016-03-14,08:25:00,0.63,0.63,0.62,0.63,10000,0
2016-03-14,08:30:00,0.63,0.63,0.62,0.63,7100,0
2016-03-14,08:35:00,0.63,0.63,0.63,0.63,6000,0
2016-03-14,08:40:00,0.62,0.63,0.62,0.63,8000,0
2016-03-14,08:50:00,0.62,0.63,0.62,0.63,56000,0
2016-03-14,08:55:00,0.63,0.64,0.63,0.64,208000,0
2016-03-14,09:00:00,0.64,0.68,0.63,0.65,3198000,0
2016-03-15,02:35:00,0.66,0.7,0.65,0.66,1048000,0
2016-03-15,02:45:00,0.66,0.66,0.66,0.66,2000,0
2016-03-15,02:50:00,0.66,0.66,0.66,0.66,4000,0
2016-03-15,02:55:00,0.66,0.67,0.66,0.66,520000,0
2016-03-15,03:00:00,0.66,0.67,0.66,0.66,1150000,0
2016-03-15,03:05:00,0.66,0.66,0.66,0.66,6000,0
2016-03-15,03:10:00,0.66,0.66,0.66,0.66,14000,0
2016-03-15,03:15:00,0.66,0.66,0.66,0.66,8000,0
2016-03-15,03:20:00,0.66,0.66,0.66,0.66,8000,0
2016-03-15,03:25:00,0.66,0.66,0.66,0.66,2056000,0
2016-03-15,03:30:00,0.66,0.66,0.66,0.66,520000,0
2016-03-15,04:00:00,0.65,0.66,0.65,0.66,24000,0
2016-03-15,04:10:00,0.66,0.66,0.66,0.66,84000,0
2016-03-15,04:15:00,0.66,0.67,0.66,0.67,482000,0
2016-03-15,04:20:00,0.67,0.67,0.66,0.66,100000,0
2016-03-15,04:35:00,0.66,0.66,0.66,0.66,18000,0
2016-03-15,07:35:00,0.65,0.66,0.65,0.66,72000,0
2016-03-15,08:00:00,0.66,0.66,0.65,0.66,128000,0
2016-03-15,08:05:00,0.66,0.66,0.66,0.66,2000,0
2016-03-15,08:10:00,0.65,0.66,0.65,0.66,4000,0
2016-03-15,09:00:00,0.65,0.67,0.65,0.67,754000,0
2016-03-16,02:45:00,0.66,0.67,0.66,0.66,3000000,0
2016-03-16,02:50:00,0.66,0.66,0.65,0.65,32000,0
2016-03-16,02:55:00,0.65,0.65,0.65,0.65,1010000,0
2016-03-16,03:00:00,0.65,0.65,0.64,0.65,2094000,0
2016-03-16,03:05:00,0.65,0.65,0.64,0.64,1338000,0
2016-03-16,03:10:00,0.64,0.64,0.64,0.64,28000,0
2016-03-16,03:15:00,0.64,0.64,0.64,0.64,16000,0
2016-03-16,03:20:00,0.64,0.64,0.64,0.64,8000,0
2016-03-16,03:25:00,0.64,0.64,0.64,0.64,14000,0
2016-03-16,03:35:00,0.64,0.64,0.64,0.64,4000,0
2016-03-16,03:45:00,0.64,0.64,0.64,0.64,2000,0
2016-03-16,03:50:00,0.64,0.64,0.64,0.64,2000,0
2016-03-16,04:00:00,0.64,0.64,0.64,0.64,2000,0
2016-03-16,04:10:00,0.64,0.64,0.64,0.64,4000,0
2016-03-16,04:20:00,0.64,0.64,0.64,0.64,2000,0
2016-03-16,04:30:00,0.64,0.64,0.64,0.64,2000,0
2016-03-16,04:40:00,0.64,0.64,0.64,0.64,86000,0
2016-03-16,04:45:00,0.64,0.64,0.63,0.63,108000,0
2016-03-16,04:50:00,0.63,0.63,0.63,0.63,500000,0
2016-03-16,04:55:00,0.63,0.63,0.63,0.63,90000,0
2016-03-16,05:00:00,0.63,0.63,0.63,0.63,18000,0
2016-03-16,06:10:00,0.63,0.63,0.63,0.63,2000,0
2016-03-16,06:25:00,0.63,0.63,0.63,0.63,2000,0
2016-03-16,06:30:00,0.63,0.63,0.63,0.63,42000,0
2016-03-16,06:35:00,0.63,0.63,0.63,0.63,2000,0
2016-03-16,06:45:00,0.63,0.63,0.63,0.63,2000,0
2016-03-16,06:50:00,0.63,0.63,0.63,0.63,2000,0
2016-03-16,07:00:00,0.63,0.63,0.63,0.63,270000,0
2016-03-16,07:05:00,0.63,0.63,0.63,0.63,2000,0
2016-03-16,07:10:00,0.63,0.63,0.63,0.63,2000,0
2016-03-16,07:20:00,0.63,0.63,0.63,0.63,4000,0
2016-03-16,07:25:00,0.63,0.63,0.63,0.63,2000,0
2016-03-16,07:35:00,0.63,0.63,0.63,0.63,2000,0
2016-03-16,07:40:00,0.63,0.63,0.63,0.63,176000,0
2016-03-16,07:45:00,0.63,0.63,0.63,0.63,2000,0
2016-03-16,07:50:00,0.63,0.64,0.63,0.64,4000,0
2016-03-16,07:55:00,0.64,0.64,0.63,0.63,12000,0
2016-03-16,08:00:00,0.63,0.64,0.62,0.62,240000,0
2016-03-16,08:05:00,0.62,0.62,0.62,0.62,40000,0
2016-03-16,08:15:00,0.62,0.62,0.62,0.62,12000,0
2016-03-16,08:25:00,0.62,0.63,0.62,0.63,218000,0
2016-03-16,08:30:00,0.63,0.64,0.63,0.63,10000,0
2016-03-16,08:35:00,0.63,0.64,0.63,0.64,4000,0
2016-03-16,08:40:00,0.64,0.64,0.63,0.63,10000,0
2016-03-16,08:45:00,0.63,0.64,0.63,0.63,100000,0
2016-03-16,08:50:00,0.63,0.64,0.62,0.63,150000,0
2016-03-16,08:55:00,0.63,0.63,0.61,0.61,1232000,0
2016-03-16,09:00:00,0.6,0.62,0.6,0.61,1670000,0
2016-03-17,02:35:00,0.6,0.6,0.6,0.6,288000,0
2016-03-17,02:40:00,0.6,0.64,0.6,0.64,1206000,0
2016-03-17,02:50:00,0.64,0.64,0.62,0.62,120000,0
2016-03-17,02:55:00,0.62,0.62,0.62,0.62,72000,0
2016-03-17,03:00:00,0.62,0.62,0.61,0.61,612000,0
2016-03-17,03:05:00,0.61,0.61,0.61,0.61,6000,0
2016-03-17,03:10:00,0.61,0.62,0.61,0.61,1034000,0
2016-03-17,03:15:00,0.61,0.61,0.61,0.61,148000,0
2016-03-17,03:20:00,0.61,0.61,0.61,0.61,14000,0
2016-03-17,03:25:00,0.61,0.61,0.6,0.6,74000,0
2016-03-17,03:30:00,0.6,0.62,0.6,0.6,1052000,0
2016-03-17,03:35:00,0.6,0.61,0.6,0.6,1132000,0
2016-03-17,03:40:00,0.6,0.6,0.6,0.6,10000,0
2016-03-17,03:45:00,0.6,0.61,0.6,0.61,8000,0
2016-03-17,03:50:00,0.61,0.61,0.6,0.6,3048000,0
2016-03-17,04:10:00,0.61,0.63,0.61,0.63,12000,0
2016-03-17,04:45:00,0.63,0.63,0.62,0.62,4000,0
2016-03-17,04:50:00,0.62,0.63,0.62,0.63,4000,0
2016-03-17,05:00:00,0.63,0.63,0.61,0.63,212000,0
2016-03-17,06:05:00,0.62,0.62,0.62,0.62,12000,0
2016-03-17,06:15:00,0.62,0.62,0.61,0.61,200000,0
2016-03-17,06:20:00,0.61,0.62,0.61,0.61,324000,0
2016-03-17,06:35:00,0.61,0.61,0.6,0.6,874000,0
2016-03-17,06:45:00,0.59,0.6,0.59,0.6,156000,0
2016-03-17,06:50:00,0.59,0.6,0.59,0.6,160000,0
2016-03-17,06:55:00,0.6,0.6,0.6,0.6,144000,0
2016-03-17,07:20:00,0.6,0.6,0.6,0.6,400000,0
2016-03-17,07:55:00,0.59,0.6,0.59,0.6,4000,0
2016-03-17,08:00:00,0.6,0.6,0.6,0.6,2000,0
2016-03-17,08:05:00,0.59,0.6,0.59,0.6,4000,0
2016-03-17,08:35:00,0.59,0.6,0.59,0.6,24000,0
2016-03-17,08:50:00,0.59,0.6,0.59,0.6,40000,0
2016-03-17,08:55:00,0.6,0.6,0.59,0.6,42000,0
2016-03-17,09:00:00,0.6,0.63,0.59,0.62,2824000,0
2016-03-18,07:05:00,0.61,0.62,0.61,0.62,4000,0
2016-03-18,07:50:00,0.61,0.62,0.61,0.62,4000,0
2016-03-18,07:55:00,0.62,0.62,0.62,0.62,2000,0
2016-03-18,08:10:00,0.61,0.62,0.61,0.62,4000,0
2016-03-18,08:20:00,0.61,0.63,0.61,0.63,760000,0
2016-03-18,08:25:00,0.63,0.65,0.63,0.65,1706000,0
2016-03-18,08:30:00,0.65,0.67,0.65,0.67,972000,0
2016-03-18,08:35:00,0.67,0.67,0.66,0.67,450960,0
2016-03-18,08:40:00,0.67,0.67,0.66,0.66,2670000,0
2016-03-18,08:45:00,0.66,0.68,0.66,0.68,1946000,0
2016-03-18,08:50:00,0.68,0.69,0.67,0.68,1532000,0
2016-03-18,08:55:00,0.68,0.69,0.68,0.68,2066000,0
2016-03-18,09:00:00,0.68,0.68,0.65,0.66,4724000,0
2016-03-21,02:35:00,0.65,0.66,0.64,0.64,336000,0
2016-03-21,02:40:00,0.64,0.64,0.64,0.64,2000,0
2016-03-21,02:50:00,0.64,0.64,0.63,0.64,610000,0
2016-03-21,02:55:00,0.64,0.64,0.64,0.64,3636000,0
2016-03-21,03:00:00,0.64,0.64,0.64,0.64,4000,0
2016-03-21,03:25:00,0.64,0.64,0.64,0.64,14000,0
2016-03-21,03:30:00,0.64,0.64,0.64,0.64,22000,0
2016-03-21,03:35:00,0.64,0.65,0.64,0.65,12000,0
2016-03-21,03:40:00,0.65,0.65,0.65,0.65,8000,0
2016-03-21,03:50:00,0.65,0.65,0.64,0.65,112000,0
2016-03-21,04:00:00,0.65,0.65,0.65,0.65,8000,0
2016-03-21,04:15:00,0.65,0.65,0.65,0.65,6000,0
2016-03-21,04:25:00,0.65,0.65,0.65,0.65,6000,0
2016-03-21,04:30:00,0.65,0.65,0.65,0.65,8000,0
2016-03-21,04:40:00,0.65,0.65,0.65,0.65,6000,0
2016-03-21,04:50:00,0.65,0.65,0.65,0.65,2000,0
2016-03-21,04:55:00,0.65,0.65,0.64,0.65,156000,0
2016-03-21,06:05:00,0.65,0.66,0.65,0.66,6000,0
2016-03-21,06:10:00,0.66,0.66,0.66,0.66,4000,0
2016-03-21,06:20:00,0.66,0.66,0.66,0.66,6000,0
2016-03-21,06:25:00,0.66,0.66,0.66,0.66,6000,0
2016-03-21,06:30:00,0.66,0.66,0.66,0.66,8000,0
2016-03-21,06:40:00,0.66,0.66,0.65,0.65,66000,0
2016-03-21,06:50:00,0.65,0.65,0.64,0.64,160000,0
2016-03-21,07:00:00,0.64,0.64,0.64,0.64,82000,0
2016-03-21,07:10:00,0.64,0.64,0.64,0.64,2000,0
2016-03-21,07:15:00,0.64,0.65,0.64,0.65,86000,0
2016-03-21,07:30:00,0.65,0.65,0.65,0.65,4000,0
2016-03-21,07:35:00,0.65,0.65,0.65,0.65,8000,0
2016-03-21,07:45:00,0.65,0.65,0.65,0.65,306000,0
2016-03-21,07:50:00,0.65,0.65,0.64,0.64,98000,0
2016-03-21,08:00:00,0.64,0.65,0.64,0.65,8000,0
2016-03-21,08:05:00,0.65,0.65,0.65,0.65,200000,0
2016-03-21,08:10:00,0.65,0.65,0.64,0.64,224000,0
2016-03-21,08:20:00,0.65,0.65,0.65,0.65,86000,0
2016-03-21,08:25:00,0.65,0.65,0.64,0.64,50000,0
2016-03-21,08:30:00,0.64,0.65,0.64,0.65,26000,0
2016-03-21,08:40:00,0.65,0.66,0.65,0.66,54000,0
2016-03-21,08:50:00,0.66,0.66,0.65,0.66,242000,0
2016-03-21,08:55:00,0.66,0.67,0.65,0.67,1072000,0
2016-03-21,09:00:00,0.67,0.71,0.66,0.71,4854000,0
2016-03-22,02:40:00,0.7,0.71,0.7,0.7,4000,0
2016-03-22,02:45:00,0.7,0.7,0.69,0.69,1008000,0
2016-03-22,02:50:00,0.69,0.69,0.68,0.69,1028000,0
2016-03-22,02:55:00,0.68,0.69,0.68,0.69,86000,0
2016-03-22,03:05:00,0.68,0.69,0.68,0.69,1958000,0
2016-03-22,03:25:00,0.69,0.69,0.69,0.69,34000,0
2016-03-22,03:30:00,0.69,0.69,0.69,0.69,10000,0
2016-03-22,03:40:00,0.69,0.73,0.69,0.73,638000,0
2016-03-22,03:45:00,0.73,0.75,0.73,0.75,128000,0
2016-03-22,04:05:00,0.74,0.74,0.73,0.73,42000,0
2016-03-22,04:10:00,0.73,0.73,0.71,0.71,36000,0
2016-03-22,04:15:00,0.71,0.72,0.71,0.72,64000,0
2016-03-22,04:35:00,0.72,0.73,0.72,0.73,42000,0
2016-03-22,04:40:00,0.73,0.75,0.73,0.75,82000,0
2016-03-22,04:55:00,0.74,0.74,0.74,0.74,20000,0
2016-03-22,06:15:00,0.74,0.74,0.73,0.73,8000,0
2016-03-22,06:20:00,0.73,0.73,0.72,0.72,10000,0
2016-03-22,06:25:00,0.72,0.72,0.72,0.72,18000,0
2016-03-22,06:30:00,0.72,0.73,0.72,0.73,54000,0
2016-03-22,06:40:00,0.73,0.73,0.73,0.73,10000,0
2016-03-22,06:50:00,0.73,0.73,0.73,0.73,34000,0
2016-03-22,07:25:00,0.73,0.73,0.73,0.73,44000,0
2016-03-22,07:30:00,0.73,0.73,0.73,0.73,18000,0
2016-03-22,07:50:00,0.73,0.73,0.73,0.73,36000,0
2016-03-22,07:55:00,0.73,0.74,0.73,0.74,30000,0
2016-03-22,08:00:00,0.74,0.74,0.73,0.73,122000,0
2016-03-22,08:05:00,0.73,0.74,0.73,0.73,46000,0
2016-03-22,08:10:00,0.73,0.74,0.72,0.73,82000,0
2016-03-22,08:20:00,0.73,0.73,0.73,0.73,50000,0
2016-03-22,08:25:00,0.73,0.74,0.73,0.73,84000,0
2016-03-22,08:30:00,0.73,0.73,0.72,0.72,58000,0
2016-03-22,08:35:00,0.72,0.73,0.72,0.73,570000,0
2016-03-22,08:40:00,0.73,0.74,0.72,0.72,1120000,0
2016-03-22,08:45:00,0.72,0.74,0.72,0.74,270000,0
2016-03-22,08:50:00,0.74,0.74,0.73,0.74,176000,0
2016-03-22,09:00:00,0.74,0.79,0.73,0.78,2932000,0
2016-03-23,03:15:00,0.78,0.78,0.76,0.76,20000,0
2016-03-23,03:25:00,0.76,0.77,0.75,0.76,2184000,0
2016-03-23,03:30:00,0.76,0.76,0.75,0.76,1920000,0
2016-03-23,03:35:00,0.76,0.76,0.75,0.75,2094000,0
2016-03-23,03:40:00,0.75,0.75,0.75,0.75,90000,0
2016-03-23,03:45:00,0.75,0.76,0.75,0.75,488000,0
2016-03-23,03:50:00,0.75,0.75,0.75,0.75,24000,0
2016-03-23,03:55:00,0.75,0.75,0.75,0.75,122000,0
2016-03-23,04:00:00,0.75,0.75,0.75,0.75,46000,0
2016-03-23,04:10:00,0.75,0.75,0.75,0.75,82000,0
2016-03-23,04:15:00,0.75,0.75,0.75,0.75,60000,0
2016-03-23,04:25:00,0.75,0.75,0.74,0.74,190000,0
2016-03-23,04:30:00,0.74,0.74,0.74,0.74,76000,0
2016-03-23,04:35:00,0.74,0.74,0.73,0.74,152000,0
2016-03-23,04:45:00,0.74,0.74,0.73,0.73,120000,0
2016-03-23,04:50:00,0.73,0.74,0.73,0.73,256000,0
2016-03-23,04:55:00,0.73,0.74,0.73,0.73,416000,0
2016-03-23,05:00:00,0.73,0.73,0.73,0.73,332000,0
2016-03-23,06:05:00,0.73,0.73,0.73,0.73,62000,0
2016-03-23,06:10:00,0.73,0.73,0.73,0.73,40000,0
2016-03-23,06:25:00,0.73,0.74,0.73,0.73,86000,0
2016-03-23,06:30:00,0.73,0.73,0.73,0.73,106000,0
2016-03-23,06:40:00,0.73,0.73,0.73,0.73,118000,0
2016-03-23,06:45:00,0.73,0.73,0.73,0.73,64000,0
2016-03-23,06:50:00,0.73,0.73,0.73,0.73,66000,0
2016-03-23,06:55:00,0.73,0.73,0.73,0.73,120000,0
2016-03-23,07:00:00,0.73,0.73,0.73,0.73,202000,0
2016-03-23,07:05:00,0.73,0.73,0.72,0.72,248000,0
2016-03-23,07:10:00,0.72,0.72,0.72,0.72,80000,0
2016-03-23,07:15:00,0.72,0.72,0.72,0.72,378000,0
2016-03-23,07:20:00,0.72,0.72,0.72,0.72,106000,0
2016-03-23,07:25:00,0.72,0.72,0.72,0.72,40000,0
2016-03-23,07:35:00,0.72,0.72,0.72,0.72,80000,0
2016-03-23,08:00:00,0.73,0.74,0.73,0.74,284000,0
2016-03-23,08:15:00,0.74,0.75,0.74,0.74,18000,0
2016-03-23,08:20:00,0.74,0.75,0.74,0.75,4000,0
2016-03-23,08:30:00,0.75,0.75,0.74,0.74,12000,0
2016-03-23,08:40:00,0.74,0.75,0.74,0.75,48000,0
2016-03-23,08:45:00,0.75,0.75,0.73,0.74,232000,0
2016-03-23,08:50:00,0.74,0.74,0.71,0.71,450000,0
2016-03-23,08:55:00,0.71,0.72,0.71,0.72,20000,0
2016-03-23,09:00:00,0.72,0.72,0.69,0.7,1592000,0
2016-03-24,02:35:00,0.69,0.69,0.67,0.67,140000,0
2016-03-24,02:40:00,0.67,0.67,0.66,0.66,414000,0
2016-03-24,02:45:00,0.66,0.67,0.66,0.67,66000,0
2016-03-24,02:50:00,0.67,0.67,0.66,0.66,1346000,0
2016-03-24,02:55:00,0.66,0.66,0.66,0.66,90000,0
2016-03-24,03:00:00,0.66,0.66,0.65,0.66,942000,0
2016-03-24,03:05:00,0.66,0.66,0.64,0.64,562000,0
2016-03-24,03:10:00,0.64,0.65,0.64,0.64,370000,0
2016-03-24,03:15:00,0.64,0.64,0.64,0.64,226000,0
2016-03-24,03:20:00,0.64,0.65,0.64,0.64,226000,0
2016-03-24,03:25:00,0.64,0.65,0.64,0.64,140000,0
2016-03-24,03:30:00,0.64,0.64,0.64,0.64,164000,0
2016-03-24,03:35:00,0.64,0.64,0.64,0.64,120000,0
2016-03-24,03:40:00,0.64,0.65,0.64,0.65,54000,0
2016-03-24,03:45:00,0.65,0.65,0.64,0.64,328000,0
2016-03-24,03:50:00,0.64,0.65,0.64,0.64,120000,0
2016-03-24,03:55:00,0.64,0.64,0.64,0.64,114000,0
2016-03-24,04:00:00,0.64,0.64,0.63,0.63,634000,0
2016-03-24,04:10:00,0.63,0.64,0.63,0.64,250000,0
2016-03-24,04:15:00,0.64,0.64,0.63,0.63,112000,0
2016-03-24,04:20:00,0.63,0.64,0.63,0.63,350000,0
2016-03-24,04:25:00,0.63,0.64,0.63,0.64,6000,0
2016-03-24,04:30:00,0.64,0.64,0.63,0.63,234000,0
2016-03-24,04:35:00,0.63,0.64,0.63,0.64,1860000,0
2016-03-24,04:40:00,0.64,0.65,0.64,0.65,12000,0
2016-03-24,04:45:00,0.65,0.65,0.65,0.65,96000,0
2016-03-24,06:05:00,0.65,0.65,0.65,0.65,2000,0
2016-03-24,06:25:00,0.65,0.65,0.64,0.64,100000,0
2016-03-24,06:30:00,0.64,0.64,0.63,0.63,308000,0
2016-03-24,06:35:00,0.63,0.63,0.63,0.63,146000,0
2016-03-24,06:40:00,0.63,0.63,0.63,0.63,46000,0
2016-03-24,06:45:00,0.63,0.64,0.62,0.63,296000,0
2016-03-24,06:50:00,0.62,0.63,0.62,0.63,96000,0
2016-03-24,06:55:00,0.62,0.63,0.62,0.63,84000,0
2016-03-24,07:00:00,0.63,0.63,0.63,0.63,140000,0
2016-03-24,07:05:00,0.62,0.63,0.62,0.63,62000,0
2016-03-24,07:30:00,0.62,0.63,0.62,0.63,90000,0
2016-03-24,07:35:00,0.63,0.63,0.63,0.63,8000,0
2016-03-24,07:55:00,0.63,0.64,0.63,0.64,26000,0
2016-03-24,08:00:00,0.64,0.64,0.64,0.64,2000,0
2016-03-24,08:05:00,0.64,0.64,0.64,0.64,114000,0
2016-03-24,08:10:00,0.64,0.64,0.63,0.63,10000,0
2016-03-24,08:15:00,0.63,0.64,0.63,0.64,30000,0
2016-03-24,08:20:00,0.64,0.64,0.64,0.64,2000,0
2016-03-24,08:25:00,0.64,0.64,0.63,0.63,46000,0
2016-03-24,08:30:00,0.63,0.64,0.63,0.64,4000,0
2016-03-24,08:35:00,0.64,0.64,0.63,0.64,84000,0
2016-03-24,08:40:00,0.64,0.64,0.64,0.64,30000,0
2016-03-24,08:45:00,0.64,0.64,0.63,0.64,16000,0
2016-03-24,08:55:00,0.64,0.64,0.64,0.64,80000,0
2016-03-24,09:00:00,0.64,0.64,0.62,0.63,440000,0
2016-03-29,03:35:00,0.63,0.64,0.63,0.64,250000,0
2016-03-29,03:40:00,0.64,0.64,0.63,0.63,206000,0
2016-03-29,05:30:00,0.63,0.65,0.63,0.64,4562000,0
2016-03-29,05:35:00,0.64,0.65,0.64,0.65,2262000,0
2016-03-29,07:10:00,0.65,0.65,0.64,0.64,48000,0
2016-03-29,07:15:00,0.64,0.66,0.64,0.66,434000,0
2016-03-29,07:20:00,0.66,0.66,0.66,0.66,30000,0
2016-03-29,07:45:00,0.66,0.66,0.65,0.65,22000,0
2016-03-29,07:55:00,0.65,0.65,0.65,0.65,50000,0
2016-03-29,08:10:00,0.65,0.66,0.65,0.65,82000,0
2016-03-29,08:15:00,0.65,0.65,0.65,0.65,42000,0
2016-03-29,08:20:00,0.65,0.65,0.65,0.65,34000,0
2016-03-29,08:25:00,0.65,0.65,0.64,0.64,142000,0
2016-03-29,08:30:00,0.64,0.64,0.63,0.63,314000,0
2016-03-29,08:35:00,0.63,0.63,0.63,0.63,62000,0
2016-03-29,08:45:00,0.63,0.63,0.63,0.63,110000,0
2016-03-29,08:50:00,0.63,0.63,0.63,0.63,72000,0
2016-03-29,08:55:00,0.63,0.63,0.63,0.63,60000,0
2016-03-29,09:00:00,0.63,0.63,0.63,0.63,50000,0
2016-03-29,09:05:00,0.63,0.64,0.63,0.63,290000,0
2016-03-29,09:10:00,0.63,0.63,0.63,0.63,254000,0
2016-03-29,09:15:00,0.63,0.64,0.63,0.63,32000,0
2016-03-29,09:20:00,0.63,0.64,0.63,0.64,4000,0
2016-03-29,09:25:00,0.64,0.64,0.62,0.62,250000,0
2016-03-29,09:30:00,0.62,0.63,0.62,0.63,464000,0
2016-03-29,09:35:00,0.63,0.63,0.61,0.62,858000,0
2016-03-29,09:40:00,0.62,0.63,0.61,0.61,796000,0
2016-03-29,09:45:00,0.61,0.61,0.6,0.6,996000,0
2016-03-29,09:50:00,0.6,0.61,0.59,0.6,4074000,0
2016-03-29,09:55:00,0.6,0.6,0.58,0.59,1268000,0
2016-03-29,10:00:00,0.59,0.6,0.58,0.59,3494000,0
2016-03-30,03:35:00,0.6,0.63,0.6,0.63,1524000,0
2016-03-30,03:40:00,0.63,0.63,0.62,0.62,120000,0
2016-03-30,03:45:00,0.62,0.64,0.62,0.62,394000,0
2016-03-30,03:50:00,0.62,0.63,0.61,0.62,598000,0
2016-03-30,03:55:00,0.62,0.64,0.62,0.64,678000,0
2016-03-30,04:00:00,0.64,0.64,0.63,0.64,212000,0
2016-03-30,04:05:00,0.64,0.64,0.64,0.64,8000,0
2016-03-30,04:10:00,0.64,0.64,0.62,0.63,2924000,0
2016-03-30,04:15:00,0.63,0.64,0.62,0.64,4852000,0
2016-03-30,04:20:00,0.63,0.64,0.62,0.62,82000,0
2016-03-30,04:25:00,0.62,0.63,0.62,0.62,428000,0
2016-03-30,04:30:00,0.62,0.64,0.62,0.64,112000,0
2016-03-30,04:35:00,0.63,0.63,0.62,0.62,4000,0
2016-03-30,04:40:00,0.62,0.64,0.62,0.63,356000,0
2016-03-30,04:45:00,0.63,0.63,0.62,0.63,134000,0
2016-03-30,04:55:00,0.63,0.63,0.61,0.61,562000,0
2016-03-30,05:00:00,0.61,0.62,0.61,0.62,70000,0
2016-03-30,05:05:00,0.62,0.63,0.62,0.63,46000,0
2016-03-30,05:10:00,0.63,0.63,0.61,0.63,84000,0
2016-03-30,07:10:00,0.62,0.63,0.62,0.62,58000,0
2016-03-30,07:15:00,0.62,0.62,0.62,0.62,20000,0
2016-03-30,07:35:00,0.62,0.63,0.62,0.63,34000,0
2016-03-30,07:40:00,0.63,0.63,0.61,0.63,44000,0
2016-03-30,08:05:00,0.63,0.63,0.63,0.63,20000,0
2016-03-30,08:20:00,0.63,0.63,0.63,0.63,10000,0
2016-03-30,08:35:00,0.62,0.62,0.62,0.62,20000,0
2016-03-30,08:45:00,0.62,0.62,0.62,0.62,10000,0
2016-03-30,08:50:00,0.62,0.63,0.62,0.63,20000,0
2016-03-30,09:00:00,0.63,0.63,0.63,0.63,12000,0
2016-03-30,09:05:00,0.63,0.63,0.62,0.62,120000,0
2016-03-30,09:15:00,0.62,0.63,0.62,0.63,40000,0
2016-03-30,09:20:00,0.63,0.63,0.63,0.63,100000,0
2016-03-30,09:25:00,0.63,0.64,0.63,0.63,174000,0
2016-03-30,09:30:00,0.63,0.63,0.62,0.63,282000,0
2016-03-30,09:35:00,0.63,0.63,0.63,0.63,20000,0
2016-03-30,09:40:00,0.63,0.63,0.63,0.63,20000,0
2016-03-30,09:45:00,0.63,0.63,0.62,0.63,44000,0
2016-03-30,09:50:00,0.63,0.63,0.62,0.63,184000,0
2016-03-30,09:55:00,0.63,0.64,0.63,0.63,112000,0
2016-03-30,10:00:00,0.63,0.64,0.63,0.64,96000,0
2016-03-31,04:30:00,0.64,0.64,0.63,0.63,708000,0
2016-03-31,04:35:00,0.63,0.63,0.63,0.63,50000,0
2016-03-31,04:40:00,0.63,0.63,0.63,0.63,1516000,0
2016-03-31,04:50:00,0.63,0.63,0.62,0.63,1060000,0
2016-03-31,04:55:00,0.63,0.63,0.62,0.63,1016000,0
2016-03-31,07:25:00,0.62,0.63,0.62,0.63,122000,0
2016-03-31,07:50:00,0.62,0.63,0.62,0.63,140000,0
2016-03-31,08:05:00,0.63,0.65,0.63,0.64,766000,0
2016-03-31,08:10:00,0.64,0.65,0.64,0.65,506000,0
2016-03-31,08:15:00,0.65,0.65,0.65,0.65,354000,0
2016-03-31,08:20:00,0.65,0.67,0.65,0.67,2464000,0
2016-03-31,08:25:00,0.67,0.67,0.66,0.67,458000,0
2016-03-31,08:30:00,0.67,0.67,0.66,0.67,190000,0
2016-03-31,08:35:00,0.67,0.68,0.66,0.68,734000,0
2016-03-31,08:40:00,0.68,0.68,0.67,0.68,324000,0
2016-03-31,08:45:00,0.68,0.68,0.66,0.68,596000,0
2016-03-31,08:50:00,0.68,0.7,0.67,0.7,4284000,0
2016-03-31,08:55:00,0.7,0.7,0.69,0.7,932000,0
2016-03-31,09:00:00,0.7,0.7,0.69,0.7,320000,0
2016-03-31,09:05:00,0.7,0.7,0.69,0.7,410000,0
2016-03-31,09:10:00,0.7,0.7,0.69,0.7,674000,0
2016-03-31,09:15:00,0.7,0.7,0.7,0.7,486000,0
2016-03-31,09:20:00,0.7,0.7,0.69,0.7,328000,0
2016-03-31,09:25:00,0.7,0.7,0.69,0.7,310000,0
2016-03-31,09:30:00,0.7,0.7,0.7,0.7,160000,0
2016-03-31,09:35:00,0.7,0.71,0.7,0.71,1078000,0
2016-03-31,09:40:00,0.71,0.71,0.7,0.7,528000,0
2016-03-31,09:45:00,0.7,0.71,0.7,0.7,146000,0
2016-03-31,09:50:00,0.7,0.71,0.69,0.71,1288000,0
2016-03-31,09:55:00,0.71,0.71,0.7,0.71,270000,0
2016-03-31,10:00:00,0.71,0.73,0.69,0.72,3380000,0
2016-04-01,03:35:00,0.7,0.71,0.7,0.7,30000,0
2016-04-01,03:40:00,0.7,0.7,0.7,0.7,2000,0
2016-04-01,04:05:00,0.7,0.7,0.69,0.7,810000,0
2016-04-01,04:10:00,0.7,0.71,0.7,0.7,1544000,0
2016-04-01,04:15:00,0.7,0.7,0.7,0.7,1500000,0
2016-04-01,04:20:00,0.7,0.7,0.69,0.69,30000,0
2016-04-01,04:30:00,0.69,0.69,0.69,0.69,10000,0
2016-04-01,04:35:00,0.69,0.7,0.69,0.7,54000,0
2016-04-01,04:45:00,0.7,0.71,0.7,0.71,2032000,0
2016-04-01,04:50:00,0.71,0.71,0.7,0.7,3200000,0
2016-04-01,05:00:00,0.69,0.7,0.68,0.68,66000,0
2016-04-01,05:05:00,0.67,0.69,0.67,0.69,96000,0
2016-04-01,05:10:00,0.69,0.7,0.69,0.7,2170000,0
2016-04-01,05:15:00,0.69,0.7,0.69,0.7,74000,0
2016-04-01,05:20:00,0.7,0.71,0.7,0.71,220000,0
2016-04-01,05:25:00,0.7,0.71,0.7,0.71,56000,0
2016-04-01,05:30:00,0.71,0.71,0.7,0.71,42000,0
2016-04-01,05:35:00,0.71,0.71,0.71,0.71,22000,0
2016-04-01,05:40:00,0.71,0.71,0.71,0.71,32000,0
2016-04-01,05:45:00,0.71,0.71,0.7,0.71,32000,0
2016-04-01,05:50:00,0.71,0.71,0.69,0.71,106000,0
2016-04-01,05:55:00,0.71,0.71,0.7,0.7,51738,0
2016-04-01,06:00:00,0.7,0.71,0.7,0.71,48000,0
2016-04-01,07:05:00,0.71,0.71,0.7,0.71,64000,0
2016-04-01,07:10:00,0.71,0.71,0.71,0.71,28000,0
2016-04-01,07:15:00,0.71,0.71,0.69,0.7,64000,0
2016-04-01,07:20:00,0.7,0.71,0.7,0.71,46000,0
2016-04-01,07:25:00,0.71,0.71,0.7,0.71,56000,0
2016-04-01,07:30:00,0.71,0.71,0.71,0.71,36000,0
2016-04-01,07:35:00,0.71,0.71,0.71,0.71,14000,0
2016-04-01,07:40:00,0.71,0.71,0.71,0.71,32000,0
2016-04-01,07:45:00,0.71,0.71,0.7,0.71,14000,0
2016-04-01,07:50:00,0.71,0.71,0.71,0.71,8000,0
2016-04-01,07:55:00,0.71,0.71,0.71,0.71,26000,0
2016-04-01,08:00:00,0.71,0.71,0.71,0.71,8000,0
2016-04-01,08:05:00,0.71,0.71,0.71,0.71,62000,0
2016-04-01,08:10:00,0.71,0.71,0.71,0.71,14000,0
2016-04-01,08:15:00,0.71,0.71,0.71,0.71,12000,0
2016-04-01,08:20:00,0.71,0.71,0.71,0.71,24000,0
2016-04-01,08:25:00,0.71,0.71,0.71,0.71,18000,0
2016-04-01,08:30:00,0.71,0.71,0.71,0.71,6000,0
2016-04-01,08:35:00,0.71,0.71,0.71,0.71,6000,0
2016-04-01,08:40:00,0.71,0.71,0.7,0.71,114000,0
2016-04-01,08:45:00,0.71,0.71,0.7,0.7,54000,0
2016-04-01,08:50:00,0.7,0.71,0.7,0.71,18000,0
2016-04-01,08:55:00,0.71,0.71,0.71,0.71,8000,0
2016-04-01,09:00:00,0.71,0.71,0.71,0.71,16000,0
2016-04-01,09:05:00,0.71,0.71,0.7,0.71,34000,0
2016-04-01,09:10:00,0.71,0.71,0.71,0.71,36000,0
2016-04-01,09:15:00,0.71,0.71,0.71,0.71,18000,0
2016-04-01,09:20:00,0.71,0.71,0.71,0.71,40000,0
2016-04-01,09:25:00,0.71,0.71,0.71,0.71,50000,0
2016-04-01,09:30:00,0.71,0.71,0.7,0.7,8000,0
2016-04-01,09:35:00,0.7,0.71,0.7,0.71,96000,0
2016-04-01,09:40:00,0.7,0.71,0.7,0.71,120000,0
2016-04-01,09:45:00,0.71,0.71,0.71,0.71,14000,0
2016-04-01,09:50:00,0.71,0.71,0.7,0.71,112000,0
2016-04-01,09:55:00,0.71,0.71,0.7,0.71,118000,0
2016-04-01,10:00:00,0.71,0.71,0.69,0.71,282000,0
2016-04-05,03:50:00,0.71,0.71,0.68,0.68,3040000,0
2016-04-05,04:05:00,0.68,0.68,0.67,0.67,64000,0
2016-04-05,04:10:00,0.67,0.67,0.67,0.67,20000,0
2016-04-05,04:15:00,0.67,0.67,0.67,0.67,42000,0
2016-04-05,04:20:00,0.67,0.67,0.66,0.67,144000,0
2016-04-05,04:25:00,0.67,0.67,0.66,0.67,1092000,0
2016-04-05,04:35:00,0.67,0.68,0.67,0.68,1224000,0
2016-04-05,04:40:00,0.68,0.68,0.68,0.68,200000,0
2016-04-05,04:45:00,0.68,0.68,0.68,0.68,50000,0
2016-04-05,05:05:00,0.68,0.68,0.67,0.67,36000,0
2016-04-05,05:10:00,0.67,0.67,0.67,0.67,108000,0
2016-04-05,05:15:00,0.67,0.67,0.67,0.67,300000,0
2016-04-05,05:20:00,0.67,0.67,0.67,0.67,20000,0
2016-04-05,05:25:00,0.67,0.67,0.67,0.67,500000,0
2016-04-05,05:30:00,0.67,0.67,0.67,0.67,88000,0
2016-04-05,05:55:00,0.67,0.67,0.67,0.67,44000,0
2016-04-05,06:00:00,0.67,0.67,0.67,0.67,56000,0
2016-04-05,07:20:00,0.67,0.67,0.67,0.67,40000,0
2016-04-05,07:30:00,0.67,0.67,0.67,0.67,18000,0
2016-04-05,07:35:00,0.67,0.67,0.67,0.67,20000,0
2016-04-05,07:40:00,0.67,0.67,0.67,0.67,26000,0
2016-04-05,07:50:00,0.67,0.67,0.67,0.67,34000,0
2016-04-05,08:50:00,0.66,0.67,0.66,0.67,1054000,0
2016-04-05,09:40:00,0.66,0.67,0.66,0.67,86000,0
2016-04-05,09:45:00,0.67,0.68,0.67,0.68,176000,0
2016-04-05,09:50:00,0.68,0.68,0.68,0.68,140000,0
2016-04-06,04:25:00,0.67,0.67,0.67,0.67,2828000,0
2016-04-06,04:30:00,0.67,0.67,0.67,0.67,2298000,0
2016-04-06,04:45:00,0.67,0.68,0.67,0.68,52000,0
2016-04-06,05:10:00,0.68,0.68,0.68,0.68,22000,0
2016-04-06,05:30:00,0.68,0.69,0.68,0.69,4000,0
2016-04-06,05:55:00,0.69,0.69,0.69,0.69,32000,0
2016-04-06,06:00:00,0.69,0.69,0.68,0.68,26560,0
2016-04-06,07:05:00,0.68,0.69,0.68,0.69,40000,0
2016-04-06,07:10:00,0.69,0.69,0.69,0.69,14000,0
2016-04-06,07:30:00,0.69,0.69,0.69,0.69,18000,0
2016-04-06,07:45:00,0.69,0.69,0.68,0.68,52000,0
2016-04-06,07:55:00,0.68,0.68,0.67,0.67,36000,0
2016-04-06,08:00:00,0.67,0.67,0.67,0.67,48000,0
2016-04-06,08:45:00,0.67,0.68,0.67,0.68,52000,0
2016-04-06,08:55:00,0.68,0.68,0.68,0.68,18000,0
2016-04-06,09:00:00,0.68,0.68,0.68,0.68,2000,0
2016-04-06,09:25:00,0.68,0.68,0.68,0.68,22000,0
2016-04-06,09:40:00,0.68,0.68,0.68,0.68,38000,0
2016-04-06,09:50:00,0.68,0.68,0.68,0.68,14000,0
2016-04-06,09:55:00,0.68,0.68,0.68,0.68,2000,0
2016-04-06,10:00:00,0.68,0.68,0.67,0.67,16000,0
2016-04-07,04:15:00,0.67,0.67,0.67,0.67,504000,0
2016-04-07,04:25:00,0.67,0.67,0.65,0.65,20000,0
2016-04-07,04:30:00,0.66,0.66,0.65,0.66,2052000,0
2016-04-07,04:35:00,0.66,0.66,0.65,0.65,40000,0
2016-04-07,05:10:00,0.65,0.65,0.65,0.65,1000000,0
2016-04-07,05:15:00,0.65,0.65,0.65,0.65,12000,0
2016-04-07,05:20:00,0.65,0.65,0.65,0.65,1090000,0
2016-04-07,05:30:00,0.64,0.65,0.64,0.65,86000,0
2016-04-07,05:35:00,0.64,0.65,0.64,0.65,56000,0
2016-04-07,07:35:00,0.65,0.65,0.65,0.65,4000,0
2016-04-07,08:10:00,0.65,0.66,0.65,0.66,20000,0
2016-04-07,08:35:00,0.66,0.66,0.64,0.65,182000,0
2016-04-07,09:50:00,0.65,0.66,0.65,0.66,4000,0
2016-04-07,10:00:00,0.66,0.66,0.64,0.65,76000,0
2016-04-08,04:00:00,0.64,0.65,0.64,0.65,562000,0
2016-04-08,04:05:00,0.65,0.65,0.64,0.64,1380000,0
2016-04-08,04:10:00,0.64,0.64,0.64,0.64,2000,0
2016-04-08,04:30:00,0.64,0.65,0.64,0.65,4000,0
2016-04-08,04:45:00,0.65,0.65,0.65,0.65,12000,0
2016-04-08,05:00:00,0.65,0.65,0.64,0.65,26000,0
2016-04-08,05:25:00,0.65,0.65,0.64,0.64,150000,0
2016-04-08,05:30:00,0.64,0.64,0.64,0.64,8000,0
2016-04-08,05:35:00,0.64,0.65,0.64,0.65,4000,0
2016-04-08,05:40:00,0.64,0.64,0.64,0.64,1016000,0
2016-04-08,05:45:00,0.64,0.64,0.63,0.64,1508000,0
2016-04-08,05:50:00,0.63,0.64,0.63,0.64,4000,0
2016-04-08,06:00:00,0.63,0.64,0.63,0.64,4000,0
2016-04-08,07:15:00,0.64,0.64,0.64,0.64,28000,0
2016-04-08,07:25:00,0.64,0.64,0.64,0.64,10000,0
2016-04-08,07:30:00,0.64,0.64,0.64,0.64,12000,0
2016-04-08,07:35:00,0.64,0.64,0.64,0.64,24000,0
2016-04-08,07:50:00,0.63,0.65,0.63,0.64,1650000,0
2016-04-08,08:00:00,0.63,0.65,0.63,0.65,4000,0
2016-04-08,08:15:00,0.65,0.65,0.65,0.65,12000,0
2016-04-08,08:40:00,0.64,0.64,0.64,0.64,20000,0
2016-04-08,08:45:00,0.64,0.64,0.63,0.64,8000,0
2016-04-08,09:05:00,0.64,0.65,0.64,0.65,24000,0
2016-04-08,09:25:00,0.65,0.65,0.65,0.65,16000,0
2016-04-08,09:40:00,0.65,0.65,0.65,0.65,4000,0
2016-04-08,10:00:00,0.65,0.65,0.63,0.64,158000,0
2016-04-11,04:05:00,0.64,0.64,0.63,0.63,2500000,0
2016-04-11,04:10:00,0.63,0.63,0.62,0.62,3580000,0
2016-04-11,04:15:00,0.62,0.62,0.62,0.62,6000,0
2016-04-11,04:20:00,0.62,0.62,0.62,0.62,22000,0
2016-04-11,04:30:00,0.62,0.62,0.62,0.62,52000,0
2016-04-11,04:35:00,0.62,0.62,0.62,0.62,22000,0
2016-04-11,07:05:00,0.62,0.62,0.62,0.62,9500,0
2016-04-11,07:10:00,0.62,0.63,0.62,0.63,20000,0
2016-04-11,07:30:00,0.63,0.63,0.62,0.62,34000,0
2016-04-11,07:45:00,0.62,0.62,0.62,0.62,16000,0
2016-04-11,08:05:00,0.62,0.62,0.62,0.62,12000,0
2016-04-11,09:15:00,0.62,0.63,0.62,0.63,40000,0
2016-04-11,09:25:00,0.63,0.63,0.62,0.63,172000,0
2016-04-11,09:30:00,0.63,0.63,0.63,0.63,20000,0
2016-04-11,09:35:00,0.63,0.63,0.62,0.63,50000,0
2016-04-11,09:40:00,0.63,0.63,0.63,0.63,30000,0
2016-04-11,09:50:00,0.63,0.63,0.62,0.62,878000,0
2016-04-11,09:55:00,0.62,0.62,0.62,0.62,12000,0
2016-04-11,10:00:00,0.61,0.62,0.61,0.62,100000,0
2016-04-12,03:50:00,0.61,0.61,0.61,0.61,40000,0
2016-04-12,04:20:00,0.61,0.62,0.61,0.62,958000,0
2016-04-12,04:25:00,0.62,0.62,0.61,0.62,1044000,0
2016-04-12,04:30:00,0.62,0.62,0.61,0.62,2040000,0
2016-04-12,04:35:00,0.62,0.62,0.62,0.62,1500000,0
2016-04-12,04:40:00,0.62,0.62,0.61,0.61,20000,0
2016-04-12,04:45:00,0.61,0.61,0.61,0.61,10000,0
2016-04-12,04:50:00,0.61,0.61,0.61,0.61,10000,0
2016-04-12,04:55:00,0.61,0.61,0.61,0.61,10000,0
2016-04-12,05:00:00,0.61,0.61,0.61,0.61,2000,0
2016-04-12,05:05:00,0.61,0.61,0.61,0.61,4000,0
2016-04-12,05:10:00,0.61,0.61,0.61,0.61,8000,0
2016-04-12,05:15:00,0.61,0.61,0.61,0.61,12000,0
2016-04-12,05:50:00,0.61,0.62,0.61,0.62,20000,0
2016-04-12,08:10:00,0.62,0.62,0.61,0.61,324000,0
2016-04-12,08:15:00,0.61,0.61,0.61,0.61,2000,0
2016-04-12,08:45:00,0.61,0.61,0.61,0.61,148000,0
2016-04-12,08:55:00,0.61,0.62,0.61,0.62,4000,0
2016-04-12,09:10:00,0.62,0.62,0.62,0.62,10000,0
2016-04-12,09:45:00,0.62,0.62,0.62,0.62,20000,0
2016-04-12,10:00:00,0.62,0.62,0.61,0.62,8000,0
2016-04-13,04:15:00,0.62,0.63,0.62,0.62,3504000,0
2016-04-13,04:20:00,0.62,0.63,0.61,0.62,2018000,0
2016-04-13,04:25:00,0.62,0.65,0.62,0.62,1638000,0
2016-04-13,04:30:00,0.63,0.65,0.63,0.63,140000,0
2016-04-13,04:35:00,0.63,0.63,0.63,0.63,38000,0
2016-04-13,04:40:00,0.63,0.63,0.63,0.63,6000,0
2016-04-13,04:45:00,0.63,0.63,0.63,0.63,4000,0
2016-04-13,04:50:00,0.63,0.63,0.63,0.63,34000,0
2016-04-13,04:55:00,0.63,0.63,0.63,0.63,4000,0
2016-04-13,05:05:00,0.63,0.63,0.63,0.63,4000,0
2016-04-13,05:10:00,0.63,0.63,0.63,0.63,6000,0
2016-04-13,05:15:00,0.63,0.63,0.63,0.63,32000,0
2016-04-13,07:05:00,0.63,0.64,0.63,0.64,46000,0
2016-04-13,07:20:00,0.64,0.65,0.64,0.65,130000,0
2016-04-13,07:25:00,0.65,0.65,0.65,0.65,2000,0
2016-04-13,07:45:00,0.65,0.67,0.65,0.67,366000,0
2016-04-13,07:55:00,0.67,0.67,0.66,0.66,200000,0
2016-04-13,08:00:00,0.66,0.66,0.66,0.66,2000,0
2016-04-13,08:20:00,0.66,0.66,0.65,0.65,596000,0
2016-04-13,08:35:00,0.65,0.65,0.65,0.65,24000,0
2016-04-13,08:40:00,0.65,0.65,0.65,0.65,208000,0
2016-04-13,08:45:00,0.65,0.65,0.64,0.64,52000,0
2016-04-13,09:00:00,0.64,0.65,0.64,0.65,4000,0
2016-04-13,09:20:00,0.65,0.65,0.64,0.64,318000,0
2016-04-13,09:30:00,0.64,0.64,0.64,0.64,6000,0
2016-04-13,09:55:00,0.64,0.65,0.64,0.65,8000,0
2016-04-13,10:00:00,0.65,0.65,0.64,0.65,204000,0
