Date,Time,Open,High,Low,Close,Volume,OpenInt
2016-02-15,02:35:00,5.73,5.73,5.13,5.34,26000,0
2016-02-15,02:50:00,5.42,5.57,5.42,5.57,24500,0
2016-02-15,02:55:00,5.57,5.62,5.57,5.62,9500,0
2016-02-15,03:20:00,5.62,5.62,5.61,5.62,1500,0
2016-02-15,03:25:00,5.64,5.69,5.63,5.69,7500,0
2016-02-15,03:35:00,5.69,5.79,5.6,5.61,44500,0
2016-02-15,03:40:00,5.61,5.61,5.61,5.61,1000,0
2016-02-15,03:45:00,5.61,5.65,5.61,5.61,2500,0
2016-02-15,03:50:00,5.61,5.68,5.61,5.68,4500,0
2016-02-15,04:20:00,5.68,5.74,5.67,5.68,5000,0
2016-02-15,04:35:00,5.67,5.67,5.63,5.63,3000,0
2016-02-15,04:40:00,5.63,5.74,5.63,5.67,7000,0
2016-02-15,06:05:00,5.71,5.71,5.71,5.71,500,0
2016-02-15,06:10:00,5.69,5.69,5.68,5.68,1000,0
2016-02-15,06:30:00,5.67,5.67,5.67,5.67,500,0
2016-02-15,06:35:00,5.67,5.67,5.64,5.64,2500,0
2016-02-15,07:15:00,5.63,5.63,5.62,5.62,1500,0
2016-02-15,07:25:00,5.62,5.66,5.61,5.65,21500,0
2016-02-15,07:30:00,5.65,5.65,5.61,5.61,9000,0
2016-02-15,07:35:00,5.61,5.65,5.6,5.65,25500,0
2016-02-15,07:40:00,5.64,5.65,5.64,5.65,4000,0
2016-02-15,07:45:00,5.65,5.65,5.62,5.62,1500,0
2016-02-15,07:55:00,5.62,5.62,5.61,5.62,14000,0
2016-02-15,08:05:00,5.61,5.61,5.6,5.6,6000,0
2016-02-15,08:10:00,5.6,5.61,5.6,5.61,17500,0
2016-02-15,08:15:00,5.61,5.61,5.6,5.6,15000,0
2016-02-15,08:20:00,5.6,5.6,5.54,5.59,4000,0
2016-02-15,08:30:00,5.58,5.58,5.58,5.58,500,0
2016-02-15,08:35:00,5.58,5.6,5.53,5.53,2000,0
2016-02-15,08:40:00,5.58,5.58,5.58,5.58,500,0
2016-02-15,08:55:00,5.58,5.6,5.58,5.6,1500,0
2016-02-15,09:00:00,5.6,5.6,5.6,5.6,3500,0
2016-02-16,02:35:00,5.56,5.6,5.56,5.57,1500,0
2016-02-16,03:30:00,5.57,5.67,5.57,5.67,3000,0
2016-02-16,03:50:00,5.76,5.76,5.75,5.75,2000,0
2016-02-16,04:00:00,5.7,5.7,5.7,5.7,2000,0
2016-02-16,04:20:00,5.7,5.7,5.7,5.7,1000,0
2016-02-16,04:35:00,5.65,5.65,5.59,5.59,2500,0
2016-02-16,04:40:00,5.59,5.63,5.59,5.6,6000,0
2016-02-16,04:45:00,5.61,5.64,5.61,5.64,17000,0
2016-02-16,04:55:00,5.63,5.63,5.63,5.63,1500,0
2016-02-16,06:20:00,5.6,5.6,5.59,5.59,3500,0
2016-02-16,06:30:00,5.59,5.66,5.59,5.65,13500,0
2016-02-16,06:35:00,5.65,5.7,5.65,5.7,4000,0
2016-02-16,06:40:00,5.7,5.72,5.7,5.72,1500,0
2016-02-16,06:55:00,5.72,5.72,5.64,5.64,8000,0
2016-02-16,07:45:00,5.6,5.6,5.58,5.58,4000,0
2016-02-16,07:55:00,5.58,5.58,5.58,5.58,1000,0
2016-02-16,08:20:00,5.57,5.57,5.56,5.57,9500,0
2016-02-16,08:25:00,5.57,5.65,5.57,5.64,12000,0
2016-02-16,08:35:00,5.62,5.65,5.62,5.64,4500,0
2016-02-16,08:40:00,5.64,5.64,5.6,5.6,3000,0
2016-02-16,08:45:00,5.64,5.64,5.64,5.64,3000,0
2016-02-16,08:55:00,5.6,5.6,5.57,5.57,3500,0
2016-02-16,09:00:00,5.56,5.68,5.56,5.68,9500,0
2016-02-17,03:05:00,5.68,5.68,5.67,5.67,4000,0
2016-02-17,03:10:00,5.67,5.67,5.55,5.62,33500,0
2016-02-17,03:25:00,5.62,5.68,5.62,5.68,4500,0
2016-02-17,03:35:00,5.68,5.68,5.68,5.68,500,0
2016-02-17,04:05:00,5.71,5.71,5.69,5.7,9500,0
2016-02-17,04:15:00,5.69,5.69,5.66,5.66,1500,0
2016-02-17,04:45:00,5.66,5.8,5.66,5.7,26000,0
2016-02-17,05:00:00,5.72,5.72,5.72,5.72,2000,0
2016-02-17,06:15:00,5.78,5.78,5.78,5.78,2500,0
2016-02-17,07:00:00,5.79,5.87,5.79,5.8,6000,0
2016-02-17,07:05:00,5.8,5.85,5.8,5.85,1000,0
2016-02-17,07:15:00,5.85,5.85,5.76,5.76,2000,0
2016-02-17,07:25:00,5.76,5.76,5.76,5.76,1500,0
2016-02-17,07:45:00,5.76,5.76,5.71,5.71,1500,0
2016-02-17,08:05:00,5.75,5.75,5.73,5.73,2000,0
2016-02-17,08:15:00,5.73,5.73,5.73,5.73,1000,0
2016-02-17,08:25:00,5.73,5.79,5.73,5.79,3000,0
2016-02-17,08:30:00,5.75,5.75,5.75,5.75,1000,0
2016-02-17,08:35:00,5.76,5.76,5.76,5.76,2500,0
2016-02-17,08:50:00,5.76,5.76,5.72,5.72,2000,0
2016-02-17,08:55:00,5.72,5.72,5.68,5.68,4000,0
2016-02-17,09:00:00,5.68,5.85,5.68,5.81,19000,0
2016-02-18,02:45:00,5.8,5.8,5.8,5.8,1000,0
2016-02-18,02:50:00,5.8,5.81,5.8,5.8,16500,0
2016-02-18,02:55:00,5.8,5.8,5.8,5.8,4500,0
2016-02-18,03:00:00,5.8,5.81,5.79,5.8,5000,0
2016-02-18,03:05:00,5.8,5.8,5.8,5.8,6500,0
2016-02-18,03:10:00,5.8,5.8,5.8,5.8,500,0
2016-02-18,03:15:00,5.8,5.8,5.8,5.8,500,0
2016-02-18,03:20:00,5.8,5.8,5.78,5.78,5500,0
2016-02-18,03:30:00,5.78,5.78,5.78,5.78,500,0
2016-02-18,03:35:00,5.78,5.81,5.78,5.81,9500,0
2016-02-18,03:45:00,5.87,5.87,5.87,5.87,500,0
2016-02-18,03:50:00,5.87,5.89,5.87,5.89,1000,0
2016-02-18,04:00:00,5.89,5.9,5.89,5.9,5000,0
2016-02-18,04:20:00,5.9,5.9,5.89,5.89,4000,0
2016-02-18,04:30:00,5.89,5.9,5.89,5.9,3500,0
2016-02-18,04:40:00,5.9,5.9,5.9,5.9,500,0
2016-02-18,04:45:00,5.9,5.9,5.89,5.89,4000,0
2016-02-18,04:50:00,5.89,5.89,5.82,5.82,1000,0
2016-02-18,06:05:00,5.86,5.9,5.86,5.9,1000,0
2016-02-18,06:20:00,5.9,5.9,5.9,5.9,2500,0
2016-02-18,06:30:00,5.89,5.89,5.88,5.88,1000,0
2016-02-18,06:55:00,5.88,5.95,5.88,5.95,12000,0
2016-02-18,07:05:00,5.95,5.95,5.95,5.95,35000,0
2016-02-18,07:10:00,5.95,5.95,5.91,5.91,1500,0
2016-02-18,07:15:00,5.91,5.95,5.91,5.91,6000,0
2016-02-18,07:20:00,5.93,5.93,5.89,5.89,2500,0
2016-02-18,07:35:00,5.89,5.89,5.89,5.89,2500,0
2016-02-18,07:45:00,5.89,5.89,5.89,5.89,500,0
2016-02-18,07:50:00,5.88,5.88,5.86,5.88,2500,0
2016-02-18,08:10:00,5.88,5.89,5.88,5.88,2500,0
2016-02-18,08:15:00,5.88,5.89,5.88,5.89,2000,0
2016-02-18,08:25:00,5.89,5.89,5.85,5.85,6000,0
2016-02-18,08:35:00,5.85,5.89,5.85,5.89,1000,0
2016-02-18,08:40:00,5.89,5.89,5.85,5.89,5000,0
2016-02-18,08:45:00,5.89,5.89,5.89,5.89,750,0
2016-02-18,08:50:00,5.89,5.89,5.89,5.89,500,0
2016-02-18,08:55:00,5.87,5.87,5.85,5.85,1000,0
2016-02-18,09:00:00,5.85,5.85,5.85,5.85,1000,0
2016-02-19,02:35:00,5.87,5.88,5.85,5.88,3000,0
2016-02-19,02:40:00,5.88,5.9,5.88,5.9,13000,0
2016-02-19,02:45:00,5.9,5.91,5.9,5.91,2000,0
2016-02-19,02:50:00,5.91,6.05,5.91,6.05,16000,0
2016-02-19,02:55:00,6.05,6.05,6.05,6.05,1500,0
2016-02-19,03:00:00,6.05,6.05,6.03,6.03,5000,0
2016-02-19,03:15:00,6.03,6.03,6.03,6.03,37000,0
2016-02-19,03:30:00,6.03,6.03,6,6,1000,0
2016-02-19,03:40:00,6,6,5.92,5.93,6500,0
2016-02-19,03:45:00,5.96,5.96,5.96,5.96,500,0
2016-02-19,04:35:00,5.96,5.99,5.84,5.99,4500,0
2016-02-19,06:20:00,5.99,5.99,5.99,5.99,1500,0
2016-02-19,06:35:00,5.99,5.99,5.89,5.89,6000,0
2016-02-19,06:40:00,5.89,5.99,5.89,5.99,1500,0
2016-02-19,08:45:00,5.99,5.99,5.99,5.99,3000,0
2016-02-19,08:55:00,5.99,5.99,5.99,5.99,2000,0
2016-02-22,02:40:00,5.99,5.99,5.99,5.99,18500,0
2016-02-22,02:55:00,6,6.1,6,6.1,13000,0
2016-02-22,03:00:00,6.1,6.1,6.1,6.1,1000,0
2016-02-22,03:30:00,6.14,6.14,6.14,6.14,1000,0
2016-02-22,03:50:00,6.14,6.14,6.1,6.11,7000,0
2016-02-22,04:00:00,6.11,6.19,6.11,6.19,1000,0
2016-02-22,04:10:00,6.19,6.19,6.1,6.19,3500,0
2016-02-22,04:40:00,6.19,6.19,6.18,6.19,19500,0
2016-02-22,04:45:00,6.19,6.19,6.14,6.14,3000,0
2016-02-22,06:05:00,6.14,6.14,6.14,6.14,500,0
2016-02-22,06:10:00,6.14,6.19,6.13,6.19,10000,0
2016-02-22,06:15:00,6.19,6.2,6.14,6.2,3500,0
2016-02-22,06:20:00,6.2,6.2,6.14,6.14,1000,0
2016-02-22,06:40:00,6.14,6.14,6.14,6.14,2500,0
2016-02-22,07:40:00,6.12,6.12,6.12,6.12,500,0
2016-02-22,08:25:00,6.12,6.12,6.12,6.12,500,0
2016-02-22,08:40:00,6.12,6.2,6.12,6.2,15000,0
2016-02-22,08:50:00,6.2,6.2,6.13,6.13,21500,0
2016-02-22,08:55:00,6.13,6.28,6.13,6.13,5000,0
2016-02-22,09:00:00,6.13,6.13,6.13,6.13,4500,0
2016-02-23,02:55:00,6.22,6.22,6.14,6.22,2500,0
2016-02-23,03:05:00,6.22,6.27,6.22,6.27,1500,0
2016-02-23,03:20:00,6.27,6.27,6.14,6.14,2500,0
2016-02-23,03:25:00,6.14,6.28,6.11,6.28,2000,0
2016-02-23,03:30:00,6.28,6.28,6.28,6.28,250,0
2016-02-23,04:10:00,6.28,6.28,6.08,6.25,5000,0
2016-02-23,06:05:00,6.08,6.25,6.07,6.19,16000,0
2016-02-23,06:15:00,6.19,6.19,6.19,6.19,1000,0
2016-02-23,06:25:00,6.19,6.19,6.19,6.19,27000,0
2016-02-23,06:45:00,6.19,6.19,6.08,6.12,3000,0
2016-02-23,07:40:00,6.1,6.1,6.1,6.1,1000,0
2016-02-23,08:45:00,6.1,6.19,6.1,6.19,1000,0
2016-02-23,08:50:00,6.19,6.2,6.19,6.19,2500,0
2016-02-23,08:55:00,6.19,6.2,6.08,6.2,9500,0
2016-02-23,09:00:00,6.2,6.2,6.08,6.2,8500,0
2016-02-24,02:40:00,6.05,6.15,6.05,6.15,7500,0
2016-02-24,02:50:00,6.17,6.17,6.17,6.17,500,0
2016-02-24,02:55:00,6.17,6.17,5.93,5.94,1500,0
2016-02-24,03:35:00,5.96,5.96,5.96,5.96,250,0
2016-02-24,03:45:00,6.01,6.21,5.97,6.18,21500,0
2016-02-24,03:50:00,6.18,6.2,6.18,6.2,2000,0
2016-02-24,03:55:00,6.2,6.2,6.2,6.2,500,0
2016-02-24,04:00:00,6.19,6.19,6.18,6.18,1000,0
2016-02-24,05:00:00,6.12,6.12,5.96,6.04,3500,0
2016-02-24,06:30:00,6.04,6.04,6.04,6.04,1000,0
2016-02-24,06:35:00,6.01,6.01,5.97,5.97,3500,0
2016-02-24,06:50:00,5.97,5.97,5.96,5.97,4500,0
2016-02-24,06:55:00,5.97,6.05,5.95,6.02,199500,0
2016-02-24,07:00:00,6.02,6.03,6,6.03,7000,0
2016-02-24,07:05:00,6.03,6.03,6.01,6.01,1000,0
2016-02-24,07:20:00,6.01,6.01,5.99,6,2500,0
2016-02-24,07:25:00,6,6,5.98,5.98,1000,0
2016-02-24,07:45:00,5.98,6,5.98,6,5000,0
2016-02-24,08:00:00,5.99,6.04,5.99,6.04,18500,0
2016-02-24,08:10:00,6.04,6.04,6.04,6.04,500,0
2016-02-24,08:15:00,6.04,6.04,6.03,6.03,1000,0
2016-02-24,08:20:00,6.03,6.03,5.95,5.95,10500,0
2016-02-24,08:35:00,5.95,6.02,5.95,5.97,8000,0
2016-02-24,08:40:00,5.97,6.02,5.97,5.97,19000,0
2016-02-24,08:45:00,5.97,6.04,5.97,6.04,1000,0
2016-02-24,08:50:00,6.04,6.04,6.04,6.04,1000,0
2016-02-24,08:55:00,6.04,6.04,5.97,6.02,3000,0
2016-02-24,09:00:00,6,6.05,5.97,6.05,5500,0
2016-02-25,02:40:00,5.98,6.05,5.98,6,2000,0
2016-02-25,02:45:00,6.07,6.07,6.05,6.07,13000,0
2016-02-25,02:50:00,6.07,6.07,6.02,6.02,5500,0
2016-02-25,03:35:00,6.02,6.02,6,6,3000,0
2016-02-25,03:45:00,6,6.01,6,6.01,1000,0
2016-02-25,04:20:00,6.01,6.01,5.98,6.01,2500,0
2016-02-25,04:35:00,6.01,6.01,5.97,5.97,27000,0
2016-02-25,04:50:00,5.97,5.97,5.95,5.95,38500,0
2016-02-25,04:55:00,5.95,5.95,5.41,5.6,6000,0
2016-02-25,06:05:00,5.6,5.62,5.6,5.62,5500,0
2016-02-25,06:10:00,5.76,5.9,5.76,5.9,3000,0
2016-02-25,06:15:00,5.89,5.9,5.88,5.89,5000,0
2016-02-25,06:20:00,5.89,5.89,5.87,5.87,5000,0
2016-02-25,06:35:00,5.87,5.87,5.86,5.86,1000,0
2016-02-25,06:45:00,5.88,5.96,5.88,5.96,1000,0
2016-02-25,07:05:00,5.96,5.96,5.96,5.96,1000,0
2016-02-25,07:10:00,5.96,5.96,5.95,5.95,1500,0
2016-02-25,07:20:00,5.95,5.96,5.94,5.94,2000,0
2016-02-25,07:25:00,5.94,5.96,5.94,5.95,4000,0
2016-02-25,07:30:00,5.95,5.96,5.95,5.96,1000,0
2016-02-25,07:35:00,5.96,5.96,5.94,5.96,7000,0
2016-02-25,07:55:00,5.96,5.96,5.95,5.95,1000,0
2016-02-25,08:05:00,5.94,5.94,5.94,5.94,500,0
2016-02-25,08:15:00,5.94,5.94,5.94,5.94,500,0
2016-02-25,08:30:00,5.94,5.97,5.94,5.97,1000,0
2016-02-25,08:40:00,5.97,5.97,5.85,5.85,2000,0
2016-02-25,08:50:00,5.85,5.97,5.8,5.8,2000,0
2016-02-25,08:55:00,5.8,5.97,5.8,5.8,2000,0
2016-02-25,09:00:00,5.82,5.91,5.82,5.9,14000,0
2016-02-26,02:45:00,6.35,6.35,5.96,6.35,9000,0
2016-02-26,02:50:00,6.34,6.34,6.32,6.32,1500,0
2016-02-26,02:55:00,6.27,6.27,6.22,6.22,11000,0
2016-02-26,03:10:00,6.18,6.18,6.15,6.15,1000,0
2016-02-26,03:35:00,6.15,6.15,6.15,6.15,500,0
2016-02-26,04:20:00,6.15,6.15,6.03,6.03,9000,0
2016-02-26,04:35:00,6.04,6.04,6.04,6.04,1500,0
2016-02-26,04:40:00,6.04,6.04,6.03,6.03,1500,0
2016-02-26,04:45:00,6.03,6.03,6.03,6.03,8500,0
2016-02-26,04:50:00,6.03,6.04,6.03,6.03,14000,0
2016-02-26,04:55:00,6.03,6.03,6.03,6.03,500,0
2016-02-26,06:05:00,6.03,6.19,6.03,6.19,1000,0
2016-02-26,06:15:00,6.19,6.2,6.19,6.2,1000,0
2016-02-26,07:05:00,6.2,6.25,6.2,6.25,4500,0
2016-02-26,07:10:00,6.25,6.25,6.25,6.25,500,0
2016-02-26,07:20:00,6.25,6.25,6.07,6.07,6000,0
2016-02-26,07:25:00,6.07,6.1,6.07,6.1,1500,0
2016-02-26,07:40:00,6.1,6.1,6,6,5000,0
2016-02-26,07:55:00,6,6,6,6,1000,0
2016-02-26,08:20:00,6.01,6.01,5.97,5.97,3000,0
2016-02-26,08:55:00,5.9,6.2,5.9,6.18,2500,0
2016-02-29,04:50:00,5.93,5.93,5.89,5.9,6000,0
2016-02-29,04:55:00,5.9,6,5.87,5.9,21500,0
2016-02-29,05:00:00,5.95,5.95,5.85,5.85,35000,0
2016-02-29,06:05:00,5.85,6.13,5.85,5.99,2000,0
2016-02-29,06:10:00,6.04,6.07,6.04,6.06,2000,0
2016-02-29,06:30:00,6.06,6.06,6.04,6.04,3000,0
2016-02-29,06:35:00,6.04,6.04,5.85,5.85,5000,0
2016-02-29,06:40:00,5.85,5.87,5.85,5.87,1500,0
2016-02-29,06:50:00,5.87,5.89,5.87,5.88,2000,0
2016-02-29,07:05:00,5.87,5.96,5.87,5.96,1000,0
2016-02-29,07:35:00,5.96,5.96,5.9,5.91,1500,0
2016-02-29,08:15:00,5.93,5.93,5.92,5.93,6500,0
2016-02-29,08:25:00,5.93,5.93,5.93,5.93,3000,0
2016-02-29,08:30:00,5.93,5.98,5.85,5.98,31500,0
2016-02-29,08:35:00,5.98,5.98,5.98,5.98,2500,0
2016-02-29,08:45:00,5.98,6,5.98,6,1000,0
2016-02-29,08:50:00,6,6.03,6,6,2000,0
2016-02-29,08:55:00,6,6.03,6,6.03,2500,0
2016-02-29,09:00:00,6.03,6.08,6,6.07,17000,0
2016-03-01,06:10:00,5.95,6.07,5.95,6.07,1500,0
2016-03-01,06:15:00,6.07,6.07,6.07,6.07,500,0
2016-03-01,07:05:00,6.07,6.07,6.07,6.07,3500,0
2016-03-01,07:35:00,6.06,6.06,6.03,6.03,1500,0
2016-03-01,08:00:00,6.04,6.04,6.03,6.03,1500,0
2016-03-01,08:25:00,6.04,6.04,6.04,6.04,1500,0
2016-03-01,08:45:00,6.04,6.04,6.04,6.04,500,0
2016-03-01,08:50:00,6.04,6.04,6.04,6.04,500,0
2016-03-01,09:00:00,6.04,6.04,6.04,6.04,500,0
2016-03-02,03:20:00,6.05,6.05,6.04,6.04,16500,0
2016-03-02,03:25:00,6.04,6.04,6.04,6.04,1000,0
2016-03-02,03:30:00,6.04,6.04,6.04,6.04,500,0
2016-03-02,03:35:00,6.04,6.04,6.04,6.04,500,0
2016-03-02,04:05:00,6.04,6.04,6.02,6.04,5000,0
2016-03-02,04:25:00,6.03,6.03,6.03,6.03,1000,0
2016-03-02,05:00:00,6.01,6.04,6.01,6.04,31000,0
2016-03-02,06:05:00,6.04,6.04,6.04,6.04,500,0
2016-03-02,06:25:00,6.04,6.04,6.04,6.04,500,0
2016-03-02,07:05:00,6.01,6.04,6.01,6.04,148500,0
2016-03-02,07:50:00,6.14,6.19,6.14,6.18,1500,0
2016-03-02,07:55:00,6.18,6.18,6.18,6.18,500,0
2016-03-02,08:10:00,6.18,6.19,6.18,6.19,1000,0
2016-03-02,08:25:00,6.19,6.2,6.19,6.2,1000,0
2016-03-02,08:50:00,6.2,6.2,6.19,6.19,2000,0
2016-03-02,08:55:00,6.19,6.19,6.19,6.19,500,0
2016-03-02,09:00:00,6.19,6.19,6.13,6.19,14000,0
2016-03-03,03:45:00,6.1,6.19,6.1,6.11,7000,0
2016-03-03,04:20:00,6.11,6.11,6.1,6.1,32000,0
2016-03-03,06:05:00,6.1,6.1,6.1,6.1,4500,0
2016-03-03,06:10:00,6.1,6.1,6.1,6.1,1000,0
2016-03-03,06:30:00,6.1,6.1,6.1,6.1,500,0
2016-03-03,06:50:00,6.1,6.13,6.1,6.11,2500,0
2016-03-03,07:45:00,6.09,6.09,6.09,6.09,500,0
2016-03-03,07:50:00,6.09,6.11,6.09,6.09,7500,0
2016-03-03,08:05:00,6.09,6.09,6.09,6.09,500,0
2016-03-03,08:15:00,6.09,6.09,6.09,6.09,500,0
2016-03-03,08:30:00,6.09,6.09,6.09,6.09,12000,0
2016-03-03,08:50:00,6.09,6.15,6.09,6.13,3500,0
2016-03-03,09:00:00,6.13,6.16,6.13,6.13,3000,0
2016-03-04,03:55:00,6.13,6.13,6.13,6.13,9,0
2016-03-04,04:05:00,6.13,6.13,6.13,6.13,15000,0
2016-03-04,06:05:00,6.13,6.13,6.08,6.08,28500,0
2016-03-04,06:10:00,6.08,6.08,6.08,6.08,1000,0
2016-03-04,06:15:00,6.08,6.08,6.06,6.07,11500,0
2016-03-04,06:25:00,6.07,6.07,6.07,6.07,1500,0
2016-03-04,06:35:00,6.07,6.07,5.98,6,29500,0
2016-03-04,06:45:00,6,6,5.97,5.97,6000,0
2016-03-04,07:35:00,6.01,6.01,6.01,6.01,4500,0
2016-03-04,08:30:00,6.02,6.14,6.02,6.14,4000,0
2016-03-04,08:35:00,6.14,6.14,6.13,6.13,1500,0
2016-03-04,08:40:00,6.13,6.13,6.13,6.13,500,0
2016-03-04,08:55:00,6.13,6.21,6.13,6.21,11500,0
2016-03-04,09:00:00,6.21,6.24,6.2,6.23,7500,0
2016-03-07,02:35:00,6.2,6.21,6.19,6.19,3000,0
2016-03-07,02:40:00,6.19,6.19,6.16,6.18,2500,0
2016-03-07,02:45:00,6.18,6.19,6.18,6.18,5000,0
2016-03-07,02:50:00,6.18,6.18,6.15,6.18,3000,0
2016-03-07,02:55:00,6.18,6.18,6.17,6.18,5000,0
2016-03-07,03:00:00,6.18,6.18,6.17,6.18,2500,0
2016-03-07,03:05:00,6.18,6.18,6.07,6.07,21500,0
2016-03-07,03:20:00,6.08,6.08,6.07,6.07,1000,0
2016-03-07,03:25:00,6.05,6.05,6.02,6.02,1000,0
2016-03-07,03:30:00,6.02,6.04,6.02,6.03,2000,0
2016-03-07,03:35:00,6.03,6.08,6.01,6.08,8000,0
2016-03-07,03:40:00,6.08,6.08,6.06,6.06,2500,0
2016-03-07,03:45:00,6.06,6.09,6.06,6.09,3500,0
2016-03-07,03:50:00,6.09,6.09,6.09,6.09,1500,0
2016-03-07,04:00:00,6.09,6.09,6.08,6.08,1000,0
2016-03-07,04:05:00,6.08,6.1,6.03,6.03,4500,0
2016-03-07,04:10:00,6.06,6.1,6.06,6.07,3000,0
2016-03-07,04:20:00,6.07,6.1,6.07,6.1,4000,0
2016-03-07,04:30:00,6.1,6.1,6.1,6.1,1500,0
2016-03-07,04:35:00,6.1,6.1,6.03,6.06,6500,0
2016-03-07,04:40:00,6.06,6.1,6.06,6.07,3000,0
2016-03-07,04:45:00,6.07,6.1,6.03,6.03,10000,0
2016-03-07,04:50:00,6.06,6.09,6.06,6.09,3000,0
2016-03-07,05:00:00,6.09,6.09,6.09,6.09,500,0
2016-03-07,06:05:00,6.09,6.09,6.09,6.09,3000,0
2016-03-07,06:10:00,6.09,6.1,6.09,6.09,2000,0
2016-03-07,06:15:00,6.09,6.1,6.09,6.09,3500,0
2016-03-07,06:20:00,6.09,6.1,6.07,6.07,3500,0
2016-03-07,06:25:00,6.07,6.07,6.07,6.07,500,0
2016-03-07,06:30:00,6.07,6.07,6.07,6.07,500,0
2016-03-07,06:35:00,6.07,6.07,6.07,6.07,1500,0
2016-03-07,06:40:00,6.07,6.1,6.07,6.07,24000,0
2016-03-07,06:45:00,6.07,6.07,6.07,6.07,6500,0
2016-03-07,06:55:00,6.07,6.07,6.07,6.07,5500,0
2016-03-07,07:05:00,6.07,6.07,6.07,6.07,4500,0
2016-03-07,07:15:00,6.07,6.07,6.06,6.07,5500,0
2016-03-07,07:20:00,6.07,6.07,6.07,6.07,500,0
2016-03-07,07:25:00,6.07,6.07,6.07,6.07,2000,0
2016-03-07,07:35:00,6.07,6.14,6.07,6.1,7000,0
2016-03-07,07:45:00,6.12,6.12,6.12,6.12,500,0
2016-03-07,07:50:00,6.12,6.12,6.12,6.12,500,0
2016-03-07,07:55:00,6.12,6.12,6.12,6.12,1000,0
2016-03-07,08:00:00,6.12,6.13,6.08,6.08,6500,0
2016-03-07,08:10:00,6.08,6.08,6.08,6.08,1500,0
2016-03-07,08:15:00,6.08,6.08,6.08,6.08,2000,0
2016-03-07,08:20:00,6.08,6.08,6.06,6.06,3000,0
2016-03-07,08:25:00,6.06,6.08,6.06,6.08,1500,0
2016-03-07,08:30:00,6.08,6.09,6.08,6.09,2500,0
2016-03-07,08:35:00,6.09,6.09,6.08,6.09,2000,0
2016-03-07,08:40:00,6.09,6.09,6.07,6.07,3000,0
2016-03-07,08:45:00,6.07,6.08,6.07,6.07,4000,0
2016-03-07,08:50:00,6.07,6.08,6.07,6.07,3000,0
2016-03-07,08:55:00,6.07,6.08,6.07,6.08,6500,0
2016-03-07,09:00:00,6.08,6.09,6.03,6.03,9500,0
2016-03-08,02:35:00,5.85,6.03,5.85,5.87,6000,0
2016-03-08,02:40:00,5.87,5.87,5.85,5.86,2500,0
2016-03-08,02:45:00,5.86,5.87,5.86,5.87,22000,0
2016-03-08,02:50:00,5.87,5.89,5.86,5.89,20500,0
2016-03-08,02:55:00,5.89,6.07,5.88,5.89,12000,0
2016-03-08,03:05:00,5.9,5.99,5.87,5.99,9000,0
2016-03-08,03:10:00,5.93,5.93,5.87,5.87,5000,0
2016-03-08,03:15:00,5.87,5.88,5.86,5.87,17000,0
2016-03-08,03:25:00,5.87,5.87,5.86,5.86,7500,0
2016-03-08,03:30:00,5.86,5.87,5.86,5.87,26000,0
2016-03-08,03:35:00,5.87,5.87,5.86,5.86,2500,0
2016-03-08,03:40:00,5.86,5.86,5.86,5.86,2000,0
2016-03-08,03:45:00,5.86,5.86,5.86,5.86,3000,0
2016-03-08,03:55:00,5.86,5.86,5.86,5.86,1000,0
2016-03-08,04:00:00,5.86,5.86,5.85,5.85,4000,0
2016-03-08,04:05:00,5.85,5.85,5.85,5.85,2500,0
2016-03-08,04:10:00,5.85,5.85,5.85,5.85,2000,0
2016-03-08,04:15:00,5.85,6.05,5.85,5.86,5500,0
2016-03-08,04:25:00,5.86,5.86,5.85,5.86,3500,0
2016-03-08,04:30:00,5.86,5.92,5.85,5.85,6000,0
2016-03-08,04:35:00,5.85,5.89,5.85,5.87,3000,0
2016-03-08,04:40:00,5.87,5.87,5.85,5.85,3500,0
2016-03-08,04:45:00,5.85,5.85,5.85,5.85,2000,0
2016-03-08,04:55:00,5.86,5.86,5.86,5.86,1000,0
2016-03-08,05:00:00,5.86,5.86,5.86,5.86,4000,0
2016-03-08,06:05:00,5.86,5.86,5.86,5.86,500,0
2016-03-08,06:10:00,5.86,5.86,5.86,5.86,1000,0
2016-03-08,06:15:00,5.86,5.86,5.86,5.86,3000,0
2016-03-08,06:20:00,5.88,5.91,5.88,5.88,5000,0
2016-03-08,06:25:00,5.88,5.88,5.86,5.86,6500,0
2016-03-08,06:30:00,5.86,5.86,5.86,5.86,474,0
2016-03-08,06:35:00,5.86,5.86,5.86,5.86,2000,0
2016-03-08,06:40:00,5.86,5.86,5.86,5.86,3000,0
2016-03-08,06:45:00,5.86,5.86,5.86,5.86,6000,0
2016-03-08,06:50:00,5.86,5.95,5.85,5.85,5500,0
2016-03-08,06:55:00,5.85,5.87,5.79,5.79,86000,0
2016-03-08,07:00:00,5.79,5.79,5.79,5.79,1500,0
2016-03-08,07:05:00,5.79,5.79,5.67,5.67,4000,0
2016-03-08,07:10:00,5.67,5.79,5.67,5.72,10000,0
2016-03-08,07:15:00,5.72,5.78,5.72,5.78,10000,0
2016-03-08,07:25:00,5.78,5.79,5.77,5.79,2000,0
2016-03-08,07:30:00,5.79,5.79,5.74,5.74,12000,0
2016-03-08,08:05:00,5.81,5.82,5.81,5.82,1500,0
2016-03-08,08:25:00,5.82,5.85,5.82,5.84,2500,0
2016-03-08,08:35:00,5.84,5.84,5.84,5.84,5000,0
2016-03-08,08:40:00,5.84,5.85,5.84,5.85,7000,0
2016-03-08,08:50:00,5.84,5.84,5.83,5.83,1000,0
2016-03-08,09:00:00,5.83,5.85,5.83,5.85,3000,0
2016-03-09,04:50:00,5.81,5.85,5.81,5.81,726000,0
2016-03-09,04:55:00,5.81,5.85,5.8,5.85,15500,0
2016-03-09,06:05:00,5.85,5.85,5.85,5.85,372500,0
2016-03-09,06:30:00,5.83,5.83,5.8,5.81,17500,0
2016-03-09,06:45:00,5.81,5.85,5.81,5.85,7000,0
2016-03-09,07:05:00,5.85,5.85,5.8,5.8,1500,0
2016-03-09,07:15:00,5.8,5.85,5.8,5.85,2000,0
2016-03-09,07:40:00,5.85,5.85,5.8,5.8,15500,0
2016-03-09,07:55:00,5.8,5.8,5.78,5.79,1500,0
2016-03-09,08:00:00,5.79,5.79,5.79,5.79,500,0
2016-03-09,08:05:00,5.79,5.79,5.79,5.79,500,0
2016-03-09,08:10:00,5.79,5.8,5.78,5.8,26500,0
2016-03-09,08:15:00,5.8,5.84,5.8,5.84,5000,0
2016-03-09,08:25:00,5.82,5.85,5.82,5.85,15000,0
2016-03-09,08:30:00,5.85,5.85,5.78,5.79,4500,0
2016-03-09,08:55:00,5.79,5.85,5.78,5.85,15500,0
2016-03-09,09:00:00,5.85,5.85,5.8,5.8,147000,0
2016-03-10,03:15:00,5.84,5.84,5.8,5.82,14000,0
2016-03-10,03:30:00,5.83,5.87,5.83,5.87,35500,0
2016-03-10,03:40:00,5.87,5.9,5.87,5.9,6000,0
2016-03-10,03:45:00,5.9,5.9,5.9,5.9,4000,0
2016-03-10,03:50:00,5.92,5.92,5.91,5.91,9000,0
2016-03-10,03:55:00,5.91,5.91,5.91,5.91,500,0
2016-03-10,04:00:00,5.91,5.91,5.91,5.91,500,0
2016-03-10,04:05:00,5.91,5.91,5.88,5.9,11000,0
2016-03-10,04:10:00,5.84,5.85,5.84,5.84,1500,0
2016-03-10,04:20:00,5.84,5.91,5.84,5.91,1000,0
2016-03-10,04:30:00,5.89,5.89,5.87,5.89,2000,0
2016-03-10,04:35:00,5.89,5.91,5.88,5.91,2500,0
2016-03-10,04:45:00,5.91,5.91,5.91,5.91,500,0
2016-03-10,05:00:00,5.91,5.91,5.91,5.91,500,0
2016-03-10,06:05:00,5.91,5.91,5.91,5.91,1000,0
2016-03-10,06:20:00,5.9,5.9,5.9,5.9,3000,0
2016-03-10,06:25:00,5.9,5.91,5.9,5.91,2000,0
2016-03-10,06:40:00,5.9,5.9,5.9,5.9,500,0
2016-03-10,06:45:00,5.9,5.9,5.9,5.9,500,0
2016-03-10,06:55:00,5.9,5.91,5.88,5.88,11500,0
2016-03-10,07:05:00,5.88,5.92,5.88,5.92,1000,0
2016-03-10,07:15:00,5.92,5.92,5.92,5.92,1000,0
2016-03-10,07:20:00,5.88,5.88,5.88,5.88,1000,0
2016-03-10,07:30:00,5.88,5.88,5.88,5.88,500,0
2016-03-10,07:35:00,5.88,5.92,5.88,5.92,1000,0
2016-03-10,07:45:00,5.92,5.92,5.92,5.92,500,0
2016-03-10,07:50:00,5.9,5.9,5.9,5.9,500,0
2016-03-10,07:55:00,5.9,5.9,5.88,5.88,1000,0
2016-03-10,08:00:00,5.88,5.9,5.88,5.9,1500,0
2016-03-10,08:15:00,5.9,5.9,5.9,5.9,1000,0
2016-03-10,08:25:00,5.9,5.9,5.9,5.9,500,0
2016-03-10,08:30:00,5.9,5.9,5.87,5.87,4000,0
2016-03-10,08:40:00,5.87,5.9,5.87,5.88,2000,0
2016-03-10,08:45:00,5.88,5.88,5.88,5.88,7000,0
2016-03-10,08:50:00,5.88,5.88,5.88,5.88,1500,0
2016-03-10,08:55:00,5.88,5.88,5.88,5.88,1000,0
2016-03-10,09:00:00,5.88,5.89,5.81,5.89,7000,0
2016-03-11,02:35:00,5.83,5.91,5.83,5.91,8000,0
2016-03-11,02:45:00,5.91,6.14,5.85,5.9,48500,0
2016-03-11,02:50:00,5.9,5.95,5.85,5.85,4500,0
2016-03-11,02:55:00,5.85,5.85,5.85,5.85,3000,0
2016-03-11,03:00:00,5.85,5.92,5.85,5.92,1000,0
2016-03-11,03:20:00,5.92,5.92,5.92,5.92,500,0
2016-03-11,03:25:00,5.89,5.89,5.89,5.89,11000,0
2016-03-11,03:35:00,5.89,5.89,5.89,5.89,500,0
2016-03-11,03:50:00,5.89,5.89,5.89,5.89,500,0
2016-03-11,04:00:00,5.87,5.89,5.87,5.89,2000,0
2016-03-11,04:05:00,5.89,5.89,5.89,5.89,3000,0
2016-03-11,04:15:00,5.89,5.89,5.84,5.84,7500,0
2016-03-11,04:20:00,5.84,5.89,5.84,5.89,1000,0
2016-03-11,04:40:00,5.89,5.89,5.89,5.89,500,0
2016-03-11,04:45:00,5.87,5.87,5.87,5.87,500,0
2016-03-11,05:00:00,5.87,5.89,5.87,5.89,1000,0
2016-03-11,06:05:00,5.89,5.89,5.85,5.86,13500,0
2016-03-11,06:10:00,5.86,5.89,5.86,5.89,1500,0
2016-03-11,06:25:00,5.88,5.89,5.88,5.89,2000,0
2016-03-11,06:35:00,5.89,5.89,5.86,5.89,9000,0
2016-03-11,06:45:00,5.89,5.89,5.84,5.84,37000,0
2016-03-11,06:50:00,5.84,5.89,5.84,5.89,11000,0
2016-03-11,06:55:00,5.89,5.89,5.89,5.89,500,0
2016-03-11,07:05:00,5.89,5.89,5.88,5.88,3500,0
2016-03-11,07:10:00,5.88,5.88,5.86,5.86,1000,0
2016-03-11,07:15:00,5.86,5.89,5.86,5.89,1000,0
2016-03-11,07:25:00,5.89,5.89,5.89,5.89,1500,0
2016-03-11,07:40:00,5.89,5.92,5.89,5.92,1000,0
2016-03-11,07:50:00,5.89,5.92,5.89,5.92,1000,0
2016-03-11,08:05:00,5.92,5.92,5.92,5.92,500,0
2016-03-11,08:15:00,5.92,5.92,5.86,5.86,12000,0
2016-03-11,08:30:00,5.86,5.86,5.86,5.86,500,0
2016-03-11,08:35:00,5.86,5.92,5.86,5.92,1500,0
2016-03-11,08:50:00,5.92,5.92,5.92,5.92,500,0
2016-03-11,08:55:00,5.89,5.92,5.87,5.87,9500,0
2016-03-11,09:00:00,5.87,5.92,5.87,5.88,12000,0
2016-03-14,04:55:00,5.98,6.04,5.89,6,4500,0
2016-03-14,06:05:00,6,6,5.94,5.94,9500,0
2016-03-14,06:10:00,5.94,5.94,5.94,5.94,1000,0
2016-03-14,06:15:00,5.94,5.95,5.89,5.9,6500,0
2016-03-14,06:20:00,5.9,5.95,5.87,5.9,22500,0
2016-03-14,06:30:00,5.95,6,5.95,6,30500,0
2016-03-14,06:35:00,6,6.04,6,6,10000,0
2016-03-14,06:55:00,6,6.02,5.95,6.01,22500,0
2016-03-14,07:00:00,6,6,5.95,5.96,5000,0
2016-03-14,07:20:00,5.93,5.96,5.9,5.96,3000,0
2016-03-14,07:25:00,5.96,5.96,5.96,5.96,500,0
2016-03-14,07:40:00,5.96,5.96,5.95,5.95,1500,0
2016-03-14,07:50:00,5.93,5.96,5.9,5.96,3000,0
2016-03-14,08:15:00,5.96,5.96,5.89,5.9,5500,0
2016-03-14,08:20:00,5.9,5.91,5.89,5.91,52000,0
2016-03-14,08:30:00,5.92,5.96,5.92,5.96,1200,0
2016-03-14,08:40:00,5.96,5.96,5.95,5.95,13000,0
2016-03-14,08:45:00,5.94,5.94,5.93,5.93,1000,0
2016-03-14,08:50:00,5.93,5.95,5.93,5.95,1000,0
2016-03-14,08:55:00,5.95,5.95,5.94,5.94,4500,0
2016-03-14,09:00:00,5.94,5.95,5.88,5.89,8000,0
2016-03-15,02:35:00,5.84,5.89,5.84,5.84,3000,0
2016-03-15,03:15:00,5.84,5.84,5.84,5.84,10000,0
2016-03-15,03:20:00,5.84,5.95,5.84,5.95,4000,0
2016-03-15,03:30:00,5.95,5.95,5.95,5.95,1000,0
2016-03-15,04:05:00,5.95,6,5.95,6,33000,0
2016-03-15,04:10:00,6,6,6,6,500,0
2016-03-15,04:20:00,6,6.03,6,6.03,1000,0
2016-03-15,04:30:00,6.03,6.03,6.03,6.03,500,0
2016-03-15,04:40:00,6.03,6.03,6.03,6.03,500,0
2016-03-15,04:50:00,6.03,6.03,6.03,6.03,500,0
2016-03-15,05:00:00,6.03,6.03,5.98,5.98,5000,0
2016-03-15,06:05:00,5.98,6,5.97,5.97,4500,0
2016-03-15,06:15:00,5.97,6,5.97,6,1000,0
2016-03-15,06:25:00,6,6,6,6,500,0
2016-03-15,06:35:00,6,6,6,6,500,0
2016-03-15,06:45:00,6,6,5.99,5.99,4000,0
2016-03-15,07:00:00,5.99,5.99,5.99,5.99,2500,0
2016-03-15,07:20:00,5.99,6,5.99,6,1000,0
2016-03-15,07:30:00,5.99,6,5.99,6,3500,0
2016-03-15,07:35:00,5.99,5.99,5.98,5.98,1000,0
2016-03-15,07:50:00,5.98,5.98,5.98,5.98,1000,0
2016-03-15,08:05:00,5.98,5.98,5.98,5.98,1000,0
2016-03-15,08:10:00,5.98,6,5.97,6,3500,0
2016-03-15,08:30:00,6,6,5.88,5.88,16000,0
2016-03-15,08:40:00,5.88,5.88,5.88,5.88,500,0
2016-03-15,08:55:00,5.98,6,5.98,6,3000,0
2016-03-16,02:35:00,5.95,6,5.95,5.95,1000,0
2016-03-16,02:50:00,5.94,5.94,5.92,5.92,8500,0
2016-03-16,02:55:00,5.92,5.94,5.92,5.94,2500,0
2016-03-16,03:05:00,5.94,5.95,5.94,5.95,3500,0
2016-03-16,03:10:00,5.95,5.95,5.94,5.94,1000,0
2016-03-16,03:25:00,5.94,5.95,5.94,5.95,2000,0
2016-03-16,03:30:00,5.95,5.95,5.95,5.95,500,0
2016-03-16,04:00:00,5.94,5.94,5.92,5.92,1000,0
2016-03-16,04:30:00,5.94,5.95,5.94,5.95,1000,0
2016-03-16,04:45:00,5.95,5.95,5.92,5.92,10500,0
2016-03-16,04:55:00,5.92,5.94,5.92,5.94,2000,0
2016-03-16,06:10:00,5.89,5.95,5.89,5.95,8000,0
2016-03-16,06:20:00,5.91,5.92,5.91,5.92,2000,0
2016-03-16,06:30:00,5.91,5.91,5.91,5.91,2000,0
2016-03-16,06:45:00,5.92,5.92,5.88,5.88,8000,0
2016-03-16,06:50:00,5.88,5.95,5.88,5.95,1500,0
2016-03-16,07:20:00,5.87,5.92,5.87,5.9,3500,0
2016-03-16,07:40:00,5.9,5.95,5.9,5.95,7500,0
2016-03-16,07:45:00,5.94,5.94,5.93,5.93,1000,0
2016-03-16,08:25:00,5.93,5.93,5.93,5.93,500,0
2016-03-16,08:45:00,5.93,5.95,5.93,5.95,6500,0
2016-03-16,08:55:00,5.94,5.94,5.94,5.94,1000,0
2016-03-16,09:00:00,5.94,5.95,5.93,5.93,3500,0
2016-03-17,02:35:00,5.95,5.95,5.94,5.95,11500,0
2016-03-17,02:55:00,5.98,6,5.98,6,3000,0
2016-03-17,03:00:00,6,6,6,6,500,0
2016-03-17,03:15:00,5.97,5.97,5.93,5.94,9500,0
2016-03-17,03:20:00,5.94,6,5.94,6,5000,0
2016-03-17,03:25:00,6,6,5.99,5.99,1000,0
2016-03-17,03:40:00,5.99,5.99,5.99,5.99,500,0
2016-03-17,04:30:00,5.99,5.99,5.85,5.86,1500,0
2016-03-17,05:00:00,5.9,5.9,5.9,5.9,5500,0
2016-03-17,07:45:00,5.9,5.95,5.9,5.95,1000,0
2016-03-17,08:55:00,5.95,5.95,5.95,5.95,1500,0
2016-03-17,09:00:00,5.95,5.95,5.95,5.95,1500,0
2016-03-18,04:35:00,5.95,5.95,5.91,5.93,1000,0
2016-03-18,04:45:00,5.93,6.01,5.93,6.01,5500,0
2016-03-18,04:50:00,6.01,6.08,6.01,6.04,10500,0
2016-03-18,05:00:00,6.04,6.04,6.04,6.04,1000,0
2016-03-18,06:05:00,6.04,6.04,5.94,5.94,1000,0
2016-03-18,06:20:00,5.94,5.95,5.93,5.93,20500,0
2016-03-18,06:25:00,5.93,5.93,5.93,5.93,500,0
2016-03-18,06:45:00,5.95,5.99,5.95,5.99,2500,0
2016-03-18,06:50:00,5.99,5.99,5.96,5.96,3000,0
2016-03-18,07:10:00,5.95,5.96,5.95,5.96,1000,0
2016-03-18,07:45:00,5.96,5.99,5.96,5.99,1500,0
2016-03-18,08:45:00,5.91,5.99,5.91,5.99,1500,0
2016-03-18,08:55:00,5.99,5.99,5.99,5.99,1500,0
2016-03-18,09:00:00,5.99,6.05,5.92,6,22000,0
2016-03-21,03:25:00,6,6.04,5.99,6.04,5000,0
2016-03-21,04:35:00,6.04,6.05,6,6,8500,0
2016-03-21,04:40:00,6,6.05,6,6.05,2000,0
2016-03-21,05:00:00,6.05,6.05,5.93,6.05,10000,0
2016-03-21,06:05:00,6.05,6.05,5.94,6,7250,0
2016-03-21,06:50:00,6,6,5.95,5.95,1000,0
2016-03-21,07:15:00,6,6.05,6,6,2000,0
2016-03-21,08:10:00,6,6,5.99,6,4000,0
2016-03-21,08:25:00,6,6,6,6,5500,0
2016-03-21,08:55:00,6,6.03,6,6.03,1000,0
2016-03-21,09:00:00,6.03,6.03,6.03,6.03,1000,0
2016-03-22,03:30:00,6.1,6.11,6.03,6.11,6500,0
2016-03-22,04:25:00,6.11,6.11,6.09,6.09,1000,0
2016-03-22,06:15:00,6.09,6.11,6.05,6.06,23500,0
2016-03-22,06:20:00,6.06,6.11,6.05,6.06,10000,0
2016-03-22,06:30:00,6.06,6.06,6.06,6.06,500,0
2016-03-22,06:35:00,6.06,6.06,6.02,6.02,1000,0
2016-03-22,06:40:00,6.02,6.06,6.02,6.06,4500,0
2016-03-22,08:15:00,6.06,6.06,6.02,6.02,1500,0
2016-03-22,08:45:00,6.02,6.02,6.02,6.02,500,0
2016-03-22,08:55:00,6.02,6.05,6.02,6.02,8500,0
2016-03-22,09:00:00,6.02,6.06,6.01,6.02,2000,0
2016-03-23,03:05:00,6.06,6.06,6.02,6.05,2000,0
2016-03-23,03:20:00,6.06,6.06,6.05,6.06,1057700,0
2016-03-23,03:25:00,6.06,6.07,6.06,6.07,1500,0
2016-03-23,03:30:00,6.07,6.11,6.07,6.11,1500,0
2016-03-23,03:35:00,6.12,6.16,6.12,6.16,11000,0
2016-03-23,03:45:00,6.16,6.16,6.12,6.12,26000,0
2016-03-23,03:50:00,6.12,6.12,6.12,6.12,5000,0
2016-03-23,04:00:00,6.12,6.13,6.1,6.1,16000,0
2016-03-23,04:05:00,6.1,6.1,6.06,6.1,5000,0
2016-03-23,04:10:00,6.09,6.09,6.09,6.09,500,0
2016-03-23,04:15:00,6.09,6.09,6.05,6.05,18700,0
2016-03-23,04:20:00,6.05,6.06,6.05,6.05,2500,0
2016-03-23,04:35:00,6.05,6.06,6.05,6.06,1000,0
2016-03-23,04:45:00,6.06,6.07,6.05,6.07,2500,0
2016-03-23,05:00:00,6.07,6.07,6.07,6.07,500,0
2016-03-23,06:05:00,6.07,6.07,6.01,6.01,21000,0
2016-03-23,06:10:00,6.01,6.05,6.01,6.05,36000,0
2016-03-23,06:15:00,6.05,6.05,6.05,6.05,500,0
2016-03-23,06:20:00,6.05,6.05,6.05,6.05,500,0
2016-03-23,06:35:00,6.05,6.05,6.05,6.05,500,0
2016-03-23,06:45:00,6.05,6.06,6.05,6.06,50000,0
2016-03-23,06:50:00,6.05,6.05,6.05,6.05,29500,0
2016-03-23,06:55:00,6.05,6.06,6.05,6.06,1500,0
2016-03-23,07:05:00,6.06,6.06,6.06,6.06,2000,0
2016-03-23,07:10:00,6.05,6.05,6.05,6.05,500,0
2016-03-23,07:15:00,6.05,6.06,6.05,6.06,1000,0
2016-03-23,07:20:00,6.06,6.06,6.06,6.06,1000,0
2016-03-23,07:25:00,6.06,6.06,6.04,6.05,24000,0
2016-03-23,07:35:00,6.05,6.06,6.05,6.06,11500,0
2016-03-23,07:50:00,6.06,6.06,6.06,6.06,500,0
2016-03-23,08:10:00,6.06,6.06,6.05,6.06,2000,0
2016-03-23,08:25:00,6.06,6.06,6.06,6.06,500,0
2016-03-23,08:30:00,6.06,6.06,6.06,6.06,13000,0
2016-03-23,08:35:00,6.06,6.06,6.06,6.06,500,0
2016-03-23,08:40:00,6.06,6.06,6.06,6.06,500,0
2016-03-23,08:50:00,6.06,6.06,6.06,6.06,3000,0
2016-03-23,08:55:00,6.06,6.06,6.05,6.06,2500,0
2016-03-23,09:00:00,6.05,6.06,6.03,6.05,23000,0
2016-03-24,02:35:00,6.03,6.03,6.03,6.03,500,0
2016-03-24,02:40:00,6.03,6.15,6.01,6.15,544000,0
2016-03-24,02:45:00,6.15,6.15,6.07,6.07,1500,0
2016-03-24,03:00:00,6.07,6.15,6.07,6.15,1000,0
2016-03-24,03:15:00,6.15,6.15,6.14,6.14,1000,0
2016-03-24,03:25:00,6.14,6.14,6.12,6.12,1500,0
2016-03-24,03:35:00,6.12,6.12,6.07,6.07,33500,0
2016-03-24,03:40:00,6.07,6.08,6.07,6.08,1000,0
2016-03-24,03:50:00,6.08,6.08,6.08,6.08,500,0
2016-03-24,03:55:00,6.08,6.08,6.08,6.08,500,0
2016-03-24,04:10:00,6.08,6.08,6.08,6.08,500,0
2016-03-24,04:15:00,6.08,6.08,6.07,6.08,2000,0
2016-03-24,04:35:00,6.08,6.08,6.08,6.08,500,0
2016-03-24,04:40:00,6.06,6.06,6.06,6.06,500,0
2016-03-24,04:50:00,6.06,6.06,6.06,6.06,500,0
2016-03-24,06:05:00,6.06,6.06,6.06,6.06,1500,0
2016-03-24,06:10:00,6.06,6.08,6.06,6.07,1500,0
2016-03-24,06:15:00,6.07,6.07,6.05,6.05,1000,0
2016-03-24,06:20:00,6.05,6.05,6.05,6.05,500,0
2016-03-24,06:30:00,6.05,6.05,6.05,6.05,500,0
2016-03-24,06:45:00,6.05,6.05,6.05,6.05,7500,0
2016-03-24,06:55:00,6.05,6.07,6.05,6.07,1500,0
2016-03-24,07:05:00,6.07,6.08,6.07,6.08,1000,0
2016-03-24,07:20:00,6.08,6.08,6.03,6.03,1500,0
2016-03-24,07:30:00,6.03,6.08,6.03,6.08,1000,0
2016-03-24,07:35:00,6.08,6.08,6.03,6.03,2000,0
2016-03-24,07:45:00,6.03,6.08,6.03,6.07,2000,0
2016-03-24,07:50:00,6.07,6.07,6.07,6.07,500,0
2016-03-24,08:00:00,6.07,6.07,6.07,6.07,500,0
2016-03-24,08:05:00,6.07,6.1,6.06,6.06,11000,0
2016-03-24,08:15:00,6.06,6.06,6.05,6.05,1500,0
2016-03-24,08:20:00,6.05,6.06,6.05,6.06,1000,0
2016-03-24,08:30:00,6.06,6.06,6.06,6.06,500,0
2016-03-24,08:35:00,6.06,6.06,6.06,6.06,1000,0
2016-03-24,08:45:00,6.06,6.06,6.03,6.03,2000,0
2016-03-24,08:50:00,6.03,6.06,6.03,6.06,1000,0
2016-03-24,08:55:00,6.06,6.06,6.05,6.05,1000,0
2016-03-24,09:00:00,6.05,6.06,6.05,6.06,13000,0
2016-03-29,03:40:00,6.03,6.06,6.03,6.03,5000,0
2016-03-29,04:55:00,6.02,6.03,6.02,6.03,15500,0
2016-03-29,05:00:00,6.03,6.03,6.03,6.03,2000,0
2016-03-29,05:10:00,6.01,6.06,6.01,6.06,23500,0
2016-03-29,05:25:00,6.06,6.06,6.06,6.06,500,0
2016-03-29,05:45:00,6.02,6.02,6.02,6.02,500,0
2016-03-29,07:15:00,6.02,6.09,6.02,6.09,8500,0
2016-03-29,07:25:00,6.09,6.09,6.09,6.09,500,0
2016-03-29,07:45:00,6.09,6.14,6.08,6.11,7500,0
2016-03-29,07:50:00,6.11,6.11,6.11,6.11,1500,0
2016-03-29,08:25:00,6.11,6.11,6.08,6.1,2000,0
2016-03-29,08:30:00,6.09,6.09,6.08,6.09,3500,0
2016-03-29,08:55:00,6.09,6.09,6.04,6.04,1000,0
2016-03-29,09:20:00,6.04,6.04,6.04,6.04,500,0
2016-03-29,09:35:00,6.04,6.04,6.03,6.03,6500,0
2016-03-29,09:40:00,6.03,6.04,6.02,6.03,5500,0
2016-03-29,09:45:00,6.03,6.03,6.02,6.02,1000,0
2016-03-29,10:00:00,6.02,6.07,6.02,6.07,21500,0
2016-03-30,03:35:00,6.12,6.12,5.94,5.95,14000,0
2016-03-30,03:45:00,6.01,6.07,6.01,6.07,6000,0
2016-03-30,03:55:00,6.07,6.17,6.07,6.17,89000,0
2016-03-30,04:10:00,6.1,6.1,6.1,6.1,2000,0
2016-03-30,04:20:00,6.1,6.1,6.09,6.09,6500,0
2016-03-30,04:30:00,6.09,6.1,6.09,6.1,11000,0
2016-03-30,04:35:00,6.1,6.1,6.1,6.1,24500,0
2016-03-30,04:40:00,6.15,6.15,6.13,6.13,3000,0
2016-03-30,04:45:00,6.13,6.14,6.13,6.14,4000,0
2016-03-30,04:55:00,6.14,6.14,6.13,6.13,7500,0
2016-03-30,05:10:00,6.13,6.13,6.13,6.13,500,0
2016-03-30,05:20:00,6.13,6.13,6.13,6.13,500,0
2016-03-30,05:25:00,6.13,6.13,6.13,6.13,500,0
2016-03-30,05:35:00,6.13,6.13,6.13,6.13,500,0
2016-03-30,05:45:00,6.13,6.13,6.13,6.13,1000,0
2016-03-30,07:05:00,6.13,6.13,6.08,6.08,27000,0
2016-03-30,07:10:00,6.08,6.11,6.08,6.11,2000,0
2016-03-30,07:25:00,6.12,6.13,6.12,6.13,1000,0
2016-03-30,07:35:00,6.13,6.13,6.13,6.13,500,0
2016-03-30,07:40:00,6.13,6.13,6.13,6.13,500,0
2016-03-30,07:50:00,6.13,6.13,6.1,6.1,5500,0
2016-03-30,08:25:00,6.11,6.12,6.11,6.12,1500,0
2016-03-30,08:35:00,6.12,6.12,6.1,6.1,10500,0
2016-03-30,08:45:00,6.1,6.1,6.1,6.1,500,0
2016-03-30,08:55:00,6.1,6.1,6.1,6.1,1000,0
2016-03-30,09:10:00,6.1,6.1,6.09,6.09,12000,0
2016-03-30,09:15:00,6.09,6.09,6.09,6.09,500,0
2016-03-30,09:20:00,6.09,6.1,6.09,6.1,2000,0
2016-03-30,09:35:00,6.1,6.1,6.1,6.1,1500,0
2016-03-30,09:50:00,6.1,6.1,6.09,6.09,9500,0
2016-03-30,09:55:00,6.09,6.1,6.09,6.09,15000,0
2016-03-30,10:00:00,6.09,6.1,6.09,6.09,20000,0
2016-03-31,03:40:00,6.12,6.12,5.95,5.97,11500,0
2016-03-31,04:15:00,6.03,6.04,6.03,6.04,111000,0
2016-03-31,05:35:00,6.05,6.1,6.05,6.1,12000,0
2016-03-31,05:45:00,6.1,6.1,6.1,6.1,1500,0
2016-03-31,05:50:00,6.1,6.1,6.09,6.1,6000,0
2016-03-31,06:00:00,6.1,6.12,6.1,6.12,18500,0
2016-03-31,07:05:00,6.12,6.12,6.11,6.11,1000,0
2016-03-31,07:10:00,6.11,6.12,6.11,6.12,7500,0
2016-03-31,07:15:00,6.12,6.12,6.12,6.12,2000,0
2016-03-31,07:20:00,6.12,6.12,6.12,6.12,2500,0
2016-03-31,07:25:00,6.12,6.12,6.12,6.12,500,0
2016-03-31,07:35:00,6.12,6.12,6.12,6.12,1000,0
2016-03-31,07:40:00,6.12,6.12,6.12,6.12,3000,0
2016-03-31,07:50:00,6.13,6.15,6.13,6.15,12000,0
2016-03-31,08:00:00,6.15,6.15,6.15,6.15,4000,0
2016-03-31,08:15:00,6.18,6.19,6.18,6.18,2000,0
2016-03-31,08:25:00,6.18,6.18,6.15,6.15,4500,0
2016-03-31,08:35:00,6.15,6.15,6.15,6.15,500,0
2016-03-31,08:40:00,6.15,6.15,6.15,6.15,1000,0
2016-03-31,08:55:00,6.15,6.15,6.14,6.14,2500,0
2016-03-31,09:00:00,6.14,6.14,6.14,6.14,2000,0
2016-03-31,09:35:00,6.14,6.14,6.14,6.14,500,0
2016-03-31,09:40:00,6.14,6.14,6.13,6.13,3750,0
2016-03-31,09:50:00,6.13,6.14,6.13,6.14,13500,0
2016-03-31,10:00:00,6.14,6.14,6.11,6.14,8500,0
2016-04-01,04:20:00,6.16,6.16,6.14,6.14,3500,0
2016-04-01,04:25:00,6.14,6.14,6.14,6.14,2500,0
2016-04-01,04:35:00,6.14,6.14,6.1,6.11,1500,0
2016-04-01,04:40:00,6.11,6.11,6.11,6.11,500,0
2016-04-01,05:25:00,6.11,6.11,6.1,6.1,3000,0
2016-04-01,05:30:00,6.1,6.1,6.1,6.1,500,0
2016-04-01,05:35:00,6.1,6.1,6.07,6.1,6500,0
2016-04-01,07:15:00,6.1,6.14,6.07,6.14,2500,0
2016-04-01,07:30:00,6.1,6.1,6.1,6.1,4500,0
2016-04-01,08:05:00,6.1,6.1,6.04,6.05,7000,0
2016-04-01,08:20:00,6.05,6.05,6.04,6.04,4500,0
2016-04-01,08:40:00,6.04,6.09,5.99,6.03,54500,0
2016-04-01,08:45:00,6.05,6.1,6.05,6.1,6000,0
2016-04-01,08:50:00,6.1,6.1,6.02,6.05,39000,0
2016-04-01,08:55:00,6.05,6.05,6.05,6.05,5500,0
2016-04-01,09:00:00,6.05,6.05,6.05,6.05,47000,0
2016-04-01,09:05:00,6.05,6.05,6.05,6.05,13000,0
2016-04-01,09:10:00,6.05,6.05,6.04,6.05,68500,0
2016-04-01,09:15:00,6.05,6.08,6.04,6.05,70500,0
2016-04-01,09:20:00,6.05,6.05,6.05,6.05,66000,0
2016-04-01,09:25:00,6.05,6.05,6.04,6.04,1500,0
2016-04-01,09:30:00,6.05,6.05,6.05,6.05,12000,0
2016-04-01,09:35:00,6.05,6.05,6.05,6.05,8000,0
2016-04-01,09:40:00,6.05,6.05,6.05,6.05,3000,0
2016-04-01,09:50:00,6.06,6.09,6.06,6.09,1000,0
2016-04-01,10:00:00,6.09,6.09,6.05,6.09,17000,0
2016-04-05,03:35:00,6.09,6.09,6.05,6.07,18000,0
2016-04-05,03:40:00,6.07,6.07,6.05,6.07,12000,0
2016-04-05,03:50:00,6.07,6.07,6.05,6.07,5000,0
2016-04-05,03:55:00,6.07,6.07,6.06,6.06,1000,0
2016-04-05,04:05:00,6.06,6.06,6.05,6.05,43500,0
2016-04-05,04:10:00,6.05,6.05,6.05,6.05,50000,0
2016-04-05,04:15:00,6.05,6.06,6.05,6.06,12000,0
2016-04-05,04:25:00,6.06,6.07,6.06,6.07,1500,0
2016-04-05,04:35:00,6.07,6.08,6.07,6.08,9000,0
2016-04-05,04:40:00,6.08,6.09,6.08,6.09,12500,0
2016-04-05,04:50:00,6.09,6.09,6.08,6.08,16500,0
2016-04-05,05:20:00,6.09,6.14,6.09,6.14,1000,0
2016-04-05,05:30:00,6.14,6.14,6.13,6.13,1000,0
2016-04-05,05:35:00,6.13,6.13,6.13,6.13,500,0
2016-04-05,05:40:00,6.13,6.18,6.13,6.18,14500,0
2016-04-05,05:45:00,6.14,6.14,6.13,6.13,4500,0
2016-04-05,06:00:00,6.13,6.14,6.13,6.14,1000,0
2016-04-05,07:05:00,6.14,6.14,6.11,6.11,5750,0
2016-04-05,07:10:00,6.11,6.11,6.06,6.07,17000,0
2016-04-05,07:15:00,6.07,6.08,6.07,6.08,4000,0
2016-04-05,07:45:00,6.09,6.13,6.09,6.13,1000,0
2016-04-05,07:50:00,6.13,6.13,6.13,6.13,500,0
2016-04-05,07:55:00,6.13,6.13,6.12,6.12,2500,0
2016-04-05,08:05:00,6.12,6.12,6.1,6.1,1500,0
2016-04-05,08:15:00,6.1,6.1,6.07,6.08,27000,0
2016-04-05,08:20:00,6.08,6.08,6.06,6.06,4500,0
2016-04-05,08:30:00,6.06,6.06,6.05,6.05,8500,0
2016-04-05,08:35:00,6.06,6.1,6.06,6.1,11000,0
2016-04-05,09:00:00,6.1,6.12,6.1,6.11,1500,0
2016-04-05,09:05:00,6.11,6.11,6.11,6.11,500,0
2016-04-05,09:15:00,6.11,6.12,6.11,6.11,1500,0
2016-04-05,09:20:00,6.11,6.12,6.11,6.12,1500,0
2016-04-05,09:30:00,6.12,6.12,6.1,6.1,15500,0
2016-04-05,09:55:00,6.11,6.12,6.11,6.12,2000,0
2016-04-05,10:00:00,6.12,6.14,6.12,6.14,3500,0
2016-04-06,03:35:00,6.11,6.13,5.99,6.03,32000,0
2016-04-06,03:45:00,6.03,6.03,5.98,6.02,10000,0
2016-04-06,03:55:00,6.05,6.05,6.05,6.05,1000,0
2016-04-06,04:00:00,6.06,6.08,6.05,6.05,5000,0
2016-04-06,04:05:00,6.06,6.06,6.04,6.04,24000,0
2016-04-06,04:10:00,6.04,6.05,6.04,6.05,8500,0
2016-04-06,04:50:00,6.06,6.07,6.06,6.07,1500,0
2016-04-06,04:55:00,6.07,6.07,6.07,6.07,500,0
2016-04-06,05:20:00,6.07,6.07,6.07,6.07,500,0
2016-04-06,05:25:00,6.07,6.08,6.07,6.08,13000,0
2016-04-06,05:30:00,6.08,6.08,6.07,6.07,1000,0
2016-04-06,05:35:00,6.07,6.07,6.07,6.07,2000,0
2016-04-06,05:40:00,6.07,6.08,6.07,6.08,4500,0
2016-04-06,05:45:00,6.08,6.08,6.06,6.06,2000,0
2016-04-06,05:55:00,6.06,6.08,6.06,6.08,5000,0
2016-04-06,06:00:00,6.08,6.1,6.08,6.1,1000,0
2016-04-06,07:05:00,6.1,6.1,6.05,6.05,12500,0
2016-04-06,07:10:00,6.05,6.07,6.05,6.06,25000,0
2016-04-06,07:15:00,6.06,6.06,6.04,6.04,26500,0
2016-04-06,07:20:00,6.06,6.06,6.01,6.01,22000,0
2016-04-06,07:30:00,6.05,6.05,6.04,6.05,6000,0
2016-04-06,07:35:00,6.05,6.05,6.05,6.05,500,0
2016-04-06,07:40:00,6.05,6.05,6.04,6.04,11500,0
2016-04-06,07:45:00,6.04,6.05,6.04,6.05,4500,0
2016-04-06,07:50:00,6.05,6.05,6.02,6.05,29000,0
2016-04-06,08:05:00,6.05,6.05,6.03,6.04,32000,0
2016-04-06,08:10:00,6.04,6.05,6.04,6.05,8500,0
2016-04-06,08:15:00,6.05,6.05,6.05,6.05,500,0
2016-04-06,08:20:00,6.05,6.05,6.05,6.05,12000,0
2016-04-06,08:25:00,6.05,6.05,6.05,6.05,500,0
2016-04-06,08:30:00,6.05,6.05,6.05,6.05,4500,0
2016-04-06,08:35:00,6.05,6.05,6.05,6.05,2000,0
2016-04-06,08:40:00,6.05,6.06,6.04,6.04,38000,0
2016-04-06,08:45:00,6.04,6.05,6.04,6.05,23500,0
2016-04-06,08:55:00,6.05,6.05,6.05,6.05,2000,0
2016-04-06,09:00:00,6.05,6.05,6.05,6.05,500,0
2016-04-06,09:05:00,6.05,6.05,6.05,6.05,500,0
2016-04-06,09:10:00,6.05,6.05,6.05,6.05,500,0
2016-04-06,09:15:00,6.05,6.05,6.05,6.05,1000,0
2016-04-06,09:20:00,6.05,6.05,6.05,6.05,2500,0
2016-04-06,09:25:00,6.05,6.05,6.05,6.05,1000,0
2016-04-06,09:30:00,6.05,6.05,6.05,6.05,500,0
2016-04-06,09:35:00,6.05,6.05,6.05,6.05,6500,0
2016-04-06,09:40:00,6.05,6.1,6.05,6.1,1000,0
2016-04-06,09:45:00,6.1,6.1,6.05,6.05,11000,0
2016-04-06,09:50:00,6.05,6.05,6.04,6.04,7000,0
2016-04-06,09:55:00,6.04,6.05,6.04,6.04,3500,0
2016-04-06,10:00:00,6.05,6.1,6.05,6.08,13000,0
2016-04-07,03:40:00,6.11,6.11,6.11,6.11,1000,0
2016-04-07,03:55:00,6.11,6.11,6.09,6.09,5000,0
2016-04-07,04:05:00,6.09,6.09,6.09,6.09,500,0
2016-04-07,04:15:00,6.09,6.09,6.09,6.09,1500,0
2016-04-07,07:05:00,6.08,6.09,6.08,6.09,1000,0
2016-04-07,07:10:00,6.09,6.09,6.09,6.09,1500,0
2016-04-07,07:35:00,6.09,6.09,6.09,6.09,500,0
2016-04-07,08:10:00,6.08,6.14,6.08,6.14,29000,0
2016-04-07,08:20:00,6.12,6.12,6.1,6.1,6000,0
2016-04-07,08:25:00,6.1,6.1,6.09,6.09,3250,0
2016-04-07,08:35:00,6.09,6.1,6.09,6.1,3000,0
2016-04-07,09:15:00,6.1,6.1,6.1,6.1,500,0
2016-04-07,09:25:00,6.1,6.1,6.09,6.09,4000,0
2016-04-07,09:50:00,6.09,6.1,6.09,6.09,15000,0
2016-04-07,09:55:00,6.09,6.1,6.09,6.1,4000,0
2016-04-07,10:00:00,6.1,6.1,6.09,6.1,8500,0
2016-04-08,03:50:00,6.1,6.1,6.09,6.09,6500,0
2016-04-08,03:55:00,6.09,6.09,6.09,6.09,1000,0
2016-04-08,04:10:00,6.09,6.09,6.09,6.09,500,0
2016-04-08,05:00:00,6.09,6.14,6.09,6.14,24500,0
2016-04-08,05:20:00,6.14,6.14,6.14,6.14,500,0
2016-04-08,05:35:00,6.13,6.13,6.12,6.12,1000,0
2016-04-08,05:45:00,6.12,6.13,6.1,6.13,4500,0
2016-04-08,05:50:00,6.13,6.14,6.12,6.14,9500,0
2016-04-08,07:05:00,6.14,6.14,6.12,6.12,7000,0
2016-04-08,07:10:00,6.12,6.12,6.12,6.12,500,0
2016-04-08,07:45:00,6.12,6.12,6.11,6.11,1500,0
2016-04-08,07:50:00,6.11,6.11,6.1,6.1,5000,0
2016-04-08,07:55:00,6.1,6.1,6.09,6.1,12000,0
2016-04-08,08:00:00,6.1,6.12,6.1,6.12,5000,0
2016-04-08,08:05:00,6.12,6.12,6.12,6.12,500,0
2016-04-08,08:10:00,6.12,6.12,6.1,6.12,17000,0
2016-04-08,08:15:00,6.12,6.2,6.12,6.2,59000,0
2016-04-08,08:20:00,6.2,6.35,6.2,6.3,33000,0
2016-04-08,08:25:00,6.3,6.3,6.24,6.24,8500,0
2016-04-08,08:35:00,6.23,6.23,6.23,6.23,1000,0
2016-04-08,08:40:00,6.23,6.24,6.23,6.24,3000,0
2016-04-08,08:45:00,6.24,6.24,6.24,6.24,2500,0
2016-04-08,08:50:00,6.24,6.3,6.24,6.3,7000,0
2016-04-08,08:55:00,6.3,6.3,6.27,6.27,6500,0
2016-04-08,09:00:00,6.27,6.27,6.27,6.27,500,0
2016-04-08,09:05:00,6.27,6.29,6.27,6.29,5500,0
2016-04-08,09:10:00,6.29,6.29,6.29,6.29,4500,0
2016-04-08,09:15:00,6.29,6.34,6.29,6.34,4500,0
2016-04-08,09:20:00,6.34,6.34,6.31,6.31,2500,0
2016-04-08,09:25:00,6.31,6.31,6.3,6.3,1000,0
2016-04-08,09:40:00,6.3,6.3,6.3,6.3,10000,0
2016-04-08,09:45:00,6.3,6.3,6.3,6.3,3000,0
2016-04-08,09:50:00,6.3,6.31,6.29,6.3,10500,0
2016-04-08,09:55:00,6.3,6.34,6.3,6.34,7000,0
2016-04-08,10:00:00,6.34,6.35,6.3,6.35,36500,0
2016-04-11,03:40:00,6.37,6.37,6.35,6.36,43500,0
2016-04-11,03:45:00,6.38,6.4,6.38,6.38,6000,0
2016-04-11,03:50:00,6.38,6.41,6.35,6.35,22500,0
2016-04-11,03:55:00,6.35,6.39,6.35,6.36,6500,0
2016-04-11,04:05:00,6.38,6.38,6.36,6.36,2500,0
2016-04-11,04:10:00,6.36,6.36,6.35,6.36,7000,0
2016-04-11,04:15:00,6.36,6.36,6.34,6.34,82500,0
2016-04-11,04:20:00,6.34,6.39,6.34,6.39,52000,0
2016-04-11,04:25:00,6.39,6.39,6.34,6.34,1000,0
2016-04-11,04:30:00,6.35,6.4,6.35,6.38,4000,0
2016-04-11,04:35:00,6.38,6.45,6.38,6.39,138500,0
2016-04-11,04:40:00,6.4,6.4,6.38,6.38,14500,0
2016-04-11,04:45:00,6.38,6.4,6.38,6.4,1500,0
2016-04-11,04:50:00,6.4,6.47,6.4,6.45,8000,0
2016-04-11,04:55:00,6.45,6.45,6.45,6.45,1000,0
2016-04-11,05:00:00,6.45,6.45,6.4,6.4,4500,0
2016-04-11,05:20:00,6.4,6.46,6.4,6.45,1500,0
2016-04-11,05:25:00,6.45,6.45,6.4,6.45,6500,0
2016-04-11,05:35:00,6.44,6.44,6.44,6.44,500,0
2016-04-11,05:40:00,6.44,6.44,6.36,6.36,8000,0
2016-04-11,05:45:00,6.36,6.36,6.36,6.36,500,0
2016-04-11,07:05:00,6.37,6.42,6.37,6.42,1000,0
2016-04-11,07:10:00,6.4,6.4,6.38,6.38,6000,0
2016-04-11,07:15:00,6.38,6.4,6.38,6.38,8000,0
2016-04-11,07:20:00,6.38,6.38,6.38,6.38,500,0
2016-04-11,07:25:00,6.41,6.42,6.41,6.42,1500,0
2016-04-11,07:55:00,6.42,6.42,6.42,6.42,1500,0
2016-04-11,08:10:00,6.42,6.42,6.38,6.38,6000,0
2016-04-11,08:15:00,6.38,6.38,6.38,6.38,1000,0
2016-04-11,08:35:00,6.38,6.38,6.35,6.36,30500,0
2016-04-11,08:40:00,6.36,6.36,6.36,6.36,2000,0
2016-04-11,08:50:00,6.36,6.41,6.36,6.41,1000,0
2016-04-11,09:00:00,6.41,6.41,6.41,6.41,500,0
2016-04-11,09:25:00,6.41,6.41,6.29,6.35,183000,0
2016-04-11,09:40:00,6.36,6.36,6.35,6.36,9500,0
2016-04-11,09:45:00,6.36,6.42,6.36,6.42,1000,0
2016-04-11,10:00:00,6.42,6.43,6.37,6.37,19000,0
2016-04-12,03:35:00,6.48,6.48,6.44,6.48,1000,0
2016-04-12,03:50:00,6.48,6.48,6.42,6.42,9000,0
2016-04-12,04:20:00,6.42,6.42,6.42,6.42,248500,0
2016-04-12,04:40:00,6.42,6.42,6.4,6.4,2500,0
2016-04-12,05:05:00,6.4,6.44,6.4,6.43,2000,0
2016-04-12,05:20:00,6.43,6.43,6.4,6.4,24500,0
2016-04-12,05:40:00,6.4,6.42,6.4,6.41,1500,0
2016-04-12,06:00:00,6.41,6.41,6.41,6.41,1000,0
2016-04-12,07:25:00,6.43,6.44,6.43,6.44,1000,0
2016-04-12,07:30:00,6.44,6.44,6.44,6.44,1000,0
2016-04-12,07:45:00,6.44,6.44,6.44,6.44,500,0
2016-04-12,08:25:00,6.44,6.48,6.44,6.48,1500,0
2016-04-12,08:35:00,6.48,6.49,6.48,6.49,31000,0
2016-04-12,08:40:00,6.49,6.49,6.49,6.49,2000,0
2016-04-12,08:55:00,6.49,6.49,6.44,6.48,4000,0
2016-04-12,09:15:00,6.48,6.48,6.48,6.48,500,0
2016-04-12,09:30:00,6.48,6.48,6.48,6.48,500,0
2016-04-12,09:40:00,6.48,6.48,6.48,6.48,1000,0
2016-04-12,09:55:00,6.48,6.48,6.48,6.48,500,0
2016-04-12,10:00:00,6.48,6.48,6.42,6.48,48000,0
2016-04-13,03:35:00,6.55,6.6,6.55,6.55,15000,0
2016-04-13,03:40:00,6.51,6.52,6.5,6.5,5500,0
2016-04-13,03:45:00,6.5,6.56,6.5,6.5,11500,0
2016-04-13,03:50:00,6.52,6.56,6.52,6.56,7000,0
2016-04-13,03:55:00,6.56,6.6,6.56,6.6,56000,0
2016-04-13,04:00:00,6.6,6.6,6.6,6.6,3500,0
2016-04-13,04:05:00,6.6,6.6,6.57,6.57,12000,0
2016-04-13,04:10:00,6.57,6.57,6.57,6.57,500,0
2016-04-13,04:15:00,6.58,6.58,6.58,6.58,500,0
2016-04-13,04:20:00,6.58,6.58,6.58,6.58,500,0
2016-04-13,04:30:00,6.58,6.58,6.54,6.54,30000,0
2016-04-13,04:40:00,6.54,6.55,6.54,6.55,1500,0
2016-04-13,04:45:00,6.55,6.56,6.55,6.56,8000,0
2016-04-13,04:50:00,6.56,6.56,6.53,6.53,9000,0
2016-04-13,04:55:00,6.53,6.53,6.52,6.53,4000,0
2016-04-13,05:00:00,6.51,6.51,6.51,6.51,500,0
2016-04-13,05:05:00,6.51,6.51,6.51,6.51,1000,0
2016-04-13,05:10:00,6.51,6.51,6.48,6.5,7500,0
2016-04-13,05:20:00,6.48,6.48,6.48,6.48,1000,0
2016-04-13,05:25:00,6.47,6.47,6.47,6.47,2500,0
2016-04-13,05:35:00,6.5,6.53,6.48,6.48,5500,0
2016-04-13,05:40:00,6.47,6.47,6.47,6.47,500,0
2016-04-13,05:45:00,6.47,6.48,6.47,6.48,3000,0
2016-04-13,05:50:00,6.48,6.5,6.46,6.46,7000,0
2016-04-13,05:55:00,6.46,6.5,6.46,6.46,5500,0
2016-04-13,06:00:00,6.46,6.47,6.46,6.47,1000,0
2016-04-13,07:05:00,6.47,6.47,6.46,6.46,3000,0
2016-04-13,07:10:00,6.46,6.46,6.46,6.46,1500,0
2016-04-13,07:20:00,6.46,6.46,6.45,6.45,2000,0
2016-04-13,07:25:00,6.45,6.45,6.45,6.45,1500,0
2016-04-13,07:30:00,6.45,6.45,6.44,6.44,1000,0
2016-04-13,07:35:00,6.44,6.44,6.44,6.44,1000,0
2016-04-13,07:40:00,6.44,6.45,6.44,6.45,3500,0
2016-04-13,07:45:00,6.45,6.45,6.45,6.45,500,0
2016-04-13,07:50:00,6.45,6.46,6.45,6.46,4500,0
2016-04-13,08:00:00,6.46,6.46,6.46,6.46,1000,0
2016-04-13,08:05:00,6.46,6.46,6.46,6.46,1500,0
2016-04-13,08:10:00,6.46,6.46,6.46,6.46,1000,0
2016-04-13,08:15:00,6.46,6.46,6.45,6.46,6000,0
2016-04-13,08:20:00,6.46,6.46,6.45,6.45,1500,0
2016-04-13,08:25:00,6.45,6.46,6.45,6.45,4000,0
2016-04-13,08:30:00,6.45,6.46,6.45,6.46,1500,0
2016-04-13,08:35:00,6.46,6.46,6.45,6.45,11500,0
2016-04-13,08:40:00,6.45,6.45,6.45,6.45,1500,0
2016-04-13,08:45:00,6.45,6.45,6.44,6.44,2000,0
2016-04-13,08:55:00,6.44,6.47,6.43,6.45,13000,0
2016-04-13,09:00:00,6.45,6.46,6.45,6.46,1500,0
2016-04-13,09:05:00,6.46,6.46,6.46,6.46,2500,0
2016-04-13,09:10:00,6.46,6.46,6.45,6.45,1500,0
2016-04-13,09:15:00,6.45,6.46,6.45,6.45,4000,0
2016-04-13,09:20:00,6.45,6.46,6.45,6.46,8500,0
2016-04-13,09:25:00,6.46,6.5,6.45,6.5,37000,0
2016-04-13,09:30:00,6.5,6.5,6.49,6.49,1000,0
2016-04-13,09:35:00,6.49,6.49,6.49,6.49,500,0
2016-04-13,09:40:00,6.5,6.54,6.46,6.47,32000,0
2016-04-13,09:50:00,6.47,6.47,6.44,6.44,5500,0
2016-04-13,09:55:00,6.44,6.47,6.44,6.45,23000,0
2016-04-13,10:00:00,6.45,6.45,6.42,6.43,21000,0
