Date,Time,Open,High,Low,Close,Volume,OpenInt
2016-03-18,02:35:00,4.45,4.45,4.29,4.32,776000,0
2016-03-18,02:40:00,4.32,4.34,4.32,4.32,411000,0
2016-03-18,02:45:00,4.32,4.32,4.25,4.25,721000,0
2016-03-18,02:50:00,4.25,4.3,4.2,4.27,368000,0
2016-03-18,02:55:00,4.27,4.28,4.26,4.27,325000,0
2016-03-18,03:00:00,4.27,4.28,4.26,4.26,190000,0
2016-03-18,03:05:00,4.26,4.28,4.26,4.28,132000,0
2016-03-18,03:10:00,4.28,4.28,4.27,4.28,72000,0
2016-03-18,03:15:00,4.28,4.28,4.27,4.28,252000,0
2016-03-18,03:20:00,4.28,4.28,4.27,4.27,222000,0
2016-03-18,03:25:00,4.27,4.27,4.26,4.26,84000,0
2016-03-18,03:30:00,4.26,4.26,4.25,4.26,169000,0
2016-03-18,03:35:00,4.26,4.27,4.26,4.27,81000,0
2016-03-18,03:40:00,4.27,4.27,4.25,4.25,273000,0
2016-03-18,03:45:00,4.25,4.25,4.24,4.24,85000,0
2016-03-18,03:50:00,4.24,4.24,4.2,4.21,418000,0
2016-03-18,03:55:00,4.21,4.23,4.21,4.23,111000,0
2016-03-18,04:00:00,4.23,4.24,4.22,4.23,138000,0
2016-03-18,04:05:00,4.23,4.23,4.21,4.21,464000,0
2016-03-18,04:10:00,4.21,4.21,4.19,4.19,378000,0
2016-03-18,04:15:00,4.19,4.21,4.19,4.21,926000,0
2016-03-18,04:20:00,4.21,4.21,4.16,4.17,705000,0
2016-03-18,04:25:00,4.17,4.17,4.09,4.12,565000,0
2016-03-18,04:30:00,4.12,4.17,4.11,4.16,513000,0
2016-03-18,04:35:00,4.16,4.2,4.16,4.2,381000,0
2016-03-18,04:40:00,4.2,4.2,4.17,4.17,155000,0
2016-03-18,04:45:00,4.17,4.17,4.12,4.13,486000,0
2016-03-18,04:50:00,4.13,4.17,4.13,4.16,151000,0
2016-03-18,04:55:00,4.16,4.16,4.15,4.16,177000,0
2016-03-18,05:00:00,4.16,4.16,4.15,4.16,234000,0
2016-03-18,06:05:00,4.16,4.2,4.16,4.17,339000,0
2016-03-18,06:10:00,4.17,4.18,4.17,4.17,173000,0
2016-03-18,06:15:00,4.17,4.17,4.13,4.14,570000,0
2016-03-18,06:20:00,4.14,4.15,4.13,4.13,123000,0
2016-03-18,06:25:00,4.13,4.16,4.13,4.16,183000,0
2016-03-18,06:30:00,4.16,4.16,4.13,4.16,168000,0
2016-03-18,06:35:00,4.16,4.17,4.16,4.17,41000,0
2016-03-18,06:40:00,4.17,4.17,4.17,4.17,35000,0
2016-03-18,06:45:00,4.17,4.17,4.16,4.16,181000,0
2016-03-18,06:50:00,4.16,4.17,4.15,4.16,36000,0
2016-03-18,06:55:00,4.16,4.16,4.15,4.15,209000,0
2016-03-18,07:00:00,4.15,4.16,4.15,4.16,140000,0
2016-03-18,07:05:00,4.16,4.18,4.16,4.18,109000,0
2016-03-18,07:10:00,4.18,4.21,4.18,4.2,349000,0
2016-03-18,07:15:00,4.2,4.21,4.2,4.2,130000,0
2016-03-18,07:20:00,4.2,4.21,4.2,4.21,89000,0
2016-03-18,07:25:00,4.21,4.21,4.19,4.2,174000,0
2016-03-18,07:30:00,4.2,4.2,4.19,4.19,115000,0
2016-03-18,07:35:00,4.19,4.19,4.19,4.19,77000,0
2016-03-18,07:40:00,4.19,4.21,4.17,4.19,916000,0
2016-03-18,07:45:00,4.19,4.2,4.19,4.2,103000,0
2016-03-18,07:50:00,4.2,4.2,4.19,4.2,56000,0
2016-03-18,07:55:00,4.2,4.2,4.2,4.2,75000,0
2016-03-18,08:00:00,4.2,4.22,4.2,4.22,70000,0
2016-03-18,08:05:00,4.22,4.22,4.21,4.21,58000,0
2016-03-18,08:10:00,4.21,4.21,4.21,4.21,63000,0
2016-03-18,08:15:00,4.21,4.22,4.21,4.21,65000,0
2016-03-18,08:20:00,4.21,4.22,4.21,4.22,88000,0
2016-03-18,08:25:00,4.22,4.22,4.21,4.22,86000,0
2016-03-18,08:30:00,4.22,4.22,4.21,4.22,51000,0
2016-03-18,08:35:00,4.22,4.22,4.22,4.22,65000,0
2016-03-18,08:40:00,4.22,4.24,4.22,4.24,281000,0
2016-03-18,08:45:00,4.24,4.24,4.23,4.24,328000,0
2016-03-18,08:50:00,4.24,4.26,4.23,4.25,420067,0
2016-03-18,08:55:00,4.25,4.27,4.25,4.27,776000,0
2016-03-18,09:00:00,4.27,4.28,4.23,4.25,1734000,0
2016-03-21,02:35:00,4.25,4.25,4.22,4.23,203000,0
2016-03-21,02:40:00,4.23,4.23,4.22,4.22,21000,0
2016-03-21,02:45:00,4.22,4.22,4.21,4.21,23000,0
2016-03-21,02:50:00,4.21,4.21,4.21,4.21,4000,0
2016-03-21,02:55:00,4.21,4.26,4.21,4.24,136000,0
2016-03-21,03:00:00,4.24,4.24,4.22,4.22,61000,0
2016-03-21,03:05:00,4.22,4.22,4.22,4.22,1000,0
2016-03-21,03:10:00,4.22,4.22,4.18,4.19,318000,0
2016-03-21,03:15:00,4.19,4.22,4.18,4.21,95000,0
2016-03-21,03:20:00,4.21,4.21,4.21,4.21,3000,0
2016-03-21,03:25:00,4.21,4.23,4.21,4.22,74000,0
2016-03-21,03:30:00,4.22,4.22,4.22,4.22,4000,0
2016-03-21,03:35:00,4.22,4.22,4.21,4.21,67000,0
2016-03-21,03:40:00,4.21,4.22,4.21,4.21,27000,0
2016-03-21,03:45:00,4.21,4.22,4.21,4.22,77000,0
2016-03-21,03:50:00,4.22,4.22,4.22,4.22,7000,0
2016-03-21,03:55:00,4.22,4.22,4.22,4.22,48000,0
2016-03-21,04:00:00,4.22,4.22,4.22,4.22,38000,0
2016-03-21,04:05:00,4.22,4.22,4.22,4.22,2000,0
2016-03-21,04:10:00,4.22,4.22,4.2,4.21,51000,0
2016-03-21,04:15:00,4.21,4.21,4.17,4.18,202000,0
2016-03-21,04:20:00,4.18,4.18,4.18,4.18,18000,0
2016-03-21,04:25:00,4.18,4.2,4.18,4.2,84000,0
2016-03-21,04:30:00,4.2,4.2,4.2,4.2,68000,0
2016-03-21,04:35:00,4.2,4.21,4.2,4.2,35000,0
2016-03-21,04:40:00,4.2,4.2,4.2,4.2,26000,0
2016-03-21,04:45:00,4.2,4.2,4.19,4.19,45000,0
2016-03-21,04:50:00,4.19,4.19,4.19,4.19,1000,0
2016-03-21,04:55:00,4.19,4.2,4.19,4.2,7000,0
2016-03-21,05:00:00,4.2,4.2,4.18,4.18,76000,0
2016-03-21,06:05:00,4.18,4.19,4.18,4.19,71000,0
2016-03-21,06:10:00,4.19,4.19,4.19,4.19,39000,0
2016-03-21,06:15:00,4.19,4.2,4.19,4.2,194000,0
2016-03-21,06:20:00,4.2,4.2,4.2,4.2,23000,0
2016-03-21,06:25:00,4.2,4.2,4.2,4.2,2000,0
2016-03-21,06:30:00,4.2,4.2,4.2,4.2,2000,0
2016-03-21,06:35:00,4.2,4.2,4.2,4.2,2000,0
2016-03-21,06:40:00,4.2,4.2,4.19,4.19,8000,0
2016-03-21,06:45:00,4.19,4.2,4.19,4.2,9000,0
2016-03-21,06:50:00,4.2,4.2,4.2,4.2,2000,0
2016-03-21,06:55:00,4.2,4.2,4.19,4.2,6000,0
2016-03-21,07:00:00,4.2,4.2,4.17,4.18,149000,0
2016-03-21,07:05:00,4.18,4.19,4.18,4.19,26000,0
2016-03-21,07:10:00,4.19,4.19,4.18,4.19,100000,0
2016-03-21,07:15:00,4.19,4.19,4.19,4.19,39000,0
2016-03-21,07:20:00,4.19,4.19,4.18,4.19,14000,0
2016-03-21,07:25:00,4.19,4.19,4.18,4.18,36000,0
2016-03-21,07:30:00,4.18,4.19,4.18,4.19,7000,0
2016-03-21,07:35:00,4.19,4.19,4.18,4.19,109000,0
2016-03-21,07:40:00,4.19,4.2,4.19,4.2,188000,0
2016-03-21,07:45:00,4.2,4.2,4.19,4.2,8000,0
2016-03-21,07:50:00,4.2,4.2,4.2,4.2,4000,0
2016-03-21,07:55:00,4.2,4.2,4.19,4.2,11000,0
2016-03-21,08:00:00,4.2,4.2,4.19,4.19,55000,0
2016-03-21,08:05:00,4.19,4.19,4.18,4.18,56000,0
2016-03-21,08:10:00,4.18,4.18,4.16,4.17,148000,0
2016-03-21,08:15:00,4.17,4.18,4.17,4.18,6000,0
2016-03-21,08:20:00,4.18,4.18,4.18,4.18,4000,0
2016-03-21,08:25:00,4.18,4.18,4.18,4.18,6000,0
2016-03-21,08:30:00,4.16,4.17,4.16,4.17,65000,0
2016-03-21,08:35:00,4.17,4.17,4.17,4.17,14000,0
2016-03-21,08:40:00,4.17,4.17,4.16,4.17,47000,0
2016-03-21,08:45:00,4.17,4.18,4.17,4.17,73000,0
2016-03-21,08:50:00,4.18,4.19,4.18,4.19,4000,0
2016-03-21,08:55:00,4.19,4.19,4.19,4.19,15000,0
2016-03-21,09:00:00,4.19,4.19,4.17,4.17,149000,0
2016-03-22,02:35:00,4.14,4.16,4.14,4.16,63000,0
2016-03-22,02:40:00,4.16,4.16,4.1,4.1,247000,0
2016-03-22,02:45:00,4.1,4.14,4.1,4.13,170000,0
2016-03-22,02:50:00,4.13,4.14,4.13,4.14,28000,0
2016-03-22,02:55:00,4.14,4.14,4.12,4.13,155000,0
2016-03-22,03:00:00,4.13,4.13,4.12,4.12,61000,0
2016-03-22,03:05:00,4.12,4.13,4.11,4.12,85000,0
2016-03-22,03:10:00,4.12,4.13,4.1,4.1,94000,0
2016-03-22,03:15:00,4.1,4.11,4.09,4.11,150000,0
2016-03-22,03:20:00,4.11,4.11,4.1,4.1,11000,0
2016-03-22,03:25:00,4.1,4.1,4.08,4.09,178000,0
2016-03-22,03:30:00,4.09,4.09,4.05,4.06,536000,0
2016-03-22,03:35:00,4.06,4.06,4.05,4.06,73000,0
2016-03-22,03:40:00,4.06,4.06,4.05,4.05,57000,0
2016-03-22,03:45:00,4.05,4.08,4.05,4.08,289000,0
2016-03-22,03:50:00,4.08,4.08,4.06,4.07,78000,0
2016-03-22,03:55:00,4.07,4.08,4.07,4.08,120000,0
2016-03-22,04:00:00,4.08,4.09,4.07,4.08,77000,0
2016-03-22,04:10:00,4.08,4.08,4.07,4.07,21000,0
2016-03-22,04:15:00,4.07,4.08,4.07,4.07,140000,0
2016-03-22,04:20:00,4.07,4.07,4.06,4.06,44000,0
2016-03-22,04:25:00,4.06,4.06,4.06,4.06,7000,0
2016-03-22,04:30:00,4.06,4.07,4.06,4.06,105000,0
2016-03-22,04:35:00,4.06,4.06,4.05,4.06,115000,0
2016-03-22,04:40:00,4.06,4.07,4.06,4.06,96000,0
2016-03-22,04:45:00,4.06,4.07,4.06,4.07,85000,0
2016-03-22,04:50:00,4.07,4.07,4.06,4.06,19000,0
2016-03-22,04:55:00,4.06,4.07,4.06,4.07,9000,0
2016-03-22,05:00:00,4.07,4.07,4.06,4.07,19000,0
2016-03-22,06:05:00,4.07,4.07,4.06,4.06,29000,0
2016-03-22,06:10:00,4.06,4.06,4.05,4.05,218000,0
2016-03-22,06:15:00,4.05,4.05,4.04,4.05,57000,0
2016-03-22,06:20:00,4.04,4.05,4.04,4.05,4000,0
2016-03-22,06:25:00,4.04,4.05,4.04,4.05,150000,0
2016-03-22,06:30:00,4.05,4.07,4.05,4.07,16000,0
2016-03-22,06:35:00,4.07,4.07,4.06,4.06,17000,0
2016-03-22,06:40:00,4.06,4.06,4.05,4.05,94000,0
2016-03-22,06:45:00,4.05,4.05,4.05,4.05,21000,0
2016-03-22,06:50:00,4.05,4.06,4.05,4.06,2000,0
2016-03-22,06:55:00,4.06,4.06,4.05,4.06,44000,0
2016-03-22,07:00:00,4.06,4.06,4.05,4.06,70000,0
2016-03-22,07:05:00,4.06,4.06,4.05,4.05,11000,0
2016-03-22,07:10:00,4.05,4.06,4.05,4.06,19000,0
2016-03-22,07:15:00,4.06,4.06,4.05,4.06,28000,0
2016-03-22,07:20:00,4.06,4.06,4.05,4.05,21000,0
2016-03-22,07:25:00,4.05,4.06,4.05,4.06,14000,0
2016-03-22,07:30:00,4.06,4.06,4.05,4.05,22000,0
2016-03-22,07:35:00,4.05,4.06,4.05,4.06,13000,0
2016-03-22,07:40:00,4.06,4.06,4.05,4.06,43000,0
2016-03-22,07:45:00,4.06,4.06,4.06,4.06,12000,0
2016-03-22,07:50:00,4.06,4.06,4.05,4.06,30000,0
2016-03-22,07:55:00,4.06,4.06,4.06,4.06,57000,0
2016-03-22,08:00:00,4.06,4.07,4.06,4.07,34000,0
2016-03-22,08:05:00,4.07,4.07,4.06,4.06,16000,0
2016-03-22,08:10:00,4.06,4.07,4.06,4.06,114000,0
2016-03-22,08:15:00,4.06,4.06,4.05,4.05,73000,0
2016-03-22,08:20:00,4.05,4.06,4.05,4.06,82000,0
2016-03-22,08:25:00,4.06,4.06,4.05,4.05,44000,0
2016-03-22,08:30:00,4.05,4.06,4.05,4.06,7000,0
2016-03-22,08:35:00,4.06,4.06,4.05,4.06,60000,0
2016-03-22,08:40:00,4.06,4.07,4.06,4.07,39000,0
2016-03-22,08:45:00,4.07,4.07,4.06,4.07,28000,0
2016-03-22,08:50:00,4.07,4.07,4.06,4.06,138000,0
2016-03-22,08:55:00,4.06,4.07,4.06,4.07,44000,0
2016-03-22,09:00:00,4.07,4.07,4.05,4.06,323000,0
2016-03-23,02:35:00,4.09,4.09,4.06,4.08,6000,0
2016-03-23,02:40:00,4.09,4.09,4.05,4.05,112000,0
2016-03-23,02:45:00,4.05,4.05,4.03,4.03,40000,0
2016-03-23,02:50:00,4.03,4.04,4.03,4.04,61000,0
2016-03-23,02:55:00,4.04,4.04,4.04,4.04,15000,0
2016-03-23,03:00:00,4.04,4.04,4.02,4.03,62000,0
2016-03-23,03:05:00,4.03,4.03,4,4,253000,0
2016-03-23,03:10:00,4,4,4,4,13000,0
2016-03-23,03:15:00,4,4.01,4,4,59000,0
2016-03-23,03:20:00,4,4.01,4,4.01,41000,0
2016-03-23,03:25:00,4.01,4.01,4,4.01,41000,0
2016-03-23,03:30:00,4.01,4.01,4,4.01,63000,0
2016-03-23,03:35:00,4.01,4.01,4,4,36000,0
2016-03-23,03:40:00,4,4.01,4,4,78000,0
2016-03-23,03:45:00,4,4.01,4,4,47000,0
2016-03-23,03:50:00,4,4.01,4,4,22000,0
2016-03-23,03:55:00,4,4.01,4,4.01,146000,0
2016-03-23,04:00:00,4.01,4.01,4,4.01,12000,0
2016-03-23,04:05:00,4.01,4.01,4,4,18000,0
2016-03-23,04:10:00,4,4.01,4,4,31000,0
2016-03-23,04:15:00,4,4.01,4,4.01,59000,0
2016-03-23,04:20:00,4.01,4.01,4.01,4.01,78000,0
2016-03-23,04:25:00,4.01,4.01,4.01,4.01,11000,0
2016-03-23,04:30:00,4.01,4.01,4,4,564000,0
2016-03-23,04:35:00,4,4,4,4,155000,0
2016-03-23,04:40:00,4,4.01,4,4.01,13000,0
2016-03-23,04:45:00,4.01,4.01,4,4,5000,0
2016-03-23,04:50:00,4,4.01,4,4.01,15000,0
2016-03-23,04:55:00,4.01,4.01,4,4.01,84000,0
2016-03-23,05:00:00,4.01,4.01,4,4.01,32000,0
2016-03-23,06:05:00,4.01,4.01,4,4.01,87000,0
2016-03-23,06:10:00,4.01,4.01,4.01,4.01,21000,0
2016-03-23,06:15:00,4.01,4.01,4,4.01,43000,0
2016-03-23,06:20:00,4.01,4.01,4,4,50000,0
2016-03-23,06:25:00,4,4.01,4,4.01,16000,0
2016-03-23,06:30:00,4.01,4.01,4,4,6000,0
2016-03-23,06:35:00,4,4.01,4,4.01,13000,0
2016-03-23,06:40:00,4.01,4.01,4,4,8000,0
2016-03-23,06:45:00,4,4.01,4,4.01,12008,0
2016-03-23,06:50:00,4.01,4.01,4,4.01,8000,0
2016-03-23,06:55:00,4.01,4.01,4,4.01,10000,0
2016-03-23,07:00:00,4.01,4.01,4,4.01,16000,0
2016-03-23,07:05:00,4.01,4.01,4,4.01,12000,0
2016-03-23,07:10:00,4.01,4.01,4.01,4.01,23000,0
2016-03-23,07:15:00,4.01,4.01,4,4,22000,0
2016-03-23,07:20:00,4,4.01,4,4.01,25000,0
2016-03-23,07:25:00,4.01,4.01,4,4.01,25000,0
2016-03-23,07:30:00,4.01,4.01,4,4,18000,0
2016-03-23,07:35:00,4,4.01,4,4,23000,0
2016-03-23,07:40:00,4,4.01,4,4.01,16000,0
2016-03-23,07:45:00,4.01,4.01,4,4.01,15000,0
2016-03-23,07:50:00,4.01,4.01,4,4.01,20000,0
2016-03-23,07:55:00,4.01,4.01,4,4.01,36000,0
2016-03-23,08:00:00,4.01,4.01,4,4.01,71000,0
2016-03-23,08:05:00,4.01,4.01,4,4,21000,0
2016-03-23,08:10:00,4,4.01,4,4.01,35000,0
2016-03-23,08:15:00,4.01,4.01,4,4.01,20000,0
2016-03-23,08:20:00,4.01,4.01,4,4,160000,0
2016-03-23,08:25:00,4,4.01,4,4,169000,0
2016-03-23,08:30:00,4,4,4,4,261000,0
2016-03-23,08:35:00,4,4,3.99,3.99,18000,0
2016-03-23,08:40:00,3.99,4,3.99,4,31000,0
2016-03-23,08:45:00,4,4,3.99,3.99,37000,0
2016-03-23,08:50:00,3.99,4,3.99,4,268000,0
2016-03-23,08:55:00,4,4,3.99,4,87000,0
2016-03-23,09:00:00,4,4,3.99,4,222000,0
2016-03-24,02:35:00,3.99,4,3.94,3.94,96000,0
2016-03-24,02:40:00,3.94,3.94,3.88,3.88,513000,0
2016-03-24,02:45:00,3.88,3.9,3.88,3.9,216000,0
2016-03-24,02:50:00,3.9,3.9,3.89,3.89,54000,0
2016-03-24,02:55:00,3.89,3.9,3.89,3.89,12000,0
2016-03-24,03:00:00,3.89,3.9,3.89,3.9,90000,0
2016-03-24,03:05:00,3.9,3.9,3.89,3.9,196000,0
2016-03-24,03:10:00,3.9,3.92,3.9,3.91,81000,0
2016-03-24,03:15:00,3.91,3.91,3.91,3.91,11000,0
2016-03-24,03:20:00,3.91,3.92,3.9,3.91,97000,0
2016-03-24,03:25:00,3.91,3.91,3.91,3.91,47000,0
2016-03-24,03:30:00,3.91,3.92,3.9,3.91,154000,0
2016-03-24,03:35:00,3.91,3.92,3.91,3.91,10000,0
2016-03-24,03:40:00,3.91,3.91,3.9,3.9,71000,0
2016-03-24,03:45:00,3.9,3.91,3.9,3.91,24000,0
2016-03-24,03:50:00,3.91,3.91,3.9,3.9,29000,0
2016-03-24,03:55:00,3.9,3.91,3.9,3.9,71000,0
2016-03-24,04:00:00,3.9,3.91,3.9,3.91,7000,0
2016-03-24,04:05:00,3.91,3.91,3.9,3.91,80000,0
2016-03-24,04:10:00,3.91,3.91,3.86,3.86,542000,0
2016-03-24,04:15:00,3.86,3.87,3.84,3.87,361000,0
2016-03-24,04:20:00,3.87,3.88,3.87,3.88,92000,0
2016-03-24,04:25:00,3.88,3.89,3.88,3.89,81000,0
2016-03-24,04:30:00,3.89,3.91,3.88,3.91,173000,0
2016-03-24,04:35:00,3.91,3.91,3.91,3.91,14000,0
2016-03-24,04:40:00,3.91,3.92,3.91,3.91,8000,0
2016-03-24,04:50:00,3.91,3.92,3.9,3.9,147000,0
2016-03-24,04:55:00,3.9,3.9,3.88,3.88,104000,0
2016-03-24,05:00:00,3.88,3.89,3.88,3.89,5000,0
2016-03-24,06:05:00,3.89,3.9,3.88,3.9,187000,0
2016-03-24,06:15:00,3.9,3.9,3.89,3.89,2000,0
2016-03-24,06:20:00,3.89,3.91,3.89,3.9,142442,0
2016-03-24,06:25:00,3.9,3.91,3.9,3.91,53000,0
2016-03-24,06:30:00,3.91,3.91,3.91,3.91,28000,0
2016-03-24,06:40:00,3.91,3.92,3.91,3.92,38000,0
2016-03-24,06:45:00,3.92,3.93,3.92,3.93,4000,0
2016-03-24,06:50:00,3.93,3.93,3.93,3.93,1000,0
2016-03-24,06:55:00,3.93,3.93,3.92,3.93,87000,0
2016-03-24,07:00:00,3.93,3.93,3.93,3.93,2000,0
2016-03-24,07:05:00,3.93,3.94,3.93,3.94,4000,0
2016-03-24,07:10:00,3.94,3.94,3.92,3.92,3000,0
2016-03-24,07:15:00,3.92,3.93,3.92,3.93,10000,0
2016-03-24,07:20:00,3.93,3.93,3.92,3.93,12000,0
2016-03-24,07:25:00,3.93,3.93,3.92,3.92,23000,0
2016-03-24,07:30:00,3.92,3.93,3.9,3.9,189000,0
2016-03-24,07:35:00,3.9,3.9,3.89,3.9,142000,0
2016-03-24,07:45:00,3.9,3.91,3.9,3.91,47000,0
2016-03-24,07:55:00,3.91,3.91,3.9,3.9,5000,0
2016-03-24,08:00:00,3.9,3.9,3.9,3.9,4000,0
2016-03-24,08:05:00,3.9,3.91,3.89,3.9,336000,0
2016-03-24,08:10:00,3.9,3.9,3.9,3.9,10000,0
2016-03-24,08:15:00,3.9,3.9,3.87,3.87,173000,0
2016-03-24,08:20:00,3.87,3.88,3.87,3.87,16000,0
2016-03-24,08:25:00,3.87,3.87,3.87,3.87,24000,0
2016-03-24,08:30:00,3.87,3.87,3.86,3.86,114000,0
2016-03-24,08:35:00,3.86,3.86,3.85,3.85,99000,0
2016-03-24,08:40:00,3.84,3.85,3.84,3.85,125000,0
2016-03-24,08:45:00,3.84,3.86,3.84,3.86,359000,0
2016-03-24,08:50:00,3.86,3.86,3.86,3.86,83000,0
2016-03-24,08:55:00,3.86,3.87,3.86,3.87,99000,0
2016-03-24,09:00:00,3.87,3.87,3.85,3.86,229000,0
2016-03-29,03:35:00,3.86,3.87,3.86,3.87,10000,0
2016-03-29,03:40:00,3.87,3.88,3.86,3.87,96000,0
2016-03-29,03:45:00,3.87,3.87,3.81,3.82,208000,0
2016-03-29,03:50:00,3.82,3.84,3.82,3.83,40000,0
2016-03-29,03:55:00,3.83,3.86,3.83,3.86,124000,0
2016-03-29,04:00:00,3.86,3.86,3.84,3.84,34000,0
2016-03-29,04:05:00,3.84,3.85,3.84,3.85,30000,0
2016-03-29,04:10:00,3.85,3.86,3.85,3.86,32000,0
2016-03-29,04:15:00,3.86,3.88,3.86,3.87,21000,0
2016-03-29,04:20:00,3.87,3.89,3.87,3.88,132000,0
2016-03-29,04:25:00,3.88,3.88,3.87,3.88,56000,0
2016-03-29,04:30:00,3.88,3.9,3.88,3.9,165000,0
2016-03-29,04:35:00,3.9,3.9,3.9,3.9,9000,0
2016-03-29,04:40:00,3.9,3.9,3.89,3.89,78000,0
2016-03-29,04:45:00,3.89,3.9,3.89,3.9,37000,0
2016-03-29,04:50:00,3.9,3.91,3.89,3.89,7000,0
2016-03-29,04:55:00,3.89,3.89,3.89,3.89,11000,0
2016-03-29,05:00:00,3.89,3.89,3.88,3.88,110000,0
2016-03-29,05:05:00,3.88,3.88,3.86,3.86,164000,0
2016-03-29,05:10:00,3.86,3.86,3.86,3.86,5000,0
2016-03-29,05:15:00,3.86,3.87,3.86,3.87,4000,0
2016-03-29,05:20:00,3.87,3.87,3.86,3.86,92000,0
2016-03-29,05:25:00,3.86,3.87,3.86,3.87,63000,0
2016-03-29,05:35:00,3.87,3.88,3.87,3.87,46000,0
2016-03-29,05:40:00,3.87,3.88,3.87,3.87,33000,0
2016-03-29,05:45:00,3.87,3.87,3.86,3.86,38000,0
2016-03-29,05:50:00,3.86,3.87,3.86,3.87,28000,0
2016-03-29,05:55:00,3.87,3.87,3.87,3.87,1000,0
2016-03-29,06:00:00,3.87,3.87,3.87,3.87,31000,0
2016-03-29,07:05:00,3.87,3.88,3.86,3.88,83000,0
2016-03-29,07:10:00,3.88,3.88,3.87,3.87,10000,0
2016-03-29,07:15:00,3.87,3.88,3.87,3.88,75000,0
2016-03-29,07:20:00,3.88,3.88,3.88,3.88,1000,0
2016-03-29,07:30:00,3.88,3.88,3.87,3.88,9000,0
2016-03-29,07:35:00,3.88,3.88,3.87,3.87,10000,0
2016-03-29,07:40:00,3.87,3.88,3.87,3.87,83000,0
2016-03-29,07:45:00,3.87,3.88,3.87,3.88,25000,0
2016-03-29,07:50:00,3.88,3.88,3.88,3.88,1000,0
2016-03-29,07:55:00,3.88,3.88,3.87,3.88,26000,0
2016-03-29,08:00:00,3.88,3.88,3.87,3.87,32000,0
2016-03-29,08:05:00,3.87,3.88,3.87,3.88,8000,0
2016-03-29,08:10:00,3.88,3.88,3.88,3.88,1000,0
2016-03-29,08:15:00,3.88,3.88,3.88,3.88,5000,0
2016-03-29,08:20:00,3.88,3.88,3.87,3.87,37000,0
2016-03-29,08:25:00,3.87,3.88,3.87,3.88,11000,0
2016-03-29,08:30:00,3.88,3.88,3.87,3.87,106000,0
2016-03-29,08:35:00,3.87,3.87,3.87,3.87,3000,0
2016-03-29,08:40:00,3.87,3.87,3.87,3.87,18000,0
2016-03-29,08:45:00,3.87,3.88,3.87,3.88,2000,0
2016-03-29,08:50:00,3.88,3.88,3.87,3.87,38000,0
2016-03-29,08:55:00,3.87,3.88,3.87,3.88,2000,0
2016-03-29,09:00:00,3.88,3.88,3.87,3.88,15000,0
2016-03-29,09:05:00,3.88,3.88,3.87,3.87,59000,0
2016-03-29,09:10:00,3.87,3.88,3.87,3.88,3000,0
2016-03-29,09:15:00,3.88,3.88,3.87,3.88,11000,0
2016-03-29,09:20:00,3.88,3.88,3.87,3.88,133000,0
2016-03-29,09:25:00,3.88,3.88,3.87,3.87,394000,0
2016-03-29,09:30:00,3.87,3.88,3.87,3.87,52000,0
2016-03-29,09:35:00,3.87,3.88,3.87,3.87,49000,0
2016-03-29,09:40:00,3.87,3.87,3.87,3.87,52000,0
2016-03-29,09:45:00,3.87,3.87,3.86,3.87,54000,0
2016-03-29,09:50:00,3.87,3.87,3.86,3.86,67000,0
2016-03-29,09:55:00,3.86,3.87,3.85,3.87,262000,0
2016-03-29,10:00:00,3.87,3.87,3.85,3.86,217000,0
2016-03-30,03:35:00,3.93,3.93,3.86,3.92,66000,0
2016-03-30,03:40:00,3.92,3.92,3.9,3.9,91000,0
2016-03-30,03:45:00,3.9,3.92,3.89,3.89,8000,0
2016-03-30,03:50:00,3.89,3.89,3.89,3.89,19000,0
2016-03-30,03:55:00,3.89,3.89,3.88,3.88,50000,0
2016-03-30,04:00:00,3.88,3.9,3.88,3.9,190000,0
2016-03-30,04:05:00,3.9,3.93,3.9,3.92,136000,0
2016-03-30,04:10:00,3.92,3.94,3.92,3.93,189000,0
2016-03-30,04:15:00,3.92,3.92,3.92,3.92,13000,0
2016-03-30,04:20:00,3.92,3.92,3.92,3.92,38000,0
2016-03-30,04:25:00,3.92,3.92,3.92,3.92,15000,0
2016-03-30,04:30:00,3.92,3.93,3.92,3.93,12000,0
2016-03-30,04:35:00,3.93,3.93,3.92,3.92,36000,0
2016-03-30,04:40:00,3.92,3.93,3.92,3.93,22000,0
2016-03-30,04:45:00,3.93,3.93,3.92,3.92,14000,0
2016-03-30,04:50:00,3.92,3.92,3.92,3.92,30000,0
2016-03-30,04:55:00,3.92,3.92,3.92,3.92,17000,0
2016-03-30,05:00:00,3.92,3.92,3.92,3.92,7000,0
2016-03-30,05:05:00,3.92,3.92,3.91,3.92,17000,0
2016-03-30,05:10:00,3.92,3.92,3.92,3.92,5000,0
2016-03-30,05:15:00,3.92,3.93,3.91,3.92,97000,0
2016-03-30,05:20:00,3.92,3.92,3.91,3.92,46000,0
2016-03-30,05:25:00,3.92,3.92,3.91,3.91,2000,0
2016-03-30,05:30:00,3.91,3.92,3.91,3.92,42000,0
2016-03-30,05:35:00,3.92,3.93,3.92,3.93,113000,0
2016-03-30,05:45:00,3.93,3.93,3.92,3.92,3000,0
2016-03-30,05:50:00,3.92,3.93,3.92,3.92,10000,0
2016-03-30,05:55:00,3.92,3.93,3.92,3.92,8000,0
2016-03-30,06:00:00,3.92,3.93,3.92,3.93,3000,0
2016-03-30,07:05:00,3.93,3.94,3.92,3.93,230000,0
2016-03-30,07:10:00,3.93,3.93,3.93,3.93,3000,0
2016-03-30,07:15:00,3.93,3.94,3.93,3.93,11000,0
2016-03-30,07:20:00,3.93,3.93,3.93,3.93,12000,0
2016-03-30,07:25:00,3.93,3.93,3.93,3.93,9000,0
2016-03-30,07:30:00,3.93,3.94,3.93,3.94,49000,0
2016-03-30,07:35:00,3.94,3.94,3.94,3.94,99000,0
2016-03-30,07:40:00,3.94,3.96,3.94,3.96,62000,0
2016-03-30,07:45:00,3.96,3.97,3.96,3.97,12000,0
2016-03-30,07:50:00,3.97,3.97,3.95,3.95,64000,0
2016-03-30,07:55:00,3.95,3.95,3.95,3.95,1000,0
2016-03-30,08:00:00,3.95,3.95,3.95,3.95,6000,0
2016-03-30,08:05:00,3.95,3.95,3.94,3.94,42000,0
2016-03-30,08:15:00,3.94,3.95,3.94,3.94,28000,0
2016-03-30,08:20:00,3.94,3.95,3.94,3.94,30000,0
2016-03-30,08:25:00,3.94,3.95,3.94,3.94,47000,0
2016-03-30,08:30:00,3.94,3.95,3.94,3.94,53000,0
2016-03-30,08:35:00,3.94,3.95,3.94,3.95,44000,0
2016-03-30,08:40:00,3.95,3.97,3.95,3.97,302000,0
2016-03-30,08:45:00,3.97,3.97,3.97,3.97,10000,0
2016-03-30,08:50:00,3.97,3.98,3.97,3.98,37000,0
2016-03-30,08:55:00,3.98,3.98,3.97,3.98,30000,0
2016-03-30,09:00:00,3.98,3.98,3.97,3.98,34000,0
2016-03-30,09:05:00,3.98,3.98,3.97,3.97,75000,0
2016-03-30,09:10:00,3.97,3.97,3.96,3.97,54000,0
2016-03-30,09:15:00,3.97,3.97,3.97,3.97,45000,0
2016-03-30,09:20:00,3.97,3.97,3.96,3.97,61000,0
2016-03-30,09:25:00,3.97,3.99,3.97,3.99,46000,0
2016-03-30,09:30:00,3.99,3.99,3.98,3.98,92000,0
2016-03-30,09:35:00,3.98,3.98,3.97,3.98,52000,0
2016-03-30,09:40:00,3.98,3.98,3.96,3.96,101000,0
2016-03-30,09:45:00,3.96,3.97,3.96,3.96,197000,0
2016-03-30,09:50:00,3.96,3.99,3.96,3.99,208000,0
2016-03-30,09:55:00,3.99,3.99,3.97,3.98,143000,0
2016-03-30,10:00:00,3.98,3.98,3.97,3.98,297000,0
2016-03-31,03:35:00,4.06,4.06,3.98,4.01,31000,0
2016-03-31,03:40:00,4.01,4.02,4.01,4.02,23000,0
2016-03-31,03:45:00,4.02,4.02,4,4.01,60000,0
2016-03-31,03:50:00,4.01,4.02,4.01,4.02,16000,0
2016-03-31,03:55:00,4.02,4.02,4.01,4.01,17000,0
2016-03-31,04:00:00,4.01,4.02,4.01,4.02,7000,0
2016-03-31,04:05:00,4.02,4.02,4.02,4.02,9000,0
2016-03-31,04:10:00,4.02,4.02,4.02,4.02,31000,0
2016-03-31,04:15:00,4.02,4.03,4.02,4.03,9000,0
2016-03-31,04:20:00,4.03,4.03,4.03,4.03,9000,0
2016-03-31,04:25:00,4.03,4.03,4.03,4.03,28000,0
2016-03-31,04:30:00,4.03,4.05,4.03,4.05,167000,0
2016-03-31,04:35:00,4.05,4.05,4.04,4.04,47000,0
2016-03-31,04:40:00,4.04,4.04,4.02,4.02,75000,0
2016-03-31,04:45:00,4.02,4.02,4.01,4.01,20000,0
2016-03-31,04:50:00,4.01,4.02,4.01,4.01,38000,0
2016-03-31,04:55:00,4.01,4.02,4.01,4.01,32000,0
2016-03-31,05:00:00,4.01,4.01,4.01,4.01,24000,0
2016-03-31,05:05:00,4.01,4.02,4.01,4.02,5000,0
2016-03-31,05:10:00,4.02,4.02,4.02,4.02,10000,0
2016-03-31,05:15:00,4.02,4.02,4.02,4.02,9000,0
2016-03-31,05:20:00,4.02,4.02,4.01,4.02,95000,0
2016-03-31,05:30:00,4.02,4.02,4.02,4.02,11000,0
2016-03-31,05:35:00,4.02,4.02,4.01,4.01,22527,0
2016-03-31,05:40:00,4.01,4.02,4.01,4.02,20000,0
2016-03-31,05:45:00,4.02,4.02,4.02,4.02,14000,0
2016-03-31,05:50:00,4.02,4.02,4.02,4.02,12000,0
2016-03-31,05:55:00,4.02,4.02,4.01,4.01,32000,0
2016-03-31,06:00:00,4.01,4.02,4.01,4.01,21000,0
2016-03-31,07:05:00,4.01,4.02,4.01,4.01,56000,0
2016-03-31,07:10:00,4.01,4.02,4.01,4.01,19000,0
2016-03-31,07:15:00,4.01,4.02,4.01,4.01,37000,0
2016-03-31,07:20:00,4.01,4.02,4.01,4.01,45000,0
2016-03-31,07:25:00,4.01,4.02,4.01,4.01,26000,0
2016-03-31,07:30:00,4.01,4.02,4.01,4.01,58000,0
2016-03-31,07:35:00,4.01,4.02,4.01,4.02,33000,0
2016-03-31,07:40:00,4.02,4.02,4.01,4.02,32000,0
2016-03-31,07:45:00,4.02,4.02,4.01,4.02,35000,0
2016-03-31,07:50:00,4.02,4.02,4.01,4.01,57000,0
2016-03-31,07:55:00,4.01,4.02,4.01,4.02,32000,0
2016-03-31,08:00:00,4.02,4.02,4.01,4.02,32000,0
2016-03-31,08:05:00,4.02,4.02,4.02,4.02,27000,0
2016-03-31,08:10:00,4.02,4.02,4.01,4.02,31000,0
2016-03-31,08:15:00,4.02,4.02,4.01,4.01,30000,0
2016-03-31,08:20:00,4.01,4.02,4.01,4.02,34000,0
2016-03-31,08:25:00,4.02,4.02,4.01,4.02,29000,0
2016-03-31,08:30:00,4.02,4.02,4.01,4.01,139000,0
2016-03-31,08:35:00,4.01,4.01,4,4,85000,0
2016-03-31,08:40:00,4,4.01,4,4,21000,0
2016-03-31,08:45:00,4,4.01,4,4.01,21000,0
2016-03-31,08:50:00,4.01,4.01,4,4.01,67000,0
2016-03-31,08:55:00,4.01,4.01,4,4.01,58000,0
2016-03-31,09:00:00,4.01,4.01,4,4.01,35000,0
2016-03-31,09:05:00,4.01,4.01,4,4,46000,0
2016-03-31,09:10:00,4,4.01,4,4.01,53000,0
2016-03-31,09:15:00,4.01,4.01,4,4.01,49000,0
2016-03-31,09:20:00,4.01,4.01,4,4,39000,0
2016-03-31,09:25:00,4,4.01,4,4,66000,0
2016-03-31,09:30:00,4,4.01,4,4.01,65000,0
2016-03-31,09:35:00,4.01,4.01,4,4.01,102000,0
2016-03-31,09:40:00,4.01,4.01,4,4.01,60000,0
2016-03-31,09:45:00,4.01,4.01,4,4.01,79000,0
2016-03-31,09:50:00,4.01,4.01,4,4,526000,0
2016-03-31,09:55:00,4,4.01,4,4,157000,0
2016-03-31,10:00:00,4,4.01,3.99,4,394000,0
2016-04-01,03:35:00,4.12,4.12,4.03,4.04,144000,0
2016-04-01,03:40:00,4.04,4.04,4.02,4.03,19000,0
2016-04-01,03:45:00,4.03,4.03,4.01,4.03,52000,0
2016-04-01,03:50:00,4.03,4.03,4.02,4.02,2000,0
2016-04-01,03:55:00,4.02,4.02,4.01,4.01,35000,0
2016-04-01,04:00:00,4.01,4.02,4,4.01,107000,0
2016-04-01,04:05:00,4.01,4.02,3.99,3.99,94000,0
2016-04-01,04:10:00,3.99,4,3.99,3.99,20000,0
2016-04-01,04:15:00,3.99,3.99,3.96,3.96,189000,0
2016-04-01,04:20:00,3.96,3.96,3.95,3.95,50000,0
2016-04-01,04:25:00,3.95,3.97,3.95,3.97,73000,0
2016-04-01,04:30:00,3.97,3.97,3.95,3.95,89000,0
2016-04-01,04:35:00,3.95,3.95,3.94,3.94,57000,0
2016-04-01,04:40:00,3.94,3.97,3.93,3.96,139000,0
2016-04-01,04:45:00,3.96,3.96,3.93,3.93,328000,0
2016-04-01,04:55:00,3.93,3.95,3.93,3.95,193000,0
2016-04-01,05:00:00,3.95,3.95,3.95,3.95,1000,0
2016-04-01,05:05:00,3.95,3.95,3.92,3.92,113000,0
2016-04-01,05:15:00,3.92,3.93,3.92,3.93,22000,0
2016-04-01,05:20:00,3.93,3.93,3.92,3.92,233000,0
2016-04-01,05:25:00,3.92,3.93,3.91,3.91,138000,0
2016-04-01,05:30:00,3.91,3.91,3.9,3.9,259000,0
2016-04-01,05:35:00,3.9,3.9,3.89,3.89,42000,0
2016-04-01,05:40:00,3.89,3.9,3.89,3.9,60000,0
2016-04-01,05:50:00,3.9,3.91,3.9,3.91,14000,0
2016-04-01,06:00:00,3.91,3.91,3.9,3.91,46000,0
2016-04-01,07:05:00,3.91,3.91,3.91,3.91,14000,0
2016-04-01,07:10:00,3.91,3.91,3.91,3.91,7000,0
2016-04-01,07:15:00,3.91,3.91,3.91,3.91,23000,0
2016-04-01,07:20:00,3.91,3.91,3.89,3.89,140000,0
2016-04-01,07:25:00,3.89,3.9,3.89,3.89,66000,0
2016-04-01,07:30:00,3.89,3.89,3.89,3.89,20000,0
2016-04-01,07:35:00,3.89,3.89,3.88,3.89,178000,0
2016-04-01,07:40:00,3.89,3.9,3.88,3.9,84000,0
2016-04-01,07:45:00,3.9,3.9,3.89,3.89,26000,0
2016-04-01,07:50:00,3.89,3.89,3.89,3.89,26000,0
2016-04-01,08:00:00,3.89,3.9,3.89,3.9,36227,0
2016-04-01,08:05:00,3.9,3.9,3.9,3.9,19000,0
2016-04-01,08:10:00,3.9,3.91,3.9,3.91,15000,0
2016-04-01,08:15:00,3.91,3.91,3.9,3.91,33000,0
2016-04-01,08:20:00,3.91,3.91,3.9,3.9,181000,0
2016-04-01,08:25:00,3.9,3.91,3.9,3.9,194000,0
2016-04-01,08:35:00,3.9,3.91,3.9,3.91,7000,0
2016-04-01,08:40:00,3.91,3.91,3.91,3.91,7000,0
2016-04-01,08:45:00,3.91,3.91,3.91,3.91,2000,0
2016-04-01,08:50:00,3.91,3.92,3.91,3.92,26000,0
2016-04-01,08:55:00,3.92,3.92,3.91,3.91,16000,0
2016-04-01,09:00:00,3.91,3.91,3.91,3.91,26000,0
2016-04-01,09:05:00,3.91,3.91,3.91,3.91,7000,0
2016-04-01,09:10:00,3.91,3.91,3.9,3.9,14000,0
2016-04-01,09:15:00,3.9,3.91,3.9,3.9,14000,0
2016-04-01,09:20:00,3.9,3.91,3.9,3.9,113000,0
2016-04-01,09:25:00,3.9,3.91,3.9,3.9,38000,0
2016-04-01,09:30:00,3.9,3.91,3.9,3.91,43000,0
2016-04-01,09:35:00,3.91,3.91,3.9,3.9,57000,0
2016-04-01,09:40:00,3.9,3.91,3.9,3.91,54000,0
2016-04-01,09:45:00,3.91,3.91,3.9,3.91,93000,0
2016-04-01,09:50:00,3.91,3.91,3.9,3.9,78000,0
2016-04-01,09:55:00,3.9,3.91,3.9,3.9,182000,0
2016-04-01,10:00:00,3.9,3.92,3.9,3.91,437000,0
2016-04-05,03:35:00,3.91,3.97,3.9,3.9,57000,0
2016-04-05,03:40:00,3.9,3.91,3.89,3.9,33000,0
2016-04-05,03:50:00,3.89,3.9,3.89,3.9,102000,0
2016-04-05,03:55:00,3.9,3.9,3.89,3.9,27000,0
2016-04-05,04:00:00,3.9,3.9,3.89,3.89,54000,0
2016-04-05,04:05:00,3.88,3.9,3.88,3.9,11000,0
2016-04-05,04:10:00,3.88,3.89,3.88,3.89,3000,0
2016-04-05,04:15:00,3.88,3.89,3.88,3.89,6000,0
2016-04-05,04:25:00,3.88,3.89,3.88,3.89,66000,0
2016-04-05,04:35:00,3.88,3.89,3.88,3.89,15000,0
2016-04-05,04:40:00,3.89,3.89,3.88,3.89,23000,0
2016-04-05,04:45:00,3.89,3.89,3.88,3.89,18000,0
2016-04-05,04:50:00,3.89,3.91,3.88,3.91,511000,0
2016-04-05,05:00:00,3.91,3.91,3.89,3.89,138000,0
2016-04-05,05:05:00,3.89,3.89,3.89,3.89,3000,0
2016-04-05,05:10:00,3.89,3.89,3.89,3.89,4000,0
2016-04-05,05:15:00,3.89,3.89,3.89,3.89,4000,0
2016-04-05,05:20:00,3.89,3.9,3.89,3.9,57000,0
2016-04-05,05:25:00,3.9,3.9,3.89,3.9,20000,0
2016-04-05,05:30:00,3.9,3.9,3.89,3.9,43000,0
2016-04-05,05:35:00,3.9,3.95,3.89,3.93,423000,0
2016-04-05,05:40:00,3.93,3.95,3.93,3.93,29000,0
2016-04-05,05:45:00,3.93,3.93,3.92,3.92,45000,0
2016-04-05,05:50:00,3.92,3.92,3.92,3.92,13000,0
2016-04-05,05:55:00,3.92,3.93,3.92,3.93,26000,0
2016-04-05,07:05:00,3.93,3.93,3.92,3.93,32000,0
2016-04-05,07:10:00,3.93,3.93,3.92,3.93,55000,0
2016-04-05,07:15:00,3.93,3.93,3.93,3.93,11000,0
2016-04-05,07:20:00,3.93,3.93,3.92,3.92,40000,0
2016-04-05,07:25:00,3.92,3.92,3.91,3.91,28000,0
2016-04-05,07:30:00,3.91,3.91,3.91,3.91,4000,0
2016-04-05,07:35:00,3.91,3.92,3.91,3.92,12000,0
2016-04-05,07:40:00,3.92,3.93,3.92,3.92,9000,0
2016-04-05,07:45:00,3.92,3.93,3.92,3.93,5000,0
2016-04-05,07:50:00,3.93,3.93,3.92,3.92,16000,0
2016-04-05,07:55:00,3.92,3.93,3.92,3.93,9000,0
2016-04-05,08:00:00,3.93,3.93,3.92,3.92,9000,0
2016-04-05,08:05:00,3.92,3.93,3.92,3.93,6000,0
2016-04-05,08:10:00,3.93,3.93,3.91,3.91,42000,0
2016-04-05,08:15:00,3.91,3.91,3.91,3.91,4000,0
2016-04-05,08:20:00,3.91,3.93,3.91,3.91,251000,0
2016-04-05,08:25:00,3.91,3.91,3.9,3.9,37000,0
2016-04-05,08:30:00,3.9,3.92,3.9,3.92,305000,0
2016-04-05,08:40:00,3.92,3.92,3.92,3.92,5000,0
2016-04-05,08:45:00,3.92,3.92,3.92,3.92,4000,0
2016-04-05,08:50:00,3.92,3.92,3.91,3.92,13000,0
2016-04-05,08:55:00,3.92,3.92,3.91,3.92,20000,0
2016-04-05,09:00:00,3.92,3.92,3.91,3.91,18000,0
2016-04-05,09:05:00,3.91,3.92,3.91,3.92,101000,0
2016-04-05,09:10:00,3.92,3.92,3.91,3.91,60000,0
2016-04-05,09:15:00,3.91,3.92,3.91,3.92,9000,0
2016-04-05,09:20:00,3.92,3.92,3.91,3.91,9000,0
2016-04-05,09:25:00,3.91,3.92,3.9,3.9,10000,0
2016-04-05,09:30:00,3.9,3.91,3.9,3.91,13000,0
2016-04-05,09:35:00,3.91,3.91,3.9,3.91,33000,0
2016-04-05,09:40:00,3.91,3.91,3.91,3.91,20000,0
2016-04-05,09:45:00,3.91,3.91,3.9,3.91,199000,0
2016-04-05,09:50:00,3.91,3.91,3.9,3.91,40000,0
2016-04-05,09:55:00,3.91,3.91,3.9,3.91,76000,0
2016-04-05,10:00:00,3.91,3.91,3.89,3.91,553000,0
2016-04-06,03:35:00,3.93,3.93,3.89,3.9,106000,0
2016-04-06,03:40:00,3.9,3.9,3.89,3.9,67000,0
2016-04-06,03:45:00,3.9,3.9,3.86,3.86,225000,0
2016-04-06,03:50:00,3.86,3.87,3.85,3.87,255000,0
2016-04-06,03:55:00,3.87,3.88,3.87,3.87,225000,0
2016-04-06,04:00:00,3.87,3.88,3.87,3.88,165000,0
2016-04-06,04:05:00,3.88,3.89,3.88,3.88,89000,0
2016-04-06,04:10:00,3.88,3.88,3.88,3.88,115000,0
2016-04-06,04:15:00,3.88,3.88,3.87,3.87,25000,0
2016-04-06,04:20:00,3.87,3.89,3.87,3.89,217000,0
2016-04-06,04:25:00,3.89,3.89,3.89,3.89,1000,0
2016-04-06,04:30:00,3.89,3.89,3.88,3.89,36000,0
2016-04-06,04:35:00,3.89,3.89,3.88,3.89,41000,0
2016-04-06,04:40:00,3.89,3.89,3.88,3.89,62000,0
2016-04-06,04:45:00,3.89,3.9,3.88,3.9,447000,0
2016-04-06,04:50:00,3.9,3.91,3.9,3.9,16000,0
2016-04-06,05:00:00,3.9,3.9,3.89,3.89,14000,0
2016-04-06,05:05:00,3.89,3.9,3.89,3.9,19000,0
2016-04-06,05:10:00,3.9,3.9,3.88,3.89,93000,0
2016-04-06,05:15:00,3.89,3.89,3.87,3.89,251000,0
2016-04-06,05:25:00,3.89,3.89,3.88,3.89,39000,0
2016-04-06,05:30:00,3.89,3.89,3.89,3.89,1000,0
2016-04-06,05:35:00,3.89,3.89,3.88,3.89,35000,0
2016-04-06,05:40:00,3.89,3.89,3.88,3.89,25000,0
2016-04-06,05:45:00,3.89,3.89,3.89,3.89,7000,0
2016-04-06,05:50:00,3.89,3.89,3.88,3.89,53000,0
2016-04-06,05:55:00,3.89,3.89,3.88,3.89,17000,0
2016-04-06,06:00:00,3.89,3.89,3.88,3.88,27000,0
2016-04-06,07:05:00,3.88,3.89,3.88,3.89,24000,0
2016-04-06,07:10:00,3.89,3.89,3.88,3.88,44000,0
2016-04-06,07:15:00,3.88,3.88,3.88,3.88,13000,0
2016-04-06,07:20:00,3.88,3.88,3.88,3.88,13000,0
2016-04-06,07:25:00,3.88,3.89,3.88,3.89,14000,0
2016-04-06,07:30:00,3.89,3.89,3.87,3.87,67000,0
2016-04-06,07:35:00,3.87,3.89,3.87,3.89,247000,0
2016-04-06,07:40:00,3.89,3.89,3.89,3.89,3000,0
2016-04-06,07:45:00,3.89,3.89,3.89,3.89,4000,0
2016-04-06,07:50:00,3.89,3.89,3.88,3.89,14000,0
2016-04-06,07:55:00,3.89,3.93,3.89,3.93,385000,0
2016-04-06,08:00:00,3.93,3.93,3.92,3.92,59000,0
2016-04-06,08:05:00,3.92,3.92,3.91,3.91,5000,0
2016-04-06,08:10:00,3.91,3.91,3.91,3.91,15000,0
2016-04-06,08:20:00,3.91,3.92,3.91,3.92,82000,0
2016-04-06,08:25:00,3.92,3.92,3.91,3.91,6000,0
2016-04-06,08:30:00,3.91,3.92,3.91,3.92,12000,0
2016-04-06,08:35:00,3.92,3.92,3.91,3.92,75000,0
2016-04-06,08:40:00,3.92,3.93,3.92,3.93,7000,0
2016-04-06,08:45:00,3.93,3.93,3.93,3.93,16000,0
2016-04-06,08:50:00,3.93,3.93,3.92,3.93,18000,0
2016-04-06,08:55:00,3.93,3.93,3.92,3.92,18000,0
2016-04-06,09:00:00,3.92,3.94,3.92,3.94,133000,0
2016-04-06,09:05:00,3.94,3.94,3.94,3.94,3000,0
2016-04-06,09:10:00,3.94,3.94,3.93,3.94,15000,0
2016-04-06,09:15:00,3.94,3.95,3.93,3.95,127000,0
2016-04-06,09:20:00,3.95,3.95,3.94,3.95,29000,0
2016-04-06,09:25:00,3.95,3.95,3.94,3.95,17000,0
2016-04-06,09:30:00,3.95,3.95,3.94,3.95,95000,0
2016-04-06,09:35:00,3.95,3.95,3.94,3.94,39000,0
2016-04-06,09:40:00,3.94,3.95,3.94,3.94,64000,0
2016-04-06,09:45:00,3.94,3.95,3.94,3.94,70000,0
2016-04-06,09:50:00,3.94,3.95,3.94,3.94,48000,0
2016-04-06,09:55:00,3.94,3.95,3.94,3.94,43000,0
2016-04-06,10:00:00,3.94,3.94,3.92,3.93,533000,0
2016-04-07,03:35:00,3.96,3.96,3.92,3.93,20000,0
2016-04-07,03:40:00,3.93,3.94,3.93,3.94,46000,0
2016-04-07,03:45:00,3.94,3.95,3.94,3.95,76000,0
2016-04-07,03:50:00,3.95,3.96,3.94,3.96,138000,0
2016-04-07,03:55:00,3.96,3.96,3.95,3.96,83000,0
2016-04-07,04:00:00,3.96,3.96,3.95,3.95,30000,0
2016-04-07,04:05:00,3.95,3.97,3.95,3.97,147000,0
2016-04-07,04:10:00,3.97,3.97,3.96,3.96,51000,0
2016-04-07,04:15:00,3.96,3.97,3.96,3.97,96000,0
2016-04-07,04:25:00,3.97,3.97,3.96,3.96,96000,0
2016-04-07,04:30:00,3.96,3.96,3.94,3.94,146000,0
2016-04-07,04:35:00,3.94,3.95,3.94,3.95,54000,0
2016-04-07,04:40:00,3.95,3.95,3.94,3.94,36000,0
2016-04-07,04:45:00,3.94,3.94,3.93,3.93,68000,0
2016-04-07,04:50:00,3.93,3.94,3.93,3.94,67000,0
2016-04-07,04:55:00,3.94,3.94,3.93,3.93,27000,0
2016-04-07,05:00:00,3.93,3.93,3.93,3.93,22000,0
2016-04-07,05:05:00,3.93,3.93,3.92,3.93,31000,0
2016-04-07,05:10:00,3.92,3.93,3.92,3.93,29000,0
2016-04-07,05:15:00,3.92,3.93,3.92,3.93,6000,0
2016-04-07,05:20:00,3.92,3.93,3.92,3.93,33000,0
2016-04-07,05:25:00,3.92,3.93,3.92,3.93,254000,0
2016-04-07,05:30:00,3.93,3.95,3.93,3.95,132000,0
2016-04-07,05:35:00,3.95,3.97,3.95,3.97,51000,0
2016-04-07,05:40:00,3.97,3.97,3.96,3.97,37000,0
2016-04-07,05:45:00,3.97,3.97,3.96,3.96,61000,0
2016-04-07,05:50:00,3.96,3.96,3.95,3.96,49000,0
2016-04-07,05:55:00,3.96,3.96,3.95,3.96,51000,0
2016-04-07,06:00:00,3.96,3.96,3.95,3.96,36000,0
2016-04-07,07:05:00,3.96,3.96,3.95,3.95,21000,0
2016-04-07,07:10:00,3.95,3.96,3.95,3.96,35000,0
2016-04-07,07:20:00,3.96,3.96,3.96,3.96,4000,0
2016-04-07,07:25:00,3.96,3.96,3.96,3.96,6000,0
2016-04-07,07:30:00,3.96,3.96,3.95,3.95,24000,0
2016-04-07,07:35:00,3.95,3.96,3.95,3.95,14000,0
2016-04-07,07:40:00,3.95,3.95,3.95,3.95,12000,0
2016-04-07,07:45:00,3.95,3.96,3.95,3.96,50000,0
2016-04-07,07:50:00,3.96,3.97,3.96,3.97,171000,0
2016-04-07,07:55:00,3.97,3.97,3.97,3.97,23000,0
2016-04-07,08:00:00,3.97,3.98,3.96,3.97,91000,0
2016-04-07,08:05:00,3.97,3.97,3.96,3.97,20000,0
2016-04-07,08:10:00,3.97,3.97,3.96,3.97,25000,0
2016-04-07,08:15:00,3.97,3.97,3.97,3.97,26000,0
2016-04-07,08:20:00,3.97,3.97,3.96,3.97,47000,0
2016-04-07,08:25:00,3.97,3.97,3.96,3.96,39000,0
2016-04-07,08:30:00,3.96,3.96,3.95,3.95,11000,0
2016-04-07,08:35:00,3.95,3.96,3.95,3.96,3000,0
2016-04-07,08:40:00,3.96,3.96,3.95,3.95,31000,0
2016-04-07,08:45:00,3.95,3.95,3.95,3.95,59000,0
2016-04-07,08:50:00,3.95,3.96,3.94,3.94,82000,0
2016-04-07,08:55:00,3.94,3.95,3.94,3.94,57000,0
2016-04-07,09:00:00,3.94,3.95,3.93,3.94,78000,0
2016-04-07,09:05:00,3.94,3.94,3.93,3.94,290000,0
2016-04-07,09:10:00,3.94,3.94,3.94,3.94,44000,0
2016-04-07,09:15:00,3.94,3.95,3.94,3.95,53000,0
2016-04-07,09:20:00,3.95,3.95,3.94,3.94,52000,0
2016-04-07,09:25:00,3.94,3.94,3.94,3.94,26000,0
2016-04-07,09:30:00,3.94,3.94,3.93,3.93,68000,0
2016-04-07,09:35:00,3.93,3.95,3.93,3.95,332000,0
2016-04-07,09:40:00,3.95,3.95,3.95,3.95,54000,0
2016-04-07,09:45:00,3.95,3.95,3.95,3.95,22000,0
2016-04-07,09:50:00,3.95,3.95,3.94,3.94,93000,0
2016-04-07,09:55:00,3.94,3.94,3.93,3.94,504000,0
2016-04-07,10:00:00,3.94,3.96,3.93,3.95,418000,0
2016-04-08,03:40:00,3.93,3.94,3.91,3.91,79000,0
2016-04-08,03:45:00,3.91,3.92,3.9,3.92,87000,0
2016-04-08,03:50:00,3.92,3.92,3.91,3.91,17000,0
2016-04-08,03:55:00,3.91,3.93,3.91,3.93,108000,0
2016-04-08,04:00:00,3.93,3.93,3.92,3.92,4000,0
2016-04-08,04:05:00,3.92,3.93,3.92,3.93,61000,0
2016-04-08,04:10:00,3.93,3.93,3.93,3.93,4000,0
2016-04-08,04:15:00,3.93,3.93,3.92,3.93,49000,0
2016-04-08,04:20:00,3.93,3.93,3.9,3.91,62000,0
2016-04-08,04:25:00,3.9,3.91,3.9,3.91,4000,0
2016-04-08,04:35:00,3.9,3.91,3.9,3.91,26000,0
2016-04-08,04:50:00,3.9,3.92,3.9,3.92,150000,0
2016-04-08,04:55:00,3.92,3.92,3.91,3.91,39000,0
2016-04-08,05:00:00,3.91,3.91,3.91,3.91,4000,0
2016-04-08,05:10:00,3.91,3.92,3.9,3.92,120000,0
2016-04-08,05:15:00,3.92,3.92,3.91,3.91,29000,0
2016-04-08,05:25:00,3.91,3.92,3.91,3.92,20000,0
2016-04-08,05:30:00,3.91,3.91,3.91,3.91,10000,0
2016-04-08,05:35:00,3.91,3.92,3.91,3.92,75000,0
2016-04-08,05:40:00,3.92,3.93,3.91,3.93,125000,0
2016-04-08,05:45:00,3.93,3.94,3.93,3.94,33000,0
2016-04-08,05:50:00,3.94,3.97,3.94,3.97,213000,0
2016-04-08,05:55:00,3.96,4.06,3.96,4,1246000,0
2016-04-08,06:00:00,4,4.04,3.99,4,284000,0
2016-04-08,07:05:00,4,4.04,4,4,352000,0
2016-04-08,07:10:00,4.01,4.01,4.01,4.01,43000,0
2016-04-08,07:15:00,4.01,4.02,4.01,4.01,118000,0
2016-04-08,07:20:00,4.01,4.01,4.01,4.01,35000,0
2016-04-08,07:25:00,4.01,4.01,4.01,4.01,72000,0
2016-04-08,07:30:00,4.01,4.02,4.01,4.01,76000,0
2016-04-08,07:35:00,4.01,4.02,4.01,4.02,86000,0
2016-04-08,07:40:00,4.02,4.02,4,4,207000,0
2016-04-08,07:45:00,4,4,3.99,3.99,208000,0
2016-04-08,07:50:00,3.99,3.99,3.98,3.98,129000,0
2016-04-08,07:55:00,3.98,3.98,3.97,3.97,98000,0
2016-04-08,08:00:00,3.97,3.98,3.97,3.98,68000,0
2016-04-08,08:05:00,3.98,3.98,3.98,3.98,58000,0
2016-04-08,08:10:00,3.98,3.98,3.98,3.98,21000,0
2016-04-08,08:15:00,3.98,3.98,3.98,3.98,79000,0
2016-04-08,08:20:00,3.98,3.98,3.97,3.98,52000,0
2016-04-08,08:25:00,3.98,3.98,3.98,3.98,30000,0
2016-04-08,08:30:00,3.98,3.98,3.98,3.98,28000,0
2016-04-08,08:35:00,3.98,3.99,3.98,3.99,90000,0
2016-04-08,08:40:00,3.99,3.99,3.99,3.99,5000,0
2016-04-08,08:45:00,3.99,3.99,3.97,3.98,280000,0
2016-04-08,08:50:00,3.98,3.99,3.98,3.99,110000,0
2016-04-08,08:55:00,3.99,3.99,3.98,3.99,76000,0
2016-04-08,09:05:00,3.98,3.99,3.98,3.99,40000,0
2016-04-08,09:10:00,3.99,3.99,3.98,3.98,69000,0
2016-04-08,09:15:00,3.98,3.99,3.98,3.98,52000,0
2016-04-08,09:20:00,3.98,3.99,3.95,3.95,719000,0
2016-04-08,09:30:00,3.95,3.97,3.95,3.97,24000,0
2016-04-08,09:35:00,3.97,3.98,3.97,3.98,17000,0
2016-04-08,09:40:00,3.98,3.98,3.98,3.98,35000,0
2016-04-08,09:45:00,3.98,3.98,3.97,3.98,16000,0
2016-04-08,09:50:00,3.98,3.98,3.97,3.98,99000,0
2016-04-08,09:55:00,3.98,3.99,3.98,3.99,101000,0
2016-04-08,10:00:00,3.99,4,3.99,4,180000,0
2016-04-11,03:35:00,3.99,4.02,3.99,3.99,21000,0
2016-04-11,03:50:00,3.99,4,3.99,4,16000,0
2016-04-11,04:10:00,3.98,3.99,3.98,3.99,2000,0
2016-04-11,04:40:00,3.98,3.99,3.98,3.99,8000,0
2016-04-11,04:45:00,3.98,4,3.98,4,119000,0
2016-04-11,04:50:00,4,4.01,4,4.01,5000,0
2016-04-11,04:55:00,4.01,4.01,4,4,2000,0
2016-04-11,05:00:00,4,4.03,4,4.03,113000,0
2016-04-11,05:05:00,4.03,4.04,4.03,4.04,26000,0
2016-04-11,05:10:00,4.04,4.05,4.04,4.05,7000,0
2016-04-11,05:15:00,4.05,4.05,4.03,4.04,58000,0
2016-04-11,05:20:00,4.04,4.05,4.04,4.04,160000,0
2016-04-11,05:25:00,4.04,4.05,4.04,4.05,56000,0
2016-04-11,05:30:00,4.05,4.05,4.05,4.05,10000,0
2016-04-11,05:35:00,4.05,4.05,4.04,4.04,79000,0
2016-04-11,05:40:00,4.04,4.04,4.04,4.04,93000,0
2016-04-11,05:45:00,4.04,4.05,4.04,4.05,81000,0
2016-04-11,05:50:00,4.05,4.05,4.05,4.05,10000,0
2016-04-11,05:55:00,4.05,4.07,4.05,4.07,235000,0
2016-04-11,06:00:00,4.07,4.07,4.07,4.07,11000,0
2016-04-11,07:05:00,4.07,4.07,4.04,4.06,83000,0
2016-04-11,07:10:00,4.06,4.07,4.06,4.07,36000,0
2016-04-11,07:15:00,4.07,4.07,4.06,4.06,20000,0
2016-04-11,07:20:00,4.06,4.06,4.06,4.06,1000,0
2016-04-11,07:25:00,4.06,4.07,4.06,4.07,87000,0
2016-04-11,07:30:00,4.07,4.08,4.07,4.08,187000,0
2016-04-11,07:35:00,4.08,4.08,4.07,4.07,50000,0
2016-04-11,07:40:00,4.07,4.07,4.06,4.07,74000,0
2016-04-11,07:45:00,4.07,4.07,4.07,4.07,14000,0
2016-04-11,07:50:00,4.07,4.07,4.06,4.07,37000,0
2016-04-11,07:55:00,4.07,4.07,4.06,4.06,26000,0
2016-04-11,08:00:00,4.06,4.07,4.06,4.07,34000,0
2016-04-11,08:05:00,4.07,4.07,4.06,4.07,28000,0
2016-04-11,08:20:00,4.07,4.07,4.05,4.06,63000,0
2016-04-11,08:25:00,4.06,4.07,4.05,4.07,306000,0
2016-04-11,08:30:00,4.07,4.07,4.07,4.07,10000,0
2016-04-11,08:35:00,4.07,4.07,4.06,4.06,16000,0
2016-04-11,08:40:00,4.06,4.07,4.06,4.06,28000,0
2016-04-11,08:45:00,4.06,4.07,4.06,4.07,186000,0
2016-04-11,08:50:00,4.07,4.07,4.07,4.07,11000,0
2016-04-11,08:55:00,4.07,4.07,4.07,4.07,2000,0
2016-04-11,09:10:00,4.07,4.07,4.05,4.05,27000,0
2016-04-11,09:15:00,4.05,4.06,4.04,4.06,258000,0
2016-04-11,09:20:00,4.06,4.06,4.05,4.05,79000,0
2016-04-11,09:25:00,4.05,4.06,4.05,4.05,39000,0
2016-04-11,09:30:00,4.05,4.06,4.05,4.06,196000,0
2016-04-11,09:40:00,4.06,4.06,4.06,4.06,11000,0
2016-04-11,09:45:00,4.06,4.07,4.06,4.07,38000,0
2016-04-11,09:50:00,4.07,4.08,4.06,4.08,123000,0
2016-04-11,09:55:00,4.08,4.09,4.08,4.09,101000,0
2016-04-11,10:00:00,4.09,4.1,4.08,4.1,549000,0
2016-04-12,03:35:00,4.09,4.1,4.09,4.1,228000,0
2016-04-12,03:40:00,4.1,4.13,4.1,4.13,39000,0
2016-04-12,03:45:00,4.13,4.13,4.11,4.11,401000,0
2016-04-12,03:50:00,4.11,4.11,4.1,4.1,101000,0
2016-04-12,03:55:00,4.1,4.1,4.08,4.1,351000,0
2016-04-12,04:00:00,4.1,4.11,4.1,4.11,53000,0
2016-04-12,04:05:00,4.11,4.11,4.1,4.1,71000,0
2016-04-12,04:10:00,4.1,4.11,4.1,4.11,12000,0
2016-04-12,04:15:00,4.11,4.11,4.11,4.11,31000,0
2016-04-12,04:20:00,4.11,4.11,4.1,4.11,320000,0
2016-04-12,04:25:00,4.11,4.12,4.11,4.12,12000,0
2016-04-12,04:30:00,4.12,4.12,4.1,4.1,234000,0
2016-04-12,04:35:00,4.1,4.11,4.1,4.1,24000,0
2016-04-12,04:40:00,4.09,4.1,4.09,4.09,120000,0
2016-04-12,04:50:00,4.09,4.09,4.08,4.08,30000,0
2016-04-12,04:55:00,4.08,4.09,4.07,4.08,498000,0
2016-04-12,05:00:00,4.08,4.09,4.08,4.09,254000,0
2016-04-12,05:05:00,4.09,4.1,4.09,4.1,40000,0
2016-04-12,05:10:00,4.1,4.1,4.09,4.09,87000,0
2016-04-12,05:15:00,4.09,4.09,4.09,4.09,113000,0
2016-04-12,05:20:00,4.09,4.1,4.08,4.1,386000,0
2016-04-12,05:25:00,4.1,4.11,4.1,4.11,8000,0
2016-04-12,05:30:00,4.11,4.11,4.1,4.1,47000,0
2016-04-12,05:35:00,4.1,4.11,4.1,4.11,92000,0
2016-04-12,05:40:00,4.11,4.11,4.1,4.11,30000,0
2016-04-12,05:45:00,4.11,4.11,4.11,4.11,4000,0
2016-04-12,05:50:00,4.11,4.12,4.1,4.12,199000,0
2016-04-12,06:00:00,4.12,4.12,4.12,4.12,4000,0
2016-04-12,07:05:00,4.12,4.15,4.12,4.14,420000,0
2016-04-12,07:10:00,4.14,4.14,4.13,4.14,27000,0
2016-04-12,07:15:00,4.14,4.14,4.13,4.13,9000,0
2016-04-12,07:20:00,4.13,4.15,4.13,4.15,87000,0
2016-04-12,07:25:00,4.15,4.15,4.15,4.15,21000,0
2016-04-12,07:30:00,4.15,4.15,4.15,4.15,62000,0
2016-04-12,07:35:00,4.15,4.16,4.15,4.16,106000,0
2016-04-12,07:40:00,4.16,4.16,4.16,4.16,1000,0
2016-04-12,07:45:00,4.16,4.16,4.15,4.15,50000,0
2016-04-12,07:50:00,4.15,4.16,4.15,4.15,59000,0
2016-04-12,07:55:00,4.15,4.16,4.15,4.16,31000,0
2016-04-12,08:00:00,4.16,4.16,4.14,4.14,155000,0
2016-04-12,08:05:00,4.14,4.16,4.14,4.16,168000,0
2016-04-12,08:10:00,4.16,4.16,4.15,4.16,50000,0
2016-04-12,08:15:00,4.16,4.16,4.15,4.15,72000,0
2016-04-12,08:20:00,4.15,4.17,4.15,4.17,63000,0
2016-04-12,08:25:00,4.17,4.17,4.17,4.17,9000,0
2016-04-12,08:30:00,4.17,4.17,4.17,4.17,33000,0
2016-04-12,08:35:00,4.17,4.17,4.16,4.17,503000,0
2016-04-12,08:40:00,4.17,4.18,4.17,4.18,487000,0
2016-04-12,08:45:00,4.18,4.18,4.17,4.18,39000,0
2016-04-12,08:50:00,4.18,4.18,4.17,4.17,54000,0
2016-04-12,08:55:00,4.17,4.17,4.16,4.17,124000,0
2016-04-12,09:00:00,4.17,4.18,4.17,4.18,28000,0
2016-04-12,09:05:00,4.18,4.18,4.16,4.16,304000,0
2016-04-12,09:10:00,4.16,4.16,4.16,4.16,33000,0
2016-04-12,09:15:00,4.16,4.18,4.16,4.18,345000,0
2016-04-12,09:20:00,4.18,4.19,4.18,4.18,76000,0
2016-04-12,09:25:00,4.18,4.19,4.18,4.18,24000,0
2016-04-12,09:30:00,4.18,4.21,4.18,4.21,596000,0
2016-04-12,09:35:00,4.21,4.22,4.2,4.21,377000,0
2016-04-12,09:40:00,4.21,4.21,4.2,4.2,205000,0
2016-04-12,09:45:00,4.2,4.22,4.2,4.22,472000,0
2016-04-12,09:50:00,4.22,4.25,4.2,4.22,1263000,0
2016-04-12,09:55:00,4.22,4.24,4.22,4.24,46000,0
2016-04-12,10:00:00,4.24,4.26,4.23,4.26,566000,0
2016-04-13,03:35:00,4.3,4.3,4.28,4.3,191000,0
2016-04-13,03:40:00,4.3,4.3,4.29,4.3,56000,0
2016-04-13,03:45:00,4.3,4.3,4.28,4.28,156000,0
2016-04-13,03:50:00,4.28,4.29,4.28,4.29,67000,0
2016-04-13,03:55:00,4.29,4.29,4.28,4.28,54000,0
2016-04-13,04:00:00,4.28,4.3,4.28,4.3,211000,0
2016-04-13,04:05:00,4.3,4.32,4.3,4.32,79000,0
2016-04-13,04:10:00,4.32,4.33,4.32,4.32,68000,0
2016-04-13,04:15:00,4.32,4.33,4.32,4.33,23000,0
2016-04-13,04:20:00,4.33,4.33,4.33,4.33,69000,0
2016-04-13,04:25:00,4.33,4.34,4.33,4.34,33000,0
2016-04-13,04:30:00,4.34,4.35,4.34,4.34,80000,0
2016-04-13,04:35:00,4.34,4.34,4.32,4.33,82000,0
2016-04-13,04:40:00,4.33,4.33,4.32,4.32,19000,0
2016-04-13,04:45:00,4.32,4.32,4.31,4.32,63000,0
2016-04-13,04:50:00,4.32,4.32,4.31,4.31,67000,0
2016-04-13,04:55:00,4.31,4.32,4.31,4.31,26000,0
2016-04-13,05:00:00,4.31,4.31,4.28,4.28,290000,0
2016-04-13,05:05:00,4.28,4.28,4.28,4.28,24000,0
2016-04-13,05:10:00,4.28,4.31,4.28,4.31,178000,0
2016-04-13,05:15:00,4.31,4.31,4.3,4.3,45000,0
2016-04-13,05:20:00,4.3,4.31,4.3,4.31,31000,0
2016-04-13,05:25:00,4.31,4.33,4.31,4.33,71000,0
2016-04-13,05:30:00,4.33,4.35,4.33,4.35,42000,0
2016-04-13,05:35:00,4.35,4.35,4.34,4.34,125000,0
2016-04-13,05:40:00,4.34,4.34,4.33,4.33,49000,0
2016-04-13,05:45:00,4.33,4.33,4.33,4.33,9000,0
2016-04-13,05:50:00,4.33,4.33,4.32,4.33,46000,0
2016-04-13,05:55:00,4.33,4.34,4.33,4.34,130000,0
2016-04-13,06:00:00,4.34,4.34,4.32,4.34,186000,0
2016-04-13,07:05:00,4.34,4.34,4.34,4.34,16000,0
2016-04-13,07:10:00,4.34,4.34,4.34,4.34,12002,0
2016-04-13,07:15:00,4.34,4.34,4.33,4.33,27000,0
2016-04-13,07:20:00,4.33,4.34,4.33,4.33,54000,0
2016-04-13,07:25:00,4.33,4.34,4.33,4.34,131000,0
2016-04-13,07:30:00,4.34,4.34,4.34,4.34,7000,0
2016-04-13,07:35:00,4.34,4.34,4.33,4.33,95000,0
2016-04-13,07:40:00,4.33,4.33,4.32,4.33,27000,0
2016-04-13,07:45:00,4.33,4.33,4.33,4.33,18000,0
2016-04-13,07:50:00,4.33,4.33,4.32,4.33,13000,0
2016-04-13,07:55:00,4.33,4.33,4.33,4.33,3000,0
2016-04-13,08:05:00,4.33,4.33,4.32,4.32,61000,0
2016-04-13,08:10:00,4.32,4.32,4.32,4.32,1000,0
2016-04-13,08:15:00,4.32,4.32,4.3,4.3,237000,0
2016-04-13,08:20:00,4.3,4.31,4.3,4.31,6000,0
2016-04-13,08:25:00,4.31,4.33,4.3,4.33,347000,0
2016-04-13,08:30:00,4.33,4.33,4.33,4.33,10000,0
2016-04-13,08:35:00,4.33,4.33,4.31,4.31,33000,0
2016-04-13,08:40:00,4.31,4.31,4.31,4.31,2000,0
2016-04-13,08:45:00,4.31,4.32,4.31,4.32,53000,0
2016-04-13,08:50:00,4.32,4.32,4.32,4.32,2000,0
2016-04-13,08:55:00,4.32,4.32,4.3,4.3,15000,0
2016-04-13,09:05:00,4.3,4.3,4.3,4.3,1000,0
2016-04-13,09:10:00,4.3,4.31,4.3,4.31,149000,0
2016-04-13,09:15:00,4.31,4.32,4.31,4.31,46000,0
2016-04-13,09:25:00,4.31,4.31,4.31,4.31,1000,0
2016-04-13,09:30:00,4.31,4.31,4.3,4.31,76000,0
2016-04-13,09:35:00,4.31,4.33,4.31,4.33,210000,0
2016-04-13,09:40:00,4.33,4.33,4.33,4.33,1000,0
2016-04-13,09:45:00,4.33,4.33,4.32,4.33,19000,0
2016-04-13,09:50:00,4.33,4.33,4.32,4.33,26000,0
2016-04-13,09:55:00,4.33,4.34,4.33,4.34,251000,0
2016-04-13,10:00:00,4.34,4.35,4.33,4.35,390000,0
