Date,Time,Open,High,Low,Close,Volume,OpenInt
2016-03-04,02:55:00,0.92,0.93,0.92,0.92,100000,0
2016-03-04,03:05:00,0.92,0.92,0.92,0.92,15000,0
2016-03-04,03:10:00,0.92,0.92,0.92,0.92,145000,0
2016-03-04,03:15:00,0.92,0.93,0.91,0.92,220000,0
2016-03-04,03:20:00,0.92,0.93,0.92,0.93,390000,0
2016-03-04,03:25:00,0.93,0.93,0.93,0.93,100000,0
2016-03-04,03:30:00,0.93,0.93,0.93,0.93,200000,0
2016-03-04,03:35:00,0.93,0.93,0.92,0.92,185000,0
2016-03-04,03:40:00,0.92,0.93,0.92,0.93,355000,0
2016-03-04,03:45:00,0.93,0.93,0.92,0.92,150000,0
2016-03-04,03:50:00,0.92,0.92,0.92,0.92,190000,0
2016-03-04,03:55:00,0.91,0.92,0.91,0.92,190000,0
2016-03-04,04:00:00,0.92,0.92,0.92,0.92,65000,0
2016-03-04,04:15:00,0.92,0.93,0.92,0.93,170000,0
2016-03-04,04:30:00,0.93,0.93,0.92,0.92,170000,0
2016-03-04,04:40:00,0.92,0.92,0.92,0.92,105000,0
2016-03-04,04:45:00,0.92,0.92,0.92,0.92,100000,0
2016-03-04,04:55:00,0.92,0.92,0.92,0.92,105000,0
2016-03-04,06:10:00,0.92,0.92,0.92,0.92,120000,0
2016-03-04,06:15:00,0.92,0.92,0.92,0.92,640000,0
2016-03-04,06:20:00,0.92,0.92,0.92,0.92,180000,0
2016-03-04,06:25:00,0.92,0.92,0.92,0.92,410000,0
2016-03-04,06:40:00,0.92,0.92,0.92,0.92,130000,0
2016-03-04,06:50:00,0.92,0.93,0.92,0.93,450000,0
2016-03-04,07:00:00,0.93,0.93,0.93,0.93,100000,0
2016-03-04,07:05:00,0.93,0.93,0.93,0.93,255000,0
2016-03-04,07:10:00,0.93,0.94,0.93,0.94,990000,0
2016-03-04,07:15:00,0.94,0.96,0.94,0.95,840000,0
2016-03-04,07:20:00,0.95,0.95,0.94,0.94,210000,0
2016-03-04,07:25:00,0.94,0.94,0.93,0.93,235000,0
2016-03-04,07:30:00,0.93,0.93,0.93,0.93,5000,0
2016-03-04,07:35:00,0.93,0.94,0.93,0.94,110000,0
2016-03-04,07:40:00,0.94,0.94,0.94,0.94,140000,0
2016-03-04,07:45:00,0.94,0.94,0.94,0.94,10000,0
2016-03-04,08:05:00,0.94,0.94,0.94,0.94,55000,0
2016-03-04,08:10:00,0.94,0.94,0.94,0.94,10000,0
2016-03-04,08:15:00,0.94,0.94,0.93,0.93,200000,0
2016-03-04,08:20:00,0.93,0.93,0.93,0.93,5000,0
2016-03-04,08:25:00,0.93,0.93,0.93,0.93,10000,0
2016-03-04,08:30:00,0.93,0.93,0.93,0.93,50000,0
2016-03-04,08:35:00,0.93,0.93,0.93,0.93,25000,0
2016-03-04,08:50:00,0.93,0.93,0.92,0.92,30000,0
2016-03-04,08:55:00,0.92,0.92,0.92,0.92,5000,0
2016-03-04,09:00:00,0.92,0.93,0.92,0.93,20000,0
2016-03-07,02:35:00,0.93,0.94,0.93,0.94,50000,0
2016-03-07,02:40:00,0.94,0.94,0.93,0.93,440000,0
2016-03-07,02:45:00,0.93,0.97,0.93,0.95,950000,0
2016-03-07,02:50:00,0.95,0.97,0.95,0.96,1445000,0
2016-03-07,02:55:00,0.96,1.06,0.96,0.99,1485000,0
2016-03-07,03:00:00,0.99,1,0.99,1,770000,0
2016-03-07,03:05:00,1,1,1,1,410000,0
2016-03-07,03:10:00,1,1,1,1,240000,0
2016-03-07,03:15:00,1,1,0.98,0.98,165000,0
2016-03-07,03:20:00,0.98,0.98,0.98,0.98,205000,0
2016-03-07,03:25:00,0.98,0.98,0.97,0.97,480000,0
2016-03-07,03:35:00,0.97,0.98,0.97,0.98,755000,0
2016-03-07,03:45:00,0.98,0.98,0.97,0.97,400000,0
2016-03-07,04:00:00,0.97,0.97,0.97,0.97,30000,0
2016-03-07,04:05:00,0.97,0.97,0.97,0.97,5000,0
2016-03-07,04:10:00,0.97,0.97,0.97,0.97,170000,0
2016-03-07,04:15:00,0.97,0.97,0.97,0.97,10000,0
2016-03-07,04:25:00,0.97,0.97,0.97,0.97,5000,0
2016-03-07,04:30:00,0.97,0.97,0.97,0.97,170000,0
2016-03-07,04:40:00,0.97,0.97,0.97,0.97,220000,0
2016-03-07,05:00:00,0.97,0.98,0.97,0.98,15000,0
2016-03-07,06:05:00,0.98,0.98,0.97,0.97,655000,0
2016-03-07,06:10:00,0.97,0.98,0.97,0.98,10000,0
2016-03-07,06:20:00,0.98,0.98,0.98,0.98,10000,0
2016-03-07,06:25:00,0.98,0.98,0.98,0.98,5000,0
2016-03-07,06:30:00,0.98,0.98,0.98,0.98,5000,0
2016-03-07,06:35:00,0.98,0.98,0.97,0.97,225000,0
2016-03-07,06:45:00,0.97,0.97,0.97,0.97,205000,0
2016-03-07,06:55:00,0.97,0.97,0.97,0.97,5000,0
2016-03-07,07:05:00,0.97,0.98,0.97,0.98,10000,0
2016-03-07,07:10:00,0.98,0.98,0.98,0.98,40000,0
2016-03-07,07:15:00,0.98,0.99,0.98,0.99,1250000,0
2016-03-07,07:30:00,0.99,0.99,0.99,0.99,315000,0
2016-03-07,07:35:00,0.99,0.99,0.98,0.98,10000,0
2016-03-07,07:40:00,0.98,0.98,0.98,0.98,5000,0
2016-03-07,07:45:00,0.98,0.98,0.98,0.98,100000,0
2016-03-07,08:05:00,0.98,0.99,0.98,0.99,170000,0
2016-03-07,08:10:00,0.99,0.99,0.99,0.99,10000,0
2016-03-07,08:15:00,0.99,0.99,0.98,0.98,45000,0
2016-03-07,08:20:00,0.98,0.98,0.98,0.98,20000,0
2016-03-07,08:35:00,0.98,0.98,0.97,0.98,325000,0
2016-03-07,08:40:00,0.98,0.98,0.98,0.98,10000,0
2016-03-07,08:45:00,0.98,0.98,0.98,0.98,10000,0
2016-03-07,08:50:00,0.98,0.98,0.98,0.98,15000,0
2016-03-07,08:55:00,0.98,0.98,0.98,0.98,20000,0
2016-03-07,09:00:00,0.98,0.98,0.97,0.98,190000,0
2016-03-08,02:35:00,0.98,0.98,0.98,0.98,50000,0
2016-03-08,02:50:00,0.98,0.98,0.97,0.97,70000,0
2016-03-08,02:55:00,0.97,0.99,0.97,0.99,1080000,0
2016-03-08,03:00:00,0.99,0.99,0.97,0.97,380000,0
2016-03-08,03:05:00,0.97,0.97,0.96,0.96,485000,0
2016-03-08,03:15:00,0.96,0.96,0.96,0.96,15000,0
2016-03-08,03:25:00,0.96,0.96,0.96,0.96,5000,0
2016-03-08,03:40:00,0.96,0.96,0.95,0.95,545000,0
2016-03-08,03:45:00,0.95,0.95,0.94,0.94,120000,0
2016-03-08,03:55:00,0.93,0.94,0.93,0.94,110000,0
2016-03-08,04:00:00,0.94,0.94,0.94,0.94,45000,0
2016-03-08,04:20:00,0.94,0.95,0.94,0.95,90000,0
2016-03-08,04:25:00,0.95,0.95,0.95,0.95,55000,0
2016-03-08,04:30:00,0.95,0.95,0.95,0.95,100000,0
2016-03-08,04:35:00,0.95,0.95,0.95,0.95,60000,0
2016-03-08,04:40:00,0.95,0.96,0.95,0.96,15000,0
2016-03-08,04:55:00,0.96,0.96,0.95,0.95,10000,0
2016-03-08,06:05:00,0.95,0.95,0.95,0.95,15000,0
2016-03-08,06:10:00,0.95,0.96,0.95,0.96,10000,0
2016-03-08,06:15:00,0.96,0.96,0.95,0.95,225000,0
2016-03-08,06:20:00,0.95,0.96,0.95,0.96,10000,0
2016-03-08,06:25:00,0.96,0.96,0.96,0.96,5000,0
2016-03-08,06:30:00,0.96,0.96,0.94,0.94,12000,0
2016-03-08,06:35:00,0.94,0.95,0.94,0.95,35000,0
2016-03-08,06:45:00,0.95,0.95,0.95,0.95,5000,0
2016-03-08,07:10:00,0.95,0.96,0.95,0.96,10000,0
2016-03-08,07:25:00,0.96,0.96,0.95,0.96,305000,0
2016-03-08,07:35:00,0.96,0.96,0.95,0.95,260000,0
2016-03-08,07:40:00,0.95,0.96,0.95,0.95,140000,0
2016-03-08,07:45:00,0.95,0.96,0.95,0.95,310000,0
2016-03-08,08:05:00,0.95,0.96,0.95,0.96,10000,0
2016-03-08,08:35:00,0.96,0.96,0.96,0.96,10000,0
2016-03-08,09:00:00,0.96,0.96,0.96,0.96,340000,0
2016-03-09,02:35:00,0.95,0.95,0.95,0.95,205000,0
2016-03-09,02:40:00,0.95,0.96,0.95,0.96,1010000,0
2016-03-09,02:45:00,0.96,0.96,0.96,0.96,100000,0
2016-03-09,02:50:00,0.96,0.96,0.96,0.96,235000,0
2016-03-09,02:55:00,0.96,0.96,0.96,0.96,95000,0
2016-03-09,03:00:00,0.96,0.96,0.96,0.96,55000,0
2016-03-09,03:05:00,0.96,0.96,0.96,0.96,50000,0
2016-03-09,03:10:00,0.96,0.96,0.96,0.96,105000,0
2016-03-09,03:15:00,0.96,0.96,0.96,0.96,140000,0
2016-03-09,03:20:00,0.96,0.96,0.96,0.96,115000,0
2016-03-09,03:25:00,0.96,0.96,0.95,0.96,720000,0
2016-03-09,03:30:00,0.96,0.96,0.96,0.96,60000,0
2016-03-09,03:40:00,0.96,0.97,0.96,0.97,210000,0
2016-03-09,03:45:00,0.97,0.97,0.97,0.97,50000,0
2016-03-09,04:15:00,0.97,0.97,0.96,0.96,145000,0
2016-03-09,04:20:00,0.96,0.96,0.96,0.96,225000,0
2016-03-09,04:25:00,0.96,0.96,0.96,0.96,70000,0
2016-03-09,04:30:00,0.96,0.96,0.96,0.96,45000,0
2016-03-09,04:35:00,0.96,0.96,0.96,0.96,105000,0
2016-03-09,04:45:00,0.96,0.97,0.96,0.97,10000,0
2016-03-09,04:55:00,0.97,0.97,0.96,0.96,15000,0
2016-03-09,06:05:00,0.96,0.96,0.95,0.95,435000,0
2016-03-09,06:10:00,0.95,0.95,0.95,0.95,5000,0
2016-03-09,06:25:00,0.95,0.95,0.95,0.95,525000,0
2016-03-09,06:30:00,0.95,0.95,0.94,0.94,420000,0
2016-03-09,06:35:00,0.94,0.95,0.94,0.95,280000,0
2016-03-09,06:40:00,0.95,0.95,0.94,0.94,210000,0
2016-03-09,06:50:00,0.94,0.94,0.94,0.94,430000,0
2016-03-09,06:55:00,0.94,0.94,0.93,0.93,380000,0
2016-03-09,07:00:00,0.93,0.93,0.93,0.93,415000,0
2016-03-09,07:05:00,0.93,0.93,0.93,0.93,460000,0
2016-03-09,07:10:00,0.92,0.93,0.92,0.93,235000,0
2016-03-09,07:15:00,0.93,0.94,0.93,0.93,855000,0
2016-03-09,07:20:00,0.93,0.94,0.93,0.94,35000,0
2016-03-09,07:25:00,0.94,0.94,0.94,0.94,5000,0
2016-03-09,07:45:00,0.93,0.93,0.93,0.93,180000,0
2016-03-09,07:50:00,0.93,0.93,0.93,0.93,5000,0
2016-03-09,07:55:00,0.93,0.93,0.93,0.93,170000,0
2016-03-09,08:10:00,0.93,0.94,0.93,0.94,1150000,0
2016-03-09,08:15:00,0.94,0.95,0.94,0.95,435000,0
2016-03-09,08:20:00,0.95,0.95,0.95,0.95,70000,0
2016-03-09,08:25:00,0.95,0.96,0.95,0.96,560000,0
2016-03-09,08:35:00,0.96,0.96,0.95,0.95,100000,0
2016-03-09,08:40:00,0.95,0.96,0.95,0.95,105000,0
2016-03-09,08:45:00,0.95,0.96,0.95,0.96,10000,0
2016-03-09,08:55:00,0.96,0.96,0.93,0.95,585000,0
2016-03-09,09:00:00,0.95,0.95,0.95,0.95,10000,0
2016-03-10,02:35:00,0.95,0.97,0.95,0.97,2395000,0
2016-03-10,02:40:00,0.97,0.97,0.96,0.96,100000,0
2016-03-10,02:45:00,0.96,0.96,0.95,0.95,1175000,0
2016-03-10,02:50:00,0.95,0.95,0.95,0.95,100000,0
2016-03-10,02:55:00,0.95,0.95,0.94,0.94,200000,0
2016-03-10,03:00:00,0.94,0.94,0.93,0.93,300000,0
2016-03-10,03:05:00,0.93,0.94,0.93,0.94,325000,0
2016-03-10,03:10:00,0.94,0.94,0.94,0.94,65000,0
2016-03-10,03:30:00,0.94,0.95,0.94,0.94,30000,0
2016-03-10,03:35:00,0.94,0.95,0.94,0.95,10000,0
2016-03-10,03:45:00,0.95,0.95,0.94,0.94,190000,0
2016-03-10,03:50:00,0.94,0.95,0.94,0.95,1380000,0
2016-03-10,03:55:00,0.95,0.95,0.94,0.94,245000,0
2016-03-10,04:15:00,0.94,0.95,0.94,0.95,10000,0
2016-03-10,04:25:00,0.95,0.95,0.95,0.95,10000,0
2016-03-10,04:30:00,0.95,0.95,0.95,0.95,205000,0
2016-03-10,04:35:00,0.95,0.95,0.94,0.94,60000,0
2016-03-10,04:45:00,0.94,0.94,0.94,0.94,475000,0
2016-03-10,04:50:00,0.94,0.94,0.94,0.94,350000,0
2016-03-10,04:55:00,0.94,0.94,0.94,0.94,100000,0
2016-03-10,06:05:00,0.94,0.94,0.94,0.94,300000,0
2016-03-10,06:15:00,0.94,0.94,0.94,0.94,600000,0
2016-03-10,06:20:00,0.94,0.94,0.94,0.94,5000,0
2016-03-10,06:35:00,0.94,0.94,0.94,0.94,10000,0
2016-03-10,06:50:00,0.94,0.94,0.94,0.94,5000,0
2016-03-10,07:00:00,0.94,0.94,0.93,0.93,810000,0
2016-03-10,07:05:00,0.93,0.94,0.93,0.94,20000,0
2016-03-10,07:10:00,0.94,0.94,0.94,0.94,15000,0
2016-03-10,07:15:00,0.94,0.94,0.93,0.93,380000,0
2016-03-10,07:20:00,0.93,0.93,0.91,0.91,1505000,0
2016-03-10,07:25:00,0.91,0.92,0.91,0.92,40000,0
2016-03-10,07:30:00,0.92,0.92,0.91,0.91,425000,0
2016-03-10,07:40:00,0.91,0.91,0.9,0.9,445000,0
2016-03-10,07:45:00,0.9,0.91,0.9,0.91,555000,0
2016-03-10,07:50:00,0.91,0.91,0.91,0.91,45000,0
2016-03-10,07:55:00,0.91,0.91,0.91,0.91,160000,0
2016-03-10,08:00:00,0.91,0.91,0.91,0.91,50000,0
2016-03-10,08:05:00,0.91,0.91,0.91,0.91,80000,0
2016-03-10,08:15:00,0.91,0.91,0.91,0.91,5000,0
2016-03-10,08:30:00,0.91,0.91,0.91,0.91,5000,0
2016-03-10,08:40:00,0.91,0.91,0.9,0.91,195000,0
2016-03-10,08:50:00,0.91,0.91,0.91,0.91,200000,0
2016-03-10,09:00:00,0.91,0.91,0.9,0.91,335000,0
2016-03-11,02:35:00,0.91,0.91,0.91,0.91,55000,0
2016-03-11,02:40:00,0.91,0.91,0.89,0.9,350000,0
2016-03-11,02:45:00,0.9,0.9,0.89,0.9,550000,0
2016-03-11,02:50:00,0.9,0.9,0.9,0.9,160000,0
2016-03-11,02:55:00,0.9,0.91,0.9,0.91,1895000,0
2016-03-11,03:10:00,0.91,0.91,0.89,0.91,1585000,0
2016-03-11,03:15:00,0.91,0.91,0.91,0.91,235000,0
2016-03-11,03:20:00,0.91,0.91,0.91,0.91,20000,0
2016-03-11,03:30:00,0.91,0.92,0.91,0.91,70000,0
2016-03-11,03:35:00,0.91,0.92,0.91,0.92,65000,0
2016-03-11,03:45:00,0.92,0.92,0.91,0.91,835000,0
2016-03-11,03:50:00,0.91,0.91,0.91,0.91,15000,0
2016-03-11,04:05:00,0.91,0.91,0.91,0.91,5000,0
2016-03-11,04:15:00,0.91,0.91,0.9,0.9,10000,0
2016-03-11,04:20:00,0.9,0.91,0.9,0.91,10000,0
2016-03-11,04:25:00,0.91,0.92,0.91,0.92,390000,0
2016-03-11,04:35:00,0.92,0.92,0.92,0.92,30000,0
2016-03-11,04:45:00,0.92,0.92,0.91,0.91,525000,0
2016-03-11,04:55:00,0.91,0.91,0.91,0.91,65000,0
2016-03-11,05:00:00,0.91,0.91,0.91,0.91,200000,0
2016-03-11,06:10:00,0.91,0.92,0.91,0.91,95000,0
2016-03-11,06:15:00,0.91,0.91,0.91,0.91,340000,0
2016-03-11,06:20:00,0.91,0.91,0.91,0.91,450000,0
2016-03-11,06:25:00,0.91,0.91,0.91,0.91,225000,0
2016-03-11,06:30:00,0.91,0.91,0.91,0.91,255000,0
2016-03-11,06:55:00,0.91,0.91,0.91,0.91,5000,0
2016-03-11,07:00:00,0.91,0.91,0.91,0.91,5000,0
2016-03-11,07:05:00,0.91,0.91,0.91,0.91,20000,0
2016-03-11,07:20:00,0.91,0.91,0.91,0.91,30000,0
2016-03-11,07:30:00,0.91,0.91,0.91,0.91,5000,0
2016-03-11,07:35:00,0.91,0.91,0.91,0.91,300000,0
2016-03-11,07:50:00,0.91,0.92,0.91,0.92,265000,0
2016-03-11,08:00:00,0.92,0.92,0.91,0.91,25000,0
2016-03-11,08:05:00,0.91,0.92,0.91,0.91,30000,0
2016-03-11,08:15:00,0.91,0.91,0.91,0.91,10000,0
2016-03-11,08:20:00,0.91,0.91,0.91,0.91,30000,0
2016-03-11,08:30:00,0.91,0.91,0.91,0.91,5000,0
2016-03-11,08:35:00,0.91,0.92,0.91,0.92,465000,0
2016-03-11,08:50:00,0.92,0.92,0.91,0.91,105000,0
2016-03-11,09:00:00,0.91,0.92,0.91,0.92,30000,0
2016-03-14,02:35:00,0.9,0.92,0.9,0.92,970000,0
2016-03-14,02:40:00,0.92,0.92,0.92,0.92,60000,0
2016-03-14,02:50:00,0.92,0.92,0.91,0.91,320000,0
2016-03-14,02:55:00,0.91,0.91,0.91,0.91,10000,0
2016-03-14,03:00:00,0.91,0.91,0.91,0.91,300000,0
2016-03-14,03:05:00,0.91,0.93,0.91,0.93,430000,0
2016-03-14,03:10:00,0.93,0.93,0.93,0.93,425000,0
2016-03-14,03:15:00,0.93,0.93,0.93,0.93,150000,0
2016-03-14,03:25:00,0.93,0.94,0.93,0.94,700000,0
2016-03-14,03:30:00,0.94,0.95,0.94,0.95,210000,0
2016-03-14,03:40:00,0.95,0.95,0.94,0.94,220000,0
2016-03-14,03:45:00,0.94,0.94,0.94,0.94,325000,0
2016-03-14,03:50:00,0.94,0.94,0.94,0.94,5000,0
2016-03-14,03:55:00,0.94,0.94,0.94,0.94,215000,0
2016-03-14,04:00:00,0.94,0.94,0.94,0.94,35000,0
2016-03-14,04:05:00,0.94,0.94,0.94,0.94,50000,0
2016-03-14,04:10:00,0.94,0.94,0.94,0.94,75000,0
2016-03-14,04:15:00,0.94,0.94,0.94,0.94,20000,0
2016-03-14,04:25:00,0.94,0.94,0.94,0.94,10000,0
2016-03-14,04:35:00,0.94,0.94,0.94,0.94,10000,0
2016-03-14,04:50:00,0.94,0.94,0.94,0.94,5000,0
2016-03-14,04:55:00,0.94,0.94,0.94,0.94,10000,0
2016-03-14,06:10:00,0.94,0.94,0.93,0.93,335000,0
2016-03-14,06:15:00,0.93,0.93,0.93,0.93,20000,0
2016-03-14,06:20:00,0.93,0.93,0.93,0.93,610000,0
2016-03-14,06:25:00,0.93,0.93,0.92,0.92,210000,0
2016-03-14,06:30:00,0.92,0.93,0.92,0.93,310000,0
2016-03-14,06:35:00,0.93,0.93,0.93,0.93,300000,0
2016-03-14,06:45:00,0.93,0.93,0.92,0.92,505000,0
2016-03-14,06:50:00,0.92,0.93,0.92,0.92,285000,0
2016-03-14,07:10:00,0.92,0.92,0.92,0.92,5000,0
2016-03-14,07:20:00,0.92,0.93,0.92,0.93,40000,0
2016-03-14,07:40:00,0.93,0.93,0.92,0.92,10000,0
2016-03-14,07:55:00,0.92,0.92,0.92,0.92,40000,0
2016-03-14,08:15:00,0.92,0.92,0.92,0.92,30000,0
2016-03-14,08:20:00,0.92,0.92,0.92,0.92,90000,0
2016-03-14,08:25:00,0.92,0.92,0.92,0.92,55000,0
2016-03-14,08:30:00,0.92,0.92,0.92,0.92,25000,0
2016-03-14,08:40:00,0.92,0.93,0.92,0.93,10000,0
2016-03-14,08:50:00,0.93,0.93,0.93,0.93,5000,0
2016-03-14,09:00:00,0.93,0.93,0.93,0.93,180000,0
2016-03-15,02:35:00,0.92,0.95,0.92,0.94,1970000,0
2016-03-15,02:40:00,0.94,0.95,0.94,0.94,540000,0
2016-03-15,02:45:00,0.94,0.94,0.94,0.94,370000,0
2016-03-15,02:50:00,0.94,0.94,0.93,0.93,255000,0
2016-03-15,02:55:00,0.92,0.93,0.92,0.93,490000,0
2016-03-15,03:20:00,0.92,0.93,0.92,0.93,70000,0
2016-03-15,03:30:00,0.93,0.93,0.93,0.93,1065000,0
2016-03-15,03:35:00,0.93,0.93,0.93,0.93,90000,0
2016-03-15,03:40:00,0.93,0.93,0.93,0.93,15000,0
2016-03-15,04:00:00,0.93,0.93,0.93,0.93,50000,0
2016-03-15,04:10:00,0.93,0.93,0.93,0.93,320000,0
2016-03-15,04:15:00,0.93,0.93,0.93,0.93,200000,0
2016-03-15,04:20:00,0.93,0.94,0.93,0.93,115000,0
2016-03-15,04:45:00,0.93,0.93,0.93,0.93,50000,0
2016-03-15,06:05:00,0.93,0.93,0.93,0.93,100000,0
2016-03-15,06:25:00,0.93,0.93,0.93,0.93,10000,0
2016-03-15,06:30:00,0.93,0.93,0.93,0.93,3680000,0
2016-03-15,06:50:00,0.93,0.94,0.93,0.94,10000,0
2016-03-15,07:00:00,0.94,0.94,0.94,0.94,5000,0
2016-03-15,07:15:00,0.94,0.94,0.93,0.93,20000,0
2016-03-15,07:20:00,0.93,0.93,0.93,0.93,15000,0
2016-03-15,07:30:00,0.93,0.93,0.93,0.93,40000,0
2016-03-15,07:45:00,0.93,0.93,0.93,0.93,70000,0
2016-03-15,07:55:00,0.93,0.93,0.93,0.93,5000,0
2016-03-15,08:15:00,0.93,0.94,0.93,0.94,510000,0
2016-03-15,08:20:00,0.94,0.94,0.94,0.94,390000,0
2016-03-15,08:25:00,0.94,0.94,0.94,0.94,820000,0
2016-03-15,08:30:00,0.94,0.94,0.94,0.94,150000,0
2016-03-15,08:35:00,0.94,0.94,0.94,0.94,50000,0
2016-03-15,08:50:00,0.94,0.94,0.94,0.94,5000,0
2016-03-15,08:55:00,0.94,0.94,0.93,0.93,625000,0
2016-03-16,02:35:00,0.92,0.94,0.92,0.93,1355000,0
2016-03-16,02:40:00,0.93,0.94,0.93,0.94,760000,0
2016-03-16,02:45:00,0.94,0.95,0.94,0.94,1435000,0
2016-03-16,02:50:00,0.94,0.94,0.93,0.93,900000,0
2016-03-16,02:55:00,0.93,0.95,0.93,0.95,280000,0
2016-03-16,03:00:00,0.94,0.94,0.94,0.94,590000,0
2016-03-16,03:05:00,0.94,0.94,0.93,0.93,835000,0
2016-03-16,03:20:00,0.92,0.93,0.92,0.93,20000,0
2016-03-16,03:30:00,0.93,0.93,0.93,0.93,25000,0
2016-03-16,03:40:00,0.93,0.93,0.93,0.93,55000,0
2016-03-16,03:45:00,0.93,0.93,0.93,0.93,50000,0
2016-03-16,03:50:00,0.92,0.93,0.92,0.93,40000,0
2016-03-16,03:55:00,0.93,0.94,0.93,0.94,360000,0
2016-03-16,04:00:00,0.94,0.94,0.94,0.94,5000,0
2016-03-16,04:05:00,0.94,0.94,0.94,0.94,190000,0
2016-03-16,04:10:00,0.94,0.94,0.94,0.94,105000,0
2016-03-16,04:15:00,0.94,0.94,0.94,0.94,425000,0
2016-03-16,04:20:00,0.94,0.94,0.94,0.94,525000,0
2016-03-16,04:25:00,0.94,0.95,0.94,0.94,625000,0
2016-03-16,04:40:00,0.94,0.95,0.94,0.95,10000,0
2016-03-16,04:45:00,0.95,0.95,0.95,0.95,60000,0
2016-03-16,06:15:00,0.95,0.95,0.95,0.95,20000,0
2016-03-16,06:20:00,0.95,0.95,0.95,0.95,80000,0
2016-03-16,06:30:00,0.95,0.95,0.95,0.95,10000,0
2016-03-16,06:35:00,0.95,0.95,0.95,0.95,25000,0
2016-03-16,06:45:00,0.95,0.95,0.95,0.95,50000,0
2016-03-16,06:50:00,0.95,0.95,0.95,0.95,400000,0
2016-03-16,07:00:00,0.95,0.95,0.95,0.95,140000,0
2016-03-16,07:05:00,0.95,0.96,0.95,0.95,290000,0
2016-03-16,07:10:00,0.95,0.95,0.95,0.95,210000,0
2016-03-16,07:20:00,0.95,0.96,0.95,0.96,110000,0
2016-03-16,07:25:00,0.96,0.96,0.95,0.95,20000,0
2016-03-16,07:40:00,0.95,0.96,0.95,0.96,45000,0
2016-03-16,07:45:00,0.96,0.96,0.95,0.96,80000,0
2016-03-16,07:50:00,0.96,0.96,0.96,0.96,170000,0
2016-03-16,07:55:00,0.96,0.96,0.96,0.96,5000,0
2016-03-16,08:00:00,0.96,0.96,0.96,0.96,25000,0
2016-03-16,08:05:00,0.96,0.96,0.96,0.96,5000,0
2016-03-16,08:15:00,0.96,0.96,0.95,0.95,25000,0
2016-03-16,08:20:00,0.95,0.96,0.95,0.96,10000,0
2016-03-16,08:25:00,0.96,0.96,0.96,0.96,30000,0
2016-03-16,08:30:00,0.96,0.96,0.95,0.95,25000,0
2016-03-16,08:35:00,0.95,0.96,0.95,0.96,80000,0
2016-03-16,08:40:00,0.96,0.96,0.96,0.96,95000,0
2016-03-16,08:45:00,0.96,0.96,0.95,0.96,1160000,0
2016-03-16,08:50:00,0.96,0.97,0.96,0.97,805000,0
2016-03-16,08:55:00,0.97,0.97,0.95,0.97,1270000,0
2016-03-16,09:00:00,0.97,0.98,0.95,0.98,1150000,0
2016-03-17,02:35:00,0.99,0.99,0.98,0.99,170000,0
2016-03-17,02:40:00,0.98,0.99,0.98,0.99,320000,0
2016-03-17,02:45:00,0.99,1,0.99,1,670000,0
2016-03-17,02:50:00,1,1,0.99,0.99,60000,0
2016-03-17,02:55:00,0.99,0.99,0.99,0.99,545000,0
2016-03-17,03:00:00,0.99,0.99,0.98,0.99,215000,0
2016-03-17,03:05:00,0.99,0.99,0.99,0.99,10000,0
2016-03-17,03:10:00,0.99,0.99,0.98,0.99,120000,0
2016-03-17,03:15:00,0.99,0.99,0.99,0.99,775000,0
2016-03-17,03:20:00,0.99,0.99,0.99,0.99,655000,0
2016-03-17,03:30:00,0.99,1,0.99,1,1050000,0
2016-03-17,03:35:00,1,1.01,1,1.01,980000,0
2016-03-17,03:40:00,1.01,1.01,1,1.01,890000,0
2016-03-17,03:50:00,1.01,1.01,1,1,220000,0
2016-03-17,03:55:00,1,1.02,1,1.01,2155000,0
2016-03-17,04:15:00,1.01,1.01,1.01,1.01,30000,0
2016-03-17,04:20:00,1.01,1.01,1.01,1.01,10000,0
2016-03-17,04:30:00,1.01,1.01,1.01,1.01,60000,0
2016-03-17,04:35:00,1.01,1.01,1,1,210000,0
2016-03-17,04:40:00,1,1.02,1,1.01,2050000,0
2016-03-17,04:45:00,1.01,1.01,1.01,1.01,20000,0
2016-03-17,04:55:00,1.01,1.01,1,1,160000,0
2016-03-17,05:00:00,1,1,1,1,50000,0
2016-03-17,06:05:00,1,1.01,1,1.01,225000,0
2016-03-17,06:15:00,1.01,1.01,1,1,550000,0
2016-03-17,06:20:00,1,1.01,1,1.01,20000,0
2016-03-17,06:25:00,1.01,1.01,1,1,15000,0
2016-03-17,06:45:00,1,1,1,1,55000,0
2016-03-17,07:05:00,1,1,1,1,20000,0
2016-03-17,07:10:00,1,1,1,1,40000,0
2016-03-17,07:15:00,1,1.01,1,1.01,10000,0
2016-03-17,07:20:00,1.01,1.01,1,1,85000,0
2016-03-17,07:35:00,1,1.01,1,1,150000,0
2016-03-17,07:40:00,1,1,1,1,120000,0
2016-03-17,07:50:00,1,1,1,1,15000,0
2016-03-17,08:00:00,1,1,1,1,155000,0
2016-03-17,08:05:00,1,1.01,1,1.01,495000,0
2016-03-17,08:10:00,1.01,1.01,1,1.01,940000,0
2016-03-17,08:15:00,1.01,1.01,1.01,1.01,130000,0
2016-03-17,08:20:00,1.01,1.01,1,1,305000,0
2016-03-17,08:30:00,1,1.01,1,1.01,390000,0
2016-03-17,08:35:00,1.01,1.01,1.01,1.01,510000,0
2016-03-17,08:40:00,1.01,1.01,1.01,1.01,140000,0
2016-03-17,08:45:00,1.01,1.01,1.01,1.01,40000,0
2016-03-17,08:50:00,1.01,1.01,1,1.01,75000,0
2016-03-17,08:55:00,1.01,1.02,1.01,1.02,1245000,0
2016-03-17,09:00:00,1.02,1.02,1.01,1.01,630000,0
2016-03-18,02:35:00,1.01,1.04,1.01,1.04,2730000,0
2016-03-18,02:40:00,1.04,1.04,1.03,1.04,2235000,0
2016-03-18,02:45:00,1.04,1.04,1.04,1.04,360000,0
2016-03-18,02:50:00,1.04,1.04,1.03,1.03,237196,0
2016-03-18,02:55:00,1.03,1.03,1.03,1.03,600000,0
2016-03-18,03:00:00,1.03,1.03,1.03,1.03,365000,0
2016-03-18,03:05:00,1.03,1.03,1.03,1.03,670000,0
2016-03-18,03:10:00,1.03,1.03,1.03,1.03,385000,0
2016-03-18,03:15:00,1.03,1.03,1.03,1.03,55000,0
2016-03-18,03:25:00,1.03,1.03,1.03,1.03,130000,0
2016-03-18,03:30:00,1.03,1.03,1.03,1.03,5000,0
2016-03-18,03:35:00,1.03,1.03,1.03,1.03,70000,0
2016-03-18,03:40:00,1.03,1.03,1.03,1.03,140000,0
2016-03-18,03:50:00,1.03,1.03,1.02,1.02,90000,0
2016-03-18,03:55:00,1.02,1.02,1.02,1.02,5000,0
2016-03-18,04:00:00,1.02,1.02,1.02,1.02,75000,0
2016-03-18,04:05:00,1.02,1.04,1.02,1.03,435000,0
2016-03-18,04:10:00,1.03,1.03,1.03,1.03,145000,0
2016-03-18,04:20:00,1.03,1.03,1.02,1.02,10000,0
2016-03-18,04:30:00,1.02,1.03,1.02,1.03,105000,0
2016-03-18,04:35:00,1.03,1.03,1.02,1.02,195000,0
2016-03-18,04:45:00,1.02,1.02,1.02,1.02,5000,0
2016-03-18,04:55:00,1.02,1.03,1.02,1.03,170000,0
2016-03-18,05:00:00,1.03,1.03,1.03,1.03,65000,0
2016-03-18,06:05:00,1.03,1.03,1.03,1.03,5000,0
2016-03-18,06:10:00,1.03,1.03,1.03,1.03,305000,0
2016-03-18,06:15:00,1.03,1.03,1.03,1.03,5000,0
2016-03-18,06:20:00,1.03,1.03,1.03,1.03,5000,0
2016-03-18,06:30:00,1.03,1.03,1.03,1.03,5000,0
2016-03-18,06:40:00,1.03,1.04,1.03,1.03,20000,0
2016-03-18,06:45:00,1.03,1.03,1.03,1.03,300000,0
2016-03-18,06:50:00,1.03,1.03,1.03,1.03,5000,0
2016-03-18,06:55:00,1.03,1.03,1.03,1.03,10000,0
2016-03-18,07:00:00,1.03,1.04,1.03,1.04,575000,0
2016-03-18,07:05:00,1.04,1.04,1.04,1.04,335000,0
2016-03-18,07:10:00,1.04,1.04,1.04,1.04,35000,0
2016-03-18,07:15:00,1.04,1.04,1.04,1.04,10000,0
2016-03-18,07:25:00,1.04,1.05,1.03,1.03,20000,0
2016-03-18,07:35:00,1.03,1.04,1.03,1.04,215000,0
2016-03-18,07:45:00,1.04,1.05,1.04,1.04,540000,0
2016-03-18,07:50:00,1.04,1.04,1.03,1.03,900000,0
2016-03-18,07:55:00,1.03,1.03,1.03,1.03,55000,0
2016-03-18,08:10:00,1.03,1.04,1.02,1.02,305000,0
2016-03-18,08:20:00,1.03,1.03,1.03,1.03,110000,0
2016-03-18,08:25:00,1.03,1.04,1.03,1.04,410000,0
2016-03-18,08:30:00,1.04,1.04,1.03,1.03,55000,0
2016-03-18,08:35:00,1.03,1.04,1.03,1.03,295000,0
2016-03-18,08:50:00,1.03,1.04,1.03,1.03,1605000,0
2016-03-18,08:55:00,1.03,1.03,1.03,1.03,75000,0
2016-03-18,09:00:00,1.03,1.04,1.02,1.03,1245000,0
2016-03-21,02:35:00,1.03,1.04,1.02,1.03,2490000,0
2016-03-21,02:40:00,1.03,1.05,1.03,1.05,485000,0
2016-03-21,02:45:00,1.05,1.05,1.04,1.04,695000,0
2016-03-21,02:55:00,1.04,1.04,1.03,1.04,355000,0
2016-03-21,03:10:00,1.04,1.04,1.03,1.03,70000,0
2016-03-21,03:20:00,1.03,1.03,1.03,1.03,50000,0
2016-03-21,03:25:00,1.03,1.04,1.03,1.04,10000,0
2016-03-21,03:30:00,1.04,1.04,1.04,1.04,5000,0
2016-03-21,03:40:00,1.04,1.04,1.03,1.03,600000,0
2016-03-21,03:50:00,1.03,1.03,1.03,1.03,100000,0
2016-03-21,03:55:00,1.03,1.03,1.03,1.03,565000,0
2016-03-21,04:00:00,1.03,1.04,1.03,1.03,380000,0
2016-03-21,04:20:00,1.03,1.04,1.03,1.04,10000,0
2016-03-21,04:35:00,1.04,1.04,1.04,1.04,5000,0
2016-03-21,04:40:00,1.04,1.04,1.04,1.04,10000,0
2016-03-21,04:50:00,1.04,1.04,1.04,1.04,5000,0
2016-03-21,04:55:00,1.04,1.04,1.03,1.03,35000,0
2016-03-21,05:00:00,1.03,1.03,1.03,1.03,10000,0
2016-03-21,06:05:00,1.03,1.03,1.03,1.03,320000,0
2016-03-21,06:20:00,1.03,1.03,1.03,1.03,25000,0
2016-03-21,06:25:00,1.03,1.03,1.02,1.03,195000,0
2016-03-21,06:35:00,1.03,1.03,1.03,1.03,10000,0
2016-03-21,06:55:00,1.03,1.03,1.03,1.03,5000,0
2016-03-21,07:10:00,1.03,1.03,1.02,1.02,390000,0
2016-03-21,07:15:00,1.02,1.02,1.01,1.01,140000,0
2016-03-21,07:20:00,1.01,1.02,1.01,1.01,110000,0
2016-03-21,07:25:00,1.01,1.01,1.01,1.01,10000,0
2016-03-21,07:35:00,1.01,1.01,1,1.01,20000,0
2016-03-21,07:40:00,1.01,1.01,1.01,1.01,20000,0
2016-03-21,07:45:00,1.01,1.01,1.01,1.01,30000,0
2016-03-21,08:05:00,1.01,1.01,1.01,1.01,5000,0
2016-03-21,08:10:00,1.01,1.01,1.01,1.01,10000,0
2016-03-21,08:15:00,1.01,1.01,1.01,1.01,155000,0
2016-03-21,08:20:00,1.01,1.01,1,1,125000,0
2016-03-21,08:25:00,1,1.01,1,1,375000,0
2016-03-21,08:40:00,1,1,1,1,20000,0
2016-03-21,08:45:00,1,1.01,1,1.01,35000,0
2016-03-21,08:55:00,1.01,1.01,1,1,480000,0
2016-03-21,09:00:00,1,1.01,1,1,315000,0
2016-03-22,02:35:00,1.01,1.01,1,1.01,1910000,0
2016-03-22,02:45:00,1,1.01,1,1.01,1830000,0
2016-03-22,03:10:00,1,1.01,1,1.01,270000,0
2016-03-22,03:15:00,1.01,1.01,1.01,1.01,5000,0
2016-03-22,03:30:00,1,1.01,1,1.01,310000,0
2016-03-22,04:00:00,1,1.01,1,1.01,445000,0
2016-03-22,04:45:00,1,1.01,1,1.01,10000,0
2016-03-22,07:15:00,1,1.01,1,1.01,10000,0
2016-03-22,07:20:00,1.01,1.01,1.01,1.01,5000,0
2016-03-22,07:30:00,1.01,1.01,1.01,1.01,5000,0
2016-03-22,07:40:00,1.01,1.01,1.01,1.01,5000,0
2016-03-22,08:05:00,1,1.01,1,1.01,10000,0
2016-03-22,09:00:00,1,1.01,1,1.01,30000,0
2016-03-23,02:35:00,0.99,1.01,0.98,1,4390000,0
2016-03-23,02:40:00,1,1,1,1,15000,0
2016-03-23,02:45:00,1,1,0.99,0.99,600000,0
2016-03-23,02:55:00,0.99,0.99,0.98,0.98,310000,0
2016-03-23,03:00:00,0.98,0.98,0.97,0.97,705000,0
2016-03-23,03:05:00,0.97,0.97,0.96,0.97,260000,0
2016-03-23,03:10:00,0.97,0.97,0.96,0.96,160000,0
2016-03-23,03:15:00,0.96,0.96,0.96,0.96,480000,0
2016-03-23,03:20:00,0.96,0.97,0.96,0.96,310000,0
2016-03-23,03:25:00,0.96,0.97,0.96,0.96,965000,0
2016-03-23,03:35:00,0.96,0.96,0.96,0.96,25000,0
2016-03-23,03:50:00,0.96,0.96,0.96,0.96,100000,0
2016-03-23,03:55:00,0.96,0.96,0.96,0.96,200000,0
2016-03-23,04:00:00,0.96,0.96,0.96,0.96,80000,0
2016-03-23,04:10:00,0.96,0.96,0.95,0.95,2750000,0
2016-03-23,04:15:00,0.95,0.95,0.94,0.95,500000,0
2016-03-23,04:20:00,0.95,0.95,0.94,0.94,760000,0
2016-03-23,04:25:00,0.94,0.94,0.93,0.93,140000,0
2016-03-23,04:30:00,0.92,0.94,0.92,0.94,230000,0
2016-03-23,04:35:00,0.94,0.94,0.94,0.94,210000,0
2016-03-23,04:40:00,0.94,0.94,0.94,0.94,20000,0
2016-03-23,04:45:00,0.94,0.95,0.94,0.95,195000,0
2016-03-23,05:00:00,0.95,0.95,0.95,0.95,125000,0
2016-03-23,06:10:00,0.95,0.95,0.94,0.94,525000,0
2016-03-23,06:15:00,0.94,0.95,0.94,0.95,20000,0
2016-03-23,06:30:00,0.94,0.94,0.94,0.94,200000,0
2016-03-23,06:35:00,0.94,0.94,0.94,0.94,30000,0
2016-03-23,06:40:00,0.94,0.94,0.94,0.94,15000,0
2016-03-23,06:45:00,0.94,0.94,0.94,0.94,115000,0
2016-03-23,07:00:00,0.94,0.95,0.94,0.95,15000,0
2016-03-23,07:05:00,0.95,0.95,0.95,0.95,50000,0
2016-03-23,07:10:00,0.95,0.95,0.94,0.94,55000,0
2016-03-23,07:15:00,0.94,0.94,0.94,0.94,5000,0
2016-03-23,07:25:00,0.94,0.95,0.94,0.95,55000,0
2016-03-23,07:35:00,0.95,0.95,0.94,0.94,40000,0
2016-03-23,08:00:00,0.94,0.94,0.94,0.94,30000,0
2016-03-23,08:20:00,0.94,0.94,0.94,0.94,10000,0
2016-03-23,08:30:00,0.94,0.94,0.94,0.94,60000,0
2016-03-23,08:35:00,0.94,0.94,0.94,0.94,270000,0
2016-03-23,08:40:00,0.94,0.94,0.94,0.94,330000,0
2016-03-23,08:45:00,0.94,0.94,0.94,0.94,113726,0
2016-03-23,08:50:00,0.94,0.94,0.93,0.93,470000,0
2016-03-23,08:55:00,0.93,0.93,0.93,0.93,55000,0
2016-03-23,09:00:00,0.92,0.94,0.92,0.94,485000,0
2016-03-24,02:35:00,0.93,0.94,0.92,0.92,2440000,0
2016-03-24,02:40:00,0.93,0.93,0.92,0.93,235000,0
2016-03-24,02:45:00,0.93,0.93,0.92,0.93,225000,0
2016-03-24,02:55:00,0.93,0.94,0.92,0.93,1785000,0
2016-03-24,03:00:00,0.93,0.93,0.92,0.92,635000,0
2016-03-24,03:05:00,0.92,0.93,0.92,0.92,1100000,0
2016-03-24,03:10:00,0.92,0.92,0.92,0.92,100000,0
2016-03-24,03:15:00,0.92,0.93,0.92,0.92,490000,0
2016-03-24,03:20:00,0.92,0.92,0.92,0.92,30000,0
2016-03-24,03:25:00,0.92,0.92,0.92,0.92,370000,0
2016-03-24,03:30:00,0.92,0.92,0.91,0.92,280000,0
2016-03-24,03:35:00,0.92,0.92,0.92,0.92,210000,0
2016-03-24,03:50:00,0.92,0.92,0.92,0.92,135000,0
2016-03-24,03:55:00,0.92,0.92,0.92,0.92,125000,0
2016-03-24,04:00:00,0.92,0.92,0.92,0.92,10000,0
2016-03-24,04:05:00,0.92,0.92,0.92,0.92,415000,0
2016-03-24,04:15:00,0.92,0.92,0.92,0.92,260000,0
2016-03-24,04:25:00,0.92,0.92,0.92,0.92,40000,0
2016-03-24,04:35:00,0.92,0.92,0.91,0.92,250000,0
2016-03-24,04:40:00,0.92,0.92,0.92,0.92,250000,0
2016-03-24,06:05:00,0.92,0.92,0.92,0.92,400000,0
2016-03-24,06:10:00,0.92,0.92,0.92,0.92,400000,0
2016-03-24,06:30:00,0.92,0.92,0.92,0.92,5000,0
2016-03-24,06:35:00,0.92,0.92,0.92,0.92,150000,0
2016-03-24,06:50:00,0.92,0.92,0.92,0.92,100000,0
2016-03-24,07:10:00,0.92,0.92,0.92,0.92,205000,0
2016-03-24,07:15:00,0.92,0.92,0.92,0.92,65000,0
2016-03-24,07:25:00,0.92,0.92,0.92,0.92,125000,0
2016-03-24,07:50:00,0.92,0.92,0.92,0.92,5000,0
2016-03-24,07:55:00,0.92,0.92,0.91,0.91,625000,0
2016-03-24,08:05:00,0.91,0.91,0.9,0.9,1795000,0
2016-03-24,08:10:00,0.9,0.91,0.9,0.91,20000,0
2016-03-24,08:15:00,0.91,0.91,0.89,0.9,515000,0
2016-03-24,08:20:00,0.89,0.89,0.88,0.88,1630000,0
2016-03-24,08:25:00,0.87,0.89,0.87,0.89,1840000,0
2016-03-24,08:30:00,0.89,0.91,0.89,0.9,535000,0
2016-03-24,08:40:00,0.9,0.92,0.9,0.92,260000,0
2016-03-24,08:50:00,0.92,0.92,0.92,0.92,375000,0
2016-03-24,08:55:00,0.92,0.93,0.92,0.93,120000,0
2016-03-24,09:00:00,0.93,0.93,0.92,0.92,310000,0
2016-03-29,03:35:00,0.92,0.92,0.92,0.92,50000,0
2016-03-29,03:40:00,0.92,0.92,0.91,0.91,30000,0
2016-03-29,03:45:00,0.91,0.91,0.9,0.9,1410000,0
2016-03-29,03:50:00,0.9,0.91,0.9,0.9,1430000,0
2016-03-29,03:55:00,0.9,0.9,0.9,0.9,50000,0
2016-03-29,04:10:00,0.9,0.9,0.9,0.9,30000,0
2016-03-29,04:25:00,0.9,0.9,0.9,0.9,100000,0
2016-03-29,04:35:00,0.9,0.9,0.89,0.89,70000,0
2016-03-29,04:40:00,0.89,0.89,0.89,0.89,105000,0
2016-03-29,04:50:00,0.89,0.89,0.89,0.89,190000,0
2016-03-29,04:55:00,0.89,0.89,0.89,0.89,615000,0
2016-03-29,05:00:00,0.89,0.89,0.89,0.89,750000,0
2016-03-29,05:05:00,0.89,0.89,0.88,0.88,310000,0
2016-03-29,05:10:00,0.88,0.89,0.87,0.89,2660000,0
2016-03-29,05:15:00,0.89,0.89,0.88,0.88,10000,0
2016-03-29,05:30:00,0.88,0.88,0.88,0.88,20000,0
2016-03-29,05:40:00,0.88,0.89,0.88,0.89,10000,0
2016-03-29,05:55:00,0.89,0.89,0.89,0.89,35000,0
2016-03-29,06:00:00,0.89,0.89,0.89,0.89,10000,0
2016-03-29,07:10:00,0.89,0.89,0.89,0.89,5000,0
2016-03-29,07:30:00,0.89,0.89,0.89,0.89,5000,0
2016-03-29,07:35:00,0.89,0.89,0.88,0.88,60000,0
2016-03-29,08:00:00,0.88,0.88,0.87,0.88,880000,0
2016-03-29,08:05:00,0.88,0.88,0.87,0.88,530000,0
2016-03-29,08:10:00,0.88,0.88,0.88,0.88,25000,0
2016-03-29,08:15:00,0.88,0.89,0.87,0.89,145000,0
2016-03-29,08:20:00,0.89,0.89,0.88,0.88,20000,0
2016-03-29,08:35:00,0.88,0.88,0.87,0.87,120000,0
2016-03-29,08:40:00,0.87,0.88,0.87,0.88,20000,0
2016-03-29,08:45:00,0.88,0.88,0.87,0.87,195000,0
2016-03-29,08:50:00,0.85,0.87,0.85,0.87,220000,0
2016-03-29,08:55:00,0.87,0.87,0.86,0.86,140000,0
2016-03-29,09:05:00,0.86,0.86,0.86,0.86,10000,0
2016-03-29,09:10:00,0.86,0.86,0.86,0.86,5000,0
2016-03-29,09:15:00,0.86,0.87,0.86,0.87,175000,0
2016-03-29,09:20:00,0.87,0.87,0.87,0.87,20000,0
2016-03-29,09:25:00,0.87,0.87,0.86,0.87,335000,0
2016-03-29,09:35:00,0.87,0.87,0.86,0.86,10000,0
2016-03-29,09:40:00,0.86,0.86,0.86,0.86,10000,0
2016-03-29,09:50:00,0.86,0.86,0.86,0.86,5000,0
2016-03-29,10:00:00,0.86,0.86,0.86,0.86,125000,0
2016-03-30,03:35:00,0.85,0.88,0.85,0.88,2010000,0
2016-03-30,03:40:00,0.88,0.88,0.86,0.86,1880000,0
2016-03-30,03:45:00,0.86,0.87,0.86,0.86,550000,0
2016-03-30,03:50:00,0.86,0.88,0.86,0.88,545000,0
2016-03-30,04:00:00,0.88,0.88,0.88,0.88,10000,0
2016-03-30,04:10:00,0.88,0.88,0.88,0.88,80000,0
2016-03-30,04:20:00,0.88,0.88,0.88,0.88,160000,0
2016-03-30,04:45:00,0.88,0.88,0.87,0.87,10000,0
2016-03-30,04:50:00,0.87,0.87,0.87,0.87,35000,0
2016-03-30,05:05:00,0.87,0.87,0.87,0.87,5000,0
2016-03-30,05:25:00,0.87,0.87,0.87,0.87,5000,0
2016-03-30,05:35:00,0.87,0.88,0.87,0.88,220000,0
2016-03-30,05:40:00,0.88,0.88,0.87,0.88,730000,0
2016-03-30,05:45:00,0.88,0.88,0.88,0.88,495000,0
2016-03-30,06:00:00,0.88,0.88,0.88,0.88,5000,0
2016-03-30,07:05:00,0.88,0.88,0.88,0.88,50000,0
2016-03-30,07:15:00,0.88,0.88,0.88,0.88,300000,0
2016-03-30,07:35:00,0.88,0.89,0.88,0.89,45000,0
2016-03-30,07:50:00,0.89,0.89,0.88,0.89,220000,0
2016-03-30,07:55:00,0.89,0.89,0.89,0.89,165000,0
2016-03-30,08:00:00,0.89,0.89,0.88,0.88,160000,0
2016-03-30,08:05:00,0.88,0.88,0.88,0.88,300000,0
2016-03-30,08:10:00,0.88,0.89,0.88,0.89,60000,0
2016-03-30,08:20:00,0.89,0.89,0.89,0.89,805000,0
2016-03-30,08:45:00,0.89,0.89,0.89,0.89,5000,0
2016-03-30,09:05:00,0.89,0.89,0.89,0.89,5000,0
2016-03-30,09:15:00,0.89,0.89,0.89,0.89,115000,0
2016-03-30,09:20:00,0.89,0.89,0.88,0.88,540000,0
2016-03-30,09:25:00,0.88,0.89,0.88,0.89,110000,0
2016-03-30,09:30:00,0.89,0.89,0.89,0.89,25000,0
2016-03-30,09:45:00,0.89,0.9,0.89,0.9,340000,0
2016-03-30,09:50:00,0.9,0.9,0.9,0.9,110000,0
2016-03-30,09:55:00,0.9,0.9,0.9,0.9,240000,0
2016-03-30,10:00:00,0.9,0.91,0.9,0.91,150000,0
2016-03-31,03:35:00,0.89,0.9,0.89,0.9,3060000,0
2016-03-31,03:45:00,0.9,0.9,0.89,0.89,305000,0
2016-03-31,03:50:00,0.89,0.9,0.89,0.9,1150000,0
2016-03-31,04:00:00,0.9,0.9,0.89,0.89,90000,0
2016-03-31,04:05:00,0.89,0.89,0.89,0.89,305000,0
2016-03-31,04:10:00,0.89,0.89,0.89,0.89,460000,0
2016-03-31,04:15:00,0.89,0.89,0.89,0.89,300000,0
2016-03-31,04:20:00,0.89,0.89,0.89,0.89,300000,0
2016-03-31,04:40:00,0.89,0.89,0.89,0.89,5000,0
2016-03-31,04:55:00,0.89,0.89,0.89,0.89,5000,0
2016-03-31,05:15:00,0.89,0.89,0.89,0.89,430000,0
2016-03-31,05:25:00,0.89,0.89,0.89,0.89,50000,0
2016-03-31,05:30:00,0.89,0.89,0.89,0.89,50000,0
2016-03-31,05:55:00,0.89,0.89,0.89,0.89,140000,0
2016-03-31,06:00:00,0.89,0.9,0.89,0.9,1130000,0
2016-03-31,07:05:00,0.9,0.9,0.89,0.9,2390000,0
2016-03-31,07:15:00,0.9,0.9,0.9,0.9,150000,0
2016-03-31,07:20:00,0.9,0.9,0.9,0.9,150000,0
2016-03-31,07:45:00,0.9,0.91,0.9,0.91,60000,0
2016-03-31,07:55:00,0.91,0.91,0.91,0.91,5000,0
2016-03-31,08:10:00,0.91,0.91,0.9,0.9,15000,0
2016-03-31,08:15:00,0.9,0.9,0.89,0.89,445000,0
2016-03-31,08:50:00,0.88,0.89,0.88,0.89,20000,0
2016-03-31,09:05:00,0.89,0.89,0.89,0.89,5000,0
2016-03-31,09:25:00,0.89,0.89,0.89,0.89,25000,0
2016-03-31,09:45:00,0.89,0.89,0.89,0.89,5000,0
2016-03-31,09:55:00,0.89,0.89,0.89,0.89,5000,0
2016-03-31,10:00:00,0.89,0.89,0.88,0.89,160000,0
2016-04-01,03:35:00,0.9,0.91,0.87,0.91,4595000,0
2016-04-01,03:40:00,0.91,0.91,0.89,0.89,750000,0
2016-04-01,03:45:00,0.89,0.91,0.89,0.9,450000,0
2016-04-01,03:55:00,0.9,0.9,0.89,0.89,80000,0
2016-04-01,04:25:00,0.89,0.89,0.89,0.89,40000,0
2016-04-01,04:35:00,0.89,0.89,0.88,0.88,220000,0
2016-04-01,04:40:00,0.88,0.88,0.88,0.88,100000,0
2016-04-01,04:45:00,0.88,0.88,0.88,0.88,100000,0
2016-04-01,04:50:00,0.88,0.88,0.88,0.88,710000,0
2016-04-01,04:55:00,0.88,0.88,0.88,0.88,350000,0
2016-04-01,05:00:00,0.88,0.88,0.88,0.88,5000,0
2016-04-01,05:10:00,0.88,0.88,0.88,0.88,5000,0
2016-04-01,05:15:00,0.88,0.88,0.88,0.88,5000,0
2016-04-01,05:25:00,0.88,0.88,0.88,0.88,5000,0
2016-04-01,05:35:00,0.88,0.88,0.88,0.88,100000,0
2016-04-01,07:05:00,0.87,0.88,0.87,0.88,445000,0
2016-04-01,07:15:00,0.88,0.88,0.88,0.88,155000,0
2016-04-01,07:20:00,0.88,0.88,0.88,0.88,300000,0
2016-04-01,07:40:00,0.88,0.89,0.88,0.89,30000,0
2016-04-01,08:10:00,0.88,0.88,0.88,0.88,5000,0
2016-04-01,08:15:00,0.88,0.88,0.88,0.88,500000,0
2016-04-01,08:25:00,0.88,0.88,0.88,0.88,50000,0
2016-04-01,08:45:00,0.88,0.88,0.88,0.88,20000,0
2016-04-01,09:00:00,0.88,0.89,0.88,0.89,20000,0
2016-04-01,09:10:00,0.89,0.89,0.88,0.88,1350000,0
2016-04-01,09:15:00,0.88,0.88,0.88,0.88,2000000,0
2016-04-01,09:25:00,0.88,0.9,0.88,0.9,705000,0
2016-04-01,09:35:00,0.9,0.9,0.89,0.89,25000,0
2016-04-01,09:40:00,0.89,0.9,0.88,0.9,2955000,0
2016-04-01,09:45:00,0.9,0.9,0.89,0.9,175000,0
2016-04-01,10:00:00,0.9,0.9,0.89,0.9,85000,0
2016-04-05,03:35:00,0.9,0.91,0.88,0.89,2770000,0
2016-04-05,03:40:00,0.89,0.9,0.89,0.89,1070000,0
2016-04-05,03:45:00,0.89,0.89,0.89,0.89,300000,0
2016-04-05,03:50:00,0.89,0.89,0.89,0.89,300000,0
2016-04-05,03:55:00,0.89,0.89,0.89,0.89,90000,0
2016-04-05,04:00:00,0.89,0.89,0.89,0.89,300000,0
2016-04-05,04:05:00,0.88,0.9,0.88,0.9,490000,0
2016-04-05,04:10:00,0.9,0.9,0.9,0.9,180000,0
2016-04-05,04:15:00,0.9,0.9,0.9,0.9,600000,0
2016-04-05,04:20:00,0.9,0.9,0.9,0.9,585000,0
2016-04-05,04:35:00,0.9,0.9,0.9,0.9,500000,0
2016-04-05,04:40:00,0.9,0.9,0.9,0.9,105000,0
2016-04-05,04:45:00,0.9,0.9,0.9,0.9,30000,0
2016-04-05,04:50:00,0.9,0.9,0.9,0.9,5000,0
2016-04-05,05:00:00,0.9,0.9,0.9,0.9,385000,0
2016-04-05,05:05:00,0.9,0.9,0.9,0.9,10000,0
2016-04-05,05:10:00,0.9,0.9,0.9,0.9,10000,0
2016-04-05,05:15:00,0.9,0.9,0.9,0.9,280000,0
2016-04-05,05:20:00,0.9,0.9,0.9,0.9,10000,0
2016-04-05,05:30:00,0.9,0.9,0.9,0.9,10000,0
2016-04-05,05:35:00,0.9,0.9,0.9,0.9,15000,0
2016-04-05,05:45:00,0.9,0.9,0.9,0.9,5000,0
2016-04-05,05:55:00,0.9,0.9,0.9,0.9,5000,0
2016-04-05,07:10:00,0.9,0.9,0.9,0.9,500000,0
2016-04-05,07:15:00,0.9,0.9,0.9,0.9,5000,0
2016-04-05,07:20:00,0.9,0.9,0.9,0.9,50000,0
2016-04-05,07:25:00,0.9,0.9,0.9,0.9,300000,0
2016-04-05,07:35:00,0.9,0.9,0.9,0.9,45000,0
2016-04-05,07:55:00,0.9,0.9,0.9,0.9,5000,0
2016-04-05,08:00:00,0.9,0.9,0.9,0.9,10000,0
2016-04-05,08:25:00,0.9,0.9,0.9,0.9,500000,0
2016-04-05,08:45:00,0.9,0.9,0.9,0.9,5000,0
2016-04-05,08:55:00,0.9,0.9,0.9,0.9,200000,0
2016-04-05,09:05:00,0.9,0.9,0.9,0.9,500000,0
2016-04-05,09:15:00,0.9,0.9,0.9,0.9,5000,0
2016-04-05,09:35:00,0.9,0.9,0.9,0.9,5000,0
2016-04-05,09:45:00,0.9,0.91,0.9,0.91,1430000,0
2016-04-05,09:50:00,0.91,0.91,0.91,0.91,120000,0
2016-04-05,09:55:00,0.91,0.92,0.91,0.92,75000,0
2016-04-05,10:00:00,0.92,0.92,0.91,0.91,30000,0
2016-04-06,03:40:00,0.91,0.94,0.91,0.93,2000000,0
2016-04-06,03:45:00,0.93,0.96,0.93,0.93,4065000,0
2016-04-06,03:50:00,0.93,0.94,0.93,0.94,3020000,0
2016-04-06,03:55:00,0.94,0.94,0.93,0.93,1145000,0
2016-04-06,04:00:00,0.93,0.93,0.93,0.93,140000,0
2016-04-06,04:05:00,0.93,0.94,0.93,0.94,1580000,0
2016-04-06,04:10:00,0.94,0.94,0.93,0.94,480000,0
2016-04-06,04:15:00,0.94,0.94,0.94,0.94,205000,0
2016-04-06,04:25:00,0.94,0.94,0.94,0.94,10000,0
2016-04-06,04:30:00,0.94,0.94,0.94,0.94,5000,0
2016-04-06,04:35:00,0.94,0.94,0.93,0.94,825000,0
2016-04-06,04:40:00,0.94,0.94,0.93,0.93,850000,0
2016-04-06,04:45:00,0.93,0.93,0.93,0.93,150000,0
2016-04-06,04:50:00,0.93,0.94,0.93,0.94,425000,0
2016-04-06,04:55:00,0.94,0.94,0.93,0.93,20000,0
2016-04-06,05:00:00,0.93,0.93,0.93,0.93,10000,0
2016-04-06,05:10:00,0.93,0.93,0.93,0.93,10000,0
2016-04-06,05:15:00,0.93,0.93,0.93,0.93,10000,0
2016-04-06,05:20:00,0.93,0.93,0.93,0.93,10000,0
2016-04-06,05:30:00,0.93,0.93,0.93,0.93,10000,0
2016-04-06,05:40:00,0.93,0.93,0.93,0.93,20000,0
2016-04-06,05:50:00,0.93,0.93,0.93,0.93,10000,0
2016-04-06,05:55:00,0.93,0.93,0.93,0.93,30000,0
2016-04-06,07:10:00,0.93,0.93,0.93,0.93,5000,0
2016-04-06,07:15:00,0.93,0.93,0.93,0.93,5000,0
2016-04-06,07:20:00,0.93,0.94,0.93,0.94,385000,0
2016-04-06,07:30:00,0.94,0.94,0.93,0.93,20000,0
2016-04-06,07:45:00,0.93,0.94,0.93,0.94,10000,0
2016-04-06,07:55:00,0.94,0.94,0.93,0.93,10000,0
2016-04-06,08:00:00,0.93,0.93,0.93,0.93,80000,0
2016-04-06,08:05:00,0.93,0.93,0.93,0.93,710000,0
2016-04-06,08:10:00,0.93,0.93,0.93,0.93,435000,0
2016-04-06,08:15:00,0.93,0.93,0.93,0.93,5000,0
2016-04-06,08:25:00,0.93,0.93,0.93,0.93,50000,0
2016-04-06,08:40:00,0.93,0.93,0.93,0.93,230000,0
2016-04-06,08:45:00,0.93,0.93,0.93,0.93,5000,0
2016-04-06,08:50:00,0.93,0.93,0.93,0.93,5000,0
2016-04-06,08:55:00,0.93,0.94,0.93,0.94,90000,0
2016-04-06,09:00:00,0.94,0.94,0.93,0.93,10000,0
2016-04-06,09:10:00,0.93,0.94,0.93,0.94,55000,0
2016-04-06,09:15:00,0.94,0.94,0.93,0.93,130000,0
2016-04-06,09:20:00,0.93,0.94,0.93,0.94,10000,0
2016-04-06,09:30:00,0.94,0.94,0.93,0.93,10000,0
2016-04-06,09:40:00,0.93,0.94,0.93,0.94,140000,0
2016-04-06,09:50:00,0.94,0.94,0.93,0.94,290000,0
2016-04-06,09:55:00,0.94,0.94,0.94,0.94,180000,0
2016-04-06,10:00:00,0.94,0.94,0.93,0.94,560000,0
2016-04-07,03:35:00,0.93,0.96,0.93,0.95,4185000,0
2016-04-07,03:45:00,0.95,0.95,0.95,0.95,885000,0
2016-04-07,03:50:00,0.95,0.96,0.95,0.96,775000,0
2016-04-07,03:55:00,0.96,0.96,0.96,0.96,515000,0
2016-04-07,04:00:00,0.96,0.98,0.96,0.98,2465000,0
2016-04-07,04:05:00,0.98,0.98,0.97,0.98,625000,0
2016-04-07,04:10:00,0.98,0.98,0.97,0.98,490000,0
2016-04-07,04:15:00,0.98,0.98,0.98,0.98,140000,0
2016-04-07,04:20:00,0.98,0.98,0.97,0.97,110000,0
2016-04-07,04:25:00,0.97,0.97,0.97,0.97,10000,0
2016-04-07,04:30:00,0.97,0.97,0.97,0.97,35000,0
2016-04-07,04:35:00,0.97,0.97,0.97,0.97,265000,0
2016-04-07,04:50:00,0.97,0.97,0.97,0.97,250000,0
2016-04-07,04:55:00,0.97,0.97,0.97,0.97,150000,0
2016-04-07,05:05:00,0.97,0.97,0.96,0.96,10000,0
2016-04-07,05:10:00,0.96,0.97,0.96,0.97,10000,0
2016-04-07,05:25:00,0.97,0.98,0.97,0.97,110000,0
2016-04-07,05:40:00,0.97,0.98,0.97,0.98,130000,0
2016-04-07,05:45:00,0.98,1.02,0.98,1.02,1440000,0
2016-04-07,05:50:00,1.02,1.03,0.99,1.01,7705000,0
2016-04-07,05:55:00,1.01,1.02,1.01,1.02,300000,0
2016-04-07,06:00:00,1.02,1.02,1,1,240000,0
2016-04-07,07:05:00,1,1.01,1,1.01,30000,0
2016-04-07,07:15:00,1.01,1.01,1,1,40000,0
2016-04-07,07:20:00,1,1.01,1,1.01,415000,0
2016-04-07,07:25:00,1.01,1.01,1.01,1.01,375000,0
2016-04-07,07:30:00,1.01,1.01,1.01,1.01,205000,0
2016-04-07,07:40:00,1.01,1.02,1.01,1.02,160000,0
2016-04-07,07:45:00,1.02,1.02,1.02,1.02,185000,0
2016-04-07,08:00:00,1.01,1.01,1,1,95000,0
2016-04-07,08:10:00,1,1,1,1,35000,0
2016-04-07,08:15:00,1,1,0.99,0.99,180000,0
2016-04-07,08:20:00,0.99,0.99,0.99,0.99,30000,0
2016-04-07,08:25:00,0.99,1,0.99,1,85000,0
2016-04-07,08:30:00,1,1,1,1,60000,0
2016-04-07,08:35:00,1,1.01,1,1.01,35000,0
2016-04-07,08:55:00,1.01,1.01,1,1,115000,0
2016-04-07,09:00:00,1,1,1,1,95000,0
2016-04-07,09:05:00,1,1,1,1,175000,0
2016-04-07,09:10:00,1,1,1,1,20000,0
2016-04-07,09:30:00,1,1,0.99,0.99,420000,0
2016-04-07,09:35:00,0.99,0.99,0.97,0.97,1025000,0
2016-04-07,09:40:00,0.97,0.97,0.97,0.97,65000,0
2016-04-07,09:55:00,0.97,0.97,0.96,0.96,390000,0
2016-04-07,10:00:00,0.96,0.97,0.96,0.97,240000,0
2016-04-08,03:35:00,0.96,0.99,0.96,0.99,3550000,0
2016-04-08,03:40:00,0.98,0.98,0.98,0.98,600000,0
2016-04-08,03:45:00,0.98,1,0.98,1,455000,0
2016-04-08,03:50:00,1,1.01,1,1.01,695000,0
2016-04-08,03:55:00,1.01,1.01,1,1.01,505000,0
2016-04-08,04:00:00,1.01,1.01,1,1,130000,0
2016-04-08,04:05:00,1,1,1,1,40000,0
2016-04-08,04:20:00,1,1,1,1,5000,0
2016-04-08,04:40:00,1,1,1,1,370000,0
2016-04-08,04:50:00,1,1,1,1,340000,0
2016-04-08,04:55:00,1,1,1,1,100000,0
2016-04-08,05:00:00,1,1,1,1,105000,0
2016-04-08,05:05:00,1,1,1,1,130000,0
2016-04-08,05:10:00,1,1,1,1,70000,0
2016-04-08,05:25:00,1,1,1,1,5000,0
2016-04-08,05:50:00,1,1,1,1,5000,0
2016-04-08,07:05:00,1,1.01,1,1.01,480000,0
2016-04-08,07:10:00,1.01,1.01,1.01,1.01,100000,0
2016-04-08,07:15:00,1.01,1.01,1.01,1.01,30000,0
2016-04-08,07:20:00,1.01,1.01,1.01,1.01,160000,0
2016-04-08,07:25:00,1.01,1.01,1.01,1.01,30000,0
2016-04-08,07:30:00,1.01,1.01,1.01,1.01,20000,0
2016-04-08,07:35:00,1.01,1.01,1.01,1.01,20000,0
2016-04-08,07:40:00,1.01,1.01,1.01,1.01,270000,0
2016-04-08,08:05:00,1.01,1.01,1.01,1.01,105000,0
2016-04-08,08:15:00,1.01,1.01,1.01,1.01,200000,0
2016-04-08,08:20:00,1.01,1.01,1.01,1.01,40000,0
2016-04-08,08:45:00,1.01,1.01,1.01,1.01,5000,0
2016-04-08,08:50:00,1.01,1.01,1.01,1.01,100000,0
2016-04-08,08:55:00,1.01,1.04,1.01,1.04,1070000,0
2016-04-08,09:00:00,1.04,1.04,1.03,1.03,520000,0
2016-04-08,09:05:00,1.03,1.03,1.03,1.03,450000,0
2016-04-08,09:10:00,1.03,1.04,1.03,1.04,730000,0
2016-04-08,09:15:00,1.04,1.04,1.04,1.04,490000,0
2016-04-08,09:20:00,1.04,1.04,1.04,1.04,240000,0
2016-04-08,09:25:00,1.04,1.04,1.04,1.04,370000,0
2016-04-08,09:40:00,1.04,1.04,1.04,1.04,95000,0
2016-04-08,09:50:00,1.04,1.04,1.04,1.04,160000,0
2016-04-08,09:55:00,1.04,1.04,1.03,1.04,115000,0
2016-04-08,10:00:00,1.04,1.04,1.04,1.04,45000,0
2016-04-11,03:35:00,1.07,1.07,1.03,1.06,1330000,0
2016-04-11,03:40:00,1.06,1.06,1.05,1.05,170000,0
2016-04-11,03:45:00,1.05,1.05,1.05,1.05,195000,0
2016-04-11,03:55:00,1.05,1.05,1.05,1.05,155000,0
2016-04-11,04:00:00,1.05,1.05,1.04,1.04,1565000,0
2016-04-11,04:05:00,1.04,1.05,1.03,1.05,1050000,0
2016-04-11,04:10:00,1.04,1.05,1.03,1.03,435000,0
2016-04-11,04:15:00,1.03,1.03,1.03,1.03,55000,0
2016-04-11,04:20:00,1.03,1.03,1.03,1.03,20000,0
2016-04-11,04:25:00,1.03,1.03,1.02,1.02,365000,0
2016-04-11,04:30:00,1.01,1.02,1.01,1.02,510000,0
2016-04-11,04:35:00,1.01,1.02,1.01,1.02,740000,0
2016-04-11,04:40:00,1.02,1.02,1.02,1.02,170000,0
2016-04-11,04:50:00,1.02,1.02,1.02,1.02,15000,0
2016-04-11,05:05:00,1.02,1.04,1.02,1.03,1455000,0
2016-04-11,05:10:00,1.03,1.03,1.03,1.03,45000,0
2016-04-11,05:15:00,1.03,1.04,1.03,1.04,90000,0
2016-04-11,05:25:00,1.04,1.04,1.03,1.04,235000,0
2016-04-11,05:30:00,1.04,1.04,1.03,1.04,535000,0
2016-04-11,05:45:00,1.04,1.04,1.04,1.04,110000,0
2016-04-11,07:10:00,1.04,1.04,1.04,1.04,5000,0
2016-04-11,07:15:00,1.04,1.04,1.03,1.03,220000,0
2016-04-11,07:20:00,1.03,1.03,1.03,1.03,190000,0
2016-04-11,07:30:00,1.03,1.04,1.03,1.04,425000,0
2016-04-11,07:35:00,1.03,1.03,1.03,1.03,150000,0
2016-04-11,07:40:00,1.03,1.04,1.02,1.04,1595000,0
2016-04-11,07:45:00,1.03,1.06,1.03,1.06,2195000,0
2016-04-11,08:00:00,1.06,1.06,1.04,1.04,90000,0
2016-04-11,08:05:00,1.04,1.06,1.04,1.06,735000,0
2016-04-11,08:10:00,1.06,1.06,1.05,1.05,410000,0
2016-04-11,08:15:00,1.05,1.06,1.05,1.05,1100000,0
2016-04-11,08:20:00,1.05,1.05,1.04,1.04,280000,0
2016-04-11,08:25:00,1.04,1.05,1.04,1.05,540000,0
2016-04-11,08:30:00,1.05,1.05,1.05,1.05,190000,0
2016-04-11,08:35:00,1.05,1.05,1.05,1.05,310000,0
2016-04-11,08:50:00,1.05,1.05,1.05,1.05,475000,0
2016-04-11,08:55:00,1.05,1.05,1.05,1.05,5000,0
2016-04-11,09:00:00,1.05,1.05,1.05,1.05,225000,0
2016-04-11,09:15:00,1.05,1.05,1.04,1.04,255000,0
2016-04-11,09:20:00,1.04,1.04,1.04,1.04,300000,0
2016-04-11,09:25:00,1.04,1.04,1.04,1.04,20000,0
2016-04-11,09:55:00,1.04,1.04,1.04,1.04,90000,0
2016-04-12,03:35:00,1.04,1.07,1.04,1.07,15635000,0
2016-04-12,03:40:00,1.07,1.09,1.07,1.09,725000,0
2016-04-12,03:45:00,1.09,1.1,1.07,1.08,2855000,0
2016-04-12,03:50:00,1.08,1.08,1.07,1.07,2450000,0
2016-04-12,03:55:00,1.07,1.07,1.06,1.06,1060000,0
2016-04-12,04:00:00,1.06,1.07,1.06,1.06,1350000,0
2016-04-12,04:05:00,1.06,1.06,1.05,1.05,580000,0
2016-04-12,04:10:00,1.05,1.06,1.05,1.05,765000,0
2016-04-12,04:20:00,1.05,1.05,1.05,1.05,420000,0
2016-04-12,04:25:00,1.05,1.05,1.05,1.05,300000,0
2016-04-12,04:30:00,1.05,1.07,1.05,1.05,1315000,0
2016-04-12,04:35:00,1.05,1.07,1.05,1.06,200000,0
2016-04-12,04:50:00,1.06,1.06,1.06,1.06,5000,0
2016-04-12,05:00:00,1.06,1.06,1.05,1.05,135000,0
2016-04-12,05:10:00,1.05,1.06,1.04,1.05,610000,0
2016-04-12,05:35:00,1.05,1.05,1.05,1.05,10000,0
2016-04-12,05:40:00,1.05,1.05,1.04,1.04,280000,0
2016-04-12,05:45:00,1.04,1.04,1.04,1.04,360000,0
2016-04-12,05:50:00,1.04,1.04,1.04,1.04,20000,0
2016-04-12,05:55:00,1.04,1.04,1.04,1.04,110000,0
2016-04-12,07:05:00,1.04,1.04,1.04,1.04,300000,0
2016-04-12,07:15:00,1.04,1.04,1.04,1.04,5000,0
2016-04-12,07:20:00,1.04,1.04,1.04,1.04,35000,0
2016-04-12,07:45:00,1.04,1.04,1.04,1.04,15000,0
2016-04-12,08:05:00,1.04,1.04,1.04,1.04,105000,0
2016-04-12,08:10:00,1.04,1.04,1.04,1.04,30000,0
2016-04-12,08:15:00,1.04,1.04,1.03,1.03,310000,0
2016-04-12,08:25:00,1.03,1.05,1.03,1.05,55000,0
2016-04-12,08:50:00,1.05,1.05,1.05,1.05,5000,0
2016-04-12,08:55:00,1.05,1.05,1.05,1.05,5000,0
2016-04-12,09:10:00,1.05,1.05,1.05,1.05,5000,0
2016-04-12,09:15:00,1.05,1.05,1.04,1.04,20000,0
2016-04-12,09:20:00,1.04,1.04,1.04,1.04,10000,0
2016-04-12,09:25:00,1.04,1.04,1.04,1.04,30000,0
2016-04-12,09:35:00,1.04,1.05,1.04,1.05,15000,0
2016-04-12,09:40:00,1.05,1.05,1.05,1.05,20000,0
2016-04-12,09:45:00,1.05,1.05,1.04,1.04,145000,0
2016-04-12,09:50:00,1.04,1.05,1.04,1.05,20000,0
2016-04-12,09:55:00,1.05,1.05,1.04,1.04,295000,0
2016-04-12,10:00:00,1.04,1.05,1.03,1.05,535000,0
2016-04-13,03:35:00,1.05,1.06,1.04,1.04,2835000,0
2016-04-13,03:40:00,1.04,1.06,1.04,1.05,490000,0
2016-04-13,03:45:00,1.05,1.05,1.04,1.04,160000,0
2016-04-13,03:50:00,1.04,1.04,1.04,1.04,300000,0
2016-04-13,03:55:00,1.04,1.04,1.03,1.03,230000,0
2016-04-13,04:00:00,1.03,1.04,1.02,1.02,935000,0
2016-04-13,04:05:00,1.02,1.02,1.02,1.02,280000,0
2016-04-13,04:10:00,1.02,1.02,1.02,1.02,5000,0
2016-04-13,04:15:00,1.02,1.02,1.02,1.02,45000,0
2016-04-13,04:25:00,1.02,1.02,1.02,1.02,50000,0
2016-04-13,04:30:00,1.02,1.03,1.02,1.03,260000,0
2016-04-13,04:35:00,1.03,1.03,1.02,1.02,40000,0
2016-04-13,04:45:00,1.02,1.02,1.02,1.02,10000,0
2016-04-13,05:00:00,1.02,1.02,1.02,1.02,5000,0
2016-04-13,05:05:00,1.02,1.02,1.02,1.02,115000,0
2016-04-13,05:15:00,1.02,1.02,1.01,1.01,200000,0
2016-04-13,05:25:00,1.01,1.02,1.01,1.02,50000,0
2016-04-13,05:45:00,1.02,1.02,1.02,1.02,5000,0
2016-04-13,07:05:00,1.02,1.02,1.01,1.01,310000,0
2016-04-13,07:15:00,1.01,1.02,1.01,1.02,105000,0
2016-04-13,07:20:00,1.02,1.02,1.01,1.01,60000,0
2016-04-13,07:25:00,1.01,1.02,1.01,1.02,40000,0
2016-04-13,07:55:00,1.02,1.02,1.01,1.01,90000,0
2016-04-13,08:00:00,1.01,1.02,1.01,1.02,580000,0
2016-04-13,08:10:00,1.02,1.03,1.02,1.03,10000,0
2016-04-13,08:20:00,1.03,1.03,1.03,1.03,5000,0
2016-04-13,08:25:00,1.03,1.03,1.02,1.02,5030000,0
2016-04-13,08:30:00,1.02,1.03,1.02,1.03,70000,0
2016-04-13,08:40:00,1.03,1.04,1.03,1.04,4855000,0
2016-04-13,08:50:00,1.04,1.04,1.04,1.04,95000,0
2016-04-13,09:10:00,1.04,1.04,1.04,1.04,5000,0
2016-04-13,09:20:00,1.04,1.04,1.04,1.04,30000,0
2016-04-13,09:25:00,1.04,1.04,1.03,1.04,4135000,0
2016-04-13,09:30:00,1.04,1.04,1.03,1.04,90000,0
2016-04-13,09:45:00,1.04,1.04,1.02,1.02,685000,0
2016-04-13,09:50:00,1.02,1.04,1.01,1.04,17055000,0
2016-04-13,09:55:00,1.04,1.04,1.03,1.03,15000,0
2016-04-13,10:00:00,1.03,1.04,1.03,1.04,165000,0
