Date,Time,Open,High,Low,Close,Volume,OpenInt
2016-02-04,03:45:00,0.44,0.44,0.435,0.435,4000,0
2016-02-04,09:00:00,0.43,0.44,0.43,0.44,114000,0
2016-02-05,02:40:00,0.465,0.48,0.465,0.48,864000,0
2016-02-05,02:45:00,0.48,0.48,0.475,0.475,186000,0
2016-02-05,08:20:00,0.46,0.46,0.445,0.445,770000,0
2016-02-05,08:50:00,0.445,0.46,0.445,0.46,4000,0
2016-02-05,09:00:00,0.46,0.46,0.46,0.46,2000,0
2016-02-11,02:45:00,0.46,0.47,0.46,0.47,4000,0
2016-02-11,03:10:00,0.47,0.47,0.42,0.425,168000,0
2016-02-11,03:15:00,0.43,0.465,0.43,0.465,40000,0
2016-02-11,03:20:00,0.465,0.465,0.46,0.46,20000,0
2016-02-11,03:30:00,0.465,0.465,0.43,0.43,94000,0
2016-02-11,03:40:00,0.43,0.46,0.43,0.46,4000,0
2016-02-11,03:45:00,0.46,0.46,0.46,0.46,2000,0
2016-02-11,06:05:00,0.455,0.455,0.455,0.455,2000,0
2016-02-11,06:25:00,0.455,0.455,0.455,0.455,2000,0
2016-02-11,07:05:00,0.455,0.455,0.455,0.455,2000,0
2016-02-11,07:35:00,0.455,0.455,0.455,0.455,2000,0
2016-02-11,07:40:00,0.455,0.455,0.455,0.455,2000,0
2016-02-11,08:10:00,0.455,0.455,0.455,0.455,30000,0
2016-02-11,08:15:00,0.455,0.455,0.455,0.455,14000,0
2016-02-11,08:35:00,0.455,0.455,0.455,0.455,10000,0
2016-02-12,03:10:00,0.465,0.465,0.45,0.45,4000,0
2016-02-12,04:45:00,0.45,0.45,0.43,0.43,500000,0
2016-02-12,05:00:00,0.43,0.43,0.415,0.415,288000,0
2016-02-12,06:25:00,0.42,0.42,0.42,0.42,2000,0
2016-02-12,07:00:00,0.42,0.43,0.42,0.43,80000,0
2016-02-12,08:25:00,0.425,0.425,0.42,0.42,1652000,0
2016-02-12,08:45:00,0.42,0.425,0.42,0.425,104000,0
2016-02-12,08:55:00,0.425,0.425,0.42,0.42,120000,0
2016-02-12,09:00:00,0.42,0.425,0.42,0.425,226000,0
2016-02-15,02:55:00,0.44,0.44,0.43,0.44,200000,0
2016-02-15,03:25:00,0.435,0.435,0.43,0.43,4000,0
2016-02-15,03:30:00,0.43,0.43,0.42,0.42,32000,0
2016-02-15,03:55:00,0.42,0.43,0.42,0.43,4000,0
2016-02-15,04:05:00,0.43,0.43,0.43,0.43,2000,0
2016-02-15,04:25:00,0.43,0.43,0.42,0.42,54000,0
2016-02-15,04:55:00,0.42,0.43,0.42,0.43,4000,0
2016-02-15,07:20:00,0.43,0.43,0.42,0.42,364000,0
2016-02-15,08:45:00,0.42,0.425,0.42,0.425,4000,0
2016-02-15,08:50:00,0.425,0.43,0.42,0.43,220000,0
2016-02-16,02:35:00,0.45,0.46,0.435,0.46,136000,0
2016-02-16,06:30:00,0.45,0.45,0.44,0.44,20000,0
2016-02-16,07:05:00,0.43,0.43,0.42,0.42,84000,0
2016-02-16,07:10:00,0.42,0.42,0.42,0.42,60000,0
2016-02-16,07:25:00,0.42,0.42,0.415,0.415,144000,0
2016-02-16,07:30:00,0.415,0.445,0.415,0.445,18000,0
2016-02-16,07:35:00,0.445,0.445,0.43,0.43,80000,0
2016-02-16,08:30:00,0.43,0.43,0.43,0.43,10000,0
2016-02-16,08:45:00,0.43,0.435,0.43,0.435,4000,0
2016-02-16,08:50:00,0.435,0.435,0.43,0.43,56000,0
2016-02-16,09:00:00,0.43,0.445,0.43,0.43,18000,0
2016-02-17,03:10:00,0.43,0.43,0.42,0.42,134000,0
2016-02-17,03:15:00,0.42,0.42,0.42,0.42,90000,0
2016-02-17,03:25:00,0.42,0.42,0.42,0.42,60000,0
2016-02-17,03:45:00,0.42,0.42,0.42,0.42,100000,0
2016-02-17,04:15:00,0.42,0.425,0.42,0.425,40000,0
2016-02-17,04:20:00,0.425,0.425,0.42,0.42,18000,0
2016-02-17,04:30:00,0.42,0.425,0.42,0.425,22000,0
2016-02-17,04:55:00,0.425,0.43,0.425,0.43,452000,0
2016-02-17,07:50:00,0.43,0.43,0.42,0.42,14000,0
2016-02-17,08:10:00,0.42,0.42,0.415,0.42,762000,0
2016-02-17,08:35:00,0.42,0.42,0.42,0.42,4000,0
2016-02-17,08:55:00,0.41,0.42,0.41,0.42,4000,0
2016-02-17,09:00:00,0.42,0.43,0.42,0.43,286000,0
2016-02-18,02:35:00,0.45,0.45,0.43,0.45,828000,0
2016-02-18,02:40:00,0.445,0.45,0.445,0.45,106000,0
2016-02-18,03:00:00,0.445,0.445,0.435,0.435,198000,0
2016-02-18,03:20:00,0.435,0.435,0.435,0.435,2000,0
2016-02-18,04:00:00,0.435,0.435,0.435,0.435,18000,0
2016-02-18,04:05:00,0.44,0.445,0.435,0.445,1038000,0
2016-02-18,07:30:00,0.43,0.44,0.43,0.44,78000,0
2016-02-18,07:35:00,0.44,0.44,0.44,0.44,38000,0
2016-02-18,07:40:00,0.44,0.445,0.44,0.44,148000,0
2016-02-18,08:30:00,0.44,0.44,0.44,0.44,100000,0
2016-02-18,08:40:00,0.44,0.44,0.44,0.44,80000,0
2016-02-18,08:45:00,0.44,0.445,0.44,0.445,40000,0
2016-02-18,08:50:00,0.445,0.445,0.44,0.445,226000,0
2016-02-18,08:55:00,0.445,0.445,0.445,0.445,200000,0
2016-02-18,09:00:00,0.445,0.45,0.445,0.45,392000,0
2016-02-19,02:40:00,0.46,0.46,0.46,0.46,62000,0
2016-02-19,02:45:00,0.46,0.485,0.46,0.48,602000,0
2016-02-19,02:50:00,0.48,0.48,0.48,0.48,52000,0
2016-02-19,02:55:00,0.475,0.475,0.46,0.46,318000,0
2016-02-19,03:00:00,0.46,0.46,0.46,0.46,52000,0
2016-02-19,03:30:00,0.46,0.46,0.46,0.46,36000,0
2016-02-19,03:35:00,0.46,0.47,0.46,0.47,1048000,0
2016-02-19,03:40:00,0.47,0.47,0.47,0.47,662000,0
2016-02-19,03:45:00,0.47,0.475,0.47,0.475,208000,0
2016-02-19,04:10:00,0.475,0.48,0.475,0.48,4000,0
2016-02-19,06:15:00,0.48,0.48,0.465,0.465,292000,0
2016-02-19,06:30:00,0.465,0.475,0.465,0.475,196000,0
2016-02-19,06:35:00,0.475,0.475,0.47,0.47,132000,0
2016-02-19,07:10:00,0.47,0.47,0.47,0.47,4000,0
2016-02-19,07:30:00,0.47,0.47,0.47,0.47,2000,0
2016-02-19,07:35:00,0.47,0.47,0.465,0.465,84000,0
2016-02-19,07:50:00,0.465,0.475,0.465,0.475,426000,0
2016-02-19,08:45:00,0.475,0.475,0.475,0.475,30000,0
2016-02-19,08:50:00,0.475,0.475,0.475,0.475,250000,0
2016-02-19,08:55:00,0.475,0.48,0.475,0.48,60000,0
2016-02-19,09:00:00,0.48,0.485,0.48,0.485,352000,0
2016-02-22,02:35:00,0.5,0.51,0.485,0.51,114000,0
2016-02-22,02:40:00,0.51,0.51,0.5,0.5,202000,0
2016-02-22,02:45:00,0.5,0.5,0.49,0.49,104000,0
2016-02-22,02:50:00,0.49,0.49,0.49,0.49,108000,0
2016-02-22,02:55:00,0.49,0.49,0.485,0.485,172000,0
2016-02-22,03:00:00,0.485,0.485,0.48,0.48,170000,0
2016-02-22,06:15:00,0.475,0.49,0.475,0.49,4000,0
2016-02-22,07:05:00,0.485,0.485,0.475,0.48,396000,0
2016-02-22,07:10:00,0.48,0.485,0.48,0.48,8000,0
2016-02-22,07:15:00,0.48,0.48,0.48,0.48,98000,0
2016-02-22,08:05:00,0.48,0.485,0.48,0.485,4000,0
2016-02-22,08:20:00,0.485,0.485,0.48,0.48,280000,0
2016-02-22,08:55:00,0.48,0.485,0.48,0.48,104000,0
2016-02-22,09:00:00,0.48,0.49,0.48,0.49,186000,0
2016-02-23,02:50:00,0.49,0.495,0.49,0.495,204000,0
2016-02-23,02:55:00,0.495,0.495,0.495,0.495,104000,0
2016-02-23,03:00:00,0.495,0.5,0.495,0.5,4000,0
2016-02-23,03:30:00,0.485,0.49,0.485,0.49,200000,0
2016-02-23,06:40:00,0.485,0.5,0.485,0.5,4000,0
2016-02-23,07:05:00,0.49,0.5,0.49,0.5,458000,0
2016-02-23,07:10:00,0.5,0.5,0.495,0.495,184000,0
2016-02-23,09:00:00,0.485,0.495,0.485,0.495,4000,0
2016-02-24,02:40:00,0.5,0.5,0.495,0.5,64000,0
2016-02-24,02:50:00,0.495,0.495,0.49,0.49,4000,0
2016-02-24,03:45:00,0.49,0.49,0.485,0.485,42000,0
2016-02-24,04:35:00,0.485,0.485,0.48,0.48,44000,0
2016-02-24,06:15:00,0.48,0.48,0.475,0.475,58000,0
2016-02-24,06:50:00,0.475,0.48,0.47,0.48,152000,0
2016-02-24,07:35:00,0.475,0.475,0.475,0.475,6000,0
2016-02-24,07:45:00,0.475,0.475,0.475,0.475,2000,0
2016-02-24,08:50:00,0.465,0.475,0.465,0.475,4000,0
2016-02-24,08:55:00,0.475,0.475,0.475,0.475,20000,0
2016-02-24,09:00:00,0.475,0.485,0.47,0.485,272000,0
2016-02-25,02:50:00,0.485,0.485,0.48,0.48,4000,0
2016-02-25,03:00:00,0.48,0.48,0.475,0.475,14000,0
2016-02-25,03:05:00,0.475,0.475,0.475,0.475,14000,0
2016-02-25,03:10:00,0.475,0.475,0.47,0.47,86000,0
2016-02-25,03:40:00,0.47,0.48,0.47,0.48,4000,0
2016-02-25,04:30:00,0.48,0.48,0.47,0.47,176000,0
2016-02-25,06:25:00,0.47,0.47,0.47,0.47,44000,0
2016-02-25,07:25:00,0.47,0.47,0.47,0.47,62000,0
2016-02-25,09:00:00,0.465,0.47,0.465,0.47,4000,0
2016-02-26,02:35:00,0.48,0.48,0.48,0.48,2000,0
2016-02-26,03:00:00,0.48,0.48,0.475,0.475,4000,0
2016-02-26,03:35:00,0.475,0.475,0.47,0.47,22000,0
2016-02-26,06:30:00,0.47,0.47,0.465,0.465,42000,0
2016-02-26,06:45:00,0.465,0.465,0.46,0.46,62000,0
2016-02-26,06:50:00,0.46,0.46,0.455,0.455,52000,0
2016-02-26,06:55:00,0.455,0.455,0.455,0.455,46000,0
2016-02-26,07:55:00,0.45,0.46,0.45,0.46,4000,0
2016-02-26,09:00:00,0.45,0.46,0.45,0.46,4000,0
2016-02-29,02:45:00,0.47,0.47,0.47,0.47,88000,0
2016-02-29,02:50:00,0.47,0.47,0.47,0.47,12000,0
2016-02-29,03:15:00,0.47,0.47,0.46,0.46,198000,0
2016-02-29,06:05:00,0.46,0.46,0.45,0.45,300000,0
2016-02-29,07:50:00,0.445,0.45,0.445,0.45,110000,0
2016-02-29,08:00:00,0.45,0.45,0.45,0.45,50000,0
2016-02-29,08:15:00,0.45,0.45,0.45,0.45,96000,0
2016-02-29,08:40:00,0.45,0.45,0.45,0.45,4000,0
2016-02-29,09:00:00,0.45,0.465,0.45,0.465,76000,0
2016-03-01,02:35:00,0.465,0.465,0.465,0.465,30000,0
2016-03-01,03:20:00,0.465,0.465,0.45,0.45,134000,0
2016-03-01,03:55:00,0.45,0.45,0.45,0.45,26000,0
2016-03-01,06:05:00,0.45,0.45,0.445,0.445,30000,0
2016-03-01,06:10:00,0.445,0.445,0.445,0.445,16000,0
2016-03-01,06:30:00,0.445,0.45,0.445,0.45,224000,0
2016-03-01,08:00:00,0.45,0.45,0.45,0.45,28000,0
2016-03-02,03:50:00,0.445,0.445,0.445,0.445,62000,0
2016-03-02,04:20:00,0.445,0.445,0.44,0.44,4000,0
2016-03-02,07:25:00,0.44,0.44,0.435,0.435,4000,0
2016-03-02,07:50:00,0.43,0.435,0.43,0.435,110000,0
2016-03-02,08:05:00,0.435,0.44,0.435,0.44,4000,0
2016-03-02,08:15:00,0.44,0.44,0.44,0.44,38000,0
2016-03-02,08:30:00,0.44,0.445,0.44,0.445,4000,0
2016-03-02,08:35:00,0.445,0.445,0.44,0.44,124000,0
2016-03-02,08:45:00,0.44,0.44,0.44,0.44,30000,0
2016-03-02,08:55:00,0.44,0.44,0.435,0.435,8000,0
2016-03-02,09:00:00,0.435,0.45,0.435,0.445,16000,0
2016-03-03,03:50:00,0.45,0.45,0.445,0.445,8000,0
2016-03-03,04:00:00,0.445,0.445,0.44,0.44,4000,0
2016-03-03,04:40:00,0.44,0.44,0.435,0.435,4000,0
2016-03-03,04:50:00,0.435,0.435,0.43,0.43,52000,0
2016-03-03,06:05:00,0.43,0.44,0.43,0.44,8000,0
2016-03-03,07:35:00,0.44,0.44,0.43,0.43,120000,0
2016-03-03,07:40:00,0.43,0.43,0.43,0.43,10000,0
2016-03-03,07:45:00,0.43,0.44,0.43,0.44,194000,0
2016-03-03,07:50:00,0.44,0.44,0.43,0.43,20000,0
2016-03-03,08:00:00,0.43,0.43,0.43,0.43,48000,0
2016-03-03,08:05:00,0.43,0.43,0.43,0.43,20000,0
2016-03-03,08:20:00,0.43,0.43,0.43,0.43,2000,0
2016-03-03,09:00:00,0.425,0.43,0.425,0.43,172000,0
2016-03-04,02:45:00,0.43,0.43,0.43,0.43,2000,0
2016-03-04,03:10:00,0.43,0.43,0.425,0.425,4000,0
2016-03-04,03:25:00,0.42,0.43,0.42,0.43,126000,0
2016-03-04,03:30:00,0.43,0.43,0.43,0.43,224000,0
2016-03-04,06:15:00,0.42,0.425,0.42,0.425,200000,0
2016-03-04,06:25:00,0.425,0.425,0.425,0.425,176000,0
2016-03-07,02:50:00,0.42,0.42,0.42,0.42,30000,0
2016-03-07,03:00:00,0.42,0.42,0.42,0.42,2000,0
2016-03-07,03:05:00,0.42,0.42,0.415,0.415,34000,0
2016-03-07,03:10:00,0.415,0.415,0.415,0.415,10000,0
2016-03-07,03:20:00,0.415,0.415,0.41,0.41,60000,0
2016-03-07,03:50:00,0.41,0.41,0.41,0.41,2000,0
2016-03-07,04:25:00,0.41,0.41,0.41,0.41,100000,0
2016-03-07,04:40:00,0.41,0.415,0.41,0.415,100000,0
2016-03-07,06:15:00,0.415,0.415,0.415,0.415,100000,0
2016-03-07,06:20:00,0.415,0.415,0.415,0.415,34000,0
2016-03-07,06:35:00,0.415,0.415,0.41,0.41,320000,0
2016-03-07,06:55:00,0.41,0.41,0.41,0.41,418000,0
2016-03-07,07:40:00,0.41,0.415,0.41,0.415,140000,0
2016-03-07,08:10:00,0.415,0.415,0.415,0.415,70000,0
2016-03-07,08:50:00,0.415,0.42,0.415,0.42,4000,0
2016-03-07,08:55:00,0.42,0.42,0.415,0.415,140000,0
2016-03-07,09:00:00,0.415,0.415,0.41,0.41,102000,0
2016-03-08,03:15:00,0.41,0.41,0.4,0.4,446000,0
2016-03-08,03:20:00,0.4,0.4,0.4,0.4,100000,0
2016-03-08,03:30:00,0.4,0.4,0.4,0.4,200000,0
2016-03-08,03:40:00,0.4,0.405,0.4,0.405,20000,0
2016-03-08,03:45:00,0.405,0.405,0.4,0.4,514000,0
2016-03-08,03:50:00,0.4,0.4,0.4,0.4,352000,0
2016-03-08,03:55:00,0.4,0.41,0.4,0.41,4000,0
2016-03-08,04:10:00,0.41,0.41,0.4,0.4,112000,0
2016-03-08,04:35:00,0.4,0.405,0.4,0.405,104000,0
2016-03-08,04:40:00,0.405,0.405,0.4,0.4,130000,0
2016-03-08,06:35:00,0.395,0.4,0.395,0.4,4000,0
2016-03-08,06:40:00,0.4,0.4,0.4,0.4,60000,0
2016-03-08,07:30:00,0.4,0.4,0.4,0.4,118000,0
2016-03-08,07:55:00,0.4,0.405,0.4,0.405,4000,0
2016-03-08,08:00:00,0.405,0.405,0.405,0.405,20000,0
2016-03-08,08:35:00,0.405,0.405,0.4,0.4,266000,0
2016-03-08,09:00:00,0.4,0.405,0.4,0.405,38000,0
2016-03-09,03:40:00,0.405,0.405,0.4,0.4,6000,0
2016-03-09,04:10:00,0.4,0.4,0.395,0.395,234000,0
2016-03-09,04:15:00,0.395,0.4,0.395,0.4,200000,0
2016-03-09,06:30:00,0.4,0.4,0.395,0.395,194000,0
2016-03-09,06:45:00,0.39,0.395,0.39,0.395,200000,0
2016-03-09,06:55:00,0.395,0.395,0.395,0.395,50000,0
2016-03-09,07:05:00,0.395,0.395,0.395,0.395,30000,0
2016-03-09,07:10:00,0.395,0.4,0.395,0.4,4000,0
2016-03-09,07:35:00,0.395,0.395,0.395,0.395,50000,0
2016-03-09,08:00:00,0.39,0.395,0.39,0.395,310000,0
2016-03-09,08:35:00,0.395,0.395,0.395,0.395,170000,0
2016-03-09,09:00:00,0.395,0.395,0.39,0.395,62000,0
2016-03-10,02:35:00,0.4,0.405,0.395,0.405,634000,0
2016-03-10,02:40:00,0.405,0.42,0.4,0.42,400000,0
2016-03-10,02:45:00,0.42,0.445,0.42,0.43,710000,0
2016-03-10,02:50:00,0.43,0.43,0.42,0.42,200000,0
2016-03-10,03:15:00,0.42,0.42,0.41,0.41,194000,0
2016-03-10,03:40:00,0.41,0.41,0.41,0.41,100000,0
2016-03-10,04:45:00,0.41,0.415,0.41,0.415,44000,0
2016-03-10,06:30:00,0.415,0.415,0.415,0.415,84000,0
2016-03-10,07:00:00,0.415,0.415,0.415,0.415,30000,0
2016-03-10,07:40:00,0.415,0.415,0.415,0.415,6000,0
2016-03-10,08:20:00,0.415,0.415,0.415,0.415,100000,0
2016-03-10,08:25:00,0.415,0.42,0.415,0.42,4000,0
2016-03-10,08:30:00,0.42,0.42,0.415,0.415,340000,0
2016-03-10,08:45:00,0.415,0.415,0.41,0.41,766000,0
2016-03-10,08:50:00,0.41,0.41,0.41,0.41,54000,0
2016-03-10,08:55:00,0.41,0.41,0.41,0.41,46000,0
2016-03-10,09:00:00,0.41,0.415,0.41,0.415,4000,0
2016-03-11,02:35:00,0.43,0.43,0.415,0.425,300000,0
2016-03-11,02:45:00,0.42,0.42,0.405,0.405,24000,0
2016-03-11,03:40:00,0.405,0.41,0.405,0.405,260000,0
2016-03-11,06:20:00,0.405,0.405,0.405,0.405,2000,0
2016-03-11,06:40:00,0.405,0.405,0.405,0.405,100000,0
2016-03-11,06:45:00,0.405,0.405,0.405,0.405,2000,0
2016-03-11,07:10:00,0.405,0.405,0.405,0.405,10000,0
2016-03-11,07:25:00,0.405,0.405,0.405,0.405,2000,0
2016-03-11,08:00:00,0.4,0.405,0.4,0.405,6000,0
2016-03-11,08:05:00,0.405,0.405,0.405,0.405,2000,0
2016-03-11,08:10:00,0.405,0.41,0.405,0.41,4000,0
2016-03-11,09:00:00,0.4,0.41,0.4,0.405,148000,0
2016-03-14,02:35:00,0.41,0.41,0.405,0.41,80000,0
2016-03-14,02:40:00,0.41,0.41,0.41,0.41,212000,0
2016-03-14,02:45:00,0.41,0.41,0.395,0.395,156000,0
2016-03-14,02:55:00,0.395,0.41,0.395,0.41,10000,0
2016-03-14,03:15:00,0.41,0.41,0.4,0.4,104000,0
2016-03-14,03:25:00,0.4,0.41,0.4,0.41,4000,0
2016-03-14,03:40:00,0.41,0.41,0.4,0.4,196000,0
2016-03-14,03:50:00,0.4,0.4,0.4,0.4,54000,0
2016-03-14,04:20:00,0.4,0.4,0.39,0.395,1656000,0
2016-03-14,04:25:00,0.395,0.4,0.395,0.4,6000,0
2016-03-14,06:05:00,0.4,0.4,0.4,0.4,80000,0
2016-03-14,06:30:00,0.4,0.4,0.395,0.395,4000,0
2016-03-14,07:00:00,0.395,0.395,0.395,0.395,20000,0
2016-03-14,08:10:00,0.395,0.4,0.395,0.4,400000,0
2016-03-14,08:25:00,0.4,0.4,0.395,0.395,4000,0
2016-03-14,08:40:00,0.395,0.4,0.395,0.4,120000,0
2016-03-14,08:50:00,0.4,0.4,0.4,0.4,50000,0
2016-03-14,09:00:00,0.4,0.4,0.4,0.4,60000,0
2016-03-15,03:40:00,0.405,0.405,0.4,0.405,4000,0
2016-03-15,03:55:00,0.405,0.405,0.4,0.4,4000,0
2016-03-15,04:10:00,0.4,0.4,0.4,0.4,100000,0
2016-03-15,07:20:00,0.4,0.4,0.4,0.4,12000,0
2016-03-15,07:25:00,0.4,0.4,0.4,0.4,118000,0
2016-03-15,07:30:00,0.4,0.4,0.4,0.4,184000,0
2016-03-15,08:00:00,0.4,0.405,0.4,0.405,4000,0
2016-03-15,08:40:00,0.405,0.405,0.4,0.4,4000,0
2016-03-15,08:55:00,0.395,0.405,0.395,0.405,208000,0
2016-03-16,03:10:00,0.405,0.405,0.39,0.4,1226000,0
2016-03-16,04:00:00,0.4,0.4,0.395,0.395,102000,0
2016-03-17,02:40:00,0.405,0.405,0.39,0.39,4000,0
2016-03-17,02:45:00,0.39,0.39,0.39,0.39,90000,0
2016-03-17,02:50:00,0.39,0.39,0.385,0.385,4000,0
2016-03-17,03:05:00,0.385,0.385,0.385,0.385,156000,0
2016-03-17,03:10:00,0.385,0.385,0.38,0.38,80000,0
2016-03-17,03:15:00,0.38,0.38,0.38,0.38,140000,0
2016-03-17,03:20:00,0.38,0.38,0.38,0.38,30000,0
2016-03-17,04:15:00,0.37,0.375,0.37,0.375,124000,0
2016-03-17,04:25:00,0.375,0.375,0.375,0.375,44000,0
2016-03-17,04:35:00,0.375,0.38,0.375,0.38,154000,0
2016-03-17,04:40:00,0.38,0.385,0.38,0.38,8000,0
2016-03-17,04:45:00,0.38,0.38,0.38,0.38,10000,0
2016-03-17,04:50:00,0.38,0.38,0.38,0.38,28000,0
2016-03-17,05:00:00,0.38,0.38,0.38,0.38,54000,0
2016-03-17,06:05:00,0.38,0.38,0.375,0.375,4000,0
2016-03-17,06:40:00,0.37,0.38,0.37,0.38,312000,0
2016-03-17,06:45:00,0.38,0.38,0.38,0.38,286000,0
2016-03-17,07:55:00,0.37,0.375,0.37,0.375,4000,0
2016-03-17,08:15:00,0.37,0.375,0.37,0.375,60000,0
2016-03-17,08:35:00,0.375,0.375,0.375,0.375,2000,0
2016-03-17,09:00:00,0.375,0.375,0.37,0.375,152000,0
2016-03-18,02:50:00,0.375,0.375,0.375,0.375,2000,0
2016-03-18,04:40:00,0.37,0.375,0.37,0.375,220000,0
2016-03-18,06:15:00,0.37,0.38,0.37,0.38,248000,0
2016-03-18,06:20:00,0.38,0.385,0.38,0.385,200000,0
2016-03-18,06:30:00,0.385,0.385,0.385,0.385,52000,0
2016-03-18,06:35:00,0.385,0.395,0.38,0.39,1632000,0
2016-03-18,06:40:00,0.39,0.4,0.39,0.4,158000,0
2016-03-18,06:45:00,0.395,0.4,0.39,0.395,748000,0
2016-03-18,06:50:00,0.395,0.42,0.395,0.415,2008000,0
2016-03-18,06:55:00,0.415,0.415,0.405,0.405,212000,0
2016-03-18,07:00:00,0.405,0.405,0.405,0.405,26000,0
2016-03-18,07:05:00,0.405,0.405,0.4,0.4,200000,0
2016-03-18,07:10:00,0.4,0.4,0.4,0.4,62000,0
2016-03-18,07:30:00,0.4,0.4,0.395,0.395,198000,0
2016-03-18,07:50:00,0.395,0.4,0.395,0.4,448000,0
2016-03-18,08:00:00,0.4,0.4,0.4,0.4,100000,0
2016-03-18,08:05:00,0.4,0.4,0.395,0.395,64000,0
2016-03-18,08:10:00,0.395,0.4,0.395,0.4,100000,0
2016-03-18,08:25:00,0.4,0.4,0.395,0.395,20000,0
2016-03-18,08:30:00,0.395,0.4,0.395,0.4,200000,0
2016-03-18,08:40:00,0.4,0.405,0.4,0.405,204000,0
2016-03-18,08:45:00,0.405,0.405,0.4,0.4,300000,0
2016-03-18,08:50:00,0.4,0.4,0.4,0.4,630000,0
2016-03-18,08:55:00,0.4,0.4,0.4,0.4,2000,0
2016-03-21,02:35:00,0.41,0.41,0.41,0.41,102000,0
2016-03-21,02:40:00,0.405,0.405,0.4,0.4,4000,0
2016-03-21,02:50:00,0.4,0.4,0.395,0.395,10000,0
2016-03-21,02:55:00,0.395,0.395,0.39,0.39,4000,0
2016-03-21,03:00:00,0.39,0.39,0.39,0.39,86000,0
2016-03-21,03:05:00,0.39,0.39,0.39,0.39,12000,0
2016-03-21,03:10:00,0.39,0.39,0.39,0.39,36000,0
2016-03-21,03:25:00,0.39,0.395,0.39,0.395,238000,0
2016-03-21,04:30:00,0.385,0.39,0.385,0.39,104000,0
2016-03-21,04:55:00,0.385,0.395,0.385,0.395,420000,0
2016-03-21,06:05:00,0.395,0.395,0.395,0.395,100000,0
2016-03-21,06:15:00,0.395,0.4,0.395,0.4,222000,0
2016-03-21,06:25:00,0.4,0.405,0.4,0.405,416000,0
2016-03-21,06:45:00,0.4,0.405,0.4,0.405,112000,0
2016-03-21,06:50:00,0.4,0.4,0.395,0.395,1058000,0
2016-03-21,07:10:00,0.395,0.395,0.395,0.395,220000,0
2016-03-21,07:15:00,0.395,0.395,0.39,0.395,720000,0
2016-03-21,07:25:00,0.395,0.395,0.395,0.395,40000,0
2016-03-21,07:30:00,0.395,0.395,0.395,0.395,100000,0
2016-03-21,07:45:00,0.395,0.395,0.39,0.395,8000,0
2016-03-21,07:50:00,0.395,0.395,0.39,0.39,200000,0
2016-03-21,08:20:00,0.39,0.395,0.39,0.395,242000,0
2016-03-21,08:25:00,0.395,0.395,0.395,0.395,28000,0
2016-03-21,08:40:00,0.395,0.4,0.395,0.4,4000,0
2016-03-21,09:00:00,0.4,0.4,0.39,0.39,200000,0
2016-03-22,02:40:00,0.375,0.39,0.375,0.38,12000,0
2016-03-22,03:00:00,0.38,0.395,0.38,0.395,4000,0
2016-03-22,03:10:00,0.375,0.39,0.375,0.39,4000,0
2016-03-22,03:40:00,0.39,0.39,0.385,0.39,8000,0
2016-03-22,03:50:00,0.39,0.39,0.385,0.385,200000,0
2016-03-22,04:10:00,0.385,0.39,0.385,0.39,50000,0
2016-03-22,04:20:00,0.385,0.385,0.385,0.385,52000,0
2016-03-22,04:55:00,0.385,0.385,0.385,0.385,52000,0
2016-03-22,05:00:00,0.385,0.39,0.385,0.39,4000,0
2016-03-22,06:30:00,0.39,0.39,0.38,0.38,20000,0
2016-03-22,06:40:00,0.38,0.38,0.38,0.38,400000,0
2016-03-22,07:15:00,0.38,0.39,0.38,0.39,208000,0
2016-03-22,08:50:00,0.39,0.39,0.38,0.39,218000,0
2016-03-23,03:10:00,0.4,0.4,0.39,0.4,4000,0
2016-03-23,03:15:00,0.395,0.395,0.395,0.395,2000,0
2016-03-23,03:20:00,0.395,0.395,0.39,0.39,484000,0
2016-03-23,03:25:00,0.39,0.39,0.39,0.39,172000,0
2016-03-23,04:05:00,0.39,0.39,0.39,0.39,200000,0
2016-03-23,06:05:00,0.395,0.395,0.395,0.395,80000,0
2016-03-23,06:10:00,0.395,0.395,0.39,0.39,820000,0
2016-03-23,06:25:00,0.39,0.39,0.39,0.39,200000,0
2016-03-23,06:40:00,0.39,0.39,0.39,0.39,54000,0
2016-03-23,07:05:00,0.39,0.39,0.385,0.385,200000,0
2016-03-23,07:15:00,0.385,0.385,0.385,0.385,14000,0
2016-03-23,08:15:00,0.385,0.385,0.38,0.38,410000,0
2016-03-23,08:20:00,0.38,0.38,0.38,0.38,100000,0
2016-03-23,08:40:00,0.375,0.38,0.375,0.38,96000,0
2016-03-23,09:00:00,0.38,0.385,0.38,0.385,66000,0
2016-03-24,02:35:00,0.385,0.385,0.385,0.385,40000,0
2016-03-24,02:40:00,0.385,0.385,0.385,0.385,100000,0
2016-03-24,03:50:00,0.385,0.385,0.385,0.385,200000,0
2016-03-24,06:50:00,0.375,0.385,0.375,0.385,4000,0
2016-03-24,07:05:00,0.385,0.385,0.385,0.385,80000,0
2016-03-24,07:15:00,0.385,0.385,0.38,0.385,124000,0
2016-03-24,08:15:00,0.375,0.385,0.375,0.385,8000,0
2016-03-29,03:55:00,0.385,0.385,0.38,0.38,4000,0
2016-03-29,04:00:00,0.38,0.38,0.38,0.38,48000,0
2016-03-29,04:50:00,0.38,0.38,0.375,0.375,786000,0
2016-03-29,04:55:00,0.375,0.375,0.37,0.37,80000,0
2016-03-29,05:25:00,0.37,0.375,0.37,0.375,74000,0
2016-03-29,07:45:00,0.37,0.37,0.365,0.365,74000,0
2016-03-29,07:50:00,0.365,0.365,0.365,0.365,8000,0
2016-03-29,08:00:00,0.365,0.365,0.365,0.365,18000,0
2016-03-29,08:30:00,0.365,0.375,0.36,0.375,220000,0
2016-03-29,08:50:00,0.375,0.375,0.365,0.365,392000,0
2016-03-29,09:10:00,0.365,0.365,0.365,0.365,68000,0
2016-03-29,09:50:00,0.36,0.375,0.36,0.37,26000,0
2016-03-30,03:40:00,0.37,0.37,0.37,0.37,2000,0
2016-03-30,03:55:00,0.37,0.37,0.37,0.37,198000,0
2016-03-30,04:00:00,0.37,0.37,0.37,0.37,24000,0
2016-03-30,04:20:00,0.37,0.375,0.365,0.375,154000,0
2016-03-30,05:10:00,0.37,0.37,0.365,0.365,200000,0
2016-03-30,05:15:00,0.365,0.365,0.365,0.365,52000,0
2016-03-30,05:30:00,0.365,0.365,0.365,0.365,20000,0
2016-03-30,05:55:00,0.365,0.365,0.36,0.36,110000,0
2016-03-30,06:00:00,0.36,0.36,0.36,0.36,48000,0
2016-03-30,07:05:00,0.36,0.36,0.36,0.36,40000,0
2016-03-30,07:15:00,0.36,0.36,0.36,0.36,66000,0
2016-03-30,07:25:00,0.36,0.36,0.36,0.36,30000,0
2016-03-30,08:55:00,0.35,0.37,0.35,0.37,1468000,0
2016-03-30,09:00:00,0.365,0.365,0.36,0.365,104000,0
2016-03-30,09:15:00,0.365,0.37,0.365,0.365,54000,0
2016-03-30,09:20:00,0.365,0.365,0.365,0.365,54000,0
2016-03-30,09:25:00,0.365,0.365,0.365,0.365,20000,0
2016-03-30,09:55:00,0.365,0.365,0.365,0.365,60000,0
2016-03-30,10:00:00,0.365,0.365,0.36,0.365,204000,0
2016-03-31,03:50:00,0.375,0.375,0.365,0.375,4000,0
2016-03-31,04:45:00,0.37,0.37,0.365,0.365,498000,0
2016-03-31,04:50:00,0.365,0.365,0.365,0.365,40000,0
2016-03-31,05:05:00,0.365,0.365,0.365,0.365,198000,0
2016-03-31,05:10:00,0.365,0.365,0.365,0.365,64000,0
2016-03-31,07:15:00,0.365,0.365,0.36,0.36,226000,0
2016-03-31,07:55:00,0.36,0.36,0.355,0.355,194000,0
2016-03-31,08:20:00,0.355,0.355,0.355,0.355,200000,0
2016-03-31,08:40:00,0.355,0.36,0.355,0.355,40000,0
2016-03-31,09:10:00,0.355,0.355,0.355,0.355,112000,0
2016-03-31,09:15:00,0.355,0.355,0.355,0.355,40000,0
2016-03-31,10:00:00,0.35,0.355,0.35,0.355,4000,0
2016-04-01,04:50:00,0.36,0.36,0.355,0.36,100000,0
2016-04-01,05:00:00,0.36,0.365,0.36,0.365,4000,0
2016-04-01,07:05:00,0.365,0.365,0.365,0.365,312000,0
2016-04-01,07:25:00,0.35,0.36,0.35,0.355,4000,0
2016-04-05,07:40:00,0.355,0.36,0.355,0.36,180000,0
2016-04-05,08:00:00,0.36,0.365,0.36,0.365,50000,0
2016-04-06,05:55:00,0.35,0.355,0.35,0.35,18000,0
2016-04-06,07:55:00,0.35,0.35,0.35,0.35,166000,0
2016-04-06,09:35:00,0.345,0.35,0.345,0.35,68000,0
2016-04-06,09:40:00,0.35,0.355,0.35,0.355,4000,0
2016-04-07,09:40:00,0.35,0.355,0.35,0.355,122000,0
2016-04-07,09:50:00,0.35,0.36,0.35,0.36,304000,0
2016-04-07,10:00:00,0.36,0.36,0.355,0.355,410000,0
2016-04-08,04:25:00,0.35,0.36,0.35,0.36,202000,0
2016-04-08,07:10:00,0.355,0.355,0.355,0.355,30000,0
2016-04-08,07:55:00,0.355,0.355,0.345,0.355,300000,0
2016-04-08,08:30:00,0.355,0.355,0.34,0.355,102000,0
2016-04-08,09:10:00,0.34,0.35,0.34,0.35,138000,0
2016-04-08,09:30:00,0.345,0.345,0.345,0.345,50000,0
2016-04-08,09:55:00,0.345,0.345,0.345,0.345,68000,0
2016-04-08,10:00:00,0.345,0.355,0.345,0.355,254000,0
2016-04-11,03:35:00,0.35,0.355,0.35,0.35,4000,0
2016-04-11,03:45:00,0.35,0.35,0.34,0.34,394000,0
2016-04-11,03:50:00,0.34,0.34,0.335,0.335,44000,0
2016-04-11,03:55:00,0.335,0.335,0.335,0.335,114000,0
2016-04-11,04:30:00,0.335,0.335,0.335,0.335,100000,0
2016-04-11,04:40:00,0.335,0.335,0.335,0.335,300000,0
2016-04-11,04:50:00,0.335,0.345,0.335,0.345,160000,0
2016-04-11,05:10:00,0.345,0.345,0.345,0.345,34000,0
2016-04-11,05:15:00,0.345,0.345,0.345,0.345,50000,0
2016-04-11,05:25:00,0.345,0.345,0.34,0.34,340000,0
2016-04-11,07:10:00,0.34,0.34,0.33,0.335,440000,0
2016-04-11,07:15:00,0.335,0.335,0.325,0.335,882000,0
2016-04-11,07:25:00,0.335,0.335,0.325,0.325,210000,0
2016-04-11,07:30:00,0.325,0.34,0.325,0.34,164000,0
2016-04-11,07:55:00,0.34,0.34,0.33,0.33,218000,0
2016-04-11,08:30:00,0.33,0.33,0.33,0.33,20000,0
2016-04-11,08:50:00,0.33,0.335,0.33,0.335,84000,0
2016-04-11,09:20:00,0.335,0.335,0.33,0.33,180000,0
2016-04-11,09:25:00,0.33,0.33,0.325,0.325,554000,0
2016-04-11,09:40:00,0.32,0.325,0.32,0.325,120000,0
2016-04-11,09:55:00,0.32,0.325,0.32,0.325,36000,0
2016-04-11,10:00:00,0.32,0.33,0.32,0.33,214000,0
2016-04-12,04:00:00,0.33,0.33,0.33,0.33,58000,0
2016-04-12,04:05:00,0.33,0.345,0.33,0.34,746000,0
2016-04-12,04:10:00,0.34,0.34,0.33,0.33,48000,0
2016-04-12,04:20:00,0.335,0.345,0.335,0.345,4000,0
2016-04-12,07:40:00,0.34,0.34,0.33,0.33,402000,0
2016-04-12,07:45:00,0.33,0.33,0.33,0.33,398000,0
2016-04-12,07:50:00,0.32,0.33,0.32,0.33,4000,0
2016-04-12,09:25:00,0.33,0.33,0.33,0.33,40000,0
2016-04-12,09:55:00,0.325,0.33,0.325,0.33,24000,0
2016-04-12,10:00:00,0.33,0.33,0.325,0.33,82000,0
2016-04-13,05:20:00,0.33,0.33,0.33,0.33,30000,0
2016-04-13,05:25:00,0.33,0.33,0.325,0.325,4000,0
2016-04-13,05:35:00,0.32,0.335,0.32,0.335,12000,0
2016-04-13,07:40:00,0.33,0.33,0.33,0.33,20000,0
2016-04-13,08:45:00,0.32,0.335,0.32,0.335,254000,0
2016-04-13,09:00:00,0.335,0.335,0.33,0.33,788000,0
2016-04-13,09:05:00,0.33,0.335,0.33,0.33,796000,0
