Date,Time,Open,High,Low,Close,Volume,OpenInt
2016-03-14,02:40:00,1.62,1.62,1.61,1.62,67000,0
2016-03-14,02:45:00,1.62,1.62,1.6,1.6,40000,0
2016-03-14,02:50:00,1.6,1.6,1.6,1.6,11000,0
2016-03-14,02:55:00,1.6,1.61,1.6,1.6,99000,0
2016-03-14,03:00:00,1.6,1.6,1.6,1.6,7000,0
2016-03-14,03:05:00,1.6,1.61,1.59,1.59,180000,0
2016-03-14,03:10:00,1.59,1.59,1.59,1.59,5000,0
2016-03-14,03:15:00,1.59,1.61,1.59,1.61,256000,0
2016-03-14,03:20:00,1.61,1.61,1.6,1.6,8000,0
2016-03-14,03:25:00,1.6,1.61,1.6,1.61,63000,0
2016-03-14,03:30:00,1.61,1.62,1.61,1.61,154000,0
2016-03-14,03:35:00,1.61,1.62,1.61,1.62,8000,0
2016-03-14,03:40:00,1.62,1.62,1.6,1.61,132000,0
2016-03-14,03:45:00,1.61,1.62,1.6,1.62,95000,0
2016-03-14,03:50:00,1.62,1.62,1.61,1.62,51000,0
2016-03-14,03:55:00,1.62,1.62,1.62,1.62,5000,0
2016-03-14,04:00:00,1.62,1.62,1.61,1.62,13000,0
2016-03-14,04:05:00,1.62,1.63,1.61,1.63,247000,0
2016-03-14,04:10:00,1.63,1.64,1.62,1.64,360000,0
2016-03-14,04:15:00,1.64,1.64,1.61,1.62,587000,0
2016-03-14,04:20:00,1.62,1.62,1.62,1.62,12000,0
2016-03-14,04:25:00,1.62,1.62,1.61,1.62,17000,0
2016-03-14,04:30:00,1.62,1.62,1.6,1.61,463000,0
2016-03-14,04:35:00,1.61,1.61,1.6,1.61,22000,0
2016-03-14,04:40:00,1.61,1.61,1.6,1.61,62000,0
2016-03-14,04:45:00,1.61,1.61,1.6,1.61,26000,0
2016-03-14,04:50:00,1.61,1.61,1.6,1.61,26000,0
2016-03-14,04:55:00,1.61,1.61,1.6,1.61,35000,0
2016-03-14,05:00:00,1.61,1.61,1.6,1.6,44000,0
2016-03-14,06:05:00,1.6,1.61,1.6,1.61,62000,0
2016-03-14,06:10:00,1.61,1.61,1.6,1.61,36000,0
2016-03-14,06:15:00,1.61,1.61,1.6,1.61,24000,0
2016-03-14,06:20:00,1.61,1.61,1.6,1.6,25000,0
2016-03-14,06:25:00,1.6,1.61,1.6,1.61,183000,0
2016-03-14,06:30:00,1.61,1.61,1.6,1.61,29000,0
2016-03-14,06:35:00,1.61,1.61,1.6,1.61,59000,0
2016-03-14,06:40:00,1.61,1.61,1.61,1.61,280000,0
2016-03-14,06:45:00,1.61,1.61,1.6,1.61,22000,0
2016-03-14,06:50:00,1.61,1.61,1.6,1.61,32000,0
2016-03-14,06:55:00,1.61,1.62,1.6,1.61,233000,0
2016-03-14,07:00:00,1.61,1.62,1.61,1.62,23000,0
2016-03-14,07:05:00,1.62,1.62,1.6,1.61,317000,0
2016-03-14,07:10:00,1.61,1.61,1.6,1.61,101000,0
2016-03-14,07:15:00,1.61,1.61,1.6,1.6,23000,0
2016-03-14,07:20:00,1.6,1.61,1.6,1.6,45000,0
2016-03-14,07:25:00,1.6,1.61,1.6,1.61,50000,0
2016-03-14,07:30:00,1.61,1.61,1.59,1.6,221000,0
2016-03-14,07:35:00,1.6,1.6,1.59,1.6,160000,0
2016-03-14,07:40:00,1.6,1.6,1.59,1.59,14000,0
2016-03-14,07:45:00,1.59,1.61,1.59,1.61,245000,0
2016-03-14,07:50:00,1.61,1.61,1.6,1.61,30000,0
2016-03-14,07:55:00,1.61,1.61,1.59,1.6,367000,0
2016-03-14,08:00:00,1.6,1.6,1.59,1.6,91000,0
2016-03-14,08:05:00,1.6,1.6,1.59,1.59,420000,0
2016-03-14,08:10:00,1.59,1.59,1.59,1.59,152000,0
2016-03-14,08:15:00,1.58,1.59,1.58,1.59,24000,0
2016-03-14,08:20:00,1.59,1.59,1.58,1.59,28000,0
2016-03-14,08:25:00,1.59,1.59,1.58,1.59,28000,0
2016-03-14,08:30:00,1.59,1.59,1.58,1.59,60000,0
2016-03-14,08:35:00,1.59,1.59,1.58,1.59,69000,0
2016-03-14,08:40:00,1.58,1.59,1.58,1.59,66000,0
2016-03-14,08:45:00,1.59,1.59,1.58,1.59,34000,0
2016-03-14,08:50:00,1.58,1.6,1.58,1.6,248000,0
2016-03-14,08:55:00,1.6,1.6,1.58,1.59,163000,0
2016-03-14,09:00:00,1.58,1.59,1.58,1.59,224000,0
2016-03-15,02:35:00,1.61,1.62,1.6,1.61,31000,0
2016-03-15,02:40:00,1.61,1.63,1.61,1.61,41000,0
2016-03-15,02:45:00,1.61,1.62,1.61,1.61,16000,0
2016-03-15,02:50:00,1.61,1.62,1.61,1.62,13000,0
2016-03-15,02:55:00,1.62,1.63,1.61,1.62,102000,0
2016-03-15,03:00:00,1.62,1.62,1.61,1.61,33000,0
2016-03-15,03:05:00,1.61,1.62,1.61,1.61,44000,0
2016-03-15,03:10:00,1.61,1.62,1.6,1.61,124000,0
2016-03-15,03:15:00,1.61,1.62,1.61,1.62,13000,0
2016-03-15,03:20:00,1.62,1.62,1.61,1.62,36000,0
2016-03-15,03:25:00,1.62,1.62,1.62,1.62,9000,0
2016-03-15,03:30:00,1.62,1.62,1.6,1.61,141000,0
2016-03-15,03:35:00,1.61,1.61,1.6,1.61,69000,0
2016-03-15,03:50:00,1.61,1.61,1.61,1.61,7000,0
2016-03-15,03:55:00,1.61,1.61,1.61,1.61,8000,0
2016-03-15,04:00:00,1.61,1.61,1.61,1.61,9000,0
2016-03-15,04:05:00,1.61,1.61,1.6,1.61,67000,0
2016-03-15,04:10:00,1.61,1.61,1.6,1.61,22000,0
2016-03-15,04:15:00,1.61,1.61,1.6,1.61,19000,0
2016-03-15,04:20:00,1.61,1.61,1.61,1.61,12000,0
2016-03-15,04:25:00,1.61,1.61,1.6,1.61,144000,0
2016-03-15,04:30:00,1.61,1.61,1.6,1.61,32000,0
2016-03-15,04:35:00,1.61,1.61,1.6,1.61,117000,0
2016-03-15,04:40:00,1.61,1.61,1.6,1.6,226000,0
2016-03-15,04:45:00,1.6,1.61,1.6,1.61,53000,0
2016-03-15,04:50:00,1.61,1.61,1.6,1.6,221000,0
2016-03-15,04:55:00,1.6,1.61,1.6,1.61,120000,0
2016-03-15,05:00:00,1.61,1.61,1.61,1.61,14000,0
2016-03-15,06:05:00,1.61,1.61,1.6,1.61,472000,0
2016-03-15,06:10:00,1.61,1.61,1.61,1.61,13000,0
2016-03-15,06:15:00,1.61,1.61,1.61,1.61,9000,0
2016-03-15,06:20:00,1.61,1.61,1.6,1.61,126000,0
2016-03-15,06:25:00,1.61,1.61,1.6,1.61,31000,0
2016-03-15,06:30:00,1.61,1.61,1.61,1.61,16000,0
2016-03-15,06:35:00,1.61,1.61,1.61,1.61,9000,0
2016-03-15,06:40:00,1.61,1.61,1.6,1.61,57000,0
2016-03-15,06:45:00,1.61,1.61,1.61,1.61,20000,0
2016-03-15,06:50:00,1.61,1.61,1.61,1.61,42000,0
2016-03-15,06:55:00,1.61,1.61,1.61,1.61,21000,0
2016-03-15,07:00:00,1.61,1.61,1.6,1.61,58000,0
2016-03-15,07:05:00,1.61,1.61,1.61,1.61,17000,0
2016-03-15,07:10:00,1.61,1.61,1.61,1.61,25000,0
2016-03-15,07:15:00,1.61,1.61,1.61,1.61,11000,0
2016-03-15,07:20:00,1.61,1.61,1.61,1.61,14000,0
2016-03-15,07:25:00,1.61,1.61,1.61,1.61,130000,0
2016-03-15,07:30:00,1.61,1.62,1.61,1.61,399000,0
2016-03-15,07:35:00,1.61,1.62,1.61,1.61,252000,0
2016-03-15,07:40:00,1.61,1.62,1.61,1.62,11000,0
2016-03-15,07:45:00,1.62,1.62,1.62,1.62,14000,0
2016-03-15,07:50:00,1.62,1.62,1.61,1.62,45000,0
2016-03-15,07:55:00,1.62,1.62,1.61,1.62,115000,0
2016-03-15,08:00:00,1.62,1.62,1.61,1.62,67000,0
2016-03-15,08:05:00,1.62,1.64,1.61,1.64,680000,0
2016-03-15,08:10:00,1.64,1.64,1.63,1.63,252000,0
2016-03-15,08:15:00,1.63,1.64,1.63,1.64,166000,0
2016-03-15,08:20:00,1.64,1.65,1.64,1.64,61000,0
2016-03-15,08:25:00,1.64,1.64,1.63,1.64,28000,0
2016-03-15,08:30:00,1.64,1.64,1.64,1.64,16000,0
2016-03-15,08:35:00,1.64,1.64,1.64,1.64,9000,0
2016-03-15,08:40:00,1.64,1.64,1.63,1.64,280000,0
2016-03-15,08:45:00,1.64,1.64,1.64,1.64,7000,0
2016-03-15,08:50:00,1.64,1.65,1.64,1.64,82000,0
2016-03-15,08:55:00,1.64,1.64,1.63,1.63,620000,0
2016-03-15,09:00:00,1.63,1.64,1.63,1.64,49000,0
2016-03-16,02:40:00,1.62,1.64,1.62,1.63,17000,0
2016-03-16,02:45:00,1.63,1.64,1.62,1.63,19000,0
2016-03-16,02:50:00,1.62,1.63,1.62,1.63,8000,0
2016-03-16,02:55:00,1.62,1.63,1.62,1.63,2000,0
2016-03-16,03:20:00,1.62,1.64,1.62,1.63,146000,0
2016-03-16,03:25:00,1.62,1.63,1.62,1.63,22000,0
2016-03-16,03:30:00,1.62,1.63,1.62,1.63,21000,0
2016-03-16,03:35:00,1.62,1.63,1.62,1.63,19000,0
2016-03-16,03:40:00,1.62,1.63,1.62,1.63,8000,0
2016-03-16,03:50:00,1.62,1.63,1.62,1.63,116000,0
2016-03-16,03:55:00,1.62,1.63,1.62,1.63,24000,0
2016-03-16,04:05:00,1.62,1.64,1.62,1.64,341000,0
2016-03-16,04:10:00,1.64,1.65,1.63,1.64,233000,0
2016-03-16,04:15:00,1.64,1.64,1.63,1.64,46000,0
2016-03-16,04:25:00,1.64,1.64,1.64,1.64,1000,0
2016-03-16,04:30:00,1.64,1.64,1.64,1.64,1000,0
2016-03-16,04:40:00,1.64,1.64,1.63,1.63,343000,0
2016-03-16,04:55:00,1.62,1.63,1.62,1.63,50000,0
2016-03-16,05:00:00,1.63,1.64,1.63,1.64,337000,0
2016-03-16,06:05:00,1.64,1.65,1.64,1.64,57000,0
2016-03-16,06:10:00,1.64,1.65,1.63,1.65,131000,0
2016-03-16,06:15:00,1.65,1.65,1.65,1.65,17000,0
2016-03-16,06:25:00,1.65,1.65,1.65,1.65,14000,0
2016-03-16,06:30:00,1.65,1.65,1.65,1.65,1000,0
2016-03-16,06:35:00,1.65,1.65,1.65,1.65,24000,0
2016-03-16,06:40:00,1.65,1.65,1.64,1.65,85000,0
2016-03-16,06:45:00,1.65,1.66,1.65,1.66,102000,0
2016-03-16,06:50:00,1.66,1.66,1.66,1.66,25000,0
2016-03-16,06:55:00,1.66,1.66,1.66,1.66,2000,0
2016-03-16,07:00:00,1.66,1.66,1.65,1.66,78000,0
2016-03-16,07:05:00,1.66,1.66,1.66,1.66,60000,0
2016-03-16,07:10:00,1.66,1.66,1.66,1.66,26000,0
2016-03-16,07:15:00,1.66,1.66,1.66,1.66,6000,0
2016-03-16,07:20:00,1.66,1.66,1.65,1.66,17000,0
2016-03-16,07:25:00,1.66,1.66,1.64,1.65,299000,0
2016-03-16,07:30:00,1.65,1.65,1.64,1.65,141000,0
2016-03-16,07:35:00,1.64,1.69,1.64,1.69,949000,0
2016-03-16,07:40:00,1.69,1.7,1.68,1.69,676000,0
2016-03-16,07:45:00,1.69,1.7,1.69,1.7,1052000,0
2016-03-16,07:50:00,1.7,1.71,1.69,1.7,721000,0
2016-03-16,07:55:00,1.7,1.7,1.69,1.69,837000,0
2016-03-16,08:00:00,1.69,1.7,1.69,1.7,1320000,0
2016-03-16,08:05:00,1.7,1.71,1.7,1.7,446000,0
2016-03-16,08:10:00,1.7,1.71,1.7,1.71,252000,0
2016-03-16,08:15:00,1.71,1.71,1.7,1.7,122000,0
2016-03-16,08:20:00,1.7,1.71,1.7,1.7,161000,0
2016-03-16,08:25:00,1.7,1.7,1.7,1.7,5000,0
2016-03-16,08:30:00,1.7,1.71,1.67,1.7,1107000,0
2016-03-16,08:35:00,1.7,1.7,1.68,1.68,269000,0
2016-03-16,08:40:00,1.68,1.68,1.68,1.68,21000,0
2016-03-16,08:45:00,1.68,1.69,1.66,1.69,122000,0
2016-03-16,08:50:00,1.69,1.69,1.69,1.69,5000,0
2016-03-16,08:55:00,1.69,1.69,1.69,1.69,31000,0
2016-03-16,09:00:00,1.69,1.7,1.69,1.7,192000,0
2016-03-17,02:35:00,1.69,1.69,1.69,1.69,98000,0
2016-03-17,02:40:00,1.69,1.69,1.69,1.69,2000,0
2016-03-17,02:45:00,1.69,1.69,1.69,1.69,5000,0
2016-03-17,02:50:00,1.69,1.69,1.69,1.69,20000,0
2016-03-17,02:55:00,1.69,1.69,1.69,1.69,200000,0
2016-03-17,03:00:00,1.69,1.69,1.69,1.69,103000,0
2016-03-17,03:05:00,1.69,1.7,1.69,1.7,95000,0
2016-03-17,03:10:00,1.7,1.7,1.7,1.7,241000,0
2016-03-17,03:15:00,1.7,1.7,1.7,1.7,135000,0
2016-03-17,03:20:00,1.7,1.7,1.7,1.7,31000,0
2016-03-17,03:25:00,1.7,1.7,1.7,1.7,31000,0
2016-03-17,03:30:00,1.7,1.7,1.69,1.7,103000,0
2016-03-17,03:35:00,1.7,1.7,1.69,1.7,498000,0
2016-03-17,03:40:00,1.7,1.7,1.7,1.7,10000,0
2016-03-17,03:45:00,1.7,1.7,1.69,1.7,122000,0
2016-03-17,03:50:00,1.7,1.7,1.7,1.7,26000,0
2016-03-17,03:55:00,1.7,1.7,1.69,1.7,105000,0
2016-03-17,04:00:00,1.7,1.7,1.69,1.69,13000,0
2016-03-17,04:05:00,1.69,1.69,1.69,1.69,22000,0
2016-03-17,04:10:00,1.69,1.7,1.69,1.7,165000,0
2016-03-17,04:15:00,1.7,1.7,1.7,1.7,28000,0
2016-03-17,04:20:00,1.7,1.7,1.7,1.7,42000,0
2016-03-17,04:25:00,1.7,1.7,1.69,1.7,73000,0
2016-03-17,04:30:00,1.7,1.7,1.7,1.7,23000,0
2016-03-17,04:35:00,1.7,1.7,1.7,1.7,87000,0
2016-03-17,04:40:00,1.7,1.7,1.7,1.7,33000,0
2016-03-17,04:45:00,1.7,1.7,1.69,1.7,119000,0
2016-03-17,04:50:00,1.7,1.7,1.7,1.7,20000,0
2016-03-17,04:55:00,1.7,1.7,1.7,1.7,47000,0
2016-03-17,05:00:00,1.7,1.7,1.69,1.7,98000,0
2016-03-17,06:05:00,1.7,1.7,1.69,1.7,52000,0
2016-03-17,06:10:00,1.7,1.7,1.7,1.7,15000,0
2016-03-17,06:15:00,1.7,1.7,1.7,1.7,26000,0
2016-03-17,06:20:00,1.7,1.7,1.7,1.7,27000,0
2016-03-17,06:25:00,1.7,1.7,1.69,1.7,89000,0
2016-03-17,06:30:00,1.7,1.7,1.7,1.7,3000,0
2016-03-17,06:35:00,1.7,1.7,1.7,1.7,9000,0
2016-03-17,06:40:00,1.7,1.7,1.7,1.7,28000,0
2016-03-17,06:45:00,1.7,1.7,1.69,1.7,122000,0
2016-03-17,06:50:00,1.7,1.7,1.69,1.69,55000,0
2016-03-17,06:55:00,1.69,1.69,1.69,1.69,2000,0
2016-03-17,07:00:00,1.69,1.69,1.69,1.69,10000,0
2016-03-17,07:05:00,1.69,1.69,1.69,1.69,28000,0
2016-03-17,07:10:00,1.69,1.69,1.69,1.69,14000,0
2016-03-17,07:15:00,1.69,1.7,1.69,1.7,466000,0
2016-03-17,07:20:00,1.7,1.7,1.69,1.69,65000,0
2016-03-17,07:25:00,1.69,1.7,1.69,1.69,138000,0
2016-03-17,07:30:00,1.69,1.69,1.69,1.69,11000,0
2016-03-17,07:35:00,1.69,1.69,1.69,1.69,26000,0
2016-03-17,07:40:00,1.69,1.69,1.69,1.69,10000,0
2016-03-17,07:45:00,1.69,1.69,1.69,1.69,23000,0
2016-03-17,07:50:00,1.69,1.69,1.69,1.69,60000,0
2016-03-17,07:55:00,1.69,1.69,1.69,1.69,42000,0
2016-03-17,08:00:00,1.69,1.69,1.69,1.69,29000,0
2016-03-17,08:05:00,1.69,1.69,1.69,1.69,45000,0
2016-03-17,08:10:00,1.69,1.69,1.69,1.69,31000,0
2016-03-17,08:15:00,1.69,1.69,1.69,1.69,31000,0
2016-03-17,08:20:00,1.69,1.69,1.69,1.69,44000,0
2016-03-17,08:25:00,1.69,1.69,1.69,1.69,55000,0
2016-03-17,08:30:00,1.69,1.69,1.69,1.69,63000,0
2016-03-17,08:35:00,1.69,1.69,1.69,1.69,30000,0
2016-03-17,08:40:00,1.69,1.69,1.69,1.69,96000,0
2016-03-17,08:45:00,1.69,1.69,1.69,1.69,51000,0
2016-03-17,08:50:00,1.69,1.69,1.69,1.69,74000,0
2016-03-17,08:55:00,1.69,1.69,1.68,1.69,125000,0
2016-03-17,09:00:00,1.69,1.7,1.68,1.69,189000,0
2016-03-18,02:35:00,1.7,1.7,1.69,1.7,58000,0
2016-03-18,02:40:00,1.7,1.7,1.7,1.7,14000,0
2016-03-18,02:45:00,1.7,1.7,1.7,1.7,6000,0
2016-03-18,02:50:00,1.7,1.7,1.7,1.7,7046,0
2016-03-18,02:55:00,1.7,1.71,1.7,1.71,56000,0
2016-03-18,03:00:00,1.71,1.71,1.7,1.71,159000,0
2016-03-18,03:05:00,1.71,1.71,1.69,1.69,157000,0
2016-03-18,03:10:00,1.69,1.7,1.69,1.7,26000,0
2016-03-18,03:15:00,1.7,1.71,1.69,1.7,65000,0
2016-03-18,03:20:00,1.7,1.71,1.7,1.71,33000,0
2016-03-18,03:25:00,1.71,1.71,1.7,1.7,20000,0
2016-03-18,03:30:00,1.7,1.71,1.69,1.69,115000,0
2016-03-18,03:35:00,1.69,1.7,1.69,1.7,23000,0
2016-03-18,03:40:00,1.7,1.7,1.69,1.7,32000,0
2016-03-18,03:45:00,1.7,1.7,1.69,1.69,15000,0
2016-03-18,03:50:00,1.69,1.7,1.69,1.7,23000,0
2016-03-18,03:55:00,1.7,1.7,1.69,1.7,15000,0
2016-03-18,04:00:00,1.7,1.7,1.69,1.7,14000,0
2016-03-18,04:05:00,1.7,1.7,1.69,1.69,23000,0
2016-03-18,04:10:00,1.69,1.7,1.69,1.69,15000,0
2016-03-18,04:15:00,1.69,1.7,1.69,1.7,23000,0
2016-03-18,04:20:00,1.7,1.7,1.69,1.69,17000,0
2016-03-18,04:25:00,1.69,1.7,1.69,1.7,15000,0
2016-03-18,04:30:00,1.7,1.7,1.69,1.7,14000,0
2016-03-18,04:35:00,1.7,1.7,1.69,1.7,14000,0
2016-03-18,04:40:00,1.7,1.7,1.69,1.69,123000,0
2016-03-18,04:45:00,1.69,1.7,1.69,1.7,46000,0
2016-03-18,04:50:00,1.7,1.7,1.69,1.69,21000,0
2016-03-18,04:55:00,1.69,1.7,1.69,1.69,25000,0
2016-03-18,05:00:00,1.69,1.7,1.69,1.69,12000,0
2016-03-18,06:05:00,1.69,1.7,1.69,1.69,123000,0
2016-03-18,06:10:00,1.69,1.7,1.69,1.69,11000,0
2016-03-18,06:15:00,1.69,1.7,1.69,1.7,73000,0
2016-03-18,06:20:00,1.7,1.7,1.69,1.69,17000,0
2016-03-18,06:25:00,1.69,1.7,1.69,1.7,19000,0
2016-03-18,06:30:00,1.7,1.7,1.69,1.69,17000,0
2016-03-18,06:35:00,1.69,1.7,1.69,1.7,16000,0
2016-03-18,06:40:00,1.7,1.7,1.69,1.7,21000,0
2016-03-18,06:45:00,1.7,1.7,1.69,1.69,16000,0
2016-03-18,06:50:00,1.69,1.7,1.69,1.69,13000,0
2016-03-18,06:55:00,1.69,1.7,1.69,1.7,9000,0
2016-03-18,07:00:00,1.7,1.7,1.69,1.7,518000,0
2016-03-18,07:05:00,1.7,1.7,1.69,1.7,20000,0
2016-03-18,07:10:00,1.7,1.7,1.69,1.69,17000,0
2016-03-18,07:15:00,1.69,1.7,1.69,1.7,20000,0
2016-03-18,07:20:00,1.7,1.7,1.69,1.69,51000,0
2016-03-18,07:25:00,1.69,1.7,1.69,1.7,57000,0
2016-03-18,07:30:00,1.7,1.7,1.69,1.7,133000,0
2016-03-18,07:35:00,1.7,1.7,1.69,1.7,223000,0
2016-03-18,07:40:00,1.7,1.7,1.69,1.7,20000,0
2016-03-18,07:45:00,1.7,1.7,1.69,1.7,22000,0
2016-03-18,07:50:00,1.7,1.7,1.69,1.7,17000,0
2016-03-18,07:55:00,1.7,1.7,1.69,1.7,22000,0
2016-03-18,08:00:00,1.7,1.7,1.69,1.69,17000,0
2016-03-18,08:05:00,1.69,1.7,1.69,1.7,234000,0
2016-03-18,08:10:00,1.7,1.7,1.69,1.7,20000,0
2016-03-18,08:15:00,1.7,1.7,1.69,1.69,199000,0
2016-03-18,08:20:00,1.69,1.69,1.69,1.69,15000,0
2016-03-18,08:25:00,1.69,1.69,1.68,1.69,14000,0
2016-03-18,08:30:00,1.69,1.69,1.67,1.69,6000,0
2016-03-18,08:35:00,1.69,1.69,1.69,1.69,7000,0
2016-03-18,08:40:00,1.67,1.69,1.67,1.69,9000,0
2016-03-18,08:45:00,1.69,1.69,1.69,1.69,7000,0
2016-03-18,08:50:00,1.69,1.69,1.69,1.69,6288,0
2016-03-18,08:55:00,1.69,1.69,1.69,1.69,50000,0
2016-03-18,09:00:00,1.69,1.7,1.67,1.69,1169000,0
2016-03-21,02:35:00,1.69,1.71,1.69,1.71,39000,0
2016-03-21,02:40:00,1.71,1.71,1.7,1.71,4000,0
2016-03-21,02:45:00,1.71,1.71,1.69,1.7,149000,0
2016-03-21,02:50:00,1.7,1.7,1.69,1.69,4000,0
2016-03-21,03:00:00,1.68,1.7,1.68,1.7,135000,0
2016-03-21,03:05:00,1.7,1.71,1.7,1.71,79000,0
2016-03-21,03:10:00,1.71,1.71,1.7,1.7,82000,0
2016-03-21,03:15:00,1.7,1.7,1.7,1.7,56000,0
2016-03-21,03:20:00,1.7,1.71,1.7,1.71,327000,0
2016-03-21,03:30:00,1.71,1.71,1.7,1.7,532000,0
2016-03-21,03:35:00,1.7,1.7,1.7,1.7,103000,0
2016-03-21,03:40:00,1.7,1.7,1.7,1.7,14000,0
2016-03-21,03:45:00,1.7,1.7,1.7,1.7,36000,0
2016-03-21,03:50:00,1.7,1.7,1.7,1.7,3000,0
2016-03-21,04:05:00,1.7,1.7,1.7,1.7,1000,0
2016-03-21,04:10:00,1.7,1.7,1.7,1.7,63000,0
2016-03-21,04:15:00,1.7,1.7,1.69,1.7,28000,0
2016-03-21,04:20:00,1.7,1.7,1.69,1.7,166000,0
2016-03-21,04:40:00,1.7,1.7,1.69,1.7,240000,0
2016-03-21,06:15:00,1.7,1.7,1.7,1.7,1000,0
2016-03-21,06:20:00,1.7,1.7,1.69,1.7,108000,0
2016-03-21,06:35:00,1.7,1.7,1.69,1.7,86000,0
2016-03-21,06:40:00,1.7,1.7,1.7,1.7,25000,0
2016-03-21,07:00:00,1.7,1.7,1.7,1.7,127000,0
2016-03-21,07:05:00,1.7,1.7,1.69,1.69,2000,0
2016-03-21,07:20:00,1.69,1.7,1.69,1.7,3000,0
2016-03-21,07:25:00,1.7,1.7,1.69,1.7,285000,0
2016-03-21,07:50:00,1.7,1.7,1.7,1.7,22000,0
2016-03-21,08:00:00,1.7,1.7,1.69,1.7,23000,0
2016-03-21,08:05:00,1.7,1.7,1.7,1.7,1000,0
2016-03-21,08:20:00,1.7,1.7,1.7,1.7,1000,0
2016-03-21,08:30:00,1.7,1.7,1.69,1.7,283000,0
2016-03-21,08:35:00,1.7,1.7,1.7,1.7,111000,0
2016-03-21,08:40:00,1.7,1.7,1.69,1.69,426000,0
2016-03-21,08:45:00,1.69,1.69,1.69,1.69,220000,0
2016-03-21,08:50:00,1.69,1.69,1.69,1.69,64000,0
2016-03-21,08:55:00,1.69,1.69,1.69,1.69,148000,0
2016-03-21,09:00:00,1.68,1.69,1.68,1.69,210000,0
2016-03-22,02:35:00,1.66,1.66,1.61,1.64,556000,0
2016-03-22,02:40:00,1.64,1.65,1.63,1.65,80000,0
2016-03-22,02:45:00,1.65,1.66,1.64,1.65,127000,0
2016-03-22,02:50:00,1.65,1.66,1.64,1.66,63000,0
2016-03-22,02:55:00,1.66,1.66,1.64,1.64,85000,0
2016-03-22,03:00:00,1.64,1.64,1.63,1.64,54000,0
2016-03-22,03:05:00,1.64,1.64,1.64,1.64,16000,0
2016-03-22,03:10:00,1.64,1.64,1.63,1.63,141000,0
2016-03-22,03:15:00,1.63,1.64,1.63,1.64,12000,0
2016-03-22,03:20:00,1.64,1.64,1.64,1.64,21000,0
2016-03-22,03:25:00,1.64,1.64,1.64,1.64,9000,0
2016-03-22,03:30:00,1.64,1.64,1.64,1.64,37000,0
2016-03-22,03:35:00,1.64,1.64,1.64,1.64,50000,0
2016-03-22,03:40:00,1.64,1.64,1.63,1.64,133000,0
2016-03-22,03:45:00,1.64,1.64,1.64,1.64,1000,0
2016-03-22,03:50:00,1.64,1.64,1.64,1.64,28000,0
2016-03-22,04:00:00,1.64,1.64,1.63,1.64,45000,0
2016-03-22,04:05:00,1.64,1.64,1.64,1.64,21000,0
2016-03-22,04:15:00,1.64,1.64,1.64,1.64,27000,0
2016-03-22,04:20:00,1.64,1.64,1.64,1.64,161000,0
2016-03-22,04:25:00,1.64,1.65,1.64,1.65,62000,0
2016-03-22,04:30:00,1.65,1.65,1.65,1.65,30000,0
2016-03-22,04:40:00,1.65,1.65,1.64,1.65,108000,0
2016-03-22,04:45:00,1.65,1.65,1.65,1.65,20000,0
2016-03-22,04:55:00,1.65,1.65,1.65,1.65,1000,0
2016-03-22,05:00:00,1.65,1.65,1.64,1.64,6000,0
2016-03-22,06:20:00,1.64,1.64,1.64,1.64,203000,0
2016-03-22,06:25:00,1.64,1.64,1.64,1.64,34000,0
2016-03-22,06:30:00,1.64,1.64,1.63,1.64,244000,0
2016-03-22,06:50:00,1.64,1.64,1.64,1.64,9000,0
2016-03-22,06:55:00,1.64,1.64,1.64,1.64,3000,0
2016-03-22,07:05:00,1.64,1.64,1.64,1.64,2000,0
2016-03-22,07:15:00,1.64,1.64,1.64,1.64,2000,0
2016-03-22,07:20:00,1.64,1.64,1.63,1.64,132000,0
2016-03-22,07:25:00,1.64,1.64,1.63,1.64,37000,0
2016-03-22,07:30:00,1.64,1.64,1.64,1.64,6000,0
2016-03-22,07:35:00,1.64,1.64,1.63,1.64,32000,0
2016-03-22,08:00:00,1.64,1.64,1.64,1.64,1000,0
2016-03-22,08:05:00,1.64,1.64,1.63,1.64,142000,0
2016-03-22,08:10:00,1.64,1.64,1.64,1.64,34000,0
2016-03-22,08:15:00,1.64,1.64,1.63,1.64,308000,0
2016-03-22,08:25:00,1.64,1.64,1.64,1.64,1000,0
2016-03-22,08:30:00,1.64,1.64,1.64,1.64,82000,0
2016-03-22,08:40:00,1.64,1.64,1.63,1.64,64000,0
2016-03-22,08:45:00,1.64,1.64,1.63,1.64,23000,0
2016-03-22,08:50:00,1.64,1.64,1.63,1.64,44000,0
2016-03-22,08:55:00,1.64,1.64,1.63,1.63,124000,0
2016-03-22,09:00:00,1.63,1.63,1.63,1.63,14000,0
2016-03-23,02:35:00,1.67,1.67,1.64,1.64,17000,0
2016-03-23,02:40:00,1.64,1.64,1.62,1.62,38000,0
2016-03-23,02:45:00,1.62,1.62,1.62,1.62,32000,0
2016-03-23,02:50:00,1.62,1.62,1.61,1.62,44000,0
2016-03-23,02:55:00,1.62,1.62,1.61,1.62,172000,0
2016-03-23,03:00:00,1.62,1.62,1.62,1.62,31000,0
2016-03-23,03:05:00,1.62,1.62,1.61,1.62,27000,0
2016-03-23,03:10:00,1.62,1.62,1.62,1.62,5000,0
2016-03-23,03:15:00,1.62,1.62,1.61,1.62,116000,0
2016-03-23,03:20:00,1.62,1.62,1.61,1.62,412000,0
2016-03-23,03:25:00,1.62,1.62,1.62,1.62,8000,0
2016-03-23,03:30:00,1.62,1.63,1.61,1.61,1448000,0
2016-03-23,03:35:00,1.61,1.62,1.61,1.62,37000,0
2016-03-23,03:40:00,1.62,1.62,1.61,1.61,36000,0
2016-03-23,03:45:00,1.61,1.61,1.6,1.6,104000,0
2016-03-23,03:50:00,1.6,1.61,1.6,1.61,171000,0
2016-03-23,03:55:00,1.61,1.61,1.58,1.58,452000,0
2016-03-23,04:00:00,1.58,1.59,1.54,1.57,1152000,0
2016-03-23,04:05:00,1.57,1.58,1.56,1.57,63000,0
2016-03-23,04:10:00,1.57,1.58,1.57,1.58,71000,0
2016-03-23,04:15:00,1.58,1.58,1.58,1.58,6000,0
2016-03-23,04:20:00,1.58,1.58,1.58,1.58,113000,0
2016-03-23,04:25:00,1.58,1.58,1.57,1.58,32000,0
2016-03-23,04:30:00,1.58,1.58,1.57,1.57,130000,0
2016-03-23,04:35:00,1.57,1.58,1.57,1.58,25000,0
2016-03-23,04:40:00,1.58,1.58,1.58,1.58,13000,0
2016-03-23,04:45:00,1.58,1.58,1.57,1.58,36000,0
2016-03-23,04:50:00,1.58,1.58,1.58,1.58,13000,0
2016-03-23,04:55:00,1.58,1.58,1.58,1.58,40000,0
2016-03-23,05:00:00,1.58,1.58,1.58,1.58,9000,0
2016-03-23,06:05:00,1.58,1.58,1.57,1.58,214000,0
2016-03-23,06:10:00,1.58,1.58,1.58,1.58,7000,0
2016-03-23,06:15:00,1.58,1.58,1.57,1.58,311000,0
2016-03-23,06:20:00,1.58,1.58,1.58,1.58,10000,0
2016-03-23,06:25:00,1.58,1.58,1.58,1.58,6000,0
2016-03-23,06:30:00,1.58,1.58,1.58,1.58,9000,0
2016-03-23,06:35:00,1.58,1.58,1.58,1.58,488000,0
2016-03-23,06:40:00,1.58,1.59,1.58,1.59,338000,0
2016-03-23,06:45:00,1.59,1.59,1.59,1.59,16000,0
2016-03-23,06:50:00,1.59,1.59,1.59,1.59,8000,0
2016-03-23,06:55:00,1.59,1.59,1.59,1.59,7000,0
2016-03-23,07:00:00,1.59,1.59,1.58,1.59,17000,0
2016-03-23,07:05:00,1.59,1.59,1.58,1.59,116000,0
2016-03-23,07:10:00,1.59,1.59,1.59,1.59,34000,0
2016-03-23,07:15:00,1.59,1.59,1.59,1.59,9000,0
2016-03-23,07:20:00,1.59,1.59,1.59,1.59,45000,0
2016-03-23,07:25:00,1.59,1.59,1.59,1.59,9000,0
2016-03-23,07:30:00,1.59,1.59,1.59,1.59,7000,0
2016-03-23,07:35:00,1.59,1.59,1.58,1.58,83000,0
2016-03-23,07:40:00,1.58,1.58,1.57,1.58,81000,0
2016-03-23,07:45:00,1.58,1.58,1.58,1.58,4000,0
2016-03-23,07:50:00,1.58,1.59,1.58,1.58,1130778,0
2016-03-23,07:55:00,1.58,1.59,1.58,1.59,5000,0
2016-03-23,08:00:00,1.59,1.59,1.59,1.59,5000,0
2016-03-23,08:05:00,1.59,1.59,1.59,1.59,8000,0
2016-03-23,08:10:00,1.59,1.59,1.59,1.59,7000,0
2016-03-23,08:15:00,1.59,1.59,1.58,1.58,389000,0
2016-03-23,08:20:00,1.58,1.59,1.57,1.59,122000,0
2016-03-23,08:25:00,1.59,1.59,1.58,1.59,11000,0
2016-03-23,08:30:00,1.59,1.59,1.59,1.59,7000,0
2016-03-23,08:35:00,1.59,1.59,1.59,1.59,6000,0
2016-03-23,08:40:00,1.59,1.59,1.58,1.58,25000,0
2016-03-23,08:45:00,1.58,1.59,1.58,1.59,692000,0
2016-03-23,08:50:00,1.59,1.59,1.59,1.59,60000,0
2016-03-23,08:55:00,1.59,1.59,1.59,1.59,13000,0
2016-03-23,09:00:00,1.59,1.59,1.59,1.59,28000,0
2016-03-24,02:50:00,1.58,1.59,1.57,1.57,80000,0
2016-03-24,02:55:00,1.57,1.57,1.56,1.56,2000,0
2016-03-24,03:00:00,1.56,1.56,1.53,1.54,80000,0
2016-03-24,03:05:00,1.54,1.54,1.54,1.54,46000,0
2016-03-24,03:10:00,1.53,1.56,1.53,1.56,244000,0
2016-03-24,03:15:00,1.56,1.58,1.55,1.58,75000,0
2016-03-24,03:25:00,1.57,1.58,1.57,1.58,49000,0
2016-03-24,03:30:00,1.58,1.58,1.58,1.58,1000,0
2016-03-24,03:40:00,1.58,1.59,1.56,1.58,288000,0
2016-03-24,03:45:00,1.58,1.58,1.57,1.58,265000,0
2016-03-24,03:55:00,1.58,1.58,1.57,1.58,130000,0
2016-03-24,04:00:00,1.58,1.58,1.56,1.58,302000,0
2016-03-24,04:05:00,1.58,1.59,1.57,1.57,220000,0
2016-03-24,04:10:00,1.57,1.57,1.57,1.57,116000,0
2016-03-24,04:15:00,1.57,1.59,1.57,1.59,140000,0
2016-03-24,04:20:00,1.59,1.59,1.59,1.59,4000,0
2016-03-24,04:25:00,1.59,1.59,1.58,1.59,70000,0
2016-03-24,04:45:00,1.59,1.6,1.59,1.6,218000,0
2016-03-24,04:50:00,1.6,1.61,1.58,1.6,299000,0
2016-03-24,04:55:00,1.6,1.61,1.6,1.61,46000,0
2016-03-24,06:10:00,1.61,1.61,1.6,1.61,18000,0
2016-03-24,06:20:00,1.61,1.61,1.6,1.61,87000,0
2016-03-24,06:35:00,1.61,1.61,1.6,1.61,197000,0
2016-03-24,07:05:00,1.61,1.61,1.61,1.61,15000,0
2016-03-24,07:15:00,1.61,1.61,1.59,1.59,327000,0
2016-03-24,07:25:00,1.59,1.6,1.59,1.6,97000,0
2016-03-24,07:40:00,1.6,1.6,1.57,1.58,33000,0
2016-03-24,07:50:00,1.58,1.59,1.58,1.59,157000,0
2016-03-24,08:00:00,1.59,1.59,1.58,1.59,39000,0
2016-03-24,08:05:00,1.58,1.58,1.58,1.58,11000,0
2016-03-24,08:10:00,1.58,1.58,1.58,1.58,2000,0
2016-03-24,08:25:00,1.58,1.58,1.58,1.58,3000,0
2016-03-24,08:35:00,1.58,1.58,1.57,1.58,551000,0
2016-03-24,08:45:00,1.58,1.59,1.58,1.59,184000,0
2016-03-24,09:00:00,1.59,1.59,1.59,1.59,4000,0
2016-03-29,04:00:00,1.61,1.61,1.56,1.56,928000,0
2016-03-29,04:05:00,1.56,1.57,1.56,1.57,33000,0
2016-03-29,04:10:00,1.57,1.57,1.56,1.57,135000,0
2016-03-29,04:15:00,1.57,1.58,1.57,1.58,33000,0
2016-03-29,04:20:00,1.58,1.58,1.57,1.58,99000,0
2016-03-29,04:25:00,1.58,1.58,1.57,1.58,202000,0
2016-03-29,04:30:00,1.58,1.58,1.57,1.57,105000,0
2016-03-29,04:35:00,1.57,1.57,1.56,1.57,88000,0
2016-03-29,04:40:00,1.57,1.57,1.56,1.57,48000,0
2016-03-29,04:45:00,1.57,1.57,1.56,1.56,80000,0
2016-03-29,04:50:00,1.56,1.57,1.56,1.57,363000,0
2016-03-29,04:55:00,1.57,1.58,1.56,1.58,227000,0
2016-03-29,05:00:00,1.58,1.58,1.57,1.57,32000,0
2016-03-29,05:05:00,1.57,1.58,1.57,1.57,39000,0
2016-03-29,05:10:00,1.57,1.57,1.57,1.57,30000,0
2016-03-29,05:15:00,1.57,1.58,1.57,1.58,55000,0
2016-03-29,05:20:00,1.58,1.58,1.57,1.58,54000,0
2016-03-29,05:25:00,1.58,1.58,1.57,1.57,23000,0
2016-03-29,05:30:00,1.57,1.57,1.57,1.57,10000,0
2016-03-29,05:35:00,1.57,1.58,1.57,1.58,9000,0
2016-03-29,05:40:00,1.58,1.58,1.58,1.58,8000,0
2016-03-29,05:45:00,1.58,1.58,1.58,1.58,6000,0
2016-03-29,07:05:00,1.58,1.58,1.56,1.56,33000,0
2016-03-29,07:10:00,1.56,1.58,1.56,1.57,1023000,0
2016-03-29,07:15:00,1.57,1.58,1.57,1.58,50000,0
2016-03-29,07:20:00,1.58,1.58,1.57,1.57,56000,0
2016-03-29,07:25:00,1.57,1.58,1.57,1.58,31000,0
2016-03-29,07:30:00,1.58,1.58,1.57,1.57,32000,0
2016-03-29,07:35:00,1.57,1.58,1.57,1.57,76000,0
2016-03-29,07:40:00,1.57,1.58,1.57,1.57,47000,0
2016-03-29,07:45:00,1.57,1.58,1.57,1.57,60000,0
2016-03-29,07:50:00,1.57,1.58,1.57,1.57,46000,0
2016-03-29,07:55:00,1.57,1.58,1.57,1.57,25000,0
2016-03-29,08:00:00,1.57,1.58,1.57,1.57,22000,0
2016-03-29,08:05:00,1.57,1.58,1.57,1.58,18000,0
2016-03-29,08:10:00,1.58,1.58,1.57,1.57,60000,0
2016-03-29,08:20:00,1.57,1.58,1.57,1.57,4000,0
2016-03-29,08:25:00,1.57,1.58,1.57,1.58,744000,0
2016-03-29,08:30:00,1.58,1.58,1.57,1.57,23000,0
2016-03-29,08:35:00,1.57,1.57,1.54,1.56,1048000,0
2016-03-29,08:50:00,1.53,1.54,1.53,1.54,145000,0
2016-03-29,08:55:00,1.54,1.55,1.54,1.54,50000,0
2016-03-29,09:00:00,1.54,1.55,1.53,1.54,81000,0
2016-03-29,09:05:00,1.52,1.53,1.52,1.53,77000,0
2016-03-29,09:10:00,1.53,1.53,1.53,1.53,154000,0
2016-03-29,09:15:00,1.53,1.53,1.53,1.53,18000,0
2016-03-29,09:20:00,1.53,1.53,1.52,1.53,117000,0
2016-03-29,09:30:00,1.52,1.53,1.52,1.53,71000,0
2016-03-29,09:35:00,1.53,1.54,1.53,1.54,259000,0
2016-03-29,09:40:00,1.54,1.54,1.53,1.53,60000,0
2016-03-29,09:45:00,1.53,1.54,1.53,1.53,55000,0
2016-03-29,09:50:00,1.53,1.55,1.53,1.55,164000,0
2016-03-29,09:55:00,1.55,1.55,1.53,1.54,244000,0
2016-03-29,10:00:00,1.54,1.55,1.53,1.53,139000,0
2016-03-30,03:35:00,1.61,1.61,1.53,1.56,15000,0
2016-03-30,03:45:00,1.56,1.56,1.56,1.56,8000,0
2016-03-30,03:55:00,1.56,1.56,1.54,1.54,2000,0
2016-03-30,04:05:00,1.54,1.55,1.54,1.55,53000,0
2016-03-30,04:15:00,1.55,1.56,1.55,1.56,101000,0
2016-03-30,04:30:00,1.56,1.56,1.56,1.56,90000,0
2016-03-30,04:35:00,1.56,1.56,1.54,1.55,108000,0
2016-03-30,04:40:00,1.55,1.55,1.54,1.55,266000,0
2016-03-30,04:45:00,1.55,1.55,1.55,1.55,1000,0
2016-03-30,04:50:00,1.55,1.55,1.54,1.55,141000,0
2016-03-30,04:55:00,1.55,1.55,1.53,1.54,176000,0
2016-03-30,05:15:00,1.53,1.54,1.53,1.54,127000,0
2016-03-30,05:20:00,1.54,1.54,1.54,1.54,50000,0
2016-03-30,05:25:00,1.54,1.55,1.54,1.55,425000,0
2016-03-30,05:35:00,1.55,1.55,1.54,1.54,40000,0
2016-03-30,05:40:00,1.54,1.55,1.54,1.55,100000,0
2016-03-30,05:45:00,1.55,1.55,1.55,1.55,76000,0
2016-03-30,06:00:00,1.55,1.55,1.54,1.55,36000,0
2016-03-30,07:05:00,1.55,1.55,1.54,1.54,368000,0
2016-03-30,07:20:00,1.54,1.54,1.54,1.54,138000,0
2016-03-30,07:35:00,1.54,1.54,1.54,1.54,3000,0
2016-03-30,07:40:00,1.54,1.54,1.53,1.54,410000,0
2016-03-30,07:45:00,1.54,1.54,1.54,1.54,155000,0
2016-03-30,07:50:00,1.54,1.54,1.54,1.54,364000,0
2016-03-30,07:55:00,1.54,1.55,1.54,1.55,390000,0
2016-03-30,08:00:00,1.55,1.55,1.54,1.55,65000,0
2016-03-30,08:05:00,1.55,1.55,1.55,1.55,2000,0
2016-03-30,08:10:00,1.55,1.55,1.55,1.55,4000,0
2016-03-30,08:15:00,1.55,1.55,1.55,1.55,28000,0
2016-03-30,08:20:00,1.55,1.57,1.55,1.56,487000,0
2016-03-30,08:25:00,1.56,1.56,1.56,1.56,35000,0
2016-03-30,08:30:00,1.56,1.58,1.56,1.58,222000,0
2016-03-30,08:35:00,1.58,1.58,1.57,1.57,17000,0
2016-03-30,08:40:00,1.57,1.58,1.57,1.58,75000,0
2016-03-30,08:45:00,1.58,1.59,1.58,1.59,112000,0
2016-03-30,08:50:00,1.59,1.59,1.59,1.59,14000,0
2016-03-30,08:55:00,1.59,1.6,1.59,1.6,189000,0
2016-03-30,09:00:00,1.6,1.6,1.6,1.6,24000,0
2016-03-30,09:05:00,1.6,1.6,1.57,1.59,125000,0
2016-03-30,09:15:00,1.59,1.59,1.59,1.59,23000,0
2016-03-30,09:25:00,1.59,1.59,1.58,1.58,41000,0
2016-03-30,09:30:00,1.58,1.59,1.58,1.59,41000,0
2016-03-30,09:35:00,1.59,1.6,1.59,1.6,244000,0
2016-03-30,09:40:00,1.6,1.6,1.6,1.6,70000,0
2016-03-30,09:45:00,1.6,1.6,1.6,1.6,19000,0
2016-03-30,09:50:00,1.6,1.6,1.6,1.6,17000,0
2016-03-30,09:55:00,1.6,1.6,1.59,1.59,72000,0
2016-03-30,10:00:00,1.59,1.6,1.59,1.6,175000,0
2016-03-31,03:35:00,1.6,1.62,1.6,1.62,10000,0
2016-03-31,03:40:00,1.62,1.62,1.59,1.59,155000,0
2016-03-31,03:45:00,1.59,1.59,1.57,1.57,73000,0
2016-03-31,03:50:00,1.56,1.58,1.56,1.58,3000,0
2016-03-31,03:55:00,1.57,1.59,1.56,1.59,550000,0
2016-03-31,04:05:00,1.59,1.59,1.59,1.59,3000,0
2016-03-31,04:10:00,1.59,1.59,1.59,1.59,5000,0
2016-03-31,04:15:00,1.59,1.59,1.59,1.59,4000,0
2016-03-31,04:20:00,1.59,1.59,1.59,1.59,11000,0
2016-03-31,04:25:00,1.59,1.59,1.59,1.59,14000,0
2016-03-31,04:30:00,1.59,1.59,1.59,1.59,30000,0
2016-03-31,04:35:00,1.59,1.59,1.59,1.59,78000,0
2016-03-31,04:40:00,1.59,1.59,1.59,1.59,25000,0
2016-03-31,04:45:00,1.59,1.59,1.59,1.59,24000,0
2016-03-31,04:50:00,1.59,1.59,1.59,1.59,44000,0
2016-03-31,04:55:00,1.59,1.59,1.59,1.59,56000,0
2016-03-31,05:00:00,1.59,1.6,1.59,1.6,84000,0
2016-03-31,05:05:00,1.6,1.6,1.6,1.6,139000,0
2016-03-31,05:10:00,1.6,1.6,1.59,1.6,44000,0
2016-03-31,05:15:00,1.6,1.6,1.6,1.6,2000,0
2016-03-31,05:20:00,1.6,1.6,1.6,1.6,62000,0
2016-03-31,05:25:00,1.6,1.6,1.6,1.6,4000,0
2016-03-31,05:30:00,1.6,1.6,1.6,1.6,10000,0
2016-03-31,05:35:00,1.6,1.6,1.6,1.6,20000,0
2016-03-31,05:40:00,1.6,1.6,1.6,1.6,84000,0
2016-03-31,05:45:00,1.6,1.6,1.6,1.6,4000,0
2016-03-31,05:50:00,1.6,1.63,1.6,1.63,324000,0
2016-03-31,05:55:00,1.63,1.63,1.63,1.63,22000,0
2016-03-31,07:05:00,1.63,1.63,1.62,1.63,16000,0
2016-03-31,07:10:00,1.63,1.64,1.63,1.64,173000,0
2016-03-31,07:15:00,1.64,1.64,1.64,1.64,73000,0
2016-03-31,07:20:00,1.64,1.65,1.64,1.64,527000,0
2016-03-31,07:25:00,1.64,1.64,1.64,1.64,2000,0
2016-03-31,07:30:00,1.64,1.66,1.64,1.66,272000,0
2016-03-31,07:35:00,1.66,1.67,1.66,1.66,160000,0
2016-03-31,07:40:00,1.66,1.66,1.66,1.66,304000,0
2016-03-31,07:45:00,1.66,1.66,1.65,1.65,61000,0
2016-03-31,07:50:00,1.65,1.66,1.65,1.66,4000,0
2016-03-31,07:55:00,1.66,1.66,1.65,1.65,278000,0
2016-03-31,08:00:00,1.65,1.66,1.65,1.66,6000,0
2016-03-31,08:05:00,1.66,1.66,1.66,1.66,302000,0
2016-03-31,08:10:00,1.66,1.66,1.66,1.66,4000,0
2016-03-31,08:15:00,1.66,1.67,1.66,1.67,50000,0
2016-03-31,08:20:00,1.67,1.67,1.65,1.66,131000,0
2016-03-31,08:25:00,1.66,1.67,1.66,1.67,443000,0
2016-03-31,08:30:00,1.67,1.68,1.67,1.68,87000,0
2016-03-31,08:35:00,1.68,1.68,1.66,1.66,210000,0
2016-03-31,08:40:00,1.66,1.67,1.66,1.67,105000,0
2016-03-31,08:45:00,1.67,1.67,1.65,1.66,320000,0
2016-03-31,08:50:00,1.66,1.68,1.66,1.68,166000,0
2016-03-31,08:55:00,1.68,1.68,1.67,1.68,73000,0
2016-03-31,09:00:00,1.68,1.68,1.68,1.68,6000,0
2016-03-31,09:05:00,1.68,1.68,1.67,1.68,105000,0
2016-03-31,09:10:00,1.68,1.68,1.68,1.68,61000,0
2016-03-31,09:15:00,1.68,1.68,1.68,1.68,21000,0
2016-03-31,09:20:00,1.68,1.7,1.68,1.7,1023000,0
2016-03-31,09:25:00,1.7,1.7,1.69,1.7,1105000,0
2016-03-31,09:30:00,1.7,1.71,1.7,1.7,165000,0
2016-03-31,09:35:00,1.7,1.7,1.7,1.7,2000,0
2016-03-31,09:40:00,1.7,1.72,1.7,1.71,2201000,0
2016-03-31,09:45:00,1.71,1.74,1.71,1.73,5972000,0
2016-03-31,09:50:00,1.73,1.73,1.71,1.71,3640000,0
2016-03-31,09:55:00,1.71,1.73,1.7,1.71,3183000,0
2016-03-31,10:00:00,1.71,1.72,1.68,1.7,1401000,0
2016-04-01,03:35:00,1.7,1.7,1.7,1.7,10000,0
2016-04-01,03:45:00,1.69,1.69,1.69,1.69,1064000,0
2016-04-01,03:55:00,1.69,1.71,1.69,1.7,455000,0
2016-04-01,04:00:00,1.7,1.7,1.7,1.7,451000,0
2016-04-01,04:05:00,1.7,1.7,1.7,1.7,18000,0
2016-04-01,04:10:00,1.7,1.7,1.69,1.69,6000,0
2016-04-01,04:15:00,1.69,1.69,1.68,1.68,452000,0
2016-04-01,04:20:00,1.68,1.68,1.68,1.68,200000,0
2016-04-01,04:30:00,1.68,1.68,1.68,1.68,56000,0
2016-04-01,04:40:00,1.68,1.68,1.68,1.68,20000,0
2016-04-01,04:50:00,1.68,1.68,1.67,1.67,51000,0
2016-04-01,04:55:00,1.67,1.68,1.67,1.68,201000,0
2016-04-01,05:00:00,1.68,1.68,1.68,1.68,107000,0
2016-04-01,05:05:00,1.68,1.68,1.67,1.67,90000,0
2016-04-01,05:10:00,1.67,1.67,1.67,1.67,16000,0
2016-04-01,05:15:00,1.67,1.67,1.67,1.67,53000,0
2016-04-01,05:20:00,1.67,1.67,1.67,1.67,10000,0
2016-04-01,05:25:00,1.67,1.67,1.67,1.67,114000,0
2016-04-01,05:30:00,1.67,1.67,1.67,1.67,18000,0
2016-04-01,05:35:00,1.67,1.67,1.67,1.67,7000,0
2016-04-01,05:50:00,1.67,1.68,1.67,1.68,267000,0
2016-04-01,05:55:00,1.68,1.68,1.68,1.68,125000,0
2016-04-01,07:05:00,1.68,1.68,1.68,1.68,29000,0
2016-04-01,07:10:00,1.68,1.68,1.68,1.68,38000,0
2016-04-01,07:15:00,1.68,1.68,1.67,1.67,500000,0
2016-04-01,07:20:00,1.67,1.67,1.66,1.66,688000,0
2016-04-01,07:25:00,1.65,1.66,1.65,1.66,57000,0
2016-04-01,07:30:00,1.66,1.66,1.66,1.66,203000,0
2016-04-01,07:35:00,1.66,1.66,1.66,1.66,112000,0
2016-04-01,07:40:00,1.66,1.67,1.66,1.67,241000,0
2016-04-01,07:45:00,1.67,1.67,1.67,1.67,28000,0
2016-04-01,07:50:00,1.67,1.67,1.67,1.67,1000,0
2016-04-01,07:55:00,1.67,1.67,1.67,1.67,48000,0
2016-04-01,08:00:00,1.67,1.67,1.67,1.67,156000,0
2016-04-01,08:05:00,1.67,1.67,1.67,1.67,21000,0
2016-04-01,08:10:00,1.67,1.68,1.67,1.68,182000,0
2016-04-01,08:15:00,1.68,1.68,1.68,1.68,10000,0
2016-04-01,08:35:00,1.68,1.68,1.67,1.67,220000,0
2016-04-01,08:40:00,1.67,1.67,1.67,1.67,27000,0
2016-04-01,08:45:00,1.67,1.67,1.67,1.67,28000,0
2016-04-01,08:55:00,1.67,1.67,1.67,1.67,93000,0
2016-04-01,09:00:00,1.67,1.67,1.67,1.67,57000,0
2016-04-01,09:05:00,1.67,1.67,1.67,1.67,24000,0
2016-04-01,09:10:00,1.67,1.67,1.67,1.67,117000,0
2016-04-01,09:15:00,1.67,1.67,1.67,1.67,24000,0
2016-04-01,09:25:00,1.67,1.67,1.66,1.66,323000,0
2016-04-01,09:30:00,1.66,1.66,1.66,1.66,102000,0
2016-04-01,09:35:00,1.66,1.66,1.66,1.66,17000,0
2016-04-01,09:40:00,1.66,1.67,1.66,1.67,25000,0
2016-04-01,09:50:00,1.67,1.67,1.67,1.67,33000,0
2016-04-01,09:55:00,1.67,1.68,1.67,1.68,555000,0
2016-04-01,10:00:00,1.68,1.68,1.67,1.68,501000,0
2016-04-05,03:40:00,1.68,1.68,1.68,1.68,7000,0
2016-04-05,03:55:00,1.68,1.68,1.66,1.67,19000,0
2016-04-05,04:00:00,1.67,1.67,1.67,1.67,2000,0
2016-04-05,04:50:00,1.66,1.67,1.66,1.67,509000,0
2016-04-05,05:25:00,1.66,1.67,1.66,1.67,39000,0
2016-04-05,05:50:00,1.66,1.67,1.66,1.67,326000,0
2016-04-05,06:00:00,1.67,1.68,1.67,1.68,10000,0
2016-04-05,07:05:00,1.68,1.68,1.68,1.68,75000,0
2016-04-05,07:10:00,1.68,1.68,1.68,1.68,65000,0
2016-04-05,07:25:00,1.68,1.68,1.67,1.67,4000,0
2016-04-05,07:35:00,1.67,1.67,1.67,1.67,1000,0
2016-04-05,07:55:00,1.67,1.67,1.67,1.67,63000,0
2016-04-05,08:25:00,1.67,1.68,1.67,1.68,4000,0
2016-04-05,08:30:00,1.68,1.68,1.68,1.68,102000,0
2016-04-05,08:35:00,1.68,1.68,1.68,1.68,100000,0
2016-04-05,08:45:00,1.68,1.68,1.67,1.67,271000,0
2016-04-05,09:10:00,1.67,1.67,1.67,1.67,5000,0
2016-04-05,09:15:00,1.67,1.67,1.67,1.67,6000,0
2016-04-05,09:20:00,1.67,1.67,1.67,1.67,5000,0
2016-04-05,09:30:00,1.67,1.67,1.67,1.67,14000,0
2016-04-05,09:35:00,1.67,1.68,1.67,1.68,145000,0
2016-04-05,09:40:00,1.68,1.68,1.68,1.68,200000,0
2016-04-05,09:45:00,1.68,1.68,1.68,1.68,100000,0
2016-04-05,09:50:00,1.68,1.68,1.68,1.68,1000000,0
2016-04-05,09:55:00,1.68,1.68,1.68,1.68,393000,0
2016-04-05,10:00:00,1.68,1.68,1.68,1.68,198000,0
2016-04-06,03:50:00,1.67,1.7,1.67,1.69,533000,0
2016-04-06,03:55:00,1.69,1.69,1.69,1.69,55000,0
2016-04-06,04:05:00,1.69,1.69,1.69,1.69,3000,0
2016-04-06,04:15:00,1.69,1.69,1.69,1.69,2000,0
2016-04-06,04:20:00,1.69,1.69,1.68,1.68,35000,0
2016-04-06,04:45:00,1.68,1.69,1.68,1.69,175000,0
2016-04-06,04:55:00,1.68,1.68,1.68,1.68,10000,0
2016-04-06,05:05:00,1.68,1.68,1.67,1.68,140000,0
2016-04-06,05:10:00,1.68,1.68,1.68,1.68,7000,0
2016-04-06,07:10:00,1.66,1.67,1.66,1.67,97000,0
2016-04-06,07:15:00,1.67,1.67,1.67,1.67,40000,0
2016-04-06,07:25:00,1.67,1.67,1.67,1.67,4000,0
2016-04-06,07:30:00,1.67,1.67,1.67,1.67,43000,0
2016-04-06,07:45:00,1.67,1.67,1.67,1.67,5000,0
2016-04-06,08:00:00,1.66,1.68,1.66,1.67,146000,0
2016-04-06,08:05:00,1.67,1.69,1.67,1.68,393000,0
2016-04-06,08:15:00,1.68,1.68,1.68,1.68,3000,0
2016-04-06,08:20:00,1.68,1.68,1.68,1.68,3000,0
2016-04-06,08:25:00,1.68,1.68,1.68,1.68,9000,0
2016-04-06,08:30:00,1.68,1.68,1.68,1.68,3000,0
2016-04-06,08:35:00,1.68,1.68,1.68,1.68,3000,0
2016-04-06,08:45:00,1.68,1.68,1.67,1.68,28000,0
2016-04-06,08:50:00,1.68,1.68,1.67,1.67,118000,0
2016-04-06,08:55:00,1.67,1.67,1.67,1.67,64000,0
2016-04-06,09:05:00,1.67,1.67,1.67,1.67,60000,0
2016-04-06,09:15:00,1.67,1.68,1.67,1.68,2000,0
2016-04-06,09:20:00,1.68,1.68,1.68,1.68,3000,0
2016-04-06,09:25:00,1.68,1.68,1.68,1.68,3000,0
2016-04-06,09:45:00,1.68,1.68,1.68,1.68,3000,0
2016-04-06,10:00:00,1.68,1.68,1.68,1.68,29000,0
2016-04-07,03:35:00,1.67,1.68,1.67,1.67,3000,0
2016-04-07,03:50:00,1.65,1.65,1.63,1.65,23000,0
2016-04-07,03:55:00,1.65,1.65,1.65,1.65,1000,0
2016-04-07,04:00:00,1.65,1.65,1.65,1.65,144000,0
2016-04-07,04:05:00,1.65,1.65,1.65,1.65,22000,0
2016-04-07,04:10:00,1.65,1.65,1.65,1.65,20000,0
2016-04-07,04:15:00,1.65,1.65,1.65,1.65,2000,0
2016-04-07,04:20:00,1.65,1.65,1.65,1.65,3000,0
2016-04-07,04:25:00,1.65,1.65,1.65,1.65,107000,0
2016-04-07,04:30:00,1.65,1.65,1.65,1.65,24000,0
2016-04-07,04:35:00,1.65,1.65,1.65,1.65,6000,0
2016-04-07,04:40:00,1.65,1.66,1.65,1.66,130000,0
2016-04-07,04:55:00,1.66,1.66,1.66,1.66,2000,0
2016-04-07,05:00:00,1.66,1.66,1.66,1.66,1000,0
2016-04-07,05:05:00,1.66,1.66,1.66,1.66,1000,0
2016-04-07,05:20:00,1.66,1.66,1.66,1.66,2000,0
2016-04-07,05:35:00,1.66,1.66,1.65,1.65,21000,0
2016-04-07,05:40:00,1.61,1.62,1.61,1.62,25000,0
2016-04-07,05:45:00,1.62,1.62,1.62,1.62,83000,0
2016-04-07,05:50:00,1.62,1.63,1.62,1.63,187000,0
2016-04-07,05:55:00,1.63,1.64,1.63,1.64,146000,0
2016-04-07,06:00:00,1.64,1.65,1.64,1.65,70000,0
2016-04-07,07:05:00,1.65,1.65,1.65,1.65,35000,0
2016-04-07,07:10:00,1.65,1.65,1.65,1.65,15000,0
2016-04-07,07:15:00,1.65,1.65,1.64,1.64,3000,0
2016-04-07,07:25:00,1.64,1.64,1.64,1.64,1000,0
2016-04-07,07:40:00,1.64,1.64,1.64,1.64,50000,0
2016-04-07,07:45:00,1.64,1.64,1.64,1.64,16000,0
2016-04-07,07:50:00,1.64,1.64,1.64,1.64,1000,0
2016-04-07,07:55:00,1.64,1.64,1.63,1.63,16000,0
2016-04-07,08:00:00,1.63,1.64,1.63,1.64,5000,0
2016-04-07,08:05:00,1.64,1.64,1.64,1.64,1000,0
2016-04-07,08:15:00,1.64,1.64,1.63,1.63,9000,0
2016-04-07,08:20:00,1.63,1.64,1.63,1.64,3000,0
2016-04-07,08:25:00,1.64,1.64,1.64,1.64,1000,0
2016-04-07,08:30:00,1.64,1.64,1.64,1.64,1000,0
2016-04-07,08:35:00,1.64,1.64,1.64,1.64,17000,0
2016-04-07,08:45:00,1.64,1.64,1.63,1.63,2000,0
2016-04-07,08:50:00,1.63,1.64,1.63,1.64,2000,0
2016-04-07,09:00:00,1.64,1.64,1.64,1.64,1000,0
2016-04-07,09:05:00,1.64,1.64,1.64,1.64,1000,0
2016-04-07,09:10:00,1.64,1.64,1.63,1.63,89000,0
2016-04-07,09:15:00,1.63,1.63,1.63,1.63,14000,0
2016-04-07,09:30:00,1.63,1.63,1.63,1.63,20000,0
2016-04-07,09:40:00,1.63,1.65,1.63,1.65,600000,0
2016-04-07,09:45:00,1.65,1.65,1.65,1.65,17000,0
2016-04-07,09:50:00,1.65,1.65,1.64,1.64,51000,0
2016-04-07,09:55:00,1.64,1.65,1.64,1.65,58000,0
2016-04-07,10:00:00,1.65,1.65,1.63,1.65,86000,0
2016-04-08,03:35:00,1.66,1.67,1.65,1.65,342000,0
2016-04-08,03:40:00,1.65,1.65,1.65,1.65,1000,0
2016-04-08,03:45:00,1.65,1.65,1.65,1.65,5000,0
2016-04-08,03:50:00,1.65,1.65,1.65,1.65,9000,0
2016-04-08,03:55:00,1.65,1.65,1.65,1.65,8000,0
2016-04-08,04:00:00,1.65,1.65,1.65,1.65,14000,0
2016-04-08,04:05:00,1.65,1.65,1.65,1.65,7000,0
2016-04-08,04:10:00,1.65,1.65,1.65,1.65,9000,0
2016-04-08,04:15:00,1.65,1.65,1.64,1.64,34000,0
2016-04-08,04:20:00,1.64,1.64,1.62,1.62,59000,0
2016-04-08,04:25:00,1.62,1.62,1.62,1.62,5000,0
2016-04-08,04:30:00,1.62,1.62,1.62,1.62,1000,0
2016-04-08,04:35:00,1.62,1.62,1.62,1.62,6000,0
2016-04-08,04:40:00,1.62,1.62,1.62,1.62,57000,0
2016-04-08,04:45:00,1.62,1.62,1.62,1.62,10000,0
2016-04-08,04:50:00,1.62,1.62,1.62,1.62,67000,0
2016-04-08,04:55:00,1.62,1.62,1.62,1.62,13000,0
2016-04-08,05:00:00,1.61,1.62,1.61,1.62,6000,0
2016-04-08,05:05:00,1.62,1.62,1.62,1.62,301000,0
2016-04-08,05:10:00,1.62,1.62,1.61,1.62,177000,0
2016-04-08,05:15:00,1.61,1.62,1.61,1.62,7000,0
2016-04-08,05:20:00,1.62,1.62,1.62,1.62,1000,0
2016-04-08,05:25:00,1.62,1.63,1.62,1.63,211000,0
2016-04-08,05:30:00,1.63,1.63,1.63,1.63,15000,0
2016-04-08,05:35:00,1.63,1.63,1.62,1.62,95000,0
2016-04-08,05:50:00,1.62,1.63,1.62,1.63,4000,0
2016-04-08,05:55:00,1.63,1.63,1.62,1.62,42000,0
2016-04-08,06:00:00,1.62,1.62,1.62,1.62,50000,0
2016-04-08,07:10:00,1.62,1.62,1.62,1.62,3000,0
2016-04-08,07:15:00,1.62,1.62,1.62,1.62,5000,0
2016-04-08,07:20:00,1.62,1.62,1.62,1.62,10000,0
2016-04-08,07:25:00,1.62,1.62,1.62,1.62,13000,0
2016-04-08,07:30:00,1.62,1.62,1.62,1.62,3000,0
2016-04-08,07:35:00,1.62,1.62,1.62,1.62,30000,0
2016-04-08,07:40:00,1.62,1.62,1.62,1.62,4000,0
2016-04-08,07:45:00,1.62,1.62,1.62,1.62,5000,0
2016-04-08,07:50:00,1.62,1.62,1.62,1.62,11000,0
2016-04-08,07:55:00,1.62,1.62,1.62,1.62,9000,0
2016-04-08,08:00:00,1.62,1.62,1.62,1.62,7000,0
2016-04-08,08:05:00,1.62,1.62,1.62,1.62,7000,0
2016-04-08,08:10:00,1.62,1.62,1.62,1.62,7000,0
2016-04-08,08:15:00,1.62,1.62,1.62,1.62,10000,0
2016-04-08,08:20:00,1.62,1.62,1.62,1.62,9000,0
2016-04-08,08:25:00,1.62,1.62,1.62,1.62,12000,0
2016-04-08,08:30:00,1.62,1.62,1.62,1.62,25000,0
2016-04-08,08:35:00,1.62,1.62,1.62,1.62,1000,0
2016-04-08,08:40:00,1.62,1.62,1.62,1.62,1000,0
2016-04-08,08:45:00,1.62,1.62,1.62,1.62,51000,0
2016-04-08,08:50:00,1.62,1.62,1.62,1.62,1000,0
2016-04-08,09:00:00,1.62,1.62,1.62,1.62,53000,0
2016-04-08,09:10:00,1.62,1.62,1.62,1.62,4000,0
2016-04-08,09:20:00,1.62,1.62,1.62,1.62,3000,0
2016-04-08,09:25:00,1.62,1.62,1.62,1.62,65000,0
2016-04-08,09:30:00,1.62,1.62,1.62,1.62,15000,0
2016-04-08,09:35:00,1.62,1.62,1.62,1.62,31000,0
2016-04-08,09:40:00,1.62,1.62,1.62,1.62,1000,0
2016-04-08,09:45:00,1.62,1.62,1.62,1.62,1000,0
2016-04-08,09:50:00,1.62,1.62,1.61,1.62,96000,0
2016-04-08,09:55:00,1.62,1.62,1.61,1.62,9000,0
2016-04-08,10:00:00,1.62,1.62,1.62,1.62,69000,0
2016-04-11,03:40:00,1.64,1.66,1.63,1.65,73000,0
2016-04-11,03:50:00,1.64,1.64,1.64,1.64,2000,0
2016-04-11,03:55:00,1.64,1.64,1.64,1.64,2000,0
2016-04-11,04:00:00,1.64,1.64,1.63,1.63,18000,0
2016-04-11,04:05:00,1.63,1.64,1.63,1.63,175000,0
2016-04-11,04:20:00,1.63,1.63,1.63,1.63,21000,0
2016-04-11,04:25:00,1.63,1.63,1.63,1.63,15000,0
2016-04-11,04:30:00,1.63,1.63,1.63,1.63,1000,0
2016-04-11,04:35:00,1.63,1.63,1.63,1.63,73000,0
2016-04-11,04:40:00,1.63,1.63,1.63,1.63,1000,0
2016-04-11,04:45:00,1.63,1.63,1.63,1.63,33000,0
2016-04-11,04:50:00,1.63,1.63,1.63,1.63,48000,0
2016-04-11,04:55:00,1.63,1.63,1.63,1.63,21000,0
2016-04-11,05:00:00,1.63,1.64,1.63,1.64,20000,0
2016-04-11,05:05:00,1.64,1.65,1.64,1.65,50000,0
2016-04-11,05:10:00,1.65,1.65,1.64,1.64,114000,0
2016-04-11,05:20:00,1.64,1.64,1.63,1.63,75000,0
2016-04-11,05:30:00,1.63,1.63,1.63,1.63,31000,0
2016-04-11,05:35:00,1.63,1.63,1.63,1.63,1000,0
2016-04-11,05:40:00,1.63,1.63,1.62,1.62,200000,0
2016-04-11,06:00:00,1.61,1.62,1.61,1.62,2000,0
2016-04-11,07:05:00,1.62,1.62,1.62,1.62,2000,0
2016-04-11,07:10:00,1.62,1.62,1.62,1.62,30000,0
2016-04-11,07:15:00,1.62,1.62,1.62,1.62,1000,0
2016-04-11,07:20:00,1.62,1.62,1.62,1.62,11000,0
2016-04-11,07:25:00,1.62,1.62,1.62,1.62,2000,0
2016-04-11,07:30:00,1.62,1.62,1.62,1.62,1000,0
2016-04-11,07:45:00,1.62,1.62,1.62,1.62,3000,0
2016-04-11,07:55:00,1.62,1.62,1.62,1.62,11000,0
2016-04-11,08:00:00,1.62,1.62,1.62,1.62,51000,0
2016-04-11,08:05:00,1.62,1.62,1.62,1.62,56000,0
2016-04-11,08:10:00,1.62,1.62,1.62,1.62,22000,0
2016-04-11,09:00:00,1.61,1.63,1.61,1.63,352000,0
2016-04-11,09:10:00,1.63,1.63,1.63,1.63,26000,0
2016-04-11,09:20:00,1.63,1.63,1.63,1.63,1000,0
2016-04-11,09:30:00,1.63,1.63,1.63,1.63,2000,0
2016-04-11,09:35:00,1.63,1.63,1.62,1.62,6000,0
2016-04-11,09:45:00,1.62,1.62,1.62,1.62,1000,0
2016-04-11,09:55:00,1.62,1.62,1.61,1.62,104000,0
2016-04-11,10:00:00,1.62,1.62,1.61,1.62,6000,0
2016-04-12,03:35:00,1.6,1.65,1.6,1.64,97000,0
2016-04-12,03:40:00,1.63,1.63,1.61,1.62,229000,0
2016-04-12,03:45:00,1.62,1.62,1.61,1.61,24000,0
2016-04-12,03:50:00,1.61,1.62,1.61,1.62,282000,0
2016-04-12,03:55:00,1.62,1.62,1.62,1.62,148000,0
2016-04-12,04:10:00,1.62,1.62,1.61,1.61,17500,0
2016-04-12,04:15:00,1.61,1.61,1.61,1.61,6000,0
2016-04-12,04:25:00,1.61,1.61,1.58,1.58,440000,0
2016-04-12,04:30:00,1.58,1.6,1.58,1.59,36000,0
2016-04-12,04:35:00,1.59,1.6,1.59,1.6,49000,0
2016-04-12,04:40:00,1.6,1.6,1.6,1.6,10000,0
2016-04-12,04:50:00,1.6,1.6,1.6,1.6,2000,0
2016-04-12,04:55:00,1.6,1.6,1.6,1.6,25000,0
2016-04-12,05:05:00,1.6,1.6,1.6,1.6,1000,0
2016-04-12,05:10:00,1.6,1.6,1.59,1.6,22000,0
2016-04-12,05:15:00,1.6,1.6,1.6,1.6,1000,0
2016-04-12,05:20:00,1.6,1.6,1.59,1.59,12000,0
2016-04-12,05:25:00,1.59,1.6,1.59,1.6,220000,0
2016-04-12,05:30:00,1.6,1.61,1.6,1.6,55000,0
2016-04-12,05:35:00,1.6,1.61,1.6,1.61,2000,0
2016-04-12,05:45:00,1.61,1.61,1.61,1.61,1000,0
2016-04-12,05:50:00,1.61,1.61,1.61,1.61,1000,0
2016-04-12,05:55:00,1.61,1.61,1.6,1.6,4000,0
2016-04-12,06:00:00,1.6,1.61,1.6,1.61,3000,0
2016-04-12,07:05:00,1.61,1.61,1.6,1.6,28000,0
2016-04-12,07:10:00,1.6,1.6,1.6,1.6,7000,0
2016-04-12,07:20:00,1.6,1.6,1.6,1.6,6000,0
2016-04-12,07:30:00,1.6,1.6,1.6,1.6,22000,0
2016-04-12,07:35:00,1.6,1.61,1.6,1.6,18000,0
2016-04-12,07:45:00,1.6,1.6,1.6,1.6,5000,0
2016-04-12,07:55:00,1.6,1.6,1.6,1.6,25000,0
2016-04-12,08:00:00,1.6,1.6,1.6,1.6,164000,0
2016-04-12,08:05:00,1.6,1.6,1.6,1.6,19000,0
2016-04-12,08:10:00,1.6,1.6,1.58,1.58,706000,0
2016-04-12,08:15:00,1.58,1.58,1.57,1.58,205000,0
2016-04-12,08:20:00,1.58,1.58,1.58,1.58,35000,0
2016-04-12,08:25:00,1.58,1.58,1.58,1.58,129000,0
2016-04-12,08:30:00,1.58,1.58,1.58,1.58,163000,0
2016-04-12,08:35:00,1.58,1.58,1.58,1.58,89000,0
2016-04-12,08:40:00,1.58,1.58,1.58,1.58,11000,0
2016-04-12,08:45:00,1.58,1.58,1.58,1.58,3000,0
2016-04-12,08:50:00,1.58,1.58,1.57,1.58,33000,0
2016-04-12,08:55:00,1.58,1.58,1.58,1.58,36000,0
2016-04-12,09:00:00,1.58,1.58,1.58,1.58,33000,0
2016-04-12,09:05:00,1.58,1.58,1.58,1.58,103000,0
2016-04-12,09:10:00,1.58,1.59,1.58,1.59,59000,0
2016-04-12,09:15:00,1.59,1.59,1.59,1.59,7000,0
2016-04-12,09:20:00,1.59,1.6,1.59,1.6,29000,0
2016-04-12,09:25:00,1.6,1.6,1.59,1.6,30000,0
2016-04-12,09:35:00,1.6,1.6,1.59,1.6,22000,0
2016-04-12,09:40:00,1.6,1.6,1.6,1.6,8000,0
2016-04-12,09:45:00,1.6,1.6,1.59,1.6,59000,0
2016-04-12,09:50:00,1.6,1.6,1.59,1.6,63000,0
2016-04-12,09:55:00,1.6,1.6,1.6,1.6,84000,0
2016-04-12,10:00:00,1.6,1.61,1.6,1.61,408000,0
2016-04-13,03:40:00,1.64,1.64,1.62,1.62,151000,0
2016-04-13,03:45:00,1.62,1.62,1.62,1.62,15000,0
2016-04-13,03:50:00,1.62,1.62,1.62,1.62,35000,0
2016-04-13,03:55:00,1.62,1.62,1.62,1.62,107000,0
2016-04-13,04:00:00,1.62,1.63,1.62,1.63,1022000,0
2016-04-13,04:05:00,1.63,1.63,1.63,1.63,3000,0
2016-04-13,04:10:00,1.63,1.63,1.63,1.63,7000,0
2016-04-13,04:15:00,1.63,1.65,1.63,1.63,174000,0
2016-04-13,04:20:00,1.63,1.63,1.63,1.63,123000,0
2016-04-13,04:25:00,1.63,1.63,1.62,1.63,62000,0
2016-04-13,04:30:00,1.63,1.64,1.63,1.64,22000,0
2016-04-13,04:35:00,1.64,1.64,1.63,1.63,12000,0
2016-04-13,04:40:00,1.63,1.64,1.63,1.64,82000,0
2016-04-13,04:50:00,1.64,1.64,1.63,1.63,117000,0
2016-04-13,04:55:00,1.63,1.64,1.63,1.64,10000,0
2016-04-13,05:00:00,1.64,1.64,1.64,1.64,39000,0
2016-04-13,05:15:00,1.64,1.64,1.64,1.64,12000,0
2016-04-13,05:20:00,1.64,1.64,1.64,1.64,6000,0
2016-04-13,05:25:00,1.64,1.64,1.63,1.64,167000,0
2016-04-13,05:35:00,1.64,1.64,1.63,1.63,15000,0
2016-04-13,05:50:00,1.63,1.64,1.63,1.64,24000,0
2016-04-13,05:55:00,1.64,1.64,1.64,1.64,22000,0
2016-04-13,06:00:00,1.64,1.64,1.63,1.64,170000,0
2016-04-13,07:05:00,1.64,1.64,1.64,1.64,12000,0
2016-04-13,07:10:00,1.64,1.64,1.63,1.63,22000,0
2016-04-13,07:15:00,1.63,1.64,1.63,1.64,14000,0
2016-04-13,07:20:00,1.64,1.65,1.64,1.65,894000,0
2016-04-13,07:25:00,1.65,1.65,1.64,1.65,62000,0
2016-04-13,07:30:00,1.65,1.65,1.64,1.64,194000,0
2016-04-13,07:35:00,1.64,1.64,1.64,1.64,13000,0
2016-04-13,07:45:00,1.64,1.64,1.64,1.64,33000,0
2016-04-13,07:50:00,1.64,1.64,1.64,1.64,18000,0
2016-04-13,07:55:00,1.64,1.64,1.64,1.64,27000,0
2016-04-13,08:00:00,1.64,1.64,1.64,1.64,30000,0
2016-04-13,08:10:00,1.64,1.65,1.64,1.65,32000,0
2016-04-13,08:15:00,1.65,1.65,1.64,1.64,94000,0
2016-04-13,08:20:00,1.64,1.64,1.64,1.64,90000,0
2016-04-13,08:25:00,1.64,1.64,1.63,1.64,36000,0
2016-04-13,08:30:00,1.64,1.65,1.64,1.65,43000,0
2016-04-13,08:35:00,1.65,1.65,1.64,1.64,52000,0
2016-04-13,08:40:00,1.64,1.64,1.64,1.64,4000,0
2016-04-13,08:50:00,1.64,1.64,1.63,1.63,71000,0
2016-04-13,08:55:00,1.63,1.63,1.63,1.63,158000,0
2016-04-13,09:20:00,1.63,1.63,1.63,1.63,58000,0
2016-04-13,09:25:00,1.63,1.63,1.63,1.63,43000,0
2016-04-13,09:30:00,1.63,1.63,1.63,1.63,10000,0
2016-04-13,09:35:00,1.63,1.63,1.63,1.63,1000,0
2016-04-13,09:40:00,1.63,1.63,1.63,1.63,30000,0
2016-04-13,09:45:00,1.63,1.63,1.63,1.63,114000,0
2016-04-13,09:50:00,1.63,1.64,1.63,1.64,95000,0
2016-04-13,09:55:00,1.64,1.64,1.64,1.64,3000,0
2016-04-13,10:00:00,1.64,1.64,1.63,1.63,55000,0
