Date,Time,Open,High,Low,Close,Volume,OpenInt
2016-03-11,02:50:00,12.36,12.36,12.2,12.2,5000,0
2016-03-11,03:15:00,12.18,12.2,12.18,12.2,6000,0
2016-03-11,03:25:00,12.18,12.2,12.18,12.2,7000,0
2016-03-11,04:00:00,12.2,12.2,12.12,12.12,2000,0
2016-03-11,04:05:00,12.12,12.2,12.12,12.2,5000,0
2016-03-11,04:15:00,12.16,12.16,12.14,12.14,3000,0
2016-03-11,04:25:00,12.14,12.14,12.14,12.14,1000,0
2016-03-11,04:30:00,12.14,12.14,12.12,12.12,2000,0
2016-03-11,04:35:00,12.12,12.12,12.12,12.12,1000,0
2016-03-11,04:40:00,12.12,12.12,12.1,12.12,3000,0
2016-03-11,04:45:00,12.12,12.12,12.12,12.12,1000,0
2016-03-11,04:50:00,12.12,12.12,12.08,12.1,3000,0
2016-03-11,04:55:00,12.1,12.12,12.1,12.12,6000,0
2016-03-11,06:05:00,12.1,12.12,12.08,12.12,8000,0
2016-03-11,06:10:00,12.12,12.18,12.12,12.18,7000,0
2016-03-11,06:20:00,12.14,12.2,12.14,12.2,14000,0
2016-03-11,06:30:00,12.2,12.2,12.18,12.18,3000,0
2016-03-11,06:35:00,12.14,12.14,12.12,12.14,4000,0
2016-03-11,06:50:00,12.12,12.12,12.1,12.12,4000,0
2016-03-11,06:55:00,12.12,12.12,12.12,12.12,1000,0
2016-03-11,07:00:00,12.12,12.12,12.1,12.1,2000,0
2016-03-11,07:05:00,12.1,12.14,12.1,12.14,3000,0
2016-03-11,07:10:00,12.14,12.14,12.08,12.08,2000,0
2016-03-11,07:20:00,12.08,12.1,12.08,12.1,4000,0
2016-03-11,07:30:00,12.1,12.1,12.1,12.1,1000,0
2016-03-11,07:35:00,12.1,12.1,12.1,12.1,1000,0
2016-03-11,07:40:00,12.1,12.1,12.08,12.08,2000,0
2016-03-11,07:45:00,12.1,12.1,12.1,12.1,1000,0
2016-03-11,07:50:00,12.1,12.1,12.08,12.08,3000,0
2016-03-11,08:00:00,12.08,12.1,12.08,12.1,3000,0
2016-03-11,08:05:00,12.1,12.1,12.08,12.1,4000,0
2016-03-11,08:10:00,12.1,12.1,12.1,12.1,3000,0
2016-03-11,08:15:00,12.1,12.1,12.1,12.1,1000,0
2016-03-11,08:20:00,12.1,12.1,12.1,12.1,2000,0
2016-03-11,08:25:00,12.1,12.1,12.1,12.1,1000,0
2016-03-11,08:30:00,12.1,12.1,12.1,12.1,2000,0
2016-03-11,08:35:00,12.1,12.1,12.08,12.1,3000,0
2016-03-11,08:40:00,12.1,12.12,12.1,12.12,5000,0
2016-03-11,08:45:00,12.12,12.12,12.08,12.1,13000,0
2016-03-11,08:50:00,12.1,12.1,12.1,12.1,1000,0
2016-03-11,08:55:00,12.1,12.14,12.1,12.14,14000,0
2016-03-11,09:00:00,12.14,12.14,12.1,12.14,6000,0
2016-03-14,02:40:00,12.18,12.18,12.18,12.18,1000,0
2016-03-14,02:45:00,12.14,12.14,12.1,12.1,4000,0
2016-03-14,02:50:00,12.1,12.1,12.1,12.1,1000,0
2016-03-14,02:55:00,12.1,12.12,12.1,12.12,4000,0
2016-03-14,03:20:00,12.08,12.1,12.08,12.1,2000,0
2016-03-14,03:35:00,12.08,12.1,12.08,12.1,2000,0
2016-03-14,03:45:00,12.08,12.12,12.08,12.12,2000,0
2016-03-14,04:00:00,12.08,12.14,12.08,12.14,5000,0
2016-03-14,04:35:00,12.08,12.14,12.08,12.14,5000,0
2016-03-14,04:55:00,12.12,12.12,12.12,12.12,1000,0
2016-03-14,05:00:00,12.12,12.12,12.1,12.1,2000,0
2016-03-14,06:10:00,12.1,12.1,12.1,12.1,3000,0
2016-03-14,06:15:00,12.12,12.12,12.12,12.12,1000,0
2016-03-14,06:25:00,12.12,12.14,12.12,12.14,6000,0
2016-03-14,06:40:00,12.12,12.14,12.1,12.14,19000,0
2016-03-14,06:50:00,12.14,12.14,12.14,12.14,1000,0
2016-03-14,07:00:00,12.14,12.14,12.14,12.14,1000,0
2016-03-14,07:10:00,12.14,12.16,12.14,12.16,3000,0
2016-03-14,07:15:00,12.14,12.14,12.12,12.12,2000,0
2016-03-14,07:30:00,12.12,12.12,12.12,12.12,1000,0
2016-03-14,07:40:00,12.12,12.14,12.12,12.14,3000,0
2016-03-14,07:45:00,12.14,12.14,12.12,12.12,2000,0
2016-03-14,07:55:00,12.12,12.12,12.12,12.12,1000,0
2016-03-14,08:00:00,12.12,12.12,12.12,12.12,1000,0
2016-03-14,08:05:00,12.12,12.12,12.12,12.12,1000,0
2016-03-14,08:15:00,12.12,12.14,12.12,12.14,3000,0
2016-03-14,08:20:00,12.14,12.14,12.12,12.12,7000,0
2016-03-14,08:40:00,12.08,12.1,12.08,12.1,4000,0
2016-03-14,08:45:00,12.1,12.1,12.1,12.1,1000,0
2016-03-14,08:55:00,12.1,12.12,12.1,12.12,3000,0
2016-03-15,04:05:00,11.94,12.04,11.92,11.92,6000,0
2016-03-15,04:10:00,11.92,11.98,11.9,11.96,13000,0
2016-03-15,04:15:00,11.96,11.96,11.88,11.88,4000,0
2016-03-15,04:20:00,11.88,11.88,11.88,11.88,3000,0
2016-03-15,04:25:00,11.88,11.96,11.88,11.94,9000,0
2016-03-15,04:30:00,11.94,11.94,11.9,11.94,6000,0
2016-03-15,04:35:00,11.94,11.94,11.88,11.88,4000,0
2016-03-15,04:40:00,11.88,11.94,11.86,11.9,23000,0
2016-03-15,04:45:00,11.9,11.9,11.84,11.84,24000,0
2016-03-15,04:50:00,11.84,11.9,11.84,11.88,5000,0
2016-03-15,04:55:00,11.88,11.88,11.82,11.82,4000,0
2016-03-15,05:00:00,11.82,11.88,11.8,11.8,7000,0
2016-03-15,06:05:00,11.8,11.9,11.8,11.88,6000,0
2016-03-15,06:10:00,11.88,11.9,11.84,11.84,10000,0
2016-03-15,06:15:00,11.84,11.86,11.84,11.86,4000,0
2016-03-15,06:20:00,11.86,11.86,11.8,11.8,9000,0
2016-03-15,06:25:00,11.8,11.84,11.8,11.8,7000,0
2016-03-15,06:30:00,11.8,11.84,11.8,11.8,5000,0
2016-03-15,06:35:00,11.8,11.82,11.8,11.82,9000,0
2016-03-15,06:40:00,11.82,11.82,11.8,11.82,5000,0
2016-03-15,06:45:00,11.82,11.82,11.8,11.82,5000,0
2016-03-15,06:50:00,11.82,11.82,11.8,11.8,7000,0
2016-03-15,06:55:00,11.8,11.82,11.8,11.8,4000,0
2016-03-15,07:00:00,11.8,11.86,11.8,11.86,4000,0
2016-03-15,07:10:00,11.86,11.88,11.82,11.82,4000,0
2016-03-15,07:15:00,11.82,11.86,11.82,11.86,3000,0
2016-03-15,07:20:00,11.86,11.86,11.84,11.84,2000,0
2016-03-15,07:25:00,11.84,11.88,11.84,11.88,3000,0
2016-03-15,07:30:00,11.88,11.88,11.86,11.86,2000,0
2016-03-15,07:35:00,11.86,11.86,11.86,11.86,2000,0
2016-03-15,07:40:00,11.86,11.88,11.86,11.86,4000,0
2016-03-15,07:45:00,11.86,11.88,11.86,11.86,6000,0
2016-03-15,07:50:00,11.86,11.88,11.86,11.88,2000,0
2016-03-15,07:55:00,11.88,11.88,11.86,11.86,3000,0
2016-03-15,08:00:00,11.86,11.86,11.86,11.86,3000,0
2016-03-15,08:05:00,11.86,11.88,11.86,11.86,5000,0
2016-03-15,08:10:00,11.86,11.88,11.86,11.88,9000,0
2016-03-15,08:15:00,11.88,11.88,11.86,11.88,6000,0
2016-03-15,08:20:00,11.88,11.88,11.8,11.8,7000,0
2016-03-15,08:25:00,11.8,11.8,11.8,11.8,1000,0
2016-03-15,08:30:00,11.8,11.88,11.8,11.84,6000,0
2016-03-15,08:35:00,11.84,11.88,11.8,11.8,9000,0
2016-03-15,08:40:00,11.8,11.88,11.8,11.8,8000,0
2016-03-15,08:45:00,11.8,11.88,11.8,11.84,10000,0
2016-03-15,08:50:00,11.84,11.88,11.78,11.8,21000,0
2016-03-15,08:55:00,11.8,11.9,11.8,11.9,6000,0
2016-03-15,09:00:00,11.9,11.92,11.8,11.9,15000,0
2016-03-16,02:40:00,11.92,11.92,11.9,11.9,5000,0
2016-03-16,02:45:00,11.9,11.9,11.82,11.82,5000,0
2016-03-16,02:50:00,11.82,11.82,11.78,11.78,4000,0
2016-03-16,02:55:00,11.78,11.8,11.78,11.8,5000,0
2016-03-16,03:00:00,11.8,11.9,11.8,11.9,6000,0
2016-03-16,03:05:00,11.86,11.86,11.78,11.78,5000,0
2016-03-16,03:10:00,11.78,11.8,11.78,11.8,10000,0
2016-03-16,03:20:00,11.8,11.8,11.8,11.8,17000,0
2016-03-16,03:25:00,11.8,11.8,11.8,11.8,1000,0
2016-03-16,03:30:00,11.8,11.8,11.8,11.8,14000,0
2016-03-16,03:35:00,11.8,11.8,11.8,11.8,1000,0
2016-03-16,03:40:00,11.8,11.8,11.8,11.8,1000,0
2016-03-16,03:45:00,11.8,11.8,11.8,11.8,8000,0
2016-03-16,03:55:00,11.8,11.8,11.8,11.8,1000,0
2016-03-16,04:05:00,11.8,11.8,11.8,11.8,8000,0
2016-03-16,04:10:00,11.8,11.8,11.78,11.78,6000,0
2016-03-16,04:15:00,11.78,11.78,11.78,11.78,1000,0
2016-03-16,04:25:00,11.78,11.8,11.78,11.8,3000,0
2016-03-16,04:35:00,11.8,11.8,11.8,11.8,3000,0
2016-03-16,04:45:00,11.8,11.8,11.8,11.8,1000,0
2016-03-16,04:50:00,11.8,11.8,11.8,11.8,1000,0
2016-03-16,04:55:00,11.8,11.8,11.8,11.8,2000,0
2016-03-16,05:00:00,11.8,11.8,11.8,11.8,2000,0
2016-03-16,06:05:00,11.8,11.82,11.8,11.8,12000,0
2016-03-16,06:15:00,11.8,11.82,11.8,11.82,5000,0
2016-03-16,06:35:00,11.82,11.82,11.8,11.8,3000,0
2016-03-16,06:40:00,11.8,11.82,11.8,11.82,2000,0
2016-03-16,06:45:00,11.8,11.8,11.8,11.8,2000,0
2016-03-16,06:55:00,11.8,11.8,11.78,11.78,11000,0
2016-03-16,07:05:00,11.84,11.84,11.84,11.84,1000,0
2016-03-16,07:10:00,11.84,11.84,11.8,11.8,2000,0
2016-03-16,07:15:00,11.8,11.8,11.8,11.8,1000,0
2016-03-16,07:20:00,11.8,11.8,11.8,11.8,1000,0
2016-03-16,07:25:00,11.8,11.8,11.8,11.8,2000,0
2016-03-16,07:30:00,11.8,11.8,11.8,11.8,1000,0
2016-03-16,07:35:00,11.8,11.8,11.8,11.8,26000,0
2016-03-16,07:40:00,11.8,11.8,11.78,11.78,30000,0
2016-03-16,07:50:00,11.78,11.8,11.78,11.8,2000,0
2016-03-16,08:05:00,11.8,11.8,11.8,11.8,1000,0
2016-03-16,08:30:00,11.8,11.8,11.8,11.8,1000,0
2016-03-16,08:40:00,11.8,11.8,11.8,11.8,10000,0
2016-03-16,08:50:00,11.8,11.8,11.8,11.8,1000,0
2016-03-16,08:55:00,11.8,11.8,11.8,11.8,12000,0
2016-03-16,09:00:00,11.76,11.8,11.76,11.8,9000,0
2016-03-17,02:35:00,11.84,11.86,11.8,11.86,4000,0
2016-03-17,02:40:00,11.86,11.9,11.84,11.9,20000,0
2016-03-17,02:45:00,11.9,11.9,11.9,11.9,31000,0
2016-03-17,02:55:00,11.9,11.92,11.9,11.92,3000,0
2016-03-17,03:00:00,11.92,11.92,11.9,11.92,19000,0
2016-03-17,03:05:00,11.92,11.94,11.92,11.92,6000,0
2016-03-17,03:10:00,11.92,11.94,11.92,11.92,11000,0
2016-03-17,03:15:00,11.92,11.94,11.9,11.92,16000,0
2016-03-17,03:20:00,11.92,11.96,11.9,11.96,10000,0
2016-03-17,03:25:00,11.96,11.96,11.86,11.94,11000,0
2016-03-17,03:30:00,11.88,11.88,11.86,11.88,5000,0
2016-03-17,03:35:00,11.88,11.88,11.86,11.86,12000,0
2016-03-17,03:40:00,11.86,11.86,11.82,11.86,9000,0
2016-03-17,03:45:00,11.86,11.86,11.84,11.86,6000,0
2016-03-17,03:50:00,11.86,11.86,11.84,11.86,4000,0
2016-03-17,03:55:00,11.86,11.86,11.84,11.84,5000,0
2016-03-17,04:00:00,11.84,11.84,11.84,11.84,3000,0
2016-03-17,04:05:00,11.86,11.9,11.86,11.9,3000,0
2016-03-17,04:10:00,11.86,11.88,11.86,11.86,6000,0
2016-03-17,04:15:00,11.86,11.86,11.84,11.86,5000,0
2016-03-17,04:20:00,11.86,11.88,11.86,11.88,5000,0
2016-03-17,04:30:00,11.88,11.88,11.86,11.88,8000,0
2016-03-17,04:35:00,11.88,11.88,11.86,11.86,5000,0
2016-03-17,04:40:00,11.86,11.86,11.86,11.86,1000,0
2016-03-17,04:45:00,11.86,11.88,11.86,11.88,7000,0
2016-03-17,04:50:00,11.88,11.88,11.86,11.86,11000,0
2016-03-17,04:55:00,11.86,11.86,11.86,11.86,2000,0
2016-03-17,05:00:00,11.86,11.86,11.84,11.84,3000,0
2016-03-17,06:05:00,11.84,11.9,11.84,11.9,14000,0
2016-03-17,06:10:00,11.9,11.9,11.9,11.9,1000,0
2016-03-17,06:15:00,11.88,11.9,11.86,11.9,7000,0
2016-03-17,06:25:00,11.9,11.9,11.88,11.88,3000,0
2016-03-17,06:30:00,11.88,11.9,11.88,11.88,5000,0
2016-03-17,06:35:00,11.86,11.86,11.86,11.86,1000,0
2016-03-17,06:40:00,11.86,11.88,11.86,11.88,4000,0
2016-03-17,06:50:00,11.88,11.88,11.88,11.88,1000,0
2016-03-17,06:55:00,11.88,11.9,11.88,11.9,5000,0
2016-03-17,07:00:00,11.9,11.9,11.88,11.88,3000,0
2016-03-17,07:05:00,11.88,11.88,11.86,11.86,2000,0
2016-03-17,07:10:00,11.86,11.9,11.84,11.9,8000,0
2016-03-17,07:15:00,11.9,11.9,11.88,11.88,7000,0
2016-03-17,07:20:00,11.88,11.88,11.86,11.86,2000,0
2016-03-17,07:25:00,11.86,11.86,11.84,11.86,10000,0
2016-03-17,07:30:00,11.86,11.88,11.84,11.84,10000,0
2016-03-17,07:35:00,11.84,11.86,11.84,11.86,2000,0
2016-03-17,07:40:00,11.88,11.88,11.88,11.88,1000,0
2016-03-17,07:45:00,11.86,11.9,11.84,11.9,20000,0
2016-03-17,07:50:00,11.9,11.9,11.9,11.9,1000,0
2016-03-17,07:55:00,11.88,11.88,11.86,11.88,4000,0
2016-03-17,08:00:00,11.88,11.88,11.86,11.86,19000,0
2016-03-17,08:05:00,11.86,11.9,11.84,11.9,10000,0
2016-03-17,08:10:00,11.9,11.9,11.9,11.9,1000,0
2016-03-17,08:15:00,11.9,11.9,11.9,11.9,2000,0
2016-03-17,08:20:00,11.88,11.92,11.86,11.88,48000,0
2016-03-17,08:30:00,11.88,11.92,11.88,11.9,25000,0
2016-03-17,08:35:00,11.9,11.9,11.88,11.88,2000,0
2016-03-17,08:40:00,11.88,11.88,11.88,11.88,2000,0
2016-03-17,08:45:00,11.88,11.88,11.86,11.86,5000,0
2016-03-17,08:50:00,11.86,11.9,11.84,11.86,9000,0
2016-03-17,08:55:00,11.86,11.86,11.84,11.84,7000,0
2016-03-17,09:00:00,11.84,11.9,11.82,11.82,17000,0
2016-03-18,03:20:00,11.9,11.92,11.84,11.92,22000,0
2016-03-18,03:25:00,11.92,11.92,11.84,11.86,7000,0
2016-03-18,03:30:00,11.84,11.88,11.84,11.88,8000,0
2016-03-18,03:40:00,11.86,11.86,11.84,11.86,4000,0
2016-03-18,03:45:00,11.86,11.86,11.86,11.86,2000,0
2016-03-18,03:50:00,11.86,11.88,11.84,11.86,6000,0
2016-03-18,03:55:00,11.86,11.9,11.86,11.88,14000,0
2016-03-18,04:00:00,11.88,11.88,11.88,11.88,2000,0
2016-03-18,04:05:00,11.88,11.88,11.88,11.88,10000,0
2016-03-18,04:10:00,11.86,11.86,11.84,11.86,4000,0
2016-03-18,04:15:00,11.86,11.86,11.84,11.84,9000,0
2016-03-18,04:20:00,11.84,11.84,11.84,11.84,1000,0
2016-03-18,04:25:00,11.84,11.84,11.84,11.84,2000,0
2016-03-18,04:30:00,11.86,11.86,11.86,11.86,1000,0
2016-03-18,04:35:00,11.86,11.86,11.84,11.84,14000,0
2016-03-18,04:40:00,11.84,11.84,11.84,11.84,1000,0
2016-03-18,04:45:00,11.84,11.84,11.84,11.84,2000,0
2016-03-18,04:50:00,11.84,11.88,11.84,11.84,7000,0
2016-03-18,04:55:00,11.84,11.84,11.84,11.84,4000,0
2016-03-18,05:00:00,11.84,11.84,11.84,11.84,3000,0
2016-03-18,06:05:00,11.84,11.88,11.84,11.86,21000,0
2016-03-18,06:10:00,11.86,11.86,11.86,11.86,2000,0
2016-03-18,06:15:00,11.86,11.88,11.84,11.88,13000,0
2016-03-18,06:20:00,11.88,11.88,11.84,11.84,8000,0
2016-03-18,06:25:00,11.84,11.84,11.84,11.84,2000,0
2016-03-18,06:30:00,11.84,11.9,11.84,11.88,4000,0
2016-03-18,06:35:00,11.86,11.86,11.84,11.84,3000,0
2016-03-18,06:40:00,11.84,11.84,11.84,11.84,2000,0
2016-03-18,06:45:00,11.84,11.84,11.84,11.84,1000,0
2016-03-18,06:50:00,11.84,11.86,11.84,11.86,5000,0
2016-03-18,07:00:00,11.86,11.86,11.84,11.84,2000,0
2016-03-18,07:05:00,11.84,11.84,11.84,11.84,1000,0
2016-03-18,07:10:00,11.84,11.84,11.84,11.84,1000,0
2016-03-18,07:15:00,11.84,11.84,11.84,11.84,1000,0
2016-03-18,07:20:00,11.84,11.84,11.84,11.84,2000,0
2016-03-18,07:25:00,11.84,11.84,11.84,11.84,1000,0
2016-03-18,07:30:00,11.84,11.84,11.84,11.84,1000,0
2016-03-18,07:35:00,11.84,11.88,11.84,11.86,9000,0
2016-03-18,07:40:00,11.86,11.86,11.86,11.86,3000,0
2016-03-18,07:45:00,11.86,11.86,11.84,11.84,4000,0
2016-03-18,07:50:00,11.84,11.84,11.84,11.84,1000,0
2016-03-18,07:55:00,11.84,11.84,11.84,11.84,2000,0
2016-03-18,08:00:00,11.84,11.84,11.84,11.84,2000,0
2016-03-18,08:05:00,11.84,11.84,11.84,11.84,3000,0
2016-03-18,08:10:00,11.84,11.84,11.84,11.84,2000,0
2016-03-18,08:25:00,11.82,11.84,11.82,11.84,7000,0
2016-03-18,08:30:00,11.84,11.84,11.84,11.84,1000,0
2016-03-18,08:35:00,11.82,11.86,11.82,11.84,8000,0
2016-03-18,08:40:00,11.84,11.84,11.84,11.84,2000,0
2016-03-18,08:45:00,11.84,11.86,11.84,11.84,9000,0
2016-03-18,08:50:00,11.84,11.86,11.84,11.84,5000,0
2016-03-18,09:00:00,11.82,11.9,11.82,11.88,61000,0
2016-03-21,02:35:00,11.84,11.94,11.84,11.94,10000,0
2016-03-21,02:40:00,11.94,11.94,11.94,11.94,2000,0
2016-03-21,02:50:00,11.94,11.98,11.94,11.98,18000,0
2016-03-21,02:55:00,11.98,11.98,11.96,11.96,7000,0
2016-03-21,03:00:00,11.96,11.96,11.94,11.94,14000,0
2016-03-21,03:05:00,11.94,11.94,11.94,11.94,2000,0
2016-03-21,03:10:00,11.94,11.96,11.92,11.92,9000,0
2016-03-21,03:15:00,11.92,11.92,11.86,11.92,5000,0
2016-03-21,03:20:00,11.92,11.92,11.88,11.88,10000,0
2016-03-21,03:25:00,11.88,11.88,11.86,11.88,6000,0
2016-03-21,03:30:00,11.88,11.88,11.86,11.86,2000,0
2016-03-21,03:35:00,11.86,11.86,11.84,11.84,3000,0
2016-03-21,03:40:00,11.84,11.88,11.84,11.88,209000,0
2016-03-21,03:45:00,11.88,11.88,11.88,11.88,1000,0
2016-03-21,03:50:00,11.88,11.88,11.88,11.88,3000,0
2016-03-21,03:55:00,11.88,11.88,11.88,11.88,1000,0
2016-03-21,04:00:00,11.88,11.88,11.86,11.86,3000,0
2016-03-21,04:05:00,11.86,11.86,11.84,11.84,3000,0
2016-03-21,04:10:00,11.84,11.88,11.84,11.88,3000,0
2016-03-21,04:15:00,11.86,11.88,11.82,11.88,6000,0
2016-03-21,04:20:00,11.86,11.88,11.86,11.88,2000,0
2016-03-21,04:25:00,11.84,11.84,11.82,11.82,2000,0
2016-03-21,04:30:00,11.82,11.82,11.82,11.82,1000,0
2016-03-21,04:35:00,11.82,11.82,11.82,11.82,2000,0
2016-03-21,04:40:00,11.82,11.82,11.82,11.82,1000,0
2016-03-21,04:45:00,11.82,11.82,11.82,11.82,1000,0
2016-03-21,04:50:00,11.82,11.82,11.78,11.8,4000,0
2016-03-21,04:55:00,11.8,11.8,11.78,11.8,5000,0
2016-03-21,05:00:00,11.8,11.8,11.8,11.8,1000,0
2016-03-21,06:05:00,11.8,11.86,11.8,11.8,9000,0
2016-03-21,06:10:00,11.8,11.88,11.8,11.8,6000,0
2016-03-21,06:15:00,11.8,11.8,11.78,11.8,5000,0
2016-03-21,06:20:00,11.8,11.8,11.78,11.78,3000,0
2016-03-21,06:25:00,11.78,11.8,11.78,11.8,12000,0
2016-03-21,06:30:00,11.8,11.8,11.78,11.78,3000,0
2016-03-21,06:35:00,11.78,11.78,11.78,11.78,1000,0
2016-03-21,06:40:00,11.78,11.78,11.78,11.78,1000,0
2016-03-21,06:45:00,11.78,11.8,11.78,11.8,2000,0
2016-03-21,06:55:00,11.76,11.78,11.76,11.78,2000,0
2016-03-21,07:00:00,11.76,11.78,11.76,11.78,2000,0
2016-03-21,07:15:00,11.76,11.88,11.76,11.86,20000,0
2016-03-21,07:20:00,11.86,11.86,11.84,11.84,2000,0
2016-03-21,07:25:00,11.84,11.84,11.84,11.84,1000,0
2016-03-21,07:30:00,11.82,11.82,11.82,11.82,1000,0
2016-03-21,07:35:00,11.82,11.82,11.82,11.82,1000,0
2016-03-21,07:40:00,11.82,11.82,11.82,11.82,2000,0
2016-03-21,07:45:00,11.82,11.82,11.82,11.82,1000,0
2016-03-21,07:50:00,11.82,11.82,11.82,11.82,2000,0
2016-03-21,07:55:00,11.82,11.82,11.82,11.82,2000,0
2016-03-21,08:00:00,11.82,11.82,11.82,11.82,2000,0
2016-03-21,08:05:00,11.82,11.82,11.82,11.82,2000,0
2016-03-21,08:10:00,11.82,11.82,11.82,11.82,1000,0
2016-03-21,08:15:00,11.82,11.84,11.82,11.82,6000,0
2016-03-21,08:20:00,11.82,11.82,11.8,11.8,8000,0
2016-03-21,08:25:00,11.8,11.84,11.8,11.84,8000,0
2016-03-21,08:30:00,11.84,11.84,11.82,11.82,8000,0
2016-03-21,08:35:00,11.82,11.82,11.82,11.82,9000,0
2016-03-21,08:40:00,11.82,11.82,11.82,11.82,7000,0
2016-03-21,08:45:00,11.82,11.82,11.82,11.82,4000,0
2016-03-21,08:50:00,11.82,11.88,11.82,11.88,11000,0
2016-03-21,08:55:00,11.88,11.88,11.84,11.84,19000,0
2016-03-21,09:00:00,11.84,11.94,11.8,11.9,53000,0
2016-03-22,02:35:00,11.86,12,11.86,11.9,27000,0
2016-03-22,02:40:00,11.9,11.9,11.82,11.82,17000,0
2016-03-22,03:15:00,11.82,11.82,11.82,11.82,164000,0
2016-03-22,03:20:00,11.82,11.82,11.8,11.8,13000,0
2016-03-22,03:40:00,11.8,11.8,11.8,11.8,1000,0
2016-03-22,03:55:00,11.8,11.82,11.8,11.82,2000,0
2016-03-22,04:00:00,11.82,11.82,11.8,11.8,3000,0
2016-03-22,04:10:00,11.8,11.8,11.8,11.8,1000,0
2016-03-22,04:15:00,11.8,11.8,11.8,11.8,1000,0
2016-03-22,04:20:00,11.8,11.8,11.8,11.8,1000,0
2016-03-22,06:05:00,11.76,11.78,11.76,11.78,2000,0
2016-03-22,06:50:00,11.76,11.78,11.76,11.78,18000,0
2016-03-22,06:55:00,11.78,11.82,11.78,11.82,4000,0
2016-03-22,07:05:00,11.82,11.84,11.82,11.84,2000,0
2016-03-22,07:10:00,11.84,11.84,11.82,11.82,2000,0
2016-03-22,07:15:00,11.82,11.9,11.82,11.88,57000,0
2016-03-22,07:25:00,11.86,11.86,11.86,11.86,12000,0
2016-03-22,07:45:00,11.86,11.86,11.82,11.82,4000,0
2016-03-22,07:50:00,11.82,11.9,11.82,11.9,21000,0
2016-03-22,07:55:00,11.9,11.9,11.86,11.9,27000,0
2016-03-22,08:00:00,11.9,11.9,11.84,11.84,3000,0
2016-03-22,08:05:00,11.84,11.84,11.84,11.84,15000,0
2016-03-22,08:10:00,11.84,11.84,11.84,11.84,2000,0
2016-03-22,08:15:00,11.84,11.84,11.84,11.84,11000,0
2016-03-22,08:25:00,11.84,11.84,11.84,11.84,9000,0
2016-03-22,08:35:00,11.84,11.84,11.82,11.82,2000,0
2016-03-22,08:40:00,11.82,11.84,11.8,11.8,11000,0
2016-03-22,08:45:00,11.8,11.8,11.8,11.8,2000,0
2016-03-22,08:50:00,11.8,11.8,11.8,11.8,4000,0
2016-03-22,08:55:00,11.8,11.82,11.78,11.78,12000,0
2016-03-22,09:00:00,11.78,11.8,11.78,11.8,23000,0
2016-03-23,02:35:00,12,12.2,11.98,11.98,83000,0
2016-03-23,02:40:00,11.94,11.98,11.94,11.96,13000,0
2016-03-23,02:45:00,11.96,12,11.96,12,27000,0
2016-03-23,02:50:00,12,12.02,12,12,10000,0
2016-03-23,03:05:00,12.02,12.04,11.98,12,50000,0
2016-03-23,03:10:00,12,12,11.98,11.98,3000,0
2016-03-23,03:15:00,11.98,11.98,11.9,11.92,10000,0
2016-03-23,03:20:00,11.92,11.92,11.92,11.92,2000,0
2016-03-23,03:30:00,11.92,12,11.9,12,12000,0
2016-03-23,03:35:00,12,12.02,12,12,22000,0
2016-03-23,03:40:00,12,12.02,12,12,15000,0
2016-03-23,03:45:00,12,12,11.98,12,8000,0
2016-03-23,03:50:00,12,12.02,12,12,31000,0
2016-03-23,03:55:00,12,12,11.98,11.98,40000,0
2016-03-23,04:00:00,11.98,11.98,11.98,11.98,8000,0
2016-03-23,04:05:00,11.98,12,11.96,11.98,16000,0
2016-03-23,04:10:00,11.98,11.98,11.98,11.98,5000,0
2016-03-23,04:15:00,11.98,11.98,11.98,11.98,5000,0
2016-03-23,04:20:00,11.98,11.98,11.98,11.98,13000,0
2016-03-23,04:25:00,11.98,11.98,11.98,11.98,6000,0
2016-03-23,04:30:00,11.98,11.98,11.98,11.98,1000,0
2016-03-23,04:35:00,11.98,11.98,11.96,11.98,13000,0
2016-03-23,04:40:00,11.98,11.98,11.98,11.98,16000,0
2016-03-23,04:45:00,11.98,11.98,11.96,11.98,7000,0
2016-03-23,04:50:00,11.98,11.98,11.96,11.96,14000,0
2016-03-23,04:55:00,11.96,12,11.96,11.98,10000,0
2016-03-23,05:00:00,11.98,11.98,11.96,11.96,15000,0
2016-03-23,06:05:00,11.96,12,11.96,11.96,11000,0
2016-03-23,06:10:00,11.96,11.98,11.96,11.98,9000,0
2016-03-23,06:15:00,11.98,11.98,11.98,11.98,1000,0
2016-03-23,06:20:00,11.98,11.98,11.96,11.98,26000,0
2016-03-23,06:25:00,11.98,11.98,11.96,11.96,3000,0
2016-03-23,06:30:00,11.96,11.98,11.96,11.98,21000,0
2016-03-23,06:35:00,11.98,11.98,11.98,11.98,6000,0
2016-03-23,06:40:00,11.98,11.98,11.98,11.98,2000,0
2016-03-23,06:45:00,11.98,11.98,11.98,11.98,25000,0
2016-03-23,06:55:00,11.98,11.98,11.96,11.96,3000,0
2016-03-23,07:00:00,11.96,11.98,11.96,11.98,3000,0
2016-03-23,07:05:00,11.98,11.98,11.96,11.98,6000,0
2016-03-23,07:10:00,11.98,11.98,11.96,11.98,14000,0
2016-03-23,07:15:00,11.98,11.98,11.98,11.98,3000,0
2016-03-23,07:20:00,11.98,11.98,11.98,11.98,1000,0
2016-03-23,07:25:00,11.98,11.98,11.98,11.98,10000,0
2016-03-23,07:30:00,11.98,11.98,11.96,11.96,3000,0
2016-03-23,07:35:00,11.96,12,11.96,12,24000,0
2016-03-23,07:40:00,12,12,12,12,1000,0
2016-03-23,07:45:00,12,12,11.98,11.98,10000,0
2016-03-23,07:50:00,11.98,12,11.98,11.98,6000,0
2016-03-23,07:55:00,11.98,11.98,11.96,11.98,11000,0
2016-03-23,08:00:00,11.98,11.98,11.98,11.98,1000,0
2016-03-23,08:05:00,11.98,11.98,11.96,11.98,7000,0
2016-03-23,08:10:00,11.98,11.98,11.98,11.98,18000,0
2016-03-23,08:15:00,11.98,11.98,11.98,11.98,11000,0
2016-03-23,08:20:00,11.98,12,11.98,12,7000,0
2016-03-23,08:30:00,12,12.04,12,12.04,10000,0
2016-03-23,08:35:00,12.04,12.06,12.02,12.04,6000,0
2016-03-23,08:40:00,12.04,12.04,12.02,12.02,3000,0
2016-03-23,08:45:00,12.02,12.04,12.02,12.04,4000,0
2016-03-23,08:50:00,12.04,12.06,12.04,12.06,6000,0
2016-03-23,08:55:00,12.06,12.14,12.06,12.12,28000,0
2016-03-23,09:00:00,12.12,12.28,12.12,12.16,126000,0
2016-03-24,02:35:00,11.98,11.98,11.9,11.9,29000,0
2016-03-24,02:40:00,11.9,11.9,11.88,11.88,23000,0
2016-03-24,02:45:00,11.86,11.86,11.86,11.86,3000,0
2016-03-24,02:55:00,11.86,11.86,11.84,11.84,12000,0
2016-03-24,03:05:00,11.84,11.86,11.84,11.86,23000,0
2016-03-24,03:10:00,11.86,11.9,11.86,11.9,14000,0
2016-03-24,03:20:00,11.9,11.9,11.88,11.88,6000,0
2016-03-24,03:25:00,11.88,11.88,11.86,11.86,14000,0
2016-03-24,03:35:00,11.86,11.86,11.86,11.86,2000,0
2016-03-24,03:40:00,11.86,11.86,11.84,11.84,13000,0
2016-03-24,03:45:00,11.84,11.84,11.84,11.84,3000,0
2016-03-24,03:50:00,11.84,11.84,11.82,11.82,10791,0
2016-03-24,03:55:00,11.82,11.82,11.8,11.8,4000,0
2016-03-24,04:00:00,11.8,11.82,11.8,11.82,8000,0
2016-03-24,04:05:00,11.82,11.84,11.8,11.84,41000,0
2016-03-24,04:20:00,11.86,11.88,11.86,11.86,6000,0
2016-03-24,04:25:00,11.86,11.88,11.86,11.86,6000,0
2016-03-24,04:30:00,11.86,11.86,11.86,11.86,1000,0
2016-03-24,04:35:00,11.86,11.86,11.86,11.86,2000,0
2016-03-24,04:40:00,11.86,11.86,11.86,11.86,4000,0
2016-03-24,04:45:00,11.86,11.86,11.86,11.86,3000,0
2016-03-24,04:50:00,11.86,11.86,11.84,11.84,2000,0
2016-03-24,04:55:00,11.84,11.84,11.84,11.84,2000,0
2016-03-24,05:00:00,11.84,11.84,11.8,11.8,4000,0
2016-03-24,06:05:00,11.8,11.82,11.78,11.78,44000,0
2016-03-24,06:10:00,11.78,11.78,11.76,11.76,15000,0
2016-03-24,06:15:00,11.76,11.76,11.54,11.6,90000,0
2016-03-24,06:20:00,11.66,11.66,11.66,11.66,3000,0
2016-03-24,06:25:00,11.66,11.66,11.64,11.64,3000,0
2016-03-24,06:30:00,11.62,11.66,11.62,11.66,13000,0
2016-03-24,06:35:00,11.66,11.66,11.66,11.66,1000,0
2016-03-24,06:50:00,11.64,11.64,11.62,11.64,5000,0
2016-03-24,06:55:00,11.64,11.66,11.64,11.66,10000,0
2016-03-24,07:00:00,11.66,11.7,11.64,11.7,9000,0
2016-03-24,07:05:00,11.7,11.7,11.7,11.7,3000,0
2016-03-24,07:10:00,11.7,11.7,11.7,11.7,2000,0
2016-03-24,07:15:00,11.68,11.68,11.66,11.66,6000,0
2016-03-24,07:20:00,11.66,11.66,11.66,11.66,6000,0
2016-03-24,07:25:00,11.66,11.66,11.62,11.62,46000,0
2016-03-24,07:40:00,11.62,11.62,11.62,11.62,10000,0
2016-03-24,07:45:00,11.62,11.62,11.6,11.62,18000,0
2016-03-24,07:50:00,11.62,11.62,11.6,11.6,9000,0
2016-03-24,07:55:00,11.6,11.62,11.6,11.62,4000,0
2016-03-24,08:00:00,11.62,11.72,11.62,11.72,33000,0
2016-03-24,08:10:00,11.66,11.66,11.64,11.64,3000,0
2016-03-24,08:15:00,11.64,11.66,11.6,11.64,24000,0
2016-03-24,08:20:00,11.64,11.64,11.64,11.64,1000,0
2016-03-24,08:25:00,11.62,11.64,11.62,11.64,12000,0
2016-03-24,08:30:00,11.64,11.66,11.64,11.66,5000,0
2016-03-24,08:35:00,11.66,11.7,11.66,11.66,14000,0
2016-03-24,08:40:00,11.66,11.72,11.66,11.68,39000,0
2016-03-24,08:45:00,11.68,11.7,11.68,11.7,6000,0
2016-03-24,08:50:00,11.7,11.72,11.7,11.7,8000,0
2016-03-24,08:55:00,11.7,11.72,11.68,11.68,13000,0
2016-03-24,09:00:00,11.68,11.82,11.68,11.8,204000,0
2016-03-29,03:35:00,11.7,11.8,11.7,11.7,5000,0
2016-03-29,03:45:00,11.7,11.7,11.7,11.7,100000,0
2016-03-29,03:55:00,11.7,11.7,11.7,11.7,4000,0
2016-03-29,04:00:00,11.7,11.72,11.7,11.7,5000,0
2016-03-29,04:05:00,11.7,11.7,11.7,11.7,2000,0
2016-03-29,04:10:00,11.7,11.7,11.7,11.7,5000,0
2016-03-29,04:15:00,11.7,11.7,11.7,11.7,5000,0
2016-03-29,04:20:00,11.7,11.7,11.7,11.7,4000,0
2016-03-29,04:25:00,11.7,11.7,11.7,11.7,4000,0
2016-03-29,04:30:00,11.7,11.7,11.7,11.7,3000,0
2016-03-29,04:45:00,11.68,11.72,11.68,11.7,23000,0
2016-03-29,04:50:00,11.7,11.72,11.7,11.7,6000,0
2016-03-29,04:55:00,11.7,11.7,11.7,11.7,2000,0
2016-03-29,05:00:00,11.7,11.7,11.7,11.7,11000,0
2016-03-29,05:05:00,11.7,11.7,11.7,11.7,12000,0
2016-03-29,05:10:00,11.7,11.7,11.7,11.7,2000,0
2016-03-29,07:25:00,11.68,11.7,11.68,11.7,37000,0
2016-03-29,07:30:00,11.7,11.72,11.7,11.72,129000,0
2016-03-29,07:35:00,11.72,11.72,11.7,11.7,77000,0
2016-03-29,07:40:00,11.7,11.72,11.7,11.7,6000,0
2016-03-29,07:45:00,11.7,11.7,11.7,11.7,103728,0
2016-03-29,07:50:00,11.7,11.7,11.7,11.7,72000,0
2016-03-29,08:30:00,11.68,11.72,11.68,11.72,174000,0
2016-03-29,08:35:00,11.72,11.72,11.7,11.7,22000,0
2016-03-29,08:40:00,11.7,11.7,11.7,11.7,3000,0
2016-03-29,08:45:00,11.7,11.72,11.7,11.72,4000,0
2016-03-29,08:50:00,11.72,11.72,11.72,11.72,1000,0
2016-03-29,08:55:00,11.72,11.72,11.7,11.7,20000,0
2016-03-29,09:00:00,11.7,11.7,11.7,11.7,8000,0
2016-03-29,09:05:00,11.7,11.7,11.7,11.7,11000,0
2016-03-29,09:10:00,11.7,11.72,11.7,11.7,19000,0
2016-03-29,09:15:00,11.7,11.7,11.7,11.7,9000,0
2016-03-29,09:20:00,11.7,11.7,11.7,11.7,13000,0
2016-03-29,09:25:00,11.7,11.7,11.7,11.7,10000,0
2016-03-29,09:30:00,11.7,11.7,11.7,11.7,15000,0
2016-03-29,09:35:00,11.7,11.7,11.7,11.7,6000,0
2016-03-29,09:40:00,11.7,11.7,11.7,11.7,16000,0
2016-03-29,09:45:00,11.7,11.7,11.7,11.7,10000,0
2016-03-29,09:50:00,11.7,11.7,11.7,11.7,7000,0
2016-03-29,09:55:00,11.7,11.7,11.7,11.7,49000,0
2016-03-29,10:00:00,11.7,11.7,11.7,11.7,32000,0
2016-03-30,03:45:00,11.9,11.9,11.72,11.72,18000,0
2016-03-30,03:50:00,11.72,11.9,11.72,11.9,18000,0
2016-03-30,04:00:00,11.82,11.82,11.76,11.76,4000,0
2016-03-30,04:05:00,11.76,11.8,11.72,11.8,13000,0
2016-03-30,04:10:00,11.88,11.9,11.84,11.86,15000,0
2016-03-30,04:15:00,11.86,11.86,11.8,11.8,8000,0
2016-03-30,04:20:00,11.8,11.84,11.8,11.82,10000,0
2016-03-30,04:25:00,11.82,11.82,11.8,11.8,4000,0
2016-03-30,04:30:00,11.8,11.82,11.8,11.82,4000,0
2016-03-30,04:35:00,11.82,11.82,11.78,11.78,3000,0
2016-03-30,04:40:00,11.78,11.84,11.76,11.84,5000,0
2016-03-30,04:45:00,11.84,11.84,11.76,11.76,4000,0
2016-03-30,04:50:00,11.76,11.76,11.76,11.76,2000,0
2016-03-30,04:55:00,11.76,11.78,11.76,11.76,12000,0
2016-03-30,05:00:00,11.76,11.8,11.76,11.8,4000,0
2016-03-30,05:05:00,11.8,11.8,11.76,11.76,3000,0
2016-03-30,05:10:00,11.76,11.8,11.76,11.78,5000,0
2016-03-30,05:15:00,11.78,11.78,11.76,11.76,3000,0
2016-03-30,05:20:00,11.76,11.76,11.76,11.76,2000,0
2016-03-30,05:25:00,11.76,11.76,11.76,11.76,3000,0
2016-03-30,05:30:00,11.76,11.76,11.74,11.74,3000,0
2016-03-30,05:35:00,11.74,11.78,11.74,11.76,5000,0
2016-03-30,05:40:00,11.76,11.76,11.74,11.74,4000,0
2016-03-30,05:45:00,11.74,11.74,11.74,11.74,1000,0
2016-03-30,05:50:00,11.74,11.76,11.74,11.74,6000,0
2016-03-30,05:55:00,11.74,11.74,11.74,11.74,4000,0
2016-03-30,06:00:00,11.74,11.82,11.74,11.74,8000,0
2016-03-30,07:05:00,11.74,11.84,11.74,11.74,9000,0
2016-03-30,07:10:00,11.74,11.78,11.74,11.74,7000,0
2016-03-30,07:15:00,11.74,11.74,11.74,11.74,3000,0
2016-03-30,07:20:00,11.74,11.74,11.74,11.74,4000,0
2016-03-30,07:25:00,11.74,11.8,11.74,11.8,5000,0
2016-03-30,07:30:00,11.78,11.78,11.74,11.74,4000,0
2016-03-30,07:35:00,11.74,11.74,11.74,11.74,3000,0
2016-03-30,07:40:00,11.74,11.74,11.72,11.74,8000,0
2016-03-30,07:45:00,11.74,11.76,11.74,11.76,2000,0
2016-03-30,07:50:00,11.76,11.76,11.74,11.74,3000,0
2016-03-30,07:55:00,11.74,11.76,11.74,11.74,6000,0
2016-03-30,08:00:00,11.74,11.76,11.74,11.76,3000,0
2016-03-30,08:05:00,11.76,11.8,11.76,11.78,10000,0
2016-03-30,08:10:00,11.78,11.78,11.78,11.78,1000,0
2016-03-30,08:15:00,11.78,11.9,11.78,11.9,34000,0
2016-03-30,08:20:00,11.9,11.9,11.86,11.86,5000,0
2016-03-30,08:25:00,11.86,11.88,11.84,11.86,6000,0
2016-03-30,08:30:00,11.86,11.86,11.84,11.84,4000,0
2016-03-30,08:35:00,11.84,11.84,11.78,11.78,5000,0
2016-03-30,08:40:00,11.78,11.8,11.78,11.78,5000,0
2016-03-30,08:45:00,11.78,11.82,11.78,11.82,7000,0
2016-03-30,08:50:00,11.82,11.82,11.78,11.78,2000,0
2016-03-30,08:55:00,11.78,11.78,11.76,11.78,6000,0
2016-03-30,09:00:00,11.78,11.84,11.76,11.84,8000,0
2016-03-30,09:05:00,11.84,11.84,11.74,11.74,7000,0
2016-03-30,09:10:00,11.74,11.78,11.74,11.78,12000,0
2016-03-30,09:15:00,11.78,11.78,11.76,11.76,4000,0
2016-03-30,09:20:00,11.76,11.76,11.76,11.76,5000,0
2016-03-30,09:25:00,11.76,11.76,11.76,11.76,2000,0
2016-03-30,09:30:00,11.76,11.82,11.74,11.74,9000,0
2016-03-30,09:35:00,11.74,11.74,11.74,11.74,3000,0
2016-03-30,09:40:00,11.74,11.8,11.74,11.8,8000,0
2016-03-30,09:45:00,11.8,11.84,11.74,11.76,8000,0
2016-03-30,09:50:00,11.76,11.82,11.74,11.82,10000,0
2016-03-30,09:55:00,11.82,11.82,11.74,11.82,9000,0
2016-03-30,10:00:00,11.82,11.82,11.72,11.82,22000,0
2016-03-31,03:35:00,11.84,11.84,11.8,11.8,6000,0
2016-03-31,03:40:00,11.8,11.8,11.78,11.78,7000,0
2016-03-31,03:45:00,11.78,11.78,11.74,11.74,7000,0
2016-03-31,03:50:00,11.74,11.74,11.72,11.74,5000,0
2016-03-31,03:55:00,11.74,11.74,11.72,11.72,2000,0
2016-03-31,04:00:00,11.72,11.74,11.72,11.74,4000,0
2016-03-31,04:05:00,11.74,11.76,11.72,11.72,6000,0
2016-03-31,04:10:00,11.72,11.72,11.72,11.72,3000,0
2016-03-31,04:15:00,11.72,11.72,11.68,11.68,3000,0
2016-03-31,04:20:00,11.68,11.7,11.68,11.7,7000,0
2016-03-31,04:25:00,11.7,11.7,11.7,11.7,2000,0
2016-03-31,04:30:00,11.7,11.7,11.7,11.7,3000,0
2016-03-31,04:35:00,11.7,11.7,11.66,11.66,3000,0
2016-03-31,04:40:00,11.68,11.68,11.68,11.68,2000,0
2016-03-31,04:45:00,11.68,11.68,11.66,11.66,6000,0
2016-03-31,04:50:00,11.66,11.66,11.66,11.66,2000,0
2016-03-31,04:55:00,11.66,11.66,11.66,11.66,2000,0
2016-03-31,05:00:00,11.66,11.66,11.66,11.66,2000,0
2016-03-31,05:05:00,11.66,11.68,11.66,11.68,4000,0
2016-03-31,05:10:00,11.68,11.68,11.68,11.68,7000,0
2016-03-31,05:15:00,11.68,11.68,11.68,11.68,1000,0
2016-03-31,05:20:00,11.68,11.68,11.68,11.68,2000,0
2016-03-31,05:25:00,11.68,11.68,11.66,11.66,3000,0
2016-03-31,05:30:00,11.66,11.68,11.66,11.68,3000,0
2016-03-31,05:35:00,11.68,11.72,11.66,11.72,7000,0
2016-03-31,05:40:00,11.72,11.72,11.7,11.7,2000,0
2016-03-31,05:45:00,11.7,11.7,11.68,11.68,2000,0
2016-03-31,05:50:00,11.68,11.68,11.66,11.68,6000,0
2016-03-31,05:55:00,11.66,11.68,11.66,11.68,8000,0
2016-03-31,06:00:00,11.68,11.68,11.66,11.66,5000,0
2016-03-31,07:05:00,11.66,11.66,11.66,11.66,3000,0
2016-03-31,07:10:00,11.66,11.66,11.66,11.66,2000,0
2016-03-31,07:15:00,11.66,11.66,11.66,11.66,3000,0
2016-03-31,07:20:00,11.66,11.66,11.64,11.66,5000,0
2016-03-31,07:25:00,11.66,11.66,11.64,11.64,3000,0
2016-03-31,07:30:00,11.64,11.64,11.64,11.64,3000,0
2016-03-31,07:35:00,11.64,11.64,11.64,11.64,2000,0
2016-03-31,07:40:00,11.64,11.66,11.64,11.66,3000,0
2016-03-31,07:45:00,11.66,11.66,11.66,11.66,2000,0
2016-03-31,07:50:00,11.66,11.66,11.64,11.64,5000,0
2016-03-31,07:55:00,11.64,11.66,11.64,11.66,4000,0
2016-03-31,08:00:00,11.66,11.66,11.66,11.66,2000,0
2016-03-31,08:05:00,11.66,11.66,11.66,11.66,2000,0
2016-03-31,08:10:00,11.66,11.66,11.64,11.64,2000,0
2016-03-31,08:15:00,11.64,11.64,11.64,11.64,4000,0
2016-03-31,08:20:00,11.64,11.64,11.64,11.64,2000,0
2016-03-31,08:25:00,11.64,11.64,11.64,11.64,2000,0
2016-03-31,08:30:00,11.64,11.66,11.64,11.66,5000,0
2016-03-31,08:35:00,11.66,11.66,11.64,11.64,3000,0
2016-03-31,08:40:00,11.64,11.7,11.64,11.7,4000,0
2016-03-31,08:45:00,11.7,11.7,11.64,11.64,5000,0
2016-03-31,08:50:00,11.64,11.66,11.64,11.66,3000,0
2016-03-31,08:55:00,11.66,11.68,11.64,11.66,9000,0
2016-03-31,09:00:00,11.66,11.66,11.64,11.64,4000,0
2016-03-31,09:05:00,11.64,11.64,11.64,11.64,4000,0
2016-03-31,09:10:00,11.64,11.64,11.64,11.64,4000,0
2016-03-31,09:15:00,11.64,11.64,11.64,11.64,3000,0
2016-03-31,09:20:00,11.64,11.64,11.64,11.64,4000,0
2016-03-31,09:25:00,11.64,11.64,11.64,11.64,3000,0
2016-03-31,09:30:00,11.64,11.66,11.64,11.66,5000,0
2016-03-31,09:35:00,11.66,11.66,11.64,11.64,4000,0
2016-03-31,09:40:00,11.64,11.64,11.62,11.62,6000,0
2016-03-31,09:45:00,11.62,11.68,11.62,11.68,7000,0
2016-03-31,09:50:00,11.68,11.7,11.68,11.68,11000,0
2016-03-31,09:55:00,11.68,11.72,11.66,11.66,15000,0
2016-03-31,10:00:00,11.66,11.72,11.62,11.7,50000,0
2016-04-01,03:35:00,11.7,11.8,11.7,11.76,26000,0
2016-04-01,03:40:00,11.76,11.76,11.7,11.7,4000,0
2016-04-01,03:45:00,11.7,11.7,11.68,11.68,5000,0
2016-04-01,03:50:00,11.68,11.68,11.66,11.66,8000,0
2016-04-01,03:55:00,11.66,11.7,11.66,11.7,25000,0
2016-04-01,04:00:00,11.7,11.7,11.7,11.7,3000,0
2016-04-01,04:05:00,11.7,11.7,11.68,11.68,3000,0
2016-04-01,04:10:00,11.68,11.68,11.66,11.66,5000,0
2016-04-01,04:15:00,11.66,11.66,11.6,11.6,5000,0
2016-04-01,04:20:00,11.6,11.64,11.6,11.64,11000,0
2016-04-01,04:25:00,11.64,11.64,11.62,11.64,7000,0
2016-04-01,04:30:00,11.64,11.64,11.62,11.62,11000,0
2016-04-01,04:35:00,11.62,11.62,11.62,11.62,4000,0
2016-04-01,04:40:00,11.62,11.62,11.62,11.62,3000,0
2016-04-01,04:45:00,11.62,11.64,11.62,11.62,8000,0
2016-04-01,04:50:00,11.62,11.62,11.62,11.62,2000,0
2016-04-01,04:55:00,11.62,11.62,11.62,11.62,4000,0
2016-04-01,05:00:00,11.62,11.64,11.62,11.64,7000,0
2016-04-01,05:05:00,11.64,11.64,11.62,11.64,6000,0
2016-04-01,05:10:00,11.64,11.64,11.62,11.62,4000,0
2016-04-01,05:15:00,11.62,11.62,11.62,11.62,6000,0
2016-04-01,05:20:00,11.62,11.62,11.6,11.6,4000,0
2016-04-01,05:25:00,11.6,11.62,11.6,11.62,7000,0
2016-04-01,05:30:00,11.62,11.62,11.6,11.62,4000,0
2016-04-01,05:35:00,11.62,11.64,11.6,11.6,8000,0
2016-04-01,05:40:00,11.6,11.6,11.6,11.6,3000,0
2016-04-01,05:45:00,11.6,11.62,11.6,11.62,3000,0
2016-04-01,05:50:00,11.62,11.62,11.6,11.6,4000,0
2016-04-01,05:55:00,11.6,11.6,11.6,11.6,3000,0
2016-04-01,06:00:00,11.6,11.66,11.58,11.58,8000,0
2016-04-01,07:05:00,11.58,11.58,11.5,11.52,58000,0
2016-04-01,07:10:00,11.5,11.52,11.5,11.52,2000,0
2016-04-01,07:15:00,11.52,11.54,11.5,11.52,6000,0
2016-04-01,07:20:00,11.5,11.52,11.5,11.52,2000,0
2016-04-01,07:25:00,11.5,11.54,11.5,11.54,2000,0
2016-04-01,07:30:00,11.5,11.52,11.5,11.52,2000,0
2016-04-01,07:45:00,11.5,11.52,11.5,11.52,3000,0
2016-04-01,07:50:00,11.5,11.52,11.5,11.52,2000,0
2016-04-01,07:55:00,11.5,11.52,11.5,11.52,3000,0
2016-04-01,08:00:00,11.52,11.52,11.52,11.52,1000,0
2016-04-01,08:10:00,11.52,11.52,11.52,11.52,1000,0
2016-04-01,08:15:00,11.5,11.52,11.5,11.52,3000,0
2016-04-01,08:25:00,11.5,11.54,11.5,11.54,4000,0
2016-04-01,08:35:00,11.5,11.52,11.5,11.52,3000,0
2016-04-01,08:40:00,11.52,11.54,11.52,11.52,6000,0
2016-04-01,08:45:00,11.52,11.56,11.52,11.56,6000,0
2016-04-01,08:50:00,11.56,11.56,11.56,11.56,2000,0
2016-04-01,08:55:00,11.56,11.56,11.52,11.52,3000,0
2016-04-01,09:00:00,11.5,11.56,11.5,11.52,6000,0
2016-04-01,09:05:00,11.52,11.54,11.5,11.54,5000,0
2016-04-01,09:10:00,11.5,11.54,11.5,11.54,6000,0
2016-04-01,09:15:00,11.54,11.56,11.52,11.52,5000,0
2016-04-01,09:20:00,11.52,11.52,11.52,11.52,4000,0
2016-04-01,09:25:00,11.52,11.54,11.5,11.54,8000,0
2016-04-01,09:30:00,11.5,11.56,11.5,11.56,3000,0
2016-04-01,09:50:00,11.5,11.52,11.5,11.52,4000,0
2016-04-01,09:55:00,11.52,11.52,11.5,11.52,5000,0
2016-04-01,10:00:00,11.5,11.58,11.5,11.58,2000,0
2016-04-05,04:10:00,11.56,11.56,11.52,11.52,3000,0
2016-04-05,04:15:00,11.52,11.52,11.52,11.52,1000,0
2016-04-05,04:25:00,11.52,11.52,11.5,11.5,2000,0
2016-04-05,04:50:00,11.5,11.52,11.5,11.52,2000,0
2016-04-05,05:10:00,11.52,11.52,11.52,11.52,13000,0
2016-04-05,05:15:00,11.52,11.54,11.52,11.54,2000,0
2016-04-05,05:20:00,11.54,11.54,11.54,11.54,1000,0
2016-04-05,05:25:00,11.54,11.54,11.52,11.54,10000,0
2016-04-05,05:40:00,11.54,11.54,11.52,11.52,7000,0
2016-04-05,05:45:00,11.52,11.54,11.52,11.54,2000,0
2016-04-05,06:00:00,11.54,11.54,11.54,11.54,175,0
2016-04-05,07:05:00,11.54,11.54,11.54,11.54,1000,0
2016-04-05,07:10:00,11.54,11.54,11.52,11.52,2000,0
2016-04-05,07:15:00,11.52,11.54,11.52,11.54,2000,0
2016-04-05,07:20:00,11.54,11.54,11.54,11.54,1000,0
2016-04-05,07:25:00,11.54,11.54,11.54,11.54,1000,0
2016-04-05,07:40:00,11.54,11.54,11.54,11.54,2000,0
2016-04-05,07:45:00,11.54,11.54,11.54,11.54,3000,0
2016-04-05,07:50:00,11.54,11.54,11.54,11.54,6000,0
2016-04-05,07:55:00,11.54,11.54,11.54,11.54,2000,0
2016-04-05,08:00:00,11.54,11.54,11.54,11.54,3000,0
2016-04-05,08:05:00,11.54,11.54,11.54,11.54,4000,0
2016-04-05,08:10:00,11.54,11.54,11.54,11.54,4000,0
2016-04-05,08:15:00,11.54,11.54,11.54,11.54,5000,0
2016-04-05,08:20:00,11.54,11.54,11.54,11.54,6000,0
2016-04-05,08:25:00,11.54,11.54,11.54,11.54,5000,0
2016-04-05,08:30:00,11.54,11.54,11.54,11.54,3000,0
2016-04-05,08:35:00,11.54,11.54,11.54,11.54,5000,0
2016-04-05,08:40:00,11.54,11.54,11.54,11.54,3000,0
2016-04-05,08:45:00,11.54,11.54,11.52,11.52,25000,0
2016-04-05,08:50:00,11.52,11.54,11.52,11.54,7000,0
2016-04-05,08:55:00,11.54,11.54,11.54,11.54,3000,0
2016-04-05,09:00:00,11.54,11.54,11.52,11.52,20000,0
2016-04-05,09:05:00,11.52,11.52,11.52,11.52,2000,0
2016-04-05,09:10:00,11.52,11.52,11.52,11.52,3000,0
2016-04-05,09:15:00,11.52,11.52,11.52,11.52,6000,0
2016-04-05,09:20:00,11.52,11.52,11.52,11.52,3000,0
2016-04-05,09:25:00,11.52,11.52,11.52,11.52,14000,0
2016-04-05,09:30:00,11.52,11.52,11.5,11.5,29000,0
2016-04-05,09:35:00,11.48,11.5,11.48,11.5,4000,0
2016-04-05,09:40:00,11.5,11.5,11.5,11.5,4000,0
2016-04-05,09:45:00,11.5,11.5,11.5,11.5,3000,0
2016-04-05,09:50:00,11.5,11.5,11.5,11.5,8000,0
2016-04-05,09:55:00,11.5,11.5,11.5,11.5,18000,0
2016-04-05,10:00:00,11.5,11.5,11.48,11.5,38000,0
2016-04-06,03:35:00,11.56,11.56,11.5,11.5,6000,0
2016-04-06,03:40:00,11.5,11.5,11.5,11.5,1000,0
2016-04-06,03:45:00,11.5,11.52,11.5,11.5,13000,0
2016-04-06,03:50:00,11.5,11.52,11.5,11.52,33000,0
2016-04-06,03:55:00,11.52,11.52,11.5,11.5,3000,0
2016-04-06,04:00:00,11.5,11.5,11.5,11.5,47000,0
2016-04-06,04:05:00,11.5,11.5,11.5,11.5,2000,0
2016-04-06,04:10:00,11.5,11.52,11.5,11.52,14000,0
2016-04-06,04:15:00,11.52,11.52,11.5,11.5,4000,0
2016-04-06,04:20:00,11.5,11.5,11.5,11.5,4000,0
2016-04-06,04:25:00,11.5,11.5,11.5,11.5,9000,0
2016-04-06,04:30:00,11.5,11.5,11.5,11.5,11000,0
2016-04-06,04:40:00,11.5,11.5,11.5,11.5,8000,0
2016-04-06,04:45:00,11.5,11.5,11.5,11.5,12000,0
2016-04-06,04:50:00,11.5,11.52,11.5,11.52,14000,0
2016-04-06,04:55:00,11.52,11.52,11.5,11.52,5000,0
2016-04-06,05:00:00,11.52,11.52,11.5,11.52,5000,0
2016-04-06,05:05:00,11.52,11.52,11.5,11.52,6000,0
2016-04-06,05:10:00,11.52,11.52,11.5,11.52,8000,0
2016-04-06,05:15:00,11.52,11.52,11.5,11.5,3000,0
2016-04-06,05:20:00,11.5,11.5,11.5,11.5,2000,0
2016-04-06,05:25:00,11.5,11.52,11.5,11.52,8000,0
2016-04-06,05:30:00,11.52,11.52,11.5,11.5,9000,0
2016-04-06,05:35:00,11.5,11.52,11.5,11.52,5000,0
2016-04-06,05:40:00,11.52,11.52,11.5,11.5,7000,0
2016-04-06,05:45:00,11.5,11.52,11.5,11.52,5000,0
2016-04-06,05:50:00,11.52,11.52,11.5,11.5,15000,0
2016-04-06,05:55:00,11.5,11.52,11.5,11.5,7000,0
2016-04-06,06:00:00,11.5,11.52,11.5,11.5,5000,0
2016-04-06,07:05:00,11.5,11.52,11.5,11.5,9000,0
2016-04-06,07:10:00,11.5,11.52,11.5,11.5,5000,0
2016-04-06,07:15:00,11.5,11.52,11.5,11.5,8000,0
2016-04-06,07:20:00,11.5,11.5,11.5,11.5,3000,0
2016-04-06,07:30:00,11.5,11.5,11.5,11.5,2000,0
2016-04-06,07:35:00,11.5,11.5,11.5,11.5,4000,0
2016-04-06,07:40:00,11.5,11.5,11.5,11.5,10000,0
2016-04-06,07:45:00,11.5,11.5,11.5,11.5,2000,0
2016-04-06,07:50:00,11.5,11.5,11.5,11.5,2000,0
2016-04-06,07:55:00,11.5,11.5,11.5,11.5,3000,0
2016-04-06,08:05:00,11.5,11.5,11.5,11.5,2000,0
2016-04-06,08:10:00,11.5,11.5,11.48,11.48,8000,0
2016-04-06,08:15:00,11.48,11.48,11.48,11.48,2000,0
2016-04-06,08:20:00,11.48,11.5,11.48,11.5,4000,0
2016-04-06,08:25:00,11.5,11.5,11.5,11.5,6000,0
2016-04-06,08:30:00,11.5,11.5,11.5,11.5,12000,0
2016-04-06,08:35:00,11.5,11.5,11.5,11.5,3000,0
2016-04-06,08:40:00,11.5,11.5,11.5,11.5,2000,0
2016-04-06,08:45:00,11.5,11.5,11.5,11.5,7000,0
2016-04-06,08:50:00,11.5,11.5,11.5,11.5,2000,0
2016-04-06,08:55:00,11.5,11.5,11.5,11.5,11000,0
2016-04-06,09:00:00,11.5,11.5,11.48,11.5,10000,0
2016-04-06,09:05:00,11.5,11.5,11.5,11.5,2000,0
2016-04-06,09:10:00,11.5,11.5,11.5,11.5,12000,0
2016-04-06,09:20:00,11.5,11.5,11.5,11.5,2000,0
2016-04-06,09:25:00,11.5,11.5,11.5,11.5,8009,0
2016-04-06,09:30:00,11.5,11.5,11.5,11.5,1000,0
2016-04-06,09:40:00,11.5,11.5,11.5,11.5,8000,0
2016-04-06,09:45:00,11.5,11.5,11.5,11.5,3000,0
2016-04-06,09:50:00,11.5,11.5,11.48,11.48,11000,0
2016-04-06,09:55:00,11.48,11.48,11.46,11.48,6000,0
2016-04-06,10:00:00,11.48,11.5,11.46,11.5,10000,0
2016-04-07,03:50:00,11.56,11.56,11.54,11.54,7000,0
2016-04-07,03:55:00,11.54,11.54,11.54,11.54,1000,0
2016-04-07,04:00:00,11.54,11.56,11.54,11.56,2000,0
2016-04-07,04:05:00,11.56,11.56,11.56,11.56,3000,0
2016-04-07,04:10:00,11.56,11.56,11.54,11.54,13000,0
2016-04-07,04:15:00,11.54,11.54,11.52,11.52,7000,0
2016-04-07,04:25:00,11.52,11.54,11.5,11.54,28000,0
2016-04-07,04:30:00,11.54,11.56,11.54,11.56,9000,0
2016-04-07,04:40:00,11.56,11.56,11.56,11.56,2000,0
2016-04-07,04:50:00,11.56,11.56,11.52,11.52,7000,0
2016-04-07,04:55:00,11.54,11.6,11.54,11.6,6000,0
2016-04-07,05:00:00,11.6,11.6,11.5,11.56,5000,0
2016-04-07,05:05:00,11.5,11.58,11.5,11.58,2000,0
2016-04-07,05:10:00,11.56,11.56,11.5,11.54,8000,0
2016-04-07,05:15:00,11.5,11.54,11.5,11.54,3000,0
2016-04-07,05:20:00,11.5,11.52,11.5,11.52,2000,0
2016-04-07,05:25:00,11.5,11.52,11.5,11.52,3000,0
2016-04-07,05:35:00,11.5,11.54,11.5,11.52,5000,0
2016-04-07,05:40:00,11.5,11.52,11.5,11.52,2000,0
2016-04-07,05:45:00,11.52,11.54,11.52,11.54,4000,0
2016-04-07,05:50:00,11.54,11.56,11.52,11.54,8000,0
2016-04-07,05:55:00,11.5,11.52,11.5,11.52,2000,0
2016-04-07,06:00:00,11.5,11.56,11.5,11.56,2000,0
2016-04-07,07:05:00,11.5,11.54,11.5,11.54,6000,0
2016-04-07,07:10:00,11.54,11.56,11.5,11.56,7000,0
2016-04-07,07:15:00,11.56,11.56,11.5,11.52,9000,0
2016-04-07,07:20:00,11.52,11.52,11.52,11.52,2000,0
2016-04-07,07:25:00,11.5,11.56,11.5,11.56,4000,0
2016-04-07,07:30:00,11.56,11.56,11.54,11.54,3000,0
2016-04-07,07:35:00,11.5,11.58,11.5,11.58,8000,0
2016-04-07,07:40:00,11.54,11.54,11.52,11.54,6000,0
2016-04-07,07:45:00,11.54,11.54,11.52,11.52,3000,0
2016-04-07,07:50:00,11.52,11.54,11.52,11.52,5000,0
2016-04-07,07:55:00,11.5,11.54,11.5,11.54,6000,0
2016-04-07,08:00:00,11.54,11.56,11.54,11.54,4000,0
2016-04-07,08:05:00,11.54,11.56,11.54,11.54,6000,0
2016-04-07,08:10:00,11.54,11.58,11.54,11.58,10000,0
2016-04-07,08:15:00,11.58,11.58,11.52,11.52,10000,0
2016-04-07,08:20:00,11.56,11.58,11.56,11.58,3000,0
2016-04-07,08:25:00,11.58,11.6,11.52,11.52,10000,0
2016-04-07,08:30:00,11.52,11.58,11.52,11.54,11000,0
2016-04-07,08:35:00,11.54,11.56,11.52,11.54,7000,0
2016-04-07,08:40:00,11.54,11.56,11.54,11.56,4000,0
2016-04-07,08:45:00,11.56,11.56,11.52,11.52,8000,0
2016-04-07,08:50:00,11.52,11.54,11.5,11.52,6000,0
2016-04-07,08:55:00,11.52,11.56,11.52,11.54,9000,0
2016-04-07,09:00:00,11.54,11.58,11.54,11.54,8000,0
2016-04-07,09:05:00,11.5,11.58,11.5,11.58,12000,0
2016-04-07,09:10:00,11.58,11.58,11.54,11.54,3000,0
2016-04-07,09:15:00,11.5,11.54,11.5,11.54,7000,0
2016-04-07,09:20:00,11.54,11.54,11.52,11.54,27000,0
2016-04-07,09:25:00,11.54,11.54,11.52,11.54,7000,0
2016-04-07,09:30:00,11.54,11.54,11.52,11.52,5000,0
2016-04-07,09:35:00,11.5,11.54,11.5,11.54,4000,0
2016-04-07,09:40:00,11.54,11.54,11.52,11.54,7000,0
2016-04-07,09:45:00,11.54,11.54,11.52,11.52,6000,0
2016-04-07,09:50:00,11.5,11.58,11.5,11.54,5000,0
2016-04-07,09:55:00,11.5,11.52,11.5,11.52,8000,0
2016-04-07,10:00:00,11.5,11.58,11.5,11.58,20000,0
2016-04-08,03:35:00,11.5,11.58,11.5,11.52,3000,0
2016-04-08,03:40:00,11.5,11.52,11.5,11.52,2000,0
2016-04-08,03:45:00,11.5,11.52,11.5,11.52,2000,0
2016-04-08,04:00:00,11.5,11.52,11.5,11.52,2000,0
2016-04-08,04:05:00,11.5,11.52,11.5,11.52,2000,0
2016-04-08,04:10:00,11.5,11.52,11.5,11.52,7000,0
2016-04-08,04:15:00,11.5,11.54,11.5,11.54,9000,0
2016-04-08,04:20:00,11.52,11.54,11.5,11.54,7000,0
2016-04-08,04:25:00,11.54,11.54,11.54,11.54,2000,0
2016-04-08,04:30:00,11.5,11.54,11.5,11.54,15000,0
2016-04-08,04:35:00,11.52,11.54,11.52,11.54,3000,0
2016-04-08,04:40:00,11.54,11.58,11.54,11.56,4000,0
2016-04-08,04:45:00,11.56,11.56,11.52,11.56,4000,0
2016-04-08,04:50:00,11.54,11.54,11.52,11.54,4000,0
2016-04-08,04:55:00,11.56,11.56,11.52,11.56,8000,0
2016-04-08,05:00:00,11.56,11.56,11.56,11.56,1000,0
2016-04-08,05:05:00,11.54,11.54,11.52,11.54,8000,0
2016-04-08,05:10:00,11.54,11.56,11.54,11.54,3000,0
2016-04-08,05:15:00,11.54,11.54,11.52,11.54,4000,0
2016-04-08,05:20:00,11.54,11.58,11.54,11.58,10000,0
2016-04-08,05:25:00,11.54,11.54,11.52,11.54,4000,0
2016-04-08,05:30:00,11.54,11.54,11.52,11.54,4000,0
2016-04-08,05:35:00,11.54,11.58,11.54,11.58,12333,0
2016-04-08,05:40:00,11.58,11.58,11.54,11.54,3000,0
2016-04-08,05:45:00,11.54,11.58,11.54,11.56,4000,0
2016-04-08,05:50:00,11.56,11.6,11.54,11.56,8033,0
2016-04-08,05:55:00,11.56,11.6,11.54,11.58,12000,0
2016-04-08,06:00:00,11.54,11.6,11.54,11.6,10000,0
2016-04-08,07:05:00,11.6,11.64,11.56,11.58,11000,0
2016-04-08,07:10:00,11.62,11.64,11.56,11.56,8000,0
2016-04-08,07:15:00,11.58,11.6,11.54,11.58,6000,0
2016-04-08,07:20:00,11.58,11.64,11.54,11.6,14000,0
2016-04-08,07:25:00,11.6,11.6,11.56,11.58,4000,0
2016-04-08,07:30:00,11.58,11.62,11.54,11.58,7000,0
2016-04-08,07:35:00,11.58,11.62,11.58,11.62,3000,0
2016-04-08,07:40:00,11.6,11.6,11.56,11.56,5000,0
2016-04-08,07:45:00,11.56,11.58,11.56,11.58,4000,0
2016-04-08,07:50:00,11.58,11.58,11.54,11.58,5000,0
2016-04-08,07:55:00,11.58,11.58,11.52,11.56,4000,0
2016-04-08,08:00:00,11.56,11.6,11.52,11.6,6000,0
2016-04-08,08:05:00,11.58,11.58,11.52,11.56,7000,0
2016-04-08,08:10:00,11.56,11.56,11.56,11.56,2000,0
2016-04-08,08:15:00,11.56,11.58,11.52,11.58,5000,0
2016-04-08,08:20:00,11.56,11.56,11.52,11.56,7000,0
2016-04-08,08:25:00,11.56,11.58,11.52,11.58,5000,0
2016-04-08,08:30:00,11.58,11.58,11.5,11.52,9000,0
2016-04-08,08:35:00,11.54,11.6,11.54,11.54,8000,0
2016-04-08,08:40:00,11.54,11.56,11.54,11.56,3000,0
2016-04-08,08:45:00,11.56,11.56,11.52,11.56,10000,0
2016-04-08,08:50:00,11.56,11.56,11.54,11.56,4000,0
2016-04-08,08:55:00,11.56,11.58,11.54,11.58,4000,0
2016-04-08,09:00:00,11.58,11.58,11.58,11.58,2000,0
2016-04-08,09:05:00,11.56,11.6,11.52,11.6,7000,0
2016-04-08,09:10:00,11.6,11.6,11.52,11.52,8000,0
2016-04-08,09:15:00,11.52,11.6,11.52,11.56,12000,0
2016-04-08,09:20:00,11.56,11.58,11.52,11.52,5000,0
2016-04-08,09:25:00,11.52,11.58,11.52,11.56,10000,0
2016-04-08,09:30:00,11.56,11.56,11.54,11.56,5000,0
2016-04-08,09:35:00,11.56,11.6,11.54,11.56,9000,0
2016-04-08,09:40:00,11.56,11.58,11.52,11.58,8000,0
2016-04-08,09:45:00,11.58,11.58,11.54,11.54,8000,0
2016-04-08,09:50:00,11.54,11.56,11.54,11.56,7000,0
2016-04-08,09:55:00,11.56,11.58,11.54,11.58,11000,0
2016-04-08,10:00:00,11.58,11.6,11.54,11.6,18000,0
2016-04-11,03:50:00,11.66,11.78,11.66,11.78,2000,0
2016-04-11,03:55:00,11.78,11.8,11.78,11.8,5000,0
2016-04-11,04:00:00,11.8,11.8,11.8,11.8,2000,0
2016-04-11,04:05:00,11.8,11.8,11.8,11.8,1000,0
2016-04-11,04:10:00,11.8,11.8,11.72,11.72,10000,0
2016-04-11,04:15:00,11.72,11.76,11.72,11.72,7000,0
2016-04-11,04:20:00,11.72,11.72,11.72,11.72,4000,0
2016-04-11,04:25:00,11.72,11.72,11.7,11.7,5000,0
2016-04-11,04:30:00,11.7,11.7,11.7,11.7,2000,0
2016-04-11,04:35:00,11.7,11.7,11.7,11.7,6000,0
2016-04-11,04:40:00,11.7,11.7,11.7,11.7,3000,0
2016-04-11,04:45:00,11.7,11.7,11.7,11.7,4000,0
2016-04-11,05:00:00,11.7,11.7,11.7,11.7,3000,0
2016-04-11,05:10:00,11.7,11.7,11.66,11.7,36000,0
2016-04-11,05:30:00,11.7,11.7,11.7,11.7,3000,0
2016-04-11,07:05:00,11.7,11.7,11.7,11.7,4000,0
2016-04-11,07:15:00,11.7,11.7,11.7,11.7,6000,0
2016-04-11,07:20:00,11.7,11.7,11.7,11.7,1000,0
2016-04-11,07:25:00,11.7,11.7,11.7,11.7,1000,0
2016-04-11,07:30:00,11.7,11.7,11.7,11.7,1000,0
2016-04-11,08:30:00,11.7,11.7,11.7,11.7,1000,0
2016-04-11,09:45:00,11.7,11.7,11.7,11.7,4000,0
2016-04-11,09:50:00,11.7,11.7,11.7,11.7,4000,0
2016-04-11,09:55:00,11.7,11.7,11.7,11.7,13000,0
2016-04-11,10:00:00,11.7,11.7,11.68,11.7,277000,0
2016-04-12,04:05:00,11.66,11.66,11.66,11.66,5000,0
2016-04-12,04:10:00,11.66,11.66,11.66,11.66,1000,0
2016-04-12,05:10:00,11.66,11.74,11.66,11.74,18000,0
2016-04-12,05:30:00,11.7,11.72,11.7,11.72,3000,0
2016-04-12,05:35:00,11.72,11.72,11.7,11.7,3000,0
2016-04-12,05:40:00,11.7,11.7,11.68,11.68,6000,0
2016-04-12,05:45:00,11.68,11.68,11.68,11.68,1000,0
2016-04-12,05:50:00,11.68,11.68,11.68,11.68,3000,0
2016-04-12,05:55:00,11.68,11.7,11.68,11.7,9000,0
2016-04-12,06:00:00,11.7,11.7,11.7,11.7,2000,0
2016-04-12,07:05:00,11.7,11.7,11.68,11.68,29000,0
2016-04-12,07:10:00,11.68,11.68,11.68,11.68,1000,0
2016-04-12,07:15:00,11.68,11.68,11.68,11.68,1000,0
2016-04-12,07:35:00,11.68,11.68,11.66,11.66,6000,0
2016-04-12,08:10:00,11.66,11.66,11.66,11.66,12000,0
2016-04-12,08:15:00,11.66,11.66,11.64,11.64,14000,0
2016-04-12,08:55:00,11.64,11.64,11.6,11.6,9000,0
2016-04-12,09:00:00,11.6,11.66,11.58,11.62,47000,0
2016-04-12,09:15:00,11.62,11.62,11.6,11.6,12000,0
2016-04-12,09:20:00,11.6,11.66,11.6,11.62,19000,0
2016-04-12,09:25:00,11.62,11.62,11.62,11.62,4000,0
2016-04-12,09:35:00,11.62,11.62,11.6,11.6,13000,0
2016-04-12,09:40:00,11.6,11.62,11.6,11.62,2000,0
2016-04-12,10:00:00,11.62,11.66,11.62,11.62,6000,0
2016-04-13,03:50:00,11.64,11.7,11.64,11.7,6000,0
2016-04-13,03:55:00,11.7,11.72,11.7,11.72,9000,0
2016-04-13,04:05:00,11.72,11.74,11.72,11.74,300000,0
2016-04-13,04:10:00,11.74,11.74,11.74,11.74,3000,0
2016-04-13,04:25:00,11.74,11.74,11.66,11.66,10000,0
2016-04-13,04:30:00,11.66,11.68,11.66,11.68,8000,0
2016-04-13,04:40:00,11.7,11.7,11.7,11.7,1000,0
2016-04-13,04:55:00,11.7,11.74,11.7,11.74,2000,0
2016-04-13,05:00:00,11.74,11.74,11.74,11.74,1000,0
2016-04-13,05:15:00,11.74,11.74,11.7,11.72,19000,0
2016-04-13,05:25:00,11.72,11.72,11.7,11.7,2000,0
2016-04-13,05:30:00,11.7,11.7,11.7,11.7,6000,0
2016-04-13,05:35:00,11.72,11.74,11.72,11.74,5000,0
2016-04-13,05:55:00,11.72,11.72,11.7,11.7,15000,0
2016-04-13,07:05:00,11.7,11.74,11.7,11.72,7000,0
2016-04-13,07:20:00,11.74,11.74,11.74,11.74,1000,0
2016-04-13,07:25:00,11.74,11.74,11.74,11.74,1000,0
2016-04-13,07:30:00,11.74,11.76,11.74,11.74,17000,0
2016-04-13,07:35:00,11.74,11.76,11.74,11.74,6000,0
2016-04-13,08:00:00,11.74,11.74,11.74,11.74,3000,0
2016-04-13,08:10:00,11.74,11.74,11.74,11.74,17000,0
2016-04-13,08:15:00,11.74,11.74,11.72,11.72,7000,0
2016-04-13,08:40:00,11.72,11.72,11.7,11.7,11000,0
2016-04-13,09:40:00,11.72,11.74,11.72,11.72,5000,0
2016-04-13,09:45:00,11.72,11.74,11.72,11.74,20000,0
2016-04-13,09:50:00,11.74,11.76,11.7,11.72,55000,0
2016-04-13,09:55:00,11.72,11.72,11.72,11.72,2000,0
2016-04-13,10:00:00,11.72,11.74,11.68,11.7,276000,0
