Date,Time,Open,High,Low,Close,Volume,OpenInt
2016-02-04,02:35:00,3.59,3.6,3.59,3.6,52000,0
2016-02-04,02:40:00,3.6,3.6,3.6,3.6,4000,0
2016-02-04,03:55:00,3.6,3.6,3.59,3.59,8000,0
2016-02-04,04:00:00,3.6,3.7,3.6,3.7,92000,0
2016-02-04,04:10:00,3.69,3.69,3.69,3.69,6000,0
2016-02-04,08:45:00,3.57,3.57,3.57,3.57,22000,0
2016-02-05,04:00:00,3.68,3.7,3.57,3.69,80000,0
2016-02-05,07:05:00,3.61,3.61,3.61,3.61,24000,0
2016-02-05,08:55:00,3.6,3.6,3.42,3.43,86000,0
2016-02-11,07:15:00,3.35,3.35,3.35,3.35,8000,0
2016-02-11,07:55:00,3.35,3.36,3.35,3.36,14000,0
2016-02-12,03:40:00,3.3,3.33,3.12,3.12,20000,0
2016-02-12,03:45:00,3.12,3.12,2.86,2.87,34000,0
2016-02-12,04:00:00,3.01,3.01,2.92,2.92,38000,0
2016-02-12,04:15:00,2.95,3.12,2.95,3.12,8000,0
2016-02-12,04:20:00,3.12,3.13,3,3.11,78000,0
2016-02-12,04:25:00,3.11,3.11,3.01,3.02,74000,0
2016-02-12,04:35:00,3.02,3.02,3.02,3.02,6000,0
2016-02-12,07:20:00,3.08,3.16,3.08,3.16,20000,0
2016-02-12,07:40:00,3.16,3.16,3.07,3.08,10000,0
2016-02-12,08:30:00,3.1,3.1,3.1,3.1,6000,0
2016-02-12,08:35:00,3.1,3.28,3.1,3.2,28000,0
2016-02-12,08:40:00,3.2,3.2,3.13,3.13,128000,0
2016-02-12,08:55:00,3.13,3.2,3.13,3.2,20000,0
2016-02-12,09:00:00,3.2,3.2,3.13,3.15,50000,0
2016-02-15,02:40:00,3.15,3.18,3.15,3.17,24000,0
2016-02-15,03:45:00,3.26,3.27,3.26,3.27,14000,0
2016-02-15,06:05:00,3.29,3.29,3.29,3.29,12000,0
2016-02-15,07:05:00,3.29,3.29,3.29,3.29,4000,0
2016-02-15,07:10:00,3.29,3.29,3.29,3.29,6000,0
2016-02-15,07:30:00,3.29,3.3,3.29,3.29,30000,0
2016-02-15,08:45:00,3.29,3.29,3.29,3.29,40000,0
2016-02-16,02:40:00,3.24,3.29,3.24,3.24,4000,0
2016-02-16,03:00:00,3.24,3.24,3.01,3.03,20000,0
2016-02-16,03:20:00,3.2,3.29,3.2,3.29,4000,0
2016-02-16,03:55:00,3.29,3.29,3.21,3.25,60000,0
2016-02-16,04:20:00,3.25,3.25,3.22,3.22,8000,0
2016-02-16,04:40:00,3.22,3.28,3.21,3.21,24000,0
2016-02-16,04:45:00,3.21,3.21,3.2,3.2,32000,0
2016-02-16,04:55:00,3.2,3.2,3.2,3.2,2000,0
2016-02-16,05:00:00,3.2,3.3,3.2,3.3,10000,0
2016-02-16,06:20:00,3.3,3.3,3.21,3.21,4000,0
2016-02-16,07:20:00,3.25,3.25,3.25,3.25,4000,0
2016-02-16,07:35:00,3.25,3.28,3.25,3.28,4000,0
2016-02-16,08:00:00,3.28,3.28,3.25,3.25,4000,0
2016-02-16,08:20:00,3.25,3.25,3.21,3.21,46000,0
2016-02-16,08:25:00,3.21,3.23,3.21,3.23,4000,0
2016-02-16,08:55:00,3.25,3.25,3.25,3.25,2000,0
2016-02-17,02:55:00,3.25,3.25,3.24,3.25,202000,0
2016-02-17,03:55:00,3.25,3.25,3.25,3.25,8000,0
2016-02-17,04:30:00,3.25,3.25,3.24,3.24,14000,0
2016-02-17,04:35:00,3.24,3.24,3.22,3.22,18000,0
2016-02-17,04:50:00,3.17,3.2,3.17,3.2,4000,0
2016-02-18,02:40:00,3.23,3.23,3.22,3.22,4000,0
2016-02-18,03:10:00,3.22,3.22,3.15,3.15,62000,0
2016-02-18,03:15:00,3.15,3.15,3.15,3.15,2000,0
2016-02-18,03:35:00,3.15,3.15,3.15,3.15,2000,0
2016-02-18,03:40:00,3.09,3.09,3.09,3.09,2000,0
2016-02-18,03:50:00,3.1,3.18,3.1,3.18,74000,0
2016-02-18,04:10:00,3.18,3.2,3.18,3.2,4000,0
2016-02-18,04:25:00,3.2,3.22,3.2,3.22,8000,0
2016-02-18,04:45:00,3.22,3.22,3.22,3.22,2000,0
2016-02-18,05:00:00,3.22,3.23,3.22,3.23,10000,0
2016-02-18,06:35:00,3.23,3.25,3.23,3.25,40000,0
2016-02-18,06:40:00,3.25,3.26,3.25,3.26,4000,0
2016-02-18,06:45:00,3.26,3.26,3.26,3.26,2000,0
2016-02-18,07:35:00,3.26,3.26,3.25,3.26,20000,0
2016-02-19,03:10:00,3.2,3.26,3.17,3.17,76000,0
2016-02-19,03:20:00,3.17,3.34,3.17,3.34,24000,0
2016-02-19,04:05:00,3.21,3.21,3.21,3.21,2000,0
2016-02-19,04:10:00,3.21,3.21,3.21,3.21,2000,0
2016-02-19,04:20:00,3.21,3.29,3.21,3.29,4000,0
2016-02-19,04:55:00,3.29,3.29,3.29,3.29,2000,0
2016-02-19,07:00:00,3.29,3.29,3.23,3.23,74000,0
2016-02-19,07:10:00,3.23,3.23,3.2,3.22,36000,0
2016-02-19,07:15:00,3.22,3.27,3.22,3.27,10000,0
2016-02-19,07:25:00,3.27,3.27,3.27,3.27,4000,0
2016-02-19,07:30:00,3.27,3.28,3.27,3.28,12000,0
2016-02-19,08:05:00,3.28,3.29,3.28,3.29,6000,0
2016-02-22,04:05:00,3.29,3.29,3.23,3.23,4000,0
2016-02-22,04:55:00,3.23,3.29,3.23,3.29,132000,0
2016-02-22,06:10:00,3.29,3.29,3.29,3.29,10000,0
2016-02-22,06:55:00,3.27,3.27,3.27,3.27,2000,0
2016-02-22,07:35:00,3.27,3.28,3.27,3.28,4000,0
2016-02-22,08:30:00,3.28,3.28,3.28,3.28,10000,0
2016-02-22,08:35:00,3.28,3.28,3.28,3.28,6000,0
2016-02-22,08:55:00,3.28,3.28,3.21,3.25,6000,0
2016-02-23,04:40:00,3.25,3.25,3.25,3.25,10000,0
2016-02-23,06:25:00,3.27,3.31,3.27,3.31,4000,0
2016-02-23,06:45:00,3.31,3.35,3.31,3.35,22000,0
2016-02-23,07:35:00,3.35,3.35,3.26,3.26,4000,0
2016-02-23,08:05:00,3.3,3.31,3.3,3.31,12000,0
2016-02-23,08:25:00,3.3,3.31,3.3,3.31,8000,0
2016-02-23,08:40:00,3.31,3.31,3.31,3.31,8000,0
2016-02-23,08:45:00,3.31,3.31,3.3,3.3,4000,0
2016-02-23,08:55:00,3.3,3.3,3.3,3.3,2000,0
2016-02-23,09:00:00,3.3,3.3,3.3,3.3,2000,0
2016-02-24,03:40:00,3.21,3.3,3.21,3.22,6000,0
2016-02-24,04:15:00,3.22,3.22,3.22,3.22,2000,0
2016-02-24,06:10:00,3.22,3.23,3.22,3.23,2000,0
2016-02-25,03:10:00,3.23,3.23,3.23,3.23,2000,0
2016-02-25,03:15:00,3.23,3.23,3.23,3.23,12000,0
2016-02-25,06:05:00,3.23,3.23,3.23,3.23,2000,0
2016-02-26,04:20:00,3.21,3.25,3.21,3.25,108000,0
2016-02-26,04:40:00,3.25,3.25,3.25,3.25,6000,0
2016-02-26,08:20:00,3.25,3.25,3.25,3.25,16000,0
2016-02-26,08:30:00,3.25,3.25,3.25,3.25,20000,0
2016-02-26,09:00:00,3.26,3.35,3.26,3.26,8000,0
2016-02-29,06:10:00,3.2,3.22,3.2,3.22,2000,0
2016-03-01,04:00:00,3.22,3.22,3.22,3.22,20000,0
2016-03-01,07:10:00,3.2,3.23,3.2,3.23,4000,0
2016-03-01,08:10:00,3.23,3.23,3.23,3.23,4000,0
2016-03-03,02:35:00,3.35,3.35,3.3,3.35,20000,0
2016-03-03,02:50:00,3.35,3.46,3.35,3.46,26000,0
2016-03-03,02:55:00,3.46,3.46,3.46,3.46,20000,0
2016-03-03,03:00:00,3.46,3.46,3.31,3.31,14000,0
2016-03-03,03:10:00,3.4,3.49,3.4,3.42,16000,0
2016-03-03,03:15:00,3.42,3.49,3.42,3.49,16000,0
2016-03-03,03:25:00,3.39,3.39,3.39,3.39,4000,0
2016-03-03,03:40:00,3.39,3.5,3.39,3.5,36000,0
2016-03-03,03:45:00,3.45,3.45,3.45,3.45,8000,0
2016-03-03,04:00:00,3.45,3.45,3.45,3.45,30000,0
2016-03-03,04:10:00,3.45,3.45,3.45,3.45,2000,0
2016-03-03,05:00:00,3.45,3.5,3.45,3.5,8000,0
2016-03-03,06:25:00,3.5,3.5,3.5,3.5,18000,0
2016-03-03,07:20:00,3.5,3.5,3.5,3.5,10000,0
2016-03-03,07:55:00,3.5,3.5,3.5,3.5,56000,0
2016-03-03,08:00:00,3.5,3.5,3.5,3.5,2000,0
2016-03-03,08:10:00,3.5,3.5,3.5,3.5,2000,0
2016-03-03,08:15:00,3.5,3.5,3.5,3.5,4000,0
2016-03-03,08:25:00,3.5,3.51,3.5,3.51,4000,0
2016-03-03,08:35:00,3.51,3.51,3.5,3.5,12000,0
2016-03-03,08:55:00,3.5,3.52,3.5,3.52,14000,0
2016-03-04,02:35:00,3.55,3.56,3.52,3.55,8000,0
2016-03-04,02:50:00,3.63,3.7,3.6,3.7,24000,0
2016-03-04,02:55:00,3.7,3.7,3.6,3.6,32000,0
2016-03-04,03:10:00,3.62,3.62,3.6,3.6,18000,0
2016-03-04,03:15:00,3.58,3.58,3.47,3.48,56000,0
2016-03-04,03:20:00,3.48,3.54,3.48,3.54,68000,0
2016-03-04,03:25:00,3.54,3.54,3.54,3.54,2000,0
2016-03-04,03:35:00,3.54,3.54,3.48,3.48,44000,0
2016-03-04,03:45:00,3.48,3.49,3.48,3.49,8000,0
2016-03-04,03:55:00,3.49,3.5,3.49,3.5,4000,0
2016-03-04,04:00:00,3.5,3.5,3.5,3.5,2000,0
2016-03-04,04:40:00,3.52,3.52,3.52,3.52,10000,0
2016-03-04,04:45:00,3.52,3.52,3.5,3.5,26000,0
2016-03-04,04:50:00,3.5,3.5,3.47,3.47,4000,0
2016-03-04,06:10:00,3.47,3.47,3.47,3.47,2000,0
2016-03-04,06:25:00,3.45,3.47,3.45,3.47,4000,0
2016-03-04,06:30:00,3.47,3.5,3.47,3.5,16000,0
2016-03-04,06:35:00,3.5,3.5,3.5,3.5,2000,0
2016-03-04,06:40:00,3.5,3.52,3.5,3.52,4000,0
2016-03-04,07:05:00,3.52,3.55,3.52,3.55,8000,0
2016-03-04,07:10:00,3.55,3.55,3.52,3.52,60000,0
2016-03-04,08:20:00,3.52,3.52,3.52,3.52,10000,0
2016-03-04,08:45:00,3.52,3.57,3.52,3.57,8000,0
2016-03-04,09:00:00,3.57,3.57,3.52,3.52,24000,0
2016-03-07,06:10:00,3.49,3.49,3.49,3.49,8000,0
2016-03-07,07:25:00,3.49,3.49,3.49,3.49,8000,0
2016-03-07,08:55:00,3.48,3.49,3.48,3.49,70000,0
2016-03-08,02:35:00,3.49,3.54,3.49,3.54,4000,0
2016-03-08,03:30:00,3.49,3.54,3.49,3.54,26000,0
2016-03-08,03:35:00,3.54,3.54,3.54,3.54,6000,0
2016-03-08,03:40:00,3.54,3.54,3.54,3.54,2000,0
2016-03-08,07:45:00,3.54,3.54,3.54,3.54,10000,0
2016-03-08,07:55:00,3.54,3.54,3.54,3.54,30000,0
2016-03-08,08:55:00,3.54,3.54,3.54,3.54,12000,0
2016-03-08,09:00:00,3.54,3.54,3.54,3.54,28000,0
2016-03-09,02:40:00,3.45,3.54,3.45,3.45,42000,0
2016-03-09,04:20:00,3.45,3.45,3.45,3.45,20000,0
2016-03-09,07:10:00,3.45,3.45,3.45,3.45,10000,0
2016-03-09,07:35:00,3.45,3.45,3.45,3.45,18000,0
2016-03-09,07:45:00,3.45,3.45,3.45,3.45,2000,0
2016-03-09,08:40:00,3.45,3.45,3.45,3.45,20000,0
2016-03-10,02:35:00,3.41,3.45,3.41,3.41,4000,0
2016-03-10,02:40:00,3.41,3.41,3.41,3.41,2000,0
2016-03-10,03:20:00,3.41,3.41,3.41,3.41,2000,0
2016-03-10,04:20:00,3.3,3.3,3.3,3.3,2000,0
2016-03-11,02:35:00,3.3,3.3,3.25,3.3,20000,0
2016-03-14,02:35:00,3.3,3.5,3.3,3.5,40000,0
2016-03-14,02:45:00,3.5,3.6,3.5,3.6,12000,0
2016-03-14,03:10:00,3.6,3.6,3.6,3.6,10000,0
2016-03-14,03:40:00,3.54,3.54,3.49,3.49,36000,0
2016-03-14,03:45:00,3.49,3.5,3.49,3.5,40000,0
2016-03-14,04:00:00,3.5,3.5,3.5,3.5,20000,0
2016-03-14,06:10:00,3.5,3.5,3.36,3.36,4000,0
2016-03-14,06:30:00,3.36,3.5,3.36,3.5,36000,0
2016-03-14,08:35:00,3.49,3.49,3.49,3.49,4000,0
2016-03-14,08:45:00,3.49,3.5,3.49,3.5,26000,0
2016-03-15,03:30:00,3.59,3.6,3.5,3.6,86000,0
2016-03-15,06:50:00,3.58,3.58,3.45,3.45,4000,0
2016-03-16,02:50:00,3.3,3.4,3.3,3.4,6000,0
2016-03-17,04:15:00,3.41,3.43,3.41,3.43,6000,0
2016-03-18,03:45:00,3.51,3.51,3.51,3.51,2000,0
2016-03-18,03:50:00,3.51,3.51,3.51,3.51,2000,0
2016-03-18,04:05:00,3.51,3.51,3.51,3.51,50000,0
2016-03-18,04:15:00,3.51,3.6,3.51,3.6,44000,0
2016-03-18,04:25:00,3.6,3.6,3.6,3.6,10000,0
2016-03-18,04:55:00,3.6,3.6,3.6,3.6,20000,0
2016-03-18,06:10:00,3.6,3.6,3.6,3.6,6000,0
2016-03-18,06:50:00,3.59,3.6,3.59,3.6,38000,0
2016-03-18,07:25:00,3.6,3.6,3.6,3.6,30000,0
2016-03-18,07:50:00,3.6,3.6,3.51,3.51,52000,0
2016-03-18,08:00:00,3.51,3.59,3.51,3.59,48000,0
2016-03-18,08:30:00,3.59,3.6,3.59,3.59,208000,0
2016-03-21,02:55:00,3.59,3.59,3.5,3.5,20000,0
2016-03-21,06:25:00,3.44,3.51,3.44,3.51,4000,0
2016-03-22,03:20:00,3.44,3.51,3.44,3.44,4000,0
2016-03-22,06:10:00,3.44,3.44,3.32,3.33,6000,0
2016-03-22,07:10:00,3.33,3.34,3.33,3.34,6000,0
2016-03-22,09:00:00,3.36,3.36,3.36,3.36,6000,0
2016-03-23,02:50:00,3.4,3.4,3.39,3.4,4000,0
2016-03-23,06:45:00,3.45,3.45,3.45,3.45,8000,0
2016-03-23,07:10:00,3.45,3.45,3.45,3.45,10000,0
2016-03-23,08:00:00,3.45,3.45,3.45,3.45,2000,0
2016-03-23,08:25:00,3.46,3.46,3.45,3.45,16000,0
2016-03-24,02:40:00,3.4,3.45,3.4,3.41,6000,0
2016-03-24,02:45:00,3.41,3.41,3.41,3.41,18000,0
2016-03-24,03:10:00,3.45,3.45,3.45,3.45,2000,0
2016-03-24,04:15:00,3.45,3.45,3.45,3.45,28000,0
2016-03-24,04:40:00,3.45,3.47,3.4,3.47,80000,0
2016-03-24,04:55:00,3.45,3.45,3.4,3.4,6000,0
2016-03-24,05:00:00,3.4,3.4,3.4,3.4,2000,0
2016-03-24,08:00:00,3.33,3.33,3.33,3.33,30000,0
2016-03-29,04:10:00,3.34,3.34,3.34,3.34,2000,0
2016-03-29,04:15:00,3.34,3.34,3.34,3.34,20000,0
2016-03-29,05:20:00,3.36,3.49,3.36,3.49,34000,0
2016-03-29,08:25:00,3.49,3.49,3.45,3.45,8000,0
2016-03-29,08:30:00,3.45,3.45,3.45,3.45,14000,0
2016-03-30,04:20:00,3.49,3.49,3.45,3.49,4000,0
2016-03-30,04:25:00,3.49,3.55,3.49,3.55,88000,0
2016-03-30,04:30:00,3.55,3.6,3.55,3.6,70000,0
2016-03-30,04:40:00,3.6,3.75,3.6,3.75,150000,0
2016-03-30,05:25:00,3.64,3.64,3.59,3.59,40000,0
2016-03-31,04:20:00,3.59,3.59,3.59,3.59,2000,0
2016-03-31,05:20:00,3.59,3.59,3.47,3.47,20000,0
2016-03-31,07:10:00,3.48,3.57,3.48,3.57,4000,0
2016-03-31,07:20:00,3.57,3.57,3.57,3.57,22000,0
2016-03-31,09:20:00,3.57,3.61,3.57,3.61,78000,0
2016-03-31,10:00:00,3.61,3.69,3.61,3.65,42000,0
2016-04-01,04:30:00,3.41,3.65,3.41,3.65,10000,0
2016-04-01,07:10:00,3.49,3.49,3.49,3.49,2000,0
2016-04-01,10:00:00,3.49,3.6,3.49,3.6,12000,0
2016-04-05,07:10:00,3.6,3.6,3.37,3.37,4000,0
2016-04-06,09:55:00,3.65,3.65,3.47,3.65,4000,0
2016-04-07,04:55:00,3.65,3.65,3.65,3.65,8000,0
2016-04-07,05:05:00,3.65,3.65,3.65,3.65,12000,0
2016-04-07,05:50:00,3.65,3.65,3.57,3.57,4000,0
2016-04-07,05:55:00,3.57,3.57,3.57,3.57,24000,0
2016-04-07,06:00:00,3.57,3.57,3.56,3.56,64000,0
2016-04-07,07:05:00,3.56,3.56,3.56,3.56,12000,0
2016-04-07,09:10:00,3.56,3.56,3.55,3.55,6000,0
2016-04-08,05:30:00,3.63,3.63,3.63,3.63,2000,0
2016-04-08,08:40:00,3.59,3.59,3.5,3.55,4000,0
2016-04-11,04:40:00,3.55,3.55,3.5,3.5,28000,0
2016-04-11,04:45:00,3.5,3.5,3.49,3.49,22000,0
2016-04-11,05:00:00,3.49,3.5,3.49,3.5,4000,0
2016-04-11,05:05:00,3.5,3.5,3.46,3.46,4000,0
2016-04-11,05:35:00,3.46,3.46,3.45,3.45,4000,0
2016-04-11,05:40:00,3.45,3.51,3.45,3.51,72000,0
2016-04-11,06:00:00,3.51,3.51,3.5,3.5,44000,0
2016-04-11,07:35:00,3.51,3.51,3.51,3.51,2000,0
2016-04-11,09:40:00,3.51,3.51,3.5,3.5,28000,0
2016-04-12,05:00:00,3.5,3.5,3.35,3.35,16000,0
2016-04-12,05:45:00,3.39,3.39,3.39,3.39,2000,0
2016-04-12,07:45:00,3.39,3.39,3.35,3.35,76000,0
2016-04-12,08:00:00,3.35,3.45,3.35,3.45,96000,0
2016-04-12,08:10:00,3.45,3.45,3.45,3.45,2000,0
2016-04-12,08:30:00,3.45,3.45,3.45,3.45,10000,0
2016-04-12,10:00:00,3.45,3.45,3.45,3.45,14000,0
2016-04-13,04:10:00,3.6,3.6,3.45,3.6,4000,0
2016-04-13,05:00:00,3.41,3.41,3.41,3.41,12000,0
2016-04-13,07:10:00,3.42,3.42,3.41,3.41,146000,0
2016-04-13,09:20:00,3.42,3.42,3.42,3.42,8000,0
2016-04-13,09:30:00,3.42,3.42,3.42,3.42,10000,0
2016-04-13,09:50:00,3.42,3.42,3.42,3.42,2000,0
