Date,Time,Open,High,Low,Close,Volume,OpenInt
2016-03-18,02:35:00,8.53,8.53,8.49,8.5,337500,0
2016-03-18,02:40:00,8.5,8.53,8.5,8.53,280500,0
2016-03-18,02:45:00,8.53,8.53,8.52,8.53,40500,0
2016-03-18,02:50:00,8.53,8.55,8.53,8.55,201500,0
2016-03-18,02:55:00,8.55,8.61,8.54,8.61,284000,0
2016-03-18,03:00:00,8.61,8.65,8.61,8.65,286500,0
2016-03-18,03:05:00,8.65,8.69,8.64,8.65,519000,0
2016-03-18,03:10:00,8.65,8.66,8.64,8.66,61500,0
2016-03-18,03:15:00,8.66,8.67,8.65,8.65,69500,0
2016-03-18,03:20:00,8.65,8.68,8.65,8.68,108500,0
2016-03-18,03:25:00,8.68,8.68,8.66,8.67,92000,0
2016-03-18,03:30:00,8.67,8.67,8.66,8.67,39000,0
2016-03-18,03:35:00,8.67,8.67,8.66,8.67,29500,0
2016-03-18,03:40:00,8.67,8.67,8.66,8.67,40000,0
2016-03-18,03:45:00,8.67,8.68,8.66,8.66,194000,0
2016-03-18,03:50:00,8.66,8.67,8.66,8.66,25000,0
2016-03-18,03:55:00,8.66,8.67,8.66,8.66,37000,0
2016-03-18,04:00:00,8.66,8.67,8.65,8.65,121500,0
2016-03-18,04:05:00,8.65,8.65,8.65,8.65,182000,0
2016-03-18,04:10:00,8.65,8.65,8.64,8.65,58000,0
2016-03-18,04:15:00,8.65,8.66,8.65,8.66,27500,0
2016-03-18,04:20:00,8.66,8.66,8.65,8.65,67000,0
2016-03-18,04:25:00,8.65,8.66,8.65,8.66,51500,0
2016-03-18,04:30:00,8.66,8.66,8.65,8.65,94500,0
2016-03-18,04:35:00,8.65,8.65,8.64,8.64,121500,0
2016-03-18,04:40:00,8.64,8.65,8.62,8.63,122000,0
2016-03-18,04:45:00,8.63,8.64,8.63,8.63,38000,0
2016-03-18,04:50:00,8.63,8.64,8.62,8.62,83000,0
2016-03-18,04:55:00,8.62,8.63,8.62,8.63,65500,0
2016-03-18,05:00:00,8.63,8.63,8.62,8.63,29000,0
2016-03-18,06:05:00,8.63,8.63,8.62,8.63,54000,0
2016-03-18,06:10:00,8.63,8.64,8.62,8.64,150000,0
2016-03-18,06:15:00,8.64,8.64,8.63,8.64,64500,0
2016-03-18,06:20:00,8.64,8.64,8.63,8.64,135000,0
2016-03-18,06:25:00,8.64,8.64,8.61,8.62,94000,0
2016-03-18,06:30:00,8.62,8.62,8.6,8.6,48409,0
2016-03-18,06:35:00,8.6,8.63,8.6,8.61,61000,0
2016-03-18,06:40:00,8.61,8.62,8.61,8.62,44500,0
2016-03-18,06:45:00,8.62,8.62,8.62,8.62,17000,0
2016-03-18,06:50:00,8.62,8.62,8.61,8.61,102000,0
2016-03-18,06:55:00,8.61,8.61,8.6,8.61,97500,0
2016-03-18,07:00:00,8.61,8.61,8.58,8.58,272000,0
2016-03-18,07:05:00,8.58,8.58,8.56,8.57,84500,0
2016-03-18,07:10:00,8.57,8.57,8.56,8.56,45000,0
2016-03-18,07:15:00,8.56,8.56,8.55,8.55,27500,0
2016-03-18,07:20:00,8.55,8.57,8.55,8.56,36500,0
2016-03-18,07:25:00,8.56,8.57,8.56,8.57,47000,0
2016-03-18,07:30:00,8.57,8.57,8.54,8.55,97500,0
2016-03-18,07:35:00,8.55,8.55,8.53,8.53,33500,0
2016-03-18,07:40:00,8.53,8.54,8.53,8.53,48750,0
2016-03-18,07:45:00,8.53,8.56,8.52,8.54,73500,0
2016-03-18,07:50:00,8.54,8.54,8.53,8.53,30500,0
2016-03-18,07:55:00,8.53,8.54,8.53,8.53,39500,0
2016-03-18,08:00:00,8.53,8.54,8.5,8.53,165000,0
2016-03-18,08:05:00,8.53,8.54,8.52,8.52,304500,0
2016-03-18,08:10:00,8.52,8.54,8.52,8.54,82000,0
2016-03-18,08:15:00,8.54,8.54,8.52,8.53,58500,0
2016-03-18,08:20:00,8.53,8.53,8.52,8.53,34500,0
2016-03-18,08:25:00,8.53,8.54,8.52,8.54,73500,0
2016-03-18,08:30:00,8.54,8.55,8.53,8.55,92500,0
2016-03-18,08:35:00,8.55,8.55,8.54,8.55,39000,0
2016-03-18,08:40:00,8.55,8.57,8.54,8.56,109000,0
2016-03-18,08:45:00,8.56,8.59,8.55,8.59,193500,0
2016-03-18,08:50:00,8.59,8.6,8.57,8.58,250500,0
2016-03-18,08:55:00,8.58,8.59,8.57,8.59,358000,0
2016-03-18,09:00:00,8.59,8.6,8.55,8.59,2588000,0
2016-03-21,02:35:00,8.69,8.7,8.63,8.65,112500,0
2016-03-21,02:40:00,8.65,8.71,8.65,8.71,267000,0
2016-03-21,02:45:00,8.71,8.71,8.69,8.69,100000,0
2016-03-21,02:50:00,8.69,8.71,8.68,8.7,101000,0
2016-03-21,02:55:00,8.7,8.72,8.7,8.72,58500,0
2016-03-21,03:00:00,8.72,8.73,8.71,8.73,501000,0
2016-03-21,03:05:00,8.73,8.74,8.73,8.74,69000,0
2016-03-21,03:10:00,8.74,8.74,8.72,8.72,140500,0
2016-03-21,03:15:00,8.72,8.72,8.72,8.72,30000,0
2016-03-21,03:20:00,8.72,8.72,8.71,8.72,37500,0
2016-03-21,03:25:00,8.72,8.72,8.7,8.72,180000,0
2016-03-21,03:30:00,8.72,8.72,8.72,8.72,11300,0
2016-03-21,03:35:00,8.72,8.72,8.71,8.72,23500,0
2016-03-21,03:40:00,8.72,8.74,8.71,8.73,179000,0
2016-03-21,03:45:00,8.73,8.74,8.73,8.74,325000,0
2016-03-21,03:50:00,8.74,8.75,8.74,8.75,300000,0
2016-03-21,03:55:00,8.75,8.75,8.74,8.75,342000,0
2016-03-21,04:00:00,8.75,8.78,8.74,8.77,1002500,0
2016-03-21,04:05:00,8.77,8.85,8.77,8.83,1079200,0
2016-03-21,04:10:00,8.83,8.84,8.82,8.84,135500,0
2016-03-21,04:15:00,8.84,8.85,8.82,8.82,256000,0
2016-03-21,04:20:00,8.82,8.83,8.81,8.81,109500,0
2016-03-21,04:25:00,8.81,8.83,8.8,8.82,251500,0
2016-03-21,04:30:00,8.82,8.82,8.8,8.8,181500,0
2016-03-21,04:35:00,8.8,8.8,8.78,8.79,81238,0
2016-03-21,04:40:00,8.79,8.8,8.78,8.8,432000,0
2016-03-21,04:45:00,8.8,8.81,8.8,8.8,135500,0
2016-03-21,04:50:00,8.8,8.8,8.79,8.8,103000,0
2016-03-21,04:55:00,8.8,8.8,8.8,8.8,35500,0
2016-03-21,05:00:00,8.8,8.8,8.79,8.8,119500,0
2016-03-21,06:05:00,8.8,8.8,8.78,8.79,106500,0
2016-03-21,06:10:00,8.79,8.79,8.77,8.77,147500,0
2016-03-21,06:15:00,8.77,8.79,8.77,8.79,94000,0
2016-03-21,06:20:00,8.79,8.8,8.78,8.79,174200,0
2016-03-21,06:25:00,8.79,8.8,8.79,8.8,49000,0
2016-03-21,06:30:00,8.8,8.81,8.79,8.81,100000,0
2016-03-21,06:35:00,8.81,8.82,8.81,8.82,187680,0
2016-03-21,06:40:00,8.82,8.82,8.8,8.82,90000,0
2016-03-21,06:45:00,8.82,8.82,8.8,8.81,92000,0
2016-03-21,06:50:00,8.81,8.81,8.8,8.8,98700,0
2016-03-21,06:55:00,8.8,8.81,8.79,8.79,65500,0
2016-03-21,07:00:00,8.79,8.8,8.79,8.8,96000,0
2016-03-21,07:05:00,8.8,8.8,8.79,8.8,62500,0
2016-03-21,07:10:00,8.8,8.8,8.77,8.78,307500,0
2016-03-21,07:15:00,8.78,8.78,8.77,8.78,61500,0
2016-03-21,07:20:00,8.78,8.8,8.77,8.79,533500,0
2016-03-21,07:25:00,8.79,8.8,8.78,8.78,103500,0
2016-03-21,07:30:00,8.78,8.79,8.78,8.79,47000,0
2016-03-21,07:35:00,8.79,8.8,8.79,8.8,32500,0
2016-03-21,07:40:00,8.8,8.82,8.79,8.81,462500,0
2016-03-21,07:45:00,8.81,8.83,8.81,8.83,58000,0
2016-03-21,07:50:00,8.83,8.83,8.82,8.83,59500,0
2016-03-21,07:55:00,8.83,8.83,8.82,8.83,147500,0
2016-03-21,08:00:00,8.83,8.83,8.82,8.83,159500,0
2016-03-21,08:05:00,8.83,8.85,8.83,8.84,393500,0
2016-03-21,08:10:00,8.84,8.87,8.83,8.86,552000,0
2016-03-21,08:15:00,8.86,8.91,8.86,8.87,1147000,0
2016-03-21,08:20:00,8.87,8.88,8.87,8.87,201500,0
2016-03-21,08:25:00,8.87,8.9,8.87,8.89,333500,0
2016-03-21,08:30:00,8.89,8.9,8.88,8.89,551750,0
2016-03-21,08:35:00,8.89,8.92,8.88,8.91,318500,0
2016-03-21,08:40:00,8.91,8.91,8.9,8.9,482000,0
2016-03-21,08:45:00,8.9,8.91,8.88,8.88,508000,0
2016-03-21,08:50:00,8.88,8.9,8.88,8.89,596500,0
2016-03-21,08:55:00,8.89,8.9,8.89,8.89,1210500,0
2016-03-21,09:00:00,8.89,8.94,8.89,8.94,1111500,0
2016-03-22,02:35:00,8.92,9,8.92,8.97,196000,0
2016-03-22,02:40:00,8.97,8.97,8.92,8.93,247000,0
2016-03-22,02:45:00,8.93,8.94,8.92,8.94,146500,0
2016-03-22,02:50:00,8.94,8.95,8.92,8.95,234500,0
2016-03-22,02:55:00,8.95,8.95,8.92,8.93,196500,0
2016-03-22,03:00:00,8.93,8.94,8.9,8.94,102500,0
2016-03-22,03:05:00,8.94,8.94,8.93,8.94,65500,0
2016-03-22,03:10:00,8.94,8.94,8.93,8.93,103000,0
2016-03-22,03:15:00,8.93,8.93,8.9,8.9,111500,0
2016-03-22,03:20:00,8.9,8.94,8.89,8.9,248000,0
2016-03-22,03:25:00,8.9,8.9,8.89,8.9,99000,0
2016-03-22,03:30:00,8.9,8.9,8.88,8.89,137500,0
2016-03-22,03:35:00,8.89,8.89,8.88,8.88,123500,0
2016-03-22,03:40:00,8.88,8.89,8.86,8.87,84000,0
2016-03-22,03:45:00,8.87,8.9,8.86,8.89,65500,0
2016-03-22,03:50:00,8.89,8.9,8.85,8.87,180000,0
2016-03-22,03:55:00,8.87,8.87,8.8,8.8,177500,0
2016-03-22,04:00:00,8.8,8.8,8.75,8.76,126000,0
2016-03-22,04:05:00,8.76,8.76,8.75,8.76,169000,0
2016-03-22,04:10:00,8.76,8.77,8.76,8.77,244500,0
2016-03-22,04:15:00,8.77,8.77,8.75,8.76,118500,0
2016-03-22,04:20:00,8.76,8.8,8.76,8.79,170000,0
2016-03-22,04:25:00,8.79,8.8,8.79,8.8,45000,0
2016-03-22,04:30:00,8.8,8.8,8.79,8.79,122500,0
2016-03-22,04:35:00,8.79,8.8,8.78,8.78,211500,0
2016-03-22,04:40:00,8.78,8.79,8.78,8.78,146500,0
2016-03-22,04:45:00,8.78,8.79,8.76,8.77,229500,0
2016-03-22,04:50:00,8.77,8.78,8.77,8.77,163500,0
2016-03-22,04:55:00,8.77,8.78,8.77,8.77,81000,0
2016-03-22,05:00:00,8.77,8.78,8.77,8.78,33000,0
2016-03-22,06:05:00,8.78,8.78,8.77,8.78,71000,0
2016-03-22,06:10:00,8.78,8.78,8.77,8.77,42500,0
2016-03-22,06:15:00,8.77,8.78,8.77,8.78,86500,0
2016-03-22,06:20:00,8.78,8.78,8.76,8.76,228500,0
2016-03-22,06:25:00,8.76,8.77,8.76,8.77,20000,0
2016-03-22,06:30:00,8.77,8.77,8.76,8.77,282500,0
2016-03-22,06:35:00,8.77,8.77,8.76,8.76,130000,0
2016-03-22,06:40:00,8.76,8.77,8.76,8.77,75000,0
2016-03-22,06:45:00,8.77,8.77,8.76,8.76,91000,0
2016-03-22,06:50:00,8.76,8.77,8.76,8.77,18500,0
2016-03-22,06:55:00,8.77,8.77,8.76,8.77,13000,0
2016-03-22,07:00:00,8.77,8.78,8.76,8.78,292000,0
2016-03-22,07:05:00,8.78,8.8,8.77,8.79,725500,0
2016-03-22,07:10:00,8.79,8.8,8.79,8.8,406500,0
2016-03-22,07:15:00,8.8,8.81,8.79,8.8,200500,0
2016-03-22,07:20:00,8.8,8.81,8.8,8.81,41000,0
2016-03-22,07:25:00,8.81,8.81,8.8,8.8,37500,0
2016-03-22,07:30:00,8.8,8.81,8.8,8.8,70000,0
2016-03-22,07:35:00,8.8,8.81,8.8,8.81,62000,0
2016-03-22,07:40:00,8.81,8.81,8.81,8.81,68000,0
2016-03-22,07:45:00,8.81,8.82,8.81,8.82,74500,0
2016-03-22,07:50:00,8.82,8.83,8.81,8.82,128500,0
2016-03-22,07:55:00,8.82,8.82,8.8,8.8,56500,0
2016-03-22,08:00:00,8.8,8.81,8.8,8.81,36000,0
2016-03-22,08:05:00,8.81,8.81,8.79,8.79,140000,0
2016-03-22,08:10:00,8.79,8.8,8.79,8.79,54500,0
2016-03-22,08:15:00,8.79,8.79,8.78,8.78,50000,0
2016-03-22,08:20:00,8.78,8.79,8.78,8.78,55000,0
2016-03-22,08:25:00,8.78,8.79,8.78,8.79,26000,0
2016-03-22,08:30:00,8.79,8.79,8.78,8.79,56500,0
2016-03-22,08:35:00,8.79,8.79,8.78,8.78,61000,0
2016-03-22,08:40:00,8.78,8.79,8.78,8.79,166500,0
2016-03-22,08:45:00,8.79,8.79,8.77,8.77,251500,0
2016-03-22,08:50:00,8.77,8.78,8.73,8.73,426500,0
2016-03-22,08:55:00,8.73,8.74,8.72,8.73,291500,0
2016-03-22,09:00:00,8.73,8.74,8.72,8.73,1655500,0
2016-03-23,02:35:00,8.7,8.9,8.7,8.79,296000,0
2016-03-23,02:40:00,8.79,8.83,8.79,8.8,157500,0
2016-03-23,02:45:00,8.8,8.8,8.8,8.8,13500,0
2016-03-23,02:50:00,8.8,8.83,8.8,8.83,259000,0
2016-03-23,02:55:00,8.83,8.83,8.82,8.82,141000,0
2016-03-23,03:00:00,8.82,8.83,8.81,8.83,501000,0
2016-03-23,03:05:00,8.83,8.83,8.82,8.83,132000,0
2016-03-23,03:10:00,8.83,8.83,8.81,8.81,43500,0
2016-03-23,03:15:00,8.81,8.82,8.8,8.8,330500,0
2016-03-23,03:20:00,8.8,8.81,8.79,8.8,371000,0
2016-03-23,03:25:00,8.8,8.8,8.79,8.8,48500,0
2016-03-23,03:30:00,8.8,8.82,8.79,8.81,108000,0
2016-03-23,03:35:00,8.81,8.82,8.81,8.81,293000,0
2016-03-23,03:40:00,8.81,8.82,8.81,8.82,27000,0
2016-03-23,03:45:00,8.82,8.82,8.8,8.8,120000,0
2016-03-23,03:50:00,8.8,8.81,8.8,8.81,35000,0
2016-03-23,03:55:00,8.81,8.81,8.79,8.79,71500,0
2016-03-23,04:00:00,8.79,8.79,8.79,8.79,37000,0
2016-03-23,04:05:00,8.79,8.79,8.77,8.77,144000,0
2016-03-23,04:10:00,8.77,8.77,8.76,8.76,58500,0
2016-03-23,04:15:00,8.76,8.76,8.75,8.75,118000,0
2016-03-23,04:20:00,8.75,8.76,8.75,8.76,49500,0
2016-03-23,04:25:00,8.76,8.76,8.75,8.75,98000,0
2016-03-23,04:30:00,8.75,8.75,8.74,8.74,7500,0
2016-03-23,04:35:00,8.74,8.75,8.74,8.74,134500,0
2016-03-23,04:40:00,8.74,8.74,8.74,8.74,68000,0
2016-03-23,04:45:00,8.74,8.75,8.73,8.73,119500,0
2016-03-23,04:50:00,8.73,8.76,8.73,8.75,198000,0
2016-03-23,04:55:00,8.75,8.76,8.75,8.75,52500,0
2016-03-23,05:00:00,8.75,8.76,8.75,8.75,12500,0
2016-03-23,06:05:00,8.75,8.76,8.75,8.76,117000,0
2016-03-23,06:10:00,8.76,8.76,8.69,8.69,436000,0
2016-03-23,06:15:00,8.69,8.69,8.66,8.66,99500,0
2016-03-23,06:20:00,8.66,8.67,8.65,8.66,268000,0
2016-03-23,06:25:00,8.66,8.66,8.65,8.65,188000,0
2016-03-23,06:30:00,8.65,8.67,8.65,8.67,75500,0
2016-03-23,06:35:00,8.67,8.67,8.67,8.67,16000,0
2016-03-23,06:40:00,8.67,8.67,8.66,8.67,39000,0
2016-03-23,06:45:00,8.67,8.67,8.67,8.67,11000,0
2016-03-23,06:50:00,8.67,8.67,8.66,8.67,55500,0
2016-03-23,06:55:00,8.67,8.67,8.66,8.66,52500,0
2016-03-23,07:00:00,8.66,8.67,8.66,8.66,90500,0
2016-03-23,07:05:00,8.66,8.66,8.64,8.64,198000,0
2016-03-23,07:10:00,8.64,8.65,8.64,8.65,25500,0
2016-03-23,07:15:00,8.65,8.65,8.64,8.64,73000,0
2016-03-23,07:20:00,8.64,8.65,8.64,8.65,30000,0
2016-03-23,07:25:00,8.65,8.65,8.64,8.65,44000,0
2016-03-23,07:30:00,8.65,8.65,8.64,8.64,103000,0
2016-03-23,07:35:00,8.64,8.65,8.64,8.64,30500,0
2016-03-23,07:40:00,8.64,8.7,8.64,8.7,471000,0
2016-03-23,07:45:00,8.7,8.7,8.69,8.7,239000,0
2016-03-23,07:50:00,8.7,8.72,8.69,8.7,88000,0
2016-03-23,07:55:00,8.7,8.72,8.7,8.72,52000,0
2016-03-23,08:00:00,8.72,8.74,8.71,8.74,184500,0
2016-03-23,08:05:00,8.74,8.74,8.71,8.71,208500,0
2016-03-23,08:10:00,8.71,8.72,8.71,8.71,46000,0
2016-03-23,08:15:00,8.71,8.73,8.71,8.72,113500,0
2016-03-23,08:20:00,8.72,8.75,8.72,8.74,247000,0
2016-03-23,08:25:00,8.74,8.75,8.74,8.75,80500,0
2016-03-23,08:30:00,8.75,8.75,8.74,8.74,384500,0
2016-03-23,08:35:00,8.74,8.75,8.7,8.72,148500,0
2016-03-23,08:40:00,8.72,8.74,8.72,8.74,238000,0
2016-03-23,08:45:00,8.74,8.74,8.73,8.74,121500,0
2016-03-23,08:50:00,8.74,8.74,8.73,8.73,415000,0
2016-03-23,08:55:00,8.73,8.74,8.73,8.73,152000,0
2016-03-23,09:00:00,8.73,8.74,8.72,8.74,1120976,0
2016-03-24,02:35:00,8.56,8.69,8.56,8.64,436500,0
2016-03-24,02:40:00,8.64,8.64,8.6,8.64,134000,0
2016-03-24,02:45:00,8.64,8.65,8.63,8.65,211000,0
2016-03-24,02:50:00,8.65,8.66,8.64,8.65,70500,0
2016-03-24,02:55:00,8.65,8.68,8.65,8.67,70000,0
2016-03-24,03:00:00,8.67,8.69,8.67,8.68,59000,0
2016-03-24,03:05:00,8.68,8.69,8.68,8.69,90500,0
2016-03-24,03:10:00,8.69,8.73,8.68,8.72,95000,0
2016-03-24,03:15:00,8.72,8.72,8.7,8.71,80000,0
2016-03-24,03:20:00,8.71,8.73,8.7,8.72,44500,0
2016-03-24,03:25:00,8.72,8.75,8.72,8.75,110000,0
2016-03-24,03:30:00,8.75,8.75,8.74,8.74,85000,0
2016-03-24,03:35:00,8.74,8.74,8.7,8.72,115000,0
2016-03-24,03:40:00,8.72,8.75,8.72,8.75,57000,0
2016-03-24,03:45:00,8.75,8.75,8.73,8.74,28000,0
2016-03-24,03:50:00,8.74,8.74,8.69,8.69,176500,0
2016-03-24,03:55:00,8.69,8.69,8.67,8.67,88000,0
2016-03-24,04:00:00,8.67,8.68,8.67,8.67,15000,0
2016-03-24,04:05:00,8.67,8.68,8.67,8.68,22000,0
2016-03-24,04:10:00,8.68,8.68,8.66,8.67,89500,0
2016-03-24,04:15:00,8.67,8.67,8.65,8.67,104500,0
2016-03-24,04:20:00,8.67,8.67,8.64,8.64,41500,0
2016-03-24,04:25:00,8.64,8.65,8.64,8.65,21000,0
2016-03-24,04:30:00,8.65,8.65,8.64,8.65,30500,0
2016-03-24,04:35:00,8.65,8.65,8.64,8.65,23500,0
2016-03-24,04:40:00,8.65,8.65,8.63,8.63,60500,0
2016-03-24,04:45:00,8.63,8.64,8.63,8.64,27500,0
2016-03-24,04:50:00,8.64,8.64,8.6,8.6,164500,0
2016-03-24,04:55:00,8.6,8.61,8.6,8.61,63500,0
2016-03-24,05:00:00,8.61,8.61,8.6,8.6,60000,0
2016-03-24,06:05:00,8.6,8.61,8.59,8.59,57388,0
2016-03-24,06:10:00,8.59,8.6,8.59,8.6,27000,0
2016-03-24,06:15:00,8.6,8.6,8.58,8.6,73500,0
2016-03-24,06:20:00,8.6,8.62,8.59,8.61,70000,0
2016-03-24,06:25:00,8.61,8.61,8.6,8.6,41500,0
2016-03-24,06:30:00,8.6,8.62,8.58,8.59,162500,0
2016-03-24,06:35:00,8.59,8.59,8.58,8.59,58500,0
2016-03-24,06:40:00,8.59,8.59,8.58,8.58,82700,0
2016-03-24,06:45:00,8.58,8.58,8.57,8.58,79500,0
2016-03-24,06:50:00,8.58,8.58,8.57,8.57,151500,0
2016-03-24,06:55:00,8.57,8.58,8.55,8.55,169500,0
2016-03-24,07:00:00,8.55,8.57,8.55,8.56,158500,0
2016-03-24,07:05:00,8.56,8.58,8.56,8.58,32500,0
2016-03-24,07:10:00,8.58,8.58,8.57,8.58,19500,0
2016-03-24,07:15:00,8.58,8.58,8.57,8.58,58500,0
2016-03-24,07:20:00,8.58,8.58,8.57,8.57,26500,0
2016-03-24,07:25:00,8.57,8.58,8.57,8.57,71500,0
2016-03-24,07:30:00,8.57,8.58,8.56,8.56,123000,0
2016-03-24,07:35:00,8.56,8.56,8.55,8.55,67000,0
2016-03-24,07:40:00,8.55,8.56,8.55,8.56,37000,0
2016-03-24,07:45:00,8.56,8.58,8.55,8.58,120500,0
2016-03-24,07:50:00,8.58,8.58,8.57,8.57,9500,0
2016-03-24,07:55:00,8.57,8.58,8.57,8.58,28000,0
2016-03-24,08:00:00,8.58,8.58,8.55,8.57,414500,0
2016-03-24,08:05:00,8.57,8.57,8.56,8.56,20000,0
2016-03-24,08:10:00,8.56,8.57,8.56,8.57,119500,0
2016-03-24,08:15:00,8.57,8.57,8.55,8.56,54500,0
2016-03-24,08:20:00,8.56,8.56,8.55,8.56,50000,0
2016-03-24,08:25:00,8.56,8.56,8.54,8.54,190500,0
2016-03-24,08:30:00,8.54,8.55,8.53,8.54,181000,0
2016-03-24,08:35:00,8.54,8.55,8.53,8.54,353000,0
2016-03-24,08:40:00,8.54,8.55,8.54,8.55,184000,0
2016-03-24,08:45:00,8.55,8.55,8.53,8.54,276500,0
2016-03-24,08:50:00,8.54,8.54,8.53,8.54,305000,0
2016-03-24,08:55:00,8.54,8.54,8.53,8.54,172000,0
2016-03-24,09:00:00,8.54,8.54,8.53,8.54,991500,0
2016-03-29,03:35:00,8.51,8.6,8.51,8.6,49500,0
2016-03-29,03:40:00,8.6,8.6,8.56,8.57,232000,0
2016-03-29,03:45:00,8.59,8.6,8.57,8.58,75000,0
2016-03-29,03:50:00,8.58,8.6,8.57,8.6,59000,0
2016-03-29,03:55:00,8.6,8.6,8.57,8.57,205500,0
2016-03-29,04:00:00,8.57,8.73,8.57,8.73,1025500,0
2016-03-29,04:05:00,8.73,8.73,8.68,8.69,127500,0
2016-03-29,04:10:00,8.69,8.7,8.68,8.7,76500,0
2016-03-29,04:15:00,8.7,8.8,8.69,8.77,204000,0
2016-03-29,04:20:00,8.77,8.81,8.74,8.81,178500,0
2016-03-29,04:25:00,8.81,8.81,8.78,8.8,85500,0
2016-03-29,04:30:00,8.8,8.8,8.75,8.75,140500,0
2016-03-29,04:35:00,8.75,8.79,8.75,8.79,40500,0
2016-03-29,04:40:00,8.79,8.79,8.75,8.78,70500,0
2016-03-29,04:45:00,8.78,8.78,8.76,8.76,27500,0
2016-03-29,04:50:00,8.76,8.77,8.76,8.77,62000,0
2016-03-29,04:55:00,8.77,8.79,8.76,8.78,68000,0
2016-03-29,05:00:00,8.78,8.79,8.76,8.76,53000,0
2016-03-29,05:05:00,8.76,8.76,8.75,8.76,48500,0
2016-03-29,05:10:00,8.76,8.77,8.76,8.76,27500,0
2016-03-29,05:15:00,8.76,8.8,8.76,8.79,409500,0
2016-03-29,05:20:00,8.79,8.86,8.79,8.85,404500,0
2016-03-29,05:25:00,8.85,8.86,8.81,8.85,181500,0
2016-03-29,05:30:00,8.85,8.85,8.82,8.84,118500,0
2016-03-29,05:35:00,8.84,8.84,8.76,8.77,264500,0
2016-03-29,05:40:00,8.77,8.79,8.77,8.78,55000,0
2016-03-29,05:45:00,8.78,8.79,8.78,8.78,75000,0
2016-03-29,05:50:00,8.78,8.78,8.76,8.78,85000,0
2016-03-29,05:55:00,8.78,8.78,8.77,8.77,28000,0
2016-03-29,06:00:00,8.77,8.79,8.77,8.79,169000,0
2016-03-29,07:05:00,8.79,8.79,8.78,8.78,102500,0
2016-03-29,07:10:00,8.78,8.79,8.76,8.77,279000,0
2016-03-29,07:15:00,8.77,8.77,8.76,8.76,183000,0
2016-03-29,07:20:00,8.76,8.77,8.76,8.77,241500,0
2016-03-29,07:25:00,8.77,8.78,8.77,8.77,70500,0
2016-03-29,07:30:00,8.77,8.78,8.76,8.77,128500,0
2016-03-29,07:35:00,8.77,8.78,8.76,8.77,98000,0
2016-03-29,07:40:00,8.77,8.78,8.77,8.77,26500,0
2016-03-29,07:45:00,8.77,8.77,8.76,8.76,45500,0
2016-03-29,07:50:00,8.76,8.78,8.76,8.78,69000,0
2016-03-29,07:55:00,8.78,8.78,8.77,8.77,75000,0
2016-03-29,08:00:00,8.77,8.77,8.76,8.77,133000,0
2016-03-29,08:05:00,8.77,8.78,8.77,8.77,47500,0
2016-03-29,08:10:00,8.77,8.78,8.76,8.76,48000,0
2016-03-29,08:15:00,8.76,8.81,8.76,8.79,291000,0
2016-03-29,08:20:00,8.79,8.8,8.78,8.78,61500,0
2016-03-29,08:25:00,8.79,8.79,8.77,8.77,31000,0
2016-03-29,08:30:00,8.77,8.77,8.75,8.76,110500,0
2016-03-29,08:35:00,8.76,8.78,8.75,8.78,56000,0
2016-03-29,08:40:00,8.78,8.78,8.75,8.75,127000,0
2016-03-29,08:45:00,8.75,8.76,8.74,8.76,90000,0
2016-03-29,08:50:00,8.76,8.77,8.76,8.77,49500,0
2016-03-29,08:55:00,8.77,8.78,8.76,8.77,41000,0
2016-03-29,09:00:00,8.77,8.78,8.77,8.78,38000,0
2016-03-29,09:05:00,8.78,8.78,8.77,8.78,36500,0
2016-03-29,09:10:00,8.78,8.78,8.77,8.78,55500,0
2016-03-29,09:15:00,8.78,8.78,8.75,8.75,96000,0
2016-03-29,09:20:00,8.75,8.76,8.75,8.75,104500,0
2016-03-29,09:25:00,8.75,8.76,8.75,8.75,104500,0
2016-03-29,09:30:00,8.75,8.76,8.75,8.76,137500,0
2016-03-29,09:35:00,8.76,8.76,8.75,8.75,79500,0
2016-03-29,09:40:00,8.75,8.77,8.75,8.76,235500,0
2016-03-29,09:45:00,8.76,8.77,8.75,8.76,227000,0
2016-03-29,09:50:00,8.76,8.78,8.76,8.76,351000,0
2016-03-29,09:55:00,8.76,8.77,8.76,8.77,205500,0
2016-03-29,10:00:00,8.77,8.77,8.76,8.76,1083500,0
2016-03-30,03:35:00,8.8,8.98,8.8,8.96,323000,0
2016-03-30,03:40:00,8.96,8.96,8.9,8.94,114000,0
2016-03-30,03:45:00,8.94,8.94,8.89,8.89,149500,0
2016-03-30,03:50:00,8.89,8.94,8.88,8.88,136000,0
2016-03-30,03:55:00,8.88,8.92,8.88,8.89,107500,0
2016-03-30,04:00:00,8.89,8.92,8.88,8.89,154500,0
2016-03-30,04:05:00,8.89,8.89,8.85,8.87,166000,0
2016-03-30,04:10:00,8.87,8.89,8.85,8.89,160500,0
2016-03-30,04:15:00,8.89,8.9,8.85,8.9,159000,0
2016-03-30,04:20:00,8.9,8.95,8.89,8.91,225500,0
2016-03-30,04:25:00,8.91,8.95,8.91,8.93,148500,0
2016-03-30,04:30:00,8.93,8.93,8.9,8.91,81500,0
2016-03-30,04:35:00,8.91,8.93,8.91,8.93,31500,0
2016-03-30,04:40:00,8.93,8.95,8.92,8.94,90500,0
2016-03-30,04:45:00,8.94,8.94,8.9,8.9,33500,0
2016-03-30,04:50:00,8.9,8.92,8.9,8.9,21000,0
2016-03-30,04:55:00,8.9,8.93,8.9,8.93,63500,0
2016-03-30,05:00:00,8.93,8.93,8.91,8.91,94500,0
2016-03-30,05:05:00,8.91,8.91,8.9,8.91,32500,0
2016-03-30,05:10:00,8.91,8.91,8.8,8.89,285500,0
2016-03-30,05:15:00,8.89,8.89,8.88,8.88,57500,0
2016-03-30,05:20:00,8.88,8.9,8.88,8.89,43500,0
2016-03-30,05:25:00,8.89,8.93,8.89,8.93,138500,0
2016-03-30,05:30:00,8.93,8.94,8.92,8.93,60000,0
2016-03-30,05:35:00,8.93,8.97,8.93,8.97,401000,0
2016-03-30,05:40:00,8.97,8.97,8.96,8.96,83888,0
2016-03-30,05:45:00,8.96,8.97,8.96,8.96,160000,0
2016-03-30,05:50:00,8.96,8.97,8.95,8.95,233746,0
2016-03-30,05:55:00,8.95,8.95,8.95,8.95,45500,0
2016-03-30,06:00:00,8.95,8.96,8.95,8.95,88500,0
2016-03-30,07:05:00,8.95,8.96,8.94,8.94,219800,0
2016-03-30,07:10:00,8.94,8.95,8.94,8.95,45000,0
2016-03-30,07:15:00,8.95,8.96,8.95,8.96,166500,0
2016-03-30,07:20:00,8.96,8.96,8.94,8.94,313000,0
2016-03-30,07:25:00,8.94,8.95,8.93,8.93,198000,0
2016-03-30,07:30:00,8.93,8.94,8.93,8.94,51500,0
2016-03-30,07:35:00,8.94,8.94,8.93,8.93,139500,0
2016-03-30,07:40:00,8.93,8.94,8.93,8.94,67746,0
2016-03-30,07:45:00,8.94,8.94,8.93,8.94,86500,0
2016-03-30,07:50:00,8.94,8.95,8.93,8.95,330060,0
2016-03-30,07:55:00,8.95,8.96,8.95,8.96,114000,0
2016-03-30,08:00:00,8.96,8.96,8.95,8.95,92000,0
2016-03-30,08:05:00,8.95,8.96,8.95,8.96,134060,0
2016-03-30,08:10:00,8.96,8.96,8.95,8.96,64000,0
2016-03-30,08:15:00,8.96,8.97,8.95,8.96,308000,0
2016-03-30,08:20:00,8.96,8.97,8.96,8.97,64488,0
2016-03-30,08:25:00,8.97,8.97,8.96,8.97,70500,0
2016-03-30,08:30:00,8.97,8.97,8.96,8.97,128060,0
2016-03-30,08:35:00,8.97,8.97,8.96,8.96,146000,0
2016-03-30,08:40:00,8.96,8.97,8.96,8.97,79060,0
2016-03-30,08:45:00,8.97,8.97,8.96,8.96,193492,0
2016-03-30,08:50:00,8.96,8.97,8.96,8.96,280500,0
2016-03-30,08:55:00,8.96,8.97,8.96,8.97,81500,0
2016-03-30,09:00:00,8.97,8.97,8.96,8.96,81000,0
2016-03-30,09:05:00,8.96,8.97,8.96,8.97,74500,0
2016-03-30,09:10:00,8.97,8.97,8.96,8.97,172000,0
2016-03-30,09:15:00,8.97,8.98,8.96,8.98,448500,0
2016-03-30,09:20:00,8.98,8.98,8.97,8.98,347500,0
2016-03-30,09:25:00,8.98,8.99,8.97,8.98,454000,0
2016-03-30,09:30:00,8.98,9,8.98,9,362000,0
2016-03-30,09:35:00,9,9,8.99,9,95500,0
2016-03-30,09:40:00,9,9,8.99,8.99,182500,0
2016-03-30,09:45:00,8.99,9,8.95,8.95,729000,0
2016-03-30,09:50:00,8.95,8.96,8.94,8.94,234500,0
2016-03-30,09:55:00,8.94,8.95,8.94,8.94,224500,0
2016-03-30,10:00:00,8.94,8.99,8.94,8.98,1304500,0
2016-03-31,03:35:00,9.15,9.39,9.04,9.39,2992000,0
2016-03-31,03:40:00,9.39,9.43,9.27,9.28,1357246,0
2016-03-31,03:45:00,9.28,9.3,9.23,9.23,379500,0
2016-03-31,03:50:00,9.23,9.27,9.2,9.23,357500,0
2016-03-31,03:55:00,9.23,9.28,9.21,9.27,1073000,0
2016-03-31,04:00:00,9.27,9.27,9.24,9.27,325282,0
2016-03-31,04:05:00,9.27,9.34,9.25,9.3,703500,0
2016-03-31,04:10:00,9.3,9.34,9.28,9.31,406500,0
2016-03-31,04:15:00,9.31,9.32,9.29,9.3,178000,0
2016-03-31,04:20:00,9.3,9.3,9.25,9.27,347500,0
2016-03-31,04:25:00,9.27,9.27,9.25,9.27,717500,0
2016-03-31,04:30:00,9.27,9.27,9.26,9.27,95000,0
2016-03-31,04:35:00,9.27,9.27,9.25,9.25,268500,0
2016-03-31,04:40:00,9.25,9.26,9.24,9.25,599500,0
2016-03-31,04:45:00,9.25,9.25,9.24,9.25,157500,0
2016-03-31,04:50:00,9.25,9.25,9.22,9.22,645000,0
2016-03-31,04:55:00,9.22,9.23,9.21,9.21,430500,0
2016-03-31,05:00:00,9.21,9.22,9.21,9.21,91500,0
2016-03-31,05:05:00,9.21,9.22,9.21,9.21,283000,0
2016-03-31,05:10:00,9.21,9.22,9.2,9.21,244000,0
2016-03-31,05:15:00,9.21,9.21,9.2,9.2,97000,0
2016-03-31,05:20:00,9.2,9.21,9.2,9.2,142500,0
2016-03-31,05:25:00,9.2,9.21,9.2,9.2,152000,0
2016-03-31,05:30:00,9.2,9.21,9.2,9.2,125000,0
2016-03-31,05:35:00,9.2,9.21,9.2,9.2,60000,0
2016-03-31,05:40:00,9.2,9.21,9.2,9.2,113500,0
2016-03-31,05:45:00,9.2,9.21,9.2,9.21,252500,0
2016-03-31,05:50:00,9.21,9.21,9.2,9.2,58000,0
2016-03-31,05:55:00,9.2,9.21,9.2,9.2,114000,0
2016-03-31,06:00:00,9.2,9.21,9.2,9.2,83000,0
2016-03-31,07:05:00,9.2,9.21,9.15,9.15,225500,0
2016-03-31,07:10:00,9.15,9.16,9.12,9.13,334000,0
2016-03-31,07:15:00,9.13,9.16,9.13,9.16,413000,0
2016-03-31,07:20:00,9.16,9.17,9.16,9.16,163500,0
2016-03-31,07:25:00,9.16,9.18,9.16,9.16,405500,0
2016-03-31,07:30:00,9.16,9.19,9.16,9.19,175500,0
2016-03-31,07:35:00,9.19,9.19,9.18,9.18,117500,0
2016-03-31,07:40:00,9.18,9.18,9.17,9.17,174500,0
2016-03-31,07:45:00,9.17,9.17,9.16,9.16,42000,0
2016-03-31,07:50:00,9.16,9.17,9.15,9.15,58000,0
2016-03-31,07:55:00,9.15,9.17,9.14,9.14,146000,0
2016-03-31,08:00:00,9.14,9.14,9.13,9.13,64500,0
2016-03-31,08:05:00,9.13,9.14,9.11,9.12,482000,0
2016-03-31,08:10:00,9.12,9.13,9.11,9.12,281000,0
2016-03-31,08:15:00,9.12,9.13,9.12,9.13,61500,0
2016-03-31,08:20:00,9.13,9.13,9.12,9.13,115000,0
2016-03-31,08:25:00,9.13,9.13,9.12,9.12,682250,0
2016-03-31,08:30:00,9.12,9.14,9.12,9.13,646000,0
2016-03-31,08:35:00,9.13,9.14,9.13,9.13,31000,0
2016-03-31,08:40:00,9.13,9.17,9.13,9.17,915000,0
2016-03-31,08:45:00,9.17,9.17,9.17,9.17,128000,0
2016-03-31,08:50:00,9.17,9.18,9.16,9.17,241678,0
2016-03-31,08:55:00,9.17,9.18,9.17,9.18,125500,0
2016-03-31,09:00:00,9.18,9.19,9.16,9.16,254000,0
2016-03-31,09:05:00,9.16,9.16,9.15,9.16,120500,0
2016-03-31,09:10:00,9.16,9.17,9.16,9.17,129000,0
2016-03-31,09:15:00,9.17,9.19,9.16,9.19,314000,0
2016-03-31,09:20:00,9.19,9.19,9.18,9.18,260500,0
2016-03-31,09:25:00,9.18,9.19,9.18,9.18,191500,0
2016-03-31,09:30:00,9.18,9.19,9.18,9.19,142700,0
2016-03-31,09:35:00,9.19,9.19,9.18,9.18,201500,0
2016-03-31,09:40:00,9.18,9.19,9.15,9.15,402500,0
2016-03-31,09:45:00,9.15,9.17,9.14,9.16,618000,0
2016-03-31,09:50:00,9.16,9.17,9.14,9.17,306028,0
2016-03-31,09:55:00,9.17,9.19,9.16,9.19,645500,0
2016-03-31,10:00:00,9.19,9.25,9.18,9.23,3195500,0
2016-04-01,03:35:00,9.25,9.32,9.25,9.3,550000,0
2016-04-01,03:40:00,9.3,9.45,9.3,9.45,1851000,0
2016-04-01,03:45:00,9.45,9.45,9.39,9.39,595000,0
2016-04-01,03:50:00,9.39,9.39,9.35,9.35,261500,0
2016-04-01,03:55:00,9.35,9.45,9.34,9.44,950500,0
2016-04-01,04:00:00,9.44,9.45,9.42,9.43,323500,0
2016-04-01,04:05:00,9.43,9.44,9.42,9.42,417000,0
2016-04-01,04:10:00,9.42,9.42,9.37,9.41,590000,0
2016-04-01,04:15:00,9.41,9.41,9.39,9.41,251500,0
2016-04-01,04:20:00,9.41,9.41,9.39,9.39,262500,0
2016-04-01,04:25:00,9.39,9.39,9.38,9.38,317500,0
2016-04-01,04:30:00,9.38,9.39,9.38,9.39,251000,0
2016-04-01,04:35:00,9.39,9.39,9.35,9.35,396000,0
2016-04-01,04:40:00,9.35,9.36,9.34,9.34,153000,0
2016-04-01,04:45:00,9.34,9.35,9.33,9.33,182500,0
2016-04-01,04:50:00,9.33,9.37,9.33,9.35,310000,0
2016-04-01,04:55:00,9.35,9.38,9.35,9.38,188000,0
2016-04-01,05:00:00,9.38,9.38,9.37,9.37,184500,0
2016-04-01,05:05:00,9.37,9.38,9.36,9.37,135500,0
2016-04-01,05:10:00,9.37,9.37,9.33,9.33,265000,0
2016-04-01,05:15:00,9.33,9.34,9.25,9.25,886000,0
2016-04-01,05:20:00,9.25,9.28,9.25,9.25,197500,0
2016-04-01,05:25:00,9.25,9.25,9.12,9.19,646000,0
2016-04-01,05:30:00,9.19,9.19,9.13,9.16,454500,0
2016-04-01,05:35:00,9.16,9.18,9.15,9.15,136000,0
2016-04-01,05:40:00,9.15,9.16,9.13,9.13,198500,0
2016-04-01,05:45:00,9.13,9.14,9.11,9.14,115000,0
2016-04-01,05:50:00,9.14,9.17,9.14,9.17,210000,0
2016-04-01,05:55:00,9.17,9.19,9.15,9.15,114500,0
2016-04-01,06:00:00,9.15,9.19,9.15,9.18,281500,0
2016-04-01,07:05:00,9.18,9.18,9.16,9.17,71500,0
2016-04-01,07:10:00,9.17,9.17,9.16,9.16,15500,0
2016-04-01,07:15:00,9.16,9.17,9.16,9.17,46000,0
2016-04-01,07:20:00,9.17,9.23,9.17,9.23,247500,0
2016-04-01,07:25:00,9.23,9.23,9.22,9.23,75500,0
2016-04-01,07:30:00,9.23,9.28,9.23,9.28,401000,0
2016-04-01,07:35:00,9.28,9.3,9.28,9.3,291000,0
2016-04-01,07:40:00,9.3,9.33,9.29,9.33,258500,0
2016-04-01,07:45:00,9.33,9.36,9.33,9.33,483500,0
2016-04-01,07:50:00,9.33,9.34,9.32,9.32,102000,0
2016-04-01,07:55:00,9.32,9.34,9.31,9.34,269500,0
2016-04-01,08:00:00,9.34,9.35,9.33,9.35,231164,0
2016-04-01,08:05:00,9.35,9.35,9.33,9.34,240500,0
2016-04-01,08:10:00,9.34,9.34,9.33,9.33,293500,0
2016-04-01,08:15:00,9.33,9.33,9.32,9.32,12000,0
2016-04-01,08:20:00,9.32,9.34,9.32,9.33,142000,0
2016-04-01,08:25:00,9.33,9.33,9.32,9.33,169500,0
2016-04-01,08:30:00,9.33,9.34,9.33,9.33,17500,0
2016-04-01,08:35:00,9.33,9.37,9.33,9.37,999000,0
2016-04-01,08:40:00,9.37,9.37,9.36,9.37,98500,0
2016-04-01,08:45:00,9.37,9.4,9.37,9.39,881000,0
2016-04-01,08:50:00,9.39,9.4,9.39,9.39,674500,0
2016-04-01,08:55:00,9.39,9.4,9.38,9.39,471000,0
2016-04-01,09:00:00,9.39,9.4,9.39,9.4,43000,0
2016-04-01,09:05:00,9.4,9.4,9.36,9.36,289000,0
2016-04-01,09:10:00,9.36,9.37,9.36,9.37,20500,0
2016-04-01,09:15:00,9.37,9.37,9.34,9.34,205000,0
2016-04-01,09:20:00,9.34,9.35,9.31,9.31,310500,0
2016-04-01,09:25:00,9.31,9.31,9.27,9.28,178000,0
2016-04-01,09:30:00,9.28,9.28,9.22,9.22,419000,0
2016-04-01,09:35:00,9.22,9.28,9.22,9.24,841500,0
2016-04-01,09:40:00,9.24,9.25,9.22,9.25,281000,0
2016-04-01,09:45:00,9.25,9.27,9.24,9.26,630000,0
2016-04-01,09:50:00,9.26,9.3,9.26,9.3,575500,0
2016-04-01,09:55:00,9.3,9.33,9.3,9.33,490000,0
2016-04-01,10:00:00,9.33,9.33,9.3,9.31,1740000,0
2016-04-05,03:35:00,9.4,9.4,9.18,9.24,218722,0
2016-04-05,03:40:00,9.24,9.3,9.24,9.28,86500,0
2016-04-05,03:45:00,9.28,9.28,9.21,9.22,292000,0
2016-04-05,03:50:00,9.22,9.24,9.19,9.19,212000,0
2016-04-05,03:55:00,9.19,9.2,9.13,9.16,209000,0
2016-04-05,04:00:00,9.16,9.18,9.14,9.18,274000,0
2016-04-05,04:05:00,9.18,9.19,9.17,9.17,78000,0
2016-04-05,04:10:00,9.17,9.18,9.1,9.11,345500,0
2016-04-05,04:15:00,9.11,9.17,9.1,9.15,376000,0
2016-04-05,04:20:00,9.15,9.17,9.13,9.15,410500,0
2016-04-05,04:25:00,9.15,9.16,9.14,9.16,61000,0
2016-04-05,04:30:00,9.16,9.18,9.15,9.17,90500,0
2016-04-05,04:35:00,9.17,9.18,9.17,9.17,33000,0
2016-04-05,04:40:00,9.17,9.18,9.15,9.16,269500,0
2016-04-05,04:45:00,9.16,9.17,9.12,9.12,180844,0
2016-04-05,04:50:00,9.12,9.12,9.06,9.08,239000,0
2016-04-05,04:55:00,9.08,9.09,9.08,9.09,96500,0
2016-04-05,05:00:00,9.09,9.1,9.09,9.09,356000,0
2016-04-05,05:05:00,9.09,9.12,9.09,9.11,362000,0
2016-04-05,05:10:00,9.11,9.11,9.09,9.1,243500,0
2016-04-05,05:15:00,9.1,9.14,9.09,9.14,160000,0
2016-04-05,05:20:00,9.14,9.15,9.13,9.15,76000,0
2016-04-05,05:25:00,9.15,9.16,9.15,9.16,42000,0
2016-04-05,05:30:00,9.16,9.18,9.16,9.18,454000,0
2016-04-05,05:35:00,9.18,9.19,9.18,9.19,11500,0
2016-04-05,05:40:00,9.19,9.19,9.18,9.18,64000,0
2016-04-05,05:45:00,9.18,9.18,9.16,9.17,97000,0
2016-04-05,05:50:00,9.17,9.19,9.17,9.19,97500,0
2016-04-05,05:55:00,9.19,9.19,9.18,9.18,24000,0
2016-04-05,06:00:00,9.18,9.19,9.18,9.19,51000,0
2016-04-05,07:05:00,9.19,9.19,9.18,9.19,64000,0
2016-04-05,07:10:00,9.19,9.19,9.17,9.18,91000,0
2016-04-05,07:15:00,9.18,9.19,9.18,9.19,64500,0
2016-04-05,07:20:00,9.19,9.19,9.17,9.18,54500,0
2016-04-05,07:25:00,9.18,9.18,9.18,9.18,25000,0
2016-04-05,07:30:00,9.18,9.18,9.17,9.18,30500,0
2016-04-05,07:35:00,9.18,9.18,9.17,9.17,42500,0
2016-04-05,07:40:00,9.17,9.18,9.17,9.17,22000,0
2016-04-05,07:45:00,9.17,9.18,9.13,9.13,362000,0
2016-04-05,07:50:00,9.14,9.16,9.14,9.16,12500,0
2016-04-05,07:55:00,9.16,9.16,9.14,9.14,32500,0
2016-04-05,08:00:00,9.14,9.15,9.14,9.14,52000,0
2016-04-05,08:05:00,9.14,9.15,9.14,9.14,31000,0
2016-04-05,08:10:00,9.14,9.15,9.14,9.14,23000,0
2016-04-05,08:15:00,9.14,9.15,9.13,9.13,74500,0
2016-04-05,08:20:00,9.13,9.14,9.13,9.13,33000,0
2016-04-05,08:25:00,9.13,9.13,9.12,9.13,50500,0
2016-04-05,08:30:00,9.13,9.14,9.13,9.14,48500,0
2016-04-05,08:35:00,9.14,9.14,9.13,9.13,113000,0
2016-04-05,08:40:00,9.13,9.14,9.13,9.14,60000,0
2016-04-05,08:45:00,9.14,9.14,9.13,9.13,57500,0
2016-04-05,08:50:00,9.13,9.14,9.13,9.14,46500,0
2016-04-05,08:55:00,9.14,9.14,9.13,9.13,125500,0
2016-04-05,09:00:00,9.13,9.14,9.13,9.14,198500,0
2016-04-05,09:05:00,9.14,9.14,9.11,9.11,355000,0
2016-04-05,09:10:00,9.11,9.13,9.11,9.12,168000,0
2016-04-05,09:15:00,9.12,9.13,9.12,9.13,51000,0
2016-04-05,09:20:00,9.13,9.13,9.12,9.12,228000,0
2016-04-05,09:25:00,9.12,9.13,9.11,9.13,104500,0
2016-04-05,09:30:00,9.13,9.13,9.12,9.12,87500,0
2016-04-05,09:35:00,9.12,9.12,9.09,9.1,608500,0
2016-04-05,09:40:00,9.1,9.1,9.09,9.1,141500,0
2016-04-05,09:45:00,9.1,9.1,9.08,9.08,321500,0
2016-04-05,09:50:00,9.08,9.1,9.08,9.1,250000,0
2016-04-05,09:55:00,9.1,9.11,9.07,9.11,795500,0
2016-04-05,10:00:00,9.11,9.15,9.09,9.09,1399750,0
2016-04-06,03:35:00,9.21,9.24,9.16,9.2,195500,0
2016-04-06,03:40:00,9.2,9.23,9.19,9.22,312500,0
2016-04-06,03:45:00,9.22,9.23,9.2,9.2,155000,0
2016-04-06,03:50:00,9.2,9.25,9.19,9.25,268000,0
2016-04-06,03:55:00,9.25,9.28,9.24,9.28,273500,0
2016-04-06,04:00:00,9.28,9.29,9.27,9.27,250999,0
2016-04-06,04:05:00,9.27,9.27,9.24,9.25,105500,0
2016-04-06,04:10:00,9.25,9.27,9.25,9.27,132500,0
2016-04-06,04:15:00,9.27,9.28,9.27,9.28,60500,0
2016-04-06,04:20:00,9.28,9.32,9.28,9.31,386000,0
2016-04-06,04:25:00,9.31,9.31,9.26,9.28,165000,0
2016-04-06,04:30:00,9.28,9.28,9.26,9.27,102000,0
2016-04-06,04:35:00,9.27,9.28,9.26,9.28,41500,0
2016-04-06,04:40:00,9.28,9.29,9.27,9.29,73500,0
2016-04-06,04:45:00,9.29,9.29,9.28,9.29,108000,0
2016-04-06,04:50:00,9.29,9.29,9.28,9.29,54500,0
2016-04-06,04:55:00,9.29,9.29,9.28,9.29,98000,0
2016-04-06,05:00:00,9.29,9.29,9.28,9.29,120000,0
2016-04-06,05:05:00,9.29,9.29,9.28,9.29,158000,0
2016-04-06,05:10:00,9.29,9.3,9.28,9.29,367209,0
2016-04-06,05:15:00,9.29,9.29,9.28,9.29,74500,0
2016-04-06,05:20:00,9.29,9.29,9.28,9.29,44500,0
2016-04-06,05:25:00,9.29,9.29,9.28,9.28,70000,0
2016-04-06,05:30:00,9.28,9.29,9.28,9.29,148500,0
2016-04-06,05:35:00,9.29,9.29,9.28,9.29,107500,0
2016-04-06,05:40:00,9.29,9.29,9.28,9.29,87035,0
2016-04-06,05:45:00,9.29,9.31,9.28,9.31,377000,0
2016-04-06,05:50:00,9.31,9.31,9.3,9.31,172500,0
2016-04-06,05:55:00,9.31,9.31,9.3,9.31,136000,0
2016-04-06,06:00:00,9.31,9.31,9.27,9.29,238000,0
2016-04-06,07:05:00,9.29,9.3,9.29,9.3,63500,0
2016-04-06,07:10:00,9.3,9.3,9.29,9.3,44000,0
2016-04-06,07:15:00,9.3,9.3,9.28,9.28,228500,0
2016-04-06,07:20:00,9.28,9.29,9.28,9.29,98500,0
2016-04-06,07:25:00,9.29,9.29,9.28,9.28,120500,0
2016-04-06,07:30:00,9.28,9.3,9.28,9.3,53500,0
2016-04-06,07:35:00,9.3,9.3,9.28,9.29,120000,0
2016-04-06,07:40:00,9.29,9.29,9.25,9.25,274500,0
2016-04-06,07:45:00,9.25,9.27,9.25,9.27,156500,0
2016-04-06,07:50:00,9.27,9.27,9.26,9.27,92500,0
2016-04-06,07:55:00,9.27,9.27,9.26,9.27,84000,0
2016-04-06,08:00:00,9.27,9.28,9.25,9.26,166500,0
2016-04-06,08:05:00,9.26,9.26,9.25,9.26,153500,0
2016-04-06,08:10:00,9.26,9.27,9.25,9.27,81500,0
2016-04-06,08:15:00,9.27,9.27,9.26,9.27,107500,0
2016-04-06,08:20:00,9.27,9.29,9.27,9.29,85500,0
2016-04-06,08:25:00,9.29,9.29,9.26,9.27,287000,0
2016-04-06,08:30:00,9.27,9.27,9.22,9.25,1338000,0
2016-04-06,08:35:00,9.25,9.28,9.24,9.26,489500,0
2016-04-06,08:40:00,9.26,9.28,9.26,9.28,40500,0
2016-04-06,08:45:00,9.28,9.29,9.28,9.29,83500,0
2016-04-06,08:50:00,9.29,9.3,9.29,9.3,67500,0
2016-04-06,08:55:00,9.3,9.3,9.26,9.26,227000,0
2016-04-06,09:00:00,9.26,9.29,9.26,9.29,54500,0
2016-04-06,09:05:00,9.29,9.29,9.26,9.26,115500,0
2016-04-06,09:10:00,9.26,9.31,9.26,9.31,504000,0
2016-04-06,09:15:00,9.31,9.32,9.3,9.32,150500,0
2016-04-06,09:20:00,9.32,9.34,9.31,9.34,220500,0
2016-04-06,09:25:00,9.34,9.34,9.27,9.29,339000,0
2016-04-06,09:30:00,9.29,9.32,9.29,9.32,91000,0
2016-04-06,09:35:00,9.32,9.32,9.31,9.31,153500,0
2016-04-06,09:40:00,9.31,9.32,9.31,9.32,522500,0
2016-04-06,09:45:00,9.32,9.32,9.31,9.32,124000,0
2016-04-06,09:50:00,9.32,9.32,9.31,9.32,152500,0
2016-04-06,09:55:00,9.32,9.32,9.29,9.3,380000,0
2016-04-06,10:00:00,9.3,9.36,9.3,9.33,1529500,0
2016-04-07,03:35:00,9.4,9.4,9.32,9.32,235000,0
2016-04-07,03:40:00,9.32,9.38,9.27,9.35,307500,0
2016-04-07,03:45:00,9.35,9.43,9.35,9.4,367500,0
2016-04-07,03:50:00,9.4,9.45,9.39,9.45,504000,0
2016-04-07,03:55:00,9.45,9.45,9.43,9.43,303500,0
2016-04-07,04:00:00,9.43,9.43,9.4,9.4,292000,0
2016-04-07,04:05:00,9.4,9.4,9.37,9.37,191000,0
2016-04-07,04:10:00,9.37,9.38,9.35,9.38,148000,0
2016-04-07,04:15:00,9.38,9.42,9.35,9.35,554000,0
2016-04-07,04:20:00,9.35,9.43,9.35,9.37,427000,0
2016-04-07,04:25:00,9.37,9.37,9.36,9.37,25000,0
2016-04-07,04:30:00,9.37,9.37,9.35,9.35,83500,0
2016-04-07,04:35:00,9.35,9.35,9.33,9.33,84000,0
2016-04-07,04:40:00,9.33,9.33,9.31,9.31,149500,0
2016-04-07,04:45:00,9.31,9.32,9.28,9.28,209000,0
2016-04-07,04:50:00,9.28,9.39,9.28,9.31,496500,0
2016-04-07,04:55:00,9.31,9.31,9.27,9.31,326000,0
2016-04-07,05:00:00,9.31,9.31,9.27,9.27,121500,0
2016-04-07,05:05:00,9.28,9.29,9.27,9.29,182000,0
2016-04-07,05:10:00,9.29,9.29,9.28,9.28,89500,0
2016-04-07,05:15:00,9.28,9.35,9.28,9.35,291500,0
2016-04-07,05:20:00,9.35,9.36,9.3,9.3,251000,0
2016-04-07,05:25:00,9.3,9.3,9.28,9.28,121500,0
2016-04-07,05:30:00,9.28,9.29,9.27,9.29,165000,0
2016-04-07,05:35:00,9.29,9.31,9.28,9.28,77500,0
2016-04-07,05:40:00,9.28,9.3,9.28,9.29,148000,0
2016-04-07,05:45:00,9.29,9.3,9.29,9.29,54500,0
2016-04-07,05:50:00,9.29,9.29,9.29,9.29,47500,0
2016-04-07,05:55:00,9.29,9.29,9.29,9.29,105000,0
2016-04-07,06:00:00,9.29,9.3,9.28,9.29,93500,0
2016-04-07,07:05:00,9.29,9.3,9.28,9.28,134000,0
2016-04-07,07:10:00,9.28,9.3,9.28,9.3,198000,0
2016-04-07,07:15:00,9.3,9.31,9.3,9.3,147500,0
2016-04-07,07:20:00,9.3,9.31,9.3,9.3,136500,0
2016-04-07,07:25:00,9.3,9.3,9.29,9.29,189000,0
2016-04-07,07:30:00,9.29,9.3,9.29,9.3,131000,0
2016-04-07,07:35:00,9.3,9.3,9.29,9.29,72000,0
2016-04-07,07:40:00,9.29,9.3,9.29,9.29,100000,0
2016-04-07,07:45:00,9.29,9.3,9.29,9.29,106000,0
2016-04-07,07:50:00,9.29,9.31,9.29,9.31,167000,0
2016-04-07,07:55:00,9.31,9.31,9.3,9.31,90000,0
2016-04-07,08:00:00,9.31,9.32,9.3,9.31,97500,0
2016-04-07,08:05:00,9.31,9.32,9.31,9.32,58000,0
2016-04-07,08:10:00,9.32,9.32,9.31,9.31,88500,0
2016-04-07,08:15:00,9.31,9.33,9.31,9.32,559500,0
2016-04-07,08:20:00,9.32,9.33,9.32,9.32,13000,0
2016-04-07,08:25:00,9.32,9.33,9.32,9.32,83000,0
2016-04-07,08:30:00,9.32,9.37,9.32,9.33,662000,0
2016-04-07,08:35:00,9.33,9.34,9.33,9.33,124000,0
2016-04-07,08:40:00,9.33,9.33,9.32,9.32,138000,0
2016-04-07,08:45:00,9.32,9.33,9.31,9.31,233000,0
2016-04-07,08:50:00,9.31,9.32,9.31,9.31,102000,0
2016-04-07,08:55:00,9.31,9.31,9.3,9.3,240000,0
2016-04-07,09:00:00,9.3,9.31,9.3,9.31,171000,0
2016-04-07,09:05:00,9.31,9.32,9.31,9.31,218000,0
2016-04-07,09:10:00,9.31,9.32,9.31,9.31,165500,0
2016-04-07,09:15:00,9.31,9.32,9.3,9.3,219500,0
2016-04-07,09:20:00,9.3,9.3,9.27,9.28,309000,0
2016-04-07,09:25:00,9.28,9.29,9.27,9.28,224500,0
2016-04-07,09:30:00,9.28,9.29,9.27,9.28,217500,0
2016-04-07,09:35:00,9.28,9.29,9.27,9.28,299000,0
2016-04-07,09:40:00,9.28,9.29,9.27,9.29,192000,0
2016-04-07,09:45:00,9.29,9.29,9.27,9.28,268500,0
2016-04-07,09:50:00,9.28,9.29,9.27,9.29,298000,0
2016-04-07,09:55:00,9.29,9.29,9.27,9.28,549000,0
2016-04-07,10:00:00,9.28,9.29,9.24,9.25,2024500,0
2016-04-08,03:35:00,9.25,9.25,9.22,9.23,377000,0
2016-04-08,03:40:00,9.23,9.24,9.21,9.24,488500,0
2016-04-08,03:45:00,9.24,9.31,9.23,9.3,297000,0
2016-04-08,03:50:00,9.3,9.3,9.25,9.26,198561,0
2016-04-08,03:55:00,9.26,9.26,9.23,9.24,101000,0
2016-04-08,04:00:00,9.24,9.25,9.24,9.25,96000,0
2016-04-08,04:05:00,9.25,9.28,9.24,9.28,400000,0
2016-04-08,04:10:00,9.28,9.3,9.26,9.26,331500,0
2016-04-08,04:15:00,9.26,9.27,9.26,9.27,66500,0
2016-04-08,04:20:00,9.27,9.28,9.27,9.27,182500,0
2016-04-08,04:25:00,9.27,9.29,9.27,9.29,202500,0
2016-04-08,04:30:00,9.29,9.3,9.28,9.3,107500,0
2016-04-08,04:35:00,9.3,9.3,9.29,9.3,368548,0
2016-04-08,04:40:00,9.3,9.33,9.26,9.28,1299500,0
2016-04-08,04:45:00,9.28,9.28,9.26,9.26,77000,0
2016-04-08,04:50:00,9.26,9.26,9.25,9.25,141000,0
2016-04-08,04:55:00,9.25,9.25,9.21,9.23,266000,0
2016-04-08,05:00:00,9.23,9.24,9.23,9.23,59000,0
2016-04-08,05:05:00,9.23,9.25,9.23,9.25,72500,0
2016-04-08,05:10:00,9.25,9.25,9.22,9.23,184000,0
2016-04-08,05:15:00,9.23,9.25,9.23,9.25,89500,0
2016-04-08,05:20:00,9.25,9.26,9.25,9.26,6500,0
2016-04-08,05:25:00,9.26,9.26,9.23,9.23,211500,0
2016-04-08,05:30:00,9.23,9.23,9.22,9.22,41000,0
2016-04-08,05:35:00,9.22,9.27,9.22,9.27,205500,0
2016-04-08,05:40:00,9.27,9.27,9.26,9.27,70500,0
2016-04-08,05:45:00,9.27,9.27,9.24,9.25,269500,0
2016-04-08,05:50:00,9.25,9.25,9.24,9.24,41500,0
2016-04-08,05:55:00,9.24,9.25,9.22,9.22,177000,0
2016-04-08,06:00:00,9.22,9.23,9.21,9.22,86500,0
2016-04-08,07:05:00,9.22,9.26,9.22,9.24,140500,0
2016-04-08,07:10:00,9.24,9.25,9.23,9.25,90006,0
2016-04-08,07:15:00,9.25,9.26,9.25,9.26,73500,0
2016-04-08,07:20:00,9.26,9.27,9.25,9.27,55500,0
2016-04-08,07:25:00,9.27,9.28,9.26,9.28,234000,0
2016-04-08,07:30:00,9.28,9.29,9.28,9.28,51000,0
2016-04-08,07:35:00,9.28,9.3,9.28,9.3,190000,0
2016-04-08,07:40:00,9.3,9.3,9.29,9.29,100500,0
2016-04-08,07:45:00,9.29,9.3,9.29,9.3,127000,0
2016-04-08,07:50:00,9.3,9.31,9.28,9.28,245000,0
2016-04-08,07:55:00,9.28,9.29,9.28,9.29,104500,0
2016-04-08,08:00:00,9.29,9.29,9.27,9.27,141000,0
2016-04-08,08:05:00,9.27,9.28,9.27,9.28,39500,0
2016-04-08,08:10:00,9.28,9.29,9.27,9.29,422000,0
2016-04-08,08:15:00,9.29,9.29,9.28,9.29,136000,0
2016-04-08,08:20:00,9.29,9.32,9.28,9.29,266000,0
2016-04-08,08:25:00,9.29,9.3,9.29,9.3,42500,0
2016-04-08,08:30:00,9.3,9.35,9.29,9.35,228000,0
2016-04-08,08:35:00,9.35,9.36,9.33,9.33,323500,0
2016-04-08,08:40:00,9.33,9.35,9.32,9.35,418000,0
2016-04-08,08:45:00,9.35,9.35,9.34,9.35,101500,0
2016-04-08,08:50:00,9.35,9.35,9.34,9.34,125500,0
2016-04-08,08:55:00,9.34,9.37,9.34,9.37,322500,0
2016-04-08,09:00:00,9.37,9.37,9.36,9.37,144500,0
2016-04-08,09:05:00,9.37,9.38,9.32,9.33,464000,0
2016-04-08,09:10:00,9.33,9.37,9.33,9.36,49500,0
2016-04-08,09:15:00,9.36,9.37,9.36,9.36,55000,0
2016-04-08,09:20:00,9.36,9.37,9.36,9.37,254500,0
2016-04-08,09:25:00,9.37,9.4,9.37,9.4,397500,0
2016-04-08,09:30:00,9.4,9.4,9.39,9.4,164000,0
2016-04-08,09:35:00,9.4,9.4,9.39,9.4,347000,0
2016-04-08,09:40:00,9.4,9.4,9.39,9.39,338000,0
2016-04-08,09:45:00,9.39,9.4,9.39,9.4,1115500,0
2016-04-08,09:50:00,9.4,9.43,9.39,9.43,373500,0
2016-04-08,09:55:00,9.43,9.44,9.42,9.43,375500,0
2016-04-08,10:00:00,9.43,9.46,9.4,9.45,2059000,0
2016-04-11,03:35:00,9.45,9.45,9.36,9.39,43000,0
2016-04-11,03:40:00,9.39,9.47,9.38,9.46,181000,0
2016-04-11,03:45:00,9.46,9.47,9.45,9.47,82500,0
2016-04-11,03:50:00,9.47,9.48,9.45,9.48,178223,0
2016-04-11,03:55:00,9.48,9.54,9.48,9.54,408500,0
2016-04-11,04:00:00,9.54,9.54,9.49,9.49,357000,0
2016-04-11,04:05:00,9.49,9.5,9.48,9.5,193000,0
2016-04-11,04:10:00,9.5,9.5,9.46,9.47,197000,0
2016-04-11,04:15:00,9.47,9.48,9.47,9.47,218500,0
2016-04-11,04:20:00,9.47,9.48,9.47,9.47,36500,0
2016-04-11,04:25:00,9.47,9.48,9.47,9.48,62000,0
2016-04-11,04:30:00,9.48,9.48,9.47,9.47,70500,0
2016-04-11,04:35:00,9.47,9.52,9.47,9.52,280000,0
2016-04-11,04:40:00,9.52,9.53,9.51,9.53,116000,0
2016-04-11,04:45:00,9.53,9.58,9.52,9.56,566000,0
2016-04-11,04:50:00,9.56,9.56,9.53,9.55,128720,0
2016-04-11,04:55:00,9.55,9.59,9.53,9.56,443000,0
2016-04-11,05:00:00,9.56,9.59,9.56,9.56,189000,0
2016-04-11,05:05:00,9.56,9.56,9.55,9.55,122500,0
2016-04-11,05:10:00,9.55,9.55,9.53,9.53,77500,0
2016-04-11,05:15:00,9.53,9.55,9.53,9.55,138500,0
2016-04-11,05:20:00,9.55,9.55,9.54,9.54,62500,0
2016-04-11,05:25:00,9.54,9.54,9.52,9.52,132500,0
2016-04-11,05:30:00,9.52,9.53,9.51,9.51,85000,0
2016-04-11,05:35:00,9.51,9.51,9.5,9.5,134000,0
2016-04-11,05:40:00,9.5,9.5,9.5,9.5,35000,0
2016-04-11,05:45:00,9.5,9.51,9.5,9.5,63000,0
2016-04-11,05:50:00,9.5,9.51,9.5,9.5,46500,0
2016-04-11,05:55:00,9.5,9.51,9.49,9.49,110500,0
2016-04-11,06:00:00,9.49,9.5,9.49,9.5,65000,0
2016-04-11,07:05:00,9.5,9.5,9.49,9.49,82500,0
2016-04-11,07:10:00,9.49,9.5,9.49,9.5,114500,0
2016-04-11,07:15:00,9.5,9.5,9.49,9.49,107000,0
2016-04-11,07:20:00,9.49,9.5,9.49,9.49,86500,0
2016-04-11,07:25:00,9.49,9.5,9.49,9.49,117000,0
2016-04-11,07:30:00,9.49,9.5,9.49,9.49,59000,0
2016-04-11,07:35:00,9.49,9.5,9.49,9.49,88000,0
2016-04-11,07:40:00,9.49,9.5,9.49,9.49,22500,0
2016-04-11,07:45:00,9.49,9.51,9.49,9.51,218000,0
2016-04-11,07:50:00,9.51,9.51,9.48,9.48,200500,0
2016-04-11,07:55:00,9.48,9.49,9.48,9.48,112000,0
2016-04-11,08:00:00,9.48,9.48,9.47,9.47,79500,0
2016-04-11,08:05:00,9.47,9.48,9.47,9.47,50000,0
2016-04-11,08:10:00,9.47,9.49,9.46,9.46,228000,0
2016-04-11,08:15:00,9.46,9.46,9.42,9.43,203000,0
2016-04-11,08:20:00,9.43,9.46,9.42,9.44,320000,0
2016-04-11,08:25:00,9.44,9.44,9.42,9.44,207000,0
2016-04-11,08:30:00,9.44,9.45,9.44,9.45,114500,0
2016-04-11,08:35:00,9.45,9.45,9.41,9.41,246000,0
2016-04-11,08:40:00,9.41,9.44,9.41,9.43,192500,0
2016-04-11,08:45:00,9.43,9.47,9.43,9.46,116000,0
2016-04-11,08:50:00,9.46,9.46,9.44,9.44,150500,0
2016-04-11,08:55:00,9.44,9.46,9.42,9.44,162500,0
2016-04-11,09:00:00,9.44,9.46,9.42,9.46,134500,0
2016-04-11,09:05:00,9.46,9.46,9.43,9.43,205500,0
2016-04-11,09:10:00,9.43,9.44,9.42,9.42,84000,0
2016-04-11,09:15:00,9.42,9.42,9.4,9.42,217000,0
2016-04-11,09:20:00,9.42,9.43,9.41,9.42,72500,0
2016-04-11,09:25:00,9.42,9.43,9.41,9.43,151000,0
2016-04-11,09:30:00,9.43,9.48,9.42,9.48,245500,0
2016-04-11,09:35:00,9.48,9.49,9.47,9.49,354500,0
2016-04-11,09:40:00,9.49,9.5,9.48,9.49,217000,0
2016-04-11,09:45:00,9.49,9.51,9.49,9.5,307000,0
2016-04-11,09:50:00,9.5,9.52,9.5,9.52,303500,0
2016-04-11,09:55:00,9.52,9.53,9.52,9.53,316500,0
2016-04-11,10:00:00,9.53,9.55,9.5,9.53,1426500,0
2016-04-12,03:35:00,9.63,9.73,9.63,9.71,1103500,0
2016-04-12,03:40:00,9.71,9.72,9.69,9.7,401500,0
2016-04-12,03:45:00,9.7,9.71,9.7,9.7,106500,0
2016-04-12,03:50:00,9.7,9.71,9.7,9.7,325000,0
2016-04-12,03:55:00,9.7,9.73,9.7,9.72,678500,0
2016-04-12,04:00:00,9.72,9.75,9.72,9.75,921500,0
2016-04-12,04:05:00,9.75,9.86,9.75,9.84,1391000,0
2016-04-12,04:10:00,9.84,9.85,9.81,9.84,549500,0
2016-04-12,04:15:00,9.84,9.86,9.83,9.85,902000,0
2016-04-12,04:20:00,9.85,9.85,9.81,9.82,675500,0
2016-04-12,04:25:00,9.82,9.86,9.82,9.85,821000,0
2016-04-12,04:30:00,9.85,9.98,9.85,9.98,2402000,0
2016-04-12,04:35:00,9.98,9.98,9.87,9.92,478300,0
2016-04-12,04:40:00,9.92,9.93,9.91,9.92,144000,0
2016-04-12,04:45:00,9.92,9.92,9.88,9.9,136000,0
2016-04-12,04:50:00,9.9,9.91,9.89,9.9,186500,0
2016-04-12,04:55:00,9.9,9.91,9.9,9.9,80500,0
2016-04-12,05:00:00,9.9,9.92,9.9,9.91,235500,0
2016-04-12,05:05:00,9.91,9.92,9.9,9.9,121500,0
2016-04-12,05:10:00,9.9,9.92,9.9,9.91,191500,0
2016-04-12,05:15:00,9.91,9.92,9.9,9.91,170000,0
2016-04-12,05:20:00,9.91,9.91,9.84,9.85,385000,0
2016-04-12,05:25:00,9.85,9.85,9.82,9.83,432000,0
2016-04-12,05:30:00,9.83,9.84,9.82,9.83,93500,0
2016-04-12,05:35:00,9.83,9.83,9.83,9.83,79500,0
2016-04-12,05:40:00,9.83,9.83,9.83,9.83,59500,0
2016-04-12,05:45:00,9.83,9.83,9.83,9.83,25000,0
2016-04-12,05:50:00,9.83,9.84,9.82,9.82,123000,0
2016-04-12,05:55:00,9.82,9.84,9.82,9.84,89000,0
2016-04-12,06:00:00,9.84,9.84,9.83,9.83,84500,0
2016-04-12,07:05:00,9.83,9.9,9.83,9.86,481000,0
2016-04-12,07:10:00,9.86,9.86,9.82,9.82,104000,0
2016-04-12,07:15:00,9.82,9.84,9.8,9.81,423500,0
2016-04-12,07:20:00,9.81,9.84,9.81,9.83,62200,0
2016-04-12,07:25:00,9.83,9.83,9.82,9.82,63000,0
2016-04-12,07:30:00,9.82,9.83,9.82,9.82,37256,0
2016-04-12,07:35:00,9.82,9.83,9.82,9.82,43000,0
2016-04-12,07:40:00,9.82,9.83,9.82,9.82,44000,0
2016-04-12,07:45:00,9.82,9.88,9.82,9.87,593500,0
2016-04-12,07:50:00,9.87,9.9,9.87,9.89,472000,0
2016-04-12,07:55:00,9.89,9.91,9.89,9.91,143500,0
2016-04-12,08:00:00,9.91,9.91,9.9,9.91,155000,0
2016-04-12,08:05:00,9.91,9.91,9.9,9.9,103500,0
2016-04-12,08:10:00,9.9,9.92,9.87,9.87,437500,0
2016-04-12,08:15:00,9.87,9.88,9.86,9.86,84000,0
2016-04-12,08:20:00,9.86,9.87,9.86,9.86,29000,0
2016-04-12,08:25:00,9.86,9.87,9.86,9.86,70048,0
2016-04-12,08:30:00,9.86,9.87,9.86,9.86,95000,0
2016-04-12,08:35:00,9.86,9.87,9.86,9.87,163500,0
2016-04-12,08:40:00,9.87,9.9,9.87,9.9,166500,0
2016-04-12,08:45:00,9.9,9.9,9.89,9.9,84500,0
2016-04-12,08:50:00,9.9,9.9,9.89,9.9,186500,0
2016-04-12,08:55:00,9.9,9.9,9.88,9.88,203000,0
2016-04-12,09:00:00,9.88,9.9,9.88,9.89,603500,0
2016-04-12,09:05:00,9.89,9.9,9.89,9.9,225500,0
2016-04-12,09:10:00,9.9,9.9,9.88,9.89,248000,0
2016-04-12,09:15:00,9.89,9.89,9.88,9.88,42000,0
2016-04-12,09:20:00,9.88,9.89,9.87,9.87,119500,0
2016-04-12,09:25:00,9.87,9.88,9.87,9.87,132000,0
2016-04-12,09:30:00,9.87,9.88,9.85,9.85,151000,0
2016-04-12,09:35:00,9.85,9.88,9.85,9.88,149500,0
2016-04-12,09:40:00,9.88,9.88,9.85,9.85,377500,0
2016-04-12,09:45:00,9.85,9.87,9.85,9.87,648500,0
2016-04-12,09:50:00,9.87,9.87,9.85,9.87,383500,0
2016-04-12,09:55:00,9.87,9.89,9.86,9.89,621500,0
2016-04-12,10:00:00,9.89,9.93,9.89,9.92,2457000,0
2016-04-13,03:35:00,10.1,10.1,9.98,10.06,845500,0
2016-04-13,03:40:00,10.06,10.06,10.04,10.06,561500,0
2016-04-13,03:45:00,10.06,10.06,10.02,10.06,323000,0
2016-04-13,03:50:00,10.06,10.06,10.04,10.06,258700,0
2016-04-13,03:55:00,10.06,10.06,10.04,10.06,117000,0
2016-04-13,04:00:00,10.06,10.06,10.04,10.06,524500,0
2016-04-13,04:05:00,10.06,10.1,10.04,10.1,1180000,0
2016-04-13,04:10:00,10.1,10.18,10.1,10.12,317500,0
2016-04-13,04:15:00,10.12,10.2,10.1,10.2,769000,0
2016-04-13,04:20:00,10.2,10.2,10.14,10.18,271000,0
2016-04-13,04:25:00,10.18,10.2,10.18,10.18,596500,0
2016-04-13,04:30:00,10.18,10.2,10.16,10.18,147000,0
2016-04-13,04:35:00,10.18,10.26,10.16,10.26,580000,0
2016-04-13,04:40:00,10.26,10.26,10.22,10.22,1186500,0
2016-04-13,04:45:00,10.22,10.22,10.2,10.22,85000,0
2016-04-13,04:50:00,10.22,10.22,10.2,10.22,306000,0
2016-04-13,04:55:00,10.22,10.22,10.2,10.22,288000,0
2016-04-13,05:00:00,10.22,10.22,10.2,10.22,338500,0
2016-04-13,05:05:00,10.22,10.22,10.2,10.22,478500,0
2016-04-13,05:10:00,10.22,10.22,10.2,10.22,349400,0
2016-04-13,05:15:00,10.22,10.24,10.2,10.24,260500,0
2016-04-13,05:20:00,10.24,10.26,10.22,10.26,316000,0
2016-04-13,05:25:00,10.26,10.26,10.24,10.26,161000,0
2016-04-13,05:30:00,10.26,10.28,10.24,10.28,529500,0
2016-04-13,05:35:00,10.28,10.28,10.26,10.28,125000,0
2016-04-13,05:40:00,10.28,10.34,10.26,10.28,2733000,0
2016-04-13,05:45:00,10.28,10.3,10.26,10.26,90500,0
2016-04-13,05:50:00,10.26,10.28,10.26,10.28,50500,0
2016-04-13,05:55:00,10.28,10.28,10.24,10.24,123000,0
2016-04-13,06:00:00,10.24,10.28,10.24,10.26,273500,0
2016-04-13,07:05:00,10.26,10.28,10.2,10.28,725522,0
2016-04-13,07:10:00,10.28,10.32,10.26,10.32,429000,0
2016-04-13,07:15:00,10.32,10.38,10.32,10.36,565000,0
2016-04-13,07:20:00,10.36,10.44,10.36,10.42,1181500,0
2016-04-13,07:25:00,10.42,10.42,10.38,10.38,409000,0
2016-04-13,07:30:00,10.38,10.4,10.36,10.36,218000,0
2016-04-13,07:35:00,10.36,10.38,10.36,10.38,155500,0
2016-04-13,07:40:00,10.38,10.38,10.36,10.38,225500,0
2016-04-13,07:45:00,10.38,10.38,10.36,10.36,158500,0
2016-04-13,07:50:00,10.36,10.38,10.36,10.36,196000,0
2016-04-13,07:55:00,10.36,10.38,10.36,10.38,208500,0
2016-04-13,08:00:00,10.38,10.4,10.36,10.38,260000,0
2016-04-13,08:05:00,10.38,10.4,10.38,10.4,301000,0
2016-04-13,08:10:00,10.4,10.4,10.38,10.4,78500,0
2016-04-13,08:15:00,10.4,10.4,10.38,10.4,102500,0
2016-04-13,08:20:00,10.4,10.4,10.36,10.36,365606,0
2016-04-13,08:25:00,10.36,10.38,10.36,10.36,216000,0
2016-04-13,08:30:00,10.36,10.38,10.34,10.36,266000,0
2016-04-13,08:35:00,10.36,10.36,10.32,10.32,412500,0
2016-04-13,08:40:00,10.32,10.36,10.32,10.34,672500,0
2016-04-13,08:45:00,10.34,10.36,10.34,10.36,122500,0
2016-04-13,08:50:00,10.36,10.38,10.34,10.38,468500,0
2016-04-13,08:55:00,10.38,10.38,10.34,10.34,240000,0
2016-04-13,09:00:00,10.34,10.36,10.32,10.34,210500,0
2016-04-13,09:05:00,10.34,10.36,10.32,10.34,319500,0
2016-04-13,09:10:00,10.34,10.36,10.34,10.36,110000,0
2016-04-13,09:15:00,10.36,10.4,10.34,10.34,470500,0
2016-04-13,09:20:00,10.34,10.4,10.34,10.4,379280,0
2016-04-13,09:25:00,10.4,10.4,10.36,10.38,355500,0
2016-04-13,09:30:00,10.38,10.44,10.38,10.42,913500,0
2016-04-13,09:35:00,10.42,10.44,10.4,10.4,313500,0
2016-04-13,09:40:00,10.4,10.42,10.38,10.42,1133000,0
2016-04-13,09:45:00,10.42,10.44,10.4,10.42,551500,0
2016-04-13,09:50:00,10.42,10.5,10.42,10.48,1664500,0
2016-04-13,09:55:00,10.48,10.5,10.44,10.44,362200,0
2016-04-13,10:00:00,10.44,10.46,10.38,10.44,1890500,0
