Date,Time,Open,High,Low,Close,Volume,OpenInt
2016-03-17,02:35:00,3.53,3.54,3.52,3.53,22000,0
2016-03-17,02:40:00,3.52,3.53,3.52,3.53,62000,0
2016-03-17,02:45:00,3.53,3.54,3.52,3.54,298000,0
2016-03-17,02:50:00,3.54,3.54,3.53,3.53,128000,0
2016-03-17,02:55:00,3.53,3.54,3.53,3.54,154000,0
2016-03-17,03:00:00,3.54,3.54,3.53,3.53,38000,0
2016-03-17,03:05:00,3.53,3.6,3.53,3.59,354000,0
2016-03-17,03:10:00,3.59,3.59,3.58,3.59,38000,0
2016-03-17,03:15:00,3.59,3.59,3.58,3.58,88000,0
2016-03-17,03:20:00,3.58,3.59,3.58,3.59,174000,0
2016-03-17,03:25:00,3.59,3.59,3.59,3.59,4000,0
2016-03-17,03:30:00,3.59,3.59,3.58,3.59,14000,0
2016-03-17,03:35:00,3.59,3.6,3.58,3.59,162000,0
2016-03-17,03:40:00,3.59,3.59,3.59,3.59,16000,0
2016-03-17,03:45:00,3.59,3.6,3.58,3.6,68000,0
2016-03-17,03:50:00,3.6,3.6,3.59,3.6,36000,0
2016-03-17,03:55:00,3.6,3.6,3.6,3.6,4000,0
2016-03-17,04:00:00,3.6,3.6,3.59,3.59,20000,0
2016-03-17,04:05:00,3.59,3.6,3.59,3.6,204000,0
2016-03-17,04:10:00,3.6,3.6,3.59,3.6,42000,0
2016-03-17,04:15:00,3.6,3.6,3.6,3.6,4000,0
2016-03-17,04:20:00,3.6,3.6,3.6,3.6,14000,0
2016-03-17,04:25:00,3.6,3.6,3.6,3.6,6000,0
2016-03-17,04:30:00,3.6,3.6,3.59,3.6,20000,0
2016-03-17,04:35:00,3.6,3.6,3.59,3.6,30000,0
2016-03-17,04:40:00,3.6,3.6,3.58,3.6,52000,0
2016-03-17,04:45:00,3.6,3.6,3.58,3.58,144000,0
2016-03-17,04:50:00,3.58,3.59,3.57,3.57,54000,0
2016-03-17,04:55:00,3.57,3.57,3.57,3.57,14000,0
2016-03-17,05:00:00,3.57,3.59,3.57,3.59,22000,0
2016-03-17,06:05:00,3.59,3.59,3.57,3.58,152000,0
2016-03-17,06:10:00,3.58,3.58,3.58,3.58,2000,0
2016-03-17,06:20:00,3.58,3.58,3.58,3.58,2000,0
2016-03-17,06:30:00,3.58,3.58,3.58,3.58,2000,0
2016-03-17,06:35:00,3.58,3.59,3.58,3.59,58000,0
2016-03-17,06:40:00,3.59,3.59,3.58,3.59,20000,0
2016-03-17,06:45:00,3.59,3.59,3.57,3.58,56000,0
2016-03-17,06:50:00,3.58,3.59,3.58,3.58,50000,0
2016-03-17,06:55:00,3.58,3.6,3.58,3.59,178000,0
2016-03-17,07:00:00,3.59,3.6,3.59,3.6,6000,0
2016-03-17,07:05:00,3.6,3.6,3.58,3.59,28000,0
2016-03-17,07:10:00,3.59,3.6,3.59,3.59,14000,0
2016-03-17,07:15:00,3.59,3.6,3.58,3.6,20000,0
2016-03-17,07:20:00,3.6,3.6,3.58,3.58,184000,0
2016-03-17,07:25:00,3.58,3.6,3.57,3.58,54000,0
2016-03-17,07:30:00,3.58,3.58,3.58,3.58,22000,0
2016-03-17,07:35:00,3.58,3.58,3.57,3.57,14000,0
2016-03-17,07:40:00,3.58,3.58,3.58,3.58,12000,0
2016-03-17,07:45:00,3.58,3.58,3.58,3.58,40000,0
2016-03-17,07:50:00,3.58,3.58,3.58,3.58,16000,0
2016-03-17,07:55:00,3.58,3.58,3.58,3.58,2000,0
2016-03-17,08:05:00,3.58,3.59,3.58,3.59,20000,0
2016-03-17,08:10:00,3.59,3.59,3.58,3.58,8000,0
2016-03-17,08:20:00,3.58,3.59,3.58,3.59,4000,0
2016-03-17,08:25:00,3.59,3.59,3.57,3.57,66000,0
2016-03-17,08:30:00,3.57,3.62,3.57,3.61,242000,0
2016-03-17,08:35:00,3.61,3.61,3.58,3.61,44000,0
2016-03-17,08:40:00,3.61,3.61,3.57,3.6,62000,0
2016-03-17,08:45:00,3.6,3.6,3.57,3.59,132000,0
2016-03-17,08:50:00,3.59,3.59,3.59,3.59,4000,0
2016-03-17,08:55:00,3.59,3.59,3.56,3.56,54000,0
2016-03-17,09:00:00,3.56,3.6,3.56,3.6,334000,0
2016-03-18,02:35:00,3.6,3.6,3.6,3.6,258000,0
2016-03-18,02:40:00,3.6,3.6,3.6,3.6,184000,0
2016-03-18,02:45:00,3.6,3.62,3.59,3.62,162000,0
2016-03-18,02:50:00,3.62,3.64,3.62,3.64,328000,0
2016-03-18,02:55:00,3.64,3.68,3.64,3.66,124000,0
2016-03-18,03:00:00,3.66,3.67,3.65,3.65,26000,0
2016-03-18,03:05:00,3.65,3.65,3.64,3.64,14000,0
2016-03-18,03:10:00,3.64,3.67,3.64,3.66,126000,0
2016-03-18,03:15:00,3.66,3.66,3.64,3.65,146000,0
2016-03-18,03:20:00,3.65,3.65,3.64,3.64,24000,0
2016-03-18,03:25:00,3.64,3.65,3.64,3.65,4000,0
2016-03-18,03:30:00,3.65,3.65,3.65,3.65,2000,0
2016-03-18,03:35:00,3.65,3.65,3.65,3.65,12000,0
2016-03-18,03:40:00,3.65,3.65,3.65,3.65,2000,0
2016-03-18,03:45:00,3.65,3.65,3.64,3.65,46000,0
2016-03-18,03:50:00,3.65,3.65,3.64,3.64,48000,0
2016-03-18,03:55:00,3.64,3.65,3.64,3.65,4000,0
2016-03-18,04:00:00,3.65,3.65,3.65,3.65,2000,0
2016-03-18,04:05:00,3.65,3.65,3.64,3.65,174000,0
2016-03-18,04:10:00,3.65,3.65,3.65,3.65,8000,0
2016-03-18,04:15:00,3.65,3.65,3.65,3.65,2000,0
2016-03-18,04:20:00,3.65,3.65,3.64,3.64,24000,0
2016-03-18,04:25:00,3.64,3.64,3.64,3.64,10000,0
2016-03-18,04:30:00,3.64,3.64,3.64,3.64,12000,0
2016-03-18,04:40:00,3.64,3.65,3.64,3.64,66000,0
2016-03-18,04:45:00,3.64,3.64,3.64,3.64,42000,0
2016-03-18,04:55:00,3.64,3.65,3.64,3.65,8000,0
2016-03-18,05:00:00,3.65,3.65,3.65,3.65,2000,0
2016-03-18,06:05:00,3.65,3.68,3.64,3.68,328000,0
2016-03-18,06:10:00,3.68,3.69,3.68,3.69,44000,0
2016-03-18,06:15:00,3.69,3.69,3.69,3.69,4000,0
2016-03-18,06:20:00,3.69,3.69,3.69,3.69,2000,0
2016-03-18,06:25:00,3.69,3.69,3.68,3.69,10000,0
2016-03-18,06:30:00,3.69,3.69,3.69,3.69,6000,0
2016-03-18,06:35:00,3.69,3.71,3.68,3.71,226000,0
2016-03-18,06:40:00,3.71,3.72,3.71,3.72,66000,0
2016-03-18,06:45:00,3.72,3.74,3.72,3.73,44000,0
2016-03-18,06:50:00,3.73,3.73,3.72,3.72,54000,0
2016-03-18,07:00:00,3.72,3.73,3.72,3.73,8000,0
2016-03-18,07:05:00,3.73,3.73,3.72,3.73,78000,0
2016-03-18,07:15:00,3.73,3.74,3.73,3.73,44000,0
2016-03-18,07:20:00,3.73,3.73,3.73,3.73,56000,0
2016-03-18,07:25:00,3.73,3.73,3.73,3.73,16000,0
2016-03-18,07:30:00,3.73,3.73,3.73,3.73,46000,0
2016-03-18,07:35:00,3.73,3.73,3.72,3.72,42000,0
2016-03-18,07:40:00,3.72,3.73,3.72,3.73,4000,0
2016-03-18,07:45:00,3.73,3.73,3.72,3.72,24000,0
2016-03-18,07:50:00,3.72,3.73,3.72,3.73,66000,0
2016-03-18,08:00:00,3.73,3.73,3.73,3.73,14000,0
2016-03-18,08:05:00,3.73,3.73,3.72,3.73,16000,0
2016-03-18,08:10:00,3.73,3.73,3.72,3.73,100000,0
2016-03-18,08:20:00,3.73,3.73,3.73,3.73,2000,0
2016-03-18,08:25:00,3.73,3.73,3.73,3.73,58000,0
2016-03-18,08:30:00,3.73,3.73,3.72,3.73,148000,0
2016-03-18,08:35:00,3.73,3.73,3.72,3.73,68000,0
2016-03-18,08:45:00,3.73,3.74,3.72,3.74,100000,0
2016-03-18,08:50:00,3.74,3.74,3.7,3.71,276000,0
2016-03-18,08:55:00,3.71,3.73,3.71,3.72,22000,0
2016-03-18,09:00:00,3.72,3.73,3.71,3.73,110000,0
2016-03-21,02:35:00,3.73,3.74,3.72,3.73,116000,0
2016-03-21,02:40:00,3.73,3.73,3.72,3.73,78000,0
2016-03-21,02:45:00,3.73,3.74,3.71,3.73,108000,0
2016-03-21,02:50:00,3.73,3.73,3.73,3.73,4000,0
2016-03-21,02:55:00,3.73,3.73,3.73,3.73,28000,0
2016-03-21,03:00:00,3.73,3.73,3.72,3.73,26000,0
2016-03-21,03:05:00,3.73,3.74,3.73,3.74,58000,0
2016-03-21,03:10:00,3.74,3.75,3.73,3.75,334000,0
2016-03-21,03:15:00,3.75,3.75,3.75,3.75,4000,0
2016-03-21,03:20:00,3.75,3.75,3.75,3.75,6000,0
2016-03-21,03:25:00,3.75,3.75,3.74,3.74,78000,0
2016-03-21,03:30:00,3.74,3.74,3.73,3.74,10000,0
2016-03-21,03:35:00,3.74,3.74,3.74,3.74,6000,0
2016-03-21,03:40:00,3.74,3.74,3.73,3.73,40000,0
2016-03-21,03:45:00,3.73,3.75,3.73,3.74,180000,0
2016-03-21,03:50:00,3.74,3.74,3.74,3.74,8000,0
2016-03-21,03:55:00,3.74,3.74,3.74,3.74,20000,0
2016-03-21,04:05:00,3.74,3.74,3.74,3.74,12000,0
2016-03-21,04:10:00,3.74,3.74,3.72,3.74,78000,0
2016-03-21,04:15:00,3.74,3.74,3.74,3.74,8000,0
2016-03-21,04:25:00,3.74,3.74,3.73,3.74,12000,0
2016-03-21,04:30:00,3.74,3.74,3.74,3.74,4000,0
2016-03-21,04:35:00,3.74,3.74,3.73,3.74,118000,0
2016-03-21,04:40:00,3.74,3.74,3.74,3.74,4000,0
2016-03-21,04:45:00,3.74,3.74,3.74,3.74,4000,0
2016-03-21,04:55:00,3.74,3.74,3.74,3.74,12000,0
2016-03-21,05:00:00,3.74,3.74,3.73,3.74,54000,0
2016-03-21,06:05:00,3.74,3.74,3.72,3.73,36000,0
2016-03-21,06:10:00,3.73,3.73,3.72,3.73,216000,0
2016-03-21,06:15:00,3.73,3.73,3.73,3.73,104000,0
2016-03-21,06:20:00,3.73,3.73,3.73,3.73,96000,0
2016-03-21,06:25:00,3.73,3.73,3.73,3.73,2000,0
2016-03-21,06:30:00,3.73,3.73,3.73,3.73,4000,0
2016-03-21,06:35:00,3.73,3.73,3.72,3.73,44000,0
2016-03-21,06:40:00,3.73,3.73,3.72,3.73,14000,0
2016-03-21,06:45:00,3.73,3.73,3.73,3.73,8000,0
2016-03-21,07:00:00,3.73,3.73,3.73,3.73,4000,0
2016-03-21,07:05:00,3.73,3.73,3.71,3.73,122000,0
2016-03-21,07:10:00,3.73,3.73,3.71,3.71,184000,0
2016-03-21,07:15:00,3.71,3.72,3.7,3.7,140000,0
2016-03-21,07:20:00,3.7,3.7,3.69,3.7,86000,0
2016-03-21,07:25:00,3.7,3.71,3.7,3.7,40000,0
2016-03-21,07:30:00,3.7,3.71,3.7,3.71,6000,0
2016-03-21,07:35:00,3.71,3.71,3.7,3.7,16000,0
2016-03-21,07:40:00,3.7,3.71,3.7,3.7,22000,0
2016-03-21,07:50:00,3.7,3.7,3.7,3.7,2000,0
2016-03-21,07:55:00,3.7,3.71,3.7,3.71,154000,0
2016-03-21,08:00:00,3.71,3.71,3.7,3.71,34000,0
2016-03-21,08:05:00,3.71,3.71,3.7,3.7,8000,0
2016-03-21,08:10:00,3.7,3.71,3.7,3.71,16000,0
2016-03-21,08:15:00,3.71,3.71,3.7,3.71,42000,0
2016-03-21,08:30:00,3.71,3.71,3.7,3.7,58000,0
2016-03-21,09:00:00,3.69,3.73,3.69,3.73,420000,0
2016-03-22,02:35:00,3.73,3.73,3.73,3.73,174000,0
2016-03-22,02:40:00,3.73,3.73,3.73,3.73,86000,0
2016-03-22,02:45:00,3.73,3.73,3.72,3.73,18000,0
2016-03-22,02:50:00,3.73,3.73,3.73,3.73,2000,0
2016-03-22,02:55:00,3.73,3.73,3.73,3.73,8000,0
2016-03-22,03:00:00,3.73,3.73,3.72,3.72,32000,0
2016-03-22,03:05:00,3.72,3.72,3.71,3.72,22000,0
2016-03-22,03:15:00,3.72,3.72,3.71,3.71,168000,0
2016-03-22,03:20:00,3.71,3.71,3.7,3.71,94000,0
2016-03-22,03:25:00,3.71,3.71,3.7,3.71,112000,0
2016-03-22,03:30:00,3.71,3.71,3.71,3.71,2000,0
2016-03-22,03:35:00,3.71,3.72,3.69,3.71,334000,0
2016-03-22,03:40:00,3.71,3.71,3.71,3.71,76000,0
2016-03-22,03:45:00,3.71,3.71,3.71,3.71,20000,0
2016-03-22,03:50:00,3.71,3.71,3.71,3.71,18000,0
2016-03-22,03:55:00,3.71,3.71,3.7,3.7,38000,0
2016-03-22,04:00:00,3.7,3.7,3.7,3.7,4000,0
2016-03-22,04:05:00,3.7,3.7,3.7,3.7,2000,0
2016-03-22,04:10:00,3.7,3.7,3.7,3.7,2000,0
2016-03-22,04:15:00,3.69,3.7,3.69,3.7,4000,0
2016-03-22,04:20:00,3.69,3.7,3.69,3.7,8000,0
2016-03-22,04:25:00,3.7,3.7,3.7,3.7,2000,0
2016-03-22,04:30:00,3.7,3.7,3.7,3.7,2000,0
2016-03-22,04:35:00,3.7,3.7,3.69,3.7,36000,0
2016-03-22,04:40:00,3.7,3.7,3.7,3.7,10000,0
2016-03-22,04:45:00,3.7,3.7,3.7,3.7,2000,0
2016-03-22,04:55:00,3.7,3.7,3.7,3.7,2000,0
2016-03-22,05:00:00,3.7,3.7,3.7,3.7,4000,0
2016-03-22,06:05:00,3.7,3.7,3.69,3.7,20000,0
2016-03-22,06:10:00,3.7,3.7,3.7,3.7,4000,0
2016-03-22,06:15:00,3.7,3.7,3.7,3.7,194000,0
2016-03-22,06:20:00,3.7,3.71,3.7,3.71,20000,0
2016-03-22,06:25:00,3.71,3.72,3.71,3.72,160000,0
2016-03-22,06:35:00,3.72,3.72,3.72,3.72,2000,0
2016-03-22,06:40:00,3.72,3.72,3.72,3.72,4000,0
2016-03-22,06:45:00,3.72,3.72,3.71,3.72,42000,0
2016-03-22,06:50:00,3.72,3.72,3.72,3.72,12000,0
2016-03-22,06:55:00,3.72,3.72,3.72,3.72,12000,0
2016-03-22,07:00:00,3.72,3.72,3.7,3.72,112000,0
2016-03-22,07:05:00,3.72,3.72,3.72,3.72,12000,0
2016-03-22,07:10:00,3.72,3.72,3.71,3.72,164000,0
2016-03-22,07:15:00,3.72,3.72,3.71,3.72,114000,0
2016-03-22,07:20:00,3.72,3.72,3.71,3.72,160000,0
2016-03-22,07:30:00,3.72,3.72,3.71,3.71,18000,0
2016-03-22,07:35:00,3.71,3.72,3.71,3.72,4000,0
2016-03-22,07:40:00,3.72,3.72,3.7,3.71,34000,0
2016-03-22,07:45:00,3.71,3.72,3.71,3.72,4000,0
2016-03-22,07:50:00,3.72,3.72,3.72,3.72,2000,0
2016-03-22,07:55:00,3.72,3.72,3.71,3.71,86000,0
2016-03-22,08:00:00,3.71,3.72,3.71,3.72,26000,0
2016-03-22,08:05:00,3.72,3.72,3.71,3.71,140000,0
2016-03-22,08:10:00,3.71,3.71,3.71,3.71,28000,0
2016-03-22,08:15:00,3.71,3.72,3.71,3.72,132000,0
2016-03-22,08:20:00,3.72,3.72,3.72,3.72,10000,0
2016-03-22,08:25:00,3.72,3.72,3.72,3.72,4000,0
2016-03-22,08:30:00,3.72,3.72,3.72,3.72,22000,0
2016-03-22,08:35:00,3.72,3.72,3.71,3.72,40000,0
2016-03-22,08:40:00,3.72,3.72,3.71,3.72,42000,0
2016-03-22,08:45:00,3.72,3.72,3.72,3.72,340000,0
2016-03-22,08:50:00,3.72,3.72,3.72,3.72,8000,0
2016-03-22,08:55:00,3.72,3.72,3.71,3.72,18000,0
2016-03-22,09:00:00,3.72,3.73,3.7,3.73,306000,0
2016-03-23,02:35:00,3.73,3.75,3.72,3.73,294000,0
2016-03-23,02:40:00,3.73,3.73,3.73,3.73,192000,0
2016-03-23,02:45:00,3.73,3.73,3.72,3.73,100000,0
2016-03-23,02:50:00,3.73,3.73,3.72,3.73,94000,0
2016-03-23,02:55:00,3.73,3.73,3.72,3.73,176000,0
2016-03-23,03:00:00,3.73,3.73,3.72,3.73,130000,0
2016-03-23,03:05:00,3.73,3.73,3.72,3.73,122000,0
2016-03-23,03:10:00,3.73,3.73,3.72,3.72,30000,0
2016-03-23,03:15:00,3.72,3.72,3.72,3.72,4000,0
2016-03-23,03:20:00,3.72,3.72,3.72,3.72,4000,0
2016-03-23,03:30:00,3.72,3.72,3.72,3.72,4000,0
2016-03-23,03:35:00,3.72,3.72,3.72,3.72,8000,0
2016-03-23,03:40:00,3.72,3.72,3.7,3.72,100000,0
2016-03-23,03:45:00,3.7,3.72,3.7,3.71,14000,0
2016-03-23,03:50:00,3.71,3.71,3.71,3.71,10000,0
2016-03-23,03:55:00,3.71,3.71,3.71,3.71,6000,0
2016-03-23,04:00:00,3.71,3.71,3.7,3.71,38000,0
2016-03-23,04:05:00,3.71,3.71,3.71,3.71,4000,0
2016-03-23,04:10:00,3.71,3.71,3.71,3.71,10000,0
2016-03-23,04:15:00,3.71,3.71,3.71,3.71,8000,0
2016-03-23,04:20:00,3.71,3.71,3.71,3.71,64000,0
2016-03-23,04:25:00,3.71,3.72,3.71,3.71,80000,0
2016-03-23,04:30:00,3.71,3.71,3.71,3.71,52000,0
2016-03-23,04:35:00,3.71,3.71,3.71,3.71,4000,0
2016-03-23,04:40:00,3.71,3.71,3.71,3.71,76000,0
2016-03-23,04:45:00,3.71,3.71,3.71,3.71,32000,0
2016-03-23,04:50:00,3.71,3.71,3.7,3.71,30000,0
2016-03-23,04:55:00,3.71,3.71,3.7,3.71,12000,0
2016-03-23,05:00:00,3.71,3.71,3.71,3.71,4000,0
2016-03-23,06:05:00,3.71,3.71,3.7,3.71,16000,0
2016-03-23,06:10:00,3.71,3.72,3.71,3.72,184000,0
2016-03-23,06:15:00,3.72,3.72,3.72,3.72,114000,0
2016-03-23,06:20:00,3.72,3.72,3.72,3.72,50000,0
2016-03-23,06:25:00,3.72,3.72,3.72,3.72,4000,0
2016-03-23,06:30:00,3.72,3.72,3.72,3.72,2000,0
2016-03-23,06:35:00,3.72,3.72,3.72,3.72,28000,0
2016-03-23,06:40:00,3.72,3.72,3.7,3.71,50000,0
2016-03-23,06:50:00,3.71,3.72,3.71,3.72,458000,0
2016-03-23,06:55:00,3.72,3.72,3.71,3.72,12000,0
2016-03-23,07:00:00,3.72,3.72,3.72,3.72,88000,0
2016-03-23,07:05:00,3.72,3.72,3.72,3.72,18000,0
2016-03-23,07:15:00,3.72,3.72,3.72,3.72,4000,0
2016-03-23,07:20:00,3.72,3.72,3.71,3.72,18000,0
2016-03-23,07:25:00,3.72,3.72,3.72,3.72,6000,0
2016-03-23,07:30:00,3.72,3.72,3.72,3.72,4000,0
2016-03-23,07:35:00,3.72,3.72,3.72,3.72,6000,0
2016-03-23,07:40:00,3.72,3.72,3.72,3.72,8000,0
2016-03-23,07:45:00,3.72,3.72,3.72,3.72,22000,0
2016-03-23,07:50:00,3.72,3.72,3.72,3.72,36000,0
2016-03-23,07:55:00,3.72,3.72,3.72,3.72,4000,0
2016-03-23,08:00:00,3.72,3.72,3.72,3.72,12000,0
2016-03-23,08:05:00,3.72,3.72,3.72,3.72,42000,0
2016-03-23,08:10:00,3.72,3.72,3.72,3.72,6000,0
2016-03-23,08:15:00,3.72,3.72,3.72,3.72,14000,0
2016-03-23,08:20:00,3.72,3.72,3.71,3.72,12000,0
2016-03-23,08:25:00,3.72,3.72,3.72,3.72,78000,0
2016-03-23,08:30:00,3.72,3.72,3.72,3.72,12000,0
2016-03-23,08:35:00,3.72,3.72,3.72,3.72,56000,0
2016-03-23,08:40:00,3.72,3.72,3.72,3.72,22000,0
2016-03-23,08:45:00,3.72,3.72,3.72,3.72,22000,0
2016-03-23,08:50:00,3.72,3.72,3.7,3.72,210000,0
2016-03-23,08:55:00,3.72,3.73,3.71,3.73,48000,0
2016-03-23,09:00:00,3.73,3.73,3.72,3.73,116000,0
2016-03-24,02:35:00,3.72,3.72,3.7,3.72,434000,0
2016-03-24,02:40:00,3.72,3.72,3.72,3.72,12000,0
2016-03-24,02:45:00,3.72,3.72,3.71,3.72,54000,0
2016-03-24,02:50:00,3.72,3.72,3.71,3.71,26000,0
2016-03-24,02:55:00,3.71,3.71,3.68,3.71,158000,0
2016-03-24,03:00:00,3.71,3.71,3.7,3.7,24000,0
2016-03-24,03:05:00,3.7,3.7,3.7,3.7,4000,0
2016-03-24,03:10:00,3.7,3.71,3.7,3.71,40000,0
2016-03-24,03:15:00,3.71,3.71,3.7,3.7,8000,0
2016-03-24,03:20:00,3.7,3.7,3.69,3.7,14000,0
2016-03-24,03:25:00,3.7,3.7,3.7,3.7,32000,0
2016-03-24,03:35:00,3.7,3.7,3.7,3.7,2000,0
2016-03-24,03:40:00,3.7,3.7,3.7,3.7,12000,0
2016-03-24,03:45:00,3.7,3.71,3.7,3.71,58000,0
2016-03-24,03:55:00,3.71,3.71,3.71,3.71,2000,0
2016-03-24,04:00:00,3.71,3.71,3.7,3.7,14000,0
2016-03-24,04:05:00,3.7,3.71,3.7,3.71,16000,0
2016-03-24,04:15:00,3.71,3.71,3.7,3.71,80000,0
2016-03-24,04:20:00,3.71,3.71,3.7,3.7,154000,0
2016-03-24,04:25:00,3.7,3.7,3.7,3.7,376000,0
2016-03-24,04:30:00,3.7,3.7,3.7,3.7,16000,0
2016-03-24,04:35:00,3.7,3.7,3.7,3.7,14000,0
2016-03-24,04:45:00,3.7,3.7,3.7,3.7,8000,0
2016-03-24,04:55:00,3.7,3.7,3.69,3.7,90000,0
2016-03-24,05:00:00,3.7,3.7,3.69,3.7,22000,0
2016-03-24,06:05:00,3.7,3.7,3.69,3.7,30000,0
2016-03-24,06:10:00,3.7,3.7,3.7,3.7,10000,0
2016-03-24,06:15:00,3.7,3.7,3.68,3.69,226000,0
2016-03-24,06:25:00,3.69,3.7,3.68,3.69,118000,0
2016-03-24,06:30:00,3.69,3.7,3.68,3.68,106000,0
2016-03-24,06:35:00,3.68,3.69,3.68,3.69,52000,0
2016-03-24,06:40:00,3.69,3.69,3.67,3.68,230000,0
2016-03-24,06:45:00,3.68,3.68,3.67,3.68,16000,0
2016-03-24,06:55:00,3.68,3.68,3.68,3.68,2000,0
2016-03-24,07:00:00,3.68,3.68,3.68,3.68,2000,0
2016-03-24,07:05:00,3.68,3.68,3.66,3.68,40000,0
2016-03-24,07:15:00,3.68,3.68,3.68,3.68,12000,0
2016-03-24,07:20:00,3.68,3.68,3.68,3.68,10000,0
2016-03-24,07:25:00,3.68,3.68,3.68,3.68,10000,0
2016-03-24,07:30:00,3.68,3.69,3.68,3.69,124000,0
2016-03-24,07:40:00,3.69,3.7,3.66,3.7,194000,0
2016-03-24,07:45:00,3.7,3.7,3.69,3.69,144000,0
2016-03-24,07:50:00,3.69,3.7,3.69,3.7,12000,0
2016-03-24,07:55:00,3.7,3.7,3.7,3.7,10000,0
2016-03-24,08:00:00,3.7,3.7,3.7,3.7,2000,0
2016-03-24,08:05:00,3.7,3.7,3.7,3.7,2000,0
2016-03-24,08:10:00,3.7,3.7,3.67,3.69,144000,0
2016-03-24,08:15:00,3.69,3.7,3.67,3.68,280000,0
2016-03-24,08:20:00,3.68,3.68,3.67,3.68,66000,0
2016-03-24,08:25:00,3.66,3.68,3.66,3.68,170000,0
2016-03-24,08:35:00,3.67,3.67,3.67,3.67,10000,0
2016-03-24,08:40:00,3.66,3.67,3.66,3.67,4000,0
2016-03-24,08:45:00,3.67,3.67,3.67,3.67,12000,0
2016-03-24,08:50:00,3.67,3.69,3.67,3.67,76000,0
2016-03-24,08:55:00,3.67,3.69,3.67,3.68,142000,0
2016-03-24,09:00:00,3.68,3.7,3.67,3.7,250000,0
2016-03-29,03:35:00,3.79,3.83,3.7,3.8,690000,0
2016-03-29,03:40:00,3.8,3.8,3.79,3.8,440000,0
2016-03-29,03:45:00,3.8,3.8,3.8,3.8,78000,0
2016-03-29,03:50:00,3.8,3.8,3.8,3.8,162000,0
2016-03-29,03:55:00,3.8,3.81,3.8,3.81,124000,0
2016-03-29,04:00:00,3.81,3.83,3.8,3.83,254000,0
2016-03-29,04:05:00,3.83,3.83,3.82,3.83,180000,0
2016-03-29,04:10:00,3.83,3.89,3.83,3.89,550000,0
2016-03-29,04:15:00,3.89,3.89,3.88,3.89,162000,0
2016-03-29,04:20:00,3.89,3.91,3.89,3.89,244000,0
2016-03-29,04:25:00,3.89,3.89,3.88,3.89,62000,0
2016-03-29,04:30:00,3.89,3.89,3.87,3.87,116000,0
2016-03-29,04:35:00,3.87,3.89,3.87,3.88,100000,0
2016-03-29,04:40:00,3.88,3.89,3.88,3.89,266000,0
2016-03-29,04:45:00,3.89,3.89,3.87,3.88,613103,0
2016-03-29,04:50:00,3.88,3.89,3.87,3.88,92000,0
2016-03-29,04:55:00,3.88,3.88,3.87,3.88,48000,0
2016-03-29,05:00:00,3.88,3.88,3.88,3.88,62000,0
2016-03-29,05:05:00,3.88,3.88,3.87,3.87,80000,0
2016-03-29,05:10:00,3.87,3.87,3.87,3.87,132000,0
2016-03-29,05:15:00,3.87,3.87,3.87,3.87,14000,0
2016-03-29,05:20:00,3.87,3.87,3.86,3.86,176000,0
2016-03-29,05:25:00,3.86,3.87,3.86,3.87,238000,0
2016-03-29,05:30:00,3.87,3.88,3.87,3.88,126000,0
2016-03-29,05:35:00,3.88,3.89,3.88,3.89,132000,0
2016-03-29,05:40:00,3.89,3.91,3.89,3.91,128000,0
2016-03-29,05:45:00,3.91,3.91,3.91,3.91,44000,0
2016-03-29,05:50:00,3.91,3.92,3.91,3.92,44000,0
2016-03-29,05:55:00,3.91,3.92,3.9,3.92,56000,0
2016-03-29,06:00:00,3.92,3.92,3.92,3.92,58000,0
2016-03-29,07:05:00,3.92,3.92,3.89,3.91,160000,0
2016-03-29,07:10:00,3.91,3.91,3.88,3.9,200000,0
2016-03-29,07:15:00,3.9,3.9,3.9,3.9,6000,0
2016-03-29,07:20:00,3.89,3.9,3.89,3.9,10000,0
2016-03-29,07:25:00,3.9,3.9,3.88,3.88,60000,0
2016-03-29,07:30:00,3.88,3.89,3.88,3.89,14000,0
2016-03-29,07:35:00,3.89,3.9,3.89,3.89,110000,0
2016-03-29,07:40:00,3.89,3.89,3.89,3.89,8000,0
2016-03-29,07:45:00,3.89,3.89,3.89,3.89,8000,0
2016-03-29,07:50:00,3.89,3.89,3.89,3.89,18000,0
2016-03-29,07:55:00,3.89,3.89,3.89,3.89,8000,0
2016-03-29,08:00:00,3.89,3.89,3.87,3.89,52000,0
2016-03-29,08:05:00,3.89,3.89,3.89,3.89,26000,0
2016-03-29,08:10:00,3.89,3.89,3.89,3.89,32000,0
2016-03-29,08:15:00,3.89,3.9,3.89,3.9,422000,0
2016-03-29,08:20:00,3.9,3.9,3.89,3.89,140000,0
2016-03-29,08:25:00,3.89,3.9,3.88,3.89,390000,0
2016-03-29,08:30:00,3.89,3.9,3.89,3.9,94000,0
2016-03-29,08:35:00,3.89,3.89,3.89,3.89,12000,0
2016-03-29,08:40:00,3.89,3.89,3.88,3.89,78000,0
2016-03-29,08:45:00,3.89,3.89,3.89,3.89,14000,0
2016-03-29,08:50:00,3.89,3.9,3.89,3.89,150000,0
2016-03-29,08:55:00,3.89,3.9,3.89,3.89,66000,0
2016-03-29,09:00:00,3.89,3.89,3.89,3.89,8000,0
2016-03-29,09:05:00,3.89,3.9,3.89,3.9,20000,0
2016-03-29,09:10:00,3.9,3.9,3.89,3.9,44000,0
2016-03-29,09:15:00,3.9,3.9,3.89,3.9,14000,0
2016-03-29,09:25:00,3.9,3.9,3.89,3.9,16000,0
2016-03-29,09:30:00,3.9,3.9,3.88,3.9,198000,0
2016-03-29,09:35:00,3.9,3.9,3.89,3.89,32000,0
2016-03-29,09:40:00,3.89,3.9,3.89,3.9,16000,0
2016-03-29,09:45:00,3.9,3.9,3.88,3.9,76000,0
2016-03-29,09:50:00,3.9,3.9,3.9,3.9,36000,0
2016-03-29,09:55:00,3.9,3.9,3.89,3.9,34000,0
2016-03-29,10:00:00,3.9,3.91,3.89,3.91,202000,0
2016-03-30,03:35:00,3.91,3.94,3.91,3.93,374000,0
2016-03-30,03:40:00,3.93,3.94,3.93,3.94,288000,0
2016-03-30,03:45:00,3.94,3.95,3.94,3.95,92000,0
2016-03-30,03:50:00,3.95,3.95,3.94,3.95,72000,0
2016-03-30,03:55:00,3.95,3.95,3.93,3.93,284000,0
2016-03-30,04:00:00,3.93,3.93,3.93,3.93,40000,0
2016-03-30,04:05:00,3.93,3.93,3.91,3.92,248000,0
2016-03-30,04:10:00,3.92,3.92,3.91,3.92,64000,0
2016-03-30,04:15:00,3.92,3.92,3.91,3.92,148000,0
2016-03-30,04:20:00,3.92,3.93,3.92,3.93,76000,0
2016-03-30,04:25:00,3.93,3.94,3.92,3.94,62000,0
2016-03-30,04:30:00,3.94,3.94,3.93,3.93,106062,0
2016-03-30,04:35:00,3.93,3.95,3.93,3.94,254000,0
2016-03-30,04:40:00,3.94,3.95,3.94,3.95,228000,0
2016-03-30,04:45:00,3.95,3.95,3.94,3.95,70000,0
2016-03-30,04:50:00,3.95,3.95,3.94,3.95,100000,0
2016-03-30,04:55:00,3.95,3.95,3.95,3.95,58000,0
2016-03-30,05:00:00,3.95,3.96,3.95,3.96,108000,0
2016-03-30,05:05:00,3.96,3.96,3.95,3.96,84000,0
2016-03-30,05:10:00,3.96,3.97,3.96,3.97,128000,0
2016-03-30,05:15:00,3.97,3.97,3.96,3.96,52000,0
2016-03-30,05:20:00,3.96,3.96,3.96,3.96,16000,0
2016-03-30,05:25:00,3.96,3.96,3.95,3.96,68000,0
2016-03-30,05:30:00,3.96,3.96,3.96,3.96,72000,0
2016-03-30,05:35:00,3.96,3.96,3.95,3.96,158000,0
2016-03-30,05:40:00,3.96,3.96,3.96,3.96,72000,0
2016-03-30,05:45:00,3.96,3.96,3.96,3.96,6000,0
2016-03-30,05:50:00,3.96,3.96,3.96,3.96,6000,0
2016-03-30,05:55:00,3.96,3.96,3.96,3.96,10000,0
2016-03-30,06:00:00,3.96,3.96,3.96,3.96,4000,0
2016-03-30,07:05:00,3.96,3.96,3.96,3.96,4000,0
2016-03-30,07:10:00,3.96,3.96,3.96,3.96,90000,0
2016-03-30,07:15:00,3.96,3.96,3.96,3.96,66000,0
2016-03-30,07:20:00,3.96,3.97,3.96,3.96,114000,0
2016-03-30,07:30:00,3.96,3.96,3.96,3.96,84000,0
2016-03-30,07:35:00,3.96,3.97,3.96,3.97,4000,0
2016-03-30,07:40:00,3.97,3.97,3.97,3.97,56000,0
2016-03-30,07:45:00,3.97,3.98,3.97,3.97,194000,0
2016-03-30,07:50:00,3.97,3.98,3.97,3.98,32000,0
2016-03-30,07:55:00,3.98,3.98,3.98,3.98,22000,0
2016-03-30,08:00:00,3.98,3.98,3.98,3.98,26000,0
2016-03-30,08:05:00,3.98,3.99,3.98,3.99,80500,0
2016-03-30,08:10:00,3.99,3.99,3.98,3.99,42000,0
2016-03-30,08:15:00,3.99,3.99,3.99,3.99,22000,0
2016-03-30,08:20:00,3.99,3.99,3.99,3.99,6000,0
2016-03-30,08:25:00,3.99,3.99,3.98,3.99,44000,0
2016-03-30,08:30:00,3.99,3.99,3.99,3.99,4000,0
2016-03-30,08:35:00,3.99,3.99,3.98,3.99,20000,0
2016-03-30,08:40:00,3.99,3.99,3.99,3.99,4000,0
2016-03-30,08:45:00,3.99,3.99,3.99,3.99,36000,0
2016-03-30,08:50:00,3.99,3.99,3.99,3.99,24000,0
2016-03-30,08:55:00,3.99,3.99,3.99,3.99,14000,0
2016-03-30,09:00:00,3.99,3.99,3.97,3.97,134000,0
2016-03-30,09:05:00,3.97,3.99,3.97,3.98,146000,0
2016-03-30,09:10:00,3.98,3.99,3.98,3.99,20000,0
2016-03-30,09:15:00,3.99,3.99,3.98,3.99,38000,0
2016-03-30,09:20:00,3.99,3.99,3.98,3.99,98000,0
2016-03-30,09:25:00,3.99,3.99,3.98,3.98,14000,0
2016-03-30,09:30:00,3.98,3.98,3.97,3.97,42000,0
2016-03-30,09:35:00,3.97,3.98,3.97,3.98,4000,0
2016-03-30,09:45:00,3.98,3.98,3.98,3.98,2000,0
2016-03-30,09:50:00,3.98,3.98,3.98,3.98,2000,0
2016-03-30,09:55:00,3.98,3.98,3.97,3.97,20000,0
2016-03-30,10:00:00,3.97,3.98,3.97,3.98,252000,0
2016-03-31,03:35:00,3.98,4,3.98,4,44000,0
2016-03-31,03:40:00,4,4,4,4,10000,0
2016-03-31,03:45:00,4,4,3.99,4,28000,0
2016-03-31,03:50:00,4,4,4,4,2000,0
2016-03-31,03:55:00,4,4,4,4,2000,0
2016-03-31,04:00:00,4,4.02,3.99,4.02,856000,0
2016-03-31,04:05:00,4.02,4.02,4.02,4.02,20000,0
2016-03-31,04:10:00,4.02,4.03,4.02,4.03,70000,0
2016-03-31,04:15:00,4.03,4.03,4.03,4.03,4000,0
2016-03-31,04:20:00,4.03,4.03,4.02,4.03,74000,0
2016-03-31,04:25:00,4.03,4.03,4.02,4.03,40000,0
2016-03-31,04:30:00,4.03,4.03,4.01,4.02,116000,0
2016-03-31,04:35:00,4.02,4.03,4.02,4.03,72000,0
2016-03-31,04:40:00,4.03,4.03,4.03,4.03,4000,0
2016-03-31,04:45:00,4.03,4.03,4.02,4.03,26000,0
2016-03-31,04:50:00,4.03,4.03,4.02,4.03,18000,0
2016-03-31,04:55:00,4.03,4.03,4.01,4.02,96000,0
2016-03-31,05:00:00,4.02,4.02,4.02,4.02,2000,0
2016-03-31,05:05:00,4.02,4.02,4.02,4.02,2000,0
2016-03-31,05:10:00,4.02,4.02,4.01,4.02,22000,0
2016-03-31,05:15:00,4.02,4.02,4.02,4.02,8000,0
2016-03-31,05:20:00,4.02,4.02,4.01,4.02,68000,0
2016-03-31,05:25:00,4.02,4.02,4.01,4.02,56000,0
2016-03-31,05:30:00,4.02,4.02,4.01,4.02,22000,0
2016-03-31,05:35:00,4.02,4.02,4.01,4.02,16000,0
2016-03-31,05:40:00,4.02,4.02,4.01,4.02,544000,0
2016-03-31,05:45:00,4.02,4.02,4.01,4.02,188000,0
2016-03-31,05:50:00,4.02,4.02,4.02,4.02,2000,0
2016-03-31,05:55:00,4.02,4.02,4.01,4.01,38000,0
2016-03-31,06:00:00,4.01,4.02,4,4.02,42000,0
2016-03-31,07:05:00,4.02,4.02,3.99,4,78000,0
2016-03-31,07:15:00,4,4,3.99,4,16000,0
2016-03-31,07:20:00,4,4.01,3.99,4.01,52000,0
2016-03-31,07:30:00,4.01,4.01,4,4.01,84000,0
2016-03-31,07:35:00,4.01,4.01,4,4.01,8000,0
2016-03-31,07:40:00,4.01,4.01,4.01,4.01,2000,0
2016-03-31,07:45:00,4.01,4.01,4,4,10000,0
2016-03-31,07:50:00,4,4.01,3.99,3.99,146000,0
2016-03-31,07:55:00,3.99,4,3.98,3.99,310000,0
2016-03-31,08:00:00,3.99,3.99,3.99,3.99,30000,0
2016-03-31,08:05:00,3.99,4,3.98,3.98,48000,0
2016-03-31,08:10:00,3.98,3.98,3.98,3.98,532000,0
2016-03-31,08:15:00,3.98,3.98,3.97,3.98,196000,0
2016-03-31,08:20:00,3.98,3.98,3.98,3.98,10000,0
2016-03-31,08:25:00,3.98,3.98,3.98,3.98,2000,0
2016-03-31,08:30:00,3.98,3.98,3.97,3.98,8000,0
2016-03-31,08:35:00,3.98,3.98,3.97,3.98,56000,0
2016-03-31,08:40:00,3.98,3.98,3.98,3.98,2000,0
2016-03-31,08:50:00,3.98,3.98,3.97,3.97,8000,0
2016-03-31,08:55:00,3.97,3.98,3.97,3.97,26000,0
2016-03-31,09:00:00,3.97,3.98,3.95,3.96,136000,0
2016-03-31,09:05:00,3.95,3.97,3.95,3.96,32000,0
2016-03-31,09:10:00,3.96,3.97,3.96,3.96,60000,0
2016-03-31,09:15:00,3.96,3.97,3.96,3.97,284000,0
2016-03-31,09:20:00,3.97,3.97,3.97,3.97,112000,0
2016-03-31,09:25:00,3.97,3.98,3.97,3.98,88000,0
2016-03-31,09:30:00,3.98,3.98,3.98,3.98,36000,0
2016-03-31,09:35:00,3.98,3.98,3.96,3.97,52000,0
2016-03-31,09:40:00,3.97,3.98,3.96,3.97,44000,0
2016-03-31,09:45:00,3.97,3.97,3.96,3.97,100000,0
2016-03-31,09:50:00,3.97,3.97,3.96,3.96,60000,0
2016-03-31,09:55:00,3.96,3.97,3.96,3.97,36000,0
2016-03-31,10:00:00,3.97,4,3.96,4,286000,0
2016-04-01,03:35:00,4,4,4,4,84000,0
2016-04-01,03:40:00,4,4,4,4,12000,0
2016-04-01,03:45:00,4,4,3.98,3.99,226000,0
2016-04-01,03:50:00,3.99,3.99,3.99,3.99,18000,0
2016-04-01,03:55:00,3.99,3.99,3.97,3.98,124000,0
2016-04-01,04:00:00,3.98,3.98,3.98,3.98,24000,0
2016-04-01,04:05:00,3.98,3.99,3.98,3.99,558000,0
2016-04-01,04:10:00,3.99,3.99,3.99,3.99,12000,0
2016-04-01,04:15:00,3.99,3.99,3.98,3.99,120000,0
2016-04-01,04:20:00,3.99,3.99,3.99,3.99,50000,0
2016-04-01,04:25:00,3.99,3.99,3.99,3.99,20000,0
2016-04-01,04:30:00,3.99,4,3.99,3.99,50000,0
2016-04-01,04:40:00,3.99,4,3.98,3.99,22000,0
2016-04-01,04:45:00,3.99,4,3.99,4,42000,0
2016-04-01,04:50:00,4,4,4,4,2000,0
2016-04-01,04:55:00,4,4,3.99,4,22000,0
2016-04-01,05:00:00,4,4,4,4,4000,0
2016-04-01,05:05:00,4,4,4,4,2000,0
2016-04-01,05:10:00,4,4.03,4,4.03,302000,0
2016-04-01,05:15:00,4.03,4.03,4.02,4.02,8000,0
2016-04-01,05:20:00,4.02,4.02,4.02,4.02,2000,0
2016-04-01,05:25:00,4.02,4.02,4,4,150000,0
2016-04-01,05:30:00,4,4,3.99,3.99,32000,0
2016-04-01,05:35:00,3.99,4,3.99,4,10000,0
2016-04-01,05:40:00,4,4,4,4,26000,0
2016-04-01,05:45:00,4,4,4,4,2000,0
2016-04-01,05:50:00,4,4,4,4,2000,0
2016-04-01,05:55:00,4,4,4,4,6000,0
2016-04-01,06:00:00,4,4,4,4,4000,0
2016-04-01,07:05:00,4,4,3.99,3.99,36000,0
2016-04-01,07:10:00,3.99,3.99,3.99,3.99,2000,0
2016-04-01,07:15:00,3.99,3.99,3.99,3.99,8000,0
2016-04-01,07:25:00,3.99,4.01,3.99,4.01,112000,0
2016-04-01,07:30:00,4.01,4.02,4.01,4.02,38000,0
2016-04-01,07:35:00,4.02,4.02,4.02,4.02,50000,0
2016-04-01,07:40:00,4.02,4.02,4.02,4.02,20000,0
2016-04-01,07:45:00,4.02,4.03,4.02,4.03,114000,0
2016-04-01,07:55:00,4.03,4.03,4.03,4.03,26000,0
2016-04-01,08:00:00,4.03,4.03,4.02,4.02,130000,0
2016-04-01,08:05:00,4.02,4.03,4.02,4.02,124000,0
2016-04-01,08:10:00,4.02,4.02,4.02,4.02,2000,0
2016-04-01,08:15:00,4.02,4.02,4.01,4.02,290000,0
2016-04-01,08:20:00,4.02,4.02,4.01,4.02,718000,0
2016-04-01,08:25:00,4.02,4.02,4.01,4.01,78000,0
2016-04-01,08:35:00,4.01,4.01,4,4.01,64000,0
2016-04-01,08:40:00,4.01,4.01,4.01,4.01,24000,0
2016-04-01,08:45:00,4.01,4.01,4.01,4.01,6000,0
2016-04-01,08:50:00,4.01,4.01,4,4.01,110000,0
2016-04-01,08:55:00,4.01,4.02,4.01,4.02,4000,0
2016-04-01,09:00:00,4.02,4.02,4.02,4.02,2000,0
2016-04-01,09:05:00,4.02,4.02,4.01,4.01,10000,0
2016-04-01,09:10:00,4.01,4.02,4.01,4.02,4000,0
2016-04-01,09:15:00,4.02,4.02,4.02,4.02,2000,0
2016-04-01,09:20:00,4.02,4.02,4.01,4.02,80000,0
2016-04-01,09:25:00,4.02,4.02,4.01,4.01,24000,0
2016-04-01,09:30:00,4.01,4.01,4.01,4.01,2000,0
2016-04-01,09:35:00,4.01,4.02,4.01,4.01,112000,0
2016-04-01,09:45:00,4.01,4.01,4.01,4.01,2000,0
2016-04-01,09:50:00,4.01,4.02,4.01,4.01,100000,0
2016-04-01,09:55:00,4.01,4.02,4.01,4.02,46000,0
2016-04-01,10:00:00,4.02,4.02,4.01,4.01,70000,0
2016-04-05,03:35:00,4,4.03,4,4.03,168000,0
2016-04-05,03:40:00,4.03,4.03,4.01,4.02,172000,0
2016-04-05,03:45:00,4.02,4.02,4,4.01,158000,0
2016-04-05,03:50:00,4.01,4.01,3.99,4,60000,0
2016-04-05,03:55:00,4,4,4,4,24000,0
2016-04-05,04:00:00,4,4,3.99,4,56000,0
2016-04-05,04:05:00,4,4,3.99,3.99,38000,0
2016-04-05,04:10:00,3.99,3.99,3.99,3.99,34000,0
2016-04-05,04:15:00,3.99,3.99,3.99,3.99,6000,0
2016-04-05,04:20:00,3.99,3.99,3.99,3.99,2000,0
2016-04-05,04:25:00,3.99,3.99,3.99,3.99,44000,0
2016-04-05,04:30:00,3.99,3.99,3.98,3.99,20000,0
2016-04-05,04:35:00,3.99,3.99,3.99,3.99,4000,0
2016-04-05,04:40:00,3.99,3.99,3.98,3.99,112000,0
2016-04-05,04:45:00,3.99,3.99,3.98,3.99,52000,0
2016-04-05,04:50:00,3.99,3.99,3.98,3.99,8000,0
2016-04-05,04:55:00,3.99,3.99,3.99,3.99,6000,0
2016-04-05,05:00:00,3.99,3.99,3.99,3.99,2000,0
2016-04-05,05:05:00,3.99,3.99,3.97,3.99,106000,0
2016-04-05,05:10:00,3.99,3.99,3.99,3.99,4000,0
2016-04-05,05:15:00,3.99,3.99,3.98,3.98,16000,0
2016-04-05,05:20:00,3.98,3.99,3.98,3.98,120000,0
2016-04-05,05:25:00,3.98,3.98,3.98,3.98,2000,0
2016-04-05,05:30:00,3.98,3.98,3.97,3.98,8000,0
2016-04-05,05:35:00,3.98,3.98,3.98,3.98,2000,0
2016-04-05,05:40:00,3.98,3.98,3.98,3.98,58000,0
2016-04-05,05:50:00,3.98,3.98,3.98,3.98,2000,0
2016-04-05,05:55:00,3.98,3.98,3.97,3.98,52000,0
2016-04-05,06:00:00,3.98,3.98,3.97,3.98,32000,0
2016-04-05,07:05:00,3.98,3.98,3.97,3.98,28000,0
2016-04-05,07:10:00,3.98,3.98,3.98,3.98,2000,0
2016-04-05,07:15:00,3.98,3.98,3.98,3.98,4000,0
2016-04-05,07:25:00,3.98,3.98,3.98,3.98,4000,0
2016-04-05,07:30:00,3.98,3.98,3.97,3.97,372000,0
2016-04-05,07:35:00,3.97,3.97,3.97,3.97,6000,0
2016-04-05,07:45:00,3.97,3.98,3.97,3.98,40000,0
2016-04-05,07:50:00,3.98,3.98,3.98,3.98,2000,0
2016-04-05,07:55:00,3.98,3.98,3.97,3.98,98000,0
2016-04-05,08:00:00,3.98,3.98,3.97,3.97,98000,0
2016-04-05,08:05:00,3.97,3.97,3.96,3.97,8000,0
2016-04-05,08:10:00,3.97,3.97,3.96,3.97,92000,0
2016-04-05,08:20:00,3.97,3.97,3.97,3.97,2000,0
2016-04-05,08:25:00,3.97,3.97,3.97,3.97,2000,0
2016-04-05,08:30:00,3.97,3.97,3.97,3.97,2000,0
2016-04-05,08:35:00,3.97,3.97,3.97,3.97,2000,0
2016-04-05,08:40:00,3.97,3.97,3.97,3.97,2000,0
2016-04-05,08:45:00,3.97,3.97,3.96,3.97,36000,0
2016-04-05,08:50:00,3.97,3.97,3.95,3.97,1066000,0
2016-04-05,08:55:00,3.97,3.97,3.96,3.97,10000,0
2016-04-05,09:00:00,3.97,3.97,3.96,3.96,50000,0
2016-04-05,09:05:00,3.96,3.97,3.96,3.96,214000,0
2016-04-05,09:10:00,3.96,3.97,3.96,3.97,4000,0
2016-04-05,09:15:00,3.97,3.97,3.96,3.96,32000,0
2016-04-05,09:30:00,3.96,3.96,3.96,3.96,2000,0
2016-04-05,09:35:00,3.95,3.96,3.95,3.96,6000,0
2016-04-05,09:40:00,3.95,3.96,3.95,3.96,46000,0
2016-04-05,09:45:00,3.96,3.96,3.96,3.96,2000,0
2016-04-05,09:50:00,3.96,3.96,3.95,3.96,8000,0
2016-04-05,09:55:00,3.96,3.96,3.96,3.96,2000,0
2016-04-05,10:00:00,3.96,3.96,3.95,3.96,74000,0
2016-04-06,03:35:00,3.95,3.96,3.95,3.96,562000,0
2016-04-06,03:40:00,3.96,3.96,3.96,3.96,4000,0
2016-04-06,03:45:00,3.96,3.96,3.96,3.96,6000,0
2016-04-06,03:50:00,3.96,3.96,3.95,3.96,18000,0
2016-04-06,03:55:00,3.96,3.96,3.96,3.96,448000,0
2016-04-06,04:00:00,3.96,3.97,3.96,3.97,88000,0
2016-04-06,04:05:00,3.97,3.97,3.97,3.97,6000,0
2016-04-06,04:10:00,3.97,3.97,3.97,3.97,4000,0
2016-04-06,04:15:00,3.97,3.97,3.97,3.97,12000,0
2016-04-06,04:20:00,3.97,3.97,3.97,3.97,4000,0
2016-04-06,04:25:00,3.97,3.97,3.97,3.97,4000,0
2016-04-06,04:30:00,3.97,3.97,3.97,3.97,4000,0
2016-04-06,04:35:00,3.97,3.97,3.97,3.97,4000,0
2016-04-06,04:40:00,3.97,3.97,3.97,3.97,2000,0
2016-04-06,04:45:00,3.97,3.97,3.97,3.97,6000,0
2016-04-06,04:50:00,3.97,3.97,3.97,3.97,2000,0
2016-04-06,04:55:00,3.97,3.97,3.97,3.97,14000,0
2016-04-06,05:00:00,3.97,3.97,3.96,3.97,60000,0
2016-04-06,05:05:00,3.97,3.97,3.96,3.97,152000,0
2016-04-06,05:10:00,3.97,3.97,3.96,3.97,24000,0
2016-04-06,05:15:00,3.97,3.97,3.96,3.96,20000,0
2016-04-06,05:20:00,3.96,3.96,3.92,3.95,226000,0
2016-04-06,05:25:00,3.95,3.95,3.91,3.95,144000,0
2016-04-06,05:30:00,3.95,3.95,3.88,3.91,326000,0
2016-04-06,05:35:00,3.91,3.95,3.9,3.94,38000,0
2016-04-06,05:40:00,3.93,3.93,3.92,3.93,8000,0
2016-04-06,05:45:00,3.93,3.93,3.93,3.93,4000,0
2016-04-06,05:50:00,3.93,3.93,3.91,3.93,16000,0
2016-04-06,06:00:00,3.93,3.93,3.93,3.93,6000,0
2016-04-06,07:05:00,3.93,3.93,3.92,3.93,70000,0
2016-04-06,07:10:00,3.92,3.92,3.91,3.92,8000,0
2016-04-06,07:15:00,3.92,3.94,3.92,3.94,44000,0
2016-04-06,07:20:00,3.93,3.94,3.93,3.94,88000,0
2016-04-06,07:35:00,3.94,3.94,3.92,3.92,148000,0
2016-04-06,07:40:00,3.92,3.92,3.92,3.92,12000,0
2016-04-06,07:45:00,3.92,3.92,3.92,3.92,2000,0
2016-04-06,07:50:00,3.92,3.93,3.92,3.93,118000,0
2016-04-06,07:55:00,3.93,3.94,3.93,3.93,96000,0
2016-04-06,08:00:00,3.93,3.94,3.93,3.94,6000,0
2016-04-06,08:15:00,3.94,3.94,3.93,3.93,52000,0
2016-04-06,08:20:00,3.93,3.94,3.93,3.93,8000,0
2016-04-06,08:25:00,3.93,3.94,3.93,3.94,74000,0
2016-04-06,08:35:00,3.94,3.94,3.94,3.94,4000,0
2016-04-06,08:40:00,3.94,3.94,3.94,3.94,16000,0
2016-04-06,08:50:00,3.94,3.94,3.94,3.94,2000,0
2016-04-06,08:55:00,3.94,3.94,3.94,3.94,16000,0
2016-04-06,09:05:00,3.94,3.94,3.93,3.94,90000,0
2016-04-06,09:15:00,3.94,3.94,3.93,3.94,68000,0
2016-04-06,09:20:00,3.94,3.94,3.93,3.93,52000,0
2016-04-06,09:25:00,3.93,3.94,3.93,3.94,4000,0
2016-04-06,09:35:00,3.94,3.94,3.93,3.94,74000,0
2016-04-06,09:40:00,3.94,3.94,3.93,3.94,18000,0
2016-04-06,09:45:00,3.94,3.94,3.93,3.94,24000,0
2016-04-06,09:50:00,3.94,3.94,3.93,3.93,8000,0
2016-04-06,09:55:00,3.93,3.94,3.92,3.94,30000,0
2016-04-06,10:00:00,3.94,3.94,3.93,3.94,140000,0
2016-04-07,03:35:00,3.94,3.96,3.94,3.96,40000,0
2016-04-07,03:40:00,3.96,3.97,3.96,3.97,128000,0
2016-04-07,03:45:00,3.97,3.97,3.96,3.97,48000,0
2016-04-07,03:50:00,3.97,3.98,3.97,3.98,78000,0
2016-04-07,03:55:00,3.98,3.98,3.98,3.98,68000,0
2016-04-07,04:00:00,3.98,3.98,3.98,3.98,64000,0
2016-04-07,04:05:00,3.98,3.98,3.98,3.98,72000,0
2016-04-07,04:10:00,3.98,3.99,3.98,3.98,90000,0
2016-04-07,04:15:00,3.98,3.98,3.98,3.98,22000,0
2016-04-07,04:20:00,3.98,3.98,3.98,3.98,54000,0
2016-04-07,04:25:00,3.98,3.98,3.97,3.98,93000,0
2016-04-07,04:30:00,3.98,3.98,3.98,3.98,2000,0
2016-04-07,04:35:00,3.98,3.98,3.97,3.97,12000,0
2016-04-07,04:40:00,3.97,3.97,3.96,3.97,286000,0
2016-04-07,04:45:00,3.97,3.97,3.96,3.97,128000,0
2016-04-07,04:50:00,3.97,3.97,3.97,3.97,18000,0
2016-04-07,04:55:00,3.97,3.97,3.97,3.97,8000,0
2016-04-07,05:00:00,3.97,3.97,3.96,3.97,12000,0
2016-04-07,05:05:00,3.97,3.97,3.97,3.97,4000,0
2016-04-07,05:10:00,3.97,3.97,3.97,3.97,4000,0
2016-04-07,05:15:00,3.97,3.97,3.97,3.97,32000,0
2016-04-07,05:20:00,3.97,3.97,3.97,3.97,6000,0
2016-04-07,05:25:00,3.97,3.97,3.96,3.97,112000,0
2016-04-07,05:30:00,3.97,3.97,3.97,3.97,22000,0
2016-04-07,05:35:00,3.97,3.97,3.97,3.97,2000,0
2016-04-07,05:40:00,3.97,3.97,3.97,3.97,6000,0
2016-04-07,05:45:00,3.97,3.97,3.96,3.97,84000,0
2016-04-07,05:55:00,3.97,3.97,3.97,3.97,2000,0
2016-04-07,06:00:00,3.97,3.97,3.97,3.97,4000,0
2016-04-07,07:05:00,3.97,3.97,3.97,3.97,32000,0
2016-04-07,07:10:00,3.97,3.98,3.97,3.97,82000,0
2016-04-07,07:15:00,3.97,3.97,3.96,3.96,108000,0
2016-04-07,07:20:00,3.96,3.96,3.96,3.96,4000,0
2016-04-07,07:25:00,3.96,3.96,3.96,3.96,4000,0
2016-04-07,07:30:00,3.96,3.96,3.96,3.96,6000,0
2016-04-07,07:35:00,3.96,3.96,3.96,3.96,6000,0
2016-04-07,07:45:00,3.96,3.96,3.96,3.96,12000,0
2016-04-07,07:50:00,3.96,3.97,3.96,3.97,110000,0
2016-04-07,08:00:00,3.97,3.97,3.97,3.97,2000,0
2016-04-07,08:05:00,3.97,3.97,3.97,3.97,2000,0
2016-04-07,08:10:00,3.97,3.97,3.96,3.97,72000,0
2016-04-07,08:20:00,3.97,3.97,3.97,3.97,4000,0
2016-04-07,08:25:00,3.97,3.97,3.96,3.96,36000,0
2016-04-07,08:30:00,3.96,3.96,3.96,3.96,20000,0
2016-04-07,08:35:00,3.96,3.96,3.96,3.96,10000,0
2016-04-07,08:40:00,3.96,3.96,3.96,3.96,10000,0
2016-04-07,08:45:00,3.96,3.96,3.96,3.96,10000,0
2016-04-07,08:50:00,3.96,3.96,3.96,3.96,10000,0
2016-04-07,08:55:00,3.96,3.96,3.96,3.96,2000,0
2016-04-07,09:00:00,3.96,3.96,3.96,3.96,52000,0
2016-04-07,09:05:00,3.96,3.96,3.95,3.96,68000,0
2016-04-07,09:10:00,3.96,3.96,3.95,3.96,18000,0
2016-04-07,09:15:00,3.96,3.96,3.95,3.96,64000,0
2016-04-07,09:20:00,3.96,3.96,3.95,3.96,8000,0
2016-04-07,09:25:00,3.96,3.96,3.95,3.95,144000,0
2016-04-07,09:30:00,3.95,3.96,3.94,3.96,100000,0
2016-04-07,09:35:00,3.96,3.96,3.96,3.96,4000,0
2016-04-07,09:40:00,3.96,3.96,3.96,3.96,4000,0
2016-04-07,09:50:00,3.96,3.96,3.96,3.96,2000,0
2016-04-07,09:55:00,3.96,3.96,3.95,3.96,712000,0
2016-04-07,10:00:00,3.96,3.97,3.96,3.96,52000,0
2016-04-08,03:35:00,3.95,3.96,3.94,3.95,168000,0
2016-04-08,03:40:00,3.95,3.96,3.94,3.96,350000,0
2016-04-08,03:45:00,3.96,3.96,3.95,3.95,66000,0
2016-04-08,03:50:00,3.95,3.96,3.95,3.96,42000,0
2016-04-08,03:55:00,3.96,3.96,3.95,3.96,42000,0
2016-04-08,04:00:00,3.96,3.96,3.96,3.96,14000,0
2016-04-08,04:05:00,3.96,3.96,3.95,3.95,124000,0
2016-04-08,04:10:00,3.95,3.95,3.95,3.95,74000,0
2016-04-08,04:15:00,3.95,3.95,3.95,3.95,20000,0
2016-04-08,04:20:00,3.95,3.95,3.94,3.94,22000,0
2016-04-08,04:25:00,3.93,3.94,3.93,3.94,4000,0
2016-04-08,04:30:00,3.94,3.94,3.93,3.94,48000,0
2016-04-08,04:35:00,3.94,3.94,3.94,3.94,44000,0
2016-04-08,04:40:00,3.94,3.94,3.94,3.94,18000,0
2016-04-08,04:45:00,3.94,3.95,3.94,3.95,39531,0
2016-04-08,04:50:00,3.95,3.95,3.94,3.95,32000,0
2016-04-08,04:55:00,3.95,3.95,3.95,3.95,2000,0
2016-04-08,05:00:00,3.95,3.95,3.95,3.95,14000,0
2016-04-08,05:05:00,3.95,3.95,3.95,3.95,2000,0
2016-04-08,05:15:00,3.95,3.95,3.95,3.95,2000,0
2016-04-08,05:20:00,3.95,3.95,3.95,3.95,8000,0
2016-04-08,05:25:00,3.95,3.95,3.95,3.95,2000,0
2016-04-08,05:30:00,3.95,3.95,3.95,3.95,4000,0
2016-04-08,05:35:00,3.95,3.95,3.95,3.95,2000,0
2016-04-08,05:40:00,3.95,3.95,3.95,3.95,2000,0
2016-04-08,05:45:00,3.95,3.95,3.95,3.95,28000,0
2016-04-08,05:50:00,3.95,3.95,3.94,3.94,26000,0
2016-04-08,05:55:00,3.94,3.94,3.93,3.94,26000,0
2016-04-08,06:00:00,3.94,3.94,3.94,3.94,12000,0
2016-04-08,07:05:00,3.94,3.94,3.94,3.94,10000,0
2016-04-08,07:10:00,3.94,3.94,3.94,3.94,2000,0
2016-04-08,07:15:00,3.94,3.94,3.94,3.94,2000,0
2016-04-08,07:20:00,3.94,3.94,3.94,3.94,2000,0
2016-04-08,07:25:00,3.94,3.95,3.94,3.95,26000,0
2016-04-08,07:30:00,3.95,3.95,3.95,3.95,6000,0
2016-04-08,07:35:00,3.95,3.95,3.95,3.95,2000,0
2016-04-08,07:40:00,3.95,3.95,3.94,3.94,44000,0
2016-04-08,07:45:00,3.94,3.95,3.94,3.95,112000,0
2016-04-08,07:50:00,3.95,3.95,3.95,3.95,2000,0
2016-04-08,07:55:00,3.95,3.95,3.95,3.95,2000,0
2016-04-08,08:00:00,3.95,3.95,3.95,3.95,2000,0
2016-04-08,08:05:00,3.95,3.95,3.95,3.95,6000,0
2016-04-08,08:10:00,3.95,3.95,3.95,3.95,4000,0
2016-04-08,08:15:00,3.95,3.95,3.95,3.95,2000,0
2016-04-08,08:25:00,3.95,3.95,3.95,3.95,6000,0
2016-04-08,08:30:00,3.95,3.95,3.94,3.94,112000,0
2016-04-08,08:40:00,3.94,3.94,3.94,3.94,22000,0
2016-04-08,08:45:00,3.94,3.94,3.93,3.94,102000,0
2016-04-08,08:50:00,3.94,3.95,3.94,3.94,68000,0
2016-04-08,08:55:00,3.94,3.94,3.94,3.94,74000,0
2016-04-08,09:00:00,3.94,3.94,3.93,3.94,40000,0
2016-04-08,09:05:00,3.93,3.94,3.93,3.94,4000,0
2016-04-08,09:15:00,3.94,3.94,3.94,3.94,66000,0
2016-04-08,09:20:00,3.94,3.94,3.94,3.94,12000,0
2016-04-08,09:25:00,3.94,3.94,3.94,3.94,78000,0
2016-04-08,09:30:00,3.94,3.95,3.94,3.94,86000,0
2016-04-08,09:35:00,3.94,3.95,3.94,3.95,164000,0
2016-04-08,09:40:00,3.95,3.95,3.94,3.94,54000,0
2016-04-08,09:45:00,3.94,3.94,3.94,3.94,72000,0
2016-04-08,09:50:00,3.94,3.94,3.94,3.94,138000,0
2016-04-08,09:55:00,3.94,3.95,3.94,3.95,46000,0
2016-04-08,10:00:00,3.95,3.95,3.95,3.95,20000,0
2016-04-11,03:35:00,3.94,3.96,3.94,3.96,164000,0
2016-04-11,03:40:00,3.96,3.97,3.96,3.97,164000,0
2016-04-11,03:45:00,3.97,3.98,3.97,3.98,84000,0
2016-04-11,03:50:00,3.98,3.98,3.98,3.98,20000,0
2016-04-11,03:55:00,3.98,3.98,3.98,3.98,2000,0
2016-04-11,04:00:00,3.98,3.99,3.98,3.99,62000,0
2016-04-11,04:05:00,3.99,3.99,3.98,3.99,102000,0
2016-04-11,04:10:00,3.99,3.99,3.99,3.99,6000,0
2016-04-11,04:15:00,3.99,4,3.99,3.99,232000,0
2016-04-11,04:20:00,3.99,4,3.96,3.98,422000,0
2016-04-11,04:25:00,3.98,3.98,3.98,3.98,58000,0
2016-04-11,04:30:00,3.98,3.98,3.98,3.98,36000,0
2016-04-11,04:35:00,3.98,3.98,3.98,3.98,12000,0
2016-04-11,04:40:00,3.98,3.98,3.98,3.98,12000,0
2016-04-11,04:45:00,3.98,3.98,3.98,3.98,26000,0
2016-04-11,04:50:00,3.98,3.99,3.98,3.98,42000,0
2016-04-11,04:55:00,3.98,3.98,3.98,3.98,46000,0
2016-04-11,05:00:00,3.98,3.98,3.98,3.98,46000,0
2016-04-11,05:05:00,3.98,3.98,3.97,3.97,108000,0
2016-04-11,05:10:00,3.97,3.97,3.97,3.97,2000,0
2016-04-11,05:15:00,3.97,3.97,3.97,3.97,28000,0
2016-04-11,05:20:00,3.97,3.97,3.97,3.97,2000,0
2016-04-11,05:25:00,3.97,3.97,3.97,3.97,16000,0
2016-04-11,05:30:00,3.97,3.98,3.97,3.97,42000,0
2016-04-11,05:35:00,3.97,3.97,3.97,3.97,4000,0
2016-04-11,05:40:00,3.97,3.97,3.97,3.97,10000,0
2016-04-11,05:45:00,3.97,3.97,3.97,3.97,2000,0
2016-04-11,05:50:00,3.97,3.97,3.97,3.97,2000,0
2016-04-11,05:55:00,3.97,3.97,3.97,3.97,26000,0
2016-04-11,06:00:00,3.97,3.97,3.97,3.97,2000,0
2016-04-11,07:05:00,3.97,3.97,3.97,3.97,24000,0
2016-04-11,07:10:00,3.97,3.97,3.97,3.97,6000,0
2016-04-11,07:15:00,3.97,3.97,3.96,3.97,42000,0
2016-04-11,07:20:00,3.97,3.97,3.97,3.97,2000,0
2016-04-11,07:25:00,3.97,3.97,3.97,3.97,22000,0
2016-04-11,07:30:00,3.97,3.97,3.97,3.97,2000,0
2016-04-11,07:35:00,3.97,3.97,3.97,3.97,32000,0
2016-04-11,07:40:00,3.97,3.97,3.97,3.97,2000,0
2016-04-11,07:45:00,3.97,3.97,3.96,3.96,202000,0
2016-04-11,07:50:00,3.96,3.96,3.96,3.96,8000,0
2016-04-11,07:55:00,3.96,3.96,3.96,3.96,2000,0
2016-04-11,08:00:00,3.96,3.97,3.96,3.97,76000,0
2016-04-11,08:05:00,3.97,3.97,3.97,3.97,2000,0
2016-04-11,08:10:00,3.97,3.97,3.96,3.97,86000,0
2016-04-11,08:15:00,3.97,3.97,3.97,3.97,2000,0
2016-04-11,08:20:00,3.97,3.97,3.97,3.97,2000,0
2016-04-11,08:25:00,3.97,3.97,3.97,3.97,18000,0
2016-04-11,08:30:00,3.97,3.97,3.96,3.96,126000,0
2016-04-11,08:35:00,3.96,3.97,3.96,3.97,4000,0
2016-04-11,08:45:00,3.97,3.97,3.96,3.96,160000,0
2016-04-11,08:50:00,3.96,3.97,3.96,3.97,6000,0
2016-04-11,08:55:00,3.97,3.97,3.97,3.97,4000,0
2016-04-11,09:00:00,3.97,3.97,3.96,3.97,8000,0
2016-04-11,09:05:00,3.97,3.97,3.96,3.96,4000,0
2016-04-11,09:10:00,3.96,3.96,3.95,3.95,24000,0
2016-04-11,09:15:00,3.95,3.96,3.95,3.96,4000,0
2016-04-11,09:20:00,3.96,3.96,3.96,3.96,2000,0
2016-04-11,09:30:00,3.96,3.96,3.96,3.96,22000,0
2016-04-11,09:35:00,3.96,3.96,3.96,3.96,10000,0
2016-04-11,09:40:00,3.96,3.96,3.96,3.96,40000,0
2016-04-11,09:45:00,3.96,3.97,3.96,3.97,8000,0
2016-04-11,09:50:00,3.97,3.97,3.96,3.97,18000,0
2016-04-11,09:55:00,3.97,3.97,3.97,3.97,6000,0
2016-04-11,10:00:00,3.97,3.97,3.97,3.97,20000,0
2016-04-12,03:35:00,3.96,3.97,3.96,3.97,244000,0
2016-04-12,03:40:00,3.97,3.97,3.95,3.95,252000,0
2016-04-12,03:45:00,3.95,3.95,3.95,3.95,136000,0
2016-04-12,03:50:00,3.95,3.96,3.95,3.96,44000,0
2016-04-12,03:55:00,3.96,3.96,3.96,3.96,32000,0
2016-04-12,04:00:00,3.96,3.96,3.96,3.96,20000,0
2016-04-12,04:05:00,3.96,3.96,3.96,3.96,14000,0
2016-04-12,04:15:00,3.96,3.97,3.96,3.97,98000,0
2016-04-12,04:25:00,3.97,3.97,3.96,3.97,12000,0
2016-04-12,04:30:00,3.97,3.98,3.97,3.98,188000,0
2016-04-12,04:35:00,3.98,3.98,3.98,3.98,28000,0
2016-04-12,04:40:00,3.98,3.98,3.98,3.98,22000,0
2016-04-12,04:45:00,3.98,3.98,3.98,3.98,2000,0
2016-04-12,04:50:00,3.98,3.98,3.98,3.98,2000,0
2016-04-12,04:55:00,3.98,3.98,3.98,3.98,2000,0
2016-04-12,05:00:00,3.98,3.98,3.98,3.98,4000,0
2016-04-12,05:05:00,3.98,3.98,3.98,3.98,2000,0
2016-04-12,05:10:00,3.98,3.98,3.98,3.98,2000,0
2016-04-12,05:15:00,3.98,3.98,3.98,3.98,2000,0
2016-04-12,05:25:00,3.98,3.98,3.98,3.98,2000,0
2016-04-12,05:30:00,3.98,3.98,3.98,3.98,2000,0
2016-04-12,05:35:00,3.98,3.98,3.98,3.98,2000,0
2016-04-12,05:40:00,3.98,3.98,3.97,3.97,14000,0
2016-04-12,05:45:00,3.97,3.97,3.96,3.97,202000,0
2016-04-12,05:50:00,3.97,3.97,3.96,3.97,230000,0
2016-04-12,06:00:00,3.97,3.97,3.97,3.97,6000,0
2016-04-12,07:05:00,3.97,3.97,3.97,3.97,2000,0
2016-04-12,07:10:00,3.97,3.97,3.96,3.97,206000,0
2016-04-12,07:15:00,3.97,3.97,3.97,3.97,4000,0
2016-04-12,07:20:00,3.97,3.97,3.96,3.97,120000,0
2016-04-12,07:25:00,3.97,3.97,3.97,3.97,44000,0
2016-04-12,07:30:00,3.97,3.97,3.97,3.97,4000,0
2016-04-12,07:35:00,3.97,3.97,3.97,3.97,6000,0
2016-04-12,07:40:00,3.97,3.97,3.97,3.97,38000,0
2016-04-12,07:45:00,3.97,3.97,3.97,3.97,86000,0
2016-04-12,07:55:00,3.97,3.97,3.97,3.97,2000,0
2016-04-12,08:00:00,3.97,3.97,3.97,3.97,12000,0
2016-04-12,08:05:00,3.97,3.97,3.96,3.96,188000,0
2016-04-12,08:10:00,3.96,3.97,3.96,3.97,8000,0
2016-04-12,08:15:00,3.97,3.97,3.96,3.96,88000,0
2016-04-12,08:25:00,3.96,3.97,3.96,3.97,6000,0
2016-04-12,08:30:00,3.97,3.97,3.96,3.97,24000,0
2016-04-12,08:35:00,3.97,3.97,3.95,3.96,98000,0
2016-04-12,08:40:00,3.96,3.97,3.96,3.97,66000,0
2016-04-12,08:45:00,3.97,3.97,3.96,3.97,62000,0
2016-04-12,08:50:00,3.97,3.97,3.95,3.97,68000,0
2016-04-12,08:55:00,3.97,3.97,3.97,3.97,2000,0
2016-04-12,09:00:00,3.97,3.97,3.96,3.97,8000,0
2016-04-12,09:05:00,3.97,3.97,3.96,3.97,12000,0
2016-04-12,09:10:00,3.96,3.97,3.96,3.97,76000,0
2016-04-12,09:15:00,3.97,3.97,3.97,3.97,2000,0
2016-04-12,09:20:00,3.97,3.97,3.97,3.97,14000,0
2016-04-12,09:25:00,3.97,3.97,3.97,3.97,2000,0
2016-04-12,09:30:00,3.97,3.97,3.97,3.97,2000,0
2016-04-12,09:35:00,3.96,3.96,3.96,3.96,20000,0
2016-04-12,09:40:00,3.97,3.97,3.97,3.97,2000,0
2016-04-12,09:45:00,3.97,3.97,3.97,3.97,12000,0
2016-04-12,09:55:00,3.97,3.97,3.97,3.97,58000,0
2016-04-12,10:00:00,3.97,3.97,3.96,3.97,34000,0
2016-04-13,03:35:00,3.97,4,3.97,3.99,270000,0
2016-04-13,03:40:00,3.99,4,3.99,4,276000,0
2016-04-13,03:45:00,4,4.02,4,4.02,246000,0
2016-04-13,03:50:00,4.02,4.02,4.02,4.02,136000,0
2016-04-13,03:55:00,4.02,4.03,4.02,4.02,190000,0
2016-04-13,04:00:00,4.02,4.02,4,4.01,284000,0
2016-04-13,04:05:00,4.01,4.01,4.01,4.01,188000,0
2016-04-13,04:10:00,4.01,4.01,4.01,4.01,2000,0
2016-04-13,04:15:00,4.01,4.01,3.99,4.01,320000,0
2016-04-13,04:20:00,4.01,4.01,4.01,4.01,2000,0
2016-04-13,04:25:00,4.01,4.01,4.01,4.01,4000,0
2016-04-13,04:30:00,4.01,4.01,4,4.01,18000,0
2016-04-13,04:35:00,4.01,4.01,4,4,74000,0
2016-04-13,04:40:00,4,4.01,4,4,32000,0
2016-04-13,04:45:00,4,4,4,4,4000,0
2016-04-13,04:50:00,4,4,4,4,6000,0
2016-04-13,04:55:00,4,4,4,4,2000,0
2016-04-13,05:00:00,4,4,4,4,6000,0
2016-04-13,05:05:00,4,4,4,4,2000,0
2016-04-13,05:10:00,4,4,4,4,2000,0
2016-04-13,05:15:00,4,4,4,4,2000,0
2016-04-13,05:20:00,4,4,4,4,2000,0
2016-04-13,05:25:00,4,4,4,4,4000,0
2016-04-13,05:30:00,4,4,4,4,2000,0
2016-04-13,05:35:00,4,4,4,4,4000,0
2016-04-13,05:40:00,4,4.01,4,4.01,108000,0
2016-04-13,05:45:00,4.01,4.01,4,4.01,158000,0
2016-04-13,05:50:00,4.01,4.01,4,4.01,108000,0
2016-04-13,05:55:00,4.01,4.01,4.01,4.01,40000,0
2016-04-13,06:00:00,4.01,4.01,4.01,4.01,46000,0
2016-04-13,07:05:00,4.01,4.01,4,4,26000,0
2016-04-13,07:10:00,4,4,4,4,2000,0
2016-04-13,07:15:00,4,4,4,4,2000,0
2016-04-13,07:20:00,4,4,4,4,4000,0
2016-04-13,07:25:00,4,4,4,4,8000,0
2016-04-13,07:30:00,4,4,3.98,3.99,200000,0
2016-04-13,07:35:00,3.99,3.99,3.99,3.99,4000,0
2016-04-13,07:45:00,3.99,3.99,3.99,3.99,2000,0
2016-04-13,07:50:00,3.99,3.99,3.97,3.98,228000,0
2016-04-13,07:55:00,3.98,3.98,3.98,3.98,50000,0
2016-04-13,08:00:00,3.98,3.98,3.98,3.98,82000,0
2016-04-13,08:05:00,3.98,3.98,3.98,3.98,2000,0
2016-04-13,08:10:00,3.98,3.98,3.98,3.98,10000,0
2016-04-13,08:15:00,3.98,3.98,3.97,3.97,56000,0
2016-04-13,08:20:00,3.97,3.97,3.95,3.97,476000,0
2016-04-13,08:25:00,3.97,3.98,3.97,3.98,26000,0
2016-04-13,08:30:00,3.98,3.98,3.96,3.97,26000,0
2016-04-13,08:35:00,3.97,3.97,3.96,3.97,12000,0
2016-04-13,08:40:00,3.97,3.98,3.97,3.98,6000,0
2016-04-13,08:45:00,3.98,3.98,3.98,3.98,10000,0
2016-04-13,08:50:00,3.98,3.98,3.98,3.98,2000,0
2016-04-13,08:55:00,3.98,3.98,3.98,3.98,2000,0
2016-04-13,09:05:00,3.98,3.98,3.98,3.98,10000,0
2016-04-13,09:10:00,3.98,3.98,3.98,3.98,24000,0
2016-04-13,09:15:00,3.98,3.98,3.98,3.98,4000,0
2016-04-13,09:25:00,3.98,3.98,3.98,3.98,4000,0
2016-04-13,09:30:00,3.98,3.98,3.97,3.98,12000,0
2016-04-13,09:35:00,3.98,3.98,3.98,3.98,2000,0
2016-04-13,09:40:00,3.98,3.98,3.98,3.98,50000,0
2016-04-13,09:45:00,3.98,3.99,3.98,3.99,144000,0
2016-04-13,09:50:00,3.99,3.99,3.99,3.99,2000,0
2016-04-13,09:55:00,3.99,3.99,3.99,3.99,2000,0
2016-04-13,10:00:00,3.99,3.99,3.97,3.98,158000,0
