Date,Time,Open,High,Low,Close,Volume,OpenInt
2016-03-18,02:35:00,42.9,43.35,42.9,43.2,315500,0
2016-03-18,02:40:00,43.2,43.6,43,43.3,853000,0
2016-03-18,02:45:00,43.3,43.4,43.2,43.4,77500,0
2016-03-18,02:50:00,43.4,43.75,43.4,43.7,277000,0
2016-03-18,02:55:00,43.7,43.9,43.7,43.8,262900,0
2016-03-18,03:00:00,43.8,43.85,43.8,43.85,169000,0
2016-03-18,03:05:00,43.85,44.1,43.85,44,512500,0
2016-03-18,03:10:00,44,44.1,43.95,43.95,313500,0
2016-03-18,03:15:00,43.95,44.25,43.9,44.15,457000,0
2016-03-18,03:20:00,44.15,44.25,44.1,44.15,127500,0
2016-03-18,03:25:00,44.15,44.2,44.1,44.1,194000,0
2016-03-18,03:30:00,44.1,44.2,44,44.1,155500,0
2016-03-18,03:35:00,44.1,44.15,44.05,44.05,202600,0
2016-03-18,03:40:00,44.05,44.05,44,44.05,47000,0
2016-03-18,03:45:00,44.05,44.05,43.75,43.75,208500,0
2016-03-18,03:50:00,43.75,43.8,43.65,43.75,121500,0
2016-03-18,03:55:00,43.75,43.9,43.75,43.9,122000,0
2016-03-18,04:00:00,43.9,43.9,43.65,43.7,189500,0
2016-03-18,04:05:00,43.7,43.8,43.65,43.8,88000,0
2016-03-18,04:10:00,43.8,43.8,43.6,43.65,90000,0
2016-03-18,04:15:00,43.65,43.85,43.65,43.8,76000,0
2016-03-18,04:20:00,43.8,43.9,43.75,43.85,91500,0
2016-03-18,04:25:00,43.85,43.9,43.8,43.9,73500,0
2016-03-18,04:30:00,43.9,44,43.85,44,229000,0
2016-03-18,04:35:00,44,44,43.9,43.95,125000,0
2016-03-18,04:40:00,43.95,44.05,43.95,44,141000,0
2016-03-18,04:45:00,44,44,43.8,43.9,181500,0
2016-03-18,04:50:00,43.9,43.95,43.8,43.85,39500,0
2016-03-18,04:55:00,43.85,43.9,43.85,43.9,24500,0
2016-03-18,05:00:00,43.9,43.9,43.75,43.85,70500,0
2016-03-18,06:05:00,43.85,43.95,43.8,43.8,53000,0
2016-03-18,06:10:00,43.8,43.85,43.65,43.75,119000,0
2016-03-18,06:15:00,43.75,43.75,43.65,43.7,28000,0
2016-03-18,06:20:00,43.7,43.7,43.65,43.65,121500,0
2016-03-18,06:25:00,43.65,43.7,43.6,43.6,54500,0
2016-03-18,06:30:00,43.6,43.6,43.55,43.6,45966,0
2016-03-18,06:35:00,43.6,43.7,43.55,43.7,76500,0
2016-03-18,06:40:00,43.7,43.75,43.6,43.6,46000,0
2016-03-18,06:45:00,43.6,43.6,43.55,43.55,21000,0
2016-03-18,06:50:00,43.55,43.6,43.55,43.55,19000,0
2016-03-18,06:55:00,43.55,43.55,43.45,43.5,81000,0
2016-03-18,07:00:00,43.5,43.6,43.5,43.5,73000,0
2016-03-18,07:05:00,43.5,43.5,43.45,43.45,29000,0
2016-03-18,07:10:00,43.45,43.45,43.35,43.45,48000,0
2016-03-18,07:15:00,43.45,43.45,43.4,43.4,44500,0
2016-03-18,07:20:00,43.4,43.4,43.35,43.4,44000,0
2016-03-18,07:25:00,43.4,43.4,43.3,43.3,35000,0
2016-03-18,07:30:00,43.3,43.35,43.3,43.35,34500,0
2016-03-18,07:35:00,43.35,43.35,43.1,43.1,66000,0
2016-03-18,07:40:00,43.1,43.25,43,43.2,116827,0
2016-03-18,07:45:00,43.2,43.25,43.15,43.25,17500,0
2016-03-18,07:50:00,43.25,43.3,43.2,43.25,57000,0
2016-03-18,07:55:00,43.25,43.25,43.15,43.2,34500,0
2016-03-18,08:00:00,43.2,43.4,43.15,43.35,51000,0
2016-03-18,08:05:00,43.35,43.35,43.3,43.35,33500,0
2016-03-18,08:10:00,43.35,43.35,43.3,43.3,34000,0
2016-03-18,08:15:00,43.3,43.45,43.3,43.45,81500,0
2016-03-18,08:20:00,43.45,43.55,43.4,43.5,70500,0
2016-03-18,08:25:00,43.5,43.55,43.4,43.45,63000,0
2016-03-18,08:30:00,43.45,43.6,43.4,43.6,113000,0
2016-03-18,08:35:00,43.6,43.7,43.45,43.5,145500,0
2016-03-18,08:40:00,43.5,43.55,43.45,43.45,65500,0
2016-03-18,08:45:00,43.45,43.5,43.4,43.45,99500,0
2016-03-18,08:50:00,43.45,43.45,43.4,43.45,110391,0
2016-03-18,08:55:00,43.45,43.75,43.4,43.6,440173,0
2016-03-18,09:00:00,43.6,43.8,43.6,43.65,744000,0
2016-03-21,02:35:00,43.95,43.95,43.55,43.6,238500,0
2016-03-21,02:40:00,43.6,43.65,43.25,43.25,108500,0
2016-03-21,02:45:00,43.25,43.3,42.9,43,215500,0
2016-03-21,02:50:00,43,43.05,42.95,43.05,141000,0
2016-03-21,02:55:00,43.05,43.45,43.05,43.3,235500,0
2016-03-21,03:00:00,43.3,43.35,43.1,43.15,127500,0
2016-03-21,03:05:00,43.15,43.4,43.15,43.25,161500,0
2016-03-21,03:10:00,43.25,43.3,43.05,43.05,156500,0
2016-03-21,03:15:00,43.05,43.4,43.05,43.15,269000,0
2016-03-21,03:20:00,43.15,43.25,43.05,43.05,73000,0
2016-03-21,03:25:00,43.05,43.15,43,43.1,49000,0
2016-03-21,03:30:00,43.1,43.2,43,43.2,190500,0
2016-03-21,03:35:00,43.2,43.35,43.2,43.35,34000,0
2016-03-21,03:40:00,43.35,43.35,43.25,43.25,31500,0
2016-03-21,03:45:00,43.25,43.25,43.1,43.1,45000,0
2016-03-21,03:50:00,43.1,43.1,43,43,67500,0
2016-03-21,03:55:00,43,43.4,43,43.15,290500,0
2016-03-21,04:00:00,43.15,43.15,43.05,43.05,22500,0
2016-03-21,04:05:00,43.05,43.3,43.05,43.2,127500,0
2016-03-21,04:10:00,43.2,43.2,43.1,43.1,52000,0
2016-03-21,04:15:00,43.1,43.1,43.05,43.1,20000,0
2016-03-21,04:20:00,43.1,43.2,43.05,43.2,57000,0
2016-03-21,04:25:00,43.2,43.2,43.1,43.15,28000,0
2016-03-21,04:30:00,43.15,43.25,43.1,43.2,58000,0
2016-03-21,04:35:00,43.2,43.3,43.15,43.3,101500,0
2016-03-21,04:40:00,43.3,43.35,43.25,43.25,38000,0
2016-03-21,04:45:00,43.25,43.25,43.2,43.25,18500,0
2016-03-21,04:50:00,43.25,43.25,43.2,43.2,67000,0
2016-03-21,04:55:00,43.2,43.25,43.15,43.2,26000,0
2016-03-21,05:00:00,43.2,43.25,43.2,43.25,10500,0
2016-03-21,06:05:00,43.25,43.25,43.2,43.2,49000,0
2016-03-21,06:10:00,43.2,43.25,43.15,43.2,35500,0
2016-03-21,06:15:00,43.2,43.2,43.15,43.15,74000,0
2016-03-21,06:20:00,43.15,43.2,43.1,43.15,20000,0
2016-03-21,06:25:00,43.15,43.15,43.1,43.15,53500,0
2016-03-21,06:30:00,43.15,43.15,43.1,43.1,101300,0
2016-03-21,06:35:00,43.1,43.15,43.05,43.05,58000,0
2016-03-21,06:40:00,43.05,43.1,43,43.05,45500,0
2016-03-21,06:45:00,43.05,43.1,43.05,43.1,17500,0
2016-03-21,06:50:00,43.1,43.1,43.05,43.05,20000,0
2016-03-21,06:55:00,43.05,43.1,43,43,48500,0
2016-03-21,07:00:00,43,43.05,42.95,42.95,80000,0
2016-03-21,07:05:00,42.95,43,42.95,42.95,33500,0
2016-03-21,07:10:00,42.95,42.95,42.7,42.7,183000,0
2016-03-21,07:15:00,42.7,42.7,42.3,42.4,272500,0
2016-03-21,07:20:00,42.4,42.5,42.4,42.45,267000,0
2016-03-21,07:25:00,42.45,42.75,42.45,42.6,105000,0
2016-03-21,07:30:00,42.6,42.7,42.5,42.6,138500,0
2016-03-21,07:35:00,42.6,42.6,42.45,42.45,60500,0
2016-03-21,07:40:00,42.45,42.6,42.4,42.6,196000,0
2016-03-21,07:45:00,42.6,42.75,42.6,42.7,65000,0
2016-03-21,07:50:00,42.7,42.75,42.7,42.7,20500,0
2016-03-21,07:55:00,42.7,42.8,42.7,42.8,66000,0
2016-03-21,08:00:00,42.8,42.9,42.7,42.75,70500,0
2016-03-21,08:05:00,42.75,42.85,42.75,42.85,55500,0
2016-03-21,08:10:00,42.85,42.95,42.85,42.85,45000,0
2016-03-21,08:15:00,42.85,42.85,42.7,42.7,60500,0
2016-03-21,08:20:00,42.7,42.8,42.7,42.8,61500,0
2016-03-21,08:25:00,42.8,42.8,42.75,42.8,18500,0
2016-03-21,08:30:00,42.8,42.8,42.7,42.7,51500,0
2016-03-21,08:35:00,42.7,42.95,42.7,42.9,92500,0
2016-03-21,08:40:00,42.9,42.95,42.8,42.8,52500,0
2016-03-21,08:45:00,42.8,42.9,42.75,42.85,84300,0
2016-03-21,08:50:00,42.85,43,42.85,42.85,106000,0
2016-03-21,08:55:00,42.85,42.9,42.8,42.85,194000,0
2016-03-21,09:00:00,42.85,42.9,42.75,42.85,291500,0
2016-03-22,02:35:00,42.6,43.1,42.55,42.95,231400,0
2016-03-22,02:40:00,42.95,43.25,42.9,43.25,127000,0
2016-03-22,02:45:00,43.25,43.35,43.2,43.35,52500,0
2016-03-22,02:50:00,43.35,43.55,43.3,43.4,97300,0
2016-03-22,02:55:00,43.4,43.45,43.35,43.4,77000,0
2016-03-22,03:00:00,43.4,43.4,43.1,43.25,212500,0
2016-03-22,03:05:00,43.25,43.4,43.1,43.4,109758,0
2016-03-22,03:10:00,43.4,43.5,43.2,43.2,78000,0
2016-03-22,03:15:00,43.2,43.25,43.1,43.2,60500,0
2016-03-22,03:20:00,43.2,43.2,43.1,43.2,61500,0
2016-03-22,03:25:00,43.2,43.2,43.1,43.1,69000,0
2016-03-22,03:30:00,43.1,43.1,43.05,43.1,16000,0
2016-03-22,03:35:00,43.1,43.2,43.1,43.2,47500,0
2016-03-22,03:40:00,43.2,43.2,43.15,43.15,15500,0
2016-03-22,03:45:00,43.15,43.2,43,43,40000,0
2016-03-22,03:50:00,43,43.05,42.95,43,52500,0
2016-03-22,03:55:00,43,43,42.95,43,20000,0
2016-03-22,04:00:00,43,43,42.7,42.7,73500,0
2016-03-22,04:05:00,42.7,42.7,42.65,42.7,51000,0
2016-03-22,04:10:00,42.7,42.7,42.55,42.6,111000,0
2016-03-22,04:15:00,42.6,42.6,42.55,42.6,22000,0
2016-03-22,04:20:00,42.6,42.6,42.5,42.5,41000,0
2016-03-22,04:25:00,42.5,42.5,42.4,42.45,91500,0
2016-03-22,04:30:00,42.45,42.45,42.4,42.4,45500,0
2016-03-22,04:35:00,42.4,42.5,42.4,42.5,43000,0
2016-03-22,04:40:00,42.5,42.5,42.4,42.45,32000,0
2016-03-22,04:45:00,42.45,42.45,42.35,42.4,21500,0
2016-03-22,04:50:00,42.4,42.45,42.4,42.45,26000,0
2016-03-22,04:55:00,42.45,42.45,42.35,42.35,41000,0
2016-03-22,05:00:00,42.35,42.5,42.35,42.5,52000,0
2016-03-22,06:05:00,42.45,42.55,42.35,42.55,51000,0
2016-03-22,06:10:00,42.55,42.55,42.5,42.55,39000,0
2016-03-22,06:15:00,42.55,42.55,42.45,42.45,29000,0
2016-03-22,06:20:00,42.45,42.7,42.4,42.7,62500,0
2016-03-22,06:25:00,42.7,42.7,42.5,42.6,113500,0
2016-03-22,06:30:00,42.65,42.65,42.55,42.55,11000,0
2016-03-22,06:35:00,42.55,42.6,42.55,42.55,36500,0
2016-03-22,06:40:00,42.55,42.6,42.5,42.5,53160,0
2016-03-22,06:45:00,42.5,42.55,42.45,42.45,52500,0
2016-03-22,06:50:00,42.45,42.5,42.45,42.5,72500,0
2016-03-22,06:55:00,42.5,42.65,42.5,42.65,79000,0
2016-03-22,07:00:00,42.65,42.7,42.55,42.55,29000,0
2016-03-22,07:05:00,42.55,42.6,42.5,42.55,19000,0
2016-03-22,07:10:00,42.55,42.65,42.55,42.65,42500,0
2016-03-22,07:15:00,42.65,42.65,42.55,42.55,27500,0
2016-03-22,07:20:00,42.55,42.6,42.5,42.55,19000,0
2016-03-22,07:25:00,42.55,42.55,42.5,42.5,17000,0
2016-03-22,07:30:00,42.5,42.75,42.5,42.75,162000,0
2016-03-22,07:35:00,42.75,42.75,42.65,42.65,27000,0
2016-03-22,07:40:00,42.65,42.7,42.65,42.7,28500,0
2016-03-22,07:45:00,42.7,42.7,42.65,42.65,23500,0
2016-03-22,07:50:00,42.65,42.7,42.55,42.55,29500,0
2016-03-22,07:55:00,42.55,42.55,42.4,42.5,222500,0
2016-03-22,08:00:00,42.5,42.5,42.45,42.45,13000,0
2016-03-22,08:05:00,42.45,42.5,42.45,42.5,26500,0
2016-03-22,08:10:00,42.5,42.5,42.35,42.45,42500,0
2016-03-22,08:15:00,42.45,42.45,42.35,42.35,35000,0
2016-03-22,08:20:00,42.35,42.4,42.35,42.35,13500,0
2016-03-22,08:25:00,42.35,42.4,42.35,42.4,66000,0
2016-03-22,08:30:00,42.4,42.45,42.4,42.4,19000,0
2016-03-22,08:35:00,42.4,42.45,42.35,42.35,39500,0
2016-03-22,08:40:00,42.35,42.5,42.35,42.4,41500,0
2016-03-22,08:45:00,42.4,42.45,42.35,42.4,43000,0
2016-03-22,08:50:00,42.4,42.4,42.3,42.3,76000,0
2016-03-22,08:55:00,42.3,42.35,42.25,42.35,63500,0
2016-03-22,09:00:00,42.35,42.5,42.25,42.35,293500,0
2016-03-23,02:35:00,42.2,42.7,42.1,42.7,136500,0
2016-03-23,02:40:00,42.7,42.9,42.7,42.75,45500,0
2016-03-23,02:45:00,42.75,42.9,42.7,42.9,72500,0
2016-03-23,02:50:00,42.9,43.05,42.85,43,42000,0
2016-03-23,02:55:00,43,43.2,43,43.05,60500,0
2016-03-23,03:00:00,43.05,43.05,42.75,43,96500,0
2016-03-23,03:05:00,43,43,42.85,42.9,23500,0
2016-03-23,03:10:00,42.9,42.9,42.75,42.8,49500,0
2016-03-23,03:15:00,42.8,43.05,42.8,42.95,58000,0
2016-03-23,03:20:00,42.95,42.95,42.85,42.85,22000,0
2016-03-23,03:25:00,42.85,42.9,42.65,42.9,77000,0
2016-03-23,03:30:00,42.9,42.95,42.9,42.95,8500,0
2016-03-23,03:35:00,42.95,42.95,42.9,42.9,26290,0
2016-03-23,03:40:00,42.9,42.9,42.75,42.75,34500,0
2016-03-23,03:45:00,42.75,42.8,42.75,42.75,10000,0
2016-03-23,03:50:00,42.75,42.75,42.7,42.7,16500,0
2016-03-23,03:55:00,42.7,42.7,42.55,42.55,34000,0
2016-03-23,04:00:00,42.55,42.9,42.55,42.8,67500,0
2016-03-23,04:05:00,42.8,42.9,42.8,42.9,46500,0
2016-03-23,04:10:00,42.9,42.95,42.85,42.9,62500,0
2016-03-23,04:15:00,42.9,43,42.9,43,53000,0
2016-03-23,04:20:00,43,43,43,43,2500,0
2016-03-23,04:25:00,43,43,42.95,43,57000,0
2016-03-23,04:30:00,43,43,42.95,43,14500,0
2016-03-23,04:35:00,43,43,42.9,43,25500,0
2016-03-23,04:40:00,43,43,43,43,2000,0
2016-03-23,04:45:00,43,43,42.9,42.9,30000,0
2016-03-23,04:50:00,42.9,42.9,42.9,42.9,5500,0
2016-03-23,04:55:00,42.9,42.95,42.9,42.95,23000,0
2016-03-23,05:00:00,42.95,43,42.95,42.95,13000,0
2016-03-23,06:05:00,42.95,43,42.85,42.85,54500,0
2016-03-23,06:10:00,42.85,42.85,42.8,42.8,22000,0
2016-03-23,06:15:00,42.8,42.85,42.6,42.6,46500,0
2016-03-23,06:20:00,42.6,42.7,42.6,42.65,31000,0
2016-03-23,06:25:00,42.65,42.7,42.65,42.65,20000,0
2016-03-23,06:30:00,42.65,42.65,42.55,42.55,59500,0
2016-03-23,06:35:00,42.55,42.55,42.35,42.35,53000,0
2016-03-23,06:40:00,42.35,42.4,42.35,42.4,123000,0
2016-03-23,06:45:00,42.4,42.55,42.4,42.5,52500,0
2016-03-23,06:50:00,42.5,42.6,42.45,42.5,52000,0
2016-03-23,06:55:00,42.5,42.6,42.5,42.5,31000,0
2016-03-23,07:00:00,42.5,42.8,42.5,42.55,155000,0
2016-03-23,07:05:00,42.55,42.55,42.55,42.55,7000,0
2016-03-23,07:10:00,42.55,42.55,42.55,42.55,4500,0
2016-03-23,07:15:00,42.55,42.6,42.5,42.5,44500,0
2016-03-23,07:20:00,42.5,42.55,42.45,42.55,42000,0
2016-03-23,07:25:00,42.55,42.65,42.55,42.65,84500,0
2016-03-23,07:30:00,42.65,43.05,42.6,43.05,520000,0
2016-03-23,07:35:00,43.05,43.05,42.75,42.75,622000,0
2016-03-23,07:40:00,42.75,42.8,42.75,42.8,24000,0
2016-03-23,07:45:00,42.8,43,42.8,42.95,89000,0
2016-03-23,07:50:00,42.95,42.95,42.95,42.95,46500,0
2016-03-23,07:55:00,42.95,43,42.9,42.95,89500,0
2016-03-23,08:00:00,42.95,43,42.95,42.95,58500,0
2016-03-23,08:05:00,42.95,42.95,42.95,42.95,20500,0
2016-03-23,08:10:00,42.95,42.95,42.9,42.9,21500,0
2016-03-23,08:15:00,42.9,42.95,42.9,42.9,17500,0
2016-03-23,08:20:00,42.9,43,42.9,43,101500,0
2016-03-23,08:25:00,43,43,42.95,43,28000,0
2016-03-23,08:30:00,43,43,42.95,42.95,14141,0
2016-03-23,08:35:00,42.95,43.1,42.95,43.1,121000,0
2016-03-23,08:40:00,43.1,43.1,43.05,43.1,55000,0
2016-03-23,08:45:00,43.1,43.15,43.05,43.15,146000,0
2016-03-23,08:50:00,43.15,43.2,43.1,43.1,54000,0
2016-03-23,08:55:00,43.1,43.15,43,43,132500,0
2016-03-23,09:00:00,43,43.1,42.9,43.05,211500,0
2016-03-24,02:35:00,42.8,42.8,42.3,42.3,111500,0
2016-03-24,02:40:00,42.3,42.75,42.3,42.65,118000,0
2016-03-24,02:45:00,42.65,42.8,42.55,42.75,77000,0
2016-03-24,02:50:00,42.75,42.85,42.55,42.85,132500,0
2016-03-24,02:55:00,42.85,42.95,42.8,42.85,116500,0
2016-03-24,03:00:00,42.85,43,42.8,42.95,95000,0
2016-03-24,03:05:00,42.95,42.95,42.8,42.8,22000,0
2016-03-24,03:10:00,42.8,42.85,42.8,42.85,21500,0
2016-03-24,03:15:00,42.85,42.95,42.8,42.95,72000,0
2016-03-24,03:20:00,42.95,43.1,42.9,43.1,91500,0
2016-03-24,03:25:00,43.1,43.3,43.05,43.3,175800,0
2016-03-24,03:30:00,43.3,43.4,43.2,43.25,127500,0
2016-03-24,03:35:00,43.25,43.25,43,43,78000,0
2016-03-24,03:40:00,43,43.1,43,43,43500,0
2016-03-24,03:45:00,43,43.05,42.9,42.95,26000,0
2016-03-24,03:50:00,42.95,43,42.8,42.8,51500,0
2016-03-24,03:55:00,42.8,42.8,42.6,42.6,34000,0
2016-03-24,04:00:00,42.6,42.75,42.6,42.75,45500,0
2016-03-24,04:05:00,42.75,42.75,42.7,42.7,10500,0
2016-03-24,04:10:00,42.7,42.7,42.6,42.7,32500,0
2016-03-24,04:15:00,42.7,42.75,42.65,42.75,12000,0
2016-03-24,04:20:00,42.75,42.75,42.7,42.75,11000,0
2016-03-24,04:25:00,42.75,42.75,42.65,42.7,20500,0
2016-03-24,04:30:00,42.7,42.7,42.6,42.6,20000,0
2016-03-24,04:35:00,42.6,42.65,42.6,42.65,19500,0
2016-03-24,04:40:00,42.65,42.65,42.65,42.65,12000,0
2016-03-24,04:45:00,42.65,42.65,42.55,42.55,28500,0
2016-03-24,04:50:00,42.55,42.55,42.55,42.55,8000,0
2016-03-24,04:55:00,42.55,42.6,42.5,42.5,31000,0
2016-03-24,05:00:00,42.5,42.6,42.5,42.6,44248,0
2016-03-24,06:05:00,42.6,42.75,42.6,42.65,24500,0
2016-03-24,06:10:00,42.65,42.7,42.65,42.65,24000,0
2016-03-24,06:15:00,42.65,42.7,42.65,42.65,12500,0
2016-03-24,06:20:00,42.65,42.85,42.65,42.85,89500,0
2016-03-24,06:25:00,42.85,42.95,42.85,42.85,40500,0
2016-03-24,06:30:00,42.85,42.85,42.8,42.8,5000,0
2016-03-24,06:35:00,42.8,42.9,42.8,42.85,17000,0
2016-03-24,06:40:00,42.85,42.85,42.8,42.8,3100,0
2016-03-24,06:45:00,42.8,42.85,42.8,42.8,11500,0
2016-03-24,06:50:00,42.8,42.85,42.8,42.85,26500,0
2016-03-24,06:55:00,42.85,42.9,42.85,42.85,60500,0
2016-03-24,07:00:00,42.85,42.9,42.85,42.85,6500,0
2016-03-24,07:05:00,42.85,42.85,42.75,42.75,37500,0
2016-03-24,07:10:00,42.75,42.8,42.75,42.8,12000,0
2016-03-24,07:15:00,42.8,42.85,42.8,42.8,4500,0
2016-03-24,07:20:00,42.8,42.85,42.8,42.8,19500,0
2016-03-24,07:25:00,42.8,42.8,42.75,42.75,43500,0
2016-03-24,07:30:00,42.75,42.75,42.65,42.7,68000,0
2016-03-24,07:35:00,42.7,42.7,42.6,42.6,78500,0
2016-03-24,07:40:00,42.6,42.6,42.5,42.5,33000,0
2016-03-24,07:45:00,42.5,42.5,42.4,42.4,45000,0
2016-03-24,07:50:00,42.4,42.45,42.2,42.3,417500,0
2016-03-24,07:55:00,42.3,42.4,42.2,42.35,36500,0
2016-03-24,08:00:00,42.35,42.35,42.25,42.35,59500,0
2016-03-24,08:05:00,42.35,42.4,42.3,42.35,26000,0
2016-03-24,08:10:00,42.35,42.4,42.3,42.35,47500,0
2016-03-24,08:15:00,42.35,42.35,42.25,42.25,73000,0
2016-03-24,08:20:00,42.25,42.3,42.2,42.25,46000,0
2016-03-24,08:25:00,42.25,42.3,42.15,42.2,102000,0
2016-03-24,08:30:00,42.25,42.3,42.25,42.3,42000,0
2016-03-24,08:35:00,42.3,42.4,42.25,42.4,62000,0
2016-03-24,08:40:00,42.4,42.4,42.3,42.4,93600,0
2016-03-24,08:45:00,42.4,42.6,42.35,42.6,132500,0
2016-03-24,08:50:00,42.6,42.6,42.35,42.5,127500,0
2016-03-24,08:55:00,42.5,42.55,42.4,42.55,162500,0
2016-03-24,09:00:00,42.55,42.7,42.5,42.55,238000,0
2016-03-29,03:35:00,44,44,43.8,44,770500,0
2016-03-29,03:40:00,44,44.45,43.9,44.45,607000,0
2016-03-29,03:45:00,44.45,44.8,44.45,44.75,907000,0
2016-03-29,03:50:00,44.75,44.95,44.55,44.85,1069000,0
2016-03-29,03:55:00,44.85,45.45,44.85,45.4,1172141,0
2016-03-29,04:00:00,45.4,45.75,45.4,45.55,810500,0
2016-03-29,04:05:00,45.55,45.55,45.4,45.45,599500,0
2016-03-29,04:10:00,45.45,45.45,45.2,45.25,354534,0
2016-03-29,04:15:00,45.25,45.55,45.25,45.55,466500,0
2016-03-29,04:20:00,45.55,45.55,45.25,45.25,412500,0
2016-03-29,04:25:00,45.25,45.3,44.75,44.75,377037,0
2016-03-29,04:30:00,44.75,44.95,44.5,44.55,855500,0
2016-03-29,04:35:00,44.55,44.7,44.5,44.7,284000,0
2016-03-29,04:40:00,44.7,44.85,44.5,44.5,273500,0
2016-03-29,04:45:00,44.5,44.5,44.25,44.25,371000,0
2016-03-29,04:50:00,44.25,44.3,44.2,44.2,140500,0
2016-03-29,04:55:00,44.2,44.25,44.2,44.2,92500,0
2016-03-29,05:00:00,44.2,44.3,44.2,44.25,278000,0
2016-03-29,05:05:00,44.25,44.3,44.2,44.25,97000,0
2016-03-29,05:10:00,44.25,44.25,44.1,44.15,180500,0
2016-03-29,05:15:00,44.15,44.15,44.1,44.1,50500,0
2016-03-29,05:20:00,44.1,44.15,44.1,44.1,123000,0
2016-03-29,05:25:00,44.1,44.15,44.1,44.15,105500,0
2016-03-29,05:30:00,44.15,44.15,44.05,44.1,125500,0
2016-03-29,05:35:00,44.1,44.1,44.05,44.05,58500,0
2016-03-29,05:40:00,44.05,44.1,43.9,43.9,399000,0
2016-03-29,05:45:00,43.9,43.95,43.75,43.75,263500,0
2016-03-29,05:50:00,43.75,43.75,43.4,43.75,768000,0
2016-03-29,05:55:00,43.75,43.85,43.65,43.85,346000,0
2016-03-29,06:00:00,43.85,44.1,43.85,44.05,268000,0
2016-03-29,07:05:00,44.05,44.1,43.95,43.95,161000,0
2016-03-29,07:10:00,43.95,44.05,43.95,44.05,151500,0
2016-03-29,07:15:00,44.05,44.3,44.05,44.3,116000,0
2016-03-29,07:20:00,44.3,44.4,44.25,44.4,214500,0
2016-03-29,07:25:00,44.4,44.4,44.25,44.25,71000,0
2016-03-29,07:30:00,44.25,44.25,44.1,44.15,58500,0
2016-03-29,07:35:00,44.15,44.35,44.1,44.35,90000,0
2016-03-29,07:40:00,44.35,44.35,44.25,44.35,72500,0
2016-03-29,07:45:00,44.35,44.35,44.25,44.25,46580,0
2016-03-29,07:50:00,44.25,44.3,44.25,44.25,37500,0
2016-03-29,07:55:00,44.25,44.35,44.25,44.35,102000,0
2016-03-29,08:00:00,44.35,44.7,44.3,44.7,501500,0
2016-03-29,08:05:00,44.7,44.75,44.5,44.6,193500,0
2016-03-29,08:10:00,44.6,44.6,44.35,44.45,102500,0
2016-03-29,08:15:00,44.45,44.6,44.45,44.6,86000,0
2016-03-29,08:20:00,44.6,44.65,44.55,44.6,62000,0
2016-03-29,08:25:00,44.6,44.6,44.55,44.55,61500,0
2016-03-29,08:30:00,44.55,44.6,44.4,44.4,87000,0
2016-03-29,08:35:00,44.4,44.4,44.2,44.3,119500,0
2016-03-29,08:40:00,44.3,44.3,44.25,44.25,43000,0
2016-03-29,08:45:00,44.25,44.3,44.25,44.25,26500,0
2016-03-29,08:50:00,44.25,44.35,44.2,44.3,200500,0
2016-03-29,08:55:00,44.3,44.45,44.3,44.35,177000,0
2016-03-29,09:00:00,44.35,44.35,44.2,44.2,111000,0
2016-03-29,09:05:00,44.2,44.35,44.2,44.3,169500,0
2016-03-29,09:10:00,44.3,44.4,44.3,44.4,62000,0
2016-03-29,09:15:00,44.4,44.4,44.35,44.4,35000,0
2016-03-29,09:20:00,44.4,44.7,44.4,44.7,217500,0
2016-03-29,09:25:00,44.7,44.75,44.7,44.75,103500,0
2016-03-29,09:30:00,44.75,44.75,44.7,44.7,143500,0
2016-03-29,09:35:00,44.7,44.75,44.65,44.7,207500,0
2016-03-29,09:40:00,44.7,44.75,44.65,44.7,116500,0
2016-03-29,09:45:00,44.7,44.75,44.7,44.7,65500,0
2016-03-29,09:50:00,44.7,44.75,44.7,44.7,81594,0
2016-03-29,09:55:00,44.7,44.75,44.7,44.75,218000,0
2016-03-29,10:00:00,44.75,44.75,44.65,44.65,610000,0
2016-03-30,03:35:00,44.65,44.95,44.65,44.75,719500,0
2016-03-30,03:40:00,44.75,44.85,44.4,44.45,558000,0
2016-03-30,03:45:00,44.45,44.55,44.2,44.2,145500,0
2016-03-30,03:50:00,44.2,44.4,44.2,44.35,162000,0
2016-03-30,03:55:00,44.35,44.5,44.3,44.4,68500,0
2016-03-30,04:00:00,44.4,44.5,44.35,44.35,136000,0
2016-03-30,04:05:00,44.35,44.5,44.35,44.5,93500,0
2016-03-30,04:10:00,44.5,44.5,44.4,44.4,92500,0
2016-03-30,04:15:00,44.4,44.5,44.4,44.45,133000,0
2016-03-30,04:20:00,44.45,44.5,44.25,44.25,122500,0
2016-03-30,04:25:00,44.25,44.3,44.15,44.2,55500,0
2016-03-30,04:30:00,44.2,44.2,43.85,43.85,236500,0
2016-03-30,04:35:00,43.85,43.95,43.6,43.95,252576,0
2016-03-30,04:40:00,43.95,44,43.9,43.95,78500,0
2016-03-30,04:45:00,43.95,44.05,43.95,44.05,139500,0
2016-03-30,04:50:00,44.05,44.15,43.9,43.9,63500,0
2016-03-30,04:55:00,43.9,43.95,43.8,43.8,121500,0
2016-03-30,05:00:00,43.8,43.85,43.7,43.7,134500,0
2016-03-30,05:05:00,43.7,43.75,43.65,43.65,109000,0
2016-03-30,05:10:00,43.55,43.7,43.55,43.7,67500,0
2016-03-30,05:15:00,43.7,43.75,43.6,43.65,62500,0
2016-03-30,05:20:00,43.65,43.7,43.6,43.7,53500,0
2016-03-30,05:25:00,43.7,43.8,43.7,43.75,166500,0
2016-03-30,05:30:00,43.75,43.75,43.7,43.7,46000,0
2016-03-30,05:35:00,43.7,43.75,43.65,43.75,93500,0
2016-03-30,05:40:00,43.75,43.75,43.6,43.6,57000,0
2016-03-30,05:45:00,43.6,43.8,43.6,43.8,179500,0
2016-03-30,05:50:00,43.8,43.85,43.8,43.85,25500,0
2016-03-30,05:55:00,43.85,44,43.85,44,115000,0
2016-03-30,06:00:00,44,44.15,44,44.15,87500,0
2016-03-30,07:05:00,44.15,44.2,44,44.1,69000,0
2016-03-30,07:10:00,44.1,44.2,44.05,44.15,108600,0
2016-03-30,07:15:00,44.15,44.2,44.15,44.2,100500,0
2016-03-30,07:20:00,44.2,44.2,44.15,44.15,49500,0
2016-03-30,07:25:00,44.15,44.2,44.15,44.15,111500,0
2016-03-30,07:30:00,44.15,44.2,44.15,44.15,134000,0
2016-03-30,07:35:00,44.15,44.2,44.15,44.15,67000,0
2016-03-30,07:40:00,44.15,44.2,44.15,44.15,92000,0
2016-03-30,07:45:00,44.15,44.4,44.15,44.4,297000,0
2016-03-30,07:50:00,44.4,44.45,44.25,44.25,116500,0
2016-03-30,07:55:00,44.25,44.3,44.2,44.2,56500,0
2016-03-30,08:00:00,44.2,44.3,44.2,44.2,57500,0
2016-03-30,08:05:00,44.2,44.3,44.2,44.25,60500,0
2016-03-30,08:10:00,44.25,44.3,44.2,44.25,28500,0
2016-03-30,08:15:00,44.25,44.3,44.25,44.3,37500,0
2016-03-30,08:20:00,44.3,44.35,44.3,44.3,19500,0
2016-03-30,08:25:00,44.3,44.35,44.3,44.3,108500,0
2016-03-30,08:30:00,44.3,44.35,44.3,44.3,36000,0
2016-03-30,08:35:00,44.3,44.35,44.2,44.2,96000,0
2016-03-30,08:40:00,44.2,44.3,44.15,44.25,66500,0
2016-03-30,08:45:00,44.25,44.35,44.2,44.3,76500,0
2016-03-30,08:50:00,44.3,44.5,44.3,44.45,435000,0
2016-03-30,08:55:00,44.45,44.5,44.45,44.45,87000,0
2016-03-30,09:00:00,44.45,44.5,44.35,44.35,209500,0
2016-03-30,09:05:00,44.35,44.4,44.3,44.4,56500,0
2016-03-30,09:10:00,44.4,44.45,44.35,44.45,84118,0
2016-03-30,09:15:00,44.45,44.45,44.35,44.4,75000,0
2016-03-30,09:20:00,44.4,44.45,44.3,44.3,84500,0
2016-03-30,09:25:00,44.3,44.35,44.3,44.3,101000,0
2016-03-30,09:30:00,44.3,44.35,43.95,43.95,322500,0
2016-03-30,09:35:00,43.95,44,43.9,43.95,91500,0
2016-03-30,09:40:00,43.95,44.1,43.95,44.05,296500,0
2016-03-30,09:45:00,44.05,44.25,44,44.2,125300,0
2016-03-30,09:50:00,44.2,44.4,44.2,44.35,191500,0
2016-03-30,09:55:00,44.35,44.4,44.25,44.25,260000,0
2016-03-30,10:00:00,44.25,44.35,44.25,44.35,315907,0
2016-03-31,03:35:00,43.6,44.65,43.6,44.65,127500,0
2016-03-31,03:40:00,44.65,44.9,44.65,44.9,120000,0
2016-03-31,03:45:00,44.9,44.9,44.3,44.45,250500,0
2016-03-31,03:50:00,44.45,44.5,44.35,44.45,75000,0
2016-03-31,03:55:00,44.45,44.65,44.4,44.65,146550,0
2016-03-31,04:00:00,44.65,44.8,44.65,44.8,37447,0
2016-03-31,04:05:00,44.8,44.8,44.6,44.65,109037,0
2016-03-31,04:10:00,44.65,44.75,44.5,44.75,33599,0
2016-03-31,04:15:00,44.75,44.75,44.6,44.75,66500,0
2016-03-31,04:20:00,44.75,44.75,44.6,44.65,59000,0
2016-03-31,04:25:00,44.65,44.65,44.55,44.55,25500,0
2016-03-31,04:30:00,44.55,44.7,44.4,44.5,83818,0
2016-03-31,04:35:00,44.5,44.5,44.4,44.45,31500,0
2016-03-31,04:40:00,44.45,44.5,44.45,44.45,29500,0
2016-03-31,04:45:00,44.45,44.5,44.4,44.4,86500,0
2016-03-31,04:50:00,44.4,44.45,44.4,44.4,7500,0
2016-03-31,04:55:00,44.4,44.4,44,44.15,174500,0
2016-03-31,05:00:00,44.15,44.45,44.15,44.4,79000,0
2016-03-31,05:05:00,44.4,44.4,44.25,44.4,29500,0
2016-03-31,05:10:00,44.4,44.55,44.3,44.55,60000,0
2016-03-31,05:15:00,44.55,44.55,44.3,44.4,37000,0
2016-03-31,05:20:00,44.4,44.45,44.3,44.45,22000,0
2016-03-31,05:25:00,44.45,44.7,44.45,44.7,47000,0
2016-03-31,05:30:00,44.7,44.7,44.6,44.7,137000,0
2016-03-31,05:35:00,44.7,45,44.7,44.85,324500,0
2016-03-31,05:40:00,44.85,45,44.85,44.95,145500,0
2016-03-31,05:45:00,44.95,44.95,44.75,44.85,78000,0
2016-03-31,05:50:00,44.85,44.95,44.8,44.95,87500,0
2016-03-31,05:55:00,44.95,44.95,44.85,44.9,16000,0
2016-03-31,06:00:00,44.9,44.9,44.75,44.75,24000,0
2016-03-31,07:05:00,44.75,44.8,44.7,44.75,33500,0
2016-03-31,07:10:00,44.75,44.8,44.75,44.75,26000,0
2016-03-31,07:15:00,44.75,44.8,44.7,44.8,76000,0
2016-03-31,07:20:00,44.8,44.8,44.75,44.75,30500,0
2016-03-31,07:25:00,44.75,44.9,44.75,44.85,102000,0
2016-03-31,07:30:00,44.85,44.9,44.8,44.8,44196,0
2016-03-31,07:35:00,44.8,44.9,44.8,44.8,23000,0
2016-03-31,07:40:00,44.8,44.85,44.75,44.75,52000,0
2016-03-31,07:45:00,44.75,44.8,44.75,44.8,35000,0
2016-03-31,07:50:00,44.8,44.85,44.75,44.85,87500,0
2016-03-31,07:55:00,44.85,44.85,44.75,44.8,9000,0
2016-03-31,08:00:00,44.8,44.8,44.65,44.65,151000,0
2016-03-31,08:05:00,44.65,44.7,44.65,44.7,35121,0
2016-03-31,08:10:00,44.7,44.7,44.65,44.65,61500,0
2016-03-31,08:15:00,44.65,44.7,44.45,44.55,170000,0
2016-03-31,08:20:00,44.55,44.55,44.4,44.5,39000,0
2016-03-31,08:25:00,44.5,44.5,44.4,44.45,50500,0
2016-03-31,08:30:00,44.45,44.5,44.4,44.4,38500,0
2016-03-31,08:35:00,44.4,44.7,44.4,44.65,71000,0
2016-03-31,08:40:00,44.65,44.75,44.65,44.75,52000,0
2016-03-31,08:45:00,44.75,44.75,44.65,44.65,30953,0
2016-03-31,08:50:00,44.65,44.7,44.6,44.6,61000,0
2016-03-31,08:55:00,44.6,44.6,44.5,44.55,30000,0
2016-03-31,09:00:00,44.55,44.55,44.4,44.45,59000,0
2016-03-31,09:05:00,44.45,44.5,44.45,44.5,5000,0
2016-03-31,09:10:00,44.5,44.5,44.45,44.45,11000,0
2016-03-31,09:15:00,44.45,44.65,44.45,44.6,78000,0
2016-03-31,09:20:00,44.6,44.65,44.5,44.5,31500,0
2016-03-31,09:25:00,44.5,44.65,44.5,44.55,20000,0
2016-03-31,09:30:00,44.55,44.6,44.5,44.6,14000,0
2016-03-31,09:35:00,44.6,44.6,44.5,44.5,33500,0
2016-03-31,09:40:00,44.5,44.55,44.45,44.5,62500,0
2016-03-31,09:45:00,44.5,44.5,44.4,44.45,21500,0
2016-03-31,09:50:00,44.45,44.5,44.45,44.45,43500,0
2016-03-31,09:55:00,44.45,44.5,44.45,44.5,88500,0
2016-03-31,10:00:00,44.5,44.65,44.45,44.5,733000,0
2016-04-01,03:35:00,44.7,44.7,44.35,44.35,40500,0
2016-04-01,03:40:00,44.35,44.65,44.35,44.5,108500,0
2016-04-01,03:45:00,44.5,44.5,44.3,44.3,63500,0
2016-04-01,03:50:00,44.3,44.35,44.1,44.15,52755,0
2016-04-01,03:55:00,44.15,44.2,44.05,44.2,107000,0
2016-04-01,04:00:00,44.2,44.2,44.05,44.1,72500,0
2016-04-01,04:05:00,44.1,44.1,43.95,43.95,160900,0
2016-04-01,04:10:00,43.95,43.95,43.8,43.9,87500,0
2016-04-01,04:15:00,43.9,44,43.85,44,99500,0
2016-04-01,04:20:00,44,44.1,44,44.1,106500,0
2016-04-01,04:25:00,44.1,44.1,44.05,44.1,13000,0
2016-04-01,04:30:00,44.1,44.1,44.05,44.05,33000,0
2016-04-01,04:35:00,44.05,44.05,43.9,43.95,47500,0
2016-04-01,04:40:00,43.95,43.95,43.9,43.95,32000,0
2016-04-01,04:45:00,43.95,43.95,43.8,43.8,69500,0
2016-04-01,04:50:00,43.8,43.85,43.8,43.85,39000,0
2016-04-01,04:55:00,43.85,43.85,43.8,43.8,95500,0
2016-04-01,05:00:00,43.8,43.85,43.8,43.8,92000,0
2016-04-01,05:05:00,43.8,43.8,43.65,43.7,41000,0
2016-04-01,05:10:00,43.7,43.7,43.6,43.6,58500,0
2016-04-01,05:15:00,43.6,43.65,43.5,43.6,144000,0
2016-04-01,05:20:00,43.6,43.6,43.5,43.55,49000,0
2016-04-01,05:25:00,43.55,43.6,43.45,43.45,161000,0
2016-04-01,05:30:00,43.45,43.45,43.4,43.4,50000,0
2016-04-01,05:35:00,43.4,43.55,43.4,43.5,261500,0
2016-04-01,05:40:00,43.5,43.5,43.4,43.45,193500,0
2016-04-01,05:45:00,43.45,43.45,43.4,43.45,33500,0
2016-04-01,05:50:00,43.45,43.45,43.4,43.4,51000,0
2016-04-01,05:55:00,43.4,43.45,43.3,43.3,88000,0
2016-04-01,06:00:00,43.3,43.35,43.3,43.3,52000,0
2016-04-01,07:05:00,43.3,43.35,43.15,43.2,117500,0
2016-04-01,07:10:00,43.2,43.2,43.15,43.2,34500,0
2016-04-01,07:25:00,43.05,43.2,43,43.2,197500,0
2016-04-01,07:30:00,43.2,43.35,43.2,43.25,98000,0
2016-04-01,07:35:00,43.25,43.35,43.25,43.35,67500,0
2016-04-01,07:40:00,43.35,43.45,43.3,43.45,185500,0
2016-04-01,07:45:00,43.45,43.45,43.4,43.4,63500,0
2016-04-01,07:50:00,43.4,43.45,43.4,43.45,34500,0
2016-04-01,07:55:00,43.45,43.45,43.35,43.4,40000,0
2016-04-01,08:00:00,43.4,43.4,43.3,43.3,92000,0
2016-04-01,08:05:00,43.3,43.3,43.2,43.2,59000,0
2016-04-01,08:10:00,43.2,43.25,43.2,43.25,32500,0
2016-04-01,08:15:00,43.25,43.25,43.2,43.25,28500,0
2016-04-01,08:20:00,43.25,43.25,43.2,43.2,41770,0
2016-04-01,08:25:00,43.2,43.3,43.2,43.25,110000,0
2016-04-01,08:30:00,43.25,43.3,43.25,43.3,55500,0
2016-04-01,08:35:00,43.3,43.35,43.3,43.3,66000,0
2016-04-01,08:40:00,43.3,43.4,43.3,43.35,93500,0
2016-04-01,08:45:00,43.35,43.4,43.35,43.4,51000,0
2016-04-01,08:50:00,43.4,43.4,43.3,43.35,139000,0
2016-04-01,08:55:00,43.35,43.4,43.3,43.4,49000,0
2016-04-01,09:00:00,43.4,43.4,43.3,43.35,46500,0
2016-04-01,09:05:00,43.35,43.35,43.3,43.3,86000,0
2016-04-01,09:10:00,43.3,43.35,43.2,43.25,53500,0
2016-04-01,09:15:00,43.25,43.25,43.2,43.2,22500,0
2016-04-01,09:20:00,43.2,43.25,43.1,43.2,151500,0
2016-04-01,09:25:00,43.2,43.25,43.1,43.15,58500,0
2016-04-01,09:30:00,43.15,43.3,43.15,43.3,59500,0
2016-04-01,09:35:00,43.3,43.3,43.25,43.25,32500,0
2016-04-01,09:40:00,43.25,43.3,43.25,43.25,52000,0
2016-04-01,09:45:00,43.25,43.35,43.25,43.35,105500,0
2016-04-01,09:50:00,43.35,43.35,43.3,43.35,82500,0
2016-04-01,09:55:00,43.35,43.4,43.3,43.35,147500,0
2016-04-01,10:00:00,43.35,43.4,43.2,43.25,471000,0
2016-04-05,03:35:00,43,43,42.2,42.35,562306,0
2016-04-05,03:40:00,42.35,42.5,42.25,42.45,534700,0
2016-04-05,03:45:00,42.45,42.5,42,42.2,463500,0
2016-04-05,03:50:00,42.2,42.35,42.1,42.15,193500,0
2016-04-05,03:55:00,42.15,42.2,42.1,42.1,100000,0
2016-04-05,04:00:00,42.1,42.1,41.8,41.85,231000,0
2016-04-05,04:05:00,41.85,42.05,41.85,41.95,135500,0
2016-04-05,04:10:00,41.95,42,41.8,41.85,152500,0
2016-04-05,04:15:00,41.85,41.9,41.65,41.8,264000,0
2016-04-05,04:20:00,41.8,41.95,41.8,41.9,128275,0
2016-04-05,04:25:00,41.9,41.95,41.8,41.85,163500,0
2016-04-05,04:30:00,41.85,41.9,41.8,41.85,266000,0
2016-04-05,04:35:00,41.85,41.9,41.8,41.8,127000,0
2016-04-05,04:40:00,41.8,41.8,41.5,41.55,304500,0
2016-04-05,04:45:00,41.55,41.7,41.5,41.6,142500,0
2016-04-05,04:50:00,41.6,41.65,41.5,41.65,94000,0
2016-04-05,04:55:00,41.65,41.65,41.15,41.3,377500,0
2016-04-05,05:00:00,41.3,41.4,41.25,41.35,170500,0
2016-04-05,05:05:00,41.35,41.35,41.15,41.15,148500,0
2016-04-05,05:10:00,41.15,41.2,41.05,41.2,322370,0
2016-04-05,05:15:00,41.2,41.45,41.2,41.45,191500,0
2016-04-05,05:20:00,41.45,41.5,41.3,41.3,227000,0
2016-04-05,05:25:00,41.3,41.35,41.25,41.3,95000,0
2016-04-05,05:30:00,41.3,41.35,41.25,41.35,183000,0
2016-04-05,05:35:00,41.35,41.5,41.35,41.4,99000,0
2016-04-05,05:40:00,41.4,41.45,41.4,41.4,166500,0
2016-04-05,05:45:00,41.4,41.45,41.35,41.45,96500,0
2016-04-05,05:50:00,41.45,41.5,41.25,41.3,242000,0
2016-04-05,05:55:00,41.3,41.3,41.1,41.25,373500,0
2016-04-05,06:00:00,41.25,41.4,41.25,41.3,144500,0
2016-04-05,07:05:00,41.3,41.3,41.2,41.3,132200,0
2016-04-05,07:10:00,41.3,41.4,41.25,41.4,80500,0
2016-04-05,07:15:00,41.4,41.45,41.4,41.45,67000,0
2016-04-05,07:20:00,41.45,41.45,41.25,41.3,197000,0
2016-04-05,07:25:00,41.3,41.3,41.25,41.25,66000,0
2016-04-05,07:30:00,41.25,41.45,41.25,41.45,443500,0
2016-04-05,07:35:00,41.45,41.45,41.35,41.4,119000,0
2016-04-05,07:40:00,41.4,41.4,41.35,41.35,41000,0
2016-04-05,07:45:00,41.35,41.45,41.35,41.45,129500,0
2016-04-05,07:50:00,41.45,41.45,41.35,41.4,109000,0
2016-04-05,07:55:00,41.4,41.45,41.4,41.45,78500,0
2016-04-05,08:00:00,41.45,41.45,41.4,41.45,117000,0
2016-04-05,08:05:00,41.45,41.45,41.4,41.45,35000,0
2016-04-05,08:10:00,41.45,41.45,41.4,41.4,149500,0
2016-04-05,08:15:00,41.4,41.45,41.4,41.45,69000,0
2016-04-05,08:20:00,41.45,41.45,41.4,41.4,41500,0
2016-04-05,08:25:00,41.4,41.45,41.4,41.4,64000,0
2016-04-05,08:30:00,41.4,41.45,41.35,41.35,186000,0
2016-04-05,08:35:00,41.35,41.4,41.25,41.25,357500,0
2016-04-05,08:40:00,41.25,41.3,41.25,41.3,101000,0
2016-04-05,08:45:00,41.3,41.3,41.2,41.2,59000,0
2016-04-05,08:50:00,41.2,41.25,41.2,41.25,31000,0
2016-04-05,08:55:00,41.25,41.25,41.15,41.15,107000,0
2016-04-05,09:00:00,41.15,41.25,41.15,41.2,226500,0
2016-04-05,09:05:00,41.2,41.25,41.2,41.2,108500,0
2016-04-05,09:10:00,41.2,41.25,41.15,41.15,81500,0
2016-04-05,09:15:00,41.15,41.2,41.05,41.05,258500,0
2016-04-05,09:20:00,41.05,41.1,40.85,40.9,440000,0
2016-04-05,09:25:00,40.9,41.05,40.85,41,178500,0
2016-04-05,09:30:00,41,41.15,41,41.1,158500,0
2016-04-05,09:35:00,41.1,41.15,41.05,41.05,137500,0
2016-04-05,09:40:00,41.05,41.1,40.9,40.95,325500,0
2016-04-05,09:45:00,40.95,40.95,40.9,40.9,130500,0
2016-04-05,09:50:00,40.9,41.1,40.9,41.1,350500,0
2016-04-05,09:55:00,41.1,41.15,41.05,41.05,312000,0
2016-04-05,10:00:00,41.05,41.1,41,41,633500,0
2016-04-06,03:35:00,40.6,40.95,40.6,40.9,280000,0
2016-04-06,03:40:00,40.9,41,40.8,40.95,392000,0
2016-04-06,03:45:00,40.95,41.05,40.85,41,385500,0
2016-04-06,03:50:00,41,41.25,40.95,41.1,208000,0
2016-04-06,03:55:00,41.1,41.3,41.05,41.3,105000,0
2016-04-06,04:00:00,41.3,41.65,41.3,41.45,366000,0
2016-04-06,04:05:00,41.45,41.5,41.35,41.45,174500,0
2016-04-06,04:10:00,41.45,41.6,41.35,41.55,254800,0
2016-04-06,04:15:00,41.55,41.75,41.55,41.65,276500,0
2016-04-06,04:20:00,41.65,41.65,41.5,41.55,105000,0
2016-04-06,04:25:00,41.55,41.55,41.5,41.5,59000,0
2016-04-06,04:30:00,41.5,41.55,41.4,41.4,116000,0
2016-04-06,04:35:00,41.4,41.4,41.3,41.3,82500,0
2016-04-06,04:40:00,41.3,41.35,41.25,41.35,95500,0
2016-04-06,04:45:00,41.35,41.45,41.3,41.45,216500,0
2016-04-06,04:50:00,41.45,41.6,41.45,41.55,156500,0
2016-04-06,04:55:00,41.55,41.6,41.5,41.55,29500,0
2016-04-06,05:00:00,41.55,41.55,41.45,41.45,182500,0
2016-04-06,05:05:00,41.45,41.45,41.35,41.4,43000,0
2016-04-06,05:10:00,41.4,41.4,41.3,41.35,48000,0
2016-04-06,05:15:00,41.35,41.4,41.3,41.35,150500,0
2016-04-06,05:20:00,41.35,41.5,41.3,41.45,93640,0
2016-04-06,05:25:00,41.45,41.45,41.45,41.45,21000,0
2016-04-06,05:30:00,41.45,41.5,41.4,41.5,77000,0
2016-04-06,05:35:00,41.5,41.5,41.45,41.45,18500,0
2016-04-06,05:40:00,41.45,41.5,41.45,41.45,16000,0
2016-04-06,05:45:00,41.45,41.55,41.45,41.55,44000,0
2016-04-06,05:50:00,41.55,41.6,41.5,41.6,103000,0
2016-04-06,05:55:00,41.6,41.6,41.55,41.6,50000,0
2016-04-06,06:00:00,41.6,41.7,41.6,41.7,57000,0
2016-04-06,07:05:00,41.7,41.8,41.65,41.75,132000,0
2016-04-06,07:10:00,41.75,41.75,41.65,41.65,51500,0
2016-04-06,07:15:00,41.65,41.7,41.6,41.6,85000,0
2016-04-06,07:20:00,41.6,41.6,41.55,41.55,46500,0
2016-04-06,07:25:00,41.55,41.55,41.5,41.5,33700,0
2016-04-06,07:30:00,41.5,41.55,41.5,41.5,6500,0
2016-04-06,07:35:00,41.5,41.6,41.5,41.55,65500,0
2016-04-06,07:40:00,41.55,41.6,41.45,41.45,66600,0
2016-04-06,07:45:00,41.45,41.5,41.45,41.5,11000,0
2016-04-06,07:50:00,41.5,41.5,41.4,41.45,38500,0
2016-04-06,07:55:00,41.45,41.45,41.4,41.4,60500,0
2016-04-06,08:00:00,41.4,41.55,41.4,41.55,86400,0
2016-04-06,08:05:00,41.55,41.6,41.55,41.55,17000,0
2016-04-06,08:10:00,41.55,41.55,41.45,41.5,88000,0
2016-04-06,08:15:00,41.5,41.55,41.45,41.5,6000,0
2016-04-06,08:20:00,41.5,41.55,41.5,41.55,38000,0
2016-04-06,08:25:00,41.55,41.6,41.55,41.6,39000,0
2016-04-06,08:30:00,41.6,41.6,41.55,41.55,24500,0
2016-04-06,08:35:00,41.55,41.6,41.55,41.55,20500,0
2016-04-06,08:40:00,41.55,41.6,41.5,41.5,95000,0
2016-04-06,08:45:00,41.5,41.5,41.45,41.45,14000,0
2016-04-06,08:50:00,41.45,41.5,41.45,41.45,21500,0
2016-04-06,08:55:00,41.45,41.5,41.45,41.45,16500,0
2016-04-06,09:00:00,41.45,41.5,41.45,41.45,14000,0
2016-04-06,09:05:00,41.45,41.5,41.3,41.3,201500,0
2016-04-06,09:10:00,41.3,41.35,41.3,41.35,50000,0
2016-04-06,09:15:00,41.35,41.35,41.3,41.3,157500,0
2016-04-06,09:20:00,41.3,41.4,41.3,41.35,98500,0
2016-04-06,09:25:00,41.35,41.5,41.35,41.45,110500,0
2016-04-06,09:30:00,41.45,41.5,41.4,41.45,91000,0
2016-04-06,09:35:00,41.45,41.5,41.4,41.45,43500,0
2016-04-06,09:40:00,41.45,41.5,41.45,41.45,59000,0
2016-04-06,09:45:00,41.45,41.45,41.4,41.45,82500,0
2016-04-06,09:50:00,41.45,41.45,41.4,41.4,103000,0
2016-04-06,09:55:00,41.4,41.45,41.3,41.3,121000,0
2016-04-06,10:00:00,41.3,41.35,41.3,41.35,343000,0
2016-04-07,03:35:00,41.8,41.95,41.55,41.75,163000,0
2016-04-07,03:40:00,41.75,41.9,41.75,41.75,144500,0
2016-04-07,03:45:00,41.75,41.8,41.65,41.65,70500,0
2016-04-07,03:50:00,41.65,41.7,41.6,41.65,157000,0
2016-04-07,03:55:00,41.65,41.7,41.55,41.55,69000,0
2016-04-07,04:00:00,41.55,41.65,41.55,41.6,37000,0
2016-04-07,04:05:00,41.6,41.6,41.55,41.6,43500,0
2016-04-07,04:10:00,41.6,41.6,41.55,41.6,52000,0
2016-04-07,04:15:00,41.6,41.6,41.55,41.6,53500,0
2016-04-07,04:20:00,41.6,41.65,41.6,41.65,31000,0
2016-04-07,04:25:00,41.65,41.65,41.6,41.65,27500,0
2016-04-07,04:30:00,41.65,41.65,41.6,41.65,30000,0
2016-04-07,04:35:00,41.65,41.65,41,41.35,267516,0
2016-04-07,04:40:00,41.35,41.35,41.2,41.25,50000,0
2016-04-07,04:45:00,41.25,41.3,41.25,41.3,19000,0
2016-04-07,04:50:00,41.3,41.5,41.25,41.45,95500,0
2016-04-07,04:55:00,41.45,41.45,41.35,41.35,48500,0
2016-04-07,05:00:00,41.35,41.4,41.25,41.35,27500,0
2016-04-07,05:05:00,41.35,41.35,41.15,41.15,73000,0
2016-04-07,05:10:00,41.15,41.25,41.15,41.25,75000,0
2016-04-07,05:15:00,41.25,41.3,41.25,41.25,17000,0
2016-04-07,05:20:00,41.25,41.3,41.25,41.25,30500,0
2016-04-07,05:25:00,41.25,41.3,41.25,41.3,6500,0
2016-04-07,05:30:00,41.3,41.3,41.25,41.25,17500,0
2016-04-07,05:35:00,41.25,41.3,41.25,41.3,25500,0
2016-04-07,05:40:00,41.3,41.3,41.25,41.3,42000,0
2016-04-07,05:45:00,41.3,41.3,41.25,41.3,37500,0
2016-04-07,05:50:00,41.3,41.3,41.25,41.3,30000,0
2016-04-07,05:55:00,41.3,41.3,41.25,41.25,21000,0
2016-04-07,06:00:00,41.25,41.3,41.25,41.3,15500,0
2016-04-07,07:05:00,41.3,41.3,41.25,41.25,41500,0
2016-04-07,07:10:00,41.25,41.3,41.25,41.3,35500,0
2016-04-07,07:15:00,41.3,41.3,41.25,41.25,31000,0
2016-04-07,07:20:00,41.25,41.3,41.25,41.25,79500,0
2016-04-07,07:25:00,41.25,41.3,41.25,41.3,79000,0
2016-04-07,07:30:00,41.3,41.3,41.25,41.3,26000,0
2016-04-07,07:35:00,41.3,41.3,41.2,41.2,77500,0
2016-04-07,07:40:00,41.2,41.25,41.2,41.2,52000,0
2016-04-07,07:45:00,41.2,41.25,41.2,41.25,17000,0
2016-04-07,07:50:00,41.25,41.25,41.2,41.25,18500,0
2016-04-07,07:55:00,41.25,41.25,41.2,41.25,42000,0
2016-04-07,08:00:00,41.25,41.3,41.2,41.3,106500,0
2016-04-07,08:05:00,41.3,41.3,41.25,41.3,20000,0
2016-04-07,08:10:00,41.3,41.3,41.25,41.3,21000,0
2016-04-07,08:15:00,41.3,41.3,41.25,41.25,78500,0
2016-04-07,08:20:00,41.25,41.3,41.2,41.25,96500,0
2016-04-07,08:25:00,41.25,41.3,41.25,41.3,18000,0
2016-04-07,08:30:00,41.3,41.3,41.25,41.25,30000,0
2016-04-07,08:35:00,41.25,41.3,41.25,41.25,14000,0
2016-04-07,08:40:00,41.25,41.3,41.2,41.2,61500,0
2016-04-07,08:45:00,41.2,41.25,41.2,41.2,10000,0
2016-04-07,08:50:00,41.2,41.25,41.15,41.15,52500,0
2016-04-07,08:55:00,41.15,41.2,41.15,41.2,33000,0
2016-04-07,09:00:00,41.2,41.2,41.15,41.2,62000,0
2016-04-07,09:05:00,41.2,41.25,41.2,41.2,28500,0
2016-04-07,09:10:00,41.2,41.2,41.2,41.2,7500,0
2016-04-07,09:15:00,41.2,41.25,41.2,41.2,14000,0
2016-04-07,09:20:00,41.2,41.25,41.2,41.2,18500,0
2016-04-07,09:25:00,41.2,41.25,41.2,41.2,22000,0
2016-04-07,09:30:00,41.2,41.25,41.15,41.15,32000,0
2016-04-07,09:35:00,41.15,41.2,41.15,41.15,8500,0
2016-04-07,09:40:00,41.15,41.2,41.15,41.15,46500,0
2016-04-07,09:45:00,41.15,41.2,41.15,41.15,119000,0
2016-04-07,09:50:00,41.15,41.2,41.15,41.15,102055,0
2016-04-07,09:55:00,41.15,41.2,41.05,41.05,159000,0
2016-04-07,10:00:00,41.05,41.1,40.9,41.05,669500,0
2016-04-08,03:35:00,40.85,40.85,40.6,40.85,193694,0
2016-04-08,03:40:00,40.85,40.9,40.8,40.85,74460,0
2016-04-08,03:45:00,40.85,41,40.85,40.95,105000,0
2016-04-08,03:50:00,40.95,41.05,40.95,41,198500,0
2016-04-08,03:55:00,41,41.05,41,41.05,21000,0
2016-04-08,04:00:00,41.05,41.05,41,41,36500,0
2016-04-08,04:05:00,41,41.1,41,41.1,139000,0
2016-04-08,04:10:00,41.1,41.25,41.05,41.25,153000,0
2016-04-08,04:15:00,41.25,41.4,41.2,41.4,101000,0
2016-04-08,04:20:00,41.4,41.4,41.1,41.2,100915,0
2016-04-08,04:25:00,41.2,41.3,41.2,41.25,33500,0
2016-04-08,04:30:00,41.25,41.35,41.25,41.25,58500,0
2016-04-08,04:35:00,41.25,41.35,41.25,41.35,10510,0
2016-04-08,04:40:00,41.35,41.35,41.25,41.3,55000,0
2016-04-08,04:45:00,41.3,41.35,41.25,41.25,45500,0
2016-04-08,04:50:00,41.25,41.3,41.2,41.2,28585,0
2016-04-08,04:55:00,41.2,41.25,41.15,41.25,24500,0
2016-04-08,05:00:00,41.25,41.25,41.15,41.25,38000,0
2016-04-08,05:05:00,41.25,41.25,41.15,41.2,43500,0
2016-04-08,05:10:00,41.2,41.2,41.15,41.2,20500,0
2016-04-08,05:15:00,41.2,41.35,41.2,41.3,61000,0
2016-04-08,05:20:00,41.3,41.4,41.3,41.4,45500,0
2016-04-08,05:25:00,41.4,41.4,41.3,41.35,32000,0
2016-04-08,05:30:00,41.35,41.35,41.35,41.35,1500,0
2016-04-08,05:35:00,41.35,41.4,41.35,41.35,10500,0
2016-04-08,05:40:00,41.35,41.4,41.35,41.4,6500,0
2016-04-08,05:45:00,41.4,41.4,41.3,41.3,24000,0
2016-04-08,05:50:00,41.3,41.35,41.25,41.25,24500,0
2016-04-08,05:55:00,41.25,41.25,41.25,41.25,10000,0
2016-04-08,06:00:00,41.25,41.3,41.25,41.3,8500,0
2016-04-08,07:05:00,41.3,41.4,41.3,41.35,97000,0
2016-04-08,07:10:00,41.35,41.45,41.35,41.45,16500,0
2016-04-08,07:15:00,41.45,41.5,41.3,41.4,60000,0
2016-04-08,07:20:00,41.4,41.4,41.4,41.4,5000,0
2016-04-08,07:25:00,41.4,41.5,41.4,41.45,24000,0
2016-04-08,07:30:00,41.45,41.5,41.4,41.45,37000,0
2016-04-08,07:35:00,41.45,41.5,41.4,41.45,15500,0
2016-04-08,07:40:00,41.45,41.5,41.45,41.5,5000,0
2016-04-08,07:45:00,41.5,41.5,41.4,41.45,73500,0
2016-04-08,07:50:00,41.45,41.5,41.4,41.45,43500,0
2016-04-08,07:55:00,41.45,41.5,41.35,41.45,57000,0
2016-04-08,08:00:00,41.45,41.5,41.35,41.35,36500,0
2016-04-08,08:05:00,41.35,41.4,41.35,41.4,22000,0
2016-04-08,08:10:00,41.4,41.4,41.35,41.35,2500,0
2016-04-08,08:15:00,41.35,41.35,41.25,41.25,42500,0
2016-04-08,08:20:00,41.25,41.25,41.2,41.2,24500,0
2016-04-08,08:25:00,41.2,41.25,41.2,41.25,29500,0
2016-04-08,08:30:00,41.25,41.25,41.15,41.15,26500,0
2016-04-08,08:35:00,41.15,41.15,41.1,41.15,68500,0
2016-04-08,08:40:00,41.15,41.25,41.1,41.25,31000,0
2016-04-08,08:45:00,41.25,41.3,41.15,41.2,56000,0
2016-04-08,08:50:00,41.2,41.2,41.15,41.15,4500,0
2016-04-08,08:55:00,41.15,41.25,41.15,41.2,44500,0
2016-04-08,09:00:00,41.2,41.25,41.2,41.2,11000,0
2016-04-08,09:05:00,41.2,41.4,41.2,41.4,103641,0
2016-04-08,09:10:00,41.4,41.4,41.2,41.3,57500,0
2016-04-08,09:15:00,41.3,41.3,41.25,41.3,19500,0
2016-04-08,09:20:00,41.3,41.5,41.2,41.45,86001,0
2016-04-08,09:25:00,41.45,41.5,41.45,41.45,67500,0
2016-04-08,09:30:00,41.45,41.5,41.4,41.4,141500,0
2016-04-08,09:35:00,41.4,41.4,41.35,41.35,66500,0
2016-04-08,09:40:00,41.35,41.4,41.35,41.4,83500,0
2016-04-08,09:45:00,41.4,41.5,41.35,41.5,116500,0
2016-04-08,09:50:00,41.5,41.5,41.35,41.4,180000,0
2016-04-08,09:55:00,41.4,41.4,41.3,41.35,191500,0
2016-04-08,10:00:00,41.35,41.45,41.3,41.35,521500,0
2016-04-11,03:35:00,40.85,41.2,40.7,40.9,434000,0
2016-04-11,03:40:00,40.9,40.95,40.8,40.85,220500,0
2016-04-11,03:45:00,40.85,41,40.8,40.85,236000,0
2016-04-11,03:50:00,40.85,40.9,40.65,40.65,262500,0
2016-04-11,03:55:00,40.65,41,40.65,40.95,180000,0
2016-04-11,04:00:00,40.95,41.15,40.95,41.15,200500,0
2016-04-11,04:05:00,41.15,41.3,41.1,41.2,134500,0
2016-04-11,04:10:00,41.15,41.25,41.05,41.2,55000,0
2016-04-11,04:15:00,41.2,41.3,41.15,41.15,69000,0
2016-04-11,04:20:00,41.15,41.2,41.1,41.1,45000,0
2016-04-11,04:25:00,41.1,41.15,40.9,40.9,185500,0
2016-04-11,04:30:00,40.9,40.9,40.85,40.85,55000,0
2016-04-11,04:35:00,40.85,40.9,40.85,40.9,51500,0
2016-04-11,04:40:00,40.9,40.9,40.85,40.9,34500,0
2016-04-11,04:45:00,40.9,41,40.9,40.9,217140,0
2016-04-11,04:50:00,40.9,40.95,40.85,40.9,172250,0
2016-04-11,04:55:00,40.9,40.95,40.9,40.9,154000,0
2016-04-11,05:00:00,40.9,40.95,40.9,40.9,113500,0
2016-04-11,05:05:00,40.9,40.95,40.9,40.95,90500,0
2016-04-11,05:10:00,40.95,40.95,40.85,40.9,202000,0
2016-04-11,05:15:00,40.9,40.9,40.85,40.85,19000,0
2016-04-11,05:20:00,40.85,41,40.85,40.95,212500,0
2016-04-11,05:25:00,40.95,40.95,40.95,40.95,34500,0
2016-04-11,05:30:00,40.95,41,40.95,40.95,58000,0
2016-04-11,05:35:00,40.95,40.95,40.9,40.9,68000,0
2016-04-11,05:40:00,40.9,41.05,40.9,41.05,402000,0
2016-04-11,05:45:00,41.05,41.05,41,41.05,141500,0
2016-04-11,05:50:00,41.05,41.05,41,41.05,65500,0
2016-04-11,05:55:00,41.05,41.05,41,41.05,32000,0
2016-04-11,06:00:00,41.05,41.05,41,41,51000,0
2016-04-11,07:05:00,41,41.05,41,41,141000,0
2016-04-11,07:10:00,41,41,40.95,40.95,95500,0
2016-04-11,07:15:00,40.95,41,40.95,40.95,202500,0
2016-04-11,07:20:00,40.95,41,40.95,40.95,48500,0
2016-04-11,07:25:00,40.95,41,40.95,40.95,32000,0
2016-04-11,07:30:00,40.95,41,40.95,40.95,35000,0
2016-04-11,07:35:00,40.95,41,40.95,40.95,46000,0
2016-04-11,07:40:00,40.95,41,40.95,40.95,32000,0
2016-04-11,07:45:00,40.95,40.95,40.9,40.95,178000,0
2016-04-11,07:50:00,40.95,40.95,40.9,40.9,34000,0
2016-04-11,07:55:00,40.9,40.95,40.9,40.9,45500,0
2016-04-11,08:00:00,40.9,40.95,40.9,40.95,30500,0
2016-04-11,08:05:00,40.95,40.95,40.9,40.9,35000,0
2016-04-11,08:10:00,40.9,40.95,40.85,40.85,144000,0
2016-04-11,08:15:00,40.85,40.85,40.85,40.85,8500,0
2016-04-11,08:20:00,40.85,40.85,40.8,40.8,56000,0
2016-04-11,08:25:00,40.8,40.85,40.8,40.85,96000,0
2016-04-11,08:30:00,40.85,40.85,40.8,40.85,24500,0
2016-04-11,08:35:00,40.85,40.85,40.8,40.8,80000,0
2016-04-11,08:40:00,40.8,40.8,40.7,40.7,151000,0
2016-04-11,08:45:00,40.7,40.75,40.65,40.65,158500,0
2016-04-11,08:50:00,40.65,40.7,40.65,40.7,69500,0
2016-04-11,08:55:00,40.7,40.7,40.65,40.7,268000,0
2016-04-11,09:00:00,40.7,40.7,40.6,40.6,156000,0
2016-04-11,09:05:00,40.6,40.6,40.5,40.5,215500,0
2016-04-11,09:10:00,40.5,40.55,40.5,40.55,77000,0
2016-04-11,09:15:00,40.55,40.55,40.5,40.55,63950,0
2016-04-11,09:20:00,40.55,40.55,40.4,40.4,224000,0
2016-04-11,09:25:00,40.4,40.4,40.3,40.3,45500,0
2016-04-11,09:30:00,40.25,40.65,40.25,40.65,510000,0
2016-04-11,09:35:00,40.65,40.65,40.5,40.5,259000,0
2016-04-11,09:40:00,40.5,40.65,40.5,40.65,116500,0
2016-04-11,09:45:00,40.65,40.65,40.6,40.65,49000,0
2016-04-11,09:50:00,40.65,40.7,40.6,40.65,114000,0
2016-04-11,09:55:00,40.65,40.7,40.65,40.7,119500,0
2016-04-11,10:00:00,40.7,40.85,40.7,40.8,610100,0
2016-04-12,03:35:00,41.2,41.3,41,41.25,264000,0
2016-04-12,03:40:00,41.25,41.3,41.2,41.25,70800,0
2016-04-12,03:45:00,41.25,41.35,41,41,205500,0
2016-04-12,03:50:00,41,41,40.7,40.9,137000,0
2016-04-12,03:55:00,40.9,41,40.9,41,56500,0
2016-04-12,04:00:00,41,41.1,40.95,41.1,84000,0
2016-04-12,04:05:00,41.1,41.4,41.1,41.35,209500,0
2016-04-12,04:10:00,41.35,41.4,41.25,41.25,61500,0
2016-04-12,04:15:00,41.25,41.3,41.25,41.25,65500,0
2016-04-12,04:20:00,41.25,41.3,41.25,41.25,28000,0
2016-04-12,04:25:00,41.25,41.3,41.2,41.3,51000,0
2016-04-12,04:30:00,41.3,41.3,41.25,41.25,55500,0
2016-04-12,04:35:00,41.25,41.25,41.1,41.1,72500,0
2016-04-12,04:40:00,41.1,41.3,41.1,41.3,99000,0
2016-04-12,04:45:00,41.3,41.35,41.25,41.35,34000,0
2016-04-12,04:50:00,41.35,41.35,41.25,41.25,79500,0
2016-04-12,04:55:00,41.25,41.3,41.25,41.3,16500,0
2016-04-12,05:00:00,41.3,41.35,41.3,41.35,33500,0
2016-04-12,05:05:00,41.35,41.4,41.35,41.4,98500,0
2016-04-12,05:10:00,41.4,41.45,41.35,41.4,49000,0
2016-04-12,05:15:00,41.4,41.45,41.4,41.45,4000,0
2016-04-12,05:20:00,41.45,41.45,41.35,41.35,72000,0
2016-04-12,05:25:00,41.35,41.45,41.35,41.45,79000,0
2016-04-12,05:30:00,41.45,41.5,41.45,41.5,72500,0
2016-04-12,05:35:00,41.5,41.5,41.45,41.5,54500,0
2016-04-12,05:40:00,41.5,41.6,41.45,41.55,112500,0
2016-04-12,05:45:00,41.55,41.65,41.55,41.6,56000,0
2016-04-12,05:50:00,41.6,41.8,41.55,41.75,137500,0
2016-04-12,05:55:00,41.75,41.75,41.7,41.75,96000,0
2016-04-12,06:00:00,41.75,41.75,41.7,41.75,75000,0
2016-04-12,07:05:00,41.75,41.75,41.45,41.5,476000,0
2016-04-12,07:10:00,41.5,41.6,41.5,41.6,96500,0
2016-04-12,07:15:00,41.6,41.65,41.6,41.65,57500,0
2016-04-12,07:20:00,41.65,41.65,41.6,41.65,48000,0
2016-04-12,07:25:00,41.65,41.65,41.6,41.65,35000,0
2016-04-12,07:30:00,41.65,41.65,41.6,41.6,41000,0
2016-04-12,07:35:00,41.6,41.65,41.6,41.6,27419,0
2016-04-12,07:40:00,41.6,41.9,41.6,41.9,733000,0
2016-04-12,07:45:00,41.9,41.9,41.85,41.85,141500,0
2016-04-12,07:50:00,41.85,41.9,41.85,41.9,63000,0
2016-04-12,07:55:00,41.9,41.9,41.85,41.9,49500,0
2016-04-12,08:00:00,41.9,42,41.85,41.95,412500,0
2016-04-12,08:05:00,41.95,41.95,41.9,41.9,107000,0
2016-04-12,08:10:00,41.9,41.9,41.85,41.9,83054,0
2016-04-12,08:15:00,41.9,41.9,41.85,41.9,95000,0
2016-04-12,08:20:00,41.9,41.9,41.75,41.75,290500,0
2016-04-12,08:25:00,41.75,41.8,41.6,41.8,82510,0
2016-04-12,08:30:00,41.8,41.8,41.75,41.8,31500,0
2016-04-12,08:35:00,41.8,41.85,41.75,41.8,43500,0
2016-04-12,08:40:00,41.8,41.85,41.8,41.8,26000,0
2016-04-12,08:45:00,41.8,41.85,41.8,41.8,54500,0
2016-04-12,08:50:00,41.8,41.95,41.8,41.95,129000,0
2016-04-12,08:55:00,41.95,42.05,41.95,42.05,176000,0
2016-04-12,09:00:00,42.05,42.1,42,42.05,64500,0
2016-04-12,09:05:00,42.05,42.05,41.95,41.95,49000,0
2016-04-12,09:10:00,42,42.1,41.95,42.05,101500,0
2016-04-12,09:15:00,42.05,42.1,42,42.05,65000,0
2016-04-12,09:20:00,42.05,42.1,42,42.05,59500,0
2016-04-12,09:25:00,42.05,42.05,42,42,64000,0
2016-04-12,09:30:00,42,42.05,42,42.05,30500,0
2016-04-12,09:35:00,42.05,42.05,42,42,131500,0
2016-04-12,09:40:00,42.05,42.05,42,42.05,34633,0
2016-04-12,09:45:00,42.05,42.05,41.95,41.95,84000,0
2016-04-12,09:50:00,41.95,42,41.95,42,167500,0
2016-04-12,09:55:00,42,42.05,41.95,42,231946,0
2016-04-12,10:00:00,42,42,41.9,42,467000,0
2016-04-13,03:35:00,43.5,43.8,43.3,43.45,812500,0
2016-04-13,03:40:00,43.45,43.5,43.35,43.4,284164,0
2016-04-13,03:45:00,43.4,43.45,43.2,43.2,374500,0
2016-04-13,03:50:00,43.2,43.55,43.2,43.55,540000,0
2016-04-13,03:55:00,43.55,43.8,43.55,43.7,435500,0
2016-04-13,04:00:00,43.7,43.85,43.6,43.7,409000,0
2016-04-13,04:05:00,43.7,43.8,43.6,43.65,243000,0
2016-04-13,04:10:00,43.65,43.9,43.65,43.8,280000,0
2016-04-13,04:15:00,43.8,43.9,43.8,43.85,143000,0
2016-04-13,04:20:00,43.85,43.9,43.8,43.9,308000,0
2016-04-13,04:25:00,43.9,44.1,43.85,44.05,2075627,0
2016-04-13,04:30:00,44.05,44.05,43.85,43.9,530500,0
2016-04-13,04:35:00,43.9,44,43.9,43.9,277733,0
2016-04-13,04:40:00,43.9,43.95,43.8,43.8,123500,0
2016-04-13,04:45:00,43.8,43.8,43.75,43.75,149000,0
2016-04-13,04:50:00,43.75,43.8,43.75,43.75,61500,0
2016-04-13,04:55:00,43.75,43.8,43.75,43.75,43500,0
2016-04-13,05:00:00,43.75,43.85,43.75,43.85,226953,0
2016-04-13,05:05:00,43.85,43.85,43.8,43.8,139000,0
2016-04-13,05:10:00,43.8,43.85,43.75,43.8,125000,0
2016-04-13,05:15:00,43.8,44,43.8,43.9,365000,0
2016-04-13,05:20:00,43.9,43.9,43.85,43.9,115500,0
2016-04-13,05:25:00,43.9,43.9,43.85,43.85,45000,0
2016-04-13,05:30:00,43.85,43.9,43.85,43.85,45000,0
2016-04-13,05:35:00,43.85,44,43.85,44,772000,0
2016-04-13,05:40:00,44,44.1,43.95,44,295000,0
2016-04-13,05:45:00,44,44.05,43.95,44,52000,0
2016-04-13,05:50:00,44,44,43.95,44,74000,0
2016-04-13,05:55:00,44,44.1,44,44.05,56500,0
2016-04-13,06:00:00,44.05,44.2,44.05,44.1,253565,0
2016-04-13,07:05:00,44.1,44.2,44.05,44.1,114000,0
2016-04-13,07:10:00,44.1,44.15,44.1,44.1,40500,0
2016-04-13,07:15:00,44.1,44.15,44.1,44.1,49500,0
2016-04-13,07:20:00,44.1,44.1,44.05,44.1,75000,0
2016-04-13,07:25:00,44.1,44.25,44.05,44.2,460000,0
2016-04-13,07:30:00,44.2,44.25,44.1,44.15,132500,0
2016-04-13,07:35:00,44.15,44.15,44.05,44.05,28000,0
2016-04-13,07:40:00,44.05,44.1,44,44.05,59500,0
2016-04-13,07:45:00,44.05,44.05,44,44.05,73000,0
2016-04-13,07:50:00,44.05,44.05,44.05,44.05,17000,0
2016-04-13,07:55:00,44.05,44.05,44,44.05,90500,0
2016-04-13,08:00:00,44.05,44.1,44,44,56000,0
2016-04-13,08:05:00,44,44.05,44,44,38000,0
2016-04-13,08:10:00,44,44.05,44,44.05,15000,0
2016-04-13,08:15:00,44.05,44.05,43.9,43.9,126500,0
2016-04-13,08:20:00,43.9,43.9,43.7,43.75,183000,0
2016-04-13,08:25:00,43.75,43.75,43.65,43.7,129000,0
2016-04-13,08:30:00,43.7,43.75,43.65,43.65,49500,0
2016-04-13,08:35:00,43.65,43.65,43.55,43.6,69500,0
2016-04-13,08:40:00,43.6,43.6,43.5,43.55,55000,0
2016-04-13,08:45:00,43.55,43.55,43.5,43.5,83000,0
2016-04-13,08:50:00,43.5,43.6,43.5,43.6,80500,0
2016-04-13,08:55:00,43.6,43.65,43.6,43.65,62500,0
2016-04-13,09:00:00,43.65,43.65,43.55,43.55,77000,0
2016-04-13,09:05:00,43.55,43.6,43.5,43.5,79500,0
2016-04-13,09:10:00,43.5,43.55,43.5,43.55,46500,0
2016-04-13,09:15:00,43.55,43.55,43.45,43.45,62000,0
2016-04-13,09:20:00,43.45,43.5,43.45,43.5,46500,0
2016-04-13,09:25:00,43.5,43.65,43.45,43.65,220500,0
2016-04-13,09:30:00,43.65,43.7,43.6,43.65,53000,0
2016-04-13,09:35:00,43.65,43.75,43.6,43.75,149000,0
2016-04-13,09:40:00,43.75,43.9,43.75,43.9,162000,0
2016-04-13,09:45:00,43.9,44,43.85,43.95,196000,0
2016-04-13,09:50:00,43.95,44,43.9,43.95,137500,0
2016-04-13,09:55:00,43.95,44,43.9,43.9,142500,0
2016-04-13,10:00:00,43.9,44.05,43.9,43.95,496000,0
