Date,Time,Open,High,Low,Close,Volume,OpenInt
2016-02-04,02:35:00,0.35,0.35,0.345,0.35,200000,0
2016-02-04,03:00:00,0.345,0.345,0.345,0.345,150000,0
2016-02-04,03:10:00,0.345,0.345,0.345,0.345,200000,0
2016-02-04,03:15:00,0.345,0.345,0.335,0.335,800000,0
2016-02-04,03:20:00,0.335,0.335,0.335,0.335,20000,0
2016-02-04,03:25:00,0.335,0.335,0.33,0.33,110000,0
2016-02-04,04:35:00,0.33,0.33,0.32,0.325,660000,0
2016-02-04,06:10:00,0.33,0.33,0.33,0.33,90000,0
2016-02-04,07:10:00,0.33,0.34,0.33,0.34,40000,0
2016-02-04,07:30:00,0.335,0.335,0.335,0.335,10000,0
2016-02-04,08:50:00,0.335,0.335,0.33,0.33,20000,0
2016-02-04,08:55:00,0.33,0.35,0.33,0.35,340000,0
2016-02-04,09:00:00,0.35,0.35,0.35,0.35,150000,0
2016-02-05,08:00:00,0.33,0.35,0.33,0.35,620000,0
2016-02-05,08:05:00,0.35,0.35,0.35,0.35,40000,0
2016-02-11,02:50:00,0.35,0.35,0.335,0.335,40000,0
2016-02-11,03:20:00,0.335,0.335,0.325,0.325,250000,0
2016-02-12,04:40:00,0.305,0.32,0.26,0.265,840000,0
2016-02-12,04:45:00,0.265,0.3,0.265,0.3,20000,0
2016-02-12,07:05:00,0.295,0.295,0.285,0.285,80000,0
2016-02-12,07:20:00,0.285,0.285,0.285,0.285,100000,0
2016-02-12,07:45:00,0.285,0.285,0.28,0.28,120000,0
2016-02-12,07:50:00,0.28,0.285,0.28,0.285,120000,0
2016-02-12,08:00:00,0.285,0.285,0.28,0.28,380000,0
2016-02-12,08:45:00,0.28,0.28,0.28,0.28,98000,0
2016-02-12,09:00:00,0.28,0.28,0.28,0.28,20000,0
2016-02-15,04:05:00,0.28,0.31,0.28,0.31,180000,0
2016-02-15,06:45:00,0.3,0.305,0.3,0.305,50000,0
2016-02-15,07:20:00,0.305,0.305,0.285,0.285,120000,0
2016-02-15,07:25:00,0.285,0.285,0.285,0.285,50000,0
2016-02-15,08:00:00,0.28,0.3,0.28,0.3,100000,0
2016-02-16,04:40:00,0.3,0.3,0.3,0.3,20000,0
2016-02-16,06:05:00,0.3,0.3,0.3,0.3,172000,0
2016-02-16,06:55:00,0.3,0.3,0.3,0.3,50000,0
2016-02-16,07:20:00,0.3,0.3,0.3,0.3,8000,0
2016-02-16,07:30:00,0.295,0.3,0.295,0.3,60000,0
2016-02-16,07:40:00,0.3,0.305,0.3,0.305,80000,0
2016-02-16,07:55:00,0.305,0.305,0.305,0.305,20000,0
2016-02-16,08:45:00,0.305,0.31,0.305,0.31,60000,0
2016-02-17,03:25:00,0.335,0.335,0.31,0.335,20000,0
2016-02-17,04:15:00,0.33,0.33,0.33,0.33,170000,0
2016-02-17,04:25:00,0.33,0.33,0.32,0.32,200000,0
2016-02-17,07:15:00,0.32,0.32,0.32,0.32,44800,0
2016-02-17,07:20:00,0.32,0.34,0.32,0.34,960000,0
2016-02-17,08:25:00,0.33,0.33,0.33,0.33,100000,0
2016-02-18,02:45:00,0.34,0.34,0.33,0.34,623600,0
2016-02-18,06:35:00,0.33,0.33,0.325,0.325,2670000,0
2016-02-18,06:40:00,0.325,0.325,0.325,0.325,6710000,0
2016-02-18,06:45:00,0.325,0.33,0.325,0.33,1430000,0
2016-02-18,06:50:00,0.33,0.34,0.32,0.34,160000,0
2016-02-18,06:55:00,0.34,0.34,0.33,0.33,20000,0
2016-02-18,07:05:00,0.33,0.33,0.33,0.33,40000,0
2016-02-18,07:10:00,0.33,0.33,0.33,0.33,10000,0
2016-02-18,07:20:00,0.33,0.34,0.33,0.34,150000,0
2016-02-18,07:25:00,0.34,0.34,0.34,0.34,10000,0
2016-02-18,07:35:00,0.34,0.34,0.34,0.34,50000,0
2016-02-18,07:40:00,0.34,0.34,0.34,0.34,40000,0
2016-02-18,07:50:00,0.34,0.34,0.34,0.34,20000,0
2016-02-18,07:55:00,0.34,0.34,0.34,0.34,21600,0
2016-02-18,08:00:00,0.34,0.34,0.34,0.34,10000,0
2016-02-18,08:15:00,0.34,0.34,0.335,0.335,90000,0
2016-02-18,08:25:00,0.335,0.335,0.335,0.335,16400,0
2016-02-18,08:35:00,0.335,0.335,0.335,0.335,10000,0
2016-02-18,08:45:00,0.335,0.335,0.335,0.335,10000,0
2016-02-18,08:50:00,0.335,0.34,0.335,0.34,90000,0
2016-02-18,08:55:00,0.34,0.34,0.335,0.335,20000,0
2016-02-18,09:00:00,0.335,0.34,0.335,0.335,160000,0
2016-02-19,03:40:00,0.33,0.335,0.32,0.32,240000,0
2016-02-19,03:45:00,0.32,0.32,0.32,0.32,60000,0
2016-02-19,03:50:00,0.32,0.32,0.32,0.32,10000,0
2016-02-19,04:25:00,0.32,0.32,0.315,0.315,270000,0
2016-02-19,04:35:00,0.31,0.32,0.31,0.32,80000,0
2016-02-19,07:10:00,0.31,0.32,0.31,0.32,20000,0
2016-02-19,07:45:00,0.32,0.32,0.31,0.315,45280000,0
2016-02-19,07:50:00,0.315,0.315,0.315,0.315,5000000,0
2016-02-19,07:55:00,0.315,0.315,0.315,0.315,40000000,0
2016-02-19,08:05:00,0.315,0.315,0.315,0.315,2000,0
2016-02-19,08:15:00,0.315,0.32,0.315,0.32,20000,0
2016-02-19,08:20:00,0.32,0.33,0.32,0.33,430000,0
2016-02-19,08:30:00,0.33,0.33,0.33,0.33,60000,0
2016-02-19,08:40:00,0.325,0.325,0.32,0.32,60000,0
2016-02-19,08:45:00,0.32,0.32,0.32,0.32,2000,0
2016-02-19,08:50:00,0.32,0.32,0.32,0.32,8000,0
2016-02-19,08:55:00,0.32,0.32,0.32,0.32,10000,0
2016-02-19,09:00:00,0.32,0.32,0.32,0.32,100000,0
2016-02-22,02:35:00,0.32,0.35,0.32,0.35,90000,0
2016-02-22,03:05:00,0.345,0.345,0.345,0.345,30000,0
2016-02-22,03:20:00,0.345,0.345,0.345,0.345,150000,0
2016-02-22,03:55:00,0.34,0.34,0.34,0.34,20000,0
2016-02-22,04:55:00,0.32,0.33,0.32,0.33,60000,0
2016-02-22,06:20:00,0.33,0.335,0.33,0.335,120000,0
2016-02-22,07:20:00,0.33,0.33,0.325,0.325,20000,0
2016-02-22,07:55:00,0.32,0.325,0.32,0.325,60000,0
2016-02-22,08:05:00,0.325,0.325,0.325,0.325,10000,0
2016-02-22,08:15:00,0.325,0.325,0.325,0.325,500000,0
2016-02-22,08:45:00,0.325,0.325,0.325,0.325,500000,0
2016-02-23,04:20:00,0.34,0.345,0.325,0.34,1080000,0
2016-02-23,04:25:00,0.34,0.34,0.325,0.325,28000,0
2016-02-23,06:30:00,0.33,0.33,0.33,0.33,400000,0
2016-02-23,07:45:00,0.33,0.34,0.33,0.33,240000,0
2016-02-23,07:55:00,0.33,0.33,0.33,0.33,40000,0
2016-02-23,08:00:00,0.33,0.33,0.33,0.33,10000,0
2016-02-24,03:45:00,0.32,0.345,0.32,0.345,280000,0
2016-02-24,04:50:00,0.34,0.35,0.325,0.325,2210000,0
2016-02-24,05:00:00,0.335,0.335,0.335,0.335,20000,0
2016-02-24,06:05:00,0.335,0.335,0.335,0.335,60000,0
2016-02-24,06:10:00,0.335,0.335,0.335,0.335,20000,0
2016-02-24,06:15:00,0.335,0.335,0.335,0.335,10000,0
2016-02-24,06:30:00,0.335,0.335,0.335,0.335,110000,0
2016-02-24,06:55:00,0.335,0.335,0.33,0.33,20000,0
2016-02-24,07:05:00,0.33,0.335,0.33,0.335,90000,0
2016-02-24,07:40:00,0.335,0.335,0.335,0.335,10000,0
2016-02-24,07:55:00,0.335,0.335,0.33,0.33,500000,0
2016-02-24,08:00:00,0.33,0.33,0.33,0.33,200000,0
2016-02-24,08:25:00,0.33,0.33,0.325,0.325,20000,0
2016-02-24,08:30:00,0.325,0.33,0.325,0.33,40000,0
2016-02-24,08:40:00,0.32,0.325,0.32,0.325,80000,0
2016-02-24,08:45:00,0.325,0.325,0.325,0.325,20000,0
2016-02-24,08:50:00,0.325,0.325,0.325,0.325,40000,0
2016-02-24,09:00:00,0.32,0.33,0.32,0.325,120000,0
2016-02-25,02:35:00,0.35,0.35,0.345,0.345,10000,0
2016-02-25,03:25:00,0.335,0.335,0.335,0.335,10000,0
2016-02-25,04:20:00,0.335,0.335,0.335,0.335,4800,0
2016-02-25,04:50:00,0.335,0.335,0.325,0.325,600000,0
2016-02-25,07:40:00,0.325,0.325,0.32,0.32,290000,0
2016-02-25,07:45:00,0.32,0.32,0.315,0.315,100000,0
2016-02-25,08:05:00,0.31,0.335,0.31,0.32,980000,0
2016-02-25,08:45:00,0.315,0.32,0.315,0.32,70000,0
2016-02-25,08:50:00,0.32,0.32,0.315,0.315,24800,0
2016-02-25,09:00:00,0.31,0.32,0.31,0.315,120000,0
2016-02-26,02:50:00,0.33,0.33,0.32,0.32,30000,0
2016-02-26,03:40:00,0.32,0.32,0.32,0.32,80000,0
2016-02-26,06:35:00,0.32,0.32,0.305,0.305,250000,0
2016-02-26,06:40:00,0.305,0.305,0.305,0.305,10000,0
2016-02-26,06:55:00,0.305,0.305,0.305,0.305,10000,0
2016-02-26,07:10:00,0.305,0.305,0.305,0.305,14400,0
2016-02-29,02:35:00,0.33,0.33,0.33,0.33,20000,0
2016-02-29,02:40:00,0.33,0.33,0.33,0.33,80000,0
2016-02-29,04:20:00,0.33,0.33,0.32,0.32,40000,0
2016-02-29,06:40:00,0.32,0.325,0.32,0.32,40000,0
2016-02-29,07:25:00,0.32,0.32,0.315,0.315,170000,0
2016-03-01,03:15:00,0.32,0.32,0.305,0.315,60000,0
2016-03-01,04:35:00,0.315,0.315,0.315,0.315,6000,0
2016-03-01,04:50:00,0.315,0.32,0.305,0.31,1240000,0
2016-03-01,06:50:00,0.31,0.31,0.305,0.305,20000,0
2016-03-01,07:10:00,0.305,0.305,0.305,0.305,10000,0
2016-03-01,07:30:00,0.305,0.305,0.305,0.305,10000,0
2016-03-01,07:50:00,0.305,0.305,0.305,0.305,10000,0
2016-03-01,08:00:00,0.305,0.31,0.305,0.31,70000,0
2016-03-01,08:20:00,0.31,0.31,0.31,0.31,10000,0
2016-03-01,08:50:00,0.31,0.31,0.31,0.31,10000,0
2016-03-01,08:55:00,0.31,0.31,0.31,0.31,150000,0
2016-03-01,09:00:00,0.31,0.31,0.31,0.31,20000,0
2016-03-02,03:10:00,0.31,0.31,0.31,0.31,210000,0
2016-03-02,03:25:00,0.31,0.31,0.3,0.3,20000,0
2016-03-02,03:40:00,0.3,0.3,0.3,0.3,10000,0
2016-03-02,03:50:00,0.3,0.3,0.3,0.3,10000,0
2016-03-02,04:05:00,0.3,0.3,0.3,0.3,10000,0
2016-03-02,04:10:00,0.3,0.3,0.295,0.3,220000,0
2016-03-02,04:15:00,0.3,0.305,0.3,0.305,20000,0
2016-03-02,04:30:00,0.305,0.305,0.295,0.295,110000,0
2016-03-02,04:40:00,0.295,0.295,0.29,0.295,300000,0
2016-03-02,04:55:00,0.295,0.295,0.295,0.295,10000,0
2016-03-02,05:00:00,0.295,0.295,0.295,0.295,10000,0
2016-03-02,06:35:00,0.295,0.295,0.295,0.295,10000,0
2016-03-02,06:55:00,0.295,0.295,0.295,0.295,10000,0
2016-03-02,07:15:00,0.295,0.295,0.295,0.295,10000,0
2016-03-02,07:20:00,0.295,0.3,0.295,0.3,40000,0
2016-03-02,07:25:00,0.3,0.305,0.3,0.305,20000,0
2016-03-02,07:35:00,0.305,0.305,0.3,0.3,70000,0
2016-03-02,07:45:00,0.3,0.305,0.3,0.305,20000,0
2016-03-02,07:50:00,0.305,0.31,0.305,0.31,70000,0
2016-03-02,08:10:00,0.31,0.31,0.31,0.31,10000,0
2016-03-02,08:45:00,0.31,0.315,0.31,0.315,40000,0
2016-03-02,08:50:00,0.315,0.315,0.31,0.31,20000,0
2016-03-02,09:00:00,0.31,0.32,0.31,0.31,90000,0
2016-03-03,03:30:00,0.31,0.315,0.31,0.315,100000,0
2016-03-03,03:35:00,0.315,0.32,0.315,0.32,44400,0
2016-03-03,03:45:00,0.32,0.32,0.32,0.32,30000,0
2016-03-03,03:50:00,0.32,0.33,0.32,0.33,150000,0
2016-03-03,04:05:00,0.31,0.32,0.31,0.32,40000,0
2016-03-03,07:10:00,0.32,0.32,0.32,0.32,500000,0
2016-03-03,08:25:00,0.315,0.315,0.315,0.315,3200,0
2016-03-03,08:35:00,0.31,0.32,0.31,0.32,120000,0
2016-03-04,08:10:00,0.315,0.32,0.315,0.32,100000,0
2016-03-07,06:15:00,0.33,0.33,0.32,0.32,80000,0
2016-03-07,06:20:00,0.32,0.335,0.32,0.335,20000,0
2016-03-07,06:50:00,0.335,0.335,0.335,0.335,2400,0
2016-03-07,07:40:00,0.33,0.33,0.32,0.32,80000,0
2016-03-07,08:30:00,0.31,0.31,0.31,0.31,16000,0
2016-03-07,08:50:00,0.31,0.315,0.31,0.315,30000,0
2016-03-07,08:55:00,0.315,0.32,0.315,0.315,60000,0
2016-03-07,09:00:00,0.315,0.33,0.315,0.315,180000,0
2016-03-08,03:15:00,0.31,0.315,0.31,0.315,3200,0
2016-03-08,03:20:00,0.315,0.315,0.3,0.3,600000,0
2016-03-08,03:40:00,0.295,0.3,0.295,0.3,250000,0
2016-03-08,04:00:00,0.305,0.305,0.305,0.305,10000,0
2016-03-08,07:20:00,0.305,0.305,0.305,0.305,80000,0
2016-03-08,07:25:00,0.305,0.315,0.305,0.315,20000,0
2016-03-08,07:35:00,0.315,0.315,0.305,0.305,30000,0
2016-03-09,04:30:00,0.295,0.315,0.295,0.315,40000,0
2016-03-09,04:35:00,0.31,0.31,0.31,0.31,20000,0
2016-03-09,04:40:00,0.31,0.31,0.31,0.31,10000,0
2016-03-09,06:05:00,0.31,0.315,0.31,0.31,150000,0
2016-03-09,06:15:00,0.31,0.315,0.31,0.315,60000,0
2016-03-09,06:20:00,0.315,0.315,0.315,0.315,10000,0
2016-03-09,06:25:00,0.315,0.315,0.315,0.315,20000,0
2016-03-09,06:30:00,0.315,0.315,0.315,0.315,10000,0
2016-03-09,07:10:00,0.315,0.315,0.315,0.315,90000,0
2016-03-09,07:15:00,0.315,0.315,0.31,0.31,30000,0
2016-03-09,07:35:00,0.315,0.32,0.315,0.32,80000,0
2016-03-09,07:40:00,0.32,0.32,0.315,0.315,230000,0
2016-03-09,07:45:00,0.315,0.315,0.315,0.315,20000,0
2016-03-09,07:50:00,0.315,0.315,0.315,0.315,20000,0
2016-03-09,08:05:00,0.315,0.315,0.305,0.305,220000,0
2016-03-09,08:15:00,0.31,0.315,0.31,0.31,60000,0
2016-03-09,08:20:00,0.31,0.315,0.31,0.31,170000,0
2016-03-09,08:25:00,0.31,0.315,0.31,0.315,40000,0
2016-03-09,08:45:00,0.315,0.315,0.315,0.315,10000,0
2016-03-09,08:50:00,0.315,0.315,0.315,0.315,10000,0
2016-03-09,08:55:00,0.315,0.315,0.31,0.31,120000,0
2016-03-09,09:00:00,0.31,0.32,0.31,0.315,120000,0
2016-03-10,06:05:00,0.32,0.33,0.315,0.315,580000,0
2016-03-10,06:10:00,0.315,0.315,0.31,0.315,30000,0
2016-03-10,07:20:00,0.315,0.325,0.315,0.32,290000,0
2016-03-10,07:25:00,0.32,0.32,0.315,0.315,80000,0
2016-03-10,08:45:00,0.315,0.325,0.315,0.315,60000,0
2016-03-10,08:50:00,0.32,0.33,0.32,0.32,230000,0
2016-03-10,08:55:00,0.32,0.33,0.315,0.33,620000,0
2016-03-10,09:00:00,0.325,0.33,0.315,0.315,1550000,0
2016-03-11,02:55:00,0.33,0.33,0.33,0.33,700000,0
2016-03-11,03:00:00,0.33,0.33,0.33,0.33,20000,0
2016-03-11,03:10:00,0.33,0.33,0.33,0.33,40000,0
2016-03-11,03:20:00,0.33,0.335,0.33,0.335,110000,0
2016-03-11,03:25:00,0.335,0.335,0.335,0.335,100000,0
2016-03-11,03:30:00,0.335,0.335,0.33,0.33,64800,0
2016-03-11,03:35:00,0.33,0.335,0.33,0.335,60000,0
2016-03-11,04:00:00,0.335,0.335,0.33,0.335,250000,0
2016-03-11,04:05:00,0.335,0.335,0.335,0.335,30000,0
2016-03-11,04:25:00,0.335,0.335,0.335,0.335,20000,0
2016-03-11,04:55:00,0.335,0.335,0.335,0.335,70000,0
2016-03-11,05:00:00,0.335,0.335,0.33,0.33,140000,0
2016-03-11,06:25:00,0.33,0.33,0.33,0.33,14400,0
2016-03-11,06:50:00,0.33,0.335,0.33,0.335,50000,0
2016-03-11,06:55:00,0.335,0.335,0.335,0.335,40000,0
2016-03-11,07:05:00,0.335,0.335,0.33,0.33,28000,0
2016-03-11,07:10:00,0.33,0.335,0.33,0.335,120000,0
2016-03-11,07:30:00,0.335,0.335,0.33,0.33,160000,0
2016-03-11,07:55:00,0.33,0.335,0.33,0.335,240000,0
2016-03-11,08:05:00,0.335,0.335,0.33,0.33,20000,0
2016-03-11,08:15:00,0.33,0.33,0.325,0.325,240000,0
2016-03-11,08:20:00,0.325,0.33,0.325,0.325,225200,0
2016-03-11,08:30:00,0.32,0.33,0.32,0.33,70000,0
2016-03-11,08:45:00,0.32,0.335,0.32,0.335,40000,0
2016-03-11,08:50:00,0.335,0.34,0.335,0.34,160000,0
2016-03-11,08:55:00,0.34,0.345,0.34,0.345,40000,0
2016-03-11,09:00:00,0.345,0.35,0.345,0.345,240000,0
2016-03-14,03:15:00,0.345,0.35,0.345,0.35,70000,0
2016-03-14,03:25:00,0.35,0.35,0.35,0.35,400000,0
2016-03-14,04:15:00,0.35,0.35,0.345,0.345,590000,0
2016-03-14,04:20:00,0.345,0.35,0.345,0.35,380000,0
2016-03-14,04:45:00,0.34,0.355,0.34,0.355,90000,0
2016-03-14,07:00:00,0.35,0.355,0.35,0.355,130000,0
2016-03-14,07:10:00,0.355,0.355,0.355,0.355,20000,0
2016-03-14,07:45:00,0.355,0.355,0.355,0.355,110000,0
2016-03-14,08:40:00,0.355,0.36,0.355,0.36,60000,0
2016-03-14,08:55:00,0.36,0.36,0.355,0.355,18800,0
2016-03-15,03:10:00,0.36,0.36,0.355,0.36,30000,0
2016-03-15,03:15:00,0.36,0.365,0.36,0.365,20000,0
2016-03-15,03:20:00,0.365,0.365,0.365,0.365,170000,0
2016-03-15,03:25:00,0.365,0.365,0.365,0.365,3200,0
2016-03-15,03:30:00,0.365,0.365,0.365,0.365,20000,0
2016-03-15,04:45:00,0.345,0.355,0.345,0.355,90000,0
2016-03-15,04:55:00,0.355,0.355,0.355,0.355,30000,0
2016-03-15,07:45:00,0.35,0.355,0.35,0.355,60000,0
2016-03-15,08:10:00,0.355,0.365,0.355,0.36,152000,0
2016-03-15,08:15:00,0.36,0.365,0.36,0.36,150000,0
2016-03-16,03:15:00,0.36,0.36,0.36,0.36,40000,0
2016-03-17,03:15:00,0.34,0.35,0.34,0.34,30000,0
2016-03-17,03:20:00,0.34,0.34,0.34,0.34,80000,0
2016-03-17,03:30:00,0.34,0.34,0.34,0.34,50000,0
2016-03-17,03:55:00,0.34,0.34,0.34,0.34,40000,0
2016-03-17,04:05:00,0.34,0.34,0.335,0.335,400000,0
2016-03-17,04:10:00,0.325,0.335,0.325,0.335,30000,0
2016-03-17,04:20:00,0.335,0.335,0.335,0.335,90000,0
2016-03-17,04:25:00,0.335,0.34,0.335,0.34,40000,0
2016-03-17,06:25:00,0.34,0.34,0.34,0.34,40000,0
2016-03-17,07:00:00,0.34,0.34,0.34,0.34,62800,0
2016-03-17,07:05:00,0.34,0.35,0.34,0.35,29200,0
2016-03-17,08:55:00,0.345,0.345,0.33,0.335,120000,0
2016-03-18,03:35:00,0.355,0.355,0.335,0.355,120000,0
2016-03-18,03:40:00,0.355,0.36,0.355,0.36,70000,0
2016-03-18,04:30:00,0.35,0.36,0.35,0.36,120000,0
2016-03-18,06:05:00,0.36,0.36,0.36,0.36,10000,0
2016-03-18,07:00:00,0.36,0.36,0.35,0.35,20000,0
2016-03-18,07:20:00,0.35,0.355,0.35,0.355,60000,0
2016-03-18,07:45:00,0.355,0.355,0.355,0.355,800,0
2016-03-18,08:45:00,0.355,0.355,0.355,0.355,3200,0
2016-03-21,07:25:00,0.355,0.355,0.35,0.35,16000,0
2016-03-21,07:55:00,0.345,0.35,0.345,0.35,990000,0
2016-03-21,09:00:00,0.34,0.36,0.34,0.36,80000,0
2016-03-22,02:40:00,0.38,0.45,0.35,0.435,560000,0
2016-03-22,02:55:00,0.39,0.39,0.39,0.39,214800,0
2016-03-22,03:00:00,0.39,0.39,0.38,0.39,219200,0
2016-03-22,03:05:00,0.39,0.39,0.38,0.38,180000,0
2016-03-22,03:10:00,0.38,0.38,0.38,0.38,60000,0
2016-03-22,03:15:00,0.38,0.38,0.38,0.38,20000,0
2016-03-22,03:30:00,0.38,0.38,0.38,0.38,10000,0
2016-03-22,06:55:00,0.38,0.38,0.37,0.37,20000,0
2016-03-22,07:00:00,0.37,0.37,0.35,0.35,1060000,0
2016-03-22,07:05:00,0.35,0.35,0.35,0.35,200000,0
2016-03-22,07:55:00,0.345,0.35,0.345,0.35,400000,0
2016-03-22,08:00:00,0.35,0.35,0.35,0.35,100000,0
2016-03-22,08:10:00,0.35,0.35,0.35,0.35,190000,0
2016-03-22,08:15:00,0.35,0.35,0.35,0.35,310000,0
2016-03-22,08:35:00,0.35,0.37,0.35,0.37,70000,0
2016-03-22,08:50:00,0.37,0.37,0.36,0.36,40000,0
2016-03-23,02:50:00,0.345,0.36,0.31,0.32,280000,0
2016-03-23,03:20:00,0.32,0.33,0.32,0.33,20000,0
2016-03-23,03:35:00,0.33,0.37,0.33,0.365,290000,0
2016-03-23,03:45:00,0.365,0.37,0.365,0.37,130000,0
2016-03-23,03:55:00,0.37,0.37,0.37,0.37,10000,0
2016-03-23,04:20:00,0.36,0.36,0.36,0.36,6400,0
2016-03-23,08:00:00,0.35,0.35,0.35,0.35,250000,0
2016-03-23,08:30:00,0.35,0.35,0.35,0.35,30000,0
2016-03-23,08:45:00,0.35,0.355,0.35,0.355,90000,0
2016-03-24,02:40:00,0.355,0.355,0.355,0.355,10000,0
2016-03-24,03:00:00,0.355,0.355,0.32,0.325,200000,0
2016-03-24,04:10:00,0.325,0.355,0.325,0.355,50000,0
2016-03-24,06:05:00,0.355,0.355,0.355,0.355,100000,0
2016-03-24,06:50:00,0.355,0.355,0.325,0.325,440000,0
2016-03-24,07:20:00,0.325,0.335,0.325,0.335,80000,0
2016-03-24,08:20:00,0.335,0.335,0.335,0.335,20000,0
2016-03-24,08:30:00,0.335,0.34,0.335,0.34,40000,0
2016-03-24,08:55:00,0.34,0.34,0.34,0.34,120000,0
2016-03-31,08:00:00,0.345,0.345,0.335,0.345,120000,0
2016-03-31,08:15:00,0.345,0.345,0.345,0.345,11200,0
2016-04-01,03:35:00,0.325,0.345,0.325,0.345,1600,0
2016-04-01,03:45:00,0.34,0.34,0.32,0.32,180000,0
2016-04-01,03:55:00,0.32,0.34,0.32,0.34,50000,0
2016-04-01,04:15:00,0.34,0.34,0.325,0.325,40000,0
2016-04-01,04:20:00,0.33,0.33,0.33,0.33,390000,0
2016-04-01,04:25:00,0.33,0.33,0.32,0.32,380000,0
2016-04-01,04:30:00,0.32,0.335,0.32,0.335,320000,0
2016-04-01,04:35:00,0.335,0.335,0.315,0.315,260000,0
2016-04-01,04:45:00,0.31,0.33,0.31,0.33,70000,0
2016-04-01,04:55:00,0.33,0.33,0.315,0.315,100000,0
2016-04-01,05:00:00,0.325,0.325,0.315,0.315,110000,0
2016-04-01,05:05:00,0.32,0.32,0.32,0.32,30000,0
2016-04-01,05:10:00,0.32,0.33,0.32,0.33,140000,0
2016-04-01,05:15:00,0.33,0.335,0.33,0.335,40000,0
2016-04-01,05:25:00,0.335,0.335,0.315,0.315,170000,0
2016-04-01,05:35:00,0.32,0.33,0.32,0.33,170000,0
2016-04-01,05:40:00,0.33,0.33,0.315,0.315,560000,0
2016-04-01,05:45:00,0.315,0.33,0.315,0.32,270000,0
2016-04-01,05:50:00,0.32,0.32,0.32,0.32,50000,0
2016-04-01,05:55:00,0.32,0.32,0.315,0.315,170000,0
2016-04-01,06:00:00,0.315,0.325,0.315,0.325,160000,0
2016-04-01,07:20:00,0.325,0.325,0.315,0.315,70000,0
2016-04-01,08:10:00,0.315,0.315,0.315,0.315,12800,0
2016-04-01,09:55:00,0.315,0.32,0.315,0.32,110000,0
2016-04-01,10:00:00,0.32,0.32,0.315,0.32,330000,0
2016-04-05,04:10:00,0.32,0.325,0.32,0.325,30000,0
2016-04-05,04:30:00,0.325,0.335,0.325,0.335,210000,0
2016-04-05,05:10:00,0.335,0.335,0.335,0.335,60000,0
2016-04-05,05:20:00,0.335,0.335,0.335,0.335,10000,0
2016-04-05,05:35:00,0.335,0.335,0.335,0.335,130000,0
2016-04-05,07:05:00,0.32,0.33,0.32,0.33,60000,0
2016-04-05,07:25:00,0.33,0.33,0.33,0.33,20000,0
2016-04-05,08:25:00,0.33,0.33,0.33,0.33,20000,0
2016-04-05,08:45:00,0.33,0.33,0.33,0.33,20000,0
2016-04-05,09:50:00,0.33,0.335,0.33,0.335,20000,0
2016-04-06,03:45:00,0.335,0.335,0.335,0.335,20000,0
2016-04-06,05:20:00,0.335,0.335,0.335,0.335,40000,0
2016-04-06,06:00:00,0.335,0.335,0.335,0.335,20000,0
2016-04-06,07:05:00,0.335,0.335,0.335,0.335,130000,0
2016-04-07,04:35:00,0.35,0.35,0.33,0.35,350000,0
2016-04-07,05:35:00,0.35,0.35,0.35,0.35,300000,0
2016-04-07,05:40:00,0.35,0.35,0.345,0.345,16000,0
2016-04-07,05:55:00,0.345,0.345,0.345,0.345,2000,0
2016-04-07,06:00:00,0.345,0.345,0.33,0.33,29000,0
2016-04-07,09:50:00,0.33,0.33,0.33,0.33,90000,0
2016-04-08,03:50:00,0.33,0.33,0.33,0.33,90000,0
2016-04-08,03:55:00,0.33,0.33,0.33,0.33,100000,0
2016-04-08,05:40:00,0.33,0.33,0.325,0.325,40000,0
2016-04-08,07:20:00,0.325,0.325,0.325,0.325,280000,0
2016-04-11,04:45:00,0.32,0.325,0.32,0.325,20000,0
2016-04-11,05:00:00,0.325,0.33,0.325,0.33,90000,0
2016-04-11,05:10:00,0.33,0.345,0.33,0.345,190000,0
2016-04-11,05:35:00,0.345,0.35,0.345,0.35,160000,0
2016-04-11,08:20:00,0.345,0.35,0.345,0.35,510000,0
2016-04-11,09:25:00,0.345,0.35,0.345,0.35,70000,0
2016-04-12,03:40:00,0.35,0.35,0.35,0.35,100000,0
2016-04-12,05:25:00,0.35,0.35,0.33,0.33,62000,0
2016-04-12,08:25:00,0.335,0.35,0.335,0.35,290000,0
2016-04-12,08:30:00,0.35,0.355,0.35,0.355,250000,0
2016-04-12,08:35:00,0.355,0.355,0.355,0.355,100000,0
2016-04-12,08:45:00,0.355,0.365,0.355,0.365,490000,0
2016-04-12,09:30:00,0.36,0.365,0.36,0.365,470000,0
2016-04-12,09:40:00,0.365,0.365,0.365,0.365,60000,0
2016-04-12,09:45:00,0.365,0.365,0.365,0.365,60000,0
2016-04-13,04:40:00,0.355,0.365,0.355,0.365,4400,0
2016-04-13,05:00:00,0.365,0.365,0.355,0.355,100000,0
2016-04-13,05:05:00,0.355,0.355,0.35,0.35,49200,0
2016-04-13,05:10:00,0.35,0.355,0.35,0.355,280000,0
2016-04-13,05:40:00,0.36,0.36,0.355,0.355,590000,0
2016-04-13,07:35:00,0.355,0.355,0.355,0.355,10000,0
2016-04-13,07:55:00,0.355,0.355,0.355,0.355,310000,0
2016-04-13,09:30:00,0.355,0.355,0.355,0.355,50000,0
2016-04-13,09:50:00,0.355,0.36,0.355,0.355,430000,0
