Date,Time,Open,High,Low,Close,Volume,OpenInt
2016-02-24,03:05:00,0.485,0.49,0.485,0.49,96000,0
2016-02-26,02:35:00,0.5,0.56,0.485,0.56,150000,0
2016-02-26,02:40:00,0.56,0.8,0.56,0.7,102000,0
2016-02-26,02:45:00,0.7,0.75,0.7,0.75,42000,0
2016-02-26,02:50:00,0.75,0.75,0.7,0.7,60000,0
2016-02-26,03:05:00,0.69,0.69,0.69,0.69,80000,0
2016-02-26,03:25:00,0.67,0.67,0.62,0.62,32000,0
2016-02-26,03:40:00,0.62,0.69,0.62,0.69,262000,0
2016-02-26,03:45:00,0.69,0.69,0.62,0.63,70000,0
2016-02-26,03:50:00,0.63,0.72,0.63,0.72,222000,0
2016-02-26,04:05:00,0.69,0.69,0.69,0.69,46000,0
2016-02-26,04:25:00,0.66,0.66,0.65,0.66,28000,0
2016-02-26,04:30:00,0.66,0.69,0.66,0.69,60000,0
2016-02-26,04:45:00,0.69,0.69,0.64,0.65,12000,0
2016-02-26,04:50:00,0.68,0.7,0.68,0.68,52000,0
2016-02-26,04:55:00,0.68,0.71,0.67,0.71,530000,0
2016-02-26,05:00:00,0.71,0.72,0.68,0.7,122000,0
2016-02-26,06:05:00,0.7,0.7,0.68,0.68,30000,0
2016-02-26,06:10:00,0.68,0.7,0.68,0.7,142000,0
2016-02-26,06:25:00,0.7,0.7,0.68,0.68,32000,0
2016-02-26,06:30:00,0.68,0.68,0.68,0.68,30000,0
2016-02-26,06:40:00,0.68,0.68,0.68,0.68,40000,0
2016-02-26,06:50:00,0.68,0.7,0.68,0.7,4000,0
2016-02-26,06:55:00,0.7,0.7,0.7,0.7,6000,0
2016-02-26,07:00:00,0.7,0.72,0.7,0.72,114000,0
2016-02-26,07:05:00,0.72,0.74,0.71,0.71,130000,0
2016-02-26,07:10:00,0.71,0.75,0.71,0.75,430000,0
2016-02-26,07:20:00,0.75,0.75,0.75,0.75,114000,0
2016-02-26,07:25:00,0.75,0.75,0.73,0.73,60000,0
2016-02-26,07:40:00,0.74,0.75,0.74,0.75,286000,0
2016-02-26,07:45:00,0.75,0.8,0.75,0.79,528000,0
2016-02-26,07:50:00,0.79,0.8,0.78,0.78,182000,0
2016-02-26,07:55:00,0.78,0.78,0.78,0.78,2000,0
2016-02-26,08:00:00,0.78,0.8,0.78,0.78,106000,0
2016-02-26,08:05:00,0.78,0.78,0.78,0.78,71960,0
2016-02-26,08:10:00,0.77,0.77,0.76,0.76,24000,0
2016-02-26,08:15:00,0.76,0.76,0.76,0.76,12000,0
2016-02-26,08:20:00,0.76,0.77,0.76,0.77,102000,0
2016-02-26,08:25:00,0.77,0.77,0.76,0.76,40000,0
2016-02-26,08:30:00,0.76,0.76,0.76,0.76,60000,0
2016-02-26,08:40:00,0.76,0.76,0.76,0.76,10000,0
2016-02-26,08:45:00,0.76,0.77,0.76,0.76,94000,0
2016-02-26,08:50:00,0.76,0.76,0.75,0.75,78000,0
2016-02-26,08:55:00,0.75,0.75,0.74,0.75,172000,0
2016-02-26,09:00:00,0.75,0.76,0.73,0.76,326000,0
2016-02-29,02:35:00,0.76,0.76,0.76,0.76,22000,0
2016-02-29,03:05:00,0.76,0.76,0.71,0.71,8000,0
2016-02-29,03:30:00,0.72,0.72,0.72,0.72,36000,0
2016-02-29,03:35:00,0.72,0.73,0.72,0.72,940000,0
2016-02-29,03:40:00,0.72,0.72,0.72,0.72,30000,0
2016-02-29,04:05:00,0.71,0.71,0.71,0.71,40000,0
2016-02-29,04:15:00,0.71,0.71,0.71,0.71,60000,0
2016-02-29,04:40:00,0.71,0.71,0.71,0.71,20000,0
2016-02-29,06:05:00,0.71,0.71,0.71,0.71,20000,0
2016-02-29,06:15:00,0.71,0.71,0.7,0.7,38000,0
2016-02-29,06:30:00,0.7,0.7,0.68,0.68,330000,0
2016-02-29,06:45:00,0.68,0.68,0.68,0.68,14000,0
2016-02-29,06:50:00,0.68,0.68,0.67,0.67,22000,0
2016-02-29,06:55:00,0.68,0.68,0.68,0.68,38000,0
2016-02-29,07:10:00,0.7,0.7,0.7,0.7,160000,0
2016-02-29,07:25:00,0.7,0.7,0.7,0.7,2000,0
2016-02-29,09:00:00,0.69,0.69,0.68,0.68,128000,0
2016-03-01,02:35:00,0.7,0.71,0.68,0.71,116000,0
2016-03-01,02:40:00,0.71,0.72,0.71,0.72,26000,0
2016-03-01,02:45:00,0.72,0.72,0.72,0.72,6000,0
2016-03-01,02:50:00,0.72,0.72,0.72,0.72,2000,0
2016-03-01,03:10:00,0.72,0.72,0.69,0.69,12000,0
2016-03-01,03:25:00,0.7,0.7,0.7,0.7,50000,0
2016-03-01,03:30:00,0.7,0.7,0.7,0.7,10000,0
2016-03-01,04:15:00,0.7,0.7,0.69,0.69,8000,0
2016-03-01,04:20:00,0.69,0.69,0.69,0.69,14000,0
2016-03-01,06:05:00,0.7,0.7,0.7,0.7,8000,0
2016-03-01,06:15:00,0.7,0.7,0.7,0.7,10000,0
2016-03-01,06:25:00,0.7,0.7,0.69,0.69,118000,0
2016-03-01,07:20:00,0.69,0.7,0.69,0.7,22000,0
2016-03-01,07:35:00,0.7,0.71,0.7,0.71,20000,0
2016-03-01,07:40:00,0.71,0.71,0.7,0.7,4000,0
2016-03-01,08:50:00,0.7,0.72,0.7,0.72,146000,0
2016-03-01,08:55:00,0.72,0.75,0.72,0.75,152000,0
2016-03-01,09:00:00,0.75,0.75,0.75,0.75,10000,0
2016-03-02,03:25:00,0.76,0.77,0.75,0.77,128000,0
2016-03-02,03:35:00,0.77,0.77,0.77,0.77,14000,0
2016-03-02,04:10:00,0.77,0.79,0.77,0.79,8000,0
2016-03-02,04:30:00,0.78,0.78,0.78,0.78,8000,0
2016-03-03,02:55:00,0.73,0.73,0.73,0.73,50000,0
2016-03-03,03:10:00,0.73,0.73,0.72,0.72,100000,0
2016-03-03,03:55:00,0.72,0.72,0.71,0.71,8000,0
2016-03-03,04:35:00,0.71,0.71,0.71,0.71,6000,0
2016-03-03,07:15:00,0.71,0.71,0.7,0.7,20000,0
2016-03-03,08:30:00,0.7,0.7,0.69,0.69,20000,0
2016-03-03,08:50:00,0.69,0.7,0.69,0.7,200000,0
2016-03-04,04:10:00,0.69,0.7,0.69,0.7,100000,0
2016-03-04,07:05:00,0.7,0.7,0.68,0.7,70000,0
2016-03-07,02:45:00,0.7,0.7,0.69,0.69,16000,0
2016-03-07,03:05:00,0.69,0.69,0.68,0.69,12000,0
2016-03-07,04:25:00,0.69,0.69,0.69,0.69,70000,0
2016-03-07,07:50:00,0.69,0.69,0.69,0.69,4000,0
2016-03-07,08:15:00,0.69,0.69,0.69,0.69,50000,0
2016-03-08,03:35:00,0.67,0.67,0.67,0.67,10000,0
2016-03-08,04:25:00,0.67,0.67,0.67,0.67,30000,0
2016-03-09,08:55:00,0.66,0.69,0.66,0.69,20000,0
2016-03-10,02:35:00,0.7,0.7,0.7,0.7,4000,0
2016-03-10,08:05:00,0.67,0.68,0.66,0.68,154000,0
2016-03-10,08:10:00,0.68,0.69,0.68,0.69,16000,0
2016-03-10,08:20:00,0.69,0.69,0.68,0.68,60000,0
2016-03-10,08:40:00,0.68,0.69,0.66,0.69,36000,0
2016-03-14,07:45:00,0.66,0.69,0.66,0.69,12000,0
2016-03-14,08:10:00,0.69,0.69,0.67,0.67,40000,0
2016-03-14,08:45:00,0.68,0.69,0.68,0.69,102000,0
2016-03-16,07:45:00,0.66,0.68,0.66,0.68,280000,0
2016-03-16,08:05:00,0.68,0.68,0.68,0.68,50000,0
2016-03-16,08:15:00,0.68,0.68,0.68,0.68,40000,0
2016-03-16,08:25:00,0.68,0.68,0.68,0.68,10000,0
2016-03-16,08:35:00,0.68,0.68,0.68,0.68,20000,0
2016-03-16,08:55:00,0.68,0.68,0.67,0.67,22000,0
2016-03-17,08:25:00,0.66,0.66,0.66,0.66,30000,0
2016-03-17,08:45:00,0.66,0.66,0.63,0.65,32000,0
2016-03-21,07:30:00,0.62,0.64,0.62,0.64,54000,0
2016-03-21,08:30:00,0.64,0.65,0.64,0.65,42000,0
2016-03-21,08:35:00,0.65,0.65,0.64,0.64,60000,0
2016-03-22,02:35:00,0.64,0.64,0.64,0.64,2000,0
2016-03-22,07:10:00,0.64,0.64,0.6,0.61,228000,0
2016-03-22,07:50:00,0.62,0.62,0.62,0.62,2000,0
2016-03-23,04:25:00,0.6,0.62,0.6,0.62,20000,0
2016-03-23,06:35:00,0.62,0.62,0.61,0.61,4000,0
2016-03-23,07:45:00,0.61,0.63,0.61,0.63,88000,0
2016-03-24,04:00:00,0.65,0.65,0.63,0.65,88000,0
2016-03-24,08:50:00,0.63,0.65,0.63,0.65,30000,0
2016-03-29,05:05:00,0.62,0.62,0.62,0.62,2000,0
2016-03-30,08:45:00,0.64,0.64,0.64,0.64,2000,0
2016-03-31,07:50:00,0.61,0.64,0.61,0.63,4000,0
2016-04-01,04:25:00,0.6,0.6,0.6,0.6,2000,0
2016-04-01,05:20:00,0.59,0.6,0.59,0.6,38000,0
2016-04-01,05:25:00,0.6,0.61,0.6,0.61,4000,0
2016-04-07,04:25:00,0.57,0.6,0.56,0.56,280000,0
2016-04-07,05:10:00,0.56,0.59,0.56,0.59,40000,0
2016-04-07,08:30:00,0.56,0.59,0.56,0.59,36000,0
2016-04-07,09:35:00,0.59,0.59,0.57,0.58,20000,0
2016-04-12,04:20:00,0.59,0.6,0.58,0.6,112000,0
2016-04-12,04:35:00,0.59,0.59,0.58,0.58,200000,0
2016-04-12,05:30:00,0.58,0.59,0.58,0.59,100000,0
2016-04-12,08:15:00,0.59,0.59,0.59,0.59,10000,0
2016-04-13,09:55:00,0.57,0.59,0.57,0.57,50000,0
2016-04-13,10:00:00,0.57,0.61,0.57,0.61,58000,0
