Date,Time,Open,High,Low,Close,Volume,OpenInt
2016-02-04,02:35:00,0.63,0.63,0.58,0.63,4000,0
2016-02-04,02:45:00,0.62,0.62,0.61,0.61,4000,0
2016-02-04,03:00:00,0.61,0.61,0.6,0.6,50000,0
2016-02-04,03:15:00,0.6,0.6,0.6,0.6,18000,0
2016-02-04,04:05:00,0.6,0.6,0.59,0.59,50000,0
2016-02-04,04:35:00,0.59,0.59,0.59,0.59,32000,0
2016-02-04,08:40:00,0.59,0.59,0.59,0.59,2000,0
2016-02-04,09:00:00,0.58,0.61,0.58,0.61,8000,0
2016-02-05,06:25:00,0.61,0.62,0.61,0.62,80000,0
2016-02-05,06:30:00,0.62,0.65,0.62,0.65,128000,0
2016-02-05,06:35:00,0.65,0.65,0.65,0.65,20000,0
2016-02-05,06:50:00,0.64,0.64,0.63,0.63,16000,0
2016-02-05,06:55:00,0.63,0.63,0.63,0.63,10000,0
2016-02-05,07:05:00,0.63,0.63,0.63,0.63,16000,0
2016-02-05,07:10:00,0.63,0.63,0.62,0.62,92000,0
2016-02-11,03:05:00,0.55,0.56,0.55,0.56,20000,0
2016-02-11,03:10:00,0.56,0.58,0.56,0.58,20000,0
2016-02-11,04:25:00,0.59,0.62,0.59,0.62,4000,0
2016-02-11,06:25:00,0.62,0.62,0.58,0.58,74000,0
2016-02-11,06:35:00,0.58,0.58,0.54,0.55,86000,0
2016-02-11,07:20:00,0.58,0.58,0.58,0.58,100000,0
2016-02-11,07:55:00,0.58,0.58,0.56,0.56,14000,0
2016-02-11,09:00:00,0.56,0.59,0.56,0.59,8000,0
2016-02-15,03:15:00,0.59,0.67,0.59,0.6,106000,0
2016-02-15,04:10:00,0.6,0.6,0.58,0.58,4000,0
2016-02-15,04:20:00,0.58,0.58,0.58,0.58,22000,0
2016-02-15,04:25:00,0.58,0.58,0.58,0.58,100000,0
2016-02-15,04:55:00,0.59,0.59,0.59,0.59,2000,0
2016-02-15,05:00:00,0.59,0.59,0.59,0.59,28000,0
2016-02-15,06:15:00,0.59,0.59,0.58,0.58,4000,0
2016-02-15,06:20:00,0.58,0.58,0.58,0.58,16000,0
2016-02-15,06:45:00,0.58,0.58,0.58,0.58,30000,0
2016-02-15,07:00:00,0.58,0.58,0.58,0.58,10000,0
2016-02-15,07:15:00,0.58,0.58,0.58,0.58,50000,0
2016-02-15,08:40:00,0.58,0.58,0.57,0.57,112000,0
2016-02-15,09:00:00,0.57,0.6,0.57,0.6,190000,0
2016-02-16,02:40:00,0.57,0.58,0.57,0.57,56000,0
2016-02-16,02:45:00,0.57,0.57,0.57,0.57,6000,0
2016-02-16,03:05:00,0.57,0.57,0.57,0.57,116000,0
2016-02-16,03:10:00,0.57,0.57,0.57,0.57,6000,0
2016-02-16,03:15:00,0.57,0.57,0.57,0.57,6000,0
2016-02-16,03:20:00,0.57,0.57,0.57,0.57,6000,0
2016-02-16,03:50:00,0.57,0.57,0.57,0.57,98000,0
2016-02-16,04:20:00,0.57,0.57,0.57,0.57,50000,0
2016-02-16,06:05:00,0.56,0.57,0.56,0.57,42000,0
2016-02-16,06:10:00,0.57,0.57,0.57,0.57,50000,0
2016-02-16,06:35:00,0.57,0.58,0.57,0.58,152000,0
2016-02-16,06:40:00,0.58,0.58,0.58,0.58,78000,0
2016-02-16,07:40:00,0.58,0.58,0.58,0.58,2000,0
2016-02-16,08:15:00,0.58,0.58,0.58,0.58,4000,0
2016-02-16,08:20:00,0.58,0.58,0.58,0.58,4000,0
2016-02-16,08:30:00,0.58,0.58,0.57,0.57,44000,0
2016-02-16,08:55:00,0.57,0.57,0.57,0.57,6000,0
2016-02-16,09:00:00,0.57,0.58,0.57,0.58,94000,0
2016-02-17,03:30:00,0.57,0.58,0.57,0.58,22000,0
2016-02-17,03:45:00,0.57,0.58,0.57,0.58,18000,0
2016-02-17,08:50:00,0.57,0.58,0.57,0.58,20000,0
2016-02-17,08:55:00,0.58,0.58,0.58,0.58,40000,0
2016-02-18,07:45:00,0.58,0.59,0.58,0.59,12000,0
2016-02-18,07:55:00,0.58,0.59,0.58,0.59,88000,0
2016-02-18,08:35:00,0.59,0.59,0.59,0.59,2000,0
2016-02-18,08:50:00,0.59,0.59,0.59,0.59,2000,0
2016-02-19,03:40:00,0.59,0.59,0.59,0.59,14000,0
2016-02-19,04:00:00,0.57,0.59,0.57,0.59,4000,0
2016-02-19,04:20:00,0.59,0.59,0.58,0.58,4000,0
2016-02-19,04:50:00,0.58,0.58,0.58,0.58,2000,0
2016-02-19,06:05:00,0.59,0.59,0.59,0.59,2000,0
2016-02-19,06:20:00,0.59,0.59,0.58,0.58,4000,0
2016-02-19,06:55:00,0.58,0.58,0.58,0.58,2000,0
2016-02-19,07:25:00,0.58,0.58,0.58,0.58,2000,0
2016-02-19,07:50:00,0.58,0.58,0.58,0.58,2000,0
2016-02-19,07:55:00,0.58,0.62,0.58,0.62,64000,0
2016-02-19,08:00:00,0.62,0.63,0.62,0.62,44000,0
2016-02-19,08:20:00,0.62,0.62,0.62,0.62,2000,0
2016-02-19,08:30:00,0.62,0.62,0.62,0.62,12000,0
2016-02-19,08:35:00,0.62,0.62,0.6,0.6,78000,0
2016-02-19,08:40:00,0.6,0.6,0.6,0.6,2000,0
2016-02-19,08:50:00,0.6,0.6,0.59,0.59,16000,0
2016-02-19,08:55:00,0.59,0.59,0.59,0.59,6000,0
2016-02-19,09:00:00,0.59,0.59,0.59,0.59,24000,0
2016-02-22,06:10:00,0.59,0.6,0.59,0.6,44000,0
2016-02-22,06:25:00,0.6,0.62,0.6,0.62,22000,0
2016-02-22,06:55:00,0.62,0.62,0.62,0.62,2000,0
2016-02-22,07:00:00,0.62,0.63,0.62,0.63,20000,0
2016-02-22,07:05:00,0.63,0.63,0.63,0.63,4000,0
2016-02-22,07:10:00,0.63,0.63,0.6,0.63,50000,0
2016-02-22,07:40:00,0.63,0.63,0.61,0.61,4000,0
2016-02-22,08:05:00,0.61,0.61,0.61,0.61,244000,0
2016-02-22,08:10:00,0.61,0.61,0.6,0.6,4000,0
2016-02-22,08:20:00,0.6,0.61,0.6,0.61,16000,0
2016-02-22,08:25:00,0.61,0.62,0.61,0.62,22000,0
2016-02-22,08:40:00,0.62,0.62,0.62,0.62,10000,0
2016-02-22,08:55:00,0.62,0.62,0.61,0.61,12000,0
2016-02-22,09:00:00,0.61,0.61,0.61,0.61,4000,0
2016-02-23,02:40:00,0.61,0.65,0.61,0.64,30000,0
2016-02-23,02:50:00,0.64,0.66,0.63,0.63,382000,0
2016-02-23,02:55:00,0.63,0.65,0.62,0.65,410000,0
2016-02-23,03:00:00,0.65,0.66,0.65,0.66,80000,0
2016-02-23,03:05:00,0.66,0.67,0.66,0.67,32000,0
2016-02-23,03:10:00,0.67,0.67,0.65,0.65,166000,0
2016-02-23,03:15:00,0.65,0.66,0.65,0.65,744000,0
2016-02-23,03:20:00,0.65,0.66,0.65,0.66,372000,0
2016-02-23,03:25:00,0.66,0.66,0.66,0.66,2000,0
2016-02-23,03:35:00,0.66,0.66,0.66,0.66,2000,0
2016-02-23,04:00:00,0.66,0.66,0.66,0.66,50000,0
2016-02-23,04:10:00,0.66,0.66,0.66,0.66,36000,0
2016-02-23,04:25:00,0.66,0.66,0.66,0.66,20000,0
2016-02-23,04:30:00,0.66,0.66,0.65,0.65,198000,0
2016-02-23,04:35:00,0.65,0.67,0.65,0.67,40000,0
2016-02-23,04:45:00,0.67,0.67,0.66,0.66,120000,0
2016-02-23,04:50:00,0.66,0.67,0.66,0.66,194000,0
2016-02-23,04:55:00,0.66,0.66,0.66,0.66,78000,0
2016-02-23,05:00:00,0.66,0.66,0.65,0.66,380000,0
2016-02-23,06:05:00,0.66,0.66,0.65,0.65,12000,0
2016-02-23,06:10:00,0.65,0.67,0.65,0.67,198000,0
2016-02-23,06:20:00,0.67,0.67,0.67,0.67,62000,0
2016-02-23,06:25:00,0.67,0.69,0.67,0.69,284000,0
2016-02-23,06:30:00,0.69,0.69,0.69,0.69,8000,0
2016-02-23,06:35:00,0.69,0.71,0.69,0.71,612000,0
2016-02-23,06:40:00,0.71,0.71,0.71,0.71,68000,0
2016-02-23,06:50:00,0.71,0.71,0.71,0.71,152000,0
2016-02-23,06:55:00,0.71,0.73,0.71,0.73,1016000,0
2016-02-23,07:00:00,0.73,0.73,0.72,0.73,362000,0
2016-02-23,07:05:00,0.73,0.77,0.73,0.76,1304000,0
2016-02-23,07:10:00,0.76,0.76,0.72,0.72,646000,0
2016-02-23,07:15:00,0.72,0.75,0.72,0.73,768000,0
2016-02-23,07:20:00,0.73,0.74,0.73,0.74,284000,0
2016-02-23,07:25:00,0.74,0.74,0.73,0.74,168000,0
2016-02-23,07:30:00,0.74,0.74,0.74,0.74,58000,0
2016-02-23,07:35:00,0.74,0.74,0.73,0.73,152000,0
2016-02-23,07:40:00,0.73,0.73,0.73,0.73,148000,0
2016-02-23,07:45:00,0.73,0.74,0.73,0.74,168000,0
2016-02-23,07:50:00,0.74,0.77,0.74,0.76,1560000,0
2016-02-23,07:55:00,0.76,0.76,0.75,0.76,238000,0
2016-02-23,08:00:00,0.76,0.76,0.75,0.75,456000,0
2016-02-23,08:05:00,0.75,0.75,0.75,0.75,204000,0
2016-02-23,08:10:00,0.75,0.77,0.75,0.77,466000,0
2016-02-23,08:15:00,0.77,0.81,0.77,0.79,1050000,0
2016-02-23,08:25:00,0.79,0.79,0.78,0.78,108000,0
2016-02-23,08:30:00,0.78,0.78,0.77,0.77,24000,0
2016-02-23,08:35:00,0.77,0.78,0.77,0.77,116000,0
2016-02-23,08:40:00,0.77,0.77,0.77,0.77,110000,0
2016-02-23,08:45:00,0.77,0.77,0.75,0.76,252000,0
2016-02-23,08:50:00,0.76,0.76,0.75,0.76,128000,0
2016-02-23,09:00:00,0.76,0.76,0.76,0.76,20000,0
2016-02-24,02:35:00,0.76,0.76,0.75,0.75,130000,0
2016-02-24,02:40:00,0.75,0.75,0.73,0.73,42000,0
2016-02-24,02:45:00,0.73,0.74,0.73,0.74,30000,0
2016-02-24,02:50:00,0.74,0.74,0.74,0.74,8000,0
2016-02-24,02:55:00,0.74,0.74,0.73,0.73,100000,0
2016-02-24,03:00:00,0.73,0.73,0.73,0.73,10000,0
2016-02-24,03:10:00,0.73,0.73,0.73,0.73,24000,0
2016-02-24,03:15:00,0.73,0.73,0.73,0.73,16000,0
2016-02-24,03:20:00,0.73,0.73,0.73,0.73,10000,0
2016-02-24,03:25:00,0.73,0.73,0.72,0.72,16000,0
2016-02-24,03:30:00,0.72,0.72,0.72,0.72,198000,0
2016-02-24,03:35:00,0.72,0.72,0.72,0.72,62000,0
2016-02-24,03:40:00,0.72,0.72,0.72,0.72,8000,0
2016-02-24,04:00:00,0.72,0.72,0.72,0.72,2000,0
2016-02-24,06:20:00,0.71,0.72,0.71,0.72,212000,0
2016-02-24,06:45:00,0.71,0.72,0.71,0.72,116000,0
2016-02-24,06:55:00,0.72,0.73,0.72,0.72,134000,0
2016-02-24,07:05:00,0.73,0.73,0.73,0.73,50000,0
2016-02-24,07:10:00,0.73,0.73,0.73,0.73,2000,0
2016-02-24,07:25:00,0.73,0.73,0.72,0.72,4000,0
2016-02-24,07:30:00,0.72,0.73,0.72,0.73,40000,0
2016-02-24,07:35:00,0.73,0.73,0.73,0.73,20000,0
2016-02-24,07:40:00,0.73,0.73,0.73,0.73,2000,0
2016-02-24,07:45:00,0.73,0.74,0.73,0.74,60000,0
2016-02-24,08:10:00,0.74,0.74,0.73,0.74,24000,0
2016-02-24,08:20:00,0.74,0.74,0.74,0.74,8000,0
2016-02-24,08:30:00,0.74,0.74,0.73,0.73,18000,0
2016-02-24,08:35:00,0.73,0.73,0.73,0.73,20000,0
2016-02-24,08:40:00,0.73,0.73,0.72,0.72,4000,0
2016-02-24,08:50:00,0.72,0.73,0.72,0.73,68000,0
2016-02-24,08:55:00,0.73,0.73,0.73,0.73,30000,0
2016-02-24,09:00:00,0.73,0.73,0.72,0.73,138000,0
2016-02-25,03:40:00,0.72,0.73,0.72,0.72,36000,0
2016-02-25,03:50:00,0.72,0.72,0.71,0.72,60000,0
2016-02-25,03:55:00,0.72,0.72,0.72,0.72,2000,0
2016-02-25,04:10:00,0.72,0.72,0.72,0.72,2000,0
2016-02-25,04:25:00,0.72,0.72,0.71,0.71,28000,0
2016-02-25,04:30:00,0.71,0.72,0.71,0.72,12000,0
2016-02-25,04:55:00,0.72,0.72,0.71,0.71,114000,0
2016-02-25,06:05:00,0.71,0.71,0.7,0.71,24000,0
2016-02-25,06:25:00,0.71,0.71,0.7,0.7,12000,0
2016-02-25,06:40:00,0.7,0.7,0.7,0.7,74000,0
2016-02-25,06:50:00,0.7,0.7,0.7,0.7,2000,0
2016-02-25,06:55:00,0.7,0.7,0.7,0.7,52000,0
2016-02-25,07:25:00,0.7,0.7,0.7,0.7,2000,0
2016-02-25,07:50:00,0.7,0.7,0.7,0.7,22000,0
2016-02-25,07:55:00,0.7,0.7,0.7,0.7,2000,0
2016-02-25,08:00:00,0.7,0.7,0.7,0.7,74000,0
2016-02-26,02:35:00,0.7,0.7,0.69,0.7,40000,0
2016-02-26,02:40:00,0.7,0.7,0.69,0.69,4000,0
2016-02-26,02:50:00,0.69,0.71,0.69,0.71,4000,0
2016-02-26,02:55:00,0.71,0.74,0.71,0.74,126000,0
2016-02-26,03:05:00,0.74,0.74,0.72,0.72,60000,0
2016-02-26,03:10:00,0.72,0.72,0.72,0.72,22000,0
2016-02-26,03:20:00,0.72,0.72,0.72,0.72,52000,0
2016-02-26,03:35:00,0.72,0.72,0.72,0.72,2000,0
2016-02-26,03:55:00,0.73,0.73,0.72,0.72,74000,0
2016-02-26,04:05:00,0.72,0.72,0.72,0.72,50000,0
2016-02-26,04:10:00,0.72,0.72,0.72,0.72,2000,0
2016-02-26,04:15:00,0.72,0.72,0.72,0.72,4000,0
2016-02-26,04:20:00,0.72,0.73,0.72,0.73,62000,0
2016-02-26,04:35:00,0.73,0.73,0.71,0.72,1162000,0
2016-02-26,04:40:00,0.72,0.72,0.72,0.72,2000,0
2016-02-26,04:55:00,0.72,0.72,0.72,0.72,2000,0
2016-02-26,06:05:00,0.72,0.73,0.72,0.73,24000,0
2016-02-26,06:10:00,0.73,0.73,0.72,0.72,4000,0
2016-02-26,06:25:00,0.72,0.72,0.72,0.72,2000,0
2016-02-26,06:30:00,0.72,0.72,0.72,0.72,160000,0
2016-02-26,06:40:00,0.72,0.72,0.72,0.72,2000,0
2016-02-26,07:10:00,0.72,0.72,0.72,0.72,2000,0
2016-02-26,07:25:00,0.72,0.72,0.72,0.72,2000,0
2016-02-26,07:55:00,0.72,0.72,0.72,0.72,2000,0
2016-02-26,08:05:00,0.72,0.73,0.72,0.73,8000,0
2016-02-26,08:20:00,0.73,0.73,0.73,0.73,2576000,0
2016-02-26,08:25:00,0.73,0.75,0.73,0.75,280000,0
2016-02-26,08:30:00,0.75,0.76,0.75,0.76,4000,0
2016-02-26,08:35:00,0.75,0.75,0.75,0.75,4000,0
2016-02-26,08:40:00,0.75,0.78,0.75,0.78,180000,0
2016-02-26,08:45:00,0.78,0.78,0.78,0.78,2000,0
2016-02-26,08:50:00,0.78,0.78,0.78,0.78,96000,0
2016-02-26,08:55:00,0.78,0.79,0.77,0.77,540000,0
2016-02-26,09:00:00,0.77,0.77,0.77,0.77,32000,0
2016-02-29,03:50:00,0.74,0.77,0.74,0.74,132000,0
2016-02-29,03:55:00,0.74,0.74,0.73,0.73,100000,0
2016-02-29,04:15:00,0.73,0.73,0.73,0.73,10000,0
2016-02-29,04:20:00,0.74,0.74,0.73,0.73,24000,0
2016-02-29,04:50:00,0.73,0.73,0.73,0.73,2000,0
2016-02-29,04:55:00,0.73,0.73,0.73,0.73,10000,0
2016-02-29,05:00:00,0.73,0.73,0.73,0.73,36000,0
2016-02-29,06:10:00,0.73,0.73,0.73,0.73,2000,0
2016-02-29,06:15:00,0.73,0.73,0.73,0.73,8000,0
2016-02-29,06:40:00,0.73,0.73,0.73,0.73,2000,0
2016-02-29,06:55:00,0.73,0.73,0.73,0.73,8000,0
2016-02-29,07:10:00,0.73,0.73,0.73,0.73,2000,0
2016-02-29,07:15:00,0.73,0.73,0.73,0.73,52000,0
2016-02-29,07:25:00,0.73,0.73,0.72,0.73,12000,0
2016-02-29,07:40:00,0.73,0.73,0.73,0.73,2000,0
2016-02-29,07:50:00,0.73,0.73,0.73,0.73,10000,0
2016-02-29,08:45:00,0.72,0.75,0.72,0.75,4000,0
2016-02-29,09:00:00,0.74,0.74,0.73,0.74,22000,0
2016-03-01,04:05:00,0.74,0.74,0.74,0.74,44000,0
2016-03-01,04:10:00,0.74,0.74,0.72,0.72,4000,0
2016-03-01,04:15:00,0.73,0.73,0.73,0.73,8000,0
2016-03-01,04:20:00,0.73,0.73,0.73,0.73,8000,0
2016-03-01,04:40:00,0.73,0.73,0.73,0.73,2000,0
2016-03-01,04:45:00,0.73,0.73,0.72,0.72,70000,0
2016-03-01,04:50:00,0.72,0.72,0.72,0.72,10000,0
2016-03-01,06:05:00,0.72,0.72,0.71,0.71,4000,0
2016-03-01,06:20:00,0.71,0.72,0.71,0.72,30000,0
2016-03-01,06:25:00,0.72,0.72,0.71,0.71,36000,0
2016-03-01,06:35:00,0.71,0.72,0.71,0.72,20000,0
2016-03-01,07:00:00,0.71,0.72,0.71,0.72,550000,0
2016-03-01,07:05:00,0.72,0.72,0.71,0.71,116000,0
2016-03-01,07:10:00,0.71,0.73,0.71,0.73,226000,0
2016-03-01,07:15:00,0.73,0.75,0.73,0.75,202000,0
2016-03-01,07:20:00,0.75,0.75,0.73,0.73,280000,0
2016-03-01,07:25:00,0.73,0.74,0.73,0.74,40000,0
2016-03-01,07:35:00,0.74,0.74,0.73,0.73,6000,0
2016-03-01,07:45:00,0.73,0.73,0.73,0.73,16000,0
2016-03-01,07:55:00,0.73,0.73,0.72,0.72,20000,0
2016-03-01,08:05:00,0.72,0.73,0.72,0.73,16000,0
2016-03-01,08:10:00,0.73,0.73,0.73,0.73,6000,0
2016-03-01,08:15:00,0.73,0.73,0.73,0.73,32000,0
2016-03-01,08:20:00,0.73,0.73,0.72,0.72,4000,0
2016-03-01,08:30:00,0.72,0.73,0.72,0.73,32000,0
2016-03-01,08:40:00,0.73,0.73,0.73,0.73,2000,0
2016-03-01,08:45:00,0.73,0.74,0.73,0.73,42000,0
2016-03-01,08:50:00,0.73,0.73,0.73,0.73,20000,0
2016-03-01,08:55:00,0.73,0.74,0.73,0.74,38000,0
2016-03-02,02:55:00,0.72,0.74,0.72,0.73,38000,0
2016-03-02,03:10:00,0.73,0.73,0.73,0.73,2000,0
2016-03-02,03:40:00,0.74,0.74,0.74,0.74,114000,0
2016-03-02,04:10:00,0.74,0.74,0.74,0.74,2000,0
2016-03-02,04:25:00,0.74,0.74,0.74,0.74,2000,0
2016-03-02,04:30:00,0.74,0.74,0.74,0.74,10000,0
2016-03-02,04:40:00,0.74,0.74,0.74,0.74,2000,0
2016-03-02,04:45:00,0.74,0.76,0.74,0.76,100000,0
2016-03-02,04:50:00,0.76,0.76,0.76,0.76,80000,0
2016-03-02,05:00:00,0.76,0.78,0.76,0.78,188000,0
2016-03-02,06:05:00,0.78,0.78,0.78,0.78,50000,0
2016-03-02,06:10:00,0.78,0.78,0.78,0.78,20000,0
2016-03-02,06:15:00,0.78,0.78,0.76,0.76,148000,0
2016-03-02,06:20:00,0.76,0.76,0.76,0.76,2000,0
2016-03-02,06:25:00,0.76,0.77,0.76,0.77,14000,0
2016-03-02,06:30:00,0.77,0.77,0.77,0.77,2000,0
2016-03-02,06:35:00,0.77,0.77,0.76,0.76,24000,0
2016-03-02,06:40:00,0.76,0.77,0.76,0.77,6000,0
2016-03-02,06:45:00,0.77,0.77,0.77,0.77,4000,0
2016-03-02,06:50:00,0.77,0.77,0.77,0.77,4000,0
2016-03-02,06:55:00,0.77,0.77,0.76,0.76,6000,0
2016-03-02,07:15:00,0.76,0.77,0.76,0.77,34000,0
2016-03-02,07:20:00,0.77,0.77,0.75,0.75,80000,0
2016-03-02,07:40:00,0.75,0.75,0.75,0.75,2000,0
2016-03-02,07:50:00,0.75,0.77,0.75,0.77,12000,0
2016-03-02,08:10:00,0.77,0.77,0.75,0.75,4000,0
2016-03-02,08:25:00,0.75,0.75,0.75,0.75,2000,0
2016-03-02,08:30:00,0.75,0.75,0.75,0.75,20000,0
2016-03-02,08:40:00,0.75,0.75,0.75,0.75,92000,0
2016-03-02,08:55:00,0.75,0.75,0.74,0.74,4000,0
2016-03-02,09:00:00,0.74,0.74,0.74,0.74,32000,0
2016-03-03,02:50:00,0.74,0.76,0.74,0.76,50000,0
2016-03-03,02:55:00,0.76,0.76,0.75,0.75,4000,0
2016-03-03,03:05:00,0.75,0.76,0.75,0.76,56000,0
2016-03-03,03:10:00,0.76,0.76,0.76,0.76,34000,0
2016-03-03,03:20:00,0.76,0.76,0.75,0.75,4000,0
2016-03-03,03:25:00,0.75,0.75,0.75,0.75,24000,0
2016-03-03,04:15:00,0.74,0.75,0.74,0.75,64000,0
2016-03-03,04:20:00,0.74,0.75,0.74,0.75,40000,0
2016-03-03,04:45:00,0.74,0.75,0.74,0.75,106000,0
2016-03-03,04:50:00,0.75,0.76,0.75,0.76,72000,0
2016-03-03,04:55:00,0.76,0.76,0.76,0.76,16000,0
2016-03-03,06:10:00,0.76,0.76,0.75,0.75,4000,0
2016-03-03,06:35:00,0.75,0.75,0.75,0.75,2000,0
2016-03-03,06:50:00,0.75,0.76,0.75,0.76,52000,0
2016-03-03,06:55:00,0.76,0.76,0.75,0.75,4000,0
2016-03-03,07:10:00,0.75,0.75,0.75,0.75,80000,0
2016-03-03,07:15:00,0.75,0.75,0.75,0.75,20000,0
2016-03-03,07:25:00,0.75,0.75,0.75,0.75,2000,0
2016-03-03,07:35:00,0.75,0.75,0.75,0.75,2000,0
2016-03-03,07:40:00,0.75,0.75,0.75,0.75,70000,0
2016-03-04,02:35:00,0.74,0.74,0.74,0.74,20000,0
2016-03-04,02:40:00,0.74,0.74,0.74,0.74,2000,0
2016-03-04,02:55:00,0.74,0.74,0.74,0.74,2000,0
2016-03-04,03:20:00,0.74,0.74,0.74,0.74,26000,0
2016-03-04,03:25:00,0.74,0.74,0.74,0.74,2000,0
2016-03-04,03:50:00,0.74,0.74,0.74,0.74,2000,0
2016-03-04,03:55:00,0.74,0.74,0.74,0.74,6000,0
2016-03-04,04:00:00,0.74,0.74,0.74,0.74,10000,0
2016-03-04,04:25:00,0.74,0.74,0.74,0.74,2000,0
2016-03-04,04:35:00,0.74,0.74,0.74,0.74,2000,0
2016-03-04,04:40:00,0.74,0.74,0.74,0.74,2000,0
2016-03-04,04:55:00,0.74,0.74,0.74,0.74,2000,0
2016-03-04,06:10:00,0.74,0.74,0.74,0.74,2000,0
2016-03-04,06:30:00,0.74,0.74,0.74,0.74,50000,0
2016-03-04,06:35:00,0.74,0.74,0.74,0.74,30000,0
2016-03-04,06:40:00,0.74,0.74,0.73,0.74,10000,0
2016-03-04,07:00:00,0.74,0.74,0.74,0.74,20000,0
2016-03-04,07:10:00,0.74,0.74,0.73,0.73,4000,0
2016-03-04,07:15:00,0.73,0.74,0.73,0.74,40000,0
2016-03-04,07:35:00,0.74,0.74,0.73,0.73,4000,0
2016-03-04,07:40:00,0.73,0.73,0.73,0.73,202000,0
2016-03-04,08:50:00,0.72,0.73,0.72,0.73,22000,0
2016-03-07,08:20:00,0.73,0.73,0.73,0.73,60000,0
2016-03-07,08:25:00,0.73,0.73,0.73,0.73,2000,0
2016-03-07,09:00:00,0.72,0.73,0.72,0.73,20000,0
2016-03-08,05:00:00,0.73,0.73,0.73,0.73,12000,0
2016-03-08,06:05:00,0.73,0.73,0.73,0.73,8000,0
2016-03-08,06:10:00,0.73,0.73,0.73,0.73,2000,0
2016-03-08,06:15:00,0.73,0.73,0.73,0.73,20000,0
2016-03-08,06:35:00,0.73,0.73,0.72,0.72,4000,0
2016-03-08,06:55:00,0.72,0.72,0.72,0.72,2000,0
2016-03-08,07:05:00,0.72,0.72,0.72,0.72,2000,0
2016-03-08,07:20:00,0.72,0.72,0.72,0.72,2000,0
2016-03-08,07:50:00,0.72,0.72,0.72,0.72,2000,0
2016-03-08,07:55:00,0.72,0.72,0.72,0.72,10000,0
2016-03-08,08:00:00,0.72,0.73,0.72,0.73,18000,0
2016-03-08,08:10:00,0.73,0.73,0.72,0.72,4000,0
2016-03-08,08:25:00,0.72,0.72,0.72,0.72,2000,0
2016-03-08,08:35:00,0.72,0.72,0.72,0.72,250000,0
2016-03-08,08:40:00,0.72,0.72,0.7,0.7,154000,0
2016-03-08,08:50:00,0.7,0.7,0.7,0.7,104000,0
2016-03-08,08:55:00,0.7,0.7,0.7,0.7,60000,0
2016-03-08,09:00:00,0.7,0.72,0.69,0.72,104000,0
2016-03-09,02:35:00,0.72,0.72,0.72,0.72,40000,0
2016-03-09,02:40:00,0.72,0.72,0.69,0.72,124000,0
2016-03-09,02:45:00,0.71,0.72,0.71,0.72,20000,0
2016-03-09,02:55:00,0.72,0.72,0.68,0.7,186000,0
2016-03-09,03:00:00,0.7,0.71,0.7,0.7,84000,0
2016-03-09,03:10:00,0.7,0.71,0.69,0.71,44000,0
2016-03-09,03:30:00,0.7,0.7,0.7,0.7,10000,0
2016-03-09,03:40:00,0.7,0.7,0.68,0.68,378000,0
2016-03-09,03:45:00,0.68,0.68,0.67,0.67,106000,0
2016-03-09,03:50:00,0.65,0.66,0.65,0.66,60000,0
2016-03-09,03:55:00,0.65,0.66,0.65,0.66,44000,0
2016-03-09,04:00:00,0.66,0.67,0.66,0.67,120000,0
2016-03-09,04:10:00,0.67,0.67,0.66,0.66,102000,0
2016-03-09,04:15:00,0.66,0.66,0.66,0.66,12000,0
2016-03-09,04:20:00,0.66,0.66,0.66,0.66,24000,0
2016-03-09,04:25:00,0.66,0.66,0.66,0.66,22000,0
2016-03-09,04:30:00,0.66,0.66,0.66,0.66,24000,0
2016-03-09,04:35:00,0.66,0.66,0.66,0.66,4000,0
2016-03-09,04:40:00,0.66,0.66,0.66,0.66,10000,0
2016-03-09,04:50:00,0.66,0.66,0.66,0.66,20000,0
2016-03-09,06:05:00,0.66,0.67,0.66,0.66,32000,0
2016-03-09,06:15:00,0.65,0.67,0.65,0.67,88000,0
2016-03-09,06:25:00,0.67,0.67,0.66,0.66,4000,0
2016-03-09,06:55:00,0.66,0.66,0.66,0.66,2000,0
2016-03-09,07:20:00,0.67,0.67,0.67,0.67,8000,0
2016-03-09,07:35:00,0.67,0.68,0.67,0.68,122000,0
2016-03-09,07:45:00,0.68,0.68,0.68,0.68,12000,0
2016-03-09,07:50:00,0.68,0.68,0.68,0.68,2000,0
2016-03-09,08:00:00,0.68,0.69,0.68,0.69,80000,0
2016-03-09,08:05:00,0.69,0.69,0.68,0.68,4000,0
2016-03-09,08:10:00,0.68,0.71,0.68,0.71,110000,0
2016-03-09,08:25:00,0.7,0.7,0.68,0.68,354000,0
2016-03-09,08:30:00,0.68,0.68,0.68,0.68,10000,0
2016-03-09,08:45:00,0.68,0.68,0.68,0.68,28000,0
2016-03-09,08:50:00,0.68,0.68,0.68,0.68,10000,0
2016-03-09,08:55:00,0.68,0.68,0.68,0.68,18000,0
2016-03-10,03:05:00,0.65,0.68,0.65,0.66,86000,0
2016-03-10,03:10:00,0.66,0.66,0.66,0.66,2000,0
2016-03-10,03:20:00,0.66,0.67,0.66,0.67,4000,0
2016-03-10,03:25:00,0.67,0.67,0.67,0.67,12000,0
2016-03-10,03:30:00,0.67,0.67,0.66,0.66,32000,0
2016-03-10,03:35:00,0.66,0.66,0.66,0.66,2000,0
2016-03-10,03:50:00,0.66,0.67,0.66,0.67,40000,0
2016-03-10,04:00:00,0.67,0.67,0.67,0.67,8000,0
2016-03-10,04:05:00,0.67,0.67,0.67,0.67,2000,0
2016-03-10,04:10:00,0.67,0.67,0.67,0.67,40000,0
2016-03-10,04:30:00,0.67,0.67,0.67,0.67,18000,0
2016-03-10,04:35:00,0.67,0.67,0.66,0.66,4000,0
2016-03-10,04:50:00,0.66,0.66,0.66,0.66,2000,0
2016-03-10,06:10:00,0.66,0.66,0.66,0.66,2000,0
2016-03-10,06:25:00,0.66,0.66,0.66,0.66,2000,0
2016-03-10,06:35:00,0.67,0.67,0.67,0.67,2000,0
2016-03-10,06:55:00,0.67,0.67,0.67,0.67,2000,0
2016-03-10,07:10:00,0.67,0.67,0.66,0.66,204000,0
2016-03-10,07:15:00,0.66,0.66,0.66,0.66,98000,0
2016-03-10,07:20:00,0.66,0.66,0.66,0.66,30000,0
2016-03-10,07:55:00,0.65,0.66,0.65,0.66,60000,0
2016-03-10,09:00:00,0.65,0.66,0.65,0.66,20000,0
2016-03-11,04:05:00,0.66,0.66,0.66,0.66,20000,0
2016-03-11,04:20:00,0.66,0.66,0.65,0.65,4000,0
2016-03-11,04:25:00,0.65,0.65,0.65,0.65,30000,0
2016-03-11,04:55:00,0.65,0.65,0.65,0.65,2000,0
2016-03-11,05:00:00,0.65,0.65,0.64,0.64,4000,0
2016-03-11,06:10:00,0.64,0.64,0.64,0.64,2000,0
2016-03-11,06:20:00,0.64,0.64,0.64,0.64,10000,0
2016-03-11,06:25:00,0.64,0.64,0.64,0.64,2000,0
2016-03-11,06:35:00,0.64,0.64,0.64,0.64,2000,0
2016-03-11,06:40:00,0.64,0.64,0.64,0.64,2000,0
2016-03-11,07:05:00,0.64,0.64,0.64,0.64,2000,0
2016-03-11,07:15:00,0.64,0.65,0.64,0.65,6000,0
2016-03-11,07:20:00,0.65,0.65,0.64,0.64,4000,0
2016-03-11,07:35:00,0.64,0.64,0.64,0.64,4000,0
2016-03-11,07:40:00,0.64,0.64,0.64,0.64,2000,0
2016-03-11,08:05:00,0.64,0.64,0.64,0.64,2000,0
2016-03-11,08:35:00,0.65,0.65,0.65,0.65,20000,0
2016-03-11,08:50:00,0.65,0.65,0.65,0.65,18000,0
2016-03-11,08:55:00,0.65,0.65,0.65,0.65,42000,0
2016-03-11,09:00:00,0.65,0.66,0.65,0.66,18000,0
2016-03-14,04:20:00,0.66,0.66,0.66,0.66,20000,0
2016-03-14,04:25:00,0.66,0.66,0.65,0.65,80000,0
2016-03-14,06:25:00,0.65,0.65,0.64,0.64,4000,0
2016-03-14,06:40:00,0.64,0.64,0.64,0.64,2000,0
2016-03-14,06:55:00,0.64,0.64,0.64,0.64,2000,0
2016-03-14,09:00:00,0.63,0.65,0.63,0.65,118000,0
2016-03-15,08:35:00,0.64,0.65,0.64,0.65,4000,0
2016-03-15,08:40:00,0.64,0.66,0.64,0.65,24000,0
2016-03-15,08:45:00,0.65,0.66,0.65,0.66,20000,0
2016-03-15,08:55:00,0.66,0.66,0.66,0.66,22000,0
2016-03-15,09:00:00,0.66,0.66,0.66,0.66,8000,0
2016-03-17,04:45:00,0.65,0.67,0.65,0.67,4000,0
2016-03-17,06:05:00,0.67,0.68,0.67,0.68,38000,0
2016-03-17,06:55:00,0.68,0.68,0.68,0.68,10000,0
2016-03-17,07:00:00,0.68,0.69,0.68,0.69,144000,0
2016-03-17,07:10:00,0.69,0.69,0.69,0.69,26000,0
2016-03-17,09:00:00,0.69,0.69,0.68,0.69,90000,0
2016-03-18,03:50:00,0.7,0.71,0.69,0.71,100000,0
2016-03-18,03:55:00,0.71,0.71,0.7,0.7,44000,0
2016-03-18,04:35:00,0.69,0.69,0.69,0.69,110000,0
2016-03-18,06:30:00,0.69,0.71,0.69,0.71,190000,0
2016-03-18,06:35:00,0.71,0.71,0.71,0.71,60000,0
2016-03-18,06:45:00,0.71,0.71,0.71,0.71,110000,0
2016-03-18,06:55:00,0.71,0.72,0.71,0.72,4000,0
2016-03-18,07:30:00,0.71,0.71,0.71,0.71,20000,0
2016-03-18,07:35:00,0.71,0.71,0.71,0.71,30000,0
2016-03-18,07:55:00,0.71,0.71,0.7,0.7,80000,0
2016-03-18,08:05:00,0.7,0.7,0.7,0.7,2000,0
2016-03-18,08:35:00,0.7,0.7,0.7,0.7,2000,0
2016-03-18,08:45:00,0.7,0.7,0.7,0.7,16000,0
2016-03-18,08:50:00,0.7,0.7,0.7,0.7,8000,0
2016-03-21,03:55:00,0.7,0.71,0.7,0.71,90000,0
2016-03-21,04:10:00,0.69,0.71,0.69,0.71,202000,0
2016-03-21,04:15:00,0.71,0.71,0.71,0.71,20000,0
2016-03-21,04:25:00,0.71,0.71,0.71,0.71,8000,0
2016-03-21,04:35:00,0.71,0.71,0.7,0.7,80000,0
2016-03-21,05:00:00,0.7,0.71,0.7,0.71,100000,0
2016-03-21,07:25:00,0.71,0.71,0.71,0.71,10000,0
2016-03-21,07:55:00,0.71,0.71,0.7,0.7,100000,0
2016-03-21,08:45:00,0.7,0.71,0.7,0.71,20000,0
2016-03-21,08:50:00,0.71,0.72,0.71,0.72,210000,0
2016-03-21,08:55:00,0.72,0.72,0.72,0.72,2000,0
2016-03-21,09:00:00,0.72,0.72,0.7,0.7,58000,0
2016-03-22,03:10:00,0.71,0.71,0.7,0.7,24000,0
2016-03-22,03:15:00,0.7,0.72,0.7,0.72,220000,0
2016-03-22,03:20:00,0.72,0.73,0.72,0.72,50000,0
2016-03-22,03:25:00,0.72,0.72,0.72,0.72,12000,0
2016-03-22,03:35:00,0.72,0.73,0.72,0.73,20000,0
2016-03-22,04:30:00,0.73,0.73,0.72,0.72,40000,0
2016-03-22,04:55:00,0.72,0.72,0.72,0.72,50000,0
2016-03-22,06:30:00,0.72,0.72,0.72,0.72,80000,0
2016-03-22,06:35:00,0.72,0.72,0.72,0.72,4000,0
2016-03-22,06:40:00,0.72,0.72,0.72,0.72,6000,0
2016-03-22,06:50:00,0.72,0.72,0.71,0.71,230000,0
2016-03-22,07:20:00,0.71,0.71,0.71,0.71,46000,0
2016-03-22,07:30:00,0.71,0.71,0.71,0.71,50000,0
2016-03-22,07:40:00,0.71,0.71,0.7,0.7,60000,0
2016-03-22,08:35:00,0.7,0.7,0.7,0.7,20000,0
2016-03-22,08:50:00,0.7,0.7,0.69,0.7,10000,0
2016-03-23,03:20:00,0.73,0.76,0.7,0.76,198000,0
2016-03-23,03:30:00,0.76,0.76,0.75,0.75,400000,0
2016-03-23,03:40:00,0.75,0.75,0.75,0.75,82000,0
2016-03-23,03:45:00,0.75,0.76,0.75,0.76,336000,0
2016-03-23,03:50:00,0.76,0.76,0.74,0.74,48000,0
2016-03-23,04:00:00,0.74,0.75,0.74,0.75,24000,0
2016-03-23,04:05:00,0.75,0.75,0.75,0.75,4000,0
2016-03-23,04:15:00,0.75,0.75,0.75,0.75,2000,0
2016-03-23,04:30:00,0.75,0.75,0.75,0.75,110000,0
2016-03-23,04:35:00,0.75,0.75,0.75,0.75,50000,0
2016-03-23,05:00:00,0.75,0.75,0.75,0.75,32000,0
2016-03-23,06:05:00,0.75,0.75,0.74,0.74,250000,0
2016-03-23,06:10:00,0.74,0.74,0.72,0.72,296000,0
2016-03-23,06:20:00,0.72,0.72,0.71,0.71,176000,0
2016-03-23,06:25:00,0.71,0.71,0.71,0.71,6000,0
2016-03-23,06:35:00,0.71,0.71,0.71,0.71,80000,0
2016-03-23,06:40:00,0.71,0.71,0.71,0.71,2000,0
2016-03-23,07:10:00,0.71,0.71,0.71,0.71,4000,0
2016-03-23,07:30:00,0.71,0.74,0.71,0.74,158000,0
2016-03-23,07:35:00,0.72,0.76,0.72,0.75,232000,0
2016-03-23,07:40:00,0.75,0.75,0.72,0.72,220000,0
2016-03-23,07:45:00,0.72,0.76,0.72,0.75,616000,0
2016-03-23,07:50:00,0.75,0.75,0.75,0.75,210000,0
2016-03-23,08:10:00,0.75,0.75,0.74,0.74,8000,0
2016-03-23,08:20:00,0.74,0.74,0.73,0.73,8000,0
2016-03-23,08:25:00,0.73,0.74,0.73,0.74,20000,0
2016-03-23,08:50:00,0.74,0.75,0.74,0.75,110000,0
2016-03-23,08:55:00,0.75,0.75,0.75,0.75,2000,0
2016-03-23,09:00:00,0.75,0.75,0.75,0.75,20000,0
2016-03-24,02:50:00,0.78,0.78,0.75,0.78,184000,0
2016-03-24,02:55:00,0.77,0.78,0.77,0.78,262000,0
2016-03-24,03:00:00,0.78,0.78,0.75,0.77,62000,0
2016-03-24,03:05:00,0.77,0.78,0.77,0.78,268000,0
2016-03-24,03:10:00,0.78,0.79,0.77,0.77,354000,0
2016-03-24,03:20:00,0.77,0.78,0.77,0.78,430000,0
2016-03-24,03:30:00,0.78,0.78,0.77,0.77,4000,0
2016-03-24,03:35:00,0.77,0.78,0.77,0.78,230000,0
2016-03-24,03:45:00,0.78,0.78,0.77,0.77,8000,0
2016-03-24,03:55:00,0.77,0.78,0.77,0.78,154000,0
2016-03-24,04:00:00,0.78,0.78,0.78,0.78,20000,0
2016-03-24,04:20:00,0.78,0.78,0.78,0.78,150000,0
2016-03-24,04:55:00,0.78,0.79,0.78,0.79,276000,0
2016-03-24,06:50:00,0.78,0.79,0.78,0.79,224000,0
2016-03-24,08:05:00,0.78,0.78,0.77,0.77,392000,0
2016-03-24,08:50:00,0.74,0.78,0.74,0.78,404000,0
2016-03-24,09:00:00,0.77,0.78,0.77,0.77,38000,0
2016-03-29,03:35:00,0.77,0.77,0.77,0.77,170000,0
2016-03-29,03:45:00,0.77,0.77,0.74,0.74,18000,0
2016-03-29,04:10:00,0.74,0.74,0.74,0.74,4000,0
2016-03-29,04:35:00,0.74,0.74,0.73,0.73,38000,0
2016-03-29,05:35:00,0.73,0.73,0.73,0.73,46000,0
2016-03-29,07:50:00,0.72,0.79,0.72,0.79,908000,0
2016-03-29,08:10:00,0.79,0.79,0.79,0.79,120000,0
2016-03-29,08:15:00,0.79,0.79,0.79,0.79,4000,0
2016-03-29,08:35:00,0.79,0.79,0.75,0.75,60000,0
2016-03-29,08:45:00,0.75,0.75,0.75,0.75,100000,0
2016-03-29,09:15:00,0.75,0.75,0.75,0.75,10000,0
2016-03-29,09:35:00,0.75,0.75,0.75,0.75,60000,0
2016-03-29,09:50:00,0.75,0.79,0.75,0.79,492000,0
2016-03-30,03:45:00,0.77,0.79,0.77,0.77,90000,0
2016-03-30,08:15:00,0.77,0.77,0.77,0.77,20000,0
2016-03-30,08:25:00,0.77,0.79,0.77,0.79,220000,0
2016-03-30,08:50:00,0.76,0.79,0.76,0.79,210000,0
2016-03-30,09:00:00,0.79,0.81,0.79,0.81,230000,0
2016-03-30,09:05:00,0.81,0.81,0.79,0.79,4000,0
2016-03-30,09:15:00,0.79,0.79,0.78,0.78,20000,0
2016-03-30,09:20:00,0.78,0.78,0.77,0.77,90000,0
2016-03-30,09:35:00,0.76,0.8,0.76,0.77,232000,0
2016-03-30,10:00:00,0.76,0.79,0.76,0.78,290000,0
2016-03-31,04:10:00,0.77,0.85,0.77,0.85,274000,0
2016-03-31,04:15:00,0.85,0.85,0.85,0.85,20000,0
2016-03-31,04:25:00,0.84,0.85,0.84,0.85,230000,0
2016-03-31,04:40:00,0.84,0.85,0.84,0.85,102000,0
2016-03-31,04:45:00,0.85,0.85,0.84,0.85,306000,0
2016-03-31,05:05:00,0.85,0.85,0.85,0.85,300000,0
2016-03-31,05:20:00,0.85,0.85,0.85,0.85,24000,0
2016-03-31,07:25:00,0.84,0.84,0.82,0.82,12000,0
2016-03-31,07:40:00,0.82,0.82,0.82,0.82,6000,0
2016-03-31,08:00:00,0.82,0.84,0.82,0.82,260000,0
2016-04-01,04:00:00,0.78,0.82,0.78,0.78,20000,0
2016-04-01,04:05:00,0.78,0.78,0.78,0.78,78000,0
2016-04-01,04:20:00,0.78,0.78,0.78,0.78,46000,0
2016-04-01,04:25:00,0.78,0.78,0.78,0.78,6000,0
2016-04-01,05:45:00,0.78,0.78,0.77,0.77,20000,0
2016-04-01,05:50:00,0.77,0.77,0.77,0.77,6000,0
2016-04-01,05:55:00,0.77,0.77,0.77,0.77,54000,0
2016-04-01,07:15:00,0.77,0.77,0.76,0.76,8000,0
2016-04-05,08:45:00,0.75,0.75,0.71,0.71,40000,0
2016-04-05,08:50:00,0.71,0.71,0.71,0.71,4000,0
2016-04-05,09:40:00,0.71,0.71,0.71,0.71,30000,0
2016-04-07,04:45:00,0.69,0.69,0.69,0.69,2000,0
2016-04-07,05:35:00,0.69,0.7,0.69,0.7,32000,0
2016-04-07,05:55:00,0.7,0.71,0.7,0.71,40000,0
2016-04-07,07:30:00,0.71,0.71,0.71,0.71,8000,0
2016-04-07,10:00:00,0.72,0.72,0.72,0.72,2000,0
2016-04-12,08:50:00,0.71,0.72,0.71,0.72,20000,0
2016-04-12,09:40:00,0.72,0.72,0.71,0.71,22000,0
2016-04-12,10:00:00,0.71,0.71,0.7,0.71,4000,0
2016-04-13,07:05:00,0.72,0.72,0.72,0.72,20000,0
2016-04-13,07:10:00,0.72,0.72,0.69,0.69,54000,0
2016-04-13,07:35:00,0.69,0.7,0.69,0.7,6000,0
2016-04-13,07:45:00,0.7,0.7,0.7,0.7,40000,0
2016-04-13,07:55:00,0.7,0.7,0.7,0.7,2000,0
2016-04-13,08:25:00,0.7,0.7,0.7,0.7,2000,0
2016-04-13,08:50:00,0.7,0.7,0.7,0.7,12000,0
2016-04-13,09:45:00,0.7,0.7,0.7,0.7,80000,0
2016-04-13,09:55:00,0.7,0.71,0.7,0.71,32000,0
2016-04-13,10:00:00,0.71,0.71,0.71,0.71,2000,0
