Date,Time,Open,High,Low,Close,Volume,OpenInt
2016-02-11,02:55:00,0.59,0.6,0.59,0.6,6000,0
2016-02-11,03:15:00,0.6,0.6,0.6,0.6,3000,0
2016-02-11,03:35:00,0.59,0.6,0.59,0.6,40000,0
2016-02-11,03:55:00,0.59,0.6,0.59,0.6,56000,0
2016-02-11,04:10:00,0.6,0.6,0.6,0.6,10000,0
2016-02-12,02:45:00,0.58,0.59,0.58,0.58,60000,0
2016-02-12,02:50:00,0.58,0.58,0.58,0.58,184000,0
2016-02-12,02:55:00,0.58,0.59,0.58,0.59,2000,0
2016-02-12,03:00:00,0.59,0.59,0.59,0.59,1000,0
2016-02-12,03:05:00,0.59,0.59,0.59,0.59,50000,0
2016-02-12,03:20:00,0.59,0.59,0.59,0.59,30000,0
2016-02-12,03:35:00,0.59,0.59,0.58,0.58,101000,0
2016-02-12,03:40:00,0.58,0.59,0.58,0.59,44000,0
2016-02-12,04:00:00,0.59,0.59,0.59,0.59,1000,0
2016-02-12,04:25:00,0.59,0.59,0.59,0.59,50000,0
2016-02-12,04:30:00,0.59,0.59,0.58,0.58,286000,0
2016-02-12,06:05:00,0.57,0.58,0.57,0.58,387000,0
2016-02-12,06:35:00,0.58,0.59,0.58,0.59,80000,0
2016-02-12,06:40:00,0.59,0.59,0.58,0.58,20000,0
2016-02-12,07:20:00,0.58,0.58,0.58,0.58,70000,0
2016-02-12,07:25:00,0.58,0.58,0.58,0.58,40000,0
2016-02-12,07:30:00,0.58,0.58,0.58,0.58,40000,0
2016-02-12,08:40:00,0.58,0.59,0.58,0.59,20000,0
2016-02-12,09:00:00,0.59,0.59,0.58,0.59,190000,0
2016-02-15,02:35:00,0.6,0.6,0.6,0.6,140000,0
2016-02-15,02:40:00,0.6,0.6,0.6,0.6,140000,0
2016-02-15,02:45:00,0.6,0.6,0.6,0.6,8000,0
2016-02-15,03:00:00,0.59,0.6,0.59,0.6,19000,0
2016-02-15,03:10:00,0.6,0.6,0.6,0.6,8000,0
2016-02-15,03:25:00,0.6,0.6,0.6,0.6,58000,0
2016-02-15,03:35:00,0.6,0.6,0.6,0.6,189000,0
2016-02-15,03:45:00,0.6,0.6,0.6,0.6,60000,0
2016-02-15,04:00:00,0.6,0.62,0.6,0.62,384000,0
2016-02-15,04:40:00,0.62,0.62,0.62,0.62,30000,0
2016-02-15,04:50:00,0.62,0.62,0.61,0.61,35000,0
2016-02-15,04:55:00,0.61,0.62,0.61,0.62,535000,0
2016-02-15,05:00:00,0.62,0.63,0.62,0.62,55000,0
2016-02-15,06:05:00,0.62,0.62,0.62,0.62,44000,0
2016-02-15,07:15:00,0.62,0.62,0.6,0.6,50000,0
2016-02-15,08:45:00,0.61,0.61,0.61,0.61,20000,0
2016-02-15,09:00:00,0.61,0.61,0.61,0.61,80000,0
2016-02-16,03:15:00,0.62,0.62,0.61,0.62,80000,0
2016-02-16,03:20:00,0.62,0.62,0.62,0.62,20000,0
2016-02-16,03:40:00,0.61,0.62,0.61,0.62,32000,0
2016-02-16,03:45:00,0.62,0.62,0.62,0.62,31000,0
2016-02-16,03:50:00,0.62,0.62,0.62,0.62,171000,0
2016-02-16,04:05:00,0.62,0.63,0.61,0.63,457000,0
2016-02-16,04:30:00,0.63,0.63,0.62,0.63,57000,0
2016-02-16,06:05:00,0.63,0.63,0.63,0.63,1000,0
2016-02-16,06:10:00,0.63,0.63,0.62,0.62,195000,0
2016-02-16,06:40:00,0.62,0.62,0.62,0.62,47000,0
2016-02-16,06:45:00,0.62,0.63,0.62,0.63,105000,0
2016-02-16,06:50:00,0.63,0.63,0.62,0.62,79000,0
2016-02-16,07:15:00,0.62,0.62,0.61,0.62,38000,0
2016-02-16,07:20:00,0.61,0.62,0.61,0.62,2000,0
2016-02-16,07:45:00,0.61,0.62,0.61,0.62,32000,0
2016-02-16,07:50:00,0.62,0.62,0.62,0.62,172000,0
2016-02-16,08:10:00,0.61,0.62,0.61,0.62,42000,0
2016-02-16,08:15:00,0.61,0.62,0.61,0.62,105000,0
2016-02-16,08:40:00,0.62,0.62,0.62,0.62,51000,0
2016-02-16,08:55:00,0.61,0.62,0.61,0.62,104000,0
2016-02-16,09:00:00,0.62,0.62,0.62,0.62,51000,0
2016-02-17,02:50:00,0.62,0.62,0.62,0.62,30000,0
2016-02-17,03:35:00,0.62,0.62,0.62,0.62,11000,0
2016-02-17,04:10:00,0.61,0.62,0.61,0.62,10000,0
2016-02-17,06:20:00,0.61,0.62,0.61,0.62,304000,0
2016-02-17,06:25:00,0.62,0.62,0.62,0.62,285000,0
2016-02-17,06:55:00,0.62,0.62,0.62,0.62,100000,0
2016-02-17,07:10:00,0.62,0.64,0.62,0.64,792000,0
2016-02-17,07:15:00,0.64,0.64,0.64,0.64,181000,0
2016-02-17,07:20:00,0.64,0.64,0.64,0.64,76000,0
2016-02-17,07:25:00,0.64,0.64,0.64,0.64,42000,0
2016-02-17,07:30:00,0.64,0.64,0.64,0.64,8000,0
2016-02-17,08:15:00,0.64,0.64,0.63,0.63,400000,0
2016-02-17,08:25:00,0.63,0.63,0.63,0.63,2000,0
2016-02-17,08:40:00,0.63,0.63,0.63,0.63,50000,0
2016-02-17,08:45:00,0.63,0.63,0.63,0.63,30000,0
2016-02-17,08:50:00,0.63,0.63,0.63,0.63,100000,0
2016-02-17,08:55:00,0.63,0.63,0.63,0.63,83000,0
2016-02-17,09:00:00,0.63,0.63,0.63,0.63,50000,0
2016-02-18,02:35:00,0.64,0.64,0.63,0.64,67000,0
2016-02-18,02:40:00,0.64,0.64,0.64,0.64,1000,0
2016-02-18,02:45:00,0.64,0.64,0.64,0.64,62000,0
2016-02-18,02:50:00,0.64,0.64,0.64,0.64,58000,0
2016-02-18,02:55:00,0.64,0.64,0.64,0.64,2000,0
2016-02-18,03:00:00,0.64,0.64,0.64,0.64,1000,0
2016-02-18,03:05:00,0.64,0.64,0.64,0.64,34000,0
2016-02-18,03:15:00,0.64,0.64,0.64,0.64,3000,0
2016-02-18,03:20:00,0.64,0.65,0.64,0.64,24000,0
2016-02-18,03:25:00,0.64,0.64,0.64,0.64,1000,0
2016-02-18,03:30:00,0.64,0.64,0.64,0.64,2000,0
2016-02-18,03:40:00,0.64,0.64,0.64,0.64,41000,0
2016-02-18,03:45:00,0.64,0.64,0.64,0.64,163000,0
2016-02-18,03:50:00,0.64,0.64,0.63,0.64,232000,0
2016-02-18,04:00:00,0.64,0.64,0.64,0.64,59000,0
2016-02-18,04:20:00,0.63,0.64,0.63,0.64,52000,0
2016-02-18,04:25:00,0.64,0.65,0.64,0.65,34000,0
2016-02-18,04:40:00,0.65,0.65,0.64,0.64,2000,0
2016-02-18,04:45:00,0.64,0.65,0.64,0.64,76000,0
2016-02-18,05:00:00,0.64,0.64,0.64,0.64,1000,0
2016-02-18,06:05:00,0.64,0.64,0.64,0.64,11000,0
2016-02-18,06:30:00,0.63,0.64,0.63,0.64,74000,0
2016-02-18,06:35:00,0.64,0.65,0.64,0.64,20000,0
2016-02-18,06:45:00,0.64,0.64,0.64,0.64,1000,0
2016-02-18,06:50:00,0.64,0.65,0.64,0.65,33000,0
2016-02-18,06:55:00,0.65,0.65,0.64,0.65,43000,0
2016-02-18,07:00:00,0.65,0.65,0.65,0.65,521000,0
2016-02-18,07:05:00,0.65,0.65,0.65,0.65,71000,0
2016-02-18,07:10:00,0.65,0.66,0.65,0.66,8000,0
2016-02-18,07:15:00,0.66,0.66,0.65,0.65,2000,0
2016-02-18,07:20:00,0.65,0.65,0.65,0.65,2000,0
2016-02-18,07:25:00,0.65,0.66,0.65,0.65,166000,0
2016-02-18,07:30:00,0.65,0.65,0.65,0.65,13000,0
2016-02-18,07:35:00,0.65,0.66,0.65,0.66,34000,0
2016-02-18,07:40:00,0.66,0.66,0.65,0.65,2000,0
2016-02-18,07:45:00,0.65,0.66,0.65,0.66,53000,0
2016-02-18,07:50:00,0.66,0.66,0.65,0.65,35000,0
2016-02-18,07:55:00,0.65,0.65,0.65,0.65,1000,0
2016-02-18,08:00:00,0.65,0.66,0.65,0.66,23000,0
2016-02-18,08:05:00,0.66,0.66,0.65,0.65,22000,0
2016-02-18,08:10:00,0.65,0.65,0.65,0.65,1000,0
2016-02-18,08:15:00,0.65,0.65,0.65,0.65,2000,0
2016-02-18,08:20:00,0.65,0.65,0.65,0.65,1000,0
2016-02-18,08:25:00,0.65,0.67,0.65,0.66,400000,0
2016-02-18,08:30:00,0.66,0.66,0.66,0.66,2000,0
2016-02-18,08:35:00,0.66,0.66,0.66,0.66,50000,0
2016-02-18,08:40:00,0.66,0.66,0.65,0.65,3000,0
2016-02-18,08:45:00,0.65,0.65,0.65,0.65,12000,0
2016-02-18,08:50:00,0.65,0.65,0.65,0.65,2000,0
2016-02-18,08:55:00,0.65,0.65,0.65,0.65,4000,0
2016-02-18,09:00:00,0.65,0.66,0.65,0.65,11000,0
2016-02-19,02:55:00,0.65,0.66,0.65,0.66,40000,0
2016-02-19,03:15:00,0.66,0.66,0.66,0.66,17000,0
2016-02-19,03:25:00,0.66,0.66,0.65,0.66,78000,0
2016-02-19,03:30:00,0.66,0.66,0.65,0.66,99000,0
2016-02-19,03:45:00,0.66,0.66,0.65,0.66,92000,0
2016-02-19,03:50:00,0.66,0.66,0.65,0.66,46000,0
2016-02-19,03:55:00,0.66,0.66,0.66,0.66,107000,0
2016-02-19,04:00:00,0.66,0.66,0.65,0.66,98000,0
2016-02-19,04:05:00,0.66,0.66,0.65,0.66,52000,0
2016-02-19,04:10:00,0.66,0.66,0.65,0.65,8000,0
2016-02-19,04:20:00,0.65,0.66,0.65,0.66,23000,0
2016-02-19,04:25:00,0.66,0.66,0.65,0.66,38000,0
2016-02-19,04:45:00,0.66,0.66,0.66,0.66,2000,0
2016-02-19,04:50:00,0.66,0.66,0.65,0.66,113000,0
2016-02-19,05:00:00,0.66,0.66,0.66,0.66,124000,0
2016-02-19,06:05:00,0.66,0.66,0.65,0.65,21000,0
2016-02-19,06:25:00,0.65,0.65,0.65,0.65,14000,0
2016-02-19,06:30:00,0.65,0.65,0.65,0.65,1000,0
2016-02-19,06:45:00,0.65,0.65,0.65,0.65,7000,0
2016-02-19,06:50:00,0.65,0.66,0.65,0.65,3000,0
2016-02-19,06:55:00,0.65,0.65,0.65,0.65,8000,0
2016-02-19,07:05:00,0.65,0.65,0.65,0.65,2000,0
2016-02-19,07:15:00,0.65,0.65,0.64,0.64,178000,0
2016-02-19,07:20:00,0.64,0.64,0.64,0.64,31000,0
2016-02-19,07:25:00,0.64,0.65,0.63,0.65,848000,0
2016-02-19,07:40:00,0.65,0.65,0.65,0.65,120000,0
2016-02-19,07:45:00,0.65,0.65,0.65,0.65,47000,0
2016-02-19,07:50:00,0.65,0.65,0.64,0.64,32000,0
2016-02-19,08:00:00,0.64,0.65,0.63,0.64,706000,0
2016-02-19,08:05:00,0.64,0.64,0.63,0.64,1045000,0
2016-02-19,08:10:00,0.64,0.64,0.63,0.63,494000,0
2016-02-19,08:15:00,0.63,0.63,0.62,0.63,1309000,0
2016-02-19,08:20:00,0.63,0.63,0.63,0.63,30000,0
2016-02-19,08:30:00,0.63,0.63,0.63,0.63,286000,0
2016-02-19,08:35:00,0.63,0.63,0.63,0.63,20000,0
2016-02-19,08:40:00,0.63,0.63,0.63,0.63,27000,0
2016-02-19,08:45:00,0.63,0.63,0.63,0.63,40000,0
2016-02-19,08:50:00,0.63,0.63,0.63,0.63,460000,0
2016-02-19,08:55:00,0.63,0.63,0.63,0.63,10000,0
2016-02-19,09:00:00,0.63,0.63,0.63,0.63,367000,0
2016-02-22,02:35:00,0.62,0.63,0.62,0.63,57000,0
2016-02-22,02:45:00,0.63,0.64,0.63,0.64,65000,0
2016-02-22,02:50:00,0.64,0.64,0.63,0.64,18000,0
2016-02-22,03:00:00,0.64,0.64,0.63,0.64,70000,0
2016-02-22,03:05:00,0.64,0.64,0.63,0.63,21000,0
2016-02-22,03:10:00,0.63,0.65,0.63,0.65,945000,0
2016-02-22,03:15:00,0.65,0.66,0.64,0.66,660000,0
2016-02-22,03:20:00,0.66,0.66,0.65,0.66,6000,0
2016-02-22,03:25:00,0.66,0.66,0.65,0.65,6000,0
2016-02-22,03:30:00,0.65,0.65,0.64,0.65,9000,0
2016-02-22,03:35:00,0.65,0.65,0.64,0.64,5000,0
2016-02-22,03:40:00,0.64,0.65,0.64,0.64,10000,0
2016-02-22,03:45:00,0.64,0.65,0.64,0.65,38000,0
2016-02-22,03:50:00,0.65,0.65,0.64,0.65,8000,0
2016-02-22,03:55:00,0.65,0.65,0.64,0.65,7000,0
2016-02-22,04:00:00,0.65,0.65,0.64,0.65,6000,0
2016-02-22,04:05:00,0.65,0.65,0.64,0.65,98000,0
2016-02-22,04:10:00,0.65,0.65,0.64,0.65,11000,0
2016-02-22,04:15:00,0.65,0.65,0.65,0.65,2000,0
2016-02-22,04:20:00,0.65,0.65,0.64,0.65,7000,0
2016-02-22,04:25:00,0.65,0.65,0.64,0.64,5000,0
2016-02-22,04:30:00,0.64,0.65,0.64,0.65,4000,0
2016-02-22,04:35:00,0.65,0.66,0.64,0.64,63000,0
2016-02-22,04:40:00,0.65,0.66,0.64,0.66,239000,0
2016-02-22,04:45:00,0.66,0.66,0.64,0.65,75000,0
2016-02-22,04:50:00,0.65,0.65,0.64,0.65,5000,0
2016-02-22,04:55:00,0.65,0.65,0.64,0.65,8000,0
2016-02-22,05:00:00,0.65,0.65,0.64,0.65,8000,0
2016-02-22,06:05:00,0.65,0.65,0.64,0.65,9000,0
2016-02-22,06:10:00,0.65,0.65,0.65,0.65,1000,0
2016-02-22,06:15:00,0.65,0.65,0.65,0.65,1000,0
2016-02-22,06:20:00,0.65,0.65,0.64,0.64,5000,0
2016-02-22,06:25:00,0.64,0.65,0.64,0.65,3000,0
2016-02-22,06:30:00,0.65,0.65,0.64,0.65,7000,0
2016-02-22,06:35:00,0.65,0.65,0.64,0.65,8000,0
2016-02-22,06:40:00,0.65,0.65,0.64,0.64,85000,0
2016-02-22,06:45:00,0.64,0.65,0.64,0.65,2000,0
2016-02-22,06:50:00,0.65,0.65,0.64,0.64,5000,0
2016-02-22,06:55:00,0.64,0.65,0.64,0.65,2000,0
2016-02-22,07:00:00,0.65,0.65,0.64,0.65,7000,0
2016-02-22,07:05:00,0.65,0.65,0.64,0.64,5000,0
2016-02-22,07:10:00,0.64,0.65,0.64,0.64,7000,0
2016-02-22,07:15:00,0.64,0.65,0.64,0.64,7000,0
2016-02-22,07:20:00,0.64,0.65,0.64,0.65,4000,0
2016-02-22,07:25:00,0.65,0.66,0.64,0.65,183000,0
2016-02-22,07:30:00,0.65,0.66,0.65,0.66,164000,0
2016-02-22,07:35:00,0.66,0.66,0.65,0.65,4000,0
2016-02-22,07:40:00,0.65,0.66,0.65,0.66,14000,0
2016-02-22,07:45:00,0.66,0.66,0.66,0.66,2000,0
2016-02-22,07:50:00,0.66,0.68,0.66,0.66,1644000,0
2016-02-22,08:00:00,0.66,0.67,0.66,0.66,7000,0
2016-02-22,08:05:00,0.66,0.68,0.66,0.68,421000,0
2016-02-22,08:10:00,0.68,0.68,0.67,0.68,159000,0
2016-02-22,08:15:00,0.68,0.68,0.66,0.66,187000,0
2016-02-22,08:20:00,0.66,0.68,0.66,0.68,122000,0
2016-02-22,08:25:00,0.68,0.68,0.67,0.67,3000,0
2016-02-22,08:30:00,0.67,0.68,0.67,0.68,30000,0
2016-02-22,08:35:00,0.68,0.68,0.67,0.68,67000,0
2016-02-22,08:40:00,0.68,0.68,0.67,0.68,66000,0
2016-02-22,08:45:00,0.68,0.68,0.67,0.68,275000,0
2016-02-22,08:50:00,0.68,0.7,0.67,0.7,1567000,0
2016-02-22,08:55:00,0.7,0.7,0.69,0.69,1284000,0
2016-02-22,09:00:00,0.69,0.72,0.69,0.71,680000,0
2016-02-23,02:35:00,0.71,0.76,0.71,0.75,812000,0
2016-02-23,02:40:00,0.75,0.75,0.74,0.74,538000,0
2016-02-23,02:45:00,0.74,0.74,0.73,0.73,519000,0
2016-02-23,02:50:00,0.73,0.74,0.73,0.74,266000,0
2016-02-23,03:00:00,0.74,0.74,0.72,0.72,614000,0
2016-02-23,03:05:00,0.72,0.73,0.72,0.73,316000,0
2016-02-23,03:10:00,0.73,0.73,0.73,0.73,10000,0
2016-02-23,03:15:00,0.73,0.73,0.72,0.72,25000,0
2016-02-23,03:20:00,0.72,0.73,0.72,0.72,295000,0
2016-02-23,03:25:00,0.72,0.72,0.72,0.72,29000,0
2016-02-23,03:30:00,0.72,0.72,0.71,0.72,175000,0
2016-02-23,03:35:00,0.72,0.72,0.71,0.71,113000,0
2016-02-23,03:40:00,0.71,0.71,0.71,0.71,140000,0
2016-02-23,03:45:00,0.71,0.71,0.71,0.71,76000,0
2016-02-23,03:50:00,0.71,0.71,0.71,0.71,91000,0
2016-02-23,04:05:00,0.71,0.71,0.7,0.7,84000,0
2016-02-23,04:20:00,0.7,0.7,0.7,0.7,30000,0
2016-02-23,04:25:00,0.7,0.7,0.7,0.7,20000,0
2016-02-23,04:35:00,0.7,0.71,0.7,0.7,213000,0
2016-02-23,04:45:00,0.7,0.7,0.7,0.7,96000,0
2016-02-23,04:55:00,0.7,0.7,0.7,0.7,50000,0
2016-02-23,05:00:00,0.7,0.7,0.7,0.7,381000,0
2016-02-23,06:05:00,0.7,0.7,0.69,0.69,381000,0
2016-02-23,06:10:00,0.69,0.7,0.69,0.7,451000,0
2016-02-23,06:15:00,0.7,0.7,0.7,0.7,81000,0
2016-02-23,06:25:00,0.7,0.7,0.69,0.69,32000,0
2016-02-23,06:45:00,0.69,0.69,0.69,0.69,66000,0
2016-02-23,06:50:00,0.69,0.69,0.69,0.69,20000,0
2016-02-23,07:05:00,0.69,0.69,0.69,0.69,19000,0
2016-02-23,07:20:00,0.69,0.69,0.68,0.68,1003000,0
2016-02-23,07:35:00,0.68,0.68,0.68,0.68,50000,0
2016-02-23,07:55:00,0.68,0.68,0.68,0.68,40000,0
2016-02-23,08:00:00,0.68,0.69,0.68,0.69,30000,0
2016-02-23,08:15:00,0.69,0.69,0.69,0.69,16000,0
2016-02-23,08:20:00,0.69,0.69,0.69,0.69,7000,0
2016-02-23,08:25:00,0.69,0.69,0.68,0.68,42000,0
2016-02-23,08:30:00,0.68,0.69,0.68,0.69,70000,0
2016-02-23,08:35:00,0.69,0.69,0.68,0.68,183000,0
2016-02-23,08:40:00,0.68,0.69,0.68,0.68,59000,0
2016-02-23,08:45:00,0.68,0.68,0.68,0.68,15000,0
2016-02-23,08:50:00,0.68,0.68,0.67,0.68,60000,0
2016-02-23,09:00:00,0.68,0.69,0.68,0.69,186000,0
2016-02-24,02:35:00,0.68,0.69,0.68,0.68,2000,0
2016-02-24,02:40:00,0.68,0.68,0.68,0.68,1000,0
2016-02-24,02:45:00,0.68,0.68,0.68,0.68,10000,0
2016-02-24,02:50:00,0.68,0.68,0.68,0.68,58000,0
2016-02-24,03:00:00,0.68,0.68,0.68,0.68,44000,0
2016-02-24,03:05:00,0.68,0.68,0.68,0.68,10000,0
2016-02-24,03:15:00,0.68,0.68,0.68,0.68,20000,0
2016-02-24,03:20:00,0.68,0.68,0.68,0.68,78000,0
2016-02-24,03:45:00,0.68,0.68,0.68,0.68,20000,0
2016-02-24,03:50:00,0.68,0.68,0.67,0.68,145000,0
2016-02-24,03:55:00,0.68,0.69,0.68,0.69,112000,0
2016-02-24,04:05:00,0.69,0.69,0.69,0.69,40000,0
2016-02-24,04:20:00,0.69,0.69,0.69,0.69,2000,0
2016-02-24,04:25:00,0.69,0.7,0.69,0.7,3000,0
2016-02-24,04:30:00,0.7,0.7,0.68,0.68,207000,0
2016-02-24,04:35:00,0.68,0.69,0.68,0.69,2000,0
2016-02-24,04:40:00,0.69,0.69,0.68,0.68,19000,0
2016-02-24,04:50:00,0.68,0.68,0.68,0.68,15000,0
2016-02-24,04:55:00,0.68,0.68,0.68,0.68,84000,0
2016-02-24,06:10:00,0.68,0.68,0.68,0.68,6000,0
2016-02-24,06:20:00,0.68,0.68,0.67,0.68,61000,0
2016-02-24,07:25:00,0.68,0.69,0.68,0.69,21000,0
2016-02-24,07:30:00,0.69,0.69,0.69,0.69,37000,0
2016-02-24,07:35:00,0.69,0.69,0.69,0.69,12000,0
2016-02-24,07:40:00,0.69,0.69,0.68,0.68,81000,0
2016-02-24,08:05:00,0.68,0.68,0.68,0.68,80000,0
2016-02-24,08:25:00,0.68,0.68,0.68,0.68,11000,0
2016-02-24,08:45:00,0.68,0.69,0.68,0.69,75000,0
2016-02-24,08:55:00,0.69,0.69,0.68,0.68,71000,0
2016-02-24,09:00:00,0.68,0.68,0.67,0.68,114000,0
2016-02-25,02:50:00,0.69,0.69,0.69,0.69,5000,0
2016-02-25,03:20:00,0.69,0.69,0.69,0.69,20000,0
2016-02-25,03:35:00,0.69,0.69,0.68,0.68,415000,0
2016-02-25,03:45:00,0.68,0.69,0.68,0.69,20000,0
2016-02-25,03:55:00,0.69,0.69,0.67,0.67,35000,0
2016-02-25,04:05:00,0.67,0.68,0.67,0.68,21000,0
2016-02-25,04:35:00,0.68,0.68,0.68,0.68,30000,0
2016-02-25,04:50:00,0.68,0.68,0.68,0.68,20000,0
2016-02-25,05:00:00,0.68,0.68,0.66,0.66,622000,0
2016-02-25,06:05:00,0.66,0.67,0.66,0.66,371000,0
2016-02-25,06:15:00,0.66,0.66,0.66,0.66,40000,0
2016-02-25,06:20:00,0.66,0.66,0.66,0.66,61000,0
2016-02-25,06:40:00,0.66,0.66,0.66,0.66,1000,0
2016-02-25,06:50:00,0.66,0.66,0.66,0.66,490000,0
2016-02-25,06:55:00,0.66,0.66,0.66,0.66,81000,0
2016-02-25,07:00:00,0.66,0.66,0.66,0.66,16000,0
2016-02-25,07:05:00,0.66,0.66,0.66,0.66,1000,0
2016-02-25,07:35:00,0.66,0.66,0.64,0.65,1352000,0
2016-02-25,07:40:00,0.65,0.65,0.64,0.65,59000,0
2016-02-25,07:45:00,0.65,0.65,0.64,0.64,193000,0
2016-02-25,07:50:00,0.63,0.64,0.63,0.64,30000,0
2016-02-25,07:55:00,0.64,0.64,0.64,0.64,2000,0
2016-02-25,08:05:00,0.64,0.64,0.64,0.64,102000,0
2016-02-25,08:15:00,0.64,0.65,0.64,0.64,40000,0
2016-02-25,08:20:00,0.64,0.64,0.64,0.64,102000,0
2016-02-25,08:25:00,0.64,0.65,0.64,0.64,66000,0
2016-02-25,08:35:00,0.64,0.64,0.64,0.64,50000,0
2016-02-25,08:40:00,0.63,0.64,0.63,0.64,58000,0
2016-02-25,08:45:00,0.64,0.64,0.64,0.64,21000,0
2016-02-25,08:50:00,0.64,0.65,0.64,0.65,20000,0
2016-02-25,08:55:00,0.65,0.65,0.64,0.64,66000,0
2016-02-25,09:00:00,0.64,0.65,0.64,0.65,307000,0
2016-02-26,02:35:00,0.66,0.66,0.65,0.66,230000,0
2016-02-26,07:45:00,0.65,0.66,0.65,0.66,21000,0
2016-02-26,08:15:00,0.66,0.66,0.66,0.66,169000,0
2016-02-26,08:30:00,0.66,0.67,0.66,0.67,111000,0
2016-02-26,08:40:00,0.67,0.68,0.67,0.68,62000,0
2016-02-26,08:45:00,0.68,0.68,0.68,0.68,50000,0
2016-02-26,08:50:00,0.68,0.68,0.67,0.67,6000,0
2016-02-26,08:55:00,0.67,0.67,0.66,0.66,50000,0
2016-02-26,09:00:00,0.66,0.67,0.66,0.67,202000,0
2016-02-29,02:50:00,0.66,0.67,0.66,0.67,23000,0
2016-02-29,03:00:00,0.67,0.67,0.66,0.66,36000,0
2016-02-29,03:05:00,0.66,0.66,0.66,0.66,4000,0
2016-02-29,03:10:00,0.66,0.66,0.66,0.66,20000,0
2016-02-29,03:30:00,0.66,0.66,0.66,0.66,30000,0
2016-02-29,03:35:00,0.66,0.66,0.65,0.65,52000,0
2016-02-29,04:05:00,0.65,0.65,0.65,0.65,10000,0
2016-02-29,04:10:00,0.65,0.65,0.65,0.65,40000,0
2016-02-29,04:40:00,0.65,0.66,0.65,0.66,131000,0
2016-02-29,06:30:00,0.66,0.66,0.65,0.65,72000,0
2016-02-29,06:55:00,0.65,0.65,0.65,0.65,33000,0
2016-02-29,07:00:00,0.65,0.65,0.65,0.65,3000,0
2016-02-29,07:25:00,0.65,0.65,0.65,0.65,36000,0
2016-02-29,08:25:00,0.64,0.65,0.64,0.65,100000,0
2016-02-29,08:35:00,0.65,0.65,0.65,0.65,10000,0
2016-03-01,02:35:00,0.66,0.66,0.65,0.65,47000,0
2016-03-01,03:00:00,0.65,0.66,0.65,0.66,85000,0
2016-03-01,03:05:00,0.66,0.66,0.66,0.66,2000,0
2016-03-01,03:20:00,0.66,0.66,0.66,0.66,2000,0
2016-03-01,03:25:00,0.66,0.66,0.66,0.66,12000,0
2016-03-01,03:50:00,0.66,0.66,0.66,0.66,2000,0
2016-03-01,03:55:00,0.66,0.66,0.66,0.66,1000,0
2016-03-01,04:10:00,0.66,0.66,0.66,0.66,2000,0
2016-03-01,04:25:00,0.66,0.66,0.65,0.66,64000,0
2016-03-01,04:45:00,0.66,0.66,0.66,0.66,30000,0
2016-03-01,04:50:00,0.66,0.66,0.66,0.66,12000,0
2016-03-01,04:55:00,0.66,0.66,0.66,0.66,2000,0
2016-03-01,06:05:00,0.66,0.66,0.65,0.65,53000,0
2016-03-01,06:20:00,0.65,0.65,0.65,0.65,1000,0
2016-03-01,06:35:00,0.65,0.65,0.65,0.65,1000,0
2016-03-01,06:40:00,0.65,0.65,0.65,0.65,1000,0
2016-03-01,06:50:00,0.65,0.65,0.65,0.65,28000,0
2016-03-01,07:15:00,0.65,0.66,0.65,0.66,29000,0
2016-03-01,07:35:00,0.66,0.66,0.66,0.66,11000,0
2016-03-01,07:50:00,0.66,0.66,0.65,0.65,40000,0
2016-03-01,08:15:00,0.65,0.65,0.65,0.65,24000,0
2016-03-01,08:25:00,0.65,0.65,0.64,0.65,95000,0
2016-03-01,08:30:00,0.65,0.65,0.65,0.65,181000,0
2016-03-01,08:35:00,0.65,0.66,0.65,0.66,17000,0
2016-03-01,08:40:00,0.66,0.66,0.66,0.66,803000,0
2016-03-01,08:45:00,0.66,0.66,0.66,0.66,340000,0
2016-03-01,08:50:00,0.66,0.66,0.66,0.66,86000,0
2016-03-01,09:00:00,0.66,0.67,0.66,0.67,7000,0
2016-03-02,02:35:00,0.68,0.68,0.68,0.68,14000,0
2016-03-02,02:50:00,0.68,0.68,0.68,0.68,2000,0
2016-03-02,03:00:00,0.68,0.68,0.68,0.68,57000,0
2016-03-02,03:05:00,0.68,0.68,0.68,0.68,62000,0
2016-03-02,03:10:00,0.68,0.69,0.68,0.69,2000,0
2016-03-02,03:15:00,0.69,0.69,0.69,0.69,61000,0
2016-03-02,03:25:00,0.69,0.69,0.67,0.67,185000,0
2016-03-02,03:30:00,0.67,0.68,0.67,0.68,250000,0
2016-03-02,03:35:00,0.68,0.68,0.67,0.67,46000,0
2016-03-02,04:05:00,0.67,0.68,0.67,0.68,2000,0
2016-03-02,04:15:00,0.68,0.68,0.68,0.68,4000,0
2016-03-02,04:20:00,0.68,0.68,0.68,0.68,51000,0
2016-03-02,04:25:00,0.68,0.68,0.68,0.68,1000,0
2016-03-02,04:35:00,0.68,0.68,0.68,0.68,32000,0
2016-03-02,04:40:00,0.68,0.68,0.68,0.68,101000,0
2016-03-02,04:45:00,0.68,0.68,0.68,0.68,1000,0
2016-03-02,04:50:00,0.68,0.68,0.67,0.67,40000,0
2016-03-02,04:55:00,0.67,0.67,0.67,0.67,62000,0
2016-03-02,05:00:00,0.67,0.67,0.67,0.67,2000,0
2016-03-02,06:10:00,0.67,0.68,0.67,0.68,200000,0
2016-03-02,06:20:00,0.67,0.68,0.67,0.68,104000,0
2016-03-02,06:25:00,0.68,0.68,0.68,0.68,1000,0
2016-03-02,06:30:00,0.68,0.68,0.67,0.67,20000,0
2016-03-02,06:35:00,0.67,0.68,0.67,0.68,3000,0
2016-03-02,06:40:00,0.68,0.68,0.68,0.68,178000,0
2016-03-02,06:45:00,0.68,0.68,0.68,0.68,9000,0
2016-03-02,06:50:00,0.68,0.68,0.68,0.68,5000,0
2016-03-02,07:05:00,0.68,0.68,0.67,0.68,92000,0
2016-03-02,07:10:00,0.68,0.68,0.68,0.68,160000,0
2016-03-02,07:15:00,0.68,0.68,0.68,0.68,3000,0
2016-03-02,07:20:00,0.68,0.68,0.68,0.68,1000,0
2016-03-02,07:25:00,0.68,0.68,0.67,0.67,201000,0
2016-03-02,07:30:00,0.67,0.68,0.67,0.68,2000,0
2016-03-02,07:35:00,0.68,0.68,0.67,0.68,24000,0
2016-03-02,07:45:00,0.68,0.68,0.68,0.68,2000,0
2016-03-02,07:50:00,0.68,0.68,0.67,0.68,144000,0
2016-03-02,07:55:00,0.68,0.68,0.68,0.68,1000,0
2016-03-02,08:00:00,0.68,0.68,0.68,0.68,1000,0
2016-03-02,08:05:00,0.68,0.68,0.68,0.68,1000,0
2016-03-02,08:10:00,0.68,0.68,0.67,0.68,103000,0
2016-03-02,08:15:00,0.68,0.68,0.68,0.68,1000,0
2016-03-02,08:30:00,0.68,0.68,0.68,0.68,1000,0
2016-03-02,08:40:00,0.68,0.68,0.68,0.68,1000,0
2016-03-02,08:50:00,0.68,0.68,0.67,0.67,20000,0
2016-03-02,08:55:00,0.67,0.68,0.67,0.68,117000,0
2016-03-02,09:00:00,0.68,0.68,0.67,0.68,94000,0
2016-03-03,02:35:00,0.65,0.68,0.65,0.67,150000,0
2016-03-03,02:40:00,0.67,0.69,0.67,0.67,80000,0
2016-03-03,02:55:00,0.67,0.67,0.67,0.67,30000,0
2016-03-03,03:00:00,0.67,0.67,0.66,0.66,78000,0
2016-03-03,03:10:00,0.66,0.67,0.66,0.67,40000,0
2016-03-03,03:45:00,0.67,0.67,0.66,0.67,58000,0
2016-03-03,04:00:00,0.67,0.68,0.67,0.67,53000,0
2016-03-03,04:05:00,0.68,0.68,0.67,0.67,40000,0
2016-03-03,04:20:00,0.67,0.67,0.67,0.67,10000,0
2016-03-03,04:25:00,0.67,0.67,0.67,0.67,10000,0
2016-03-03,04:35:00,0.67,0.68,0.67,0.68,22000,0
2016-03-03,04:45:00,0.68,0.68,0.68,0.68,30000,0
2016-03-03,04:50:00,0.68,0.68,0.68,0.68,51000,0
2016-03-03,04:55:00,0.68,0.68,0.67,0.67,42000,0
2016-03-03,05:00:00,0.67,0.68,0.67,0.68,85000,0
2016-03-03,07:00:00,0.68,0.68,0.68,0.68,54000,0
2016-03-03,07:10:00,0.68,0.69,0.68,0.69,43000,0
2016-03-03,07:20:00,0.69,0.69,0.68,0.68,70000,0
2016-03-03,07:25:00,0.68,0.69,0.68,0.68,45000,0
2016-03-03,08:05:00,0.68,0.68,0.68,0.68,34000,0
2016-03-03,08:10:00,0.68,0.68,0.67,0.68,139000,0
2016-03-03,08:25:00,0.68,0.68,0.68,0.68,102000,0
2016-03-03,08:35:00,0.68,0.68,0.67,0.67,60000,0
2016-03-03,08:45:00,0.67,0.68,0.67,0.68,61000,0
2016-03-03,08:50:00,0.68,0.68,0.67,0.67,250000,0
2016-03-03,09:00:00,0.67,0.68,0.66,0.67,20000,0
2016-03-04,02:55:00,0.68,0.68,0.67,0.68,54000,0
2016-03-04,03:25:00,0.68,0.68,0.68,0.68,20000,0
2016-03-04,03:30:00,0.68,0.68,0.68,0.68,1000,0
2016-03-04,03:35:00,0.68,0.68,0.68,0.68,20000,0
2016-03-04,04:00:00,0.67,0.68,0.67,0.68,2000,0
2016-03-04,04:05:00,0.68,0.69,0.68,0.68,511000,0
2016-03-04,04:10:00,0.68,0.7,0.68,0.7,439000,0
2016-03-04,04:20:00,0.7,0.71,0.7,0.71,1516000,0
2016-03-04,04:25:00,0.71,0.72,0.71,0.72,63000,0
2016-03-04,04:30:00,0.72,0.72,0.71,0.71,83000,0
2016-03-04,04:35:00,0.71,0.71,0.71,0.71,226000,0
2016-03-04,04:40:00,0.71,0.71,0.7,0.7,183000,0
2016-03-04,04:45:00,0.7,0.7,0.7,0.7,50000,0
2016-03-04,04:50:00,0.7,0.7,0.7,0.7,10000,0
2016-03-04,04:55:00,0.7,0.7,0.7,0.7,10000,0
2016-03-04,05:00:00,0.7,0.7,0.7,0.7,201000,0
2016-03-04,06:15:00,0.7,0.7,0.69,0.69,410000,0
2016-03-04,06:30:00,0.69,0.69,0.68,0.68,100000,0
2016-03-04,06:40:00,0.68,0.69,0.68,0.69,28000,0
2016-03-04,06:50:00,0.69,0.7,0.69,0.7,40000,0
2016-03-04,07:05:00,0.7,0.7,0.69,0.69,8000,0
2016-03-04,07:55:00,0.69,0.69,0.69,0.69,200000,0
2016-03-04,08:05:00,0.69,0.69,0.69,0.69,20000,0
2016-03-04,08:10:00,0.69,0.69,0.69,0.69,30000,0
2016-03-04,08:25:00,0.69,0.7,0.69,0.7,834000,0
2016-03-04,08:30:00,0.7,0.7,0.7,0.7,210000,0
2016-03-04,08:40:00,0.7,0.7,0.7,0.7,100000,0
2016-03-04,08:45:00,0.7,0.7,0.69,0.7,230000,0
2016-03-04,08:50:00,0.7,0.7,0.69,0.69,20000,0
2016-03-04,08:55:00,0.69,0.69,0.69,0.69,141000,0
2016-03-04,09:00:00,0.69,0.69,0.69,0.69,47000,0
2016-03-07,03:05:00,0.69,0.72,0.69,0.72,9000,0
2016-03-07,03:10:00,0.7,0.7,0.7,0.7,1000,0
2016-03-07,03:25:00,0.7,0.7,0.7,0.7,6000,0
2016-03-07,03:30:00,0.7,0.71,0.7,0.71,23000,0
2016-03-07,03:35:00,0.71,0.71,0.7,0.7,45000,0
2016-03-07,03:45:00,0.7,0.7,0.7,0.7,9000,0
2016-03-07,04:05:00,0.7,0.7,0.7,0.7,51000,0
2016-03-07,04:15:00,0.7,0.7,0.7,0.7,40000,0
2016-03-07,04:20:00,0.7,0.7,0.7,0.7,7000,0
2016-03-07,04:25:00,0.7,0.7,0.7,0.7,5000,0
2016-03-07,05:00:00,0.7,0.7,0.7,0.7,42000,0
2016-03-07,06:10:00,0.7,0.7,0.7,0.7,6000,0
2016-03-07,06:20:00,0.7,0.7,0.7,0.7,5000,0
2016-03-07,06:40:00,0.7,0.7,0.7,0.7,5000,0
2016-03-07,06:50:00,0.7,0.7,0.7,0.7,5000,0
2016-03-07,07:00:00,0.7,0.7,0.7,0.7,5000,0
2016-03-07,07:05:00,0.7,0.7,0.7,0.7,13000,0
2016-03-07,07:15:00,0.7,0.7,0.7,0.7,75000,0
2016-03-07,07:20:00,0.7,0.7,0.7,0.7,111000,0
2016-03-07,07:30:00,0.7,0.7,0.7,0.7,1000,0
2016-03-07,08:15:00,0.7,0.7,0.7,0.7,15000,0
2016-03-07,08:25:00,0.7,0.7,0.7,0.7,270000,0
2016-03-07,08:35:00,0.7,0.7,0.7,0.7,68000,0
2016-03-07,08:45:00,0.7,0.7,0.7,0.7,6000,0
2016-03-07,08:50:00,0.7,0.7,0.7,0.7,16000,0
2016-03-07,09:00:00,0.7,0.7,0.69,0.7,279000,0
2016-03-08,02:35:00,0.71,0.71,0.71,0.71,21000,0
2016-03-08,02:40:00,0.71,0.71,0.7,0.7,200000,0
2016-03-08,03:10:00,0.7,0.7,0.69,0.69,280000,0
2016-03-08,03:15:00,0.69,0.69,0.69,0.69,47000,0
2016-03-08,03:20:00,0.69,0.7,0.69,0.7,25000,0
2016-03-08,03:25:00,0.69,0.69,0.69,0.69,16000,0
2016-03-08,03:50:00,0.69,0.69,0.69,0.69,8000,0
2016-03-08,03:55:00,0.69,0.69,0.69,0.69,200000,0
2016-03-08,04:05:00,0.69,0.69,0.69,0.69,100000,0
2016-03-08,07:00:00,0.68,0.69,0.68,0.69,6000,0
2016-03-08,07:05:00,0.69,0.69,0.69,0.69,30000,0
2016-03-08,07:10:00,0.69,0.69,0.69,0.69,147000,0
2016-03-08,07:55:00,0.69,0.69,0.69,0.69,100000,0
2016-03-08,08:05:00,0.69,0.7,0.69,0.7,67000,0
2016-03-08,08:20:00,0.7,0.7,0.7,0.7,30000,0
2016-03-08,08:40:00,0.7,0.7,0.69,0.69,29000,0
2016-03-08,09:00:00,0.69,0.69,0.69,0.69,10000,0
2016-03-09,03:15:00,0.69,0.69,0.69,0.69,30000,0
2016-03-09,09:00:00,0.68,0.7,0.68,0.7,71000,0
2016-03-10,02:35:00,0.68,0.7,0.68,0.68,26000,0
2016-03-10,02:55:00,0.68,0.69,0.68,0.69,40000,0
2016-03-10,03:00:00,0.69,0.69,0.69,0.69,13000,0
2016-03-10,03:45:00,0.69,0.7,0.69,0.7,40000,0
2016-03-10,03:55:00,0.7,0.7,0.69,0.69,312000,0
2016-03-10,04:15:00,0.69,0.69,0.69,0.69,50000,0
2016-03-10,04:20:00,0.69,0.69,0.68,0.68,26000,0
2016-03-10,04:35:00,0.68,0.68,0.68,0.68,8000,0
2016-03-10,04:55:00,0.68,0.69,0.68,0.69,24000,0
2016-03-10,05:00:00,0.69,0.69,0.68,0.68,20000,0
2016-03-10,06:25:00,0.68,0.68,0.68,0.68,9000,0
2016-03-10,07:45:00,0.68,0.68,0.68,0.68,50000,0
2016-03-10,07:50:00,0.68,0.68,0.68,0.68,150000,0
2016-03-10,07:55:00,0.68,0.68,0.68,0.68,160000,0
2016-03-10,08:00:00,0.68,0.68,0.68,0.68,255000,0
2016-03-10,08:10:00,0.68,0.68,0.68,0.68,476000,0
2016-03-11,02:35:00,0.67,0.68,0.67,0.68,49000,0
2016-03-11,02:55:00,0.68,0.68,0.67,0.67,79000,0
2016-03-11,03:20:00,0.67,0.67,0.67,0.67,32000,0
2016-03-11,03:30:00,0.67,0.68,0.67,0.68,90000,0
2016-03-11,03:35:00,0.68,0.68,0.68,0.68,30000,0
2016-03-11,03:40:00,0.68,0.68,0.68,0.68,10000,0
2016-03-11,03:45:00,0.68,0.68,0.68,0.68,25000,0
2016-03-11,03:50:00,0.68,0.68,0.68,0.68,40000,0
2016-03-11,04:00:00,0.68,0.68,0.68,0.68,13000,0
2016-03-11,04:05:00,0.68,0.68,0.68,0.68,37000,0
2016-03-11,06:15:00,0.68,0.68,0.67,0.67,161000,0
2016-03-11,06:20:00,0.67,0.67,0.67,0.67,20000,0
2016-03-11,06:25:00,0.67,0.67,0.67,0.67,237000,0
2016-03-11,06:40:00,0.66,0.67,0.66,0.67,43000,0
2016-03-11,06:45:00,0.67,0.68,0.67,0.68,323000,0
2016-03-11,06:50:00,0.68,0.68,0.67,0.67,40000,0
2016-03-11,07:00:00,0.67,0.68,0.67,0.68,40000,0
2016-03-11,07:10:00,0.68,0.68,0.68,0.68,1000,0
2016-03-11,07:25:00,0.68,0.68,0.67,0.67,7000,0
2016-03-11,07:30:00,0.67,0.67,0.67,0.67,1000,0
2016-03-11,08:05:00,0.67,0.67,0.67,0.67,6000,0
2016-03-11,08:10:00,0.67,0.67,0.67,0.67,1000,0
2016-03-11,08:25:00,0.67,0.69,0.67,0.69,369000,0
2016-03-11,08:30:00,0.69,0.69,0.68,0.68,90000,0
2016-03-11,08:40:00,0.68,0.69,0.68,0.69,4000,0
2016-03-11,08:55:00,0.69,0.69,0.68,0.68,10000,0
2016-03-11,09:00:00,0.68,0.68,0.68,0.68,156000,0
2016-03-14,02:40:00,0.68,0.68,0.68,0.68,20000,0
2016-03-14,02:50:00,0.68,0.69,0.68,0.69,20000,0
2016-03-14,03:00:00,0.69,0.69,0.68,0.68,110000,0
2016-03-14,03:10:00,0.67,0.68,0.67,0.68,58000,0
2016-03-14,03:25:00,0.67,0.68,0.67,0.68,91000,0
2016-03-14,04:15:00,0.67,0.68,0.67,0.68,17000,0
2016-03-14,04:30:00,0.68,0.68,0.68,0.68,190000,0
2016-03-14,04:35:00,0.68,0.68,0.68,0.68,60000,0
2016-03-14,04:40:00,0.68,0.68,0.68,0.68,1000,0
2016-03-14,04:45:00,0.68,0.68,0.68,0.68,2000,0
2016-03-14,04:50:00,0.68,0.68,0.68,0.68,18000,0
2016-03-14,05:00:00,0.68,0.68,0.68,0.68,82000,0
2016-03-14,06:05:00,0.68,0.68,0.68,0.68,1000,0
2016-03-14,06:15:00,0.68,0.69,0.68,0.69,340000,0
2016-03-14,06:20:00,0.69,0.69,0.69,0.69,1000,0
2016-03-14,06:30:00,0.69,0.69,0.69,0.69,21000,0
2016-03-14,06:35:00,0.69,0.69,0.69,0.69,260000,0
2016-03-14,06:45:00,0.69,0.69,0.68,0.68,2000,0
2016-03-14,07:00:00,0.68,0.68,0.68,0.68,5000,0
2016-03-14,07:05:00,0.68,0.69,0.68,0.69,2000,0
2016-03-14,07:10:00,0.69,0.69,0.68,0.68,118000,0
2016-03-14,07:15:00,0.68,0.68,0.68,0.68,20000,0
2016-03-14,07:40:00,0.68,0.68,0.68,0.68,1000,0
2016-03-14,07:45:00,0.68,0.69,0.68,0.69,143000,0
2016-03-14,08:00:00,0.69,0.69,0.69,0.69,10000,0
2016-03-14,08:15:00,0.69,0.69,0.69,0.69,1000,0
2016-03-14,08:25:00,0.69,0.69,0.69,0.69,146000,0
2016-03-14,08:35:00,0.69,0.69,0.69,0.69,80000,0
2016-03-14,08:50:00,0.69,0.69,0.69,0.69,1000,0
2016-03-14,08:55:00,0.69,0.69,0.69,0.69,30000,0
2016-03-14,09:00:00,0.69,0.7,0.69,0.7,28000,0
2016-03-15,03:05:00,0.7,0.7,0.69,0.69,113000,0
2016-03-15,03:15:00,0.68,0.69,0.68,0.69,69000,0
2016-03-15,03:50:00,0.69,0.69,0.69,0.69,1000,0
2016-03-15,04:10:00,0.69,0.69,0.69,0.69,1000,0
2016-03-15,04:20:00,0.69,0.69,0.69,0.69,1000,0
2016-03-15,04:35:00,0.68,0.69,0.68,0.69,3000,0
2016-03-15,04:50:00,0.69,0.69,0.69,0.69,112000,0
2016-03-15,04:55:00,0.69,0.7,0.69,0.7,163000,0
2016-03-15,06:05:00,0.7,0.7,0.7,0.7,40000,0
2016-03-15,06:15:00,0.7,0.7,0.69,0.69,20000,0
2016-03-15,06:25:00,0.69,0.7,0.69,0.7,321000,0
2016-03-15,06:40:00,0.7,0.7,0.69,0.69,85000,0
2016-03-15,06:45:00,0.69,0.69,0.69,0.69,25000,0
2016-03-15,07:20:00,0.69,0.69,0.69,0.69,57000,0
2016-03-15,07:25:00,0.69,0.69,0.69,0.69,1000,0
2016-03-15,07:30:00,0.69,0.69,0.69,0.69,31000,0
2016-03-15,07:35:00,0.69,0.69,0.69,0.69,29000,0
2016-03-15,08:00:00,0.69,0.7,0.69,0.7,242000,0
2016-03-15,08:05:00,0.7,0.7,0.69,0.69,4000,0
2016-03-15,08:15:00,0.69,0.69,0.69,0.69,40000,0
2016-03-15,08:25:00,0.69,0.69,0.69,0.69,1000,0
2016-03-15,08:35:00,0.68,0.69,0.68,0.69,2000,0
2016-03-15,08:40:00,0.69,0.69,0.69,0.69,1000,0
2016-03-15,08:50:00,0.69,0.69,0.69,0.69,1000,0
2016-03-15,08:55:00,0.69,0.69,0.69,0.69,1000,0
2016-03-15,09:00:00,0.69,0.69,0.69,0.69,2000,0
2016-03-16,02:55:00,0.69,0.69,0.69,0.69,2000,0
2016-03-16,03:15:00,0.69,0.69,0.69,0.69,104000,0
2016-03-16,03:20:00,0.69,0.69,0.68,0.68,100000,0
2016-03-16,03:35:00,0.68,0.69,0.68,0.69,30000,0
2016-03-16,03:45:00,0.69,0.69,0.68,0.69,18000,0
2016-03-16,04:00:00,0.69,0.69,0.68,0.68,300000,0
2016-03-16,04:05:00,0.68,0.68,0.68,0.68,36000,0
2016-03-16,04:15:00,0.68,0.68,0.68,0.68,21000,0
2016-03-16,04:25:00,0.68,0.68,0.68,0.68,50000,0
2016-03-16,04:30:00,0.68,0.68,0.68,0.68,63000,0
2016-03-16,07:45:00,0.67,0.68,0.67,0.68,125000,0
2016-03-16,08:30:00,0.67,0.68,0.67,0.68,61000,0
2016-03-17,02:50:00,0.67,0.69,0.67,0.69,141000,0
2016-03-17,02:55:00,0.69,0.69,0.68,0.68,19000,0
2016-03-17,03:00:00,0.68,0.68,0.68,0.68,350000,0
2016-03-17,03:20:00,0.68,0.69,0.68,0.69,100000,0
2016-03-17,03:25:00,0.69,0.69,0.69,0.69,70000,0
2016-03-17,03:55:00,0.69,0.69,0.69,0.69,1000,0
2016-03-17,04:05:00,0.69,0.69,0.69,0.69,1000,0
2016-03-17,04:15:00,0.69,0.69,0.69,0.69,1000,0
2016-03-17,04:25:00,0.69,0.69,0.69,0.69,1000,0
2016-03-17,04:30:00,0.69,0.69,0.68,0.68,40000,0
2016-03-17,04:45:00,0.68,0.69,0.68,0.69,2000,0
2016-03-17,04:50:00,0.69,0.69,0.69,0.69,1000,0
2016-03-17,04:55:00,0.69,0.69,0.69,0.69,71000,0
2016-03-17,05:00:00,0.69,0.69,0.69,0.69,1000,0
2016-03-17,06:35:00,0.69,0.69,0.69,0.69,1000,0
2016-03-17,07:05:00,0.69,0.69,0.69,0.69,1000,0
2016-03-17,07:10:00,0.69,0.69,0.68,0.68,123000,0
2016-03-17,07:20:00,0.68,0.69,0.68,0.69,2000,0
2016-03-17,07:25:00,0.69,0.69,0.69,0.69,100000,0
2016-03-17,07:40:00,0.69,0.69,0.69,0.69,1000,0
2016-03-17,08:00:00,0.69,0.69,0.69,0.69,1000,0
2016-03-17,08:10:00,0.69,0.69,0.69,0.69,19000,0
2016-03-17,08:15:00,0.69,0.69,0.69,0.69,7000,0
2016-03-17,08:20:00,0.69,0.69,0.69,0.69,4000,0
2016-03-17,08:30:00,0.69,0.69,0.69,0.69,1000,0
2016-03-17,08:35:00,0.69,0.69,0.69,0.69,11000,0
2016-03-17,08:40:00,0.69,0.69,0.69,0.69,17000,0
2016-03-17,08:45:00,0.69,0.69,0.69,0.69,2000,0
2016-03-17,08:50:00,0.69,0.69,0.68,0.69,42000,0
2016-03-17,08:55:00,0.69,0.69,0.69,0.69,1000,0
2016-03-17,09:00:00,0.69,0.69,0.69,0.69,42000,0
2016-03-18,04:50:00,0.68,0.69,0.68,0.69,395000,0
2016-03-21,02:55:00,0.69,0.69,0.69,0.69,80000,0
2016-03-21,03:00:00,0.69,0.69,0.68,0.68,90000,0
2016-03-21,03:15:00,0.68,0.69,0.68,0.69,76000,0
2016-03-21,03:30:00,0.69,0.69,0.69,0.69,49000,0
2016-03-21,03:35:00,0.69,0.69,0.69,0.69,50000,0
2016-03-21,03:40:00,0.69,0.69,0.69,0.69,22000,0
2016-03-21,03:50:00,0.69,0.69,0.68,0.68,138000,0
2016-03-21,04:00:00,0.68,0.69,0.68,0.68,180000,0
2016-03-21,04:30:00,0.68,0.68,0.68,0.68,50000,0
2016-03-21,04:50:00,0.68,0.69,0.68,0.69,52000,0
2016-03-21,05:00:00,0.69,0.69,0.68,0.68,156000,0
2016-03-21,06:05:00,0.68,0.68,0.68,0.68,200000,0
2016-03-21,06:10:00,0.68,0.68,0.68,0.68,605000,0
2016-03-21,06:15:00,0.68,0.68,0.68,0.68,11000,0
2016-03-21,06:35:00,0.68,0.68,0.68,0.68,1000,0
2016-03-21,06:40:00,0.68,0.68,0.68,0.68,132000,0
2016-03-21,06:45:00,0.68,0.68,0.68,0.68,15000,0
2016-03-21,06:50:00,0.68,0.68,0.68,0.68,22000,0
2016-03-21,06:55:00,0.68,0.68,0.68,0.68,60000,0
2016-03-21,07:00:00,0.68,0.68,0.68,0.68,27000,0
2016-03-21,07:05:00,0.68,0.68,0.68,0.68,1000,0
2016-03-21,07:10:00,0.68,0.68,0.68,0.68,1000,0
2016-03-21,07:15:00,0.68,0.68,0.68,0.68,1000,0
2016-03-21,07:20:00,0.68,0.68,0.68,0.68,2000,0
2016-03-21,07:25:00,0.68,0.68,0.68,0.68,1000,0
2016-03-21,07:30:00,0.68,0.68,0.68,0.68,1000,0
2016-03-21,07:35:00,0.68,0.68,0.68,0.68,1000,0
2016-03-21,07:45:00,0.68,0.68,0.68,0.68,1000,0
2016-03-21,07:50:00,0.68,0.68,0.68,0.68,2000,0
2016-03-21,07:55:00,0.68,0.68,0.68,0.68,2000,0
2016-03-21,08:00:00,0.68,0.68,0.68,0.68,2000,0
2016-03-21,08:05:00,0.68,0.68,0.68,0.68,1000,0
2016-03-21,08:10:00,0.68,0.68,0.68,0.68,1000,0
2016-03-21,08:15:00,0.68,0.68,0.68,0.68,95000,0
2016-03-21,08:20:00,0.68,0.68,0.68,0.68,2000,0
2016-03-21,08:25:00,0.68,0.68,0.68,0.68,4000,0
2016-03-21,08:35:00,0.68,0.68,0.68,0.68,42000,0
2016-03-21,08:45:00,0.67,0.68,0.67,0.68,64000,0
2016-03-21,08:50:00,0.68,0.68,0.68,0.68,3000,0
2016-03-21,08:55:00,0.68,0.68,0.68,0.68,1000,0
2016-03-21,09:00:00,0.68,0.68,0.68,0.68,28000,0
2016-03-22,02:35:00,0.68,0.68,0.68,0.68,14000,0
2016-03-22,02:50:00,0.68,0.68,0.68,0.68,6000,0
2016-03-22,02:55:00,0.68,0.68,0.68,0.68,31000,0
2016-03-22,03:00:00,0.68,0.68,0.67,0.67,20000,0
2016-03-22,03:15:00,0.67,0.67,0.67,0.67,160000,0
2016-03-22,03:35:00,0.67,0.67,0.67,0.67,300000,0
2016-03-22,03:40:00,0.67,0.67,0.67,0.67,11000,0
2016-03-22,03:50:00,0.67,0.67,0.67,0.67,208000,0
2016-03-22,04:05:00,0.67,0.67,0.67,0.67,50000,0
2016-03-22,04:35:00,0.67,0.67,0.67,0.67,100000,0
2016-03-22,04:55:00,0.67,0.68,0.67,0.68,49000,0
2016-03-22,06:45:00,0.68,0.68,0.68,0.68,3000,0
2016-03-22,06:50:00,0.68,0.68,0.67,0.67,2000,0
2016-03-22,07:35:00,0.67,0.67,0.67,0.67,30000,0
2016-03-22,07:55:00,0.67,0.67,0.67,0.67,10000,0
2016-03-22,08:40:00,0.67,0.67,0.66,0.66,378000,0
2016-03-22,08:45:00,0.66,0.66,0.66,0.66,20000,0
2016-03-22,08:50:00,0.66,0.66,0.65,0.66,760000,0
2016-03-22,08:55:00,0.66,0.66,0.66,0.66,1000,0
2016-03-22,09:00:00,0.66,0.67,0.66,0.66,37000,0
2016-03-23,02:55:00,0.67,0.67,0.66,0.66,43000,0
2016-03-23,03:00:00,0.66,0.66,0.65,0.65,145000,0
2016-03-23,03:20:00,0.65,0.65,0.65,0.65,20000,0
2016-03-23,03:45:00,0.65,0.65,0.65,0.65,132000,0
2016-03-23,04:15:00,0.65,0.65,0.65,0.65,4000,0
2016-03-23,04:25:00,0.65,0.65,0.65,0.65,50000,0
2016-03-23,04:30:00,0.65,0.65,0.65,0.65,6000,0
2016-03-23,04:35:00,0.65,0.65,0.65,0.65,50000,0
2016-03-23,04:50:00,0.65,0.65,0.65,0.65,5000,0
2016-03-23,06:10:00,0.65,0.65,0.65,0.65,78000,0
2016-03-23,06:50:00,0.65,0.66,0.65,0.65,259000,0
2016-03-23,07:05:00,0.64,0.65,0.64,0.65,58000,0
2016-03-23,07:25:00,0.65,0.65,0.65,0.65,40000,0
2016-03-23,07:35:00,0.65,0.65,0.65,0.65,20000,0
2016-03-23,07:50:00,0.65,0.66,0.65,0.66,10000,0
2016-03-23,08:05:00,0.64,0.66,0.64,0.66,31000,0
2016-03-23,08:10:00,0.66,0.66,0.66,0.66,59000,0
2016-03-23,08:25:00,0.66,0.66,0.66,0.66,93000,0
2016-03-23,08:30:00,0.66,0.66,0.66,0.66,101000,0
2016-03-23,08:40:00,0.66,0.66,0.66,0.66,9000,0
2016-03-23,09:00:00,0.66,0.67,0.66,0.66,2000,0
2016-03-24,02:35:00,0.65,0.65,0.65,0.65,245000,0
2016-03-24,02:45:00,0.65,0.65,0.65,0.65,2000,0
2016-03-24,02:50:00,0.65,0.65,0.65,0.65,1000,0
2016-03-24,02:55:00,0.65,0.65,0.65,0.65,2000,0
2016-03-24,03:00:00,0.65,0.65,0.65,0.65,1000,0
2016-03-24,03:05:00,0.65,0.65,0.65,0.65,1000,0
2016-03-24,03:10:00,0.65,0.65,0.65,0.65,2000,0
2016-03-24,03:15:00,0.65,0.65,0.65,0.65,40000,0
2016-03-24,03:20:00,0.65,0.65,0.65,0.65,1000,0
2016-03-24,03:25:00,0.65,0.65,0.65,0.65,1000,0
2016-03-24,03:30:00,0.65,0.65,0.65,0.65,1000,0
2016-03-24,03:35:00,0.65,0.65,0.65,0.65,1000,0
2016-03-24,04:15:00,0.64,0.65,0.64,0.65,78000,0
2016-03-24,09:00:00,0.64,0.65,0.64,0.65,2000,0
2016-03-29,03:45:00,0.63,0.63,0.63,0.63,15000,0
2016-03-29,03:50:00,0.63,0.63,0.63,0.63,60000,0
2016-03-29,04:05:00,0.62,0.63,0.62,0.63,34000,0
2016-03-29,04:20:00,0.63,0.63,0.63,0.63,44000,0
2016-03-29,05:00:00,0.63,0.63,0.63,0.63,61000,0
2016-03-29,05:30:00,0.63,0.63,0.63,0.63,82000,0
2016-03-29,07:25:00,0.63,0.63,0.63,0.63,17000,0
2016-03-29,08:10:00,0.63,0.63,0.63,0.63,17000,0
2016-03-29,08:35:00,0.63,0.63,0.63,0.63,36000,0
2016-03-29,09:40:00,0.62,0.63,0.62,0.63,40000,0
2016-03-29,09:50:00,0.63,0.63,0.63,0.63,44000,0
2016-03-29,10:00:00,0.63,0.63,0.63,0.63,1000,0
2016-03-30,03:50:00,0.62,0.63,0.62,0.62,118000,0
2016-03-30,03:55:00,0.62,0.62,0.62,0.62,30000,0
2016-03-30,04:15:00,0.61,0.62,0.61,0.62,10000,0
2016-03-30,04:25:00,0.61,0.65,0.61,0.65,318000,0
2016-03-30,04:55:00,0.64,0.64,0.64,0.64,2000,0
2016-03-30,05:30:00,0.64,0.64,0.63,0.63,50000,0
2016-03-30,05:40:00,0.63,0.63,0.63,0.63,45000,0
2016-03-30,05:50:00,0.63,0.63,0.63,0.63,50000,0
2016-03-30,07:05:00,0.63,0.63,0.63,0.63,10000,0
2016-03-30,07:25:00,0.63,0.63,0.63,0.63,1000,0
2016-03-30,07:45:00,0.63,0.63,0.63,0.63,200000,0
2016-03-30,08:00:00,0.63,0.63,0.63,0.63,14000,0
2016-03-30,08:05:00,0.63,0.63,0.63,0.63,20000,0
2016-03-30,09:15:00,0.63,0.63,0.63,0.63,10000,0
2016-03-30,09:30:00,0.63,0.63,0.63,0.63,8000,0
2016-03-30,09:35:00,0.63,0.64,0.63,0.64,44000,0
2016-03-30,09:40:00,0.64,0.65,0.64,0.64,121000,0
2016-03-30,09:45:00,0.64,0.64,0.64,0.64,230000,0
2016-03-30,09:50:00,0.64,0.65,0.64,0.65,285000,0
2016-03-30,10:00:00,0.65,0.66,0.65,0.66,270000,0
2016-03-31,03:35:00,0.67,0.67,0.66,0.66,200000,0
2016-03-31,03:50:00,0.66,0.66,0.66,0.66,1000,0
2016-03-31,04:25:00,0.66,0.66,0.65,0.65,80000,0
2016-03-31,07:25:00,0.64,0.65,0.64,0.65,2000,0
2016-03-31,07:35:00,0.64,0.65,0.64,0.65,20000,0
2016-03-31,07:45:00,0.65,0.65,0.65,0.65,1000,0
2016-03-31,07:50:00,0.64,0.65,0.64,0.65,32000,0
2016-03-31,08:05:00,0.65,0.65,0.65,0.65,51000,0
2016-03-31,08:10:00,0.65,0.65,0.65,0.65,14000,0
2016-03-31,08:20:00,0.64,0.65,0.64,0.65,2000,0
2016-03-31,09:30:00,0.64,0.65,0.64,0.65,60000,0
2016-03-31,09:35:00,0.64,0.65,0.64,0.65,2000,0
2016-04-01,03:45:00,0.64,0.64,0.64,0.64,23000,0
2016-04-01,04:00:00,0.64,0.64,0.64,0.64,8000,0
2016-04-01,04:15:00,0.64,0.64,0.64,0.64,2000,0
2016-04-01,05:00:00,0.64,0.64,0.63,0.63,22000,0
2016-04-01,05:10:00,0.63,0.64,0.63,0.63,302000,0
2016-04-01,05:15:00,0.63,0.63,0.62,0.63,783000,0
2016-04-01,05:30:00,0.63,0.63,0.62,0.62,117000,0
2016-04-01,05:45:00,0.62,0.62,0.62,0.62,96000,0
2016-04-01,05:50:00,0.62,0.62,0.62,0.62,60000,0
2016-04-01,06:00:00,0.61,0.62,0.61,0.62,360000,0
2016-04-01,07:05:00,0.62,0.62,0.62,0.62,20000,0
2016-04-01,07:20:00,0.62,0.62,0.62,0.62,101000,0
2016-04-01,07:25:00,0.62,0.62,0.62,0.62,44000,0
2016-04-01,08:10:00,0.61,0.62,0.61,0.62,20000,0
2016-04-01,08:30:00,0.61,0.62,0.61,0.62,167000,0
2016-04-01,08:50:00,0.61,0.62,0.61,0.62,10000,0
2016-04-01,09:00:00,0.61,0.62,0.61,0.62,105000,0
2016-04-01,09:40:00,0.62,0.62,0.61,0.62,82000,0
2016-04-01,10:00:00,0.62,0.63,0.62,0.63,152000,0
2016-04-05,03:40:00,0.63,0.63,0.62,0.62,21000,0
2016-04-05,03:45:00,0.62,0.63,0.62,0.62,167000,0
2016-04-05,04:00:00,0.62,0.62,0.62,0.62,33000,0
2016-04-05,04:05:00,0.62,0.62,0.62,0.62,1000,0
2016-04-05,04:20:00,0.62,0.62,0.62,0.62,38000,0
2016-04-05,04:25:00,0.62,0.62,0.62,0.62,67000,0
2016-04-05,04:40:00,0.62,0.63,0.62,0.62,72000,0
2016-04-05,04:45:00,0.62,0.62,0.62,0.62,24000,0
2016-04-05,05:15:00,0.62,0.62,0.62,0.62,252000,0
2016-04-05,05:20:00,0.62,0.62,0.62,0.62,31000,0
2016-04-05,07:05:00,0.62,0.62,0.62,0.62,6000,0
2016-04-05,07:10:00,0.61,0.62,0.61,0.62,17000,0
2016-04-05,07:15:00,0.62,0.62,0.62,0.62,109000,0
2016-04-05,07:20:00,0.62,0.63,0.62,0.63,14000,0
2016-04-05,07:55:00,0.63,0.63,0.62,0.62,40000,0
2016-04-05,08:00:00,0.62,0.62,0.62,0.62,25000,0
2016-04-05,08:05:00,0.62,0.62,0.62,0.62,40000,0
2016-04-05,08:15:00,0.62,0.62,0.62,0.62,143000,0
2016-04-05,08:20:00,0.62,0.62,0.62,0.62,59000,0
2016-04-05,08:30:00,0.62,0.62,0.62,0.62,6000,0
2016-04-05,08:45:00,0.62,0.62,0.62,0.62,20000,0
2016-04-05,08:55:00,0.62,0.62,0.62,0.62,31000,0
2016-04-05,09:05:00,0.62,0.62,0.62,0.62,20000,0
2016-04-05,09:10:00,0.62,0.62,0.62,0.62,31000,0
2016-04-05,09:15:00,0.62,0.62,0.62,0.62,20000,0
2016-04-05,09:20:00,0.62,0.62,0.62,0.62,31000,0
2016-04-05,09:25:00,0.62,0.62,0.62,0.62,16000,0
2016-04-05,09:30:00,0.62,0.62,0.62,0.62,20000,0
2016-04-05,09:35:00,0.62,0.62,0.62,0.62,5000,0
2016-04-05,09:40:00,0.62,0.62,0.62,0.62,21000,0
2016-04-05,09:45:00,0.62,0.62,0.62,0.62,20000,0
2016-04-05,09:50:00,0.62,0.62,0.62,0.62,27000,0
2016-04-05,09:55:00,0.62,0.62,0.62,0.62,102000,0
2016-04-05,10:00:00,0.62,0.62,0.62,0.62,78000,0
2016-04-06,03:40:00,0.62,0.62,0.62,0.62,30000,0
2016-04-06,03:45:00,0.62,0.62,0.62,0.62,80000,0
2016-04-06,03:55:00,0.62,0.62,0.62,0.62,40000,0
2016-04-06,04:00:00,0.62,0.62,0.62,0.62,50000,0
2016-04-06,04:50:00,0.61,0.62,0.61,0.62,46000,0
2016-04-06,04:55:00,0.62,0.62,0.62,0.62,3000,0
2016-04-06,05:10:00,0.62,0.62,0.62,0.62,3000,0
2016-04-06,05:25:00,0.62,0.62,0.62,0.62,3000,0
2016-04-06,05:45:00,0.62,0.63,0.62,0.63,20000,0
2016-04-06,05:50:00,0.63,0.63,0.62,0.62,2000,0
2016-04-06,05:55:00,0.62,0.62,0.62,0.62,3000,0
2016-04-06,07:50:00,0.62,0.62,0.62,0.62,91000,0
2016-04-06,07:55:00,0.62,0.62,0.62,0.62,5000,0
2016-04-06,08:00:00,0.62,0.62,0.62,0.62,2000,0
2016-04-06,08:05:00,0.62,0.62,0.62,0.62,109000,0
2016-04-06,08:10:00,0.62,0.62,0.62,0.62,8000,0
2016-04-06,08:15:00,0.62,0.62,0.62,0.62,3000,0
2016-04-06,08:20:00,0.62,0.62,0.62,0.62,3000,0
2016-04-06,08:25:00,0.62,0.62,0.62,0.62,24000,0
2016-04-06,08:30:00,0.62,0.62,0.62,0.62,9000,0
2016-04-06,08:40:00,0.62,0.62,0.62,0.62,2000,0
2016-04-06,08:45:00,0.62,0.62,0.62,0.62,111000,0
2016-04-06,08:50:00,0.62,0.62,0.62,0.62,7000,0
2016-04-06,09:00:00,0.62,0.62,0.62,0.62,4000,0
2016-04-06,09:05:00,0.62,0.62,0.62,0.62,4000,0
2016-04-06,09:15:00,0.62,0.62,0.62,0.62,6000,0
2016-04-06,09:20:00,0.62,0.62,0.62,0.62,93000,0
2016-04-06,09:25:00,0.62,0.62,0.62,0.62,9000,0
2016-04-06,09:30:00,0.62,0.62,0.62,0.62,4000,0
2016-04-06,09:35:00,0.62,0.62,0.62,0.62,3000,0
2016-04-06,09:40:00,0.62,0.62,0.62,0.62,50000,0
2016-04-06,09:45:00,0.62,0.62,0.62,0.62,6000,0
2016-04-06,09:50:00,0.62,0.62,0.62,0.62,1000,0
2016-04-06,10:00:00,0.62,0.62,0.62,0.62,3000,0
2016-04-07,03:40:00,0.62,0.63,0.62,0.63,28000,0
2016-04-07,03:45:00,0.63,0.63,0.63,0.63,3000,0
2016-04-07,07:10:00,0.62,0.63,0.62,0.63,12000,0
2016-04-07,09:05:00,0.62,0.64,0.62,0.63,1764000,0
2016-04-07,09:10:00,0.63,0.63,0.63,0.63,55000,0
2016-04-07,09:15:00,0.63,0.63,0.63,0.63,50000,0
2016-04-07,09:20:00,0.63,0.63,0.63,0.63,5000,0
2016-04-07,09:25:00,0.63,0.63,0.63,0.63,54000,0
2016-04-07,09:35:00,0.63,0.63,0.63,0.63,33000,0
2016-04-07,09:45:00,0.63,0.63,0.62,0.63,819000,0
2016-04-07,09:55:00,0.63,0.63,0.63,0.63,225000,0
2016-04-07,10:00:00,0.63,0.64,0.63,0.63,342000,0
2016-04-08,05:15:00,0.63,0.64,0.63,0.64,139000,0
2016-04-08,07:10:00,0.64,0.64,0.64,0.64,30000,0
2016-04-08,07:30:00,0.64,0.64,0.64,0.64,10000,0
2016-04-08,07:35:00,0.64,0.64,0.64,0.64,4000,0
2016-04-08,08:05:00,0.64,0.64,0.64,0.64,26000,0
2016-04-08,08:25:00,0.63,0.64,0.63,0.64,40000,0
2016-04-08,08:35:00,0.64,0.64,0.64,0.64,40000,0
2016-04-08,09:20:00,0.63,0.64,0.63,0.64,206000,0
2016-04-08,09:25:00,0.64,0.64,0.64,0.64,150000,0
2016-04-08,09:35:00,0.63,0.64,0.63,0.64,90000,0
2016-04-11,04:00:00,0.63,0.63,0.63,0.63,21000,0
2016-04-11,04:15:00,0.63,0.63,0.63,0.63,39000,0
2016-04-11,04:25:00,0.63,0.64,0.63,0.64,14000,0
2016-04-11,04:30:00,0.64,0.64,0.63,0.63,2000,0
2016-04-11,05:10:00,0.63,0.63,0.63,0.63,11000,0
2016-04-11,05:35:00,0.63,0.64,0.63,0.63,44000,0
2016-04-11,07:05:00,0.63,0.63,0.63,0.63,226000,0
2016-04-11,07:10:00,0.63,0.63,0.63,0.63,1000,0
2016-04-11,07:15:00,0.63,0.63,0.63,0.63,18000,0
2016-04-11,07:25:00,0.63,0.63,0.63,0.63,1000,0
2016-04-11,07:30:00,0.63,0.63,0.63,0.63,2000,0
2016-04-11,07:35:00,0.63,0.63,0.63,0.63,1000,0
2016-04-11,07:45:00,0.63,0.63,0.63,0.63,1000,0
2016-04-11,07:50:00,0.63,0.63,0.63,0.63,1000,0
2016-04-11,07:55:00,0.63,0.63,0.63,0.63,1000,0
2016-04-11,08:05:00,0.63,0.63,0.63,0.63,102000,0
2016-04-11,08:10:00,0.63,0.63,0.63,0.63,1000,0
2016-04-11,08:15:00,0.63,0.63,0.63,0.63,1000,0
2016-04-11,08:25:00,0.63,0.63,0.63,0.63,1000,0
2016-04-11,08:30:00,0.63,0.63,0.63,0.63,1000,0
2016-04-11,08:35:00,0.63,0.63,0.63,0.63,3000,0
2016-04-11,08:40:00,0.63,0.63,0.63,0.63,1000,0
2016-04-11,08:45:00,0.63,0.63,0.63,0.63,28000,0
2016-04-11,08:50:00,0.63,0.63,0.63,0.63,34000,0
2016-04-11,08:55:00,0.63,0.63,0.63,0.63,1000,0
2016-04-11,09:00:00,0.63,0.63,0.63,0.63,77000,0
2016-04-11,09:05:00,0.63,0.63,0.63,0.63,2000,0
2016-04-11,09:10:00,0.63,0.63,0.63,0.63,1000,0
2016-04-11,09:15:00,0.63,0.63,0.63,0.63,1072000,0
2016-04-11,09:20:00,0.63,0.63,0.63,0.63,148000,0
2016-04-11,09:45:00,0.62,0.63,0.62,0.63,100000,0
2016-04-11,09:50:00,0.63,0.63,0.62,0.63,331000,0
2016-04-11,10:00:00,0.62,0.63,0.62,0.63,43000,0
2016-04-12,03:55:00,0.62,0.63,0.62,0.62,48000,0
2016-04-12,04:00:00,0.62,0.62,0.62,0.62,20000,0
2016-04-12,04:05:00,0.62,0.62,0.62,0.62,3000,0
2016-04-12,04:30:00,0.61,0.62,0.61,0.62,2000,0
2016-04-12,04:35:00,0.62,0.62,0.62,0.62,13000,0
2016-04-12,04:50:00,0.62,0.62,0.62,0.62,50000,0
2016-04-12,05:35:00,0.62,0.62,0.62,0.62,30000,0
2016-04-12,08:00:00,0.62,0.63,0.62,0.63,650000,0
2016-04-12,08:05:00,0.63,0.63,0.63,0.63,7000,0
2016-04-12,08:10:00,0.63,0.63,0.63,0.63,7000,0
2016-04-12,08:15:00,0.63,0.63,0.63,0.63,1000,0
2016-04-12,08:20:00,0.63,0.63,0.63,0.63,41000,0
2016-04-12,08:25:00,0.63,0.63,0.63,0.63,1000,0
2016-04-12,08:30:00,0.63,0.63,0.63,0.63,1000,0
2016-04-12,08:35:00,0.63,0.63,0.63,0.63,1000,0
2016-04-12,08:40:00,0.63,0.63,0.63,0.63,10000,0
2016-04-12,08:45:00,0.63,0.63,0.63,0.63,1000,0
2016-04-12,08:50:00,0.63,0.63,0.63,0.63,2000,0
2016-04-12,08:55:00,0.63,0.63,0.63,0.63,2000,0
2016-04-12,09:00:00,0.63,0.63,0.63,0.63,2000,0
2016-04-12,09:05:00,0.63,0.63,0.63,0.63,9000,0
2016-04-12,09:10:00,0.63,0.63,0.63,0.63,1000,0
2016-04-12,09:15:00,0.63,0.63,0.63,0.63,3000,0
2016-04-12,09:20:00,0.63,0.63,0.63,0.63,46000,0
2016-04-12,09:25:00,0.63,0.63,0.63,0.63,2000,0
2016-04-12,09:30:00,0.63,0.63,0.63,0.63,3000,0
2016-04-12,09:35:00,0.63,0.63,0.63,0.63,44000,0
2016-04-12,09:40:00,0.63,0.63,0.62,0.62,509000,0
2016-04-13,04:05:00,0.63,0.63,0.62,0.63,80000,0
2016-04-13,04:10:00,0.63,0.63,0.63,0.63,170000,0
2016-04-13,04:20:00,0.63,0.64,0.63,0.64,10000,0
2016-04-13,04:25:00,0.64,0.64,0.64,0.64,10000,0
2016-04-13,04:35:00,0.64,0.64,0.64,0.64,1000,0
2016-04-13,04:50:00,0.64,0.64,0.63,0.63,48000,0
2016-04-13,05:10:00,0.63,0.63,0.63,0.63,41000,0
2016-04-13,05:20:00,0.63,0.64,0.63,0.64,59000,0
2016-04-13,05:30:00,0.64,0.64,0.62,0.62,27000,0
2016-04-13,05:45:00,0.62,0.62,0.62,0.62,10000,0
2016-04-13,05:50:00,0.62,0.62,0.62,0.62,100000,0
2016-04-13,06:00:00,0.62,0.64,0.62,0.64,4000,0
2016-04-13,07:20:00,0.64,0.64,0.63,0.63,20000,0
2016-04-13,07:30:00,0.63,0.64,0.63,0.64,52000,0
2016-04-13,07:35:00,0.64,0.64,0.63,0.64,42000,0
2016-04-13,07:55:00,0.64,0.64,0.63,0.64,60000,0
2016-04-13,08:15:00,0.64,0.64,0.64,0.64,10000,0
2016-04-13,08:20:00,0.64,0.64,0.62,0.62,17000,0
2016-04-13,08:30:00,0.63,0.63,0.63,0.63,90000,0
2016-04-13,08:45:00,0.63,0.63,0.63,0.63,10000,0
2016-04-13,09:00:00,0.63,0.63,0.63,0.63,9000,0
2016-04-13,09:05:00,0.63,0.63,0.63,0.63,10000,0
2016-04-13,09:20:00,0.63,0.64,0.63,0.64,2000,0
