Date,Time,Open,High,Low,Close,Volume,OpenInt
2016-02-05,03:50:00,6.9,6.98,6.9,6.9,2000,0
2016-02-05,04:25:00,6.8,6.95,6.8,6.95,2000,0
2016-02-11,03:35:00,6.88,6.88,6.88,6.88,18000,0
2016-02-11,04:50:00,6.88,6.88,6.8,6.8,22000,0
2016-02-12,07:00:00,6.6,6.69,6.6,6.69,33000,0
2016-02-15,02:50:00,6.68,6.68,6.68,6.68,2000,0
2016-02-15,03:45:00,6.69,6.75,6.69,6.75,10000,0
2016-02-15,03:50:00,6.75,6.76,6.75,6.76,6000,0
2016-02-15,03:55:00,6.88,6.88,6.88,6.88,1000,0
2016-02-15,04:00:00,6.89,6.89,6.89,6.89,2000,0
2016-02-15,04:15:00,6.89,6.89,6.89,6.89,2000,0
2016-02-15,06:05:00,6.89,6.98,6.89,6.98,8000,0
2016-02-15,06:10:00,6.98,6.98,6.93,6.93,4000,0
2016-02-16,04:35:00,6.92,6.92,6.92,6.92,2000,0
2016-02-16,04:55:00,6.93,6.98,6.93,6.98,5000,0
2016-02-16,06:05:00,6.98,6.98,6.93,6.93,2000,0
2016-02-16,06:45:00,6.8,6.89,6.8,6.89,8000,0
2016-02-16,06:50:00,6.91,6.92,6.89,6.89,19000,0
2016-02-16,06:55:00,6.89,6.89,6.89,6.89,4000,0
2016-02-16,07:05:00,6.89,6.89,6.89,6.89,2000,0
2016-02-16,07:10:00,6.89,6.89,6.88,6.88,5000,0
2016-02-16,07:15:00,6.88,6.89,6.88,6.89,4000,0
2016-02-16,07:20:00,6.89,6.89,6.89,6.89,2000,0
2016-02-16,07:35:00,6.89,6.89,6.89,6.89,2000,0
2016-02-16,07:45:00,6.89,6.89,6.89,6.89,2000,0
2016-02-16,07:55:00,6.89,6.89,6.89,6.89,2000,0
2016-02-16,08:00:00,6.89,6.89,6.88,6.88,8000,0
2016-02-16,08:05:00,6.88,6.88,6.88,6.88,2000,0
2016-02-16,08:10:00,6.88,6.88,6.88,6.88,1000,0
2016-02-16,08:15:00,6.88,6.88,6.88,6.88,3000,0
2016-02-16,08:20:00,6.88,6.89,6.88,6.89,2000,0
2016-02-16,08:25:00,6.89,6.91,6.89,6.91,10000,0
2016-02-16,08:30:00,6.91,6.93,6.91,6.93,47000,0
2016-02-16,08:35:00,6.93,7.09,6.93,7.09,13000,0
2016-02-16,08:40:00,7.21,7.21,7.21,7.21,2000,0
2016-02-16,09:00:00,7.21,7.25,7.21,7.25,13000,0
2016-02-17,03:15:00,6.73,6.99,6.73,6.99,12000,0
2016-02-17,03:20:00,6.99,6.99,6.76,6.77,3000,0
2016-02-17,03:25:00,6.79,6.81,6.79,6.81,4000,0
2016-02-17,03:30:00,6.81,6.81,6.81,6.81,5000,0
2016-02-17,03:40:00,6.85,6.96,6.85,6.96,14000,0
2016-02-17,03:45:00,6.96,6.96,6.86,6.86,15000,0
2016-02-17,03:50:00,6.86,6.86,6.86,6.86,2000,0
2016-02-17,04:00:00,6.87,6.87,6.87,6.87,2000,0
2016-02-17,04:05:00,6.87,6.87,6.86,6.86,5000,0
2016-02-17,04:10:00,6.86,6.86,6.85,6.85,2000,0
2016-02-17,04:20:00,6.86,6.86,6.86,6.86,3000,0
2016-02-17,04:25:00,6.86,6.86,6.85,6.85,5000,0
2016-02-17,04:35:00,6.85,6.85,6.85,6.85,3000,0
2016-02-17,04:40:00,6.85,6.85,6.85,6.85,3000,0
2016-02-17,04:55:00,6.86,6.86,6.8,6.8,18000,0
2016-02-17,05:00:00,6.8,6.8,6.8,6.8,1000,0
2016-02-17,06:05:00,6.85,6.9,6.83,6.85,10000,0
2016-02-17,06:10:00,6.85,6.89,6.85,6.89,3000,0
2016-02-17,06:15:00,6.87,6.87,6.87,6.87,1000,0
2016-02-17,06:20:00,6.87,6.87,6.83,6.83,4000,0
2016-02-17,06:25:00,6.83,6.86,6.83,6.86,11000,0
2016-02-17,06:30:00,6.86,6.86,6.84,6.84,2000,0
2016-02-17,06:35:00,6.84,6.84,6.83,6.83,2000,0
2016-02-17,06:40:00,6.83,6.83,6.83,6.83,3000,0
2016-02-17,06:45:00,6.83,6.83,6.83,6.83,3000,0
2016-02-17,06:55:00,6.83,6.83,6.83,6.83,2000,0
2016-02-17,07:00:00,6.83,6.83,6.83,6.83,5000,0
2016-02-17,07:05:00,6.83,6.83,6.82,6.83,4000,0
2016-02-17,07:10:00,6.83,6.85,6.83,6.85,9000,0
2016-02-17,07:15:00,6.86,6.86,6.86,6.86,2000,0
2016-02-17,07:20:00,6.86,6.86,6.85,6.85,12000,0
2016-02-17,07:25:00,6.86,6.91,6.86,6.91,9000,0
2016-02-17,07:30:00,6.91,6.91,6.86,6.86,3000,0
2016-02-17,07:35:00,6.86,6.86,6.86,6.86,3000,0
2016-02-17,07:40:00,6.86,6.86,6.86,6.86,2000,0
2016-02-17,07:50:00,6.86,6.86,6.86,6.86,3000,0
2016-02-17,07:55:00,6.86,6.86,6.86,6.86,3000,0
2016-02-17,08:00:00,6.86,6.86,6.86,6.86,1000,0
2016-02-17,08:05:00,6.86,6.86,6.86,6.86,3000,0
2016-02-17,08:10:00,6.86,6.86,6.86,6.86,2000,0
2016-02-17,08:15:00,6.86,6.86,6.85,6.85,5000,0
2016-02-17,08:25:00,6.85,6.85,6.85,6.85,2000,0
2016-02-17,08:30:00,6.85,6.87,6.85,6.85,12000,0
2016-02-17,08:35:00,6.85,6.85,6.85,6.85,1000,0
2016-02-17,08:40:00,6.85,6.85,6.85,6.85,1000,0
2016-02-17,08:45:00,6.85,6.88,6.85,6.85,9000,0
2016-02-17,08:50:00,6.85,6.85,6.85,6.85,7000,0
2016-02-17,08:55:00,6.85,6.85,6.8,6.8,18000,0
2016-02-17,09:00:00,6.8,6.85,6.8,6.8,12000,0
2016-02-18,04:15:00,7.25,7.25,6.85,7.24,6000,0
2016-02-18,04:40:00,7.23,7.23,7.15,7.15,2000,0
2016-02-22,07:55:00,7.1,7.1,6.9,6.9,18000,0
2016-02-22,08:05:00,7.07,7.07,7.05,7.05,9000,0
2016-02-22,08:40:00,6.87,6.95,6.87,6.95,13000,0
2016-02-22,08:50:00,7,7,7,7,2000,0
2016-02-23,03:50:00,6.99,7,6.99,6.99,6000,0
2016-02-23,03:55:00,6.99,7.05,6.99,7,22000,0
2016-02-23,04:00:00,7,7,6.99,6.99,3000,0
2016-02-25,03:00:00,6.9,6.9,6.9,6.9,2000,0
2016-02-26,03:50:00,6.75,6.88,6.75,6.88,7000,0
2016-02-26,04:15:00,6.88,6.88,6.88,6.88,1000,0
2016-02-26,07:20:00,6.88,6.9,6.88,6.9,4000,0
2016-02-26,07:35:00,6.9,6.93,6.9,6.9,2000,0
2016-02-29,03:05:00,6.92,6.95,6.92,6.95,2000,0
2016-02-29,03:15:00,6.95,6.95,6.95,6.95,3000,0
2016-02-29,03:20:00,6.95,6.98,6.95,6.98,4000,0
2016-02-29,03:25:00,6.98,6.98,6.98,6.98,2000,0
2016-02-29,03:45:00,6.98,6.98,6.98,6.98,1000,0
2016-02-29,04:05:00,6.9,6.95,6.9,6.95,2000,0
2016-03-02,05:00:00,6.9,6.95,6.9,6.95,2000,0
2016-03-02,06:45:00,6.9,6.95,6.9,6.95,4000,0
2016-03-02,07:00:00,6.95,6.95,6.95,6.95,5000,0
2016-03-02,07:05:00,6.95,6.95,6.95,6.95,1000,0
2016-03-02,07:10:00,6.95,6.95,6.94,6.94,4000,0
2016-03-02,07:20:00,6.94,6.94,6.94,6.94,1000,0
2016-03-02,07:40:00,6.94,6.94,6.94,6.94,4000,0
2016-03-02,07:45:00,6.94,6.97,6.94,6.97,3000,0
2016-03-02,07:55:00,6.99,7,6.98,6.98,19000,0
2016-03-02,08:10:00,6.98,6.98,6.96,6.96,10000,0
2016-03-02,08:45:00,6.96,6.96,6.95,6.95,8000,0
2016-03-02,09:00:00,6.95,6.98,6.95,6.98,2000,0
2016-03-03,03:55:00,6.8,6.9,6.8,6.9,6000,0
2016-03-03,05:00:00,6.9,6.92,6.9,6.92,4000,0
2016-03-03,06:15:00,6.93,6.95,6.93,6.95,4000,0
2016-03-03,06:20:00,6.95,6.95,6.95,6.95,1000,0
2016-03-03,06:25:00,6.95,6.95,6.95,6.95,1000,0
2016-03-03,06:30:00,6.95,6.95,6.95,6.95,1000,0
2016-03-03,06:40:00,6.95,6.95,6.95,6.95,1000,0
2016-03-03,06:55:00,6.95,6.95,6.9,6.9,1000,0
2016-03-04,06:45:00,7.03,7.03,7.03,7.03,3000,0
2016-03-04,07:15:00,7,7,6.9,6.9,7000,0
2016-03-04,07:30:00,6.93,6.93,6.93,6.93,3000,0
2016-03-04,07:35:00,6.93,6.93,6.9,6.9,2000,0
2016-03-04,08:40:00,6.9,6.9,6.9,6.9,1000,0
2016-03-04,08:50:00,6.9,6.9,6.9,6.9,1000,0
2016-03-07,02:40:00,7,7,6.9,6.9,73000,0
2016-03-07,02:45:00,6.9,7,6.9,7,40000,0
2016-03-07,02:50:00,7,7,6.9,6.91,25000,0
2016-03-07,02:55:00,6.92,6.92,6.92,6.92,7000,0
2016-03-07,03:05:00,6.92,6.92,6.9,6.9,12000,0
2016-03-07,03:10:00,6.92,6.92,6.92,6.92,4000,0
2016-03-07,03:20:00,6.93,6.93,6.93,6.93,3000,0
2016-03-07,03:25:00,6.93,6.93,6.9,6.9,140000,0
2016-03-07,03:30:00,6.9,6.96,6.88,6.93,94000,0
2016-03-07,03:35:00,6.93,6.93,6.9,6.9,95000,0
2016-03-07,03:50:00,6.9,6.92,6.9,6.92,80000,0
2016-03-07,03:55:00,6.92,6.92,6.92,6.92,7000,0
2016-03-07,04:00:00,6.92,6.92,6.92,6.92,8000,0
2016-03-07,04:05:00,6.92,6.95,6.92,6.95,4000,0
2016-03-07,04:10:00,6.95,6.95,6.9,6.9,24000,0
2016-03-07,04:15:00,6.92,6.92,6.9,6.9,24000,0
2016-03-07,04:20:00,6.92,6.92,6.92,6.92,6000,0
2016-03-07,04:30:00,6.92,6.92,6.9,6.92,17000,0
2016-03-07,04:35:00,6.92,6.92,6.92,6.92,6000,0
2016-03-07,04:40:00,6.92,6.92,6.92,6.92,6000,0
2016-03-07,04:50:00,6.92,6.92,6.92,6.92,2000,0
2016-03-07,04:55:00,6.92,6.92,6.9,6.9,13000,0
2016-03-07,05:00:00,6.9,6.9,6.9,6.9,6000,0
2016-03-07,06:05:00,6.9,6.95,6.9,6.92,22000,0
2016-03-07,06:15:00,6.94,6.94,6.9,6.9,30000,0
2016-03-07,06:30:00,6.92,6.92,6.92,6.92,6000,0
2016-03-07,06:35:00,6.92,6.92,6.92,6.92,2000,0
2016-03-07,06:40:00,6.92,6.92,6.9,6.9,8000,0
2016-03-07,06:55:00,6.92,6.92,6.92,6.92,2000,0
2016-03-07,07:15:00,6.9,6.9,6.9,6.9,563,0
2016-03-07,07:20:00,6.9,6.9,6.9,6.9,10000,0
2016-03-07,07:45:00,6.94,6.98,6.94,6.98,40000,0
2016-03-07,07:50:00,6.98,7,6.98,7,10000,0
2016-03-07,08:05:00,7,7,6.99,6.99,30000,0
2016-03-07,08:35:00,6.99,6.99,6.95,6.95,29000,0
2016-03-07,08:55:00,6.95,6.95,6.95,6.95,8000,0
2016-03-07,09:00:00,6.95,6.95,6.95,6.95,2000,0
2016-03-08,04:35:00,6.95,6.96,6.95,6.96,19000,0
2016-03-08,06:05:00,6.96,6.96,6.96,6.96,5000,0
2016-03-08,06:50:00,6.96,6.96,6.96,6.96,3000,0
2016-03-08,07:25:00,6.96,6.96,6.96,6.96,1000,0
2016-03-08,08:40:00,6.96,6.96,6.96,6.96,5000,0
2016-03-08,08:45:00,6.96,6.96,6.96,6.96,10000,0
2016-03-08,08:50:00,6.97,6.97,6.96,6.96,11000,0
2016-03-09,02:40:00,6.85,6.96,6.85,6.9,11000,0
2016-03-09,03:10:00,6.95,6.96,6.95,6.96,4000,0
2016-03-09,03:15:00,6.96,6.96,6.96,6.96,1000,0
2016-03-09,06:35:00,6.93,6.93,6.9,6.9,20000,0
2016-03-10,03:25:00,6.95,6.95,6.91,6.95,12000,0
2016-03-10,03:30:00,6.95,6.96,6.95,6.96,6000,0
2016-03-10,03:55:00,6.96,6.96,6.96,6.96,21000,0
2016-03-10,07:50:00,6.96,6.96,6.91,6.95,26000,0
2016-03-11,07:05:00,6.91,6.95,6.91,6.92,2000,0
2016-03-14,02:55:00,7,7,6.92,7,2000,0
2016-03-14,06:05:00,7,7,7,7,20000,0
2016-03-14,06:15:00,7,7,7,7,4000,0
2016-03-14,06:20:00,7,7,7,7,2000,0
2016-03-15,03:30:00,7,7,7,7,1000,0
2016-03-15,03:45:00,7,7,7,7,1000,0
2016-03-15,03:50:00,7,7,7,7,1000,0
2016-03-15,06:20:00,7,7,7,7,1000,0
2016-03-15,06:25:00,7,7,7,7,1000,0
2016-03-15,06:35:00,6.95,7,6.95,7,22000,0
2016-03-15,06:40:00,7,7,7,7,1000,0
2016-03-15,07:30:00,7,7,7,7,1000,0
2016-03-16,05:00:00,7,7,7,7,14000,0
2016-03-16,06:05:00,7,7,7,7,10000,0
2016-03-17,04:20:00,7.06,7.06,7,7.06,4000,0
2016-03-17,06:05:00,7.06,7.06,7.06,7.06,2000,0
2016-03-18,03:30:00,7.1,7.1,7.1,7.1,8000,0
2016-03-21,03:15:00,7.1,7.16,7.1,7.16,2000,0
2016-03-21,08:00:00,7.16,7.16,7.16,7.16,8000,0
2016-03-22,06:15:00,7.16,7.2,7.16,7.2,10000,0
2016-03-22,07:05:00,7.2,7.2,7.2,7.2,4000,0
2016-03-22,07:35:00,7.2,7.2,7.2,7.2,1000,0
2016-03-23,06:10:00,7.15,7.17,7.15,7.17,15000,0
2016-03-23,07:00:00,7.19,7.19,7.19,7.19,3000,0
2016-03-23,08:20:00,7.19,7.19,7.16,7.16,2000,0
2016-03-24,03:40:00,7.24,7.3,7.16,7.3,13000,0
2016-03-24,03:45:00,7.28,7.28,7.27,7.27,4000,0
2016-03-24,04:00:00,7.29,7.3,7.29,7.3,23000,0
2016-03-24,04:20:00,7.3,7.3,7.29,7.29,5000,0
2016-03-24,06:05:00,7.3,7.3,7.3,7.3,5000,0
2016-03-24,06:15:00,7.3,7.38,7.3,7.38,6000,0
2016-03-24,08:35:00,7.38,7.38,7.3,7.3,4000,0
2016-03-24,08:45:00,7.37,7.37,7.37,7.37,1000,0
2016-03-24,09:00:00,7.37,7.37,7.32,7.36,21000,0
2016-03-29,03:35:00,6.99,6.99,6.98,6.98,2000,0
2016-03-29,03:40:00,6.98,6.99,6.97,6.98,38000,0
2016-03-29,03:55:00,6.98,6.99,6.98,6.98,21000,0
2016-03-29,04:00:00,6.98,6.98,6.89,6.89,17000,0
2016-03-29,04:10:00,6.95,6.96,6.95,6.96,2000,0
2016-03-29,04:25:00,6.96,6.96,6.95,6.95,7000,0
2016-03-29,04:30:00,6.95,6.95,6.95,6.95,11000,0
2016-03-29,04:40:00,6.95,6.95,6.95,6.95,2000,0
2016-03-29,04:45:00,6.95,6.95,6.95,6.95,2000,0
2016-03-29,04:50:00,6.95,6.95,6.95,6.95,4000,0
2016-03-29,04:55:00,6.96,6.96,6.96,6.96,1000,0
2016-03-29,05:00:00,6.96,6.96,6.95,6.95,3000,0
2016-03-29,05:05:00,6.95,6.96,6.95,6.96,3000,0
2016-03-29,05:10:00,6.96,6.96,6.95,6.95,3000,0
2016-03-29,05:15:00,6.95,6.95,6.95,6.95,2000,0
2016-03-29,05:20:00,6.95,6.95,6.88,6.88,8000,0
2016-03-29,05:25:00,6.91,6.91,6.88,6.88,8000,0
2016-03-29,05:30:00,6.91,6.91,6.88,6.88,9000,0
2016-03-29,05:35:00,6.91,6.91,6.88,6.88,12000,0
2016-03-29,05:40:00,6.92,6.92,6.92,6.92,2000,0
2016-03-29,05:45:00,6.92,6.96,6.91,6.96,33000,0
2016-03-29,05:50:00,6.96,6.96,6.96,6.96,2000,0
2016-03-29,07:05:00,6.96,6.96,6.96,6.96,4000,0
2016-03-29,07:10:00,6.96,6.96,6.95,6.95,3000,0
2016-03-29,07:15:00,6.95,6.98,6.95,6.98,19000,0
2016-03-29,07:20:00,6.98,6.98,6.98,6.98,2000,0
2016-03-29,07:30:00,6.98,6.98,6.97,6.97,8000,0
2016-03-29,07:35:00,6.98,6.98,6.98,6.98,2000,0
2016-03-29,08:00:00,6.98,6.99,6.98,6.98,13000,0
2016-03-29,08:30:00,6.98,6.98,6.93,6.93,11000,0
2016-03-29,08:40:00,6.97,6.97,6.97,6.97,3000,0
2016-03-30,07:50:00,6.99,6.99,6.89,6.89,90000,0
2016-03-30,07:55:00,6.89,6.89,6.89,6.89,4000,0
2016-03-30,08:00:00,6.89,6.89,6.89,6.89,2000,0
2016-03-30,08:45:00,6.92,7,6.92,7,13000,0
2016-03-31,03:35:00,7.01,7.01,7,7,105000,0
2016-03-31,03:40:00,7,7,7,7,10000,0
2016-03-31,04:30:00,7,7,7,7,2000,0
2016-03-31,05:40:00,7,7,7,7,9000,0
2016-03-31,07:50:00,7,7,7,7,5000,0
2016-03-31,08:30:00,7,7,7,7,5000,0
2016-04-01,08:15:00,6.97,6.97,6.97,6.97,10000,0
2016-04-05,03:45:00,6.96,6.96,6.95,6.95,6000,0
2016-04-05,04:45:00,6.95,6.95,6.95,6.95,6000,0
2016-04-05,04:50:00,6.95,6.95,6.95,6.95,2000,0
2016-04-05,05:00:00,6.95,6.95,6.95,6.95,1000,0
2016-04-05,05:45:00,6.94,6.95,6.94,6.95,16000,0
2016-04-05,07:25:00,6.94,6.94,6.94,6.94,1000,0
2016-04-05,08:15:00,6.94,6.94,6.89,6.89,6000,0
2016-04-05,08:25:00,6.87,6.87,6.87,6.87,4000,0
2016-04-05,08:35:00,6.87,6.87,6.86,6.87,9000,0
2016-04-06,05:45:00,6.87,6.87,6.86,6.86,66000,0
2016-04-06,05:50:00,6.86,6.86,6.77,6.78,201000,0
2016-04-06,07:05:00,6.78,6.81,6.78,6.81,46000,0
2016-04-06,08:45:00,6.81,6.84,6.81,6.84,23000,0
2016-04-06,09:15:00,6.84,6.84,6.84,6.84,5000,0
2016-04-06,09:20:00,6.84,6.85,6.84,6.85,9000,0
2016-04-07,08:25:00,6.98,7.01,6.86,7,121000,0
2016-04-07,09:00:00,6.95,6.96,6.95,6.95,32000,0
2016-04-07,09:25:00,6.95,6.95,6.95,6.95,14000,0
2016-04-08,03:35:00,6.95,6.98,6.95,6.98,14000,0
2016-04-08,03:45:00,6.98,6.98,6.97,6.97,8000,0
2016-04-08,03:50:00,6.97,6.98,6.97,6.97,10000,0
2016-04-08,04:00:00,6.97,6.97,6.97,6.97,13000,0
2016-04-08,04:05:00,6.97,6.97,6.96,6.96,10000,0
2016-04-08,04:10:00,6.96,6.96,6.89,6.89,297000,0
2016-04-08,04:35:00,6.89,6.9,6.89,6.9,46000,0
2016-04-08,04:40:00,6.9,6.9,6.9,6.9,900,0
2016-04-08,04:50:00,6.9,6.9,6.9,6.9,2000,0
2016-04-08,05:55:00,6.86,6.9,6.86,6.9,10000,0
2016-04-13,05:20:00,7.1,7.1,6.99,7.1,40000,0
2016-04-13,07:15:00,7.1,7.2,7.1,7.2,9000,0
2016-04-13,07:20:00,7.2,7.2,7.1,7.1,24000,0
2016-04-13,07:45:00,7.1,7.1,7.1,7.1,9000,0
2016-04-13,09:40:00,7.1,7.2,7.1,7.2,4000,0
