Date,Time,Open,High,Low,Close,Volume,OpenInt
2016-02-15,02:45:00,1.32,1.32,1.31,1.31,16000,0
2016-02-15,03:45:00,1.33,1.34,1.33,1.34,18000,0
2016-02-15,03:50:00,1.34,1.34,1.34,1.34,2000,0
2016-02-15,05:00:00,1.34,1.34,1.34,1.34,24000,0
2016-02-15,06:05:00,1.34,1.34,1.33,1.34,16000,0
2016-02-15,06:10:00,1.34,1.34,1.33,1.33,48000,0
2016-02-15,06:20:00,1.33,1.34,1.33,1.34,40000,0
2016-02-15,06:30:00,1.34,1.34,1.34,1.34,16000,0
2016-02-15,06:50:00,1.34,1.34,1.34,1.34,20000,0
2016-02-15,07:40:00,1.34,1.35,1.34,1.35,64000,0
2016-02-15,08:25:00,1.35,1.35,1.35,1.35,40000,0
2016-02-15,08:40:00,1.35,1.35,1.35,1.35,24000,0
2016-02-15,08:45:00,1.35,1.35,1.35,1.35,2000,0
2016-02-15,08:50:00,1.35,1.35,1.35,1.35,14000,0
2016-02-15,08:55:00,1.35,1.35,1.35,1.35,2000,0
2016-02-15,09:00:00,1.35,1.35,1.35,1.35,6000,0
2016-02-16,02:35:00,1.35,1.35,1.34,1.34,32000,0
2016-02-16,02:45:00,1.34,1.34,1.34,1.34,6000,0
2016-02-16,02:55:00,1.33,1.34,1.33,1.34,70000,0
2016-02-16,03:05:00,1.34,1.35,1.34,1.35,8000,0
2016-02-16,03:10:00,1.35,1.37,1.35,1.37,64000,0
2016-02-16,03:30:00,1.37,1.37,1.36,1.36,42000,0
2016-02-16,03:35:00,1.36,1.36,1.36,1.36,10000,0
2016-02-16,03:40:00,1.36,1.36,1.36,1.36,20000,0
2016-02-16,03:45:00,1.36,1.37,1.36,1.37,118000,0
2016-02-16,03:50:00,1.37,1.37,1.37,1.37,6000,0
2016-02-16,03:55:00,1.37,1.37,1.36,1.36,16000,0
2016-02-16,04:10:00,1.36,1.36,1.36,1.36,2000,0
2016-02-16,05:00:00,1.36,1.37,1.36,1.37,82000,0
2016-02-16,06:05:00,1.37,1.37,1.37,1.37,2000,0
2016-02-16,06:10:00,1.37,1.38,1.37,1.38,8000,0
2016-02-16,06:30:00,1.38,1.38,1.38,1.38,2000,0
2016-02-16,06:35:00,1.38,1.38,1.37,1.37,6000,0
2016-02-16,06:40:00,1.37,1.38,1.37,1.38,104000,0
2016-02-16,06:55:00,1.38,1.38,1.37,1.37,40000,0
2016-02-16,07:40:00,1.37,1.38,1.37,1.37,80000,0
2016-02-16,07:45:00,1.37,1.37,1.37,1.37,22000,0
2016-02-16,07:55:00,1.37,1.37,1.37,1.37,4000,0
2016-02-16,08:00:00,1.37,1.37,1.37,1.37,2000,0
2016-02-16,08:45:00,1.37,1.37,1.36,1.36,8000,0
2016-02-16,08:55:00,1.36,1.36,1.36,1.36,14000,0
2016-02-16,09:00:00,1.36,1.37,1.36,1.37,18000,0
2016-02-17,02:45:00,1.36,1.37,1.36,1.36,4000,0
2016-02-17,02:50:00,1.36,1.38,1.36,1.38,8000,0
2016-02-17,02:55:00,1.38,1.38,1.37,1.37,20000,0
2016-02-17,03:20:00,1.37,1.37,1.37,1.37,6000,0
2016-02-17,04:30:00,1.37,1.37,1.36,1.36,92000,0
2016-02-17,04:35:00,1.36,1.36,1.36,1.36,70000,0
2016-02-17,06:05:00,1.36,1.36,1.36,1.36,4000,0
2016-02-17,08:55:00,1.36,1.36,1.36,1.36,22000,0
2016-02-17,09:00:00,1.36,1.36,1.36,1.36,4000,0
2016-02-18,02:40:00,1.39,1.39,1.38,1.38,32000,0
2016-02-18,02:45:00,1.38,1.38,1.37,1.38,68000,0
2016-02-18,02:50:00,1.38,1.39,1.38,1.38,20000,0
2016-02-18,03:05:00,1.38,1.39,1.38,1.38,20000,0
2016-02-18,03:35:00,1.38,1.39,1.38,1.39,172000,0
2016-02-18,03:40:00,1.39,1.39,1.38,1.38,40000,0
2016-02-18,03:50:00,1.38,1.38,1.38,1.38,4000,0
2016-02-18,03:55:00,1.38,1.39,1.38,1.39,10000,0
2016-02-18,04:00:00,1.39,1.39,1.38,1.38,4000,0
2016-02-18,04:10:00,1.38,1.38,1.38,1.38,6000,0
2016-02-18,04:35:00,1.38,1.38,1.38,1.38,6000,0
2016-02-18,04:55:00,1.38,1.39,1.38,1.38,40000,0
2016-02-18,06:05:00,1.38,1.38,1.38,1.38,4000,0
2016-02-18,06:25:00,1.38,1.4,1.38,1.4,106000,0
2016-02-18,06:30:00,1.4,1.4,1.39,1.39,40000,0
2016-02-18,06:35:00,1.39,1.39,1.39,1.39,2000,0
2016-02-18,06:40:00,1.39,1.4,1.39,1.4,60000,0
2016-02-18,06:45:00,1.4,1.4,1.39,1.4,36000,0
2016-02-18,06:55:00,1.4,1.4,1.4,1.4,72000,0
2016-02-18,07:00:00,1.4,1.41,1.4,1.4,28000,0
2016-02-18,07:05:00,1.4,1.4,1.4,1.4,6000,0
2016-02-18,07:15:00,1.4,1.4,1.39,1.39,40000,0
2016-02-18,07:20:00,1.39,1.4,1.39,1.39,24000,0
2016-02-18,07:30:00,1.39,1.39,1.39,1.39,4000,0
2016-02-18,07:35:00,1.39,1.39,1.39,1.39,2000,0
2016-02-18,07:40:00,1.39,1.39,1.38,1.38,18000,0
2016-02-18,08:05:00,1.38,1.39,1.38,1.38,26000,0
2016-02-18,08:35:00,1.38,1.4,1.38,1.4,34000,0
2016-02-18,08:40:00,1.4,1.4,1.4,1.4,2000,0
2016-02-18,08:55:00,1.4,1.4,1.4,1.4,10000,0
2016-02-18,09:00:00,1.4,1.41,1.4,1.4,102000,0
2016-02-19,02:35:00,1.39,1.39,1.39,1.39,10000,0
2016-02-19,02:45:00,1.39,1.39,1.38,1.38,4000,0
2016-02-19,03:15:00,1.38,1.38,1.38,1.38,12000,0
2016-02-19,03:40:00,1.38,1.39,1.38,1.39,14000,0
2016-02-19,03:50:00,1.39,1.39,1.37,1.37,6000,0
2016-02-19,04:05:00,1.37,1.37,1.37,1.37,24000,0
2016-02-19,04:20:00,1.37,1.37,1.37,1.37,2000,0
2016-02-19,04:45:00,1.37,1.37,1.37,1.37,20000,0
2016-02-19,06:05:00,1.37,1.37,1.37,1.37,6000,0
2016-02-19,06:25:00,1.37,1.37,1.37,1.37,40000,0
2016-02-19,06:30:00,1.37,1.37,1.37,1.37,4000,0
2016-02-19,07:00:00,1.37,1.37,1.37,1.37,2000,0
2016-02-19,07:20:00,1.37,1.37,1.37,1.37,2000,0
2016-02-19,08:10:00,1.36,1.37,1.36,1.37,40000,0
2016-02-19,08:30:00,1.37,1.37,1.37,1.37,2000,0
2016-02-19,08:35:00,1.37,1.37,1.37,1.37,98000,0
2016-02-19,08:40:00,1.37,1.37,1.37,1.37,74000,0
2016-02-19,08:45:00,1.37,1.38,1.37,1.38,10000,0
2016-02-19,08:55:00,1.38,1.38,1.38,1.38,32000,0
2016-02-19,09:00:00,1.38,1.4,1.37,1.4,204000,0
2016-02-22,02:35:00,1.4,1.4,1.4,1.4,6000,0
2016-02-22,03:45:00,1.39,1.4,1.39,1.4,6000,0
2016-02-22,03:55:00,1.4,1.4,1.39,1.4,8000,0
2016-02-22,04:05:00,1.4,1.4,1.4,1.4,60000,0
2016-02-22,04:15:00,1.4,1.4,1.4,1.4,8000,0
2016-02-22,04:40:00,1.4,1.41,1.4,1.41,4000,0
2016-02-22,04:55:00,1.41,1.41,1.4,1.41,22000,0
2016-02-22,06:05:00,1.41,1.41,1.4,1.4,6000,0
2016-02-22,06:25:00,1.4,1.41,1.4,1.41,4000,0
2016-02-22,06:35:00,1.41,1.41,1.4,1.4,4000,0
2016-02-22,07:00:00,1.4,1.4,1.4,1.4,86000,0
2016-02-22,07:10:00,1.4,1.4,1.4,1.4,60000,0
2016-02-22,07:45:00,1.39,1.4,1.39,1.4,48000,0
2016-02-22,07:55:00,1.4,1.41,1.4,1.41,4000,0
2016-02-22,08:05:00,1.41,1.41,1.41,1.41,2000,0
2016-02-22,08:40:00,1.4,1.4,1.4,1.4,4000,0
2016-02-22,09:00:00,1.4,1.4,1.39,1.4,18000,0
2016-02-23,02:35:00,1.41,1.41,1.4,1.4,36000,0
2016-02-23,02:45:00,1.4,1.4,1.4,1.4,2000,0
2016-02-23,02:55:00,1.4,1.4,1.4,1.4,2000,0
2016-02-23,03:00:00,1.4,1.4,1.4,1.4,2000,0
2016-02-23,03:05:00,1.4,1.4,1.39,1.39,22000,0
2016-02-23,03:10:00,1.39,1.41,1.39,1.41,74000,0
2016-02-23,03:15:00,1.41,1.41,1.41,1.41,14000,0
2016-02-23,03:40:00,1.41,1.41,1.41,1.41,2000,0
2016-02-23,03:45:00,1.41,1.41,1.4,1.4,4000,0
2016-02-23,03:50:00,1.4,1.4,1.4,1.4,4000,0
2016-02-23,03:55:00,1.4,1.4,1.4,1.4,2000,0
2016-02-23,04:10:00,1.4,1.4,1.39,1.39,86000,0
2016-02-23,04:20:00,1.39,1.39,1.39,1.39,2000,0
2016-02-23,04:25:00,1.39,1.4,1.39,1.4,4000,0
2016-02-23,04:35:00,1.4,1.4,1.39,1.39,6000,0
2016-02-23,05:00:00,1.39,1.39,1.39,1.39,2000,0
2016-02-23,06:05:00,1.39,1.39,1.38,1.39,164000,0
2016-02-23,06:20:00,1.38,1.39,1.38,1.39,40000,0
2016-02-23,06:35:00,1.38,1.39,1.38,1.39,10000,0
2016-02-23,06:50:00,1.38,1.39,1.38,1.39,4000,0
2016-02-23,07:15:00,1.38,1.39,1.38,1.39,4000,0
2016-02-23,07:35:00,1.38,1.39,1.38,1.39,4000,0
2016-02-23,08:00:00,1.38,1.39,1.38,1.39,4000,0
2016-02-23,08:30:00,1.38,1.39,1.38,1.39,68000,0
2016-02-23,08:40:00,1.39,1.39,1.39,1.39,2000,0
2016-02-23,09:00:00,1.39,1.43,1.39,1.43,286000,0
2016-02-24,02:35:00,1.4,1.41,1.4,1.41,26000,0
2016-02-24,02:40:00,1.41,1.41,1.41,1.41,34000,0
2016-02-24,02:45:00,1.41,1.41,1.4,1.4,4000,0
2016-02-24,02:50:00,1.4,1.41,1.4,1.41,74000,0
2016-02-24,02:55:00,1.41,1.41,1.41,1.41,14000,0
2016-02-24,03:00:00,1.41,1.41,1.41,1.41,10000,0
2016-02-24,03:15:00,1.41,1.41,1.41,1.41,8000,0
2016-02-24,03:20:00,1.41,1.41,1.41,1.41,14000,0
2016-02-24,03:25:00,1.41,1.41,1.4,1.4,30000,0
2016-02-24,03:30:00,1.4,1.4,1.4,1.4,8000,0
2016-02-24,03:45:00,1.4,1.4,1.4,1.4,40000,0
2016-02-24,03:50:00,1.4,1.4,1.4,1.4,2000,0
2016-02-24,04:00:00,1.4,1.41,1.4,1.41,8000,0
2016-02-24,04:20:00,1.4,1.4,1.39,1.39,28000,0
2016-02-24,04:25:00,1.39,1.39,1.39,1.39,2000,0
2016-02-24,04:30:00,1.39,1.39,1.39,1.39,30000,0
2016-02-24,04:50:00,1.38,1.4,1.38,1.4,54000,0
2016-02-24,06:45:00,1.39,1.4,1.39,1.4,26000,0
2016-02-24,07:20:00,1.4,1.4,1.39,1.39,4000,0
2016-02-24,07:25:00,1.39,1.39,1.39,1.39,10000,0
2016-02-24,07:40:00,1.39,1.39,1.39,1.39,2000,0
2016-02-24,07:45:00,1.39,1.4,1.39,1.4,16000,0
2016-02-24,08:05:00,1.4,1.4,1.4,1.4,10000,0
2016-02-24,08:15:00,1.4,1.4,1.4,1.4,10000,0
2016-02-24,08:25:00,1.4,1.4,1.4,1.4,50000,0
2016-02-24,08:30:00,1.4,1.4,1.4,1.4,28000,0
2016-02-24,08:35:00,1.4,1.4,1.4,1.4,20000,0
2016-02-24,08:45:00,1.4,1.4,1.39,1.39,4000,0
2016-02-24,08:55:00,1.39,1.39,1.39,1.39,2000,0
2016-02-24,09:00:00,1.39,1.39,1.39,1.39,4000,0
2016-02-25,02:45:00,1.38,1.39,1.38,1.38,4000,0
2016-02-25,03:45:00,1.39,1.39,1.39,1.39,22000,0
2016-02-25,03:50:00,1.39,1.4,1.39,1.4,4000,0
2016-02-25,04:00:00,1.4,1.4,1.39,1.39,16000,0
2016-02-25,04:25:00,1.39,1.39,1.39,1.39,34000,0
2016-02-25,04:30:00,1.39,1.39,1.39,1.39,68000,0
2016-02-25,04:35:00,1.39,1.39,1.38,1.39,22000,0
2016-02-25,04:40:00,1.39,1.39,1.38,1.38,42000,0
2016-02-25,06:05:00,1.38,1.38,1.38,1.38,2000,0
2016-02-25,06:20:00,1.38,1.38,1.38,1.38,50000,0
2016-02-25,06:25:00,1.38,1.38,1.38,1.38,2000,0
2016-02-25,06:35:00,1.38,1.38,1.38,1.38,44000,0
2016-02-25,07:05:00,1.38,1.38,1.38,1.38,20000,0
2016-02-25,07:10:00,1.38,1.38,1.38,1.38,10000,0
2016-02-25,07:25:00,1.38,1.38,1.38,1.38,10000,0
2016-02-25,07:35:00,1.38,1.38,1.38,1.38,50000,0
2016-02-25,07:40:00,1.38,1.38,1.38,1.38,24000,0
2016-02-25,07:45:00,1.38,1.38,1.38,1.38,70000,0
2016-02-25,07:50:00,1.38,1.38,1.38,1.38,10000,0
2016-02-25,08:05:00,1.38,1.38,1.38,1.38,22000,0
2016-02-25,08:10:00,1.38,1.38,1.37,1.37,180000,0
2016-02-25,08:15:00,1.37,1.37,1.37,1.37,60000,0
2016-02-25,08:45:00,1.36,1.37,1.36,1.37,8000,0
2016-02-25,08:50:00,1.37,1.37,1.37,1.37,20000,0
2016-02-25,09:00:00,1.37,1.37,1.37,1.37,8000,0
2016-02-26,02:35:00,1.39,1.4,1.38,1.4,66000,0
2016-02-26,02:40:00,1.4,1.4,1.4,1.4,16000,0
2016-02-26,02:45:00,1.4,1.4,1.38,1.38,4000,0
2016-02-26,02:50:00,1.38,1.39,1.38,1.39,58000,0
2016-02-26,02:55:00,1.39,1.4,1.39,1.4,12000,0
2016-02-26,03:00:00,1.4,1.4,1.39,1.39,4000,0
2016-02-26,03:15:00,1.39,1.39,1.38,1.38,66000,0
2016-02-26,03:30:00,1.39,1.39,1.38,1.38,36000,0
2016-02-26,03:45:00,1.39,1.39,1.38,1.38,6000,0
2016-02-26,04:10:00,1.39,1.39,1.39,1.39,2000,0
2016-02-26,04:20:00,1.39,1.39,1.39,1.39,2000,0
2016-02-26,04:30:00,1.39,1.4,1.39,1.4,22000,0
2016-02-26,04:40:00,1.4,1.4,1.4,1.4,2000,0
2016-02-26,04:50:00,1.4,1.4,1.4,1.4,42000,0
2016-02-26,06:05:00,1.4,1.4,1.4,1.4,2000,0
2016-02-26,06:10:00,1.4,1.4,1.4,1.4,32000,0
2016-02-26,06:15:00,1.4,1.4,1.4,1.4,34000,0
2016-02-26,06:25:00,1.4,1.4,1.39,1.39,36000,0
2016-02-26,06:50:00,1.39,1.4,1.39,1.4,94000,0
2016-02-26,07:00:00,1.4,1.4,1.39,1.39,4000,0
2016-02-26,07:25:00,1.39,1.4,1.39,1.4,24000,0
2016-02-26,07:35:00,1.4,1.4,1.39,1.39,4000,0
2016-02-26,07:40:00,1.39,1.39,1.39,1.39,2000,0
2016-02-26,07:50:00,1.39,1.4,1.39,1.4,12000,0
2016-02-26,07:55:00,1.4,1.41,1.4,1.41,68000,0
2016-02-26,08:00:00,1.41,1.41,1.41,1.41,2000,0
2016-02-26,08:10:00,1.41,1.42,1.41,1.42,20000,0
2016-02-26,08:15:00,1.42,1.43,1.42,1.43,134000,0
2016-02-26,08:20:00,1.43,1.43,1.43,1.43,14000,0
2016-02-26,08:25:00,1.43,1.43,1.42,1.42,22000,0
2016-02-26,08:30:00,1.42,1.43,1.42,1.42,78000,0
2016-02-26,08:35:00,1.42,1.43,1.42,1.43,54000,0
2016-02-26,08:40:00,1.43,1.43,1.43,1.43,10000,0
2016-02-26,08:45:00,1.43,1.43,1.42,1.42,190000,0
2016-02-26,08:50:00,1.42,1.43,1.42,1.43,14000,0
2016-02-26,08:55:00,1.43,1.43,1.42,1.42,70000,0
2016-02-26,09:00:00,1.42,1.43,1.42,1.43,106000,0
2016-02-29,02:45:00,1.4,1.43,1.4,1.41,6000,0
2016-02-29,02:50:00,1.41,1.44,1.41,1.44,12000,0
2016-02-29,03:00:00,1.43,1.43,1.41,1.41,4000,0
2016-02-29,03:10:00,1.4,1.41,1.4,1.41,20000,0
2016-02-29,03:25:00,1.41,1.41,1.41,1.41,12000,0
2016-02-29,03:55:00,1.4,1.41,1.4,1.41,110000,0
2016-02-29,04:30:00,1.41,1.41,1.41,1.41,2000,0
2016-02-29,04:35:00,1.41,1.41,1.41,1.41,72000,0
2016-02-29,04:40:00,1.41,1.41,1.41,1.41,196000,0
2016-02-29,04:45:00,1.41,1.43,1.41,1.43,78000,0
2016-02-29,04:50:00,1.43,1.43,1.43,1.43,36000,0
2016-02-29,05:00:00,1.43,1.43,1.42,1.42,4000,0
2016-02-29,06:05:00,1.42,1.42,1.42,1.42,2000,0
2016-02-29,06:10:00,1.42,1.42,1.42,1.42,6000,0
2016-02-29,06:25:00,1.42,1.42,1.41,1.41,4000,0
2016-02-29,06:50:00,1.41,1.41,1.41,1.41,30000,0
2016-02-29,07:15:00,1.41,1.41,1.41,1.41,32000,0
2016-02-29,07:20:00,1.41,1.41,1.41,1.41,20000,0
2016-02-29,07:25:00,1.41,1.41,1.41,1.41,10000,0
2016-02-29,07:35:00,1.41,1.41,1.41,1.41,42000,0
2016-02-29,07:45:00,1.41,1.41,1.41,1.41,2000,0
2016-02-29,08:35:00,1.41,1.41,1.41,1.41,2000,0
2016-02-29,08:40:00,1.41,1.41,1.41,1.41,2000,0
2016-02-29,08:45:00,1.41,1.42,1.41,1.42,26000,0
2016-02-29,08:55:00,1.42,1.42,1.42,1.42,8000,0
2016-02-29,09:00:00,1.42,1.42,1.41,1.42,24000,0
2016-03-01,02:45:00,1.42,1.42,1.42,1.42,2000,0
2016-03-01,03:25:00,1.43,1.43,1.42,1.42,110000,0
2016-03-01,03:30:00,1.42,1.42,1.42,1.42,10000,0
2016-03-01,03:35:00,1.42,1.42,1.42,1.42,40000,0
2016-03-01,03:40:00,1.42,1.42,1.42,1.42,2000,0
2016-03-01,04:30:00,1.42,1.42,1.42,1.42,14000,0
2016-03-01,05:00:00,1.42,1.43,1.42,1.43,20000,0
2016-03-01,06:05:00,1.43,1.43,1.41,1.42,6000,0
2016-03-01,06:25:00,1.42,1.42,1.42,1.42,2000,0
2016-03-01,07:15:00,1.42,1.42,1.42,1.42,2000,0
2016-03-01,07:35:00,1.43,1.44,1.43,1.44,20000,0
2016-03-01,07:40:00,1.44,1.44,1.43,1.43,4000,0
2016-03-01,07:50:00,1.43,1.44,1.43,1.44,36000,0
2016-03-01,07:55:00,1.44,1.44,1.44,1.44,54000,0
2016-03-01,08:20:00,1.44,1.45,1.44,1.45,78000,0
2016-03-01,08:25:00,1.45,1.46,1.45,1.46,34000,0
2016-03-01,08:30:00,1.46,1.46,1.46,1.46,26000,0
2016-03-01,08:35:00,1.46,1.46,1.45,1.45,78000,0
2016-03-01,08:50:00,1.45,1.46,1.44,1.44,64000,0
2016-03-01,08:55:00,1.45,1.45,1.45,1.45,2000,0
2016-03-01,09:00:00,1.45,1.46,1.45,1.45,22000,0
2016-03-02,02:35:00,1.47,1.47,1.47,1.47,30000,0
2016-03-02,02:40:00,1.46,1.46,1.46,1.46,18000,0
2016-03-02,02:45:00,1.46,1.46,1.45,1.45,72000,0
2016-03-02,03:15:00,1.44,1.45,1.44,1.45,20000,0
2016-03-02,03:20:00,1.45,1.45,1.45,1.45,40000,0
2016-03-02,03:30:00,1.45,1.46,1.45,1.46,56000,0
2016-03-02,03:40:00,1.46,1.46,1.45,1.45,72000,0
2016-03-02,03:45:00,1.45,1.45,1.45,1.45,2000,0
2016-03-02,03:50:00,1.45,1.46,1.45,1.46,28000,0
2016-03-02,04:00:00,1.46,1.46,1.45,1.45,54000,0
2016-03-02,04:05:00,1.45,1.45,1.45,1.45,38000,0
2016-03-02,04:10:00,1.45,1.45,1.45,1.45,18000,0
2016-03-02,04:15:00,1.45,1.45,1.45,1.45,18000,0
2016-03-02,04:50:00,1.45,1.45,1.45,1.45,6000,0
2016-03-02,05:00:00,1.45,1.45,1.45,1.45,12000,0
2016-03-02,06:20:00,1.45,1.45,1.45,1.45,6000,0
2016-03-02,06:35:00,1.45,1.46,1.45,1.46,32000,0
2016-03-02,06:40:00,1.46,1.46,1.45,1.45,60000,0
2016-03-02,06:50:00,1.45,1.45,1.45,1.45,2000,0
2016-03-02,06:55:00,1.45,1.46,1.45,1.46,40000,0
2016-03-02,07:10:00,1.46,1.46,1.46,1.46,10000,0
2016-03-02,07:15:00,1.46,1.47,1.46,1.47,258000,0
2016-03-02,07:40:00,1.47,1.47,1.47,1.47,30000,0
2016-03-02,07:45:00,1.47,1.47,1.46,1.46,8000,0
2016-03-02,07:50:00,1.46,1.47,1.46,1.47,40000,0
2016-03-02,07:55:00,1.47,1.48,1.47,1.48,46000,0
2016-03-02,08:05:00,1.48,1.48,1.48,1.48,38000,0
2016-03-02,08:25:00,1.48,1.48,1.47,1.47,10000,0
2016-03-02,08:30:00,1.47,1.48,1.47,1.48,46000,0
2016-03-02,08:35:00,1.48,1.49,1.48,1.49,26000,0
2016-03-02,08:45:00,1.49,1.49,1.48,1.48,40000,0
2016-03-02,08:50:00,1.48,1.51,1.48,1.5,712000,0
2016-03-02,08:55:00,1.5,1.5,1.48,1.5,38000,0
2016-03-02,09:00:00,1.5,1.51,1.49,1.5,158000,0
2016-03-03,02:35:00,1.5,1.5,1.5,1.5,2000,0
2016-03-03,02:40:00,1.5,1.5,1.49,1.49,30000,0
2016-03-03,02:45:00,1.49,1.49,1.48,1.48,52000,0
2016-03-03,02:50:00,1.48,1.48,1.48,1.48,8000,0
2016-03-03,03:20:00,1.48,1.48,1.48,1.48,64000,0
2016-03-03,03:35:00,1.48,1.48,1.48,1.48,6000,0
2016-03-03,03:45:00,1.48,1.48,1.48,1.48,4000,0
2016-03-03,03:50:00,1.48,1.48,1.48,1.48,10000,0
2016-03-03,03:55:00,1.48,1.48,1.48,1.48,20000,0
2016-03-03,04:35:00,1.48,1.48,1.48,1.48,40000,0
2016-03-03,04:45:00,1.48,1.48,1.48,1.48,54000,0
2016-03-03,04:50:00,1.48,1.48,1.48,1.48,2000,0
2016-03-03,05:00:00,1.48,1.48,1.48,1.48,36000,0
2016-03-03,06:05:00,1.48,1.48,1.48,1.48,14000,0
2016-03-03,06:15:00,1.48,1.49,1.48,1.49,4000,0
2016-03-03,06:35:00,1.49,1.49,1.48,1.48,6000,0
2016-03-03,06:40:00,1.48,1.48,1.48,1.48,64000,0
2016-03-03,07:40:00,1.47,1.48,1.47,1.48,58000,0
2016-03-03,07:50:00,1.48,1.48,1.48,1.48,6000,0
2016-03-03,08:10:00,1.48,1.48,1.48,1.48,8000,0
2016-03-03,09:00:00,1.48,1.48,1.48,1.48,2000,0
2016-03-04,02:45:00,1.47,1.47,1.47,1.47,2000,0
2016-03-04,03:00:00,1.47,1.47,1.47,1.47,18000,0
2016-03-04,03:10:00,1.47,1.47,1.47,1.47,10000,0
2016-03-04,03:40:00,1.47,1.47,1.47,1.47,12000,0
2016-03-04,03:50:00,1.47,1.47,1.47,1.47,6000,0
2016-03-04,04:00:00,1.47,1.47,1.46,1.46,4000,0
2016-03-04,04:15:00,1.46,1.46,1.46,1.46,12000,0
2016-03-04,04:45:00,1.46,1.47,1.46,1.47,40000,0
2016-03-04,06:05:00,1.47,1.47,1.47,1.47,12000,0
2016-03-04,07:25:00,1.45,1.46,1.45,1.46,40000,0
2016-03-04,07:30:00,1.46,1.46,1.46,1.46,2000,0
2016-03-04,07:35:00,1.46,1.46,1.46,1.46,2000,0
2016-03-04,07:45:00,1.46,1.47,1.46,1.46,154000,0
2016-03-04,08:05:00,1.46,1.46,1.45,1.46,86000,0
2016-03-04,08:10:00,1.46,1.48,1.46,1.48,212000,0
2016-03-04,08:15:00,1.48,1.48,1.48,1.48,26000,0
2016-03-04,08:20:00,1.48,1.49,1.48,1.48,50000,0
2016-03-04,08:30:00,1.48,1.48,1.48,1.48,4000,0
2016-03-04,08:35:00,1.48,1.48,1.47,1.47,4000,0
2016-03-04,08:40:00,1.47,1.47,1.47,1.47,6000,0
2016-03-04,08:55:00,1.47,1.47,1.47,1.47,20000,0
2016-03-04,09:00:00,1.47,1.48,1.46,1.48,32000,0
2016-03-07,02:40:00,1.48,1.49,1.48,1.49,26000,0
2016-03-07,02:45:00,1.49,1.49,1.49,1.49,2000,0
2016-03-07,02:50:00,1.49,1.49,1.49,1.49,14000,0
2016-03-07,02:55:00,1.49,1.49,1.49,1.49,28000,0
2016-03-07,03:00:00,1.49,1.49,1.49,1.49,14000,0
2016-03-07,03:10:00,1.49,1.49,1.49,1.49,2000,0
2016-03-07,03:15:00,1.49,1.49,1.49,1.49,12000,0
2016-03-07,03:35:00,1.49,1.49,1.49,1.49,6000,0
2016-03-07,03:45:00,1.49,1.49,1.49,1.49,62000,0
2016-03-07,03:50:00,1.49,1.5,1.49,1.5,4000,0
2016-03-07,04:05:00,1.5,1.5,1.5,1.5,2000,0
2016-03-07,04:25:00,1.5,1.5,1.49,1.5,24000,0
2016-03-07,04:35:00,1.5,1.5,1.5,1.5,14000,0
2016-03-07,04:40:00,1.5,1.5,1.5,1.5,2000,0
2016-03-07,04:45:00,1.5,1.5,1.49,1.49,44000,0
2016-03-07,06:15:00,1.49,1.5,1.49,1.5,4000,0
2016-03-07,06:20:00,1.5,1.5,1.5,1.5,6000,0
2016-03-07,06:35:00,1.5,1.5,1.5,1.5,2000,0
2016-03-07,06:55:00,1.5,1.5,1.5,1.5,2000,0
2016-03-07,07:15:00,1.5,1.5,1.5,1.5,2000,0
2016-03-07,07:20:00,1.5,1.5,1.49,1.49,18000,0
2016-03-07,07:45:00,1.49,1.5,1.49,1.5,102000,0
2016-03-07,08:05:00,1.5,1.5,1.5,1.5,2000,0
2016-03-07,08:10:00,1.5,1.5,1.49,1.49,18000,0
2016-03-07,08:35:00,1.48,1.5,1.48,1.49,6000,0
2016-03-07,08:45:00,1.49,1.49,1.49,1.49,2000,0
2016-03-07,09:00:00,1.48,1.49,1.48,1.49,6000,0
2016-03-08,02:35:00,1.49,1.49,1.49,1.49,2000,0
2016-03-08,02:45:00,1.49,1.49,1.49,1.49,12000,0
2016-03-08,03:10:00,1.49,1.49,1.48,1.48,26000,0
2016-03-08,06:05:00,1.47,1.48,1.47,1.48,44000,0
2016-03-08,07:00:00,1.47,1.48,1.47,1.48,8000,0
2016-03-08,07:05:00,1.48,1.48,1.48,1.48,10000,0
2016-03-09,03:15:00,1.46,1.46,1.46,1.46,6000,0
2016-03-09,03:55:00,1.46,1.46,1.46,1.46,20000,0
2016-03-09,04:00:00,1.46,1.46,1.46,1.46,26000,0
2016-03-09,04:35:00,1.46,1.46,1.46,1.46,60000,0
2016-03-09,06:05:00,1.46,1.46,1.46,1.46,4000,0
2016-03-09,06:10:00,1.46,1.46,1.46,1.46,2000,0
2016-03-09,06:15:00,1.46,1.46,1.46,1.46,2000,0
2016-03-09,06:20:00,1.46,1.46,1.46,1.46,70000,0
2016-03-09,06:30:00,1.46,1.46,1.46,1.46,10000,0
2016-03-09,06:35:00,1.46,1.46,1.46,1.46,30000,0
2016-03-09,07:00:00,1.46,1.46,1.46,1.46,12000,0
2016-03-09,07:05:00,1.46,1.46,1.46,1.46,1000,0
2016-03-09,07:40:00,1.46,1.46,1.46,1.46,6000,0
2016-03-09,08:10:00,1.46,1.46,1.45,1.46,28000,0
2016-03-09,08:20:00,1.46,1.46,1.46,1.46,24000,0
2016-03-09,08:40:00,1.46,1.46,1.46,1.46,32000,0
2016-03-09,08:45:00,1.46,1.46,1.46,1.46,28000,0
2016-03-09,08:55:00,1.46,1.46,1.46,1.46,18000,0
2016-03-09,09:00:00,1.46,1.46,1.46,1.46,2000,0
2016-03-10,06:05:00,1.46,1.47,1.46,1.47,4000,0
2016-03-10,06:35:00,1.47,1.48,1.47,1.48,14000,0
2016-03-10,07:00:00,1.48,1.48,1.48,1.48,20000,0
2016-03-10,07:05:00,1.48,1.48,1.47,1.47,66000,0
2016-03-10,07:15:00,1.47,1.47,1.47,1.47,2000,0
2016-03-10,07:25:00,1.47,1.47,1.47,1.47,4000,0
2016-03-10,07:35:00,1.47,1.47,1.47,1.47,2000,0
2016-03-10,07:40:00,1.47,1.47,1.47,1.47,30000,0
2016-03-10,07:45:00,1.47,1.47,1.47,1.47,2000,0
2016-03-10,07:55:00,1.47,1.47,1.47,1.47,24000,0
2016-03-10,08:10:00,1.47,1.47,1.47,1.47,2000,0
2016-03-10,08:20:00,1.47,1.47,1.47,1.47,2000,0
2016-03-10,08:30:00,1.47,1.47,1.47,1.47,2000,0
2016-03-10,08:35:00,1.47,1.47,1.47,1.47,10000,0
2016-03-10,08:40:00,1.47,1.47,1.47,1.47,2000,0
2016-03-10,08:45:00,1.47,1.47,1.47,1.47,42000,0
2016-03-10,08:50:00,1.47,1.47,1.47,1.47,16000,0
2016-03-10,08:55:00,1.47,1.47,1.47,1.47,4000,0
2016-03-10,09:00:00,1.47,1.48,1.47,1.47,8000,0
2016-03-11,04:35:00,1.46,1.47,1.46,1.47,36000,0
2016-03-11,04:40:00,1.47,1.47,1.47,1.47,6000,0
2016-03-11,06:05:00,1.47,1.48,1.47,1.48,4000,0
2016-03-11,06:10:00,1.47,1.49,1.47,1.49,4000,0
2016-03-11,06:30:00,1.49,1.49,1.49,1.49,4000,0
2016-03-11,06:50:00,1.48,1.48,1.48,1.48,4000,0
2016-03-11,07:05:00,1.48,1.48,1.48,1.48,4000,0
2016-03-11,07:20:00,1.48,1.48,1.48,1.48,4000,0
2016-03-11,07:30:00,1.48,1.48,1.47,1.48,76000,0
2016-03-11,07:40:00,1.48,1.49,1.48,1.49,4000,0
2016-03-11,07:45:00,1.49,1.49,1.47,1.47,38000,0
2016-03-11,07:50:00,1.47,1.49,1.47,1.49,4000,0
2016-03-11,08:00:00,1.48,1.48,1.48,1.48,2000,0
2016-03-11,08:05:00,1.48,1.48,1.48,1.48,2000,0
2016-03-11,08:10:00,1.48,1.48,1.48,1.48,2000,0
2016-03-11,08:15:00,1.48,1.48,1.48,1.48,2000,0
2016-03-11,08:20:00,1.48,1.48,1.47,1.47,4000,0
2016-03-11,08:25:00,1.47,1.47,1.47,1.47,30000,0
2016-03-11,08:40:00,1.47,1.47,1.47,1.47,6000,0
2016-03-11,08:45:00,1.47,1.47,1.47,1.47,2000,0
2016-03-11,08:55:00,1.47,1.47,1.47,1.47,2000,0
2016-03-11,09:00:00,1.47,1.48,1.47,1.47,14000,0
2016-03-14,02:55:00,1.47,1.49,1.47,1.49,110000,0
2016-03-14,03:00:00,1.49,1.5,1.49,1.5,74000,0
2016-03-14,03:10:00,1.5,1.5,1.49,1.49,30000,0
2016-03-14,03:15:00,1.49,1.49,1.49,1.49,10000,0
2016-03-14,03:35:00,1.49,1.49,1.49,1.49,10000,0
2016-03-14,04:00:00,1.49,1.49,1.49,1.49,16000,0
2016-03-14,04:15:00,1.49,1.49,1.48,1.48,64000,0
2016-03-14,04:20:00,1.48,1.48,1.48,1.48,2000,0
2016-03-14,04:35:00,1.48,1.48,1.48,1.48,2000,0
2016-03-14,04:55:00,1.49,1.49,1.49,1.49,4000,0
2016-03-14,06:05:00,1.49,1.5,1.49,1.5,22000,0
2016-03-14,06:15:00,1.5,1.5,1.49,1.49,32000,0
2016-03-14,06:50:00,1.49,1.49,1.48,1.48,130000,0
2016-03-14,07:10:00,1.48,1.48,1.48,1.48,2000,0
2016-03-14,07:20:00,1.48,1.48,1.48,1.48,38000,0
2016-03-14,07:30:00,1.48,1.48,1.48,1.48,8000,0
2016-03-14,08:00:00,1.48,1.48,1.48,1.48,4000,0
2016-03-14,08:10:00,1.48,1.48,1.48,1.48,10000,0
2016-03-14,08:35:00,1.48,1.49,1.48,1.49,42000,0
2016-03-14,08:40:00,1.49,1.49,1.48,1.48,26000,0
2016-03-14,08:50:00,1.48,1.48,1.48,1.48,50000,0
2016-03-14,08:55:00,1.48,1.49,1.48,1.49,34000,0
2016-03-14,09:00:00,1.49,1.5,1.49,1.5,98000,0
2016-03-15,02:35:00,1.39,1.39,1.31,1.32,414000,0
2016-03-15,02:40:00,1.32,1.35,1.32,1.34,492000,0
2016-03-15,02:45:00,1.34,1.36,1.34,1.36,190000,0
2016-03-15,02:50:00,1.36,1.37,1.36,1.37,278000,0
2016-03-15,02:55:00,1.37,1.37,1.37,1.37,236000,0
2016-03-15,03:00:00,1.37,1.37,1.37,1.37,30000,0
2016-03-15,03:05:00,1.37,1.37,1.37,1.37,10000,0
2016-03-15,03:10:00,1.37,1.38,1.37,1.37,78000,0
2016-03-15,03:20:00,1.37,1.38,1.37,1.38,94000,0
2016-03-15,03:25:00,1.38,1.38,1.37,1.37,460000,0
2016-03-15,03:30:00,1.37,1.37,1.35,1.36,60000,0
2016-03-15,03:35:00,1.36,1.36,1.35,1.36,72000,0
2016-03-15,03:40:00,1.36,1.37,1.35,1.37,240000,0
2016-03-15,03:45:00,1.37,1.37,1.36,1.36,54000,0
2016-03-15,03:50:00,1.36,1.36,1.36,1.36,20000,0
2016-03-15,03:55:00,1.36,1.36,1.36,1.36,20000,0
2016-03-15,04:00:00,1.36,1.36,1.36,1.36,18000,0
2016-03-15,04:05:00,1.36,1.36,1.36,1.36,132000,0
2016-03-15,04:10:00,1.36,1.36,1.36,1.36,28000,0
2016-03-15,04:15:00,1.36,1.36,1.36,1.36,6000,0
2016-03-15,04:20:00,1.36,1.36,1.36,1.36,20000,0
2016-03-15,04:30:00,1.36,1.36,1.35,1.35,54000,0
2016-03-15,04:35:00,1.35,1.35,1.35,1.35,20000,0
2016-03-15,04:45:00,1.35,1.37,1.35,1.37,166000,0
2016-03-15,04:55:00,1.37,1.37,1.36,1.36,42000,0
2016-03-15,05:00:00,1.36,1.36,1.35,1.35,12000,0
2016-03-15,06:05:00,1.35,1.36,1.35,1.36,42000,0
2016-03-15,06:20:00,1.36,1.36,1.35,1.35,352000,0
2016-03-15,06:30:00,1.35,1.35,1.34,1.34,146000,0
2016-03-15,06:40:00,1.34,1.34,1.34,1.34,2000,0
2016-03-15,06:45:00,1.34,1.35,1.34,1.34,400000,0
2016-03-15,07:05:00,1.34,1.35,1.34,1.35,186000,0
2016-03-15,07:10:00,1.35,1.35,1.35,1.35,32000,0
2016-03-15,07:20:00,1.35,1.35,1.35,1.35,40000,0
2016-03-15,07:35:00,1.35,1.36,1.35,1.36,24000,0
2016-03-15,07:45:00,1.36,1.36,1.36,1.36,48000,0
2016-03-15,07:50:00,1.36,1.36,1.36,1.36,8000,0
2016-03-15,07:55:00,1.36,1.36,1.35,1.35,122000,0
2016-03-15,08:00:00,1.35,1.36,1.35,1.36,52000,0
2016-03-15,08:10:00,1.36,1.36,1.35,1.35,174000,0
2016-03-15,08:15:00,1.35,1.36,1.35,1.36,234000,0
2016-03-15,08:25:00,1.36,1.36,1.36,1.36,4000,0
2016-03-15,08:35:00,1.36,1.38,1.36,1.37,406000,0
2016-03-15,08:40:00,1.37,1.38,1.37,1.38,232000,0
2016-03-15,08:45:00,1.38,1.39,1.38,1.38,42000,0
2016-03-15,08:50:00,1.38,1.38,1.38,1.38,20000,0
2016-03-15,08:55:00,1.38,1.38,1.36,1.36,312000,0
2016-03-15,09:00:00,1.36,1.36,1.36,1.36,98000,0
2016-03-16,02:35:00,1.36,1.36,1.36,1.36,2000,0
2016-03-16,02:40:00,1.36,1.36,1.36,1.36,20000,0
2016-03-16,02:50:00,1.36,1.37,1.36,1.37,38000,0
2016-03-16,03:00:00,1.37,1.37,1.37,1.37,40000,0
2016-03-16,03:05:00,1.37,1.37,1.37,1.37,30000,0
2016-03-16,03:15:00,1.37,1.37,1.37,1.37,26000,0
2016-03-16,03:30:00,1.37,1.37,1.37,1.37,10000,0
2016-03-16,03:40:00,1.37,1.37,1.36,1.36,20000,0
2016-03-16,03:45:00,1.36,1.37,1.36,1.37,34000,0
2016-03-16,03:50:00,1.37,1.37,1.36,1.37,8000,0
2016-03-16,03:55:00,1.37,1.37,1.37,1.37,2000,0
2016-03-16,04:00:00,1.37,1.37,1.37,1.37,54000,0
2016-03-16,04:05:00,1.37,1.37,1.37,1.37,32000,0
2016-03-16,04:10:00,1.37,1.37,1.37,1.37,10000,0
2016-03-16,04:15:00,1.37,1.37,1.37,1.37,10000,0
2016-03-16,04:20:00,1.37,1.37,1.36,1.37,16000,0
2016-03-16,04:35:00,1.37,1.37,1.36,1.36,8000,0
2016-03-16,04:40:00,1.36,1.37,1.36,1.37,6000,0
2016-03-16,04:55:00,1.37,1.37,1.37,1.37,40000,0
2016-03-16,06:05:00,1.37,1.37,1.36,1.37,44000,0
2016-03-16,06:10:00,1.37,1.37,1.36,1.36,6000,0
2016-03-16,06:15:00,1.36,1.36,1.36,1.36,4000,0
2016-03-16,06:20:00,1.36,1.36,1.35,1.35,152000,0
2016-03-16,06:25:00,1.35,1.35,1.35,1.35,2000,0
2016-03-16,06:30:00,1.35,1.35,1.35,1.35,2000,0
2016-03-16,06:35:00,1.35,1.35,1.35,1.35,2000,0
2016-03-16,06:40:00,1.35,1.35,1.35,1.35,4000,0
2016-03-16,06:45:00,1.35,1.36,1.35,1.36,64000,0
2016-03-16,06:50:00,1.36,1.36,1.36,1.36,4000,0
2016-03-16,06:55:00,1.36,1.36,1.36,1.36,26000,0
2016-03-16,07:00:00,1.36,1.36,1.35,1.35,6000,0
2016-03-16,07:05:00,1.35,1.35,1.35,1.35,2000,0
2016-03-16,07:10:00,1.35,1.36,1.35,1.36,20000,0
2016-03-16,07:15:00,1.36,1.36,1.36,1.36,2000,0
2016-03-16,07:20:00,1.36,1.36,1.36,1.36,4000,0
2016-03-16,07:25:00,1.36,1.36,1.36,1.36,20000,0
2016-03-16,07:30:00,1.36,1.36,1.36,1.36,4000,0
2016-03-16,07:35:00,1.36,1.36,1.36,1.36,34000,0
2016-03-16,07:40:00,1.36,1.36,1.35,1.35,4000,0
2016-03-16,07:45:00,1.35,1.36,1.35,1.35,152000,0
2016-03-16,08:00:00,1.34,1.37,1.34,1.35,174000,0
2016-03-16,08:15:00,1.35,1.36,1.35,1.36,44000,0
2016-03-16,08:20:00,1.36,1.36,1.35,1.36,28000,0
2016-03-16,08:25:00,1.36,1.36,1.36,1.36,100000,0
2016-03-16,08:40:00,1.36,1.36,1.35,1.36,118000,0
2016-03-16,08:55:00,1.36,1.36,1.36,1.36,40000,0
2016-03-16,09:00:00,1.36,1.38,1.36,1.37,140000,0
2016-03-17,02:35:00,1.39,1.39,1.38,1.39,96000,0
2016-03-17,02:45:00,1.38,1.39,1.37,1.39,82000,0
2016-03-17,02:50:00,1.39,1.39,1.39,1.39,142000,0
2016-03-17,03:00:00,1.39,1.39,1.39,1.39,32000,0
2016-03-17,03:05:00,1.39,1.39,1.39,1.39,34000,0
2016-03-17,03:15:00,1.39,1.39,1.38,1.38,6000,0
2016-03-17,03:20:00,1.38,1.39,1.38,1.39,18000,0
2016-03-17,03:25:00,1.39,1.39,1.38,1.38,4000,0
2016-03-17,03:30:00,1.38,1.39,1.38,1.39,114000,0
2016-03-17,03:35:00,1.39,1.39,1.38,1.38,30000,0
2016-03-17,03:40:00,1.38,1.38,1.38,1.38,2000,0
2016-03-17,03:45:00,1.38,1.38,1.38,1.38,2000,0
2016-03-17,03:50:00,1.38,1.38,1.38,1.38,30000,0
2016-03-17,04:25:00,1.37,1.38,1.37,1.38,6000,0
2016-03-17,04:30:00,1.37,1.38,1.37,1.38,44000,0
2016-03-17,04:40:00,1.38,1.38,1.38,1.38,8000,0
2016-03-17,04:45:00,1.37,1.38,1.37,1.38,16000,0
2016-03-17,04:50:00,1.38,1.38,1.38,1.38,10000,0
2016-03-17,04:55:00,1.38,1.38,1.38,1.38,10000,0
2016-03-17,06:55:00,1.37,1.38,1.37,1.38,68000,0
2016-03-17,07:20:00,1.37,1.38,1.37,1.38,78000,0
2016-03-17,07:25:00,1.38,1.38,1.38,1.38,10000,0
2016-03-17,08:40:00,1.37,1.38,1.37,1.38,4000,0
2016-03-17,08:50:00,1.37,1.38,1.37,1.38,12000,0
2016-03-18,02:35:00,1.38,1.38,1.37,1.38,4000,0
2016-03-18,02:40:00,1.38,1.38,1.38,1.38,12000,0
2016-03-18,02:45:00,1.38,1.38,1.38,1.38,2000,0
2016-03-18,02:55:00,1.38,1.38,1.38,1.38,10000,0
2016-03-18,03:15:00,1.38,1.38,1.38,1.38,2000,0
2016-03-18,03:20:00,1.38,1.38,1.38,1.38,12000,0
2016-03-18,03:40:00,1.38,1.38,1.38,1.38,32000,0
2016-03-18,03:55:00,1.38,1.38,1.38,1.38,2000,0
2016-03-18,04:10:00,1.38,1.38,1.37,1.37,100000,0
2016-03-18,04:35:00,1.37,1.38,1.37,1.37,186000,0
2016-03-18,04:40:00,1.37,1.37,1.37,1.37,20000,0
2016-03-18,04:55:00,1.36,1.37,1.36,1.37,4000,0
2016-03-18,05:00:00,1.37,1.37,1.37,1.37,14000,0
2016-03-18,06:05:00,1.37,1.37,1.37,1.37,2000,0
2016-03-18,06:25:00,1.37,1.38,1.37,1.37,100000,0
2016-03-18,06:35:00,1.37,1.37,1.37,1.37,10000,0
2016-03-18,07:15:00,1.37,1.37,1.37,1.37,4000,0
2016-03-18,07:20:00,1.37,1.37,1.37,1.37,50000,0
2016-03-18,07:45:00,1.37,1.37,1.37,1.37,16000,0
2016-03-18,07:50:00,1.37,1.37,1.37,1.37,10000,0
2016-03-18,08:30:00,1.37,1.38,1.37,1.38,54000,0
2016-03-18,08:35:00,1.38,1.38,1.37,1.38,250000,0
2016-03-18,08:40:00,1.38,1.39,1.38,1.39,110000,0
2016-03-18,08:45:00,1.39,1.39,1.38,1.39,88000,0
2016-03-18,08:50:00,1.39,1.39,1.38,1.38,80000,0
2016-03-18,08:55:00,1.38,1.39,1.38,1.39,18000,0
2016-03-18,09:00:00,1.39,1.39,1.39,1.39,34000,0
2016-03-21,02:35:00,1.39,1.39,1.39,1.39,58000,0
2016-03-21,02:40:00,1.39,1.4,1.39,1.4,16000,0
2016-03-21,02:45:00,1.4,1.4,1.39,1.4,44000,0
2016-03-21,02:55:00,1.4,1.4,1.4,1.4,6000,0
2016-03-21,03:00:00,1.4,1.4,1.4,1.4,2000,0
2016-03-21,03:05:00,1.4,1.4,1.4,1.4,76000,0
2016-03-21,03:10:00,1.4,1.4,1.39,1.39,66000,0
2016-03-21,03:20:00,1.39,1.4,1.39,1.4,148000,0
2016-03-21,03:30:00,1.4,1.41,1.4,1.41,60000,0
2016-03-21,03:35:00,1.41,1.41,1.41,1.41,18000,0
2016-03-21,03:45:00,1.41,1.41,1.41,1.41,40000,0
2016-03-21,04:00:00,1.41,1.41,1.39,1.4,54000,0
2016-03-21,04:05:00,1.4,1.4,1.39,1.39,14000,0
2016-03-21,04:20:00,1.39,1.39,1.39,1.39,10000,0
2016-03-21,04:30:00,1.39,1.39,1.39,1.39,22000,0
2016-03-21,05:00:00,1.39,1.39,1.39,1.39,30000,0
2016-03-21,06:50:00,1.38,1.39,1.38,1.39,32000,0
2016-03-21,07:45:00,1.38,1.39,1.38,1.39,8000,0
2016-03-21,07:50:00,1.39,1.4,1.39,1.4,108000,0
2016-03-21,07:55:00,1.4,1.4,1.4,1.4,16000,0
2016-03-21,08:00:00,1.4,1.4,1.4,1.4,30000,0
2016-03-21,08:05:00,1.4,1.4,1.4,1.4,6000,0
2016-03-21,08:10:00,1.4,1.4,1.39,1.39,58000,0
2016-03-21,08:15:00,1.39,1.39,1.39,1.39,56000,0
2016-03-21,08:20:00,1.39,1.39,1.39,1.39,34000,0
2016-03-21,08:25:00,1.39,1.39,1.39,1.39,8000,0
2016-03-21,08:30:00,1.39,1.39,1.39,1.39,2000,0
2016-03-21,08:40:00,1.39,1.4,1.39,1.4,4000,0
2016-03-21,08:55:00,1.38,1.4,1.38,1.4,40000,0
2016-03-21,09:00:00,1.4,1.4,1.39,1.39,18000,0
2016-03-22,02:35:00,1.4,1.4,1.39,1.39,6000,0
2016-03-22,02:40:00,1.39,1.4,1.39,1.4,8000,0
2016-03-22,02:45:00,1.4,1.4,1.39,1.39,44000,0
2016-03-22,02:50:00,1.39,1.39,1.38,1.38,90000,0
2016-03-22,02:55:00,1.38,1.39,1.38,1.39,4000,0
2016-03-22,03:00:00,1.39,1.39,1.39,1.39,8000,0
2016-03-22,03:10:00,1.39,1.39,1.39,1.39,4000,0
2016-03-22,03:15:00,1.39,1.39,1.38,1.38,22000,0
2016-03-22,03:25:00,1.38,1.38,1.38,1.38,10000,0
2016-03-22,03:50:00,1.38,1.39,1.38,1.39,6000,0
2016-03-22,04:10:00,1.39,1.39,1.38,1.38,98000,0
2016-03-22,04:20:00,1.38,1.38,1.38,1.38,22000,0
2016-03-22,04:55:00,1.38,1.39,1.38,1.39,52000,0
2016-03-22,05:00:00,1.39,1.39,1.38,1.38,4000,0
2016-03-22,06:05:00,1.38,1.38,1.38,1.38,2000,0
2016-03-22,06:10:00,1.38,1.38,1.38,1.38,20000,0
2016-03-22,06:40:00,1.38,1.38,1.38,1.38,60000,0
2016-03-22,07:15:00,1.38,1.38,1.38,1.38,72000,0
2016-03-22,07:45:00,1.38,1.38,1.38,1.38,22000,0
2016-03-22,07:50:00,1.38,1.38,1.38,1.38,80000,0
2016-03-22,08:05:00,1.38,1.39,1.38,1.39,56000,0
2016-03-22,08:15:00,1.39,1.39,1.38,1.38,22000,0
2016-03-22,08:20:00,1.38,1.38,1.38,1.38,2000,0
2016-03-22,08:35:00,1.38,1.38,1.38,1.38,2000,0
2016-03-22,09:00:00,1.38,1.39,1.38,1.38,4000,0
2016-03-23,02:45:00,1.37,1.38,1.37,1.37,4000,0
2016-03-23,03:05:00,1.37,1.38,1.37,1.38,76000,0
2016-03-23,03:15:00,1.38,1.38,1.38,1.38,22000,0
2016-03-23,04:00:00,1.38,1.38,1.37,1.37,14000,0
2016-03-23,04:05:00,1.37,1.37,1.37,1.37,104000,0
2016-03-23,04:45:00,1.37,1.37,1.37,1.37,66000,0
2016-03-23,05:00:00,1.36,1.37,1.36,1.37,22000,0
2016-03-23,06:05:00,1.37,1.37,1.37,1.37,20000,0
2016-03-23,08:40:00,1.36,1.37,1.36,1.37,8000,0
2016-03-23,09:00:00,1.36,1.37,1.36,1.37,34000,0
2016-03-24,02:45:00,1.35,1.36,1.35,1.35,4000,0
2016-03-24,03:05:00,1.35,1.36,1.35,1.36,4000,0
2016-03-24,03:40:00,1.36,1.36,1.35,1.35,118000,0
2016-03-24,03:50:00,1.35,1.35,1.35,1.35,32000,0
2016-03-24,04:00:00,1.35,1.35,1.35,1.35,10000,0
2016-03-24,04:15:00,1.35,1.35,1.35,1.35,50000,0
2016-03-24,04:25:00,1.35,1.35,1.35,1.35,14000,0
2016-03-24,04:40:00,1.35,1.35,1.34,1.34,28000,0
2016-03-24,04:45:00,1.34,1.34,1.34,1.34,12000,0
2016-03-24,06:05:00,1.34,1.35,1.34,1.35,58000,0
2016-03-24,06:10:00,1.35,1.36,1.35,1.36,4000,0
2016-03-24,06:15:00,1.36,1.36,1.35,1.35,46000,0
2016-03-24,06:40:00,1.35,1.35,1.34,1.34,150000,0
2016-03-24,06:45:00,1.34,1.34,1.34,1.34,70000,0
2016-03-24,07:40:00,1.33,1.34,1.33,1.34,20000,0
2016-03-24,08:35:00,1.34,1.34,1.34,1.34,2000,0
2016-03-24,08:55:00,1.34,1.35,1.34,1.35,34000,0
2016-03-29,03:55:00,1.34,1.34,1.34,1.34,8000,0
2016-03-29,04:15:00,1.34,1.35,1.34,1.35,56000,0
2016-03-29,04:30:00,1.35,1.35,1.35,1.35,108000,0
2016-03-29,04:40:00,1.35,1.35,1.34,1.34,24000,0
2016-03-29,04:55:00,1.34,1.34,1.34,1.34,2000,0
2016-03-29,05:30:00,1.34,1.34,1.34,1.34,10000,0
2016-03-29,05:35:00,1.34,1.34,1.34,1.34,2000,0
2016-03-29,05:40:00,1.34,1.34,1.34,1.34,4000,0
2016-03-29,06:00:00,1.34,1.35,1.34,1.35,4000,0
2016-03-29,07:05:00,1.35,1.35,1.34,1.34,4000,0
2016-03-29,07:55:00,1.34,1.34,1.34,1.34,50000,0
2016-03-29,08:25:00,1.34,1.35,1.34,1.35,4000,0
2016-03-29,08:50:00,1.35,1.35,1.34,1.34,16000,0
2016-03-29,09:00:00,1.34,1.34,1.34,1.34,22000,0
2016-03-29,09:10:00,1.34,1.35,1.34,1.34,24000,0
2016-03-29,09:15:00,1.34,1.35,1.34,1.35,20000,0
2016-03-29,09:25:00,1.35,1.35,1.34,1.34,32000,0
2016-03-29,09:30:00,1.34,1.34,1.34,1.34,2000,0
2016-03-29,09:35:00,1.34,1.34,1.34,1.34,2000,0
2016-03-29,09:40:00,1.34,1.34,1.34,1.34,10000,0
2016-03-29,09:45:00,1.34,1.34,1.34,1.34,22000,0
2016-03-29,09:50:00,1.34,1.35,1.34,1.35,8000,0
2016-03-29,10:00:00,1.35,1.35,1.34,1.34,84000,0
2016-03-30,03:35:00,1.35,1.36,1.35,1.36,32000,0
2016-03-30,03:45:00,1.36,1.36,1.36,1.36,2000,0
2016-03-30,04:10:00,1.36,1.36,1.36,1.36,10000,0
2016-03-30,04:15:00,1.36,1.36,1.36,1.36,6000,0
2016-03-30,04:25:00,1.36,1.37,1.36,1.36,68000,0
2016-03-30,04:30:00,1.36,1.36,1.36,1.36,4000,0
2016-03-30,04:35:00,1.36,1.36,1.36,1.36,4000,0
2016-03-30,04:45:00,1.36,1.36,1.36,1.36,4000,0
2016-03-30,05:10:00,1.36,1.36,1.35,1.35,6000,0
2016-03-30,05:30:00,1.35,1.36,1.35,1.36,4000,0
2016-03-30,05:40:00,1.36,1.36,1.36,1.36,2000,0
2016-03-30,07:05:00,1.36,1.36,1.35,1.35,14000,0
2016-03-30,07:10:00,1.35,1.36,1.35,1.36,40000,0
2016-03-30,07:35:00,1.36,1.36,1.35,1.35,26000,0
2016-03-30,07:40:00,1.35,1.35,1.35,1.35,2000,0
2016-03-30,07:50:00,1.35,1.35,1.34,1.34,74000,0
2016-03-30,07:55:00,1.34,1.34,1.34,1.34,14000,0
2016-03-30,08:10:00,1.32,1.36,1.32,1.36,4000,0
2016-03-30,08:55:00,1.35,1.35,1.33,1.33,4000,0
2016-03-30,09:00:00,1.33,1.33,1.33,1.33,38000,0
2016-03-30,09:10:00,1.33,1.35,1.33,1.35,4000,0
2016-03-30,09:20:00,1.35,1.35,1.35,1.35,4000,0
2016-03-30,09:25:00,1.35,1.35,1.33,1.33,4000,0
2016-03-30,09:30:00,1.33,1.35,1.33,1.35,4000,0
2016-03-30,09:35:00,1.35,1.35,1.33,1.33,4000,0
2016-03-30,09:40:00,1.33,1.35,1.33,1.35,8000,0
2016-03-30,09:45:00,1.34,1.35,1.34,1.35,6000,0
2016-03-30,09:50:00,1.35,1.35,1.35,1.35,76000,0
2016-03-30,09:55:00,1.35,1.36,1.34,1.34,62000,0
2016-03-30,10:00:00,1.34,1.35,1.34,1.35,38000,0
2016-03-31,03:45:00,1.35,1.35,1.35,1.35,24000,0
2016-03-31,03:50:00,1.35,1.35,1.35,1.35,8000,0
2016-03-31,03:55:00,1.35,1.35,1.35,1.35,20000,0
2016-03-31,04:05:00,1.35,1.35,1.34,1.34,46000,0
2016-03-31,04:30:00,1.34,1.35,1.34,1.35,34000,0
2016-03-31,04:40:00,1.35,1.35,1.35,1.35,2000,0
2016-03-31,04:45:00,1.35,1.35,1.34,1.34,52000,0
2016-03-31,04:55:00,1.34,1.34,1.34,1.34,20000,0
2016-03-31,05:15:00,1.34,1.35,1.33,1.35,170000,0
2016-03-31,05:25:00,1.34,1.34,1.34,1.34,10000,0
2016-03-31,05:35:00,1.33,1.34,1.33,1.34,14000,0
2016-03-31,05:50:00,1.34,1.34,1.34,1.34,18000,0
2016-03-31,06:00:00,1.34,1.34,1.34,1.34,10000,0
2016-03-31,07:15:00,1.33,1.34,1.33,1.34,4000,0
2016-03-31,07:25:00,1.34,1.34,1.34,1.34,2000,0
2016-03-31,07:40:00,1.34,1.34,1.34,1.34,24000,0
2016-03-31,07:45:00,1.34,1.34,1.34,1.34,2000,0
2016-03-31,07:55:00,1.34,1.34,1.34,1.34,2000,0
2016-03-31,08:10:00,1.34,1.34,1.34,1.34,2000,0
2016-03-31,08:15:00,1.34,1.34,1.34,1.34,2000,0
2016-03-31,08:30:00,1.34,1.34,1.34,1.34,2000,0
2016-03-31,08:50:00,1.33,1.35,1.33,1.35,72000,0
2016-03-31,09:00:00,1.35,1.35,1.35,1.35,52000,0
2016-03-31,09:15:00,1.35,1.35,1.35,1.35,2000,0
2016-03-31,09:30:00,1.35,1.35,1.35,1.35,2000,0
2016-03-31,09:35:00,1.35,1.35,1.34,1.34,30000,0
2016-03-31,09:45:00,1.34,1.34,1.34,1.34,20000,0
2016-03-31,09:50:00,1.34,1.35,1.34,1.34,56000,0
2016-03-31,09:55:00,1.34,1.35,1.34,1.35,4000,0
2016-03-31,10:00:00,1.35,1.35,1.34,1.34,38000,0
2016-04-01,03:35:00,1.35,1.35,1.34,1.35,4000,0
2016-04-01,03:45:00,1.35,1.35,1.33,1.33,54000,0
2016-04-01,03:55:00,1.33,1.33,1.33,1.33,138000,0
2016-04-01,04:25:00,1.32,1.33,1.32,1.33,122000,0
2016-04-01,04:30:00,1.33,1.33,1.33,1.33,36000,0
2016-04-01,04:50:00,1.32,1.33,1.32,1.33,6000,0
2016-04-01,04:55:00,1.33,1.33,1.33,1.33,18000,0
2016-04-01,05:00:00,1.33,1.33,1.33,1.33,6000,0
2016-04-01,05:05:00,1.33,1.33,1.33,1.33,4000,0
2016-04-01,05:10:00,1.32,1.33,1.32,1.33,6000,0
2016-04-01,05:15:00,1.33,1.33,1.33,1.33,6000,0
2016-04-01,05:20:00,1.33,1.33,1.33,1.33,4000,0
2016-04-01,05:25:00,1.33,1.33,1.33,1.33,6000,0
2016-04-01,05:30:00,1.33,1.33,1.33,1.33,4000,0
2016-04-01,05:35:00,1.33,1.33,1.33,1.33,6000,0
2016-04-01,05:40:00,1.33,1.33,1.33,1.33,4000,0
2016-04-01,05:45:00,1.33,1.33,1.33,1.33,4000,0
2016-04-01,05:50:00,1.33,1.33,1.33,1.33,4000,0
2016-04-01,06:00:00,1.32,1.33,1.32,1.33,6000,0
2016-04-01,07:05:00,1.33,1.33,1.32,1.33,14000,0
2016-04-01,07:10:00,1.33,1.33,1.33,1.33,4000,0
2016-04-01,07:35:00,1.33,1.33,1.32,1.33,36000,0
2016-04-01,07:45:00,1.33,1.33,1.33,1.33,2000,0
2016-04-01,08:35:00,1.33,1.33,1.33,1.33,14000,0
2016-04-01,08:40:00,1.33,1.33,1.33,1.33,144000,0
2016-04-01,08:45:00,1.33,1.33,1.33,1.33,2000,0
2016-04-01,08:50:00,1.33,1.34,1.32,1.33,184000,0
2016-04-01,08:55:00,1.33,1.34,1.33,1.34,8000,0
2016-04-01,09:10:00,1.34,1.34,1.33,1.33,22000,0
2016-04-01,09:15:00,1.33,1.33,1.33,1.33,12000,0
2016-04-01,09:35:00,1.33,1.34,1.33,1.34,52000,0
2016-04-01,09:40:00,1.34,1.34,1.33,1.33,36000,0
2016-04-01,09:50:00,1.32,1.33,1.32,1.33,138000,0
2016-04-01,10:00:00,1.33,1.34,1.32,1.33,118000,0
2016-04-05,03:45:00,1.33,1.33,1.32,1.32,4000,0
2016-04-05,03:55:00,1.32,1.32,1.32,1.32,78000,0
2016-04-05,04:15:00,1.32,1.32,1.31,1.31,26000,0
2016-04-05,04:20:00,1.31,1.31,1.31,1.31,38000,0
2016-04-05,04:35:00,1.31,1.31,1.31,1.31,10000,0
2016-04-05,04:40:00,1.31,1.32,1.31,1.31,54000,0
2016-04-05,04:45:00,1.31,1.31,1.31,1.31,44000,0
2016-04-05,04:50:00,1.31,1.31,1.31,1.31,24000,0
2016-04-05,04:55:00,1.31,1.31,1.3,1.3,32000,0
2016-04-05,05:10:00,1.3,1.3,1.3,1.3,286000,0
2016-04-05,05:25:00,1.3,1.31,1.3,1.31,12000,0
2016-04-05,05:30:00,1.31,1.31,1.3,1.3,4000,0
2016-04-05,05:35:00,1.3,1.31,1.3,1.31,10000,0
2016-04-05,05:40:00,1.31,1.31,1.31,1.31,4000,0
2016-04-05,06:00:00,1.31,1.31,1.3,1.3,4000,0
2016-04-05,07:05:00,1.3,1.3,1.3,1.3,16000,0
2016-04-05,07:25:00,1.3,1.3,1.3,1.3,406000,0
2016-04-05,07:30:00,1.3,1.3,1.3,1.3,102000,0
2016-04-05,07:35:00,1.3,1.3,1.28,1.28,258000,0
2016-04-05,07:40:00,1.28,1.28,1.28,1.28,10000,0
2016-04-05,07:45:00,1.28,1.28,1.28,1.28,8000,0
2016-04-05,07:50:00,1.28,1.29,1.28,1.29,100000,0
2016-04-05,07:55:00,1.29,1.29,1.27,1.27,132000,0
2016-04-05,08:00:00,1.27,1.27,1.27,1.27,4000,0
2016-04-05,08:10:00,1.27,1.27,1.27,1.27,54000,0
2016-04-05,08:15:00,1.27,1.27,1.27,1.27,4000,0
2016-04-05,08:20:00,1.27,1.28,1.27,1.28,120000,0
2016-04-05,08:25:00,1.28,1.28,1.28,1.28,54000,0
2016-04-05,08:35:00,1.28,1.28,1.27,1.27,324000,0
2016-04-05,08:40:00,1.27,1.28,1.27,1.28,60000,0
2016-04-05,08:45:00,1.28,1.28,1.28,1.28,20000,0
2016-04-05,08:50:00,1.28,1.28,1.27,1.27,42000,0
2016-04-05,09:05:00,1.27,1.27,1.27,1.27,212000,0
2016-04-05,09:10:00,1.27,1.27,1.25,1.25,490000,0
2016-04-05,09:20:00,1.25,1.26,1.25,1.26,232000,0
2016-04-05,09:25:00,1.26,1.26,1.24,1.26,454000,0
2016-04-05,09:30:00,1.26,1.26,1.23,1.23,82000,0
2016-04-05,09:35:00,1.22,1.23,1.22,1.23,32000,0
2016-04-05,09:40:00,1.23,1.24,1.23,1.24,114000,0
2016-04-05,09:45:00,1.24,1.26,1.24,1.25,272000,0
2016-04-05,09:50:00,1.25,1.25,1.25,1.25,104000,0
2016-04-05,09:55:00,1.25,1.25,1.25,1.25,150000,0
2016-04-05,10:00:00,1.25,1.25,1.24,1.25,122000,0
2016-04-06,03:40:00,1.23,1.27,1.23,1.27,230000,0
2016-04-06,03:45:00,1.27,1.27,1.26,1.27,42000,0
2016-04-06,03:50:00,1.27,1.28,1.27,1.28,354000,0
2016-04-06,03:55:00,1.28,1.3,1.28,1.28,318000,0
2016-04-06,04:00:00,1.28,1.3,1.28,1.29,188000,0
2016-04-06,04:05:00,1.29,1.29,1.28,1.28,68000,0
2016-04-06,04:10:00,1.28,1.28,1.27,1.27,82000,0
2016-04-06,04:20:00,1.27,1.27,1.27,1.27,4000,0
2016-04-06,04:25:00,1.27,1.27,1.27,1.27,20000,0
2016-04-06,04:30:00,1.27,1.27,1.26,1.27,126000,0
2016-04-06,04:55:00,1.27,1.27,1.26,1.26,12000,0
2016-04-06,05:05:00,1.26,1.27,1.26,1.26,92000,0
2016-04-06,05:10:00,1.26,1.26,1.26,1.26,20000,0
2016-04-06,05:15:00,1.26,1.26,1.26,1.26,2000,0
2016-04-06,05:20:00,1.26,1.26,1.26,1.26,30000,0
2016-04-06,05:25:00,1.26,1.26,1.26,1.26,38000,0
2016-04-06,05:30:00,1.26,1.26,1.26,1.26,92000,0
2016-04-06,05:35:00,1.26,1.26,1.26,1.26,2000,0
2016-04-06,05:45:00,1.26,1.26,1.25,1.25,164000,0
2016-04-06,05:50:00,1.25,1.25,1.25,1.25,6000,0
2016-04-06,05:55:00,1.25,1.25,1.25,1.25,92000,0
2016-04-06,06:00:00,1.25,1.25,1.25,1.25,8000,0
2016-04-06,07:05:00,1.25,1.26,1.25,1.25,8000,0
2016-04-06,07:10:00,1.25,1.26,1.25,1.26,4000,0
2016-04-06,07:25:00,1.26,1.26,1.26,1.26,10000,0
2016-04-06,07:30:00,1.26,1.26,1.25,1.25,208000,0
2016-04-06,07:55:00,1.25,1.25,1.25,1.25,4000,0
2016-04-06,08:00:00,1.25,1.25,1.25,1.25,16000,0
2016-04-06,08:05:00,1.25,1.25,1.25,1.25,4000,0
2016-04-06,08:10:00,1.25,1.25,1.25,1.25,20000,0
2016-04-06,08:15:00,1.25,1.26,1.25,1.26,10000,0
2016-04-06,08:20:00,1.26,1.26,1.26,1.26,4000,0
2016-04-06,08:25:00,1.26,1.26,1.26,1.26,118000,0
2016-04-06,08:30:00,1.26,1.26,1.26,1.26,24000,0
2016-04-06,08:35:00,1.26,1.26,1.26,1.26,2000,0
2016-04-06,08:40:00,1.26,1.26,1.26,1.26,12000,0
2016-04-06,08:45:00,1.26,1.26,1.25,1.26,82000,0
2016-04-06,08:55:00,1.26,1.26,1.26,1.26,2000,0
2016-04-06,09:10:00,1.26,1.26,1.26,1.26,4000,0
2016-04-06,09:15:00,1.26,1.26,1.26,1.26,14000,0
2016-04-06,09:25:00,1.26,1.26,1.26,1.26,16000,0
2016-04-06,09:30:00,1.26,1.27,1.26,1.27,76000,0
2016-04-06,09:35:00,1.27,1.27,1.26,1.26,110000,0
2016-04-06,09:40:00,1.26,1.27,1.26,1.27,12000,0
2016-04-06,09:45:00,1.27,1.27,1.27,1.27,4000,0
2016-04-06,09:50:00,1.27,1.27,1.27,1.27,4000,0
2016-04-06,09:55:00,1.27,1.27,1.27,1.27,12000,0
2016-04-06,10:00:00,1.27,1.28,1.26,1.28,88000,0
2016-04-07,03:45:00,1.28,1.28,1.28,1.28,2000,0
2016-04-07,04:00:00,1.28,1.28,1.28,1.28,20000,0
2016-04-07,04:20:00,1.28,1.28,1.28,1.28,54000,0
2016-04-07,05:15:00,1.28,1.28,1.28,1.28,2000,0
2016-04-07,05:20:00,1.28,1.28,1.28,1.28,30000,0
2016-04-07,09:55:00,1.27,1.31,1.27,1.31,310000,0
2016-04-07,10:00:00,1.28,1.29,1.28,1.29,10000,0
2016-04-08,03:40:00,1.27,1.28,1.27,1.27,36000,0
2016-04-08,03:45:00,1.27,1.27,1.26,1.26,4000,0
2016-04-08,03:50:00,1.26,1.27,1.26,1.27,54000,0
2016-04-08,04:00:00,1.27,1.27,1.27,1.27,2000,0
2016-04-08,04:30:00,1.27,1.27,1.27,1.27,30000,0
2016-04-08,04:40:00,1.27,1.27,1.27,1.27,6000,0
2016-04-08,04:45:00,1.27,1.27,1.27,1.27,2000,0
2016-04-08,04:55:00,1.27,1.27,1.27,1.27,24000,0
2016-04-08,05:10:00,1.27,1.27,1.26,1.26,152000,0
2016-04-08,05:30:00,1.25,1.26,1.25,1.26,100000,0
2016-04-08,05:35:00,1.26,1.26,1.26,1.26,70000,0
2016-04-08,05:40:00,1.26,1.26,1.26,1.26,18000,0
2016-04-08,05:50:00,1.26,1.26,1.26,1.26,2000,0
2016-04-08,07:05:00,1.26,1.26,1.26,1.26,2000,0
2016-04-08,07:35:00,1.26,1.26,1.26,1.26,4000,0
2016-04-08,07:40:00,1.26,1.26,1.26,1.26,2000,0
2016-04-08,07:55:00,1.26,1.26,1.26,1.26,26000,0
2016-04-08,08:15:00,1.26,1.26,1.26,1.26,2000,0
2016-04-08,08:30:00,1.26,1.27,1.26,1.27,4000,0
2016-04-08,08:40:00,1.27,1.27,1.27,1.27,10000,0
2016-04-08,09:00:00,1.27,1.27,1.26,1.26,14000,0
2016-04-08,09:30:00,1.26,1.26,1.26,1.26,52000,0
2016-04-08,09:40:00,1.26,1.26,1.26,1.26,2000,0
2016-04-08,09:55:00,1.26,1.27,1.26,1.27,4000,0
2016-04-08,10:00:00,1.27,1.27,1.26,1.26,4000,0
2016-04-11,03:35:00,1.27,1.27,1.26,1.27,16000,0
2016-04-11,03:45:00,1.27,1.27,1.27,1.27,6000,0
2016-04-11,04:25:00,1.27,1.28,1.27,1.28,24000,0
2016-04-11,04:55:00,1.28,1.28,1.28,1.28,24000,0
2016-04-11,05:00:00,1.28,1.28,1.28,1.28,6000,0
2016-04-11,05:05:00,1.28,1.28,1.28,1.28,2000,0
2016-04-11,05:10:00,1.28,1.28,1.28,1.28,120000,0
2016-04-11,05:20:00,1.28,1.28,1.27,1.27,128000,0
2016-04-11,05:35:00,1.27,1.27,1.27,1.27,14000,0
2016-04-11,05:45:00,1.27,1.27,1.27,1.27,2000,0
2016-04-11,05:50:00,1.27,1.28,1.27,1.28,4000,0
2016-04-11,06:00:00,1.28,1.28,1.27,1.27,4000,0
2016-04-11,07:05:00,1.27,1.27,1.27,1.27,2000,0
2016-04-11,07:15:00,1.27,1.28,1.27,1.27,76000,0
2016-04-11,07:25:00,1.27,1.27,1.27,1.27,8000,0
2016-04-11,07:35:00,1.27,1.28,1.27,1.28,20000,0
2016-04-11,08:05:00,1.28,1.28,1.27,1.27,6000,0
2016-04-11,08:15:00,1.27,1.27,1.27,1.27,12000,0
2016-04-11,08:20:00,1.27,1.27,1.27,1.27,42000,0
2016-04-11,08:25:00,1.27,1.27,1.27,1.27,28000,0
2016-04-11,09:05:00,1.26,1.27,1.26,1.27,58000,0
2016-04-11,09:35:00,1.27,1.27,1.27,1.27,4000,0
2016-04-11,09:45:00,1.27,1.28,1.27,1.28,182000,0
2016-04-11,09:50:00,1.28,1.28,1.28,1.28,4000,0
2016-04-11,10:00:00,1.28,1.28,1.27,1.27,22000,0
2016-04-12,03:45:00,1.26,1.27,1.26,1.26,4000,0
2016-04-12,03:50:00,1.26,1.29,1.26,1.29,40000,0
2016-04-12,05:15:00,1.28,1.28,1.27,1.27,58000,0
2016-04-12,05:50:00,1.27,1.27,1.26,1.26,70000,0
2016-04-12,07:05:00,1.26,1.26,1.26,1.26,2000,0
2016-04-12,07:50:00,1.26,1.27,1.26,1.27,42000,0
2016-04-12,08:10:00,1.27,1.27,1.27,1.27,6000,0
2016-04-12,08:25:00,1.27,1.28,1.27,1.28,104000,0
2016-04-12,08:30:00,1.27,1.27,1.27,1.27,2000,0
2016-04-12,08:35:00,1.27,1.27,1.27,1.27,2000,0
2016-04-12,08:40:00,1.27,1.27,1.27,1.27,2000,0
2016-04-12,08:45:00,1.27,1.27,1.27,1.27,8000,0
2016-04-12,08:50:00,1.27,1.27,1.27,1.27,8000,0
2016-04-12,08:55:00,1.27,1.28,1.27,1.28,14000,0
2016-04-12,09:00:00,1.28,1.28,1.27,1.27,42000,0
2016-04-12,09:05:00,1.27,1.28,1.27,1.28,4000,0
2016-04-12,09:15:00,1.28,1.28,1.27,1.27,6000,0
2016-04-12,09:20:00,1.27,1.28,1.27,1.28,4000,0
2016-04-12,09:45:00,1.28,1.28,1.27,1.27,8000,0
2016-04-12,09:50:00,1.27,1.28,1.27,1.28,12000,0
2016-04-12,10:00:00,1.28,1.28,1.27,1.28,80000,0
2016-04-13,03:35:00,1.28,1.28,1.27,1.28,116000,0
2016-04-13,03:40:00,1.28,1.28,1.28,1.28,16000,0
2016-04-13,03:45:00,1.28,1.28,1.27,1.27,4000,0
2016-04-13,03:50:00,1.27,1.28,1.27,1.27,28000,0
2016-04-13,03:55:00,1.27,1.28,1.27,1.28,44000,0
2016-04-13,04:00:00,1.28,1.28,1.28,1.28,20000,0
2016-04-13,04:05:00,1.28,1.29,1.28,1.29,62000,0
2016-04-13,04:10:00,1.29,1.29,1.29,1.29,10000,0
2016-04-13,04:15:00,1.29,1.29,1.27,1.27,412000,0
2016-04-13,04:20:00,1.27,1.27,1.27,1.27,6000,0
2016-04-13,04:25:00,1.27,1.27,1.27,1.27,128000,0
2016-04-13,04:30:00,1.27,1.27,1.26,1.27,300000,0
2016-04-13,04:35:00,1.27,1.27,1.27,1.27,84000,0
2016-04-13,04:40:00,1.27,1.28,1.27,1.28,54000,0
2016-04-13,04:45:00,1.28,1.28,1.27,1.27,4000,0
2016-04-13,05:05:00,1.27,1.28,1.27,1.28,28000,0
2016-04-13,05:10:00,1.28,1.28,1.27,1.27,32000,0
2016-04-13,05:25:00,1.27,1.27,1.27,1.27,2000,0
2016-04-13,05:35:00,1.27,1.27,1.27,1.27,36000,0
2016-04-13,05:50:00,1.27,1.28,1.27,1.28,302000,0
2016-04-13,06:00:00,1.28,1.28,1.27,1.27,32000,0
2016-04-13,07:05:00,1.27,1.27,1.27,1.27,20000,0
2016-04-13,07:15:00,1.27,1.27,1.27,1.27,10000,0
2016-04-13,07:30:00,1.27,1.27,1.27,1.27,60000,0
2016-04-13,08:05:00,1.27,1.28,1.27,1.28,248000,0
2016-04-13,08:15:00,1.28,1.28,1.28,1.28,12000,0
2016-04-13,08:20:00,1.28,1.28,1.28,1.28,8000,0
2016-04-13,08:30:00,1.28,1.28,1.28,1.28,60000,0
2016-04-13,08:35:00,1.28,1.28,1.28,1.28,22000,0
2016-04-13,08:40:00,1.28,1.28,1.28,1.28,18000,0
2016-04-13,08:45:00,1.28,1.28,1.28,1.28,20000,0
2016-04-13,08:50:00,1.28,1.29,1.28,1.29,8000,0
2016-04-13,09:00:00,1.29,1.29,1.28,1.28,16000,0
2016-04-13,09:20:00,1.28,1.28,1.28,1.28,8000,0
2016-04-13,09:30:00,1.28,1.28,1.28,1.28,2000,0
2016-04-13,09:35:00,1.28,1.29,1.28,1.29,8000,0
2016-04-13,09:40:00,1.29,1.29,1.29,1.29,48000,0
2016-04-13,09:45:00,1.29,1.29,1.28,1.29,362000,0
2016-04-13,09:50:00,1.29,1.29,1.29,1.29,168000,0
2016-04-13,09:55:00,1.29,1.3,1.29,1.3,42000,0
2016-04-13,10:00:00,1.3,1.3,1.28,1.29,274000,0
