Date,Time,Open,High,Low,Close,Volume,OpenInt
2016-03-17,02:35:00,9.98,10,9.89,9.96,4000,0
2016-03-17,02:40:00,9.96,9.96,9.93,9.93,6500,0
2016-03-17,02:45:00,9.93,9.93,9.89,9.89,73000,0
2016-03-17,02:50:00,9.89,9.9,9.89,9.89,2500,0
2016-03-17,02:55:00,9.89,9.9,9.88,9.9,45500,0
2016-03-17,03:00:00,9.9,9.91,9.89,9.91,57000,0
2016-03-17,03:05:00,9.91,9.91,9.9,9.91,21500,0
2016-03-17,03:10:00,9.91,9.92,9.91,9.92,3000,0
2016-03-17,03:15:00,9.92,9.92,9.9,9.9,24000,0
2016-03-17,03:20:00,9.9,9.9,9.89,9.89,40000,0
2016-03-17,03:25:00,9.89,9.89,9.88,9.89,41500,0
2016-03-17,03:30:00,9.88,9.89,9.88,9.89,3000,0
2016-03-17,03:35:00,9.89,9.89,9.89,9.89,2500,0
2016-03-17,03:40:00,9.88,9.89,9.88,9.89,11000,0
2016-03-17,03:45:00,9.89,9.91,9.89,9.91,39000,0
2016-03-17,03:50:00,9.91,9.91,9.91,9.91,11000,0
2016-03-17,03:55:00,9.91,9.91,9.9,9.91,45000,0
2016-03-17,04:00:00,9.91,9.91,9.9,9.91,7000,0
2016-03-17,04:05:00,9.91,9.94,9.9,9.94,62500,0
2016-03-17,04:10:00,9.94,9.96,9.93,9.96,9500,0
2016-03-17,04:15:00,9.96,9.96,9.95,9.96,18000,0
2016-03-17,04:20:00,9.96,9.99,9.96,9.97,49000,0
2016-03-17,04:25:00,9.98,9.99,9.97,9.98,37000,0
2016-03-17,04:30:00,9.98,10,9.96,9.97,50500,0
2016-03-17,04:35:00,9.97,10,9.97,10,7000,0
2016-03-17,04:40:00,9.99,9.99,9.97,9.97,37000,0
2016-03-17,04:45:00,9.97,9.98,9.96,9.97,46500,0
2016-03-17,04:50:00,9.97,9.97,9.97,9.97,20000,0
2016-03-17,04:55:00,9.97,9.97,9.97,9.97,10000,0
2016-03-17,05:00:00,9.97,9.98,9.97,9.97,24500,0
2016-03-17,06:05:00,9.97,9.99,9.97,9.98,22500,0
2016-03-17,06:10:00,9.98,9.99,9.98,9.98,7000,0
2016-03-17,06:15:00,9.99,10,9.99,10,5500,0
2016-03-17,06:20:00,10,10,9.99,9.99,2500,0
2016-03-17,06:25:00,9.99,10,9.99,9.99,25000,0
2016-03-17,06:30:00,9.99,9.99,9.98,9.98,20000,0
2016-03-17,06:35:00,9.98,9.99,9.98,9.98,3500,0
2016-03-17,06:40:00,9.98,9.99,9.98,9.98,13500,0
2016-03-17,06:45:00,9.98,9.99,9.96,9.96,48000,0
2016-03-17,06:50:00,9.96,9.99,9.96,9.98,64500,0
2016-03-17,06:55:00,9.98,10,9.98,10,1000,0
2016-03-17,07:00:00,10,10,9.98,10,10500,0
2016-03-17,07:05:00,9.99,9.99,9.98,9.99,33000,0
2016-03-17,07:10:00,9.99,10,9.99,10,2000,0
2016-03-17,07:15:00,10,10,9.99,9.99,5000,0
2016-03-17,07:20:00,9.99,10,9.99,10,276000,0
2016-03-17,07:25:00,10,10,10,10,4000,0
2016-03-17,07:30:00,10,10.02,10,10.02,32500,0
2016-03-17,07:35:00,10.02,10.02,10,10,7000,0
2016-03-17,07:40:00,10,10,9.98,9.99,171500,0
2016-03-17,07:50:00,9.99,9.99,9.98,9.99,22500,0
2016-03-17,07:55:00,9.99,10,9.98,10,38000,0
2016-03-17,08:00:00,10,10,9.99,9.99,33000,0
2016-03-17,08:05:00,9.99,10,9.99,9.99,12500,0
2016-03-17,08:10:00,9.99,10,9.98,9.98,43500,0
2016-03-17,08:15:00,9.98,9.99,9.98,9.99,25000,0
2016-03-17,08:20:00,9.99,10,9.99,9.99,21000,0
2016-03-17,08:25:00,9.99,10,9.99,9.99,19500,0
2016-03-17,08:30:00,9.99,10,9.99,9.99,34500,0
2016-03-17,08:35:00,9.99,10,9.99,9.99,35000,0
2016-03-17,08:40:00,9.99,10,9.99,9.99,35500,0
2016-03-17,08:45:00,9.99,9.99,9.99,9.99,18000,0
2016-03-17,08:50:00,9.99,10,9.99,9.99,51500,0
2016-03-17,08:55:00,9.99,10,9.99,9.99,45500,0
2016-03-17,09:00:00,9.99,10,9.97,9.98,236000,0
2016-03-18,02:35:00,10.04,10.1,9.98,10.08,17000,0
2016-03-18,02:40:00,10.08,10.1,10.04,10.08,13500,0
2016-03-18,02:45:00,10.08,10.08,10.02,10.02,25000,0
2016-03-18,02:50:00,10.02,10.12,10.02,10.1,74000,0
2016-03-18,02:55:00,10.1,10.1,10.02,10.04,134500,0
2016-03-18,03:00:00,10.04,10.08,10.04,10.04,14000,0
2016-03-18,03:05:00,10.04,10.08,10.04,10.08,9000,0
2016-03-18,03:10:00,10.08,10.12,10.06,10.1,13500,0
2016-03-18,03:15:00,10.1,10.12,10.06,10.1,9000,0
2016-03-18,03:20:00,10.1,10.12,10.1,10.12,12000,0
2016-03-18,03:25:00,10.12,10.14,10.1,10.1,8000,0
2016-03-18,03:30:00,10.1,10.14,10.1,10.12,16000,0
2016-03-18,03:35:00,10.12,10.14,10.12,10.14,7000,0
2016-03-18,03:40:00,10.14,10.14,10.12,10.12,12000,0
2016-03-18,03:45:00,10.12,10.14,10.1,10.1,54500,0
2016-03-18,03:50:00,10.1,10.12,10.1,10.12,5906,0
2016-03-18,03:55:00,10.12,10.14,10.12,10.14,10000,0
2016-03-18,04:00:00,10.14,10.14,10.12,10.12,5000,0
2016-03-18,04:05:00,10.12,10.14,10.12,10.12,16000,0
2016-03-18,04:10:00,10.12,10.14,10.12,10.14,6500,0
2016-03-18,04:15:00,10.14,10.14,10.12,10.12,7500,0
2016-03-18,04:20:00,10.12,10.14,10.1,10.1,29000,0
2016-03-18,04:25:00,10.1,10.12,10.1,10.1,5000,0
2016-03-18,04:30:00,10.1,10.14,10.1,10.12,14500,0
2016-03-18,04:35:00,10.12,10.14,10.12,10.12,6500,0
2016-03-18,04:40:00,10.12,10.14,10.1,10.1,28500,0
2016-03-18,04:45:00,10.1,10.1,10.1,10.1,500,0
2016-03-18,04:50:00,10.1,10.12,10.1,10.12,20000,0
2016-03-18,04:55:00,10.12,10.12,10.1,10.12,6500,0
2016-03-18,05:00:00,10.12,10.12,10.1,10.1,8500,0
2016-03-18,06:05:00,10.1,10.12,10.1,10.12,14500,0
2016-03-18,06:10:00,10.12,10.12,10.1,10.1,28000,0
2016-03-18,06:15:00,10.1,10.12,10.1,10.1,14000,0
2016-03-18,06:20:00,10.1,10.12,10.04,10.04,74000,0
2016-03-18,06:25:00,10.04,10.08,10.04,10.04,40500,0
2016-03-18,06:30:00,10.04,10.06,10.04,10.06,8500,0
2016-03-18,06:35:00,10.06,10.08,10.06,10.06,4000,0
2016-03-18,06:45:00,10.06,10.08,10.04,10.04,44000,0
2016-03-18,06:50:00,10.04,10.04,10.02,10.02,8500,0
2016-03-18,06:55:00,10.02,10.04,10.02,10.04,1000,0
2016-03-18,07:00:00,10.04,10.06,10.02,10.06,3000,0
2016-03-18,07:05:00,10.06,10.06,10.02,10.06,6000,0
2016-03-18,07:10:00,10.06,10.06,10.02,10.06,7500,0
2016-03-18,07:15:00,10.06,10.06,10.04,10.06,7000,0
2016-03-18,07:20:00,10.06,10.06,10.04,10.06,6500,0
2016-03-18,07:25:00,10.06,10.06,10.02,10.02,38500,0
2016-03-18,07:35:00,10.02,10.02,9.99,9.99,154500,0
2016-03-18,07:40:00,9.99,9.99,9.98,9.98,46500,0
2016-03-18,07:45:00,9.98,9.99,9.98,9.98,19700,0
2016-03-18,07:50:00,9.98,9.99,9.98,9.98,59500,0
2016-03-18,07:55:00,9.98,10,9.98,9.99,156500,0
2016-03-18,08:00:00,9.99,9.99,9.99,9.99,1000,0
2016-03-18,08:05:00,9.99,10.02,9.99,10.02,151000,0
2016-03-18,08:10:00,10.02,10.02,10,10.02,14500,0
2016-03-18,08:15:00,10.02,10.02,10.02,10.02,11500,0
2016-03-18,08:20:00,10.02,10.02,10,10.02,8000,0
2016-03-18,08:25:00,10.02,10.02,10,10.02,14000,0
2016-03-18,08:30:00,10.02,10.02,10,10.02,11500,0
2016-03-18,08:35:00,10.02,10.02,10.02,10.02,6500,0
2016-03-18,08:40:00,10.02,10.02,9.99,10,170500,0
2016-03-18,08:45:00,10,10,9.98,9.99,122000,0
2016-03-18,08:50:00,9.99,9.99,9.98,9.98,1500,0
2016-03-18,08:55:00,9.98,9.99,9.89,9.97,301000,0
2016-03-18,09:00:00,9.97,10.02,9.97,10.02,389000,0
2016-03-21,02:35:00,10.02,10.1,9.87,9.87,43500,0
2016-03-21,02:40:00,9.87,9.92,9.85,9.86,43500,0
2016-03-21,02:45:00,9.86,9.88,9.8,9.84,76000,0
2016-03-21,02:50:00,9.84,9.86,9.83,9.84,47000,0
2016-03-21,02:55:00,9.84,9.86,9.84,9.86,5000,0
2016-03-21,03:00:00,9.86,9.87,9.86,9.87,21000,0
2016-03-21,03:05:00,9.87,9.88,9.86,9.86,48500,0
2016-03-21,03:10:00,9.86,9.91,9.86,9.9,56500,0
2016-03-21,03:15:00,9.9,9.91,9.9,9.9,6000,0
2016-03-21,03:20:00,9.9,9.92,9.9,9.91,25500,0
2016-03-21,03:25:00,9.91,9.92,9.89,9.9,56500,0
2016-03-21,03:30:00,9.89,9.89,9.87,9.88,15500,0
2016-03-21,03:35:00,9.88,9.88,9.87,9.87,5000,0
2016-03-21,03:40:00,9.87,9.88,9.87,9.87,9500,0
2016-03-21,03:45:00,9.87,9.89,9.85,9.89,56500,0
2016-03-21,03:50:00,9.89,9.89,9.88,9.88,8000,0
2016-03-21,04:00:00,9.88,9.89,9.88,9.89,1500,0
2016-03-21,04:05:00,9.89,9.91,9.88,9.91,90000,0
2016-03-21,04:10:00,9.9,9.9,9.87,9.88,66000,0
2016-03-21,04:15:00,9.88,9.88,9.88,9.88,4000,0
2016-03-21,04:20:00,9.88,9.89,9.87,9.89,48500,0
2016-03-21,04:25:00,9.89,9.89,9.88,9.88,10000,0
2016-03-21,04:30:00,9.88,9.88,9.83,9.85,218500,0
2016-03-21,04:35:00,9.86,9.91,9.86,9.9,120000,0
2016-03-21,04:40:00,9.9,9.9,9.89,9.9,32000,0
2016-03-21,04:45:00,9.9,9.91,9.89,9.89,51000,0
2016-03-21,04:50:00,9.89,9.91,9.89,9.89,44500,0
2016-03-21,04:55:00,9.89,9.89,9.89,9.89,5000,0
2016-03-21,05:00:00,9.89,9.9,9.88,9.89,64000,0
2016-03-21,06:05:00,9.9,9.9,9.89,9.89,5500,0
2016-03-21,06:10:00,9.89,9.89,9.88,9.89,9000,0
2016-03-21,06:20:00,9.88,9.88,9.87,9.88,12500,0
2016-03-21,06:25:00,9.88,9.88,9.88,9.88,500,0
2016-03-21,06:30:00,9.88,9.88,9.87,9.87,3000,0
2016-03-21,06:35:00,9.87,9.92,9.87,9.92,89500,0
2016-03-21,06:40:00,9.92,9.92,9.92,9.92,2000,0
2016-03-21,06:45:00,9.89,9.89,9.88,9.88,15500,0
2016-03-21,06:50:00,9.88,9.88,9.87,9.87,9000,0
2016-03-21,06:55:00,9.87,9.88,9.87,9.88,1000,0
2016-03-21,07:00:00,9.88,9.9,9.88,9.89,68600,0
2016-03-21,07:05:00,9.89,9.89,9.87,9.87,22000,0
2016-03-21,07:10:00,9.87,9.87,9.85,9.85,66000,0
2016-03-21,07:15:00,9.85,9.87,9.85,9.86,37000,0
2016-03-21,07:20:00,9.86,9.86,9.84,9.85,55000,0
2016-03-21,07:25:00,9.85,9.85,9.84,9.85,36500,0
2016-03-21,07:30:00,9.85,9.87,9.85,9.87,32500,0
2016-03-21,07:40:00,9.87,9.88,9.87,9.88,2000,0
2016-03-21,07:45:00,9.88,9.88,9.87,9.87,25500,0
2016-03-21,08:00:00,9.87,9.89,9.87,9.88,76000,0
2016-03-21,08:05:00,9.88,9.88,9.88,9.88,26000,0
2016-03-21,08:10:00,9.88,9.88,9.88,9.88,27500,0
2016-03-21,08:15:00,9.88,9.89,9.87,9.89,48500,0
2016-03-21,08:20:00,9.89,9.92,9.89,9.9,75500,0
2016-03-21,08:25:00,9.9,9.9,9.88,9.89,110000,0
2016-03-21,08:30:00,9.89,9.92,9.89,9.89,50000,0
2016-03-21,08:35:00,9.89,9.95,9.89,9.95,193500,0
2016-03-21,08:40:00,9.95,9.95,9.92,9.94,21500,0
2016-03-21,08:45:00,9.94,9.94,9.92,9.92,139500,0
2016-03-21,08:50:00,9.92,9.98,9.92,9.95,126000,0
2016-03-21,08:55:00,9.95,9.95,9.92,9.94,58000,0
2016-03-21,09:00:00,9.94,9.94,9.92,9.92,177500,0
2016-03-22,02:35:00,9.98,10,9.92,9.93,9000,0
2016-03-22,02:40:00,9.92,9.92,9.88,9.89,12500,0
2016-03-22,02:45:00,9.89,9.94,9.89,9.94,1000,0
2016-03-22,02:55:00,9.94,9.94,9.94,9.94,2051,0
2016-03-22,03:00:00,9.94,9.94,9.92,9.92,6000,0
2016-03-22,03:15:00,9.92,9.92,9.91,9.92,22500,0
2016-03-22,03:20:00,9.92,9.92,9.92,9.92,2500,0
2016-03-22,03:30:00,9.92,9.92,9.91,9.91,1000,0
2016-03-22,03:35:00,9.91,9.92,9.91,9.92,1000,0
2016-03-22,03:40:00,9.92,9.92,9.92,9.92,1000,0
2016-03-22,03:45:00,9.92,9.92,9.92,9.92,1500,0
2016-03-22,03:50:00,9.92,9.96,9.92,9.95,36500,0
2016-03-22,03:55:00,9.95,9.96,9.91,9.91,32000,0
2016-03-22,04:05:00,9.89,9.89,9.89,9.89,500,0
2016-03-22,04:10:00,9.89,9.92,9.89,9.9,12500,0
2016-03-22,04:15:00,9.9,9.9,9.9,9.9,500,0
2016-03-22,04:25:00,9.9,9.91,9.9,9.91,1500,0
2016-03-22,04:30:00,9.91,9.91,9.89,9.9,11500,0
2016-03-22,04:40:00,9.89,9.89,9.87,9.87,7500,0
2016-03-22,04:45:00,9.87,9.87,9.86,9.87,16000,0
2016-03-22,04:50:00,9.87,9.92,9.87,9.9,30000,0
2016-03-22,04:55:00,9.89,9.9,9.84,9.84,63000,0
2016-03-22,05:00:00,9.84,9.84,9.83,9.83,8000,0
2016-03-22,06:05:00,9.81,9.88,9.8,9.83,84000,0
2016-03-22,06:10:00,9.8,9.83,9.8,9.83,1500,0
2016-03-22,06:20:00,9.84,9.87,9.8,9.87,30000,0
2016-03-22,06:25:00,9.87,9.88,9.8,9.88,33000,0
2016-03-22,06:30:00,9.88,9.88,9.84,9.84,92000,0
2016-03-22,06:35:00,9.85,9.87,9.84,9.85,19000,0
2016-03-22,06:40:00,9.86,9.86,9.86,9.86,500,0
2016-03-22,06:45:00,9.86,9.87,9.85,9.86,28500,0
2016-03-22,06:50:00,9.86,9.87,9.85,9.87,5000,0
2016-03-22,06:55:00,9.87,9.87,9.86,9.86,13500,0
2016-03-22,07:00:00,9.86,9.87,9.85,9.85,8000,0
2016-03-22,07:10:00,9.86,9.87,9.86,9.86,32000,0
2016-03-22,07:15:00,9.86,9.86,9.85,9.86,29000,0
2016-03-22,07:20:00,9.86,9.87,9.85,9.86,74500,0
2016-03-22,07:25:00,9.86,9.87,9.86,9.86,26000,0
2016-03-22,07:30:00,9.86,9.86,9.85,9.85,12000,0
2016-03-22,07:35:00,9.85,9.87,9.85,9.86,12500,0
2016-03-22,07:40:00,9.86,9.87,9.85,9.86,36000,0
2016-03-22,07:45:00,9.86,9.87,9.86,9.87,32000,0
2016-03-22,07:50:00,9.87,9.87,9.86,9.86,9500,0
2016-03-22,07:55:00,9.86,9.87,9.86,9.87,14500,0
2016-03-22,08:00:00,9.87,9.87,9.86,9.87,17000,0
2016-03-22,08:05:00,9.87,9.87,9.86,9.87,43000,0
2016-03-22,08:10:00,9.87,9.87,9.86,9.87,7500,0
2016-03-22,08:15:00,9.87,9.89,9.86,9.88,91500,0
2016-03-22,08:20:00,9.89,9.9,9.85,9.86,63500,0
2016-03-22,08:25:00,9.86,9.87,9.86,9.87,36000,0
2016-03-22,08:30:00,9.87,9.87,9.87,9.87,6500,0
2016-03-22,08:35:00,9.87,9.87,9.87,9.87,30500,0
2016-03-22,08:40:00,9.87,9.9,9.86,9.88,264500,0
2016-03-22,08:45:00,9.88,9.93,9.87,9.89,243000,0
2016-03-22,08:50:00,9.89,9.89,9.88,9.88,144000,0
2016-03-22,08:55:00,9.88,9.91,9.88,9.88,185000,0
2016-03-22,09:00:00,9.88,9.91,9.87,9.88,178000,0
2016-03-23,02:40:00,9.89,9.91,9.88,9.88,216100,0
2016-03-23,02:45:00,9.88,9.89,9.88,9.89,1000,0
2016-03-23,02:50:00,9.89,9.89,9.89,9.89,6500,0
2016-03-23,02:55:00,9.89,9.89,9.89,9.89,3500,0
2016-03-23,03:05:00,9.89,9.89,9.88,9.89,2000,0
2016-03-23,03:15:00,9.89,9.92,9.89,9.92,9500,0
2016-03-23,03:20:00,9.92,9.92,9.9,9.9,53500,0
2016-03-23,03:25:00,9.9,9.9,9.88,9.88,67500,0
2016-03-23,03:30:00,9.88,9.88,9.88,9.88,1000,0
2016-03-23,03:35:00,9.88,9.89,9.88,9.89,5000,0
2016-03-23,03:40:00,9.89,9.89,9.88,9.88,3500,0
2016-03-23,03:45:00,9.88,9.89,9.88,9.88,107000,0
2016-03-23,03:50:00,9.88,9.89,9.88,9.89,5500,0
2016-03-23,03:55:00,9.89,9.89,9.89,9.89,5500,0
2016-03-23,04:00:00,9.89,9.9,9.88,9.89,160500,0
2016-03-23,04:05:00,9.89,9.89,9.89,9.89,242000,0
2016-03-23,04:10:00,9.89,9.89,9.87,9.87,42000,0
2016-03-23,04:15:00,9.87,9.87,9.83,9.84,71000,0
2016-03-23,04:20:00,9.84,9.87,9.84,9.87,49500,0
2016-03-23,04:25:00,9.87,9.87,9.87,9.87,1000,0
2016-03-23,04:30:00,9.87,9.87,9.86,9.87,33000,0
2016-03-23,04:35:00,9.87,9.87,9.87,9.87,2000,0
2016-03-23,04:40:00,9.87,9.87,9.87,9.87,8000,0
2016-03-23,04:45:00,9.87,9.87,9.86,9.87,32500,0
2016-03-23,04:50:00,9.87,9.89,9.87,9.89,37000,0
2016-03-23,04:55:00,9.89,9.89,9.88,9.88,9000,0
2016-03-23,05:00:00,9.88,9.89,9.86,9.86,150500,0
2016-03-23,06:05:00,9.86,9.87,9.86,9.87,3500,0
2016-03-23,06:10:00,9.87,9.88,9.87,9.88,2000,0
2016-03-23,06:15:00,9.88,9.88,9.87,9.88,6500,0
2016-03-23,06:20:00,9.88,9.88,9.88,9.88,1500,0
2016-03-23,06:25:00,9.88,9.89,9.87,9.89,101000,0
2016-03-23,06:30:00,9.89,9.89,9.88,9.88,12000,0
2016-03-23,06:35:00,9.88,9.88,9.88,9.88,4500,0
2016-03-23,06:40:00,9.88,9.89,9.88,9.89,167500,0
2016-03-23,06:45:00,9.89,9.89,9.88,9.88,14000,0
2016-03-23,06:50:00,9.88,9.88,9.88,9.88,5500,0
2016-03-23,06:55:00,9.88,9.88,9.87,9.87,8000,0
2016-03-23,07:00:00,9.87,9.87,9.86,9.87,8500,0
2016-03-23,07:05:00,9.87,9.87,9.87,9.87,2000,0
2016-03-23,07:10:00,9.87,9.87,9.87,9.87,3500,0
2016-03-23,07:15:00,9.87,9.88,9.87,9.88,3500,0
2016-03-23,07:20:00,9.88,9.89,9.88,9.88,34500,0
2016-03-23,07:25:00,9.88,9.88,9.88,9.88,2500,0
2016-03-23,07:30:00,9.88,9.88,9.88,9.88,4000,0
2016-03-23,07:35:00,9.88,9.88,9.88,9.88,8500,0
2016-03-23,07:40:00,9.88,9.88,9.87,9.87,94500,0
2016-03-23,07:45:00,9.87,9.88,9.87,9.88,8000,0
2016-03-23,07:50:00,9.88,9.88,9.88,9.88,61000,0
2016-03-23,07:55:00,9.88,9.89,9.88,9.88,41500,0
2016-03-23,08:00:00,9.88,9.88,9.87,9.88,20000,0
2016-03-23,08:05:00,9.88,9.88,9.88,9.88,7000,0
2016-03-23,08:10:00,9.88,9.88,9.88,9.88,8500,0
2016-03-23,08:15:00,9.88,9.88,9.87,9.88,4500,0
2016-03-23,08:20:00,9.88,9.88,9.88,9.88,6000,0
2016-03-23,08:25:00,9.88,9.9,9.87,9.89,109000,0
2016-03-23,08:30:00,9.89,9.89,9.87,9.87,42500,0
2016-03-23,08:35:00,9.87,9.89,9.87,9.88,71000,0
2016-03-23,08:40:00,9.88,9.9,9.87,9.87,162000,0
2016-03-23,08:45:00,9.87,9.89,9.87,9.88,25500,0
2016-03-23,08:50:00,9.88,9.9,9.87,9.87,193152,0
2016-03-23,08:55:00,9.87,9.9,9.87,9.88,35500,0
2016-03-23,09:00:00,9.88,9.88,9.85,9.87,83000,0
2016-03-24,02:35:00,9.8,9.81,9.8,9.81,400500,0
2016-03-24,02:40:00,9.85,9.85,9.85,9.85,1033,0
2016-03-24,02:45:00,9.85,9.85,9.85,9.85,500,0
2016-03-24,02:50:00,9.85,9.86,9.84,9.85,6000,0
2016-03-24,02:55:00,9.85,9.86,9.84,9.84,20000,0
2016-03-24,03:00:00,9.84,9.84,9.84,9.84,1000,0
2016-03-24,03:05:00,9.84,9.85,9.78,9.84,30500,0
2016-03-24,03:10:00,9.84,9.84,9.83,9.83,4500,0
2016-03-24,03:15:00,9.83,9.83,9.82,9.82,4000,0
2016-03-24,03:20:00,9.82,9.84,9.82,9.82,19500,0
2016-03-24,03:25:00,9.82,9.82,9.79,9.79,19498,0
2016-03-24,03:30:00,9.79,9.8,9.79,9.79,10500,0
2016-03-24,03:35:00,9.79,9.8,9.72,9.8,138000,0
2016-03-24,03:40:00,9.8,9.8,9.78,9.78,10028,0
2016-03-24,03:45:00,9.78,9.8,9.78,9.8,19000,0
2016-03-24,03:50:00,9.8,9.8,9.79,9.8,11500,0
2016-03-24,03:55:00,9.8,9.8,9.78,9.78,60000,0
2016-03-24,04:00:00,9.78,9.79,9.78,9.79,14000,0
2016-03-24,04:05:00,9.79,9.79,9.79,9.79,3000,0
2016-03-24,04:10:00,9.79,9.79,9.79,9.79,5500,0
2016-03-24,04:15:00,9.79,9.79,9.79,9.79,24500,0
2016-03-24,04:20:00,9.79,9.8,9.79,9.8,7000,0
2016-03-24,04:25:00,9.8,9.8,9.8,9.8,79500,0
2016-03-24,04:30:00,9.8,9.8,9.8,9.8,18000,0
2016-03-24,04:35:00,9.8,9.81,9.8,9.8,17000,0
2016-03-24,04:40:00,9.8,9.81,9.8,9.8,12000,0
2016-03-24,04:45:00,9.8,9.81,9.8,9.81,10000,0
2016-03-24,04:50:00,9.81,9.81,9.8,9.81,55000,0
2016-03-24,04:55:00,9.81,9.81,9.8,9.8,10000,0
2016-03-24,05:00:00,9.8,9.81,9.8,9.8,27500,0
2016-03-24,06:05:00,9.8,9.81,9.8,9.81,7500,0
2016-03-24,06:10:00,9.81,9.81,9.8,9.8,8500,0
2016-03-24,06:15:00,9.8,9.81,9.8,9.81,28500,0
2016-03-24,06:20:00,9.81,9.82,9.81,9.81,31500,0
2016-03-24,06:25:00,9.81,9.82,9.81,9.81,42000,0
2016-03-24,06:30:00,9.81,9.81,9.8,9.81,17500,0
2016-03-24,06:35:00,9.81,9.81,9.8,9.81,13500,0
2016-03-24,06:40:00,9.81,9.81,9.81,9.81,6000,0
2016-03-24,06:45:00,9.81,9.81,9.81,9.81,3500,0
2016-03-24,06:50:00,9.81,9.81,9.8,9.8,21500,0
2016-03-24,06:55:00,9.8,9.81,9.8,9.8,17000,0
2016-03-24,07:00:00,9.8,9.81,9.8,9.81,2000,0
2016-03-24,07:05:00,9.81,9.81,9.81,9.81,7500,0
2016-03-24,07:10:00,9.81,9.82,9.81,9.81,10500,0
2016-03-24,07:15:00,9.81,9.82,9.81,9.82,13500,0
2016-03-24,07:20:00,9.82,9.82,9.8,9.8,24000,0
2016-03-24,07:25:00,9.8,9.81,9.8,9.8,7500,0
2016-03-24,07:30:00,9.8,9.81,9.8,9.81,13000,0
2016-03-24,07:35:00,9.81,9.84,9.81,9.84,28000,0
2016-03-24,07:40:00,9.84,9.84,9.83,9.83,34000,0
2016-03-24,07:45:00,9.83,9.83,9.82,9.83,7500,0
2016-03-24,07:50:00,9.83,9.83,9.82,9.82,10500,0
2016-03-24,07:55:00,9.82,9.83,9.81,9.82,20000,0
2016-03-24,08:00:00,9.82,9.82,9.8,9.81,17000,0
2016-03-24,08:05:00,9.81,9.81,9.8,9.81,26500,0
2016-03-24,08:10:00,9.81,9.81,9.8,9.8,20500,0
2016-03-24,08:15:00,9.8,9.81,9.8,9.8,19000,0
2016-03-24,08:20:00,9.8,9.81,9.8,9.8,52000,0
2016-03-24,08:25:00,9.8,9.81,9.8,9.8,13000,0
2016-03-24,08:30:00,9.8,9.8,9.78,9.78,124500,0
2016-03-24,08:35:00,9.78,9.79,9.78,9.79,26500,0
2016-03-24,08:40:00,9.79,9.79,9.78,9.78,23000,0
2016-03-24,08:45:00,9.78,9.79,9.78,9.79,61500,0
2016-03-24,08:50:00,9.79,9.8,9.78,9.79,166500,0
2016-03-24,08:55:00,9.79,9.79,9.75,9.76,92500,0
2016-03-24,09:00:00,9.76,9.8,9.75,9.79,206500,0
2016-03-29,03:35:00,9.83,9.83,9.74,9.75,49500,0
2016-03-29,03:40:00,9.75,9.75,9.66,9.72,53500,0
2016-03-29,03:45:00,9.72,9.74,9.72,9.72,19000,0
2016-03-29,03:50:00,9.72,9.76,9.72,9.76,24000,0
2016-03-29,03:55:00,9.76,9.79,9.76,9.78,29500,0
2016-03-29,04:00:00,9.78,9.79,9.75,9.77,21500,0
2016-03-29,04:05:00,9.77,9.78,9.76,9.76,24500,0
2016-03-29,04:10:00,9.76,9.76,9.74,9.74,9500,0
2016-03-29,04:15:00,9.74,9.76,9.74,9.75,21000,0
2016-03-29,04:20:00,9.75,9.76,9.75,9.75,7500,0
2016-03-29,04:25:00,9.75,9.75,9.74,9.75,10500,0
2016-03-29,04:30:00,9.75,9.77,9.74,9.75,40000,0
2016-03-29,04:35:00,9.76,9.77,9.76,9.77,13500,0
2016-03-29,04:40:00,9.77,9.79,9.75,9.75,45500,0
2016-03-29,04:45:00,9.75,9.76,9.75,9.76,7500,0
2016-03-29,04:50:00,9.76,9.77,9.75,9.75,11500,0
2016-03-29,04:55:00,9.75,9.76,9.75,9.75,16500,0
2016-03-29,05:00:00,9.75,9.76,9.74,9.76,29500,0
2016-03-29,05:05:00,9.76,9.76,9.74,9.74,15000,0
2016-03-29,05:10:00,9.74,9.74,9.72,9.73,18500,0
2016-03-29,05:15:00,9.73,9.73,9.72,9.72,2500,0
2016-03-29,05:20:00,9.72,9.72,9.69,9.69,39500,0
2016-03-29,05:25:00,9.69,9.69,9.68,9.68,5000,0
2016-03-29,05:30:00,9.68,9.69,9.65,9.65,83000,0
2016-03-29,05:35:00,9.64,9.64,9.64,9.64,5500,0
2016-03-29,05:40:00,9.64,9.65,9.64,9.65,15500,0
2016-03-29,05:45:00,9.65,9.67,9.64,9.66,35000,0
2016-03-29,05:50:00,9.66,9.67,9.66,9.67,12500,0
2016-03-29,05:55:00,9.67,9.67,9.59,9.6,25000,0
2016-03-29,06:00:00,9.6,9.61,9.58,9.61,39000,0
2016-03-29,07:05:00,9.61,9.61,9.6,9.6,514000,0
2016-03-29,07:10:00,9.6,9.67,9.59,9.67,51500,0
2016-03-29,07:15:00,9.67,9.67,9.66,9.66,15500,0
2016-03-29,07:20:00,9.66,9.66,9.64,9.65,9500,0
2016-03-29,07:25:00,9.65,9.65,9.64,9.64,9000,0
2016-03-29,07:30:00,9.64,9.65,9.64,9.64,7500,0
2016-03-29,07:35:00,9.64,9.65,9.64,9.65,7500,0
2016-03-29,07:40:00,9.65,9.67,9.65,9.67,27000,0
2016-03-29,07:45:00,9.67,9.68,9.67,9.68,26000,0
2016-03-29,07:50:00,9.68,9.68,9.67,9.68,5500,0
2016-03-29,07:55:00,9.68,9.68,9.65,9.65,15500,0
2016-03-29,08:00:00,9.65,9.65,9.65,9.65,1500,0
2016-03-29,08:05:00,9.65,9.66,9.65,9.65,14000,0
2016-03-29,08:10:00,9.65,9.65,9.64,9.64,8000,0
2016-03-29,08:15:00,9.64,9.65,9.6,9.61,101500,0
2016-03-29,08:20:00,9.61,9.68,9.61,9.65,60500,0
2016-03-29,08:25:00,9.66,9.68,9.66,9.68,14000,0
2016-03-29,08:30:00,9.68,9.68,9.63,9.63,38500,0
2016-03-29,08:35:00,9.63,9.65,9.63,9.65,11000,0
2016-03-29,08:40:00,9.65,9.65,9.59,9.62,63000,0
2016-03-29,08:45:00,9.64,9.66,9.58,9.61,148000,0
2016-03-29,08:50:00,9.61,9.65,9.61,9.65,13500,0
2016-03-29,08:55:00,9.65,9.65,9.62,9.62,1400500,0
2016-03-29,09:00:00,9.62,9.63,9.58,9.62,123000,0
2016-03-29,09:05:00,9.62,9.64,9.6,9.61,33000,0
2016-03-29,09:10:00,9.61,9.64,9.6,9.61,53500,0
2016-03-29,09:15:00,9.62,9.62,9.6,9.61,23500,0
2016-03-29,09:20:00,9.61,9.63,9.6,9.61,25500,0
2016-03-29,09:25:00,9.61,9.64,9.59,9.6,66500,0
2016-03-29,09:30:00,9.6,9.62,9.59,9.6,71500,0
2016-03-29,09:35:00,9.6,9.6,9.55,9.56,233000,0
2016-03-29,09:40:00,9.56,9.56,9.54,9.54,81000,0
2016-03-29,09:45:00,9.54,9.62,9.54,9.6,52500,0
2016-03-29,09:50:00,9.6,9.6,9.56,9.59,46000,0
2016-03-29,09:55:00,9.59,9.59,9.54,9.59,60000,0
2016-03-29,10:00:00,9.59,9.62,9.57,9.61,140500,0
2016-03-30,03:35:00,9.65,9.66,9.65,9.66,28500,0
2016-03-30,03:40:00,9.66,9.7,9.66,9.7,29000,0
2016-03-30,03:45:00,9.7,9.7,9.68,9.68,1500,0
2016-03-30,03:50:00,9.68,9.68,9.68,9.68,6500,0
2016-03-30,03:55:00,9.68,9.7,9.67,9.68,42500,0
2016-03-30,04:00:00,9.68,9.7,9.68,9.69,3000,0
2016-03-30,04:05:00,9.69,9.69,9.68,9.69,39000,0
2016-03-30,04:10:00,9.68,9.68,9.68,9.68,1000,0
2016-03-30,04:15:00,9.68,9.7,9.67,9.7,45000,0
2016-03-30,04:25:00,9.69,9.69,9.69,9.69,3000,0
2016-03-30,04:30:00,9.69,9.69,9.68,9.69,8500,0
2016-03-30,04:35:00,9.69,9.7,9.68,9.69,47500,0
2016-03-30,04:40:00,9.69,9.7,9.69,9.7,54500,0
2016-03-30,04:45:00,9.7,9.7,9.69,9.7,13000,0
2016-03-30,04:50:00,9.7,9.71,9.7,9.7,60000,0
2016-03-30,04:55:00,9.7,9.71,9.7,9.7,17000,0
2016-03-30,05:00:00,9.7,9.71,9.68,9.69,65500,0
2016-03-30,05:05:00,9.69,9.69,9.69,9.69,4500,0
2016-03-30,05:10:00,9.69,9.7,9.69,9.7,4000,0
2016-03-30,05:15:00,9.7,9.7,9.69,9.7,24500,0
2016-03-30,05:20:00,9.7,9.7,9.69,9.7,26000,0
2016-03-30,05:25:00,9.7,9.7,9.7,9.7,500,0
2016-03-30,05:30:00,9.7,9.7,9.7,9.7,1500,0
2016-03-30,05:35:00,9.7,9.7,9.69,9.69,9500,0
2016-03-30,05:40:00,9.69,9.7,9.68,9.69,42000,0
2016-03-30,05:50:00,9.69,9.69,9.69,9.69,2000,0
2016-03-30,05:55:00,9.69,9.69,9.69,9.69,11500,0
2016-03-30,06:00:00,9.69,9.69,9.69,9.69,8000,0
2016-03-30,07:05:00,9.69,9.69,9.69,9.69,4000,0
2016-03-30,07:10:00,9.69,9.7,9.69,9.69,30000,0
2016-03-30,07:15:00,9.69,9.69,9.69,9.69,4500,0
2016-03-30,07:20:00,9.69,9.69,9.68,9.69,18000,0
2016-03-30,07:25:00,9.69,9.69,9.69,9.69,2000,0
2016-03-30,07:30:00,9.69,9.7,9.69,9.7,5000,0
2016-03-30,07:35:00,9.7,9.7,9.63,9.63,31500,0
2016-03-30,07:45:00,9.63,9.69,9.63,9.69,7000,0
2016-03-30,07:50:00,9.68,9.68,9.66,9.66,16000,0
2016-03-30,07:55:00,9.66,9.66,9.65,9.65,12000,0
2016-03-30,08:00:00,9.65,9.66,9.65,9.66,6500,0
2016-03-30,08:05:00,9.66,9.68,9.66,9.68,10500,0
2016-03-30,08:10:00,9.68,9.68,9.68,9.68,500,0
2016-03-30,08:15:00,9.68,9.69,9.68,9.69,13000,0
2016-03-30,08:20:00,9.69,9.69,9.69,9.69,4500,0
2016-03-30,08:25:00,9.69,9.7,9.69,9.7,20500,0
2016-03-30,08:30:00,9.7,9.7,9.69,9.69,11000,0
2016-03-30,08:35:00,9.69,9.69,9.69,9.69,6500,0
2016-03-30,08:40:00,9.69,9.69,9.69,9.69,11500,0
2016-03-30,08:45:00,9.69,9.7,9.69,9.7,13500,0
2016-03-30,08:50:00,9.7,9.7,9.69,9.69,34500,0
2016-03-30,08:55:00,9.69,9.69,9.69,9.69,1000,0
2016-03-30,09:00:00,9.69,9.69,9.69,9.69,5000,0
2016-03-30,09:05:00,9.69,9.69,9.69,9.69,4000,0
2016-03-30,09:10:00,9.69,9.69,9.69,9.69,11500,0
2016-03-30,09:15:00,9.69,9.69,9.69,9.69,24500,0
2016-03-30,09:20:00,9.69,9.69,9.69,9.69,8000,0
2016-03-30,09:25:00,9.69,9.69,9.68,9.69,20000,0
2016-03-30,09:30:00,9.69,9.69,9.67,9.67,122500,0
2016-03-30,09:35:00,9.67,9.67,9.66,9.66,37500,0
2016-03-30,09:40:00,9.66,9.68,9.66,9.68,12500,0
2016-03-30,09:45:00,9.68,9.69,9.68,9.69,73500,0
2016-03-30,09:50:00,9.69,9.69,9.68,9.68,75500,0
2016-03-30,09:55:00,9.68,9.69,9.67,9.68,80500,0
2016-03-30,10:00:00,9.68,9.69,9.66,9.68,170000,0
2016-03-31,03:35:00,9.7,9.7,9.68,9.68,500,0
2016-03-31,03:45:00,9.69,9.71,9.69,9.71,8000,0
2016-03-31,03:50:00,9.71,9.71,9.69,9.7,25500,0
2016-03-31,03:55:00,9.7,9.7,9.67,9.67,51500,0
2016-03-31,04:00:00,9.67,9.67,9.67,9.67,3500,0
2016-03-31,04:05:00,9.67,9.67,9.66,9.66,20000,0
2016-03-31,04:10:00,9.66,9.68,9.66,9.68,7500,0
2016-03-31,04:15:00,9.68,9.68,9.67,9.67,18000,0
2016-03-31,04:25:00,9.67,9.67,9.67,9.67,3000,0
2016-03-31,04:30:00,9.67,9.67,9.66,9.66,1500,0
2016-03-31,04:35:00,9.63,9.63,9.62,9.62,1000,0
2016-03-31,04:40:00,9.62,9.62,9.62,9.62,1500,0
2016-03-31,04:45:00,9.62,9.63,9.62,9.63,2500,0
2016-03-31,04:50:00,9.63,9.63,9.6,9.6,26500,0
2016-03-31,04:55:00,9.6,9.6,9.56,9.6,687000,0
2016-03-31,05:00:00,9.6,9.6,9.59,9.59,3500,0
2016-03-31,05:10:00,9.59,9.59,9.59,9.59,6000,0
2016-03-31,05:15:00,9.59,9.59,9.59,9.59,5000,0
2016-03-31,05:20:00,9.59,9.59,9.59,9.59,14500,0
2016-03-31,05:25:00,9.59,9.6,9.59,9.6,11000,0
2016-03-31,05:30:00,9.6,9.6,9.6,9.6,9500,0
2016-03-31,05:35:00,9.6,9.61,9.6,9.61,16000,0
2016-03-31,05:40:00,9.61,9.62,9.61,9.62,3000,0
2016-03-31,05:45:00,9.62,9.62,9.62,9.62,1000,0
2016-03-31,05:50:00,9.62,9.62,9.6,9.6,4500,0
2016-03-31,05:55:00,9.6,9.61,9.6,9.61,7000,0
2016-03-31,07:05:00,9.61,9.62,9.6,9.6,10500,0
2016-03-31,07:10:00,9.6,9.6,9.6,9.6,1000,0
2016-03-31,07:20:00,9.6,9.6,9.59,9.59,4500,0
2016-03-31,07:25:00,9.59,9.59,9.59,9.59,2000,0
2016-03-31,07:40:00,9.59,9.6,9.59,9.6,1500,0
2016-03-31,07:45:00,9.6,9.6,9.6,9.6,500,0
2016-03-31,07:55:00,9.6,9.6,9.6,9.6,500,0
2016-03-31,08:00:00,9.6,9.6,9.59,9.59,5000,0
2016-03-31,08:05:00,9.59,9.6,9.59,9.6,4500,0
2016-03-31,08:10:00,9.6,9.6,9.59,9.59,1500,0
2016-03-31,08:15:00,9.59,9.59,9.59,9.59,1000,0
2016-03-31,08:20:00,9.59,9.6,9.59,9.6,2500,0
2016-03-31,08:25:00,9.6,9.6,9.59,9.59,2500,0
2016-03-31,08:35:00,9.59,9.59,9.59,9.59,2500,0
2016-03-31,08:40:00,9.59,9.62,9.59,9.61,16500,0
2016-03-31,08:50:00,9.61,9.61,9.58,9.59,16000,0
2016-03-31,08:55:00,9.59,9.6,9.59,9.59,51000,0
2016-03-31,09:05:00,9.59,9.61,9.59,9.61,2500,0
2016-03-31,09:10:00,9.61,9.61,9.61,9.61,1500,0
2016-03-31,09:15:00,9.61,9.61,9.6,9.6,7500,0
2016-03-31,09:20:00,9.6,9.6,9.6,9.6,10000,0
2016-03-31,09:25:00,9.6,9.6,9.6,9.6,41500,0
2016-03-31,09:30:00,9.6,9.6,9.6,9.6,43500,0
2016-03-31,09:35:00,9.6,9.6,9.6,9.6,17000,0
2016-03-31,09:40:00,9.6,9.61,9.6,9.61,1000,0
2016-03-31,09:45:00,9.61,9.61,9.6,9.6,99000,0
2016-03-31,09:50:00,9.6,9.61,9.6,9.6,187000,0
2016-03-31,09:55:00,9.6,9.61,9.6,9.61,37500,0
2016-03-31,10:00:00,9.61,9.61,9.56,9.58,472000,0
2016-04-01,03:35:00,9.72,9.72,9.67,9.67,4000,0
2016-04-01,03:40:00,9.67,9.67,9.63,9.65,11000,0
2016-04-01,03:45:00,9.65,9.65,9.64,9.64,5000,0
2016-04-01,03:50:00,9.64,9.64,9.64,9.64,1500,0
2016-04-01,03:55:00,9.64,9.64,9.63,9.63,3000,0
2016-04-01,04:00:00,9.63,9.63,9.6,9.6,3500,0
2016-04-01,04:05:00,9.6,9.6,9.59,9.59,3000,0
2016-04-01,04:10:00,9.59,9.59,9.54,9.55,116000,0
2016-04-01,04:15:00,9.55,9.57,9.42,9.43,335000,0
2016-04-01,04:20:00,9.43,9.44,9.42,9.43,30500,0
2016-04-01,04:25:00,9.43,9.48,9.43,9.48,59000,0
2016-04-01,04:30:00,9.48,9.48,9.45,9.47,15500,0
2016-04-01,04:35:00,9.47,9.52,9.44,9.5,77500,0
2016-04-01,04:40:00,9.5,9.5,9.44,9.46,20000,0
2016-04-01,04:45:00,9.46,9.5,9.46,9.5,20000,0
2016-04-01,04:50:00,9.5,9.5,9.47,9.49,26000,0
2016-04-01,04:55:00,9.49,9.5,9.47,9.5,87500,0
2016-04-01,05:00:00,9.5,9.5,9.47,9.5,302000,0
2016-04-01,05:05:00,9.5,9.5,9.49,9.49,97174,0
2016-04-01,05:10:00,9.49,9.5,9.49,9.5,4500,0
2016-04-01,05:15:00,9.5,9.5,9.49,9.49,238000,0
2016-04-01,05:20:00,9.49,9.52,9.49,9.49,196500,0
2016-04-01,05:25:00,9.49,9.5,9.49,9.5,5000,0
2016-04-01,05:30:00,9.5,9.5,9.49,9.49,74500,0
2016-04-01,05:35:00,9.49,9.5,9.49,9.49,107000,0
2016-04-01,05:40:00,9.49,9.51,9.49,9.51,31500,0
2016-04-01,05:45:00,9.51,9.51,9.49,9.5,74183,0
2016-04-01,05:50:00,9.5,9.5,9.49,9.49,4321,0
2016-04-01,05:55:00,9.49,9.51,9.49,9.49,74000,0
2016-04-01,06:00:00,9.49,9.51,9.49,9.49,50500,0
2016-04-01,07:05:00,9.49,9.5,9.49,9.5,12500,0
2016-04-01,07:10:00,9.5,9.51,9.49,9.49,186500,0
2016-04-01,07:15:00,9.49,9.5,9.49,9.49,4500,0
2016-04-01,07:20:00,9.49,9.5,9.49,9.49,9000,0
2016-04-01,07:25:00,9.49,9.52,9.49,9.49,25500,0
2016-04-01,07:30:00,9.49,9.52,9.49,9.51,8500,0
2016-04-01,07:35:00,9.51,9.51,9.5,9.5,16000,0
2016-04-01,07:40:00,9.5,9.51,9.5,9.5,35000,0
2016-04-01,07:45:00,9.5,9.51,9.5,9.5,27000,0
2016-04-01,07:50:00,9.5,9.51,9.5,9.51,4000,0
2016-04-01,07:55:00,9.51,9.51,9.49,9.49,44000,0
2016-04-01,08:00:00,9.49,9.51,9.49,9.51,31000,0
2016-04-01,08:05:00,9.51,9.51,9.49,9.49,9000,0
2016-04-01,08:10:00,9.49,9.51,9.49,9.49,4000,0
2016-04-01,08:15:00,9.49,9.51,9.49,9.5,66000,0
2016-04-01,08:20:00,9.5,9.51,9.5,9.51,32500,0
2016-04-01,08:25:00,9.51,9.51,9.5,9.5,32000,0
2016-04-01,08:30:00,9.5,9.51,9.5,9.5,36000,0
2016-04-01,08:35:00,9.5,9.52,9.5,9.52,36000,0
2016-04-01,08:40:00,9.52,9.54,9.51,9.51,5000,0
2016-04-01,08:45:00,9.51,9.54,9.51,9.54,7000,0
2016-04-01,08:50:00,9.54,9.54,9.51,9.54,6500,0
2016-04-01,08:55:00,9.54,9.54,9.51,9.52,28500,0
2016-04-01,09:00:00,9.52,9.54,9.51,9.54,9500,0
2016-04-01,09:05:00,9.54,9.54,9.51,9.51,3500,0
2016-04-01,09:10:00,9.51,9.52,9.51,9.51,26000,0
2016-04-01,09:15:00,9.51,9.55,9.51,9.54,64500,0
2016-04-01,09:20:00,9.54,9.54,9.5,9.51,23000,0
2016-04-01,09:25:00,9.51,9.51,9.51,9.51,3000,0
2016-04-01,09:30:00,9.51,9.51,9.5,9.5,155500,0
2016-04-01,09:35:00,9.5,9.5,9.49,9.5,149000,0
2016-04-01,09:40:00,9.5,9.51,9.5,9.51,5000,0
2016-04-01,09:45:00,9.51,9.51,9.49,9.5,183000,0
2016-04-01,09:50:00,9.5,9.51,9.48,9.5,465500,0
2016-04-01,09:55:00,9.5,9.5,9.46,9.49,376500,0
2016-04-01,10:00:00,9.49,9.51,9.48,9.5,665500,0
2016-04-05,03:35:00,9.53,9.53,9.52,9.52,9000,0
2016-04-05,03:40:00,9.52,9.53,9.52,9.52,6500,0
2016-04-05,03:45:00,9.52,9.52,9.51,9.52,4000,0
2016-04-05,03:50:00,9.52,9.52,9.51,9.51,38000,0
2016-04-05,03:55:00,9.51,9.53,9.51,9.53,108000,0
2016-04-05,04:00:00,9.53,9.53,9.53,9.53,10000,0
2016-04-05,04:05:00,9.53,9.54,9.53,9.53,15000,0
2016-04-05,04:10:00,9.53,9.53,9.53,9.53,4500,0
2016-04-05,04:15:00,9.53,9.53,9.53,9.53,9000,0
2016-04-05,04:20:00,9.53,9.54,9.53,9.53,78000,0
2016-04-05,04:25:00,9.53,9.54,9.53,9.54,9500,0
2016-04-05,04:30:00,9.54,9.54,9.54,9.54,6500,0
2016-04-05,04:35:00,9.54,9.54,9.54,9.54,8843,0
2016-04-05,04:40:00,9.54,9.54,9.53,9.54,5500,0
2016-04-05,04:45:00,9.54,9.54,9.54,9.54,5500,0
2016-04-05,04:50:00,9.54,9.54,9.54,9.54,4500,0
2016-04-05,04:55:00,9.54,9.54,9.53,9.54,9000,0
2016-04-05,05:00:00,9.54,9.54,9.53,9.54,18000,0
2016-04-05,05:05:00,9.54,9.54,9.53,9.54,20500,0
2016-04-05,05:10:00,9.54,9.54,9.52,9.53,217000,0
2016-04-05,05:15:00,9.53,9.55,9.53,9.54,74500,0
2016-04-05,05:20:00,9.54,9.54,9.53,9.54,17500,0
2016-04-05,05:25:00,9.54,9.54,9.52,9.53,231000,0
2016-04-05,05:30:00,9.53,9.54,9.53,9.54,7000,0
2016-04-05,05:35:00,9.54,9.54,9.53,9.54,18500,0
2016-04-05,05:40:00,9.54,9.54,9.53,9.54,19500,0
2016-04-05,05:45:00,9.54,9.54,9.54,9.54,12500,0
2016-04-05,05:50:00,9.54,9.54,9.53,9.54,20500,0
2016-04-05,05:55:00,9.54,9.54,9.53,9.53,14500,0
2016-04-05,06:00:00,9.53,9.54,9.53,9.54,28500,0
2016-04-05,07:05:00,9.54,9.54,9.53,9.54,179000,0
2016-04-05,07:10:00,9.54,9.54,9.54,9.54,7500,0
2016-04-05,07:15:00,9.54,9.54,9.53,9.53,8500,0
2016-04-05,07:20:00,9.53,9.54,9.53,9.53,8000,0
2016-04-05,07:25:00,9.53,9.54,9.53,9.53,8500,0
2016-04-05,07:30:00,9.53,9.53,9.53,9.53,274000,0
2016-04-05,07:35:00,9.53,9.54,9.53,9.54,19500,0
2016-04-05,07:40:00,9.54,9.54,9.54,9.54,1007000,0
2016-04-05,07:45:00,9.54,9.54,9.53,9.54,9000,0
2016-04-05,07:50:00,9.54,9.54,9.53,9.53,15500,0
2016-04-05,07:55:00,9.53,9.54,9.53,9.53,8000,0
2016-04-05,08:00:00,9.53,9.54,9.53,9.54,3000,0
2016-04-05,08:05:00,9.54,9.54,9.53,9.54,6000,0
2016-04-05,08:10:00,9.54,9.54,9.53,9.54,5000,0
2016-04-05,08:15:00,9.54,9.54,9.53,9.54,9000,0
2016-04-05,08:20:00,9.54,9.54,9.53,9.54,70500,0
2016-04-05,08:25:00,9.54,9.54,9.52,9.52,242500,0
2016-04-05,08:30:00,9.52,9.53,9.52,9.53,148500,0
2016-04-05,08:35:00,9.53,9.53,9.53,9.53,148500,0
2016-04-05,08:40:00,9.53,9.53,9.53,9.53,28500,0
2016-04-05,08:45:00,9.53,9.53,9.53,9.53,19500,0
2016-04-05,08:50:00,9.53,9.53,9.52,9.52,27000,0
2016-04-05,08:55:00,9.52,9.53,9.52,9.53,31000,0
2016-04-05,09:00:00,9.53,9.54,9.53,9.54,126500,0
2016-04-05,09:05:00,9.54,9.54,9.52,9.52,217500,0
2016-04-05,09:10:00,9.52,9.52,9.49,9.5,195000,0
2016-04-05,09:15:00,9.48,9.49,9.48,9.49,5500,0
2016-04-05,09:20:00,9.49,9.5,9.49,9.5,52400,0
2016-04-05,09:25:00,9.5,9.5,9.5,9.5,45000,0
2016-04-05,09:30:00,9.5,9.5,9.5,9.5,29000,0
2016-04-05,09:35:00,9.5,9.5,9.5,9.5,49500,0
2016-04-05,09:40:00,9.5,9.51,9.5,9.51,40000,0
2016-04-05,09:45:00,9.51,9.53,9.51,9.52,278000,0
2016-04-05,09:50:00,9.52,9.53,9.52,9.53,143500,0
2016-04-05,09:55:00,9.53,9.54,9.52,9.53,202500,0
2016-04-05,10:00:00,9.53,9.54,9.49,9.49,221000,0
2016-04-06,03:35:00,9.53,9.55,9.45,9.45,51500,0
2016-04-06,03:40:00,9.45,9.45,9.36,9.36,24000,0
2016-04-06,03:45:00,9.36,9.42,9.36,9.4,75000,0
2016-04-06,03:50:00,9.41,9.48,9.4,9.48,41500,0
2016-04-06,03:55:00,9.48,9.51,9.48,9.5,34500,0
2016-04-06,04:00:00,9.5,9.5,9.46,9.47,22500,0
2016-04-06,04:05:00,9.47,9.47,9.45,9.45,68000,0
2016-04-06,04:10:00,9.44,9.5,9.41,9.5,38500,0
2016-04-06,04:15:00,9.5,9.5,9.49,9.49,11000,0
2016-04-06,04:20:00,9.49,9.5,9.48,9.49,15500,0
2016-04-06,04:25:00,9.49,9.49,9.45,9.45,20000,0
2016-04-06,04:30:00,9.45,9.45,9.44,9.45,14500,0
2016-04-06,04:35:00,9.45,9.45,9.44,9.45,6500,0
2016-04-06,04:40:00,9.45,9.45,9.44,9.44,19000,0
2016-04-06,04:45:00,9.44,9.45,9.44,9.44,8500,0
2016-04-06,04:50:00,9.44,9.45,9.44,9.45,3500,0
2016-04-06,04:55:00,9.45,9.45,9.4,9.4,132000,0
2016-04-06,05:00:00,9.4,9.41,9.36,9.37,87500,0
2016-04-06,05:05:00,9.37,9.37,9.37,9.37,24500,0
2016-04-06,05:10:00,9.37,9.37,9.37,9.37,5500,0
2016-04-06,05:15:00,9.37,9.37,9.34,9.35,118000,0
2016-04-06,05:20:00,9.35,9.35,9.32,9.33,74500,0
2016-04-06,05:25:00,9.33,9.33,9.32,9.32,185000,0
2016-04-06,05:30:00,9.32,9.33,9.31,9.32,13000,0
2016-04-06,05:35:00,9.32,9.33,9.32,9.32,42500,0
2016-04-06,05:40:00,9.32,9.33,9.32,9.32,4000,0
2016-04-06,05:45:00,9.32,9.33,9.32,9.33,9000,0
2016-04-06,05:50:00,9.33,9.33,9.33,9.33,7500,0
2016-04-06,05:55:00,9.33,9.33,9.32,9.33,12000,0
2016-04-06,06:00:00,9.33,9.33,9.32,9.32,23500,0
2016-04-06,07:05:00,9.32,9.35,9.32,9.35,69006,0
2016-04-06,07:10:00,9.35,9.35,9.34,9.34,10500,0
2016-04-06,07:15:00,9.34,9.36,9.34,9.36,21000,0
2016-04-06,07:20:00,9.36,9.36,9.36,9.36,22000,0
2016-04-06,07:25:00,9.36,9.4,9.36,9.37,81000,0
2016-04-06,07:30:00,9.37,9.37,9.36,9.36,2000,0
2016-04-06,07:35:00,9.35,9.4,9.34,9.37,19500,0
2016-04-06,07:40:00,9.37,9.37,9.37,9.37,3000,0
2016-04-06,07:45:00,9.37,9.37,9.36,9.37,5500,0
2016-04-06,07:50:00,9.37,9.37,9.33,9.33,25500,0
2016-04-06,07:55:00,9.33,9.34,9.33,9.34,25000,0
2016-04-06,08:00:00,9.34,9.34,9.32,9.33,91300,0
2016-04-06,08:05:00,9.33,9.33,9.33,9.33,4500,0
2016-04-06,08:10:00,9.33,9.33,9.33,9.33,3000,0
2016-04-06,08:15:00,9.33,9.33,9.33,9.33,5000,0
2016-04-06,08:20:00,9.33,9.34,9.33,9.34,33000,0
2016-04-06,08:25:00,9.34,9.34,9.34,9.34,5500,0
2016-04-06,08:30:00,9.34,9.34,9.34,9.34,9500,0
2016-04-06,08:35:00,9.34,9.36,9.34,9.36,144500,0
2016-04-06,08:40:00,9.36,9.36,9.36,9.36,26500,0
2016-04-06,08:45:00,9.36,9.36,9.36,9.36,83500,0
2016-04-06,08:50:00,9.36,9.39,9.36,9.39,61000,0
2016-04-06,08:55:00,9.39,9.4,9.39,9.4,147000,0
2016-04-06,09:00:00,9.4,9.42,9.4,9.42,155500,0
2016-04-06,09:05:00,9.42,9.46,9.42,9.44,57000,0
2016-04-06,09:10:00,9.42,9.42,9.41,9.41,20500,0
2016-04-06,09:15:00,9.41,9.41,9.36,9.41,193000,0
2016-04-06,09:20:00,9.41,9.41,9.4,9.41,210000,0
2016-04-06,09:25:00,9.41,9.41,9.37,9.37,43000,0
2016-04-06,09:30:00,9.37,9.37,9.36,9.37,46500,0
2016-04-06,09:35:00,9.37,9.37,9.34,9.36,123500,0
2016-04-06,09:40:00,9.36,9.39,9.36,9.36,42300,0
2016-04-06,09:45:00,9.36,9.38,9.34,9.38,173000,0
2016-04-06,09:50:00,9.37,9.37,9.35,9.35,39000,0
2016-04-06,09:55:00,9.35,9.37,9.35,9.36,46500,0
2016-04-06,10:00:00,9.36,9.36,9.32,9.33,338000,0
2016-04-07,03:35:00,9.39,9.42,9.37,9.42,7500,0
2016-04-07,03:40:00,9.42,9.48,9.42,9.48,14500,0
2016-04-07,03:45:00,9.48,9.48,9.48,9.48,500,0
2016-04-07,03:50:00,9.48,9.48,9.44,9.47,10500,0
2016-04-07,04:05:00,9.47,9.47,9.47,9.47,2000,0
2016-04-07,04:10:00,9.48,9.49,9.48,9.49,1500,0
2016-04-07,04:15:00,9.49,9.49,9.49,9.49,2000,0
2016-04-07,04:20:00,9.49,9.49,9.49,9.49,1500,0
2016-04-07,04:25:00,9.49,9.56,9.49,9.56,49500,0
2016-04-07,04:30:00,9.56,9.56,9.53,9.53,15000,0
2016-04-07,04:35:00,9.53,9.53,9.52,9.52,1000,0
2016-04-07,04:40:00,9.51,9.51,9.49,9.49,506500,0
2016-04-07,04:45:00,9.49,9.49,9.48,9.48,7500,0
2016-04-07,04:50:00,9.48,9.49,9.48,9.49,1500,0
2016-04-07,04:55:00,9.49,9.51,9.49,9.51,9500,0
2016-04-07,05:00:00,9.51,9.52,9.51,9.52,2000,0
2016-04-07,05:05:00,9.52,9.52,9.52,9.52,2000,0
2016-04-07,05:10:00,9.52,9.52,9.51,9.51,5500,0
2016-04-07,05:15:00,9.51,9.51,9.5,9.51,413000,0
2016-04-07,05:20:00,9.51,9.52,9.51,9.52,1000,0
2016-04-07,05:25:00,9.52,9.52,9.52,9.52,1500,0
2016-04-07,05:30:00,9.52,9.52,9.52,9.52,1000,0
2016-04-07,05:35:00,9.52,9.56,9.52,9.54,26000,0
2016-04-07,05:40:00,9.54,9.54,9.53,9.53,2500,0
2016-04-07,05:45:00,9.53,9.55,9.53,9.55,30000,0
2016-04-07,05:50:00,9.55,9.56,9.55,9.55,7000,0
2016-04-07,05:55:00,9.55,9.57,9.55,9.57,682500,0
2016-04-07,06:00:00,9.57,9.58,9.52,9.52,472200,0
2016-04-07,07:05:00,9.52,9.59,9.52,9.58,17012000,0
2016-04-07,07:10:00,9.58,9.58,9.56,9.57,16500,0
2016-04-07,07:20:00,9.58,9.58,9.58,9.58,500,0
2016-04-07,07:25:00,9.58,9.58,9.58,9.58,500,0
2016-04-07,07:35:00,9.58,9.59,9.58,9.58,24500,0
2016-04-07,07:40:00,9.58,9.58,9.57,9.58,6500,0
2016-04-07,07:45:00,9.58,9.58,9.58,9.58,9000,0
2016-04-07,07:50:00,9.58,9.58,9.58,9.58,7000,0
2016-04-07,07:55:00,9.58,9.58,9.58,9.58,11000,0
2016-04-07,08:00:00,9.58,9.58,9.58,9.58,2000,0
2016-04-07,08:05:00,9.58,9.58,9.58,9.58,10000,0
2016-04-07,08:10:00,9.58,9.6,9.58,9.6,17000,0
2016-04-07,08:15:00,9.6,9.6,9.59,9.59,28500,0
2016-04-07,08:20:00,9.59,9.68,9.59,9.68,84500,0
2016-04-07,08:25:00,9.68,9.68,9.6,9.6,79000,0
2016-04-07,08:30:00,9.61,9.61,9.61,9.61,3500,0
2016-04-07,08:35:00,9.63,9.63,9.61,9.61,12000,0
2016-04-07,08:40:00,9.61,9.61,9.6,9.61,47000,0
2016-04-07,08:45:00,9.61,9.63,9.61,9.63,45000,0
2016-04-07,08:55:00,9.63,9.68,9.63,9.68,42500,0
2016-04-07,09:00:00,9.68,9.68,9.67,9.67,23500,0
2016-04-07,09:05:00,9.67,9.69,9.67,9.68,74000,0
2016-04-07,09:10:00,9.68,9.68,9.65,9.65,81000,0
2016-04-07,09:15:00,9.65,9.65,9.65,9.65,7500,0
2016-04-07,09:20:00,9.65,9.65,9.65,9.65,4500,0
2016-04-07,09:25:00,9.65,9.65,9.64,9.64,11500,0
2016-04-07,09:30:00,9.64,9.65,9.64,9.64,25000,0
2016-04-07,09:35:00,9.64,9.65,9.64,9.64,33500,0
2016-04-07,09:40:00,9.64,9.64,9.6,9.6,21500,0
2016-04-07,09:45:00,9.6,9.61,9.6,9.61,30000,0
2016-04-07,09:50:00,9.61,9.61,9.6,9.6,19500,0
2016-04-07,09:55:00,9.6,9.61,9.56,9.56,116500,0
2016-04-07,10:00:00,9.56,9.6,9.56,9.59,121500,0
2016-04-08,03:35:00,9.58,9.59,9.58,9.58,16500,0
2016-04-08,03:40:00,9.58,9.58,9.57,9.57,5000,0
2016-04-08,03:45:00,9.57,9.57,9.53,9.53,4500,0
2016-04-08,04:25:00,9.5,9.61,9.5,9.61,37500,0
2016-04-08,04:30:00,9.63,9.7,9.54,9.55,38500,0
2016-04-08,04:35:00,9.55,9.57,9.55,9.57,5500,0
2016-04-08,04:40:00,9.57,9.66,9.56,9.56,33000,0
2016-04-08,04:45:00,9.56,9.58,9.55,9.56,11000,0
2016-04-08,04:50:00,9.56,9.56,9.54,9.55,8500,0
2016-04-08,04:55:00,9.55,9.55,9.53,9.53,9500,0
2016-04-08,05:00:00,9.53,9.57,9.53,9.57,23500,0
2016-04-08,05:05:00,9.57,9.58,9.56,9.56,25500,0
2016-04-08,05:10:00,9.56,9.56,9.55,9.56,18500,0
2016-04-08,05:15:00,9.56,9.56,9.54,9.54,9000,0
2016-04-08,05:20:00,9.54,9.55,9.54,9.54,8000,0
2016-04-08,05:25:00,9.54,9.55,9.54,9.54,7000,0
2016-04-08,05:30:00,9.54,9.54,9.53,9.54,12000,0
2016-04-08,05:35:00,9.54,9.54,9.52,9.52,6500,0
2016-04-08,05:40:00,9.52,9.53,9.52,9.52,11500,0
2016-04-08,05:45:00,9.52,9.53,9.52,9.52,11500,0
2016-04-08,05:50:00,9.52,9.64,9.52,9.6,50000,0
2016-04-08,05:55:00,9.6,9.6,9.56,9.56,18500,0
2016-04-08,06:00:00,9.56,9.57,9.52,9.54,28000,0
2016-04-08,07:05:00,9.54,9.55,9.52,9.55,8500,0
2016-04-08,07:10:00,9.55,9.55,9.53,9.53,6500,0
2016-04-08,07:15:00,9.53,9.57,9.53,9.57,13500,0
2016-04-08,07:20:00,9.56,9.56,9.53,9.56,8500,0
2016-04-08,07:25:00,9.56,9.56,9.53,9.53,4000,0
2016-04-08,07:30:00,9.53,9.54,9.51,9.54,34500,0
2016-04-08,07:35:00,9.5,9.54,9.5,9.54,9000,0
2016-04-08,07:40:00,9.54,9.57,9.54,9.57,5000,0
2016-04-08,07:45:00,9.55,9.55,9.52,9.52,4500,0
2016-04-08,07:50:00,9.52,9.55,9.51,9.55,3000,0
2016-04-08,07:55:00,9.53,9.53,9.53,9.53,1000,0
2016-04-08,08:00:00,9.53,9.53,9.52,9.52,2500,0
2016-04-08,08:05:00,9.51,9.54,9.51,9.54,6500,0
2016-04-08,08:10:00,9.53,9.53,9.53,9.53,1000,0
2016-04-08,08:15:00,9.51,9.52,9.51,9.52,2000,0
2016-04-08,08:50:00,9.51,9.56,9.51,9.52,28000,0
2016-04-08,08:55:00,9.52,9.57,9.52,9.55,24000,0
2016-04-08,09:00:00,9.55,9.55,9.53,9.55,7500,0
2016-04-08,09:05:00,9.55,9.55,9.52,9.54,13500,0
2016-04-08,09:10:00,9.54,9.55,9.51,9.55,19500,0
2016-04-08,09:15:00,9.53,9.55,9.53,9.53,10000,0
2016-04-08,09:20:00,9.53,9.53,9.51,9.53,18000,0
2016-04-08,09:25:00,9.53,9.61,9.53,9.55,24000,0
2016-04-08,09:30:00,9.55,9.6,9.54,9.58,46000,0
2016-04-08,09:35:00,9.58,9.58,9.52,9.53,32500,0
2016-04-08,09:40:00,9.53,9.55,9.52,9.52,51500,0
2016-04-08,09:45:00,9.52,9.54,9.52,9.53,30500,0
2016-04-08,09:50:00,9.53,9.61,9.51,9.61,90500,0
2016-04-08,09:55:00,9.61,9.63,9.52,9.53,61000,0
2016-04-08,10:00:00,9.53,9.6,9.52,9.59,211000,0
2016-04-11,03:40:00,9.61,9.69,9.61,9.63,9500,0
2016-04-11,03:45:00,9.63,9.68,9.63,9.65,7000,0
2016-04-11,03:50:00,9.65,9.78,9.62,9.75,92500,0
2016-04-11,03:55:00,9.75,9.75,9.73,9.73,9000,0
2016-04-11,04:00:00,9.73,9.74,9.72,9.73,93730,0
2016-04-11,04:10:00,9.73,9.74,9.73,9.73,19500,0
2016-04-11,04:15:00,9.73,9.8,9.73,9.79,35000,0
2016-04-11,04:20:00,9.79,9.8,9.78,9.8,27500,0
2016-04-11,04:25:00,9.8,9.81,9.8,9.81,42000,0
2016-04-11,04:30:00,9.81,9.86,9.81,9.86,54000,0
2016-04-11,04:35:00,9.86,9.86,9.81,9.81,8500,0
2016-04-11,04:40:00,9.81,9.81,9.76,9.81,14500,0
2016-04-11,04:45:00,9.81,9.82,9.81,9.82,2000,0
2016-04-11,04:50:00,9.84,9.84,9.84,9.84,3500,0
2016-04-11,04:55:00,9.83,9.83,9.8,9.81,3000,0
2016-04-11,05:00:00,9.81,9.82,9.81,9.82,10500,0
2016-04-11,05:05:00,9.82,9.82,9.8,9.8,11000,0
2016-04-11,05:10:00,9.8,9.81,9.8,9.81,19000,0
2016-04-11,05:15:00,9.81,9.81,9.81,9.81,2000,0
2016-04-11,05:20:00,9.81,9.81,9.81,9.81,6500,0
2016-04-11,05:25:00,9.81,9.82,9.81,9.82,2000,0
2016-04-11,05:30:00,9.82,9.83,9.82,9.82,24000,0
2016-04-11,05:35:00,9.82,9.82,9.82,9.82,3500,0
2016-04-11,05:40:00,9.81,9.81,9.81,9.81,5500,0
2016-04-11,05:45:00,9.81,9.81,9.8,9.8,3000,0
2016-04-11,05:50:00,9.8,9.8,9.79,9.8,12500,0
2016-04-11,05:55:00,9.8,9.81,9.8,9.81,4500,0
2016-04-11,06:00:00,9.81,9.82,9.81,9.82,3000,0
2016-04-11,07:05:00,9.82,9.82,9.8,9.8,13500,0
2016-04-11,07:10:00,9.8,9.81,9.8,9.81,1000,0
2016-04-11,07:25:00,9.81,9.82,9.8,9.81,5000,0
2016-04-11,07:30:00,9.81,9.81,9.81,9.81,1000,0
2016-04-11,07:35:00,9.81,9.82,9.81,9.81,4000,0
2016-04-11,07:40:00,9.81,9.82,9.8,9.8,12000,0
2016-04-11,07:50:00,9.8,9.8,9.8,9.8,1500,0
2016-04-11,07:55:00,9.8,9.81,9.8,9.81,1500,0
2016-04-11,08:00:00,9.81,9.82,9.81,9.82,2000,0
2016-04-11,08:05:00,9.82,9.84,9.81,9.82,45500,0
2016-04-11,08:15:00,9.82,9.82,9.81,9.81,8500,0
2016-04-11,08:20:00,9.81,9.82,9.81,9.81,14000,0
2016-04-11,08:25:00,9.81,9.81,9.81,9.81,1500,0
2016-04-11,08:30:00,9.81,9.81,9.81,9.81,4500,0
2016-04-11,08:35:00,9.81,9.82,9.8,9.81,11500,0
2016-04-11,08:40:00,9.81,9.82,9.8,9.81,3000,0
2016-04-11,08:50:00,9.81,9.81,9.81,9.81,3000,0
2016-04-11,08:55:00,9.81,9.82,9.81,9.81,5000,0
2016-04-11,09:00:00,9.81,9.81,9.81,9.81,1000,0
2016-04-11,09:05:00,9.81,9.82,9.8,9.82,34500,0
2016-04-11,09:10:00,9.82,9.82,9.8,9.8,21000,0
2016-04-11,09:15:00,9.8,9.8,9.8,9.8,500,0
2016-04-11,09:20:00,9.8,9.81,9.79,9.79,61500,0
2016-04-11,09:25:00,9.79,9.8,9.78,9.79,24000,0
2016-04-11,09:30:00,9.79,9.8,9.78,9.78,4500,0
2016-04-11,09:35:00,9.78,9.81,9.78,9.79,17000,0
2016-04-11,09:40:00,9.79,9.82,9.79,9.82,53000,0
2016-04-11,09:45:00,9.82,9.82,9.8,9.8,22500,0
2016-04-11,09:50:00,9.8,9.82,9.8,9.81,26000,0
2016-04-11,09:55:00,9.81,9.83,9.79,9.81,73000,0
2016-04-11,10:00:00,9.81,9.83,9.8,9.81,102000,0
2016-04-12,03:35:00,9.95,9.96,9.83,9.83,14000,0
2016-04-12,03:40:00,9.83,9.83,9.8,9.8,4000,0
2016-04-12,03:50:00,9.79,9.79,9.77,9.77,4000,0
2016-04-12,03:55:00,9.77,9.77,9.74,9.74,3000,0
2016-04-12,04:10:00,9.72,9.73,9.72,9.73,19500,0
2016-04-12,04:15:00,9.73,9.74,9.73,9.73,4000,0
2016-04-12,04:20:00,9.73,9.73,9.73,9.73,3000,0
2016-04-12,04:25:00,9.73,9.74,9.73,9.74,6000,0
2016-04-12,04:30:00,9.74,9.76,9.74,9.76,50000,0
2016-04-12,04:35:00,9.76,9.76,9.76,9.76,5000,0
2016-04-12,04:40:00,9.76,9.79,9.76,9.79,7500,0
2016-04-12,04:45:00,9.79,9.79,9.79,9.79,3000,0
2016-04-12,04:50:00,9.79,9.79,9.77,9.77,10098,0
2016-04-12,04:55:00,9.77,9.77,9.77,9.77,9500,0
2016-04-12,05:00:00,9.77,9.77,9.77,9.77,3000,0
2016-04-12,05:05:00,9.77,9.77,9.76,9.77,3500,0
2016-04-12,05:10:00,9.77,9.77,9.77,9.77,5000,0
2016-04-12,05:15:00,9.77,9.77,9.77,9.77,7000,0
2016-04-12,05:20:00,9.77,9.77,9.77,9.77,4500,0
2016-04-12,05:25:00,9.77,9.79,9.77,9.79,4500,0
2016-04-12,05:30:00,9.79,9.79,9.77,9.77,4500,0
2016-04-12,05:35:00,9.77,9.79,9.77,9.77,19000,0
2016-04-12,05:40:00,9.77,9.79,9.77,9.79,3000,0
2016-04-12,05:45:00,9.79,9.79,9.77,9.77,20000,0
2016-04-12,05:50:00,9.77,9.78,9.77,9.78,8500,0
2016-04-12,05:55:00,9.78,9.78,9.77,9.77,8000,0
2016-04-12,06:00:00,9.77,9.78,9.77,9.78,5500,0
2016-04-12,07:05:00,9.78,9.78,9.77,9.78,20500,0
2016-04-12,07:10:00,9.78,9.78,9.78,9.78,6000,0
2016-04-12,07:15:00,9.78,9.78,9.77,9.77,10000,0
2016-04-12,07:20:00,9.77,9.78,9.77,9.77,14000,0
2016-04-12,07:25:00,9.77,9.78,9.77,9.78,6000,0
2016-04-12,07:30:00,9.78,9.78,9.77,9.78,7500,0
2016-04-12,07:35:00,9.78,9.78,9.77,9.78,6000,0
2016-04-12,07:40:00,9.78,9.78,9.77,9.77,17000,0
2016-04-12,07:45:00,9.77,9.78,9.77,9.78,7000,0
2016-04-12,07:50:00,9.78,9.78,9.76,9.76,29500,0
2016-04-12,07:55:00,9.76,9.77,9.74,9.74,5000,0
2016-04-12,08:00:00,9.74,9.75,9.74,9.75,8500,0
2016-04-12,08:05:00,9.75,9.75,9.74,9.75,304000,0
2016-04-12,08:10:00,9.75,9.75,9.71,9.71,19500,0
2016-04-12,08:20:00,9.71,9.74,9.71,9.72,6000,0
2016-04-12,08:25:00,9.72,9.73,9.72,9.73,3500,0
2016-04-12,08:30:00,9.73,9.73,9.73,9.73,1500,0
2016-04-12,08:35:00,9.73,9.73,9.73,9.73,1500,0
2016-04-12,08:40:00,9.73,9.73,9.73,9.73,500,0
2016-04-12,08:45:00,9.73,9.74,9.72,9.74,76000,0
2016-04-12,08:50:00,9.74,9.75,9.74,9.75,3000,0
2016-04-12,08:55:00,9.75,9.75,9.73,9.74,82000,0
2016-04-12,09:00:00,9.74,9.75,9.74,9.75,13500,0
2016-04-12,09:05:00,9.75,9.76,9.74,9.75,18000,0
2016-04-12,09:10:00,9.75,9.76,9.75,9.75,27230,0
2016-04-12,09:15:00,9.75,9.78,9.74,9.75,60000,0
2016-04-12,09:20:00,9.75,9.78,9.73,9.74,68000,0
2016-04-12,09:25:00,9.74,9.75,9.74,9.74,29500,0
2016-04-12,09:30:00,9.74,9.75,9.74,9.74,8000,0
2016-04-12,09:35:00,9.74,9.75,9.73,9.73,13000,0
2016-04-12,09:40:00,9.73,9.74,9.73,9.74,12000,0
2016-04-12,09:45:00,9.74,9.74,9.73,9.73,14500,0
2016-04-12,09:50:00,9.74,9.76,9.74,9.74,108000,0
2016-04-12,09:55:00,9.74,9.75,9.74,9.74,67500,0
2016-04-12,10:00:00,9.74,9.75,9.73,9.73,162500,0
2016-04-13,03:35:00,9.82,9.82,9.76,9.76,5000,0
2016-04-13,03:40:00,9.76,9.78,9.76,9.78,2000,0
2016-04-13,03:45:00,9.78,9.78,9.76,9.78,2500,0
2016-04-13,03:55:00,9.78,9.78,9.75,9.75,15500,0
2016-04-13,04:00:00,9.75,9.77,9.75,9.75,12000,0
2016-04-13,04:05:00,9.75,9.76,9.75,9.76,12000,0
2016-04-13,04:10:00,9.76,9.76,9.75,9.75,4500,0
2016-04-13,04:15:00,9.75,9.76,9.75,9.75,10500,0
2016-04-13,04:20:00,9.75,9.76,9.75,9.75,26000,0
2016-04-13,04:25:00,9.75,9.78,9.75,9.78,33000,0
2016-04-13,04:30:00,9.78,9.78,9.76,9.76,10000,0
2016-04-13,04:35:00,9.76,9.76,9.75,9.75,71000,0
2016-04-13,04:40:00,9.75,9.75,9.74,9.74,3500,0
2016-04-13,04:45:00,9.74,9.74,9.73,9.73,19500,0
2016-04-13,04:50:00,9.74,9.76,9.74,9.75,23000,0
2016-04-13,04:55:00,9.75,9.76,9.73,9.73,20500,0
2016-04-13,05:00:00,9.74,9.76,9.74,9.75,24000,0
2016-04-13,05:05:00,9.75,9.75,9.74,9.74,40000,0
2016-04-13,05:10:00,9.74,9.74,9.73,9.73,11500,0
2016-04-13,05:15:00,9.73,9.73,9.71,9.72,49000,0
2016-04-13,05:20:00,9.72,9.73,9.71,9.73,72000,0
2016-04-13,05:25:00,9.73,9.74,9.73,9.73,6500,0
2016-04-13,05:30:00,9.73,9.75,9.73,9.74,27500,0
2016-04-13,05:35:00,9.74,9.75,9.74,9.74,23500,0
2016-04-13,05:40:00,9.74,9.74,9.74,9.74,3000,0
2016-04-13,05:45:00,9.74,9.74,9.74,9.74,5000,0
2016-04-13,05:50:00,9.74,9.74,9.74,9.74,4000,0
2016-04-13,05:55:00,9.74,9.75,9.74,9.74,42500,0
2016-04-13,06:00:00,9.74,9.75,9.74,9.74,30500,0
2016-04-13,07:05:00,9.74,9.75,9.71,9.71,98500,0
2016-04-13,07:10:00,9.71,9.72,9.71,9.72,12500,0
2016-04-13,07:15:00,9.72,9.73,9.72,9.73,5500,0
2016-04-13,07:20:00,9.73,9.73,9.72,9.73,4500,0
2016-04-13,07:25:00,9.73,9.73,9.63,9.63,87000,0
2016-04-13,07:30:00,9.64,9.65,9.64,9.65,7500,0
2016-04-13,07:35:00,9.65,9.65,9.65,9.65,11500,0
2016-04-13,07:40:00,9.65,9.66,9.65,9.66,35000,0
2016-04-13,07:45:00,9.66,9.68,9.66,9.66,5000,0
2016-04-13,07:50:00,9.66,9.68,9.66,9.66,5000,0
2016-04-13,07:55:00,9.66,9.67,9.66,9.66,7500,0
2016-04-13,08:00:00,9.66,9.67,9.66,9.67,7000,0
2016-04-13,08:05:00,9.67,9.67,9.66,9.67,16000,0
2016-04-13,08:10:00,9.67,9.7,9.67,9.68,33500,0
2016-04-13,08:15:00,9.68,9.71,9.68,9.68,7000,0
2016-04-13,08:20:00,9.68,9.74,9.68,9.72,45500,0
2016-04-13,08:25:00,9.72,9.72,9.71,9.71,11500,0
2016-04-13,08:30:00,9.71,9.72,9.71,9.71,9500,0
2016-04-13,08:35:00,9.71,9.71,9.65,9.65,14500,0
2016-04-13,08:40:00,9.65,9.67,9.65,9.66,37000,0
2016-04-13,08:45:00,9.66,9.67,9.66,9.66,7000,0
2016-04-13,08:50:00,9.66,9.67,9.66,9.67,5000,0
2016-04-13,08:55:00,9.67,9.67,9.66,9.66,8500,0
2016-04-13,09:00:00,9.66,9.68,9.66,9.68,39500,0
2016-04-13,09:05:00,9.68,9.68,9.67,9.67,14000,0
2016-04-13,09:10:00,9.67,9.7,9.67,9.69,24000,0
2016-04-13,09:15:00,9.69,9.72,9.69,9.69,22000,0
2016-04-13,09:20:00,9.69,9.72,9.69,9.72,20500,0
2016-04-13,09:25:00,9.72,9.73,9.71,9.72,70000,0
2016-04-13,09:30:00,9.72,9.72,9.71,9.72,11000,0
2016-04-13,09:35:00,9.72,9.72,9.71,9.71,11500,0
2016-04-13,09:40:00,9.71,9.72,9.68,9.69,57500,0
2016-04-13,09:45:00,9.69,9.7,9.68,9.7,37000,0
2016-04-13,09:50:00,9.7,9.7,9.67,9.69,152000,0
2016-04-13,09:55:00,9.69,9.7,9.67,9.69,120000,0
2016-04-13,10:00:00,9.69,9.7,9.65,9.66,294000,0
