Date,Time,Open,High,Low,Close,Volume,OpenInt
2016-03-16,02:35:00,1.29,1.3,1.28,1.29,324000,0
2016-03-16,02:40:00,1.29,1.3,1.28,1.28,324000,0
2016-03-16,02:45:00,1.28,1.29,1.28,1.29,120000,0
2016-03-16,02:50:00,1.29,1.29,1.27,1.27,150000,0
2016-03-16,02:55:00,1.27,1.28,1.27,1.27,22000,0
2016-03-16,03:00:00,1.27,1.28,1.27,1.28,294000,0
2016-03-16,03:05:00,1.28,1.28,1.27,1.28,114000,0
2016-03-16,03:10:00,1.28,1.28,1.27,1.27,98000,0
2016-03-16,03:15:00,1.27,1.27,1.26,1.27,302000,0
2016-03-16,03:20:00,1.27,1.27,1.26,1.26,112000,0
2016-03-16,03:25:00,1.26,1.26,1.24,1.25,478000,0
2016-03-16,03:30:00,1.24,1.27,1.24,1.27,506000,0
2016-03-16,03:35:00,1.27,1.27,1.26,1.26,314000,0
2016-03-16,03:40:00,1.26,1.27,1.26,1.27,202000,0
2016-03-16,03:45:00,1.27,1.27,1.26,1.27,48000,0
2016-03-16,03:50:00,1.27,1.27,1.26,1.26,350000,0
2016-03-16,03:55:00,1.26,1.27,1.26,1.26,116000,0
2016-03-16,04:00:00,1.26,1.27,1.26,1.26,76000,0
2016-03-16,04:05:00,1.26,1.27,1.26,1.26,58000,0
2016-03-16,04:10:00,1.26,1.27,1.26,1.26,30000,0
2016-03-16,04:15:00,1.26,1.27,1.26,1.26,164000,0
2016-03-16,04:20:00,1.26,1.27,1.26,1.26,48000,0
2016-03-16,04:25:00,1.26,1.27,1.26,1.27,502000,0
2016-03-16,04:30:00,1.27,1.27,1.27,1.27,4000,0
2016-03-16,04:35:00,1.27,1.28,1.27,1.28,94000,0
2016-03-16,04:40:00,1.28,1.28,1.27,1.27,8000,0
2016-03-16,04:45:00,1.27,1.28,1.27,1.28,66000,0
2016-03-16,04:50:00,1.28,1.28,1.28,1.28,4000,0
2016-03-16,04:55:00,1.28,1.28,1.27,1.27,74000,0
2016-03-16,05:00:00,1.27,1.28,1.27,1.27,62000,0
2016-03-16,06:05:00,1.27,1.28,1.27,1.27,50000,0
2016-03-16,06:10:00,1.27,1.28,1.27,1.27,70000,0
2016-03-16,06:15:00,1.27,1.28,1.27,1.27,38000,0
2016-03-16,06:20:00,1.27,1.28,1.27,1.27,22000,0
2016-03-16,06:25:00,1.27,1.28,1.27,1.28,158000,0
2016-03-16,06:30:00,1.28,1.28,1.27,1.28,26000,0
2016-03-16,06:35:00,1.28,1.28,1.27,1.27,76000,0
2016-03-16,06:40:00,1.27,1.28,1.27,1.27,20000,0
2016-03-16,06:45:00,1.27,1.28,1.27,1.28,14000,0
2016-03-16,06:50:00,1.28,1.28,1.28,1.28,6000,0
2016-03-16,06:55:00,1.28,1.28,1.27,1.27,14000,0
2016-03-16,07:00:00,1.27,1.28,1.27,1.27,270000,0
2016-03-16,07:05:00,1.27,1.28,1.27,1.27,64000,0
2016-03-16,07:10:00,1.27,1.28,1.27,1.27,86000,0
2016-03-16,07:15:00,1.27,1.28,1.27,1.28,52000,0
2016-03-16,07:20:00,1.28,1.28,1.26,1.26,296000,0
2016-03-16,07:25:00,1.26,1.27,1.26,1.26,234000,0
2016-03-16,07:30:00,1.26,1.26,1.25,1.25,36000,0
2016-03-16,07:35:00,1.25,1.26,1.25,1.26,48000,0
2016-03-16,07:40:00,1.26,1.26,1.25,1.25,62000,0
2016-03-16,07:45:00,1.25,1.26,1.25,1.25,50000,0
2016-03-16,07:50:00,1.25,1.26,1.25,1.25,292000,0
2016-03-16,07:55:00,1.25,1.27,1.25,1.26,552000,0
2016-03-16,08:00:00,1.26,1.26,1.25,1.25,62000,0
2016-03-16,08:05:00,1.25,1.26,1.25,1.25,96000,0
2016-03-16,08:10:00,1.25,1.26,1.25,1.25,102000,0
2016-03-16,08:15:00,1.25,1.26,1.25,1.26,114000,0
2016-03-16,08:20:00,1.26,1.26,1.25,1.25,104000,0
2016-03-16,08:25:00,1.26,1.26,1.25,1.26,94000,0
2016-03-16,08:30:00,1.26,1.26,1.25,1.26,438000,0
2016-03-16,08:35:00,1.26,1.27,1.25,1.26,162000,0
2016-03-16,08:40:00,1.26,1.26,1.25,1.26,198000,0
2016-03-16,08:45:00,1.26,1.27,1.25,1.27,152000,0
2016-03-16,08:50:00,1.27,1.27,1.25,1.26,232000,0
2016-03-16,08:55:00,1.26,1.26,1.24,1.25,770000,0
2016-03-16,09:00:00,1.25,1.26,1.25,1.26,710000,0
2016-03-17,02:35:00,1.27,1.28,1.26,1.27,132000,0
2016-03-17,02:40:00,1.27,1.28,1.27,1.27,114000,0
2016-03-17,02:45:00,1.27,1.28,1.27,1.28,18000,0
2016-03-17,02:50:00,1.28,1.28,1.27,1.27,24000,0
2016-03-17,02:55:00,1.27,1.27,1.27,1.27,2000,0
2016-03-17,03:00:00,1.27,1.27,1.26,1.27,146000,0
2016-03-17,03:05:00,1.27,1.27,1.26,1.27,50000,0
2016-03-17,03:10:00,1.27,1.27,1.26,1.26,88000,0
2016-03-17,03:15:00,1.26,1.26,1.26,1.26,2000,0
2016-03-17,03:20:00,1.26,1.27,1.26,1.26,8000,0
2016-03-17,03:25:00,1.26,1.26,1.25,1.25,170000,0
2016-03-17,03:30:00,1.25,1.26,1.25,1.26,220000,0
2016-03-17,03:40:00,1.26,1.26,1.26,1.26,36000,0
2016-03-17,03:45:00,1.26,1.26,1.24,1.25,828000,0
2016-03-17,03:55:00,1.25,1.26,1.25,1.26,114000,0
2016-03-17,04:00:00,1.26,1.26,1.26,1.26,60000,0
2016-03-17,04:05:00,1.26,1.26,1.26,1.26,100000,0
2016-03-17,04:10:00,1.26,1.27,1.26,1.26,10000,0
2016-03-17,04:20:00,1.26,1.27,1.25,1.26,174000,0
2016-03-17,04:30:00,1.26,1.26,1.26,1.26,4000,0
2016-03-17,04:35:00,1.26,1.26,1.26,1.26,2000,0
2016-03-17,04:40:00,1.26,1.26,1.26,1.26,32000,0
2016-03-17,04:50:00,1.26,1.26,1.26,1.26,4000,0
2016-03-17,06:05:00,1.26,1.26,1.25,1.25,46000,0
2016-03-17,06:10:00,1.25,1.26,1.25,1.26,70000,0
2016-03-17,06:20:00,1.26,1.26,1.25,1.25,84000,0
2016-03-17,06:35:00,1.24,1.25,1.24,1.25,116000,0
2016-03-17,07:00:00,1.24,1.25,1.24,1.25,6000,0
2016-03-17,07:05:00,1.25,1.25,1.25,1.25,2000,0
2016-03-17,07:20:00,1.24,1.25,1.24,1.25,40000,0
2016-03-17,07:25:00,1.24,1.25,1.24,1.25,4000,0
2016-03-17,07:30:00,1.25,1.25,1.25,1.25,70000,0
2016-03-17,07:45:00,1.24,1.25,1.24,1.25,140000,0
2016-03-17,07:50:00,1.25,1.25,1.25,1.25,20000,0
2016-03-17,07:55:00,1.24,1.25,1.24,1.25,256000,0
2016-03-17,08:15:00,1.25,1.27,1.25,1.27,738000,0
2016-03-17,08:20:00,1.27,1.27,1.27,1.27,46000,0
2016-03-17,08:25:00,1.27,1.27,1.26,1.26,24000,0
2016-03-17,08:30:00,1.27,1.28,1.27,1.27,156000,0
2016-03-17,08:35:00,1.27,1.27,1.26,1.26,20000,0
2016-03-17,08:40:00,1.26,1.27,1.26,1.27,152000,0
2016-03-17,08:45:00,1.27,1.27,1.27,1.27,22000,0
2016-03-17,08:50:00,1.27,1.27,1.26,1.26,106000,0
2016-03-17,08:55:00,1.26,1.27,1.26,1.27,110000,0
2016-03-17,09:00:00,1.27,1.27,1.27,1.27,2000,0
2016-03-18,02:35:00,1.27,1.31,1.27,1.3,412000,0
2016-03-18,02:40:00,1.3,1.3,1.29,1.29,606000,0
2016-03-18,02:45:00,1.29,1.29,1.29,1.29,180000,0
2016-03-18,02:50:00,1.29,1.29,1.29,1.29,2766,0
2016-03-18,02:55:00,1.29,1.31,1.29,1.3,232000,0
2016-03-18,03:00:00,1.3,1.3,1.3,1.3,14000,0
2016-03-18,03:05:00,1.3,1.3,1.29,1.29,38000,0
2016-03-18,03:10:00,1.29,1.29,1.29,1.29,154000,0
2016-03-18,03:15:00,1.29,1.29,1.29,1.29,6000,0
2016-03-18,03:20:00,1.29,1.3,1.29,1.3,12000,0
2016-03-18,03:25:00,1.3,1.3,1.29,1.3,64000,0
2016-03-18,03:30:00,1.3,1.3,1.3,1.3,222000,0
2016-03-18,03:35:00,1.3,1.3,1.29,1.3,402000,0
2016-03-18,03:40:00,1.3,1.3,1.3,1.3,108000,0
2016-03-18,03:45:00,1.3,1.3,1.3,1.3,104000,0
2016-03-18,03:50:00,1.3,1.3,1.3,1.3,168000,0
2016-03-18,03:55:00,1.3,1.31,1.3,1.3,154000,0
2016-03-18,04:00:00,1.3,1.31,1.29,1.3,474000,0
2016-03-18,04:05:00,1.3,1.3,1.29,1.3,96000,0
2016-03-18,04:10:00,1.3,1.31,1.3,1.31,426000,0
2016-03-18,04:15:00,1.31,1.31,1.3,1.31,114000,0
2016-03-18,04:20:00,1.31,1.31,1.31,1.31,118000,0
2016-03-18,04:25:00,1.31,1.31,1.3,1.31,32000,0
2016-03-18,04:30:00,1.31,1.31,1.31,1.31,52000,0
2016-03-18,04:35:00,1.31,1.31,1.31,1.31,520000,0
2016-03-18,04:40:00,1.31,1.31,1.31,1.31,186000,0
2016-03-18,04:45:00,1.31,1.31,1.31,1.31,386000,0
2016-03-18,04:50:00,1.31,1.32,1.31,1.32,596000,0
2016-03-18,04:55:00,1.32,1.33,1.32,1.33,138000,0
2016-03-18,05:00:00,1.33,1.33,1.32,1.32,244000,0
2016-03-18,06:05:00,1.32,1.33,1.32,1.33,300000,0
2016-03-18,06:10:00,1.33,1.34,1.33,1.33,418000,0
2016-03-18,06:15:00,1.33,1.33,1.33,1.33,10000,0
2016-03-18,06:20:00,1.33,1.34,1.33,1.33,150000,0
2016-03-18,06:25:00,1.33,1.34,1.33,1.34,200000,0
2016-03-18,06:30:00,1.34,1.34,1.33,1.33,68000,0
2016-03-18,06:35:00,1.34,1.34,1.34,1.34,66000,0
2016-03-18,06:40:00,1.34,1.34,1.34,1.34,82000,0
2016-03-18,06:45:00,1.34,1.34,1.34,1.34,180000,0
2016-03-18,06:50:00,1.34,1.34,1.34,1.34,6000,0
2016-03-18,06:55:00,1.34,1.34,1.34,1.34,40000,0
2016-03-18,07:00:00,1.34,1.34,1.34,1.34,78000,0
2016-03-18,07:05:00,1.34,1.34,1.34,1.34,16000,0
2016-03-18,07:10:00,1.34,1.34,1.34,1.34,44000,0
2016-03-18,07:15:00,1.34,1.35,1.34,1.34,434000,0
2016-03-18,07:20:00,1.34,1.34,1.34,1.34,296000,0
2016-03-18,07:25:00,1.34,1.34,1.34,1.34,362000,0
2016-03-18,07:30:00,1.34,1.35,1.34,1.34,34000,0
2016-03-18,07:35:00,1.34,1.35,1.34,1.35,724000,0
2016-03-18,07:40:00,1.35,1.36,1.34,1.35,304000,0
2016-03-18,07:45:00,1.35,1.35,1.34,1.35,72000,0
2016-03-18,07:50:00,1.35,1.36,1.35,1.35,134000,0
2016-03-18,07:55:00,1.35,1.36,1.35,1.36,30000,0
2016-03-18,08:00:00,1.36,1.36,1.35,1.35,36000,0
2016-03-18,08:05:00,1.35,1.35,1.35,1.35,274000,0
2016-03-18,08:10:00,1.35,1.36,1.35,1.36,12000,0
2016-03-18,08:15:00,1.36,1.36,1.35,1.35,104000,0
2016-03-18,08:20:00,1.35,1.35,1.34,1.34,40000,0
2016-03-18,08:25:00,1.34,1.36,1.34,1.36,90000,0
2016-03-18,08:30:00,1.36,1.36,1.35,1.35,188000,0
2016-03-18,08:35:00,1.35,1.36,1.35,1.35,84000,0
2016-03-18,08:40:00,1.35,1.36,1.35,1.36,16000,0
2016-03-18,08:45:00,1.36,1.36,1.36,1.36,28000,0
2016-03-18,08:50:00,1.36,1.36,1.35,1.36,130000,0
2016-03-18,08:55:00,1.36,1.36,1.35,1.35,592000,0
2016-03-18,09:00:00,1.35,1.37,1.35,1.36,782000,0
2016-03-21,02:35:00,1.36,1.37,1.36,1.37,40000,0
2016-03-21,02:40:00,1.37,1.38,1.36,1.37,410000,0
2016-03-21,02:45:00,1.37,1.38,1.37,1.37,26000,0
2016-03-21,02:50:00,1.37,1.39,1.37,1.39,512000,0
2016-03-21,02:55:00,1.39,1.39,1.38,1.39,182000,0
2016-03-21,03:00:00,1.39,1.39,1.38,1.38,144000,0
2016-03-21,03:05:00,1.38,1.39,1.37,1.39,594000,0
2016-03-21,03:10:00,1.39,1.4,1.39,1.39,72000,0
2016-03-21,03:15:00,1.39,1.4,1.39,1.39,14000,0
2016-03-21,03:20:00,1.39,1.4,1.38,1.39,70000,0
2016-03-21,03:25:00,1.39,1.39,1.39,1.39,38000,0
2016-03-21,03:30:00,1.39,1.39,1.39,1.39,32000,0
2016-03-21,03:35:00,1.39,1.39,1.38,1.38,204000,0
2016-03-21,03:40:00,1.39,1.4,1.39,1.4,6000,0
2016-03-21,03:45:00,1.4,1.4,1.39,1.39,42000,0
2016-03-21,03:50:00,1.39,1.41,1.38,1.41,1720000,0
2016-03-21,03:55:00,1.41,1.41,1.39,1.4,454000,0
2016-03-21,04:00:00,1.4,1.41,1.4,1.4,164000,0
2016-03-21,04:05:00,1.4,1.41,1.4,1.4,160000,0
2016-03-21,04:10:00,1.4,1.4,1.38,1.38,1138000,0
2016-03-21,04:15:00,1.38,1.4,1.38,1.4,154000,0
2016-03-21,04:20:00,1.4,1.4,1.4,1.4,30000,0
2016-03-21,04:25:00,1.4,1.41,1.4,1.4,334000,0
2016-03-21,04:30:00,1.4,1.41,1.4,1.4,70000,0
2016-03-21,04:35:00,1.4,1.41,1.4,1.4,102000,0
2016-03-21,04:40:00,1.4,1.41,1.4,1.41,54000,0
2016-03-21,04:45:00,1.41,1.41,1.4,1.41,72000,0
2016-03-21,04:50:00,1.41,1.41,1.41,1.41,4000,0
2016-03-21,04:55:00,1.41,1.41,1.4,1.41,90000,0
2016-03-21,05:00:00,1.41,1.41,1.41,1.41,38000,0
2016-03-21,06:05:00,1.41,1.41,1.41,1.41,2000,0
2016-03-21,06:10:00,1.41,1.41,1.41,1.41,52000,0
2016-03-21,06:15:00,1.41,1.41,1.4,1.4,134000,0
2016-03-21,06:20:00,1.4,1.41,1.4,1.41,344000,0
2016-03-21,06:25:00,1.41,1.41,1.4,1.41,16000,0
2016-03-21,06:30:00,1.41,1.41,1.4,1.4,98000,0
2016-03-21,06:35:00,1.4,1.41,1.4,1.4,260000,0
2016-03-21,06:40:00,1.4,1.41,1.4,1.41,274000,0
2016-03-21,06:45:00,1.41,1.41,1.4,1.4,64000,0
2016-03-21,06:50:00,1.4,1.41,1.4,1.41,256000,0
2016-03-21,06:55:00,1.41,1.41,1.4,1.4,210000,0
2016-03-21,07:00:00,1.4,1.4,1.39,1.39,28000,0
2016-03-21,07:05:00,1.39,1.4,1.39,1.39,126000,0
2016-03-21,07:10:00,1.39,1.39,1.38,1.38,438000,0
2016-03-21,07:15:00,1.38,1.39,1.38,1.39,92000,0
2016-03-21,07:20:00,1.39,1.39,1.37,1.37,558000,0
2016-03-21,07:25:00,1.37,1.38,1.37,1.38,8000,0
2016-03-21,07:30:00,1.38,1.38,1.37,1.38,90000,0
2016-03-21,07:35:00,1.38,1.38,1.37,1.37,48000,0
2016-03-21,07:40:00,1.37,1.38,1.37,1.38,94000,0
2016-03-21,07:45:00,1.38,1.38,1.37,1.38,52000,0
2016-03-21,07:50:00,1.38,1.38,1.38,1.38,48000,0
2016-03-21,07:55:00,1.38,1.38,1.37,1.38,46000,0
2016-03-21,08:00:00,1.38,1.38,1.38,1.38,2000,0
2016-03-21,08:05:00,1.36,1.37,1.36,1.37,20000,0
2016-03-21,08:10:00,1.36,1.38,1.36,1.37,416000,0
2016-03-21,08:15:00,1.37,1.38,1.37,1.37,82000,0
2016-03-21,08:20:00,1.37,1.37,1.37,1.37,78000,0
2016-03-21,08:25:00,1.37,1.38,1.37,1.37,100000,0
2016-03-21,08:30:00,1.37,1.37,1.37,1.37,96000,0
2016-03-21,08:35:00,1.36,1.37,1.36,1.37,216000,0
2016-03-21,08:40:00,1.37,1.38,1.37,1.37,300000,0
2016-03-21,08:45:00,1.37,1.38,1.37,1.38,354000,0
2016-03-21,08:50:00,1.38,1.39,1.37,1.38,224000,0
2016-03-21,08:55:00,1.38,1.39,1.37,1.37,444000,0
2016-03-21,09:00:00,1.37,1.39,1.37,1.39,502000,0
2016-03-22,02:35:00,1.41,1.43,1.41,1.42,196000,0
2016-03-22,02:40:00,1.42,1.42,1.41,1.42,54000,0
2016-03-22,02:45:00,1.42,1.42,1.39,1.4,592000,0
2016-03-22,02:50:00,1.4,1.41,1.4,1.41,26000,0
2016-03-22,02:55:00,1.41,1.41,1.4,1.4,268000,0
2016-03-22,03:00:00,1.4,1.41,1.4,1.41,92000,0
2016-03-22,03:05:00,1.41,1.41,1.41,1.41,38000,0
2016-03-22,03:10:00,1.41,1.42,1.41,1.41,490000,0
2016-03-22,03:15:00,1.41,1.41,1.4,1.41,348000,0
2016-03-22,03:20:00,1.41,1.41,1.4,1.41,314000,0
2016-03-22,03:25:00,1.41,1.42,1.41,1.41,34000,0
2016-03-22,03:30:00,1.41,1.41,1.41,1.41,22000,0
2016-03-22,03:35:00,1.41,1.42,1.41,1.41,268000,0
2016-03-22,03:40:00,1.41,1.41,1.41,1.41,232000,0
2016-03-22,03:45:00,1.41,1.42,1.41,1.42,6000,0
2016-03-22,03:50:00,1.42,1.42,1.41,1.42,34000,0
2016-03-22,03:55:00,1.42,1.42,1.41,1.41,124000,0
2016-03-22,04:00:00,1.41,1.42,1.41,1.42,32000,0
2016-03-22,04:05:00,1.42,1.42,1.41,1.41,38000,0
2016-03-22,04:10:00,1.41,1.42,1.41,1.41,60000,0
2016-03-22,04:15:00,1.41,1.41,1.41,1.41,164000,0
2016-03-22,04:20:00,1.41,1.41,1.4,1.4,362000,0
2016-03-22,04:25:00,1.4,1.41,1.39,1.39,216000,0
2016-03-22,04:30:00,1.39,1.4,1.37,1.39,1978000,0
2016-03-22,04:35:00,1.39,1.4,1.39,1.39,60000,0
2016-03-22,04:40:00,1.39,1.4,1.38,1.4,202000,0
2016-03-22,04:45:00,1.4,1.4,1.39,1.39,156000,0
2016-03-22,04:50:00,1.39,1.39,1.38,1.39,248000,0
2016-03-22,04:55:00,1.39,1.39,1.39,1.39,50000,0
2016-03-22,05:00:00,1.39,1.4,1.39,1.4,68000,0
2016-03-22,06:05:00,1.4,1.4,1.38,1.4,40000,0
2016-03-22,06:10:00,1.4,1.4,1.39,1.4,32000,0
2016-03-22,06:15:00,1.4,1.4,1.39,1.39,64000,0
2016-03-22,06:20:00,1.39,1.4,1.39,1.4,32000,0
2016-03-22,06:25:00,1.4,1.4,1.39,1.39,54000,0
2016-03-22,06:30:00,1.39,1.41,1.39,1.41,158000,0
2016-03-22,06:35:00,1.41,1.41,1.4,1.41,134000,0
2016-03-22,06:40:00,1.41,1.41,1.4,1.41,16000,0
2016-03-22,06:45:00,1.41,1.41,1.41,1.41,16000,0
2016-03-22,06:50:00,1.41,1.41,1.4,1.4,82000,0
2016-03-22,06:55:00,1.4,1.4,1.39,1.39,32000,0
2016-03-22,07:00:00,1.39,1.4,1.39,1.4,24000,0
2016-03-22,07:05:00,1.4,1.4,1.38,1.39,278000,0
2016-03-22,07:10:00,1.39,1.39,1.37,1.39,742000,0
2016-03-22,07:15:00,1.39,1.39,1.39,1.39,18000,0
2016-03-22,07:20:00,1.39,1.39,1.38,1.39,28000,0
2016-03-22,07:25:00,1.39,1.39,1.39,1.39,36000,0
2016-03-22,07:30:00,1.39,1.39,1.38,1.39,26000,0
2016-03-22,07:35:00,1.39,1.39,1.38,1.39,26000,0
2016-03-22,07:40:00,1.39,1.39,1.39,1.39,54000,0
2016-03-22,07:45:00,1.39,1.39,1.38,1.38,24000,0
2016-03-22,07:50:00,1.38,1.39,1.38,1.39,24000,0
2016-03-22,07:55:00,1.39,1.4,1.39,1.4,8000,0
2016-03-22,08:00:00,1.4,1.4,1.4,1.4,16000,0
2016-03-22,08:05:00,1.4,1.4,1.4,1.4,22000,0
2016-03-22,08:10:00,1.4,1.4,1.4,1.4,40000,0
2016-03-22,08:15:00,1.4,1.4,1.39,1.4,62000,0
2016-03-22,08:20:00,1.4,1.4,1.39,1.39,28000,0
2016-03-22,08:25:00,1.39,1.4,1.39,1.4,40000,0
2016-03-22,08:30:00,1.4,1.41,1.4,1.4,32000,0
2016-03-22,08:35:00,1.4,1.4,1.38,1.4,536000,0
2016-03-22,08:40:00,1.4,1.4,1.38,1.4,284000,0
2016-03-22,08:45:00,1.4,1.4,1.4,1.4,84000,0
2016-03-22,08:50:00,1.4,1.41,1.4,1.4,160000,0
2016-03-22,08:55:00,1.4,1.4,1.39,1.4,176000,0
2016-03-22,09:00:00,1.4,1.41,1.39,1.4,322000,0
2016-03-23,02:35:00,1.42,1.43,1.42,1.42,56000,0
2016-03-23,02:40:00,1.42,1.42,1.42,1.42,16000,0
2016-03-23,02:45:00,1.42,1.42,1.42,1.42,78000,0
2016-03-23,02:50:00,1.42,1.43,1.42,1.43,36000,0
2016-03-23,02:55:00,1.43,1.43,1.43,1.43,4000,0
2016-03-23,03:00:00,1.43,1.43,1.42,1.43,192000,0
2016-03-23,03:05:00,1.43,1.43,1.41,1.42,378000,0
2016-03-23,03:10:00,1.42,1.42,1.42,1.42,4000,0
2016-03-23,03:15:00,1.42,1.42,1.42,1.42,96000,0
2016-03-23,03:20:00,1.42,1.43,1.42,1.42,154000,0
2016-03-23,03:25:00,1.42,1.42,1.42,1.42,2000,0
2016-03-23,03:30:00,1.42,1.42,1.41,1.42,136000,0
2016-03-23,03:35:00,1.41,1.41,1.41,1.41,10000,0
2016-03-23,03:40:00,1.41,1.41,1.41,1.41,56000,0
2016-03-23,03:45:00,1.41,1.42,1.41,1.41,8000,0
2016-03-23,03:50:00,1.41,1.41,1.41,1.41,24000,0
2016-03-23,03:55:00,1.41,1.41,1.41,1.41,26000,0
2016-03-23,04:00:00,1.41,1.41,1.4,1.41,58000,0
2016-03-23,04:05:00,1.4,1.42,1.4,1.42,242000,0
2016-03-23,04:10:00,1.42,1.42,1.4,1.42,168000,0
2016-03-23,04:15:00,1.42,1.42,1.42,1.42,168000,0
2016-03-23,04:20:00,1.42,1.42,1.42,1.42,48000,0
2016-03-23,04:25:00,1.42,1.42,1.42,1.42,150000,0
2016-03-23,04:30:00,1.42,1.43,1.42,1.43,4000,0
2016-03-23,04:35:00,1.43,1.43,1.43,1.43,10000,0
2016-03-23,04:40:00,1.43,1.43,1.43,1.43,26000,0
2016-03-23,04:45:00,1.43,1.43,1.43,1.43,16000,0
2016-03-23,04:50:00,1.43,1.43,1.42,1.42,36000,0
2016-03-23,04:55:00,1.42,1.43,1.42,1.42,68000,0
2016-03-23,05:00:00,1.42,1.43,1.42,1.43,86000,0
2016-03-23,06:05:00,1.43,1.44,1.43,1.44,898000,0
2016-03-23,06:10:00,1.44,1.44,1.43,1.43,596000,0
2016-03-23,06:15:00,1.43,1.44,1.43,1.44,4000,0
2016-03-23,06:20:00,1.44,1.44,1.43,1.43,588000,0
2016-03-23,06:25:00,1.43,1.43,1.43,1.43,72000,0
2016-03-23,06:30:00,1.43,1.44,1.43,1.44,268000,0
2016-03-23,06:35:00,1.44,1.44,1.43,1.43,180000,0
2016-03-23,06:40:00,1.43,1.44,1.43,1.43,38000,0
2016-03-23,06:45:00,1.43,1.44,1.43,1.44,4000,0
2016-03-23,06:50:00,1.44,1.44,1.44,1.44,22000,0
2016-03-23,06:55:00,1.44,1.44,1.44,1.44,14000,0
2016-03-23,07:00:00,1.44,1.45,1.43,1.44,1208000,0
2016-03-23,07:05:00,1.44,1.45,1.44,1.45,6000,0
2016-03-23,07:10:00,1.45,1.45,1.44,1.44,134000,0
2016-03-23,07:15:00,1.44,1.45,1.43,1.43,180000,0
2016-03-23,07:20:00,1.43,1.44,1.43,1.44,4000,0
2016-03-23,07:25:00,1.44,1.44,1.43,1.44,260000,0
2016-03-23,07:30:00,1.44,1.45,1.44,1.45,56000,0
2016-03-23,07:35:00,1.45,1.45,1.44,1.44,14000,0
2016-03-23,07:40:00,1.44,1.45,1.44,1.44,52000,0
2016-03-23,07:45:00,1.44,1.45,1.44,1.45,96000,0
2016-03-23,07:50:00,1.45,1.45,1.44,1.45,8000,0
2016-03-23,07:55:00,1.45,1.46,1.45,1.46,1055800,0
2016-03-23,08:00:00,1.46,1.46,1.45,1.45,232000,0
2016-03-23,08:05:00,1.45,1.46,1.45,1.45,252000,0
2016-03-23,08:10:00,1.45,1.45,1.45,1.45,210000,0
2016-03-23,08:15:00,1.45,1.46,1.45,1.46,612000,0
2016-03-23,08:20:00,1.46,1.47,1.45,1.45,692000,0
2016-03-23,08:25:00,1.45,1.46,1.45,1.46,56000,0
2016-03-23,08:30:00,1.46,1.47,1.45,1.46,468000,0
2016-03-23,08:35:00,1.46,1.47,1.46,1.46,364000,0
2016-03-23,08:40:00,1.46,1.48,1.46,1.48,480000,0
2016-03-23,08:45:00,1.48,1.48,1.46,1.47,566000,0
2016-03-23,08:50:00,1.47,1.47,1.46,1.46,616000,0
2016-03-23,08:55:00,1.46,1.47,1.46,1.47,508000,0
2016-03-23,09:00:00,1.47,1.47,1.46,1.46,658000,0
2016-03-24,02:35:00,1.48,1.48,1.46,1.46,96000,0
2016-03-24,02:40:00,1.46,1.47,1.46,1.47,16000,0
2016-03-24,02:45:00,1.47,1.47,1.46,1.47,104000,0
2016-03-24,02:50:00,1.47,1.47,1.46,1.46,48000,0
2016-03-24,02:55:00,1.46,1.46,1.46,1.46,70000,0
2016-03-24,03:00:00,1.46,1.46,1.44,1.44,226000,0
2016-03-24,03:05:00,1.44,1.45,1.44,1.44,86000,0
2016-03-24,03:10:00,1.44,1.45,1.43,1.43,120000,0
2016-03-24,03:15:00,1.43,1.44,1.43,1.43,626000,0
2016-03-24,03:20:00,1.44,1.45,1.44,1.45,4000,0
2016-03-24,03:25:00,1.45,1.45,1.44,1.44,62000,0
2016-03-24,03:35:00,1.44,1.45,1.44,1.45,8000,0
2016-03-24,03:45:00,1.45,1.45,1.45,1.45,2000,0
2016-03-24,03:50:00,1.45,1.45,1.45,1.45,4000,0
2016-03-24,04:00:00,1.45,1.45,1.44,1.44,22000,0
2016-03-24,04:05:00,1.44,1.44,1.44,1.44,156000,0
2016-03-24,04:10:00,1.44,1.44,1.44,1.44,10000,0
2016-03-24,04:15:00,1.44,1.45,1.44,1.45,74000,0
2016-03-24,04:20:00,1.45,1.45,1.44,1.44,6000,0
2016-03-24,04:25:00,1.44,1.45,1.44,1.44,116000,0
2016-03-24,04:30:00,1.44,1.45,1.44,1.45,116000,0
2016-03-24,04:35:00,1.45,1.45,1.44,1.44,4000,0
2016-03-24,04:40:00,1.44,1.45,1.44,1.45,4000,0
2016-03-24,04:45:00,1.45,1.45,1.44,1.44,120000,0
2016-03-24,04:55:00,1.44,1.44,1.44,1.44,102000,0
2016-03-24,05:00:00,1.44,1.44,1.43,1.43,280000,0
2016-03-24,06:05:00,1.43,1.44,1.43,1.44,4000,0
2016-03-24,06:10:00,1.44,1.44,1.43,1.43,32000,0
2016-03-24,06:15:00,1.43,1.43,1.43,1.43,12000,0
2016-03-24,06:20:00,1.43,1.44,1.43,1.44,28000,0
2016-03-24,06:25:00,1.44,1.44,1.43,1.43,18000,0
2016-03-24,06:30:00,1.43,1.43,1.42,1.42,364000,0
2016-03-24,06:35:00,1.42,1.42,1.42,1.42,6000,0
2016-03-24,06:40:00,1.42,1.43,1.42,1.42,14000,0
2016-03-24,06:45:00,1.42,1.42,1.42,1.42,10000,0
2016-03-24,06:50:00,1.42,1.43,1.42,1.43,10000,0
2016-03-24,06:55:00,1.43,1.43,1.42,1.43,12000,0
2016-03-24,07:00:00,1.43,1.43,1.42,1.42,262000,0
2016-03-24,07:05:00,1.42,1.42,1.41,1.41,28000,0
2016-03-24,07:10:00,1.41,1.41,1.41,1.41,100000,0
2016-03-24,07:15:00,1.41,1.41,1.41,1.41,74000,0
2016-03-24,07:20:00,1.41,1.41,1.41,1.41,6000,0
2016-03-24,07:25:00,1.41,1.42,1.41,1.42,6000,0
2016-03-24,07:30:00,1.42,1.42,1.41,1.41,44000,0
2016-03-24,07:35:00,1.41,1.42,1.41,1.41,230000,0
2016-03-24,07:40:00,1.41,1.41,1.39,1.4,462000,0
2016-03-24,07:50:00,1.4,1.4,1.39,1.39,8000,0
2016-03-24,07:55:00,1.39,1.39,1.39,1.39,26000,0
2016-03-24,08:00:00,1.39,1.4,1.39,1.4,112000,0
2016-03-24,08:10:00,1.4,1.4,1.4,1.4,2000,0
2016-03-24,08:15:00,1.38,1.39,1.38,1.39,6000,0
2016-03-24,08:25:00,1.38,1.39,1.38,1.39,32000,0
2016-03-24,08:30:00,1.38,1.39,1.38,1.39,4000,0
2016-03-24,08:40:00,1.38,1.39,1.38,1.39,34000,0
2016-03-24,08:45:00,1.39,1.39,1.39,1.39,2000,0
2016-03-24,08:50:00,1.38,1.39,1.38,1.39,160000,0
2016-03-24,08:55:00,1.38,1.39,1.38,1.39,88000,0
2016-03-24,09:00:00,1.39,1.4,1.39,1.39,414000,0
2016-03-29,03:35:00,1.4,1.43,1.39,1.39,158000,0
2016-03-29,03:40:00,1.39,1.39,1.36,1.36,214000,0
2016-03-29,03:45:00,1.36,1.36,1.36,1.36,374000,0
2016-03-29,03:50:00,1.36,1.36,1.36,1.36,10000,0
2016-03-29,03:55:00,1.36,1.36,1.35,1.36,66000,0
2016-03-29,04:00:00,1.36,1.36,1.35,1.36,332000,0
2016-03-29,04:10:00,1.36,1.39,1.36,1.38,666000,0
2016-03-29,04:15:00,1.38,1.38,1.36,1.38,52000,0
2016-03-29,04:20:00,1.38,1.38,1.37,1.37,24000,0
2016-03-29,04:25:00,1.37,1.37,1.37,1.37,2000,0
2016-03-29,04:30:00,1.37,1.37,1.37,1.37,40000,0
2016-03-29,04:40:00,1.37,1.38,1.37,1.38,30000,0
2016-03-29,04:45:00,1.38,1.39,1.38,1.39,172000,0
2016-03-29,04:50:00,1.39,1.4,1.38,1.39,426000,0
2016-03-29,04:55:00,1.39,1.4,1.39,1.39,40000,0
2016-03-29,05:00:00,1.39,1.39,1.38,1.39,54000,0
2016-03-29,05:10:00,1.39,1.39,1.37,1.38,306000,0
2016-03-29,05:25:00,1.38,1.38,1.38,1.38,2000,0
2016-03-29,05:30:00,1.38,1.38,1.38,1.38,146000,0
2016-03-29,05:35:00,1.38,1.39,1.38,1.39,98000,0
2016-03-29,05:40:00,1.39,1.39,1.38,1.38,190000,0
2016-03-29,05:45:00,1.38,1.38,1.38,1.38,100000,0
2016-03-29,05:50:00,1.38,1.4,1.38,1.38,262000,0
2016-03-29,05:55:00,1.38,1.4,1.38,1.39,92000,0
2016-03-29,06:00:00,1.39,1.4,1.39,1.4,176000,0
2016-03-29,07:05:00,1.4,1.4,1.39,1.4,220000,0
2016-03-29,07:10:00,1.4,1.4,1.38,1.38,298000,0
2016-03-29,07:15:00,1.38,1.38,1.37,1.38,94000,0
2016-03-29,07:20:00,1.38,1.39,1.36,1.36,710000,0
2016-03-29,07:25:00,1.34,1.35,1.34,1.35,18000,0
2016-03-29,07:30:00,1.35,1.36,1.35,1.35,146000,0
2016-03-29,07:35:00,1.35,1.37,1.35,1.36,534000,0
2016-03-29,07:40:00,1.36,1.36,1.35,1.36,208000,0
2016-03-29,07:50:00,1.36,1.36,1.35,1.35,114000,0
2016-03-29,07:55:00,1.35,1.36,1.35,1.35,24000,0
2016-03-29,08:00:00,1.35,1.36,1.35,1.35,78000,0
2016-03-29,08:05:00,1.35,1.36,1.34,1.36,26000,0
2016-03-29,08:10:00,1.35,1.35,1.34,1.35,66000,0
2016-03-29,08:20:00,1.34,1.35,1.34,1.35,56000,0
2016-03-29,08:25:00,1.34,1.35,1.34,1.35,4000,0
2016-03-29,08:30:00,1.34,1.35,1.34,1.35,4000,0
2016-03-29,08:55:00,1.34,1.36,1.34,1.36,640000,0
2016-03-29,09:00:00,1.36,1.37,1.36,1.37,4000,0
2016-03-29,09:10:00,1.37,1.37,1.36,1.36,22000,0
2016-03-29,09:15:00,1.36,1.36,1.36,1.36,14000,0
2016-03-29,09:20:00,1.36,1.36,1.36,1.36,24000,0
2016-03-29,09:25:00,1.36,1.36,1.36,1.36,34000,0
2016-03-29,09:30:00,1.36,1.37,1.36,1.36,34000,0
2016-03-29,09:35:00,1.36,1.36,1.35,1.36,156000,0
2016-03-29,09:40:00,1.36,1.36,1.36,1.36,8000,0
2016-03-29,09:45:00,1.36,1.36,1.35,1.35,120000,0
2016-03-29,09:50:00,1.35,1.36,1.34,1.36,280000,0
2016-03-29,09:55:00,1.36,1.36,1.35,1.36,138000,0
2016-03-29,10:00:00,1.36,1.37,1.35,1.36,428000,0
2016-03-30,03:35:00,1.39,1.39,1.38,1.39,18000,0
2016-03-30,03:40:00,1.39,1.39,1.37,1.37,96000,0
2016-03-30,03:45:00,1.37,1.38,1.37,1.38,80000,0
2016-03-30,03:50:00,1.38,1.38,1.38,1.38,4000,0
2016-03-30,03:55:00,1.38,1.38,1.37,1.38,86000,0
2016-03-30,04:05:00,1.38,1.39,1.38,1.38,494000,0
2016-03-30,04:10:00,1.38,1.38,1.37,1.37,502000,0
2016-03-30,04:15:00,1.37,1.38,1.37,1.37,96000,0
2016-03-30,04:20:00,1.37,1.37,1.37,1.37,98000,0
2016-03-30,04:25:00,1.37,1.37,1.36,1.36,10000,0
2016-03-30,04:30:00,1.36,1.37,1.36,1.36,354000,0
2016-03-30,04:35:00,1.36,1.37,1.35,1.36,292000,0
2016-03-30,04:40:00,1.36,1.37,1.35,1.36,70000,0
2016-03-30,04:45:00,1.36,1.36,1.35,1.35,32000,0
2016-03-30,04:50:00,1.35,1.35,1.34,1.34,920000,0
2016-03-30,04:55:00,1.34,1.35,1.34,1.34,64000,0
2016-03-30,05:00:00,1.33,1.34,1.33,1.34,60000,0
2016-03-30,05:10:00,1.33,1.34,1.33,1.34,48000,0
2016-03-30,05:15:00,1.34,1.34,1.34,1.34,28000,0
2016-03-30,05:20:00,1.34,1.34,1.33,1.34,8000,0
2016-03-30,05:25:00,1.33,1.35,1.33,1.35,104000,0
2016-03-30,05:30:00,1.35,1.35,1.33,1.35,24000,0
2016-03-30,05:35:00,1.35,1.35,1.34,1.35,38000,0
2016-03-30,05:40:00,1.35,1.35,1.34,1.34,94000,0
2016-03-30,05:45:00,1.34,1.35,1.34,1.35,114000,0
2016-03-30,05:50:00,1.35,1.35,1.34,1.34,28000,0
2016-03-30,05:55:00,1.34,1.35,1.34,1.34,34000,0
2016-03-30,06:00:00,1.34,1.35,1.34,1.35,4000,0
2016-03-30,07:10:00,1.35,1.35,1.34,1.34,12000,0
2016-03-30,07:15:00,1.34,1.35,1.34,1.35,18000,0
2016-03-30,07:20:00,1.35,1.35,1.34,1.34,62000,0
2016-03-30,07:25:00,1.34,1.35,1.34,1.34,12000,0
2016-03-30,07:30:00,1.34,1.35,1.34,1.35,24000,0
2016-03-30,07:35:00,1.35,1.35,1.34,1.35,30000,0
2016-03-30,07:40:00,1.35,1.35,1.34,1.35,26000,0
2016-03-30,07:45:00,1.35,1.35,1.34,1.35,16000,0
2016-03-30,07:50:00,1.35,1.35,1.34,1.35,82000,0
2016-03-30,07:55:00,1.35,1.35,1.34,1.35,104000,0
2016-03-30,08:00:00,1.35,1.36,1.35,1.35,182000,0
2016-03-30,08:05:00,1.35,1.35,1.35,1.35,18000,0
2016-03-30,08:10:00,1.35,1.37,1.35,1.36,222000,0
2016-03-30,08:15:00,1.36,1.36,1.36,1.36,2000,0
2016-03-30,08:20:00,1.36,1.37,1.36,1.37,4000,0
2016-03-30,08:25:00,1.37,1.37,1.36,1.36,8000,0
2016-03-30,08:35:00,1.36,1.37,1.36,1.37,28000,0
2016-03-30,08:40:00,1.37,1.37,1.36,1.36,28000,0
2016-03-30,08:45:00,1.36,1.37,1.36,1.37,14000,0
2016-03-30,08:50:00,1.37,1.37,1.36,1.37,28000,0
2016-03-30,08:55:00,1.37,1.37,1.36,1.36,38000,0
2016-03-30,09:00:00,1.36,1.37,1.36,1.37,12000,0
2016-03-30,09:05:00,1.37,1.37,1.36,1.37,62000,0
2016-03-30,09:10:00,1.37,1.37,1.36,1.36,166000,0
2016-03-30,09:15:00,1.36,1.37,1.36,1.37,32000,0
2016-03-30,09:20:00,1.37,1.37,1.36,1.37,398000,0
2016-03-30,09:25:00,1.37,1.38,1.37,1.37,148000,0
2016-03-30,09:30:00,1.37,1.37,1.37,1.37,6000,0
2016-03-30,09:35:00,1.37,1.38,1.37,1.38,110000,0
2016-03-30,09:40:00,1.38,1.38,1.37,1.38,358000,0
2016-03-30,09:45:00,1.38,1.39,1.38,1.38,96000,0
2016-03-30,09:50:00,1.38,1.39,1.38,1.38,144000,0
2016-03-30,09:55:00,1.38,1.38,1.37,1.37,56000,0
2016-03-30,10:00:00,1.37,1.39,1.37,1.37,246000,0
2016-03-31,03:35:00,1.39,1.4,1.36,1.37,620000,0
2016-03-31,03:40:00,1.37,1.38,1.37,1.38,240000,0
2016-03-31,03:45:00,1.38,1.38,1.38,1.38,90000,0
2016-03-31,03:50:00,1.38,1.38,1.37,1.37,86000,0
2016-03-31,03:55:00,1.37,1.38,1.37,1.37,308000,0
2016-03-31,04:00:00,1.37,1.38,1.37,1.38,148000,0
2016-03-31,04:05:00,1.38,1.39,1.37,1.38,284000,0
2016-03-31,04:10:00,1.38,1.38,1.37,1.37,372000,0
2016-03-31,04:15:00,1.37,1.37,1.37,1.37,54000,0
2016-03-31,04:20:00,1.37,1.37,1.36,1.36,116000,0
2016-03-31,04:25:00,1.36,1.37,1.36,1.36,228000,0
2016-03-31,04:30:00,1.36,1.37,1.36,1.36,138000,0
2016-03-31,04:35:00,1.36,1.36,1.35,1.35,372000,0
2016-03-31,04:40:00,1.35,1.36,1.34,1.34,484000,0
2016-03-31,04:45:00,1.34,1.34,1.34,1.34,258000,0
2016-03-31,04:50:00,1.34,1.35,1.34,1.34,220000,0
2016-03-31,04:55:00,1.34,1.34,1.33,1.33,184000,0
2016-03-31,05:00:00,1.33,1.34,1.33,1.33,186000,0
2016-03-31,05:05:00,1.33,1.34,1.33,1.33,164000,0
2016-03-31,05:10:00,1.33,1.34,1.33,1.34,66000,0
2016-03-31,05:15:00,1.32,1.33,1.32,1.33,78000,0
2016-03-31,05:20:00,1.33,1.33,1.33,1.33,4000,0
2016-03-31,05:25:00,1.32,1.33,1.32,1.33,4000,0
2016-03-31,05:30:00,1.32,1.34,1.32,1.33,190000,0
2016-03-31,05:35:00,1.33,1.34,1.33,1.33,72000,0
2016-03-31,05:40:00,1.33,1.35,1.33,1.35,50000,0
2016-03-31,05:45:00,1.35,1.35,1.34,1.34,108000,0
2016-03-31,05:50:00,1.34,1.35,1.34,1.34,208000,0
2016-03-31,05:55:00,1.34,1.35,1.34,1.35,160000,0
2016-03-31,06:00:00,1.35,1.36,1.34,1.36,240000,0
2016-03-31,07:05:00,1.36,1.36,1.35,1.35,238000,0
2016-03-31,07:10:00,1.35,1.36,1.35,1.35,154000,0
2016-03-31,07:15:00,1.35,1.35,1.35,1.35,64000,0
2016-03-31,07:20:00,1.35,1.35,1.35,1.35,48000,0
2016-03-31,07:25:00,1.35,1.35,1.34,1.35,126000,0
2016-03-31,07:30:00,1.35,1.35,1.34,1.34,54000,0
2016-03-31,07:35:00,1.34,1.36,1.34,1.36,270000,0
2016-03-31,07:40:00,1.36,1.36,1.36,1.36,52000,0
2016-03-31,07:45:00,1.36,1.37,1.35,1.37,136000,0
2016-03-31,07:50:00,1.37,1.37,1.36,1.37,108000,0
2016-03-31,07:55:00,1.37,1.37,1.37,1.37,50000,0
2016-03-31,08:00:00,1.37,1.37,1.36,1.37,104000,0
2016-03-31,08:05:00,1.37,1.37,1.36,1.36,4000,0
2016-03-31,08:10:00,1.36,1.37,1.36,1.37,142000,0
2016-03-31,08:20:00,1.37,1.37,1.36,1.36,134000,0
2016-03-31,08:25:00,1.36,1.36,1.36,1.36,116000,0
2016-03-31,08:30:00,1.36,1.37,1.36,1.37,64000,0
2016-03-31,08:35:00,1.37,1.37,1.37,1.37,128000,0
2016-03-31,08:40:00,1.37,1.38,1.37,1.38,244000,0
2016-03-31,08:45:00,1.38,1.38,1.36,1.36,150000,0
2016-03-31,08:50:00,1.36,1.37,1.36,1.36,106000,0
2016-03-31,08:55:00,1.36,1.37,1.36,1.37,166000,0
2016-03-31,09:00:00,1.37,1.37,1.37,1.37,26000,0
2016-03-31,09:05:00,1.37,1.38,1.37,1.37,310000,0
2016-03-31,09:10:00,1.37,1.38,1.37,1.37,302000,0
2016-03-31,09:15:00,1.37,1.37,1.37,1.37,164000,0
2016-03-31,09:20:00,1.37,1.37,1.37,1.37,60000,0
2016-03-31,09:25:00,1.37,1.37,1.36,1.36,18000,0
2016-03-31,09:30:00,1.36,1.37,1.36,1.36,438000,0
2016-03-31,09:35:00,1.36,1.37,1.36,1.37,160000,0
2016-03-31,09:40:00,1.37,1.37,1.36,1.36,170000,0
2016-03-31,09:45:00,1.36,1.37,1.35,1.36,354000,0
2016-03-31,09:50:00,1.36,1.36,1.35,1.36,240000,0
2016-03-31,09:55:00,1.36,1.37,1.36,1.37,20000,0
2016-03-31,10:00:00,1.37,1.38,1.36,1.37,504000,0
2016-04-01,03:35:00,1.34,1.36,1.34,1.36,14000,0
2016-04-01,03:40:00,1.36,1.38,1.36,1.37,176000,0
2016-04-01,03:45:00,1.37,1.38,1.37,1.37,178000,0
2016-04-01,03:50:00,1.37,1.38,1.37,1.37,88000,0
2016-04-01,03:55:00,1.37,1.37,1.36,1.37,38000,0
2016-04-01,04:00:00,1.37,1.37,1.37,1.37,14000,0
2016-04-01,04:05:00,1.37,1.37,1.37,1.37,2000,0
2016-04-01,04:20:00,1.37,1.37,1.36,1.36,4000,0
2016-04-01,04:35:00,1.36,1.37,1.36,1.36,156000,0
2016-04-01,05:00:00,1.36,1.37,1.36,1.36,226000,0
2016-04-01,05:05:00,1.36,1.36,1.36,1.36,6000,0
2016-04-01,05:10:00,1.36,1.37,1.36,1.37,30000,0
2016-04-01,05:15:00,1.37,1.37,1.36,1.36,190000,0
2016-04-01,05:20:00,1.36,1.36,1.36,1.36,32000,0
2016-04-01,05:50:00,1.36,1.37,1.36,1.37,12000,0
2016-04-01,05:55:00,1.37,1.37,1.35,1.36,508000,0
2016-04-01,06:00:00,1.36,1.37,1.35,1.35,956000,0
2016-04-01,07:05:00,1.34,1.35,1.34,1.35,8000,0
2016-04-01,07:25:00,1.34,1.35,1.34,1.35,22000,0
2016-04-01,07:35:00,1.34,1.35,1.34,1.35,16000,0
2016-04-01,08:30:00,1.34,1.35,1.34,1.35,18000,0
2016-04-01,08:40:00,1.34,1.35,1.34,1.35,16000,0
2016-04-01,08:55:00,1.34,1.35,1.34,1.35,72000,0
2016-04-01,09:00:00,1.35,1.35,1.35,1.35,78000,0
2016-04-01,09:15:00,1.34,1.35,1.34,1.35,90000,0
2016-04-01,09:25:00,1.35,1.35,1.35,1.35,2000,0
2016-04-01,09:40:00,1.35,1.36,1.35,1.35,36000,0
2016-04-01,09:45:00,1.35,1.36,1.35,1.35,26000,0
2016-04-01,09:50:00,1.35,1.36,1.35,1.35,122000,0
2016-04-01,09:55:00,1.35,1.35,1.35,1.35,4000,0
2016-04-01,10:00:00,1.35,1.36,1.35,1.35,98000,0
2016-04-05,03:35:00,1.37,1.37,1.34,1.35,206000,0
2016-04-05,03:40:00,1.35,1.35,1.32,1.33,288000,0
2016-04-05,03:45:00,1.33,1.33,1.32,1.32,186000,0
2016-04-05,03:50:00,1.32,1.33,1.32,1.32,198000,0
2016-04-05,03:55:00,1.32,1.32,1.32,1.32,28000,0
2016-04-05,04:00:00,1.32,1.32,1.32,1.32,46000,0
2016-04-05,04:05:00,1.32,1.32,1.3,1.31,352000,0
2016-04-05,04:10:00,1.3,1.31,1.3,1.31,54000,0
2016-04-05,04:15:00,1.31,1.31,1.3,1.31,50000,0
2016-04-05,04:20:00,1.31,1.32,1.31,1.32,74000,0
2016-04-05,04:25:00,1.32,1.32,1.32,1.32,104000,0
2016-04-05,04:30:00,1.32,1.33,1.32,1.32,552000,0
2016-04-05,04:40:00,1.32,1.34,1.32,1.34,10000,0
2016-04-05,04:45:00,1.33,1.33,1.32,1.32,150000,0
2016-04-05,04:55:00,1.32,1.33,1.32,1.33,12000,0
2016-04-05,05:05:00,1.33,1.33,1.33,1.33,4000,0
2016-04-05,05:15:00,1.33,1.33,1.32,1.32,100000,0
2016-04-05,05:30:00,1.32,1.33,1.32,1.32,134000,0
2016-04-05,05:35:00,1.32,1.33,1.32,1.33,22000,0
2016-04-05,05:45:00,1.33,1.33,1.32,1.32,24000,0
2016-04-05,05:50:00,1.32,1.32,1.32,1.32,6000,0
2016-04-05,05:55:00,1.32,1.32,1.32,1.32,6000,0
2016-04-05,06:00:00,1.32,1.32,1.32,1.32,16000,0
2016-04-05,07:05:00,1.32,1.33,1.32,1.33,144000,0
2016-04-05,07:25:00,1.33,1.33,1.32,1.32,468000,0
2016-04-05,07:45:00,1.32,1.32,1.32,1.32,92000,0
2016-04-05,07:50:00,1.32,1.32,1.32,1.32,172000,0
2016-04-05,07:55:00,1.32,1.32,1.32,1.32,6000,0
2016-04-05,08:00:00,1.32,1.32,1.32,1.32,6000,0
2016-04-05,08:05:00,1.32,1.33,1.32,1.33,14000,0
2016-04-05,08:10:00,1.33,1.33,1.33,1.33,6000,0
2016-04-05,08:15:00,1.33,1.33,1.32,1.32,30000,0
2016-04-05,08:20:00,1.32,1.32,1.32,1.32,6000,0
2016-04-05,08:25:00,1.32,1.32,1.32,1.32,132000,0
2016-04-05,08:30:00,1.32,1.33,1.32,1.33,214000,0
2016-04-05,08:35:00,1.33,1.33,1.32,1.33,70000,0
2016-04-05,08:40:00,1.33,1.33,1.33,1.33,76000,0
2016-04-05,08:55:00,1.33,1.34,1.33,1.33,162000,0
2016-04-05,09:05:00,1.33,1.34,1.33,1.34,248000,0
2016-04-05,09:15:00,1.34,1.34,1.33,1.33,266000,0
2016-04-05,09:20:00,1.33,1.34,1.33,1.33,32000,0
2016-04-05,09:25:00,1.33,1.33,1.32,1.33,122000,0
2016-04-05,09:30:00,1.33,1.33,1.32,1.33,22000,0
2016-04-05,09:35:00,1.33,1.34,1.33,1.34,74000,0
2016-04-05,09:40:00,1.34,1.34,1.34,1.34,6000,0
2016-04-05,09:45:00,1.34,1.34,1.33,1.33,60000,0
2016-04-05,09:50:00,1.33,1.33,1.32,1.33,110000,0
2016-04-05,09:55:00,1.33,1.34,1.32,1.34,332000,0
2016-04-05,10:00:00,1.34,1.35,1.33,1.33,322000,0
2016-04-06,03:35:00,1.31,1.34,1.31,1.34,162000,0
2016-04-06,03:40:00,1.34,1.34,1.32,1.32,124000,0
2016-04-06,03:45:00,1.32,1.33,1.31,1.32,356000,0
2016-04-06,03:50:00,1.32,1.32,1.31,1.32,174000,0
2016-04-06,03:55:00,1.32,1.32,1.32,1.32,20000,0
2016-04-06,04:00:00,1.32,1.32,1.29,1.29,1828000,0
2016-04-06,04:05:00,1.29,1.29,1.27,1.27,820000,0
2016-04-06,04:10:00,1.27,1.27,1.27,1.27,674000,0
2016-04-06,04:15:00,1.27,1.27,1.26,1.26,158000,0
2016-04-06,04:20:00,1.26,1.27,1.25,1.26,1440000,0
2016-04-06,04:25:00,1.26,1.26,1.25,1.25,764000,0
2016-04-06,04:30:00,1.25,1.26,1.25,1.26,4000,0
2016-04-06,04:35:00,1.26,1.26,1.25,1.26,262000,0
2016-04-06,04:40:00,1.26,1.26,1.25,1.25,280000,0
2016-04-06,04:45:00,1.25,1.25,1.24,1.25,608000,0
2016-04-06,04:50:00,1.25,1.25,1.24,1.24,212000,0
2016-04-06,04:55:00,1.24,1.25,1.24,1.24,136000,0
2016-04-06,05:00:00,1.24,1.25,1.24,1.25,16000,0
2016-04-06,05:05:00,1.25,1.25,1.24,1.24,142000,0
2016-04-06,05:10:00,1.24,1.25,1.24,1.24,12000,0
2016-04-06,05:15:00,1.24,1.24,1.24,1.24,22000,0
2016-04-06,05:20:00,1.24,1.25,1.24,1.25,242000,0
2016-04-06,05:25:00,1.25,1.25,1.25,1.25,138000,0
2016-04-06,05:30:00,1.25,1.25,1.25,1.25,172000,0
2016-04-06,05:35:00,1.25,1.26,1.25,1.26,10000,0
2016-04-06,05:45:00,1.26,1.26,1.26,1.26,24000,0
2016-04-06,05:50:00,1.26,1.26,1.25,1.26,140000,0
2016-04-06,06:00:00,1.26,1.26,1.26,1.26,24000,0
2016-04-06,07:05:00,1.26,1.26,1.25,1.25,132000,0
2016-04-06,07:10:00,1.25,1.26,1.25,1.26,18000,0
2016-04-06,07:15:00,1.26,1.26,1.25,1.25,34000,0
2016-04-06,07:20:00,1.25,1.26,1.25,1.26,230000,0
2016-04-06,07:25:00,1.26,1.26,1.26,1.26,2000,0
2016-04-06,07:30:00,1.26,1.27,1.26,1.26,362000,0
2016-04-06,07:35:00,1.26,1.26,1.26,1.26,72000,0
2016-04-06,07:40:00,1.26,1.27,1.26,1.27,206000,0
2016-04-06,07:45:00,1.27,1.27,1.27,1.27,30000,0
2016-04-06,07:50:00,1.27,1.27,1.26,1.26,54000,0
2016-04-06,07:55:00,1.26,1.26,1.26,1.26,50000,0
2016-04-06,08:00:00,1.26,1.27,1.26,1.27,4000,0
2016-04-06,08:05:00,1.27,1.27,1.26,1.26,112000,0
2016-04-06,08:10:00,1.26,1.26,1.25,1.25,424000,0
2016-04-06,08:20:00,1.25,1.25,1.24,1.25,736000,0
2016-04-06,08:30:00,1.25,1.25,1.24,1.24,8000,0
2016-04-06,08:35:00,1.24,1.24,1.24,1.24,4000,0
2016-04-06,08:40:00,1.24,1.25,1.24,1.24,118000,0
2016-04-06,08:45:00,1.24,1.25,1.24,1.24,290000,0
2016-04-06,08:50:00,1.24,1.24,1.22,1.23,778000,0
2016-04-06,08:55:00,1.23,1.23,1.22,1.23,610000,0
2016-04-06,09:05:00,1.23,1.24,1.23,1.24,482000,0
2016-04-06,09:10:00,1.24,1.24,1.23,1.24,954000,0
2016-04-06,09:15:00,1.24,1.25,1.24,1.24,46000,0
2016-04-06,09:20:00,1.24,1.24,1.23,1.23,220000,0
2016-04-06,09:30:00,1.23,1.24,1.23,1.24,10000,0
2016-04-06,09:35:00,1.24,1.24,1.23,1.23,50000,0
2016-04-06,09:40:00,1.23,1.24,1.23,1.24,40000,0
2016-04-06,09:45:00,1.24,1.24,1.21,1.22,1084000,0
2016-04-06,09:50:00,1.22,1.22,1.2,1.21,438000,0
2016-04-06,09:55:00,1.2,1.21,1.2,1.21,82000,0
2016-04-06,10:00:00,1.21,1.22,1.2,1.21,914000,0
2016-04-07,03:35:00,1.22,1.23,1.22,1.22,296000,0
2016-04-07,03:40:00,1.22,1.23,1.22,1.23,36000,0
2016-04-07,03:45:00,1.23,1.23,1.22,1.23,324000,0
2016-04-07,03:50:00,1.23,1.24,1.23,1.24,24000,0
2016-04-07,03:55:00,1.24,1.25,1.23,1.23,652000,0
2016-04-07,04:00:00,1.23,1.24,1.23,1.24,8000,0
2016-04-07,04:05:00,1.24,1.25,1.23,1.24,366000,0
2016-04-07,04:10:00,1.24,1.26,1.24,1.25,176000,0
2016-04-07,04:15:00,1.25,1.25,1.25,1.25,24000,0
2016-04-07,04:20:00,1.25,1.25,1.25,1.25,84000,0
2016-04-07,04:25:00,1.25,1.26,1.25,1.25,222000,0
2016-04-07,04:30:00,1.25,1.26,1.25,1.26,282000,0
2016-04-07,04:35:00,1.26,1.27,1.25,1.26,844000,0
2016-04-07,04:40:00,1.26,1.27,1.25,1.27,256000,0
2016-04-07,04:45:00,1.27,1.27,1.26,1.26,72000,0
2016-04-07,04:50:00,1.26,1.27,1.25,1.25,340000,0
2016-04-07,04:55:00,1.25,1.26,1.25,1.26,98000,0
2016-04-07,05:00:00,1.26,1.26,1.26,1.26,48000,0
2016-04-07,05:15:00,1.26,1.26,1.26,1.26,18000,0
2016-04-07,05:20:00,1.26,1.26,1.26,1.26,12000,0
2016-04-07,05:25:00,1.26,1.26,1.25,1.26,466000,0
2016-04-07,05:30:00,1.26,1.26,1.26,1.26,210000,0
2016-04-07,05:35:00,1.26,1.26,1.26,1.26,36000,0
2016-04-07,05:40:00,1.26,1.26,1.26,1.26,14000,0
2016-04-07,05:45:00,1.26,1.26,1.26,1.26,12000,0
2016-04-07,05:50:00,1.26,1.26,1.26,1.26,18000,0
2016-04-07,05:55:00,1.26,1.26,1.26,1.26,16000,0
2016-04-07,06:00:00,1.26,1.26,1.26,1.26,8000,0
2016-04-07,07:05:00,1.26,1.26,1.25,1.25,652000,0
2016-04-07,07:10:00,1.25,1.26,1.25,1.26,24000,0
2016-04-07,07:15:00,1.26,1.26,1.25,1.25,968000,0
2016-04-07,07:20:00,1.25,1.25,1.25,1.25,16000,0
2016-04-07,07:25:00,1.25,1.26,1.25,1.26,76000,0
2016-04-07,07:30:00,1.26,1.26,1.25,1.25,42000,0
2016-04-07,07:35:00,1.25,1.26,1.25,1.26,18000,0
2016-04-07,07:40:00,1.26,1.26,1.25,1.26,56000,0
2016-04-07,07:45:00,1.26,1.26,1.25,1.25,104000,0
2016-04-07,07:50:00,1.25,1.26,1.25,1.26,42000,0
2016-04-07,07:55:00,1.26,1.26,1.25,1.26,130000,0
2016-04-07,08:00:00,1.26,1.26,1.26,1.26,18000,0
2016-04-07,08:05:00,1.26,1.26,1.26,1.26,18000,0
2016-04-07,08:10:00,1.26,1.26,1.25,1.26,134000,0
2016-04-07,08:15:00,1.26,1.26,1.25,1.26,68000,0
2016-04-07,08:20:00,1.26,1.26,1.25,1.26,98000,0
2016-04-07,08:25:00,1.26,1.26,1.25,1.26,52000,0
2016-04-07,08:30:00,1.26,1.26,1.25,1.26,494000,0
2016-04-07,08:35:00,1.26,1.26,1.26,1.26,14000,0
2016-04-07,08:40:00,1.26,1.26,1.25,1.26,44000,0
2016-04-07,08:45:00,1.26,1.26,1.25,1.26,520000,0
2016-04-07,08:50:00,1.26,1.26,1.26,1.26,16000,0
2016-04-07,08:55:00,1.26,1.27,1.26,1.26,50000,0
2016-04-07,09:00:00,1.26,1.27,1.26,1.27,14000,0
2016-04-07,09:05:00,1.27,1.27,1.26,1.26,434000,0
2016-04-07,09:10:00,1.26,1.27,1.26,1.27,40000,0
2016-04-07,09:15:00,1.27,1.27,1.26,1.26,118000,0
2016-04-07,09:20:00,1.26,1.26,1.26,1.26,14000,0
2016-04-07,09:25:00,1.26,1.27,1.26,1.26,78000,0
2016-04-07,09:30:00,1.26,1.27,1.26,1.26,40000,0
2016-04-07,09:35:00,1.26,1.27,1.26,1.26,464000,0
2016-04-07,09:40:00,1.26,1.27,1.26,1.26,26000,0
2016-04-07,09:45:00,1.26,1.27,1.26,1.27,118000,0
2016-04-07,09:50:00,1.27,1.27,1.26,1.27,1072000,0
2016-04-07,09:55:00,1.27,1.28,1.27,1.28,604000,0
2016-04-07,10:00:00,1.28,1.3,1.28,1.29,856000,0
2016-04-08,03:35:00,1.29,1.29,1.26,1.26,104000,0
2016-04-08,03:45:00,1.26,1.26,1.25,1.25,180000,0
2016-04-08,03:50:00,1.25,1.29,1.25,1.29,1228000,0
2016-04-08,03:55:00,1.29,1.3,1.28,1.29,352000,0
2016-04-08,04:00:00,1.29,1.29,1.28,1.28,4000,0
2016-04-08,04:05:00,1.28,1.28,1.28,1.28,44000,0
2016-04-08,04:10:00,1.28,1.28,1.27,1.27,280000,0
2016-04-08,04:15:00,1.27,1.27,1.27,1.27,2000,0
2016-04-08,04:25:00,1.27,1.27,1.26,1.26,446000,0
2016-04-08,04:30:00,1.26,1.26,1.25,1.25,8000,0
2016-04-08,04:35:00,1.25,1.25,1.25,1.25,2000,0
2016-04-08,04:40:00,1.25,1.26,1.25,1.26,64000,0
2016-04-08,04:45:00,1.26,1.27,1.26,1.27,128000,0
2016-04-08,04:50:00,1.27,1.27,1.26,1.26,38000,0
2016-04-08,04:55:00,1.26,1.26,1.26,1.26,8000,0
2016-04-08,05:00:00,1.26,1.26,1.26,1.26,2000,0
2016-04-08,05:05:00,1.26,1.26,1.25,1.25,122000,0
2016-04-08,05:10:00,1.25,1.25,1.25,1.25,2000,0
2016-04-08,05:15:00,1.25,1.26,1.25,1.25,42000,0
2016-04-08,05:20:00,1.25,1.26,1.25,1.26,76000,0
2016-04-08,05:25:00,1.26,1.26,1.25,1.25,162000,0
2016-04-08,05:30:00,1.25,1.25,1.25,1.25,104000,0
2016-04-08,05:35:00,1.25,1.26,1.25,1.26,8000,0
2016-04-08,05:40:00,1.26,1.26,1.25,1.25,4000,0
2016-04-08,05:45:00,1.25,1.26,1.25,1.25,106000,0
2016-04-08,05:50:00,1.25,1.26,1.25,1.25,118000,0
2016-04-08,05:55:00,1.25,1.26,1.25,1.25,100000,0
2016-04-08,06:00:00,1.25,1.25,1.25,1.25,38000,0
2016-04-08,07:05:00,1.25,1.26,1.25,1.26,66000,0
2016-04-08,07:20:00,1.26,1.26,1.25,1.25,64000,0
2016-04-08,07:25:00,1.25,1.26,1.25,1.25,286000,0
2016-04-08,07:30:00,1.25,1.26,1.25,1.25,436000,0
2016-04-08,07:35:00,1.25,1.25,1.25,1.25,46000,0
2016-04-08,07:40:00,1.25,1.25,1.25,1.25,42000,0
2016-04-08,08:05:00,1.24,1.25,1.24,1.25,48000,0
2016-04-08,08:10:00,1.25,1.25,1.25,1.25,6000,0
2016-04-08,08:20:00,1.24,1.25,1.24,1.25,78000,0
2016-04-08,08:35:00,1.24,1.25,1.24,1.25,62000,0
2016-04-08,08:45:00,1.24,1.25,1.24,1.25,6000,0
2016-04-08,08:50:00,1.25,1.25,1.24,1.25,52000,0
2016-04-08,08:55:00,1.25,1.25,1.25,1.25,4000,0
2016-04-08,09:05:00,1.24,1.25,1.24,1.25,4000,0
2016-04-08,09:15:00,1.25,1.25,1.24,1.25,56000,0
2016-04-08,09:25:00,1.24,1.25,1.24,1.25,4000,0
2016-04-08,09:40:00,1.24,1.25,1.24,1.25,244000,0
2016-04-08,09:45:00,1.25,1.25,1.25,1.25,486000,0
2016-04-08,09:50:00,1.25,1.26,1.25,1.26,186000,0
2016-04-08,09:55:00,1.26,1.26,1.25,1.25,448000,0
2016-04-08,10:00:00,1.25,1.28,1.25,1.26,3704000,0
2016-04-11,03:35:00,1.29,1.29,1.28,1.28,40000,0
2016-04-11,03:45:00,1.28,1.28,1.28,1.28,48000,0
2016-04-11,03:50:00,1.28,1.29,1.28,1.28,96000,0
2016-04-11,03:55:00,1.28,1.28,1.28,1.28,20000,0
2016-04-11,04:00:00,1.28,1.28,1.28,1.28,4000,0
2016-04-11,04:05:00,1.28,1.28,1.28,1.28,24000,0
2016-04-11,04:15:00,1.28,1.29,1.28,1.29,4000,0
2016-04-11,04:20:00,1.29,1.29,1.29,1.29,30000,0
2016-04-11,04:30:00,1.29,1.29,1.29,1.29,2000,0
2016-04-11,04:35:00,1.29,1.29,1.28,1.28,20000,0
2016-04-11,04:45:00,1.28,1.29,1.28,1.29,6000,0
2016-04-11,04:50:00,1.29,1.29,1.28,1.29,40000,0
2016-04-11,04:55:00,1.29,1.29,1.28,1.29,164000,0
2016-04-11,05:00:00,1.29,1.29,1.28,1.28,92000,0
2016-04-11,05:05:00,1.28,1.29,1.28,1.29,46000,0
2016-04-11,05:10:00,1.29,1.29,1.28,1.28,90000,0
2016-04-11,05:15:00,1.28,1.29,1.28,1.29,34000,0
2016-04-11,05:20:00,1.29,1.29,1.28,1.28,56000,0
2016-04-11,05:25:00,1.28,1.29,1.28,1.28,32000,0
2016-04-11,05:30:00,1.28,1.29,1.28,1.29,98000,0
2016-04-11,05:35:00,1.29,1.29,1.28,1.29,36000,0
2016-04-11,05:40:00,1.29,1.29,1.28,1.28,38000,0
2016-04-11,05:45:00,1.28,1.29,1.28,1.28,28000,0
2016-04-11,05:50:00,1.28,1.29,1.28,1.29,20000,0
2016-04-11,05:55:00,1.29,1.29,1.28,1.28,56000,0
2016-04-11,06:00:00,1.28,1.29,1.28,1.28,24000,0
2016-04-11,07:05:00,1.28,1.28,1.28,1.28,26000,0
2016-04-11,07:10:00,1.28,1.29,1.28,1.28,56000,0
2016-04-11,07:15:00,1.28,1.29,1.28,1.28,58000,0
2016-04-11,07:20:00,1.28,1.29,1.28,1.28,154000,0
2016-04-11,07:25:00,1.28,1.28,1.28,1.28,16000,0
2016-04-11,07:30:00,1.28,1.29,1.28,1.29,48000,0
2016-04-11,07:35:00,1.29,1.29,1.28,1.28,30000,0
2016-04-11,07:40:00,1.28,1.28,1.28,1.28,46000,0
2016-04-11,07:45:00,1.28,1.28,1.27,1.27,24000,0
2016-04-11,07:50:00,1.27,1.28,1.27,1.28,260000,0
2016-04-11,07:55:00,1.28,1.28,1.27,1.27,26000,0
2016-04-11,08:00:00,1.27,1.28,1.27,1.28,12000,0
2016-04-11,08:05:00,1.28,1.28,1.27,1.27,70000,0
2016-04-11,08:10:00,1.27,1.28,1.27,1.27,32000,0
2016-04-11,08:15:00,1.27,1.28,1.27,1.27,48000,0
2016-04-11,08:20:00,1.27,1.28,1.27,1.28,18000,0
2016-04-11,08:25:00,1.28,1.28,1.27,1.28,38000,0
2016-04-11,08:30:00,1.28,1.28,1.27,1.28,40000,0
2016-04-11,08:35:00,1.28,1.28,1.28,1.28,2000,0
2016-04-11,08:40:00,1.28,1.28,1.27,1.28,36000,0
2016-04-11,08:45:00,1.28,1.28,1.28,1.28,50000,0
2016-04-11,08:50:00,1.28,1.28,1.28,1.28,12000,0
2016-04-11,08:55:00,1.28,1.28,1.27,1.27,56000,0
2016-04-11,09:00:00,1.27,1.27,1.27,1.27,12000,0
2016-04-11,09:05:00,1.27,1.28,1.27,1.28,16000,0
2016-04-11,09:10:00,1.28,1.28,1.27,1.28,146000,0
2016-04-11,09:15:00,1.28,1.28,1.28,1.28,10000,0
2016-04-11,09:20:00,1.28,1.28,1.27,1.28,30000,0
2016-04-11,09:25:00,1.28,1.28,1.27,1.28,38000,0
2016-04-11,09:30:00,1.28,1.28,1.27,1.28,38000,0
2016-04-11,09:35:00,1.28,1.28,1.27,1.28,32000,0
2016-04-11,09:40:00,1.28,1.28,1.27,1.28,140000,0
2016-04-11,09:45:00,1.28,1.28,1.28,1.28,12000,0
2016-04-11,09:50:00,1.28,1.28,1.27,1.27,68000,0
2016-04-11,09:55:00,1.27,1.28,1.27,1.27,200000,0
2016-04-11,10:00:00,1.27,1.28,1.27,1.27,166000,0
2016-04-12,03:35:00,1.28,1.29,1.28,1.29,42000,0
2016-04-12,03:40:00,1.29,1.29,1.27,1.27,178000,0
2016-04-12,03:45:00,1.27,1.27,1.27,1.27,12000,0
2016-04-12,03:50:00,1.28,1.29,1.27,1.27,52000,0
2016-04-12,03:55:00,1.27,1.27,1.27,1.27,2000,0
2016-04-12,04:00:00,1.27,1.29,1.27,1.28,54000,0
2016-04-12,04:05:00,1.28,1.29,1.28,1.29,12000,0
2016-04-12,04:10:00,1.29,1.29,1.28,1.29,42000,0
2016-04-12,04:15:00,1.29,1.29,1.28,1.29,30000,0
2016-04-12,04:20:00,1.29,1.29,1.28,1.28,12000,0
2016-04-12,04:25:00,1.28,1.28,1.27,1.27,76000,0
2016-04-12,04:30:00,1.27,1.28,1.27,1.27,22000,0
2016-04-12,04:35:00,1.27,1.28,1.27,1.27,28000,0
2016-04-12,04:40:00,1.27,1.29,1.27,1.27,16000,0
2016-04-12,04:45:00,1.27,1.27,1.27,1.27,2000,0
2016-04-12,04:50:00,1.27,1.28,1.27,1.28,4000,0
2016-04-12,04:55:00,1.28,1.28,1.27,1.28,34000,0
2016-04-12,05:00:00,1.28,1.28,1.27,1.28,40000,0
2016-04-12,05:05:00,1.28,1.28,1.27,1.27,8000,0
2016-04-12,05:10:00,1.27,1.28,1.27,1.28,142000,0
2016-04-12,05:15:00,1.28,1.28,1.27,1.28,68000,0
2016-04-12,05:20:00,1.28,1.28,1.28,1.28,22000,0
2016-04-12,05:25:00,1.28,1.28,1.27,1.28,46000,0
2016-04-12,05:30:00,1.28,1.28,1.27,1.28,128000,0
2016-04-12,05:35:00,1.28,1.28,1.27,1.27,42000,0
2016-04-12,05:40:00,1.27,1.28,1.27,1.28,52000,0
2016-04-12,05:45:00,1.28,1.28,1.28,1.28,6000,0
2016-04-12,05:50:00,1.28,1.29,1.28,1.28,10000,0
2016-04-12,05:55:00,1.28,1.29,1.28,1.28,20000,0
2016-04-12,06:00:00,1.28,1.29,1.28,1.29,50000,0
2016-04-12,07:05:00,1.29,1.29,1.29,1.29,30000,0
2016-04-12,07:10:00,1.29,1.29,1.29,1.29,4000,0
2016-04-12,07:15:00,1.29,1.29,1.28,1.28,10000,0
2016-04-12,07:20:00,1.28,1.29,1.28,1.29,26000,0
2016-04-12,07:25:00,1.29,1.29,1.28,1.29,40000,0
2016-04-12,07:30:00,1.29,1.29,1.29,1.29,4000,0
2016-04-12,07:35:00,1.29,1.29,1.28,1.28,386000,0
2016-04-12,07:40:00,1.28,1.28,1.28,1.28,14000,0
2016-04-12,07:45:00,1.28,1.28,1.28,1.28,10000,0
2016-04-12,07:50:00,1.28,1.29,1.28,1.29,28000,0
2016-04-12,08:00:00,1.29,1.29,1.29,1.29,34000,0
2016-04-12,08:05:00,1.29,1.29,1.28,1.29,8000,0
2016-04-12,08:10:00,1.29,1.29,1.28,1.28,72000,0
2016-04-12,08:15:00,1.28,1.29,1.28,1.29,86000,0
2016-04-12,08:20:00,1.29,1.29,1.28,1.29,26000,0
2016-04-12,08:25:00,1.29,1.29,1.28,1.29,64000,0
2016-04-12,08:30:00,1.29,1.29,1.28,1.29,80000,0
2016-04-12,08:35:00,1.29,1.29,1.28,1.29,32000,0
2016-04-12,08:40:00,1.29,1.29,1.28,1.28,76000,0
2016-04-12,08:50:00,1.28,1.29,1.28,1.29,62000,0
2016-04-12,08:55:00,1.29,1.29,1.28,1.29,84000,0
2016-04-12,09:00:00,1.29,1.29,1.28,1.29,100000,0
2016-04-12,09:05:00,1.29,1.29,1.27,1.28,430000,0
2016-04-12,09:10:00,1.28,1.29,1.28,1.29,16000,0
2016-04-12,09:15:00,1.29,1.29,1.29,1.29,12000,0
2016-04-12,09:20:00,1.29,1.29,1.29,1.29,94000,0
2016-04-12,09:25:00,1.29,1.3,1.28,1.3,486000,0
2016-04-12,09:30:00,1.3,1.31,1.3,1.31,270000,0
2016-04-12,09:35:00,1.31,1.31,1.31,1.31,102000,0
2016-04-12,09:40:00,1.31,1.33,1.31,1.32,868000,0
2016-04-12,09:45:00,1.32,1.34,1.32,1.33,638000,0
2016-04-12,09:50:00,1.33,1.33,1.33,1.33,174000,0
2016-04-12,09:55:00,1.33,1.33,1.33,1.33,226000,0
2016-04-12,10:00:00,1.33,1.34,1.32,1.33,224000,0
2016-04-13,03:35:00,1.35,1.37,1.33,1.36,136000,0
2016-04-13,03:40:00,1.36,1.36,1.36,1.36,40000,0
2016-04-13,03:45:00,1.36,1.36,1.35,1.35,72000,0
2016-04-13,03:50:00,1.35,1.35,1.34,1.34,88000,0
2016-04-13,04:00:00,1.34,1.35,1.33,1.34,260000,0
2016-04-13,04:05:00,1.34,1.34,1.34,1.34,70000,0
2016-04-13,04:10:00,1.34,1.35,1.34,1.35,22000,0
2016-04-13,04:15:00,1.35,1.35,1.35,1.35,12000,0
2016-04-13,04:25:00,1.35,1.35,1.35,1.35,50000,0
2016-04-13,04:30:00,1.35,1.35,1.35,1.35,12000,0
2016-04-13,04:35:00,1.35,1.35,1.35,1.35,8000,0
2016-04-13,04:40:00,1.35,1.35,1.34,1.35,100000,0
2016-04-13,04:45:00,1.35,1.35,1.35,1.35,10000,0
2016-04-13,04:50:00,1.35,1.35,1.34,1.34,198000,0
2016-04-13,05:05:00,1.34,1.34,1.34,1.34,20000,0
2016-04-13,05:20:00,1.34,1.35,1.34,1.35,22000,0
2016-04-13,05:25:00,1.35,1.35,1.35,1.35,20000,0
2016-04-13,05:30:00,1.35,1.35,1.35,1.35,52000,0
2016-04-13,05:35:00,1.35,1.35,1.34,1.34,36000,0
2016-04-13,05:40:00,1.34,1.35,1.34,1.35,30000,0
2016-04-13,05:50:00,1.35,1.35,1.34,1.34,20000,0
2016-04-13,06:00:00,1.34,1.35,1.34,1.34,152000,0
2016-04-13,07:05:00,1.34,1.34,1.33,1.34,24000,0
2016-04-13,07:10:00,1.34,1.34,1.34,1.34,78000,0
2016-04-13,07:15:00,1.34,1.35,1.34,1.35,10000,0
2016-04-13,07:20:00,1.35,1.35,1.35,1.35,2000,0
2016-04-13,07:25:00,1.35,1.35,1.35,1.35,12000,0
2016-04-13,07:30:00,1.35,1.35,1.34,1.34,90000,0
2016-04-13,07:35:00,1.34,1.34,1.34,1.34,12000,0
2016-04-13,07:40:00,1.34,1.35,1.34,1.35,46000,0
2016-04-13,07:45:00,1.35,1.35,1.34,1.34,78000,0
2016-04-13,07:50:00,1.34,1.34,1.34,1.34,200000,0
2016-04-13,08:00:00,1.34,1.35,1.34,1.35,122000,0
2016-04-13,08:05:00,1.35,1.35,1.34,1.35,92000,0
2016-04-13,08:15:00,1.35,1.35,1.34,1.35,316000,0
2016-04-13,08:20:00,1.35,1.35,1.35,1.35,236000,0
2016-04-13,08:30:00,1.35,1.35,1.34,1.34,320000,0
2016-04-13,08:35:00,1.34,1.34,1.34,1.34,16000,0
2016-04-13,08:40:00,1.34,1.34,1.34,1.34,12000,0
2016-04-13,08:45:00,1.34,1.34,1.33,1.33,14000,0
2016-04-13,08:50:00,1.33,1.34,1.33,1.34,56000,0
2016-04-13,08:55:00,1.34,1.36,1.34,1.35,818000,0
2016-04-13,09:05:00,1.35,1.36,1.35,1.36,14000,0
2016-04-13,09:10:00,1.36,1.36,1.35,1.35,152000,0
2016-04-13,09:15:00,1.35,1.36,1.35,1.36,14000,0
2016-04-13,09:20:00,1.36,1.38,1.36,1.38,908000,0
2016-04-13,09:25:00,1.38,1.4,1.38,1.38,508000,0
2016-04-13,09:30:00,1.38,1.38,1.38,1.38,76000,0
2016-04-13,09:35:00,1.38,1.38,1.38,1.38,70000,0
2016-04-13,09:40:00,1.38,1.38,1.37,1.38,390000,0
2016-04-13,09:45:00,1.38,1.38,1.37,1.38,302000,0
2016-04-13,09:50:00,1.38,1.39,1.37,1.39,80000,0
2016-04-13,09:55:00,1.39,1.39,1.38,1.38,352000,0
2016-04-13,10:00:00,1.38,1.39,1.37,1.38,466000,0
