Date,Time,Open,High,Low,Close,Volume,OpenInt
2016-03-02,02:35:00,0.76,0.78,0.76,0.78,866000,0
2016-03-02,02:50:00,0.78,0.78,0.77,0.77,64000,0
2016-03-02,02:55:00,0.77,0.77,0.77,0.77,2000,0
2016-03-02,03:00:00,0.77,0.77,0.77,0.77,2000,0
2016-03-02,03:10:00,0.76,0.77,0.76,0.77,6000,0
2016-03-02,03:15:00,0.77,0.77,0.76,0.77,70000,0
2016-03-02,03:20:00,0.77,0.77,0.77,0.77,26000,0
2016-03-02,03:25:00,0.76,0.77,0.76,0.77,4000,0
2016-03-02,03:30:00,0.77,0.77,0.76,0.77,18000,0
2016-03-02,03:40:00,0.77,0.77,0.77,0.77,2000,0
2016-03-02,03:45:00,0.76,0.77,0.76,0.77,4000,0
2016-03-02,03:55:00,0.77,0.77,0.76,0.77,28000,0
2016-03-02,04:05:00,0.77,0.77,0.76,0.77,26000,0
2016-03-02,04:10:00,0.76,0.77,0.76,0.77,4000,0
2016-03-02,04:20:00,0.76,0.77,0.76,0.77,4000,0
2016-03-02,04:30:00,0.76,0.77,0.76,0.77,4000,0
2016-03-02,04:35:00,0.77,0.77,0.77,0.77,2000,0
2016-03-02,04:50:00,0.76,0.77,0.76,0.77,4000,0
2016-03-02,05:00:00,0.76,0.77,0.76,0.77,18000,0
2016-03-02,06:05:00,0.76,0.77,0.76,0.77,36000,0
2016-03-02,06:15:00,0.77,0.77,0.77,0.77,6000,0
2016-03-02,06:20:00,0.77,0.77,0.77,0.77,2000,0
2016-03-02,06:25:00,0.76,0.77,0.76,0.77,4000,0
2016-03-02,06:35:00,0.76,0.77,0.76,0.77,8000,0
2016-03-02,06:45:00,0.76,0.77,0.76,0.77,4000,0
2016-03-02,06:50:00,0.76,0.77,0.76,0.77,16000,0
2016-03-02,07:05:00,0.76,0.77,0.76,0.77,4000,0
2016-03-02,07:25:00,0.76,0.77,0.76,0.77,4000,0
2016-03-02,07:30:00,0.76,0.77,0.76,0.77,8000,0
2016-03-02,07:35:00,0.76,0.77,0.76,0.77,4000,0
2016-03-02,07:45:00,0.76,0.77,0.76,0.77,16000,0
2016-03-02,07:50:00,0.76,0.77,0.76,0.77,14000,0
2016-03-02,07:55:00,0.76,0.77,0.76,0.77,26000,0
2016-03-02,08:05:00,0.77,0.77,0.76,0.77,20000,0
2016-03-02,08:10:00,0.77,0.77,0.76,0.77,50000,0
2016-03-02,08:15:00,0.77,0.77,0.77,0.77,26000,0
2016-03-02,08:20:00,0.76,0.77,0.76,0.77,340000,0
2016-03-02,08:25:00,0.77,0.78,0.76,0.78,872000,0
2016-03-02,08:30:00,0.78,0.78,0.78,0.78,24000,0
2016-03-02,08:35:00,0.78,0.78,0.78,0.78,10000,0
2016-03-02,08:40:00,0.78,0.78,0.78,0.78,22000,0
2016-03-02,08:45:00,0.78,0.78,0.78,0.78,8000,0
2016-03-02,08:50:00,0.78,0.78,0.78,0.78,16000,0
2016-03-02,08:55:00,0.78,0.78,0.78,0.78,14000,0
2016-03-02,09:00:00,0.78,0.78,0.77,0.78,326000,0
2016-03-03,02:45:00,0.77,0.78,0.77,0.78,202000,0
2016-03-03,02:50:00,0.78,0.78,0.77,0.78,324000,0
2016-03-03,02:55:00,0.77,0.79,0.77,0.79,1156000,0
2016-03-03,03:00:00,0.79,0.79,0.78,0.78,106000,0
2016-03-03,03:05:00,0.78,0.79,0.78,0.79,98000,0
2016-03-03,03:10:00,0.79,0.79,0.79,0.79,16000,0
2016-03-03,03:15:00,0.79,0.79,0.78,0.79,126000,0
2016-03-03,03:20:00,0.79,0.8,0.78,0.79,604000,0
2016-03-03,03:25:00,0.79,0.79,0.79,0.79,238000,0
2016-03-03,03:30:00,0.79,0.79,0.78,0.79,192000,0
2016-03-03,03:35:00,0.79,0.79,0.79,0.79,20000,0
2016-03-03,03:40:00,0.79,0.79,0.79,0.79,2000,0
2016-03-03,03:45:00,0.79,0.79,0.78,0.79,130000,0
2016-03-03,03:50:00,0.79,0.79,0.79,0.79,6000,0
2016-03-03,03:55:00,0.79,0.79,0.78,0.78,16000,0
2016-03-03,04:00:00,0.78,0.79,0.78,0.78,16000,0
2016-03-03,04:05:00,0.78,0.79,0.78,0.79,294000,0
2016-03-03,04:15:00,0.79,0.79,0.78,0.79,198000,0
2016-03-03,04:20:00,0.79,0.79,0.79,0.79,58000,0
2016-03-03,04:35:00,0.79,0.79,0.79,0.79,2000,0
2016-03-03,04:50:00,0.79,0.79,0.79,0.79,6000,0
2016-03-03,06:05:00,0.79,0.79,0.78,0.79,18000,0
2016-03-03,06:10:00,0.79,0.79,0.79,0.79,2000,0
2016-03-03,06:25:00,0.79,0.79,0.79,0.79,6000,0
2016-03-03,06:30:00,0.79,0.79,0.78,0.78,8000,0
2016-03-03,06:35:00,0.78,0.79,0.78,0.79,8000,0
2016-03-03,06:40:00,0.79,0.79,0.78,0.78,8000,0
2016-03-03,06:45:00,0.78,0.79,0.78,0.79,4000,0
2016-03-03,06:55:00,0.79,0.79,0.78,0.79,16000,0
2016-03-03,07:05:00,0.79,0.79,0.78,0.78,10000,0
2016-03-03,07:20:00,0.78,0.78,0.78,0.78,4000,0
2016-03-03,07:30:00,0.78,0.79,0.78,0.79,94000,0
2016-03-03,07:35:00,0.79,0.79,0.78,0.79,38000,0
2016-03-03,07:45:00,0.79,0.79,0.78,0.78,8000,0
2016-03-03,08:00:00,0.78,0.79,0.78,0.79,4000,0
2016-03-03,08:05:00,0.79,0.79,0.78,0.79,12000,0
2016-03-03,08:10:00,0.79,0.79,0.79,0.79,2000,0
2016-03-03,08:15:00,0.79,0.79,0.78,0.78,10000,0
2016-03-03,08:20:00,0.78,0.79,0.78,0.79,4000,0
2016-03-03,08:25:00,0.79,0.79,0.78,0.79,346000,0
2016-03-03,08:35:00,0.79,0.79,0.78,0.79,44000,0
2016-03-03,08:40:00,0.79,0.79,0.78,0.79,46000,0
2016-03-03,08:45:00,0.79,0.79,0.79,0.79,212000,0
2016-03-03,08:50:00,0.79,0.79,0.78,0.79,216000,0
2016-03-03,08:55:00,0.79,0.79,0.78,0.79,282000,0
2016-03-03,09:00:00,0.79,0.8,0.79,0.8,656000,0
2016-03-04,02:35:00,0.8,0.8,0.8,0.8,10000,0
2016-03-04,02:40:00,0.8,0.8,0.79,0.8,60000,0
2016-03-04,02:45:00,0.8,0.8,0.79,0.8,272000,0
2016-03-04,02:50:00,0.8,0.8,0.79,0.8,114000,0
2016-03-04,02:55:00,0.8,0.81,0.8,0.81,244000,0
2016-03-04,03:00:00,0.81,0.81,0.8,0.81,272000,0
2016-03-04,03:05:00,0.81,0.81,0.8,0.81,110000,0
2016-03-04,03:10:00,0.81,0.81,0.8,0.8,8000,0
2016-03-04,03:15:00,0.8,0.81,0.8,0.81,38000,0
2016-03-04,03:20:00,0.81,0.81,0.8,0.81,12000,0
2016-03-04,03:25:00,0.81,0.81,0.81,0.81,4000,0
2016-03-04,03:35:00,0.81,0.81,0.8,0.8,8000,0
2016-03-04,03:40:00,0.8,0.81,0.8,0.81,4000,0
2016-03-04,03:45:00,0.81,0.81,0.8,0.81,42000,0
2016-03-04,03:50:00,0.81,0.81,0.81,0.81,6000,0
2016-03-04,04:00:00,0.81,0.81,0.8,0.81,14000,0
2016-03-04,04:10:00,0.81,0.81,0.81,0.81,2000,0
2016-03-04,04:15:00,0.81,0.81,0.81,0.81,6000,0
2016-03-04,04:30:00,0.81,0.81,0.8,0.81,14000,0
2016-03-04,04:35:00,0.81,0.81,0.81,0.81,6000,0
2016-03-04,04:40:00,0.81,0.81,0.8,0.81,78000,0
2016-03-04,04:45:00,0.81,0.81,0.8,0.81,116000,0
2016-03-04,04:55:00,0.81,0.81,0.81,0.81,4000,0
2016-03-04,06:05:00,0.81,0.81,0.81,0.81,4000,0
2016-03-04,06:55:00,0.81,0.81,0.8,0.8,8000,0
2016-03-04,07:00:00,0.8,0.81,0.8,0.81,4000,0
2016-03-04,07:35:00,0.81,0.81,0.81,0.81,2000,0
2016-03-04,07:40:00,0.81,0.81,0.8,0.81,8000,0
2016-03-04,08:00:00,0.81,0.81,0.81,0.81,2000,0
2016-03-04,08:10:00,0.81,0.81,0.8,0.81,10000,0
2016-03-04,08:15:00,0.81,0.81,0.8,0.81,18000,0
2016-03-04,08:20:00,0.81,0.81,0.81,0.81,2000,0
2016-03-04,08:35:00,0.81,0.81,0.81,0.81,2000,0
2016-03-04,08:40:00,0.81,0.81,0.81,0.81,2000,0
2016-03-04,08:45:00,0.81,0.81,0.81,0.81,2000,0
2016-03-04,08:50:00,0.81,0.81,0.81,0.81,2000,0
2016-03-04,08:55:00,0.81,0.81,0.8,0.81,18000,0
2016-03-04,09:00:00,0.81,0.81,0.8,0.81,608000,0
2016-03-07,02:35:00,0.81,0.81,0.81,0.81,6000,0
2016-03-07,02:40:00,0.81,0.81,0.81,0.81,2000,0
2016-03-07,02:45:00,0.81,0.81,0.81,0.81,6000,0
2016-03-07,02:50:00,0.81,0.81,0.8,0.8,28000,0
2016-03-07,02:55:00,0.8,0.81,0.8,0.8,46000,0
2016-03-07,03:00:00,0.8,0.81,0.8,0.81,432000,0
2016-03-07,03:05:00,0.81,0.81,0.8,0.8,16000,0
2016-03-07,03:10:00,0.8,0.8,0.8,0.8,22000,0
2016-03-07,03:15:00,0.8,0.81,0.8,0.81,10000,0
2016-03-07,03:20:00,0.81,0.81,0.8,0.8,110000,0
2016-03-07,03:25:00,0.8,0.8,0.79,0.8,556000,0
2016-03-07,03:30:00,0.79,0.8,0.79,0.8,42000,0
2016-03-07,03:35:00,0.8,0.8,0.8,0.8,6000,0
2016-03-07,03:40:00,0.8,0.8,0.8,0.8,4000,0
2016-03-07,03:45:00,0.8,0.8,0.8,0.8,12000,0
2016-03-07,03:55:00,0.79,0.8,0.79,0.8,62000,0
2016-03-07,04:05:00,0.79,0.8,0.79,0.8,38000,0
2016-03-07,04:10:00,0.8,0.8,0.79,0.8,48000,0
2016-03-07,04:15:00,0.8,0.8,0.79,0.8,64000,0
2016-03-07,04:25:00,0.8,0.8,0.79,0.8,44000,0
2016-03-07,04:30:00,0.8,0.8,0.8,0.8,2000,0
2016-03-07,04:40:00,0.79,0.8,0.79,0.8,44000,0
2016-03-07,04:45:00,0.79,0.8,0.79,0.8,4000,0
2016-03-07,04:50:00,0.8,0.8,0.8,0.8,2000,0
2016-03-07,05:00:00,0.79,0.8,0.79,0.8,8000,0
2016-03-07,06:05:00,0.8,0.8,0.8,0.8,2000,0
2016-03-07,06:35:00,0.79,0.8,0.79,0.8,4000,0
2016-03-07,06:40:00,0.8,0.8,0.8,0.8,22000,0
2016-03-07,06:50:00,0.8,0.8,0.8,0.8,20000,0
2016-03-07,06:55:00,0.8,0.8,0.8,0.8,2000,0
2016-03-07,07:00:00,0.8,0.8,0.8,0.8,2000,0
2016-03-07,07:10:00,0.8,0.8,0.8,0.8,4000,0
2016-03-07,07:15:00,0.79,0.8,0.79,0.8,10000,0
2016-03-07,07:20:00,0.8,0.8,0.8,0.8,2000,0
2016-03-07,07:30:00,0.79,0.8,0.79,0.8,42000,0
2016-03-07,07:45:00,0.8,0.8,0.8,0.8,6000,0
2016-03-07,08:05:00,0.79,0.8,0.79,0.8,138000,0
2016-03-07,08:15:00,0.79,0.8,0.79,0.8,4000,0
2016-03-07,08:20:00,0.79,0.8,0.79,0.8,20000,0
2016-03-07,08:25:00,0.8,0.8,0.8,0.8,8000,0
2016-03-07,08:30:00,0.8,0.8,0.79,0.8,122000,0
2016-03-07,08:40:00,0.8,0.8,0.79,0.8,132000,0
2016-03-07,08:45:00,0.8,0.8,0.8,0.8,22000,0
2016-03-07,08:50:00,0.8,0.8,0.8,0.8,6000,0
2016-03-07,08:55:00,0.8,0.8,0.8,0.8,2000,0
2016-03-07,09:00:00,0.8,0.8,0.79,0.8,528000,0
2016-03-08,02:35:00,0.79,0.8,0.79,0.79,294000,0
2016-03-08,02:40:00,0.79,0.8,0.79,0.8,26000,0
2016-03-08,02:45:00,0.78,0.8,0.78,0.8,946000,0
2016-03-08,02:50:00,0.8,0.8,0.8,0.8,26000,0
2016-03-08,02:55:00,0.8,0.8,0.8,0.8,6000,0
2016-03-08,03:00:00,0.8,0.8,0.8,0.8,10000,0
2016-03-08,03:05:00,0.8,0.8,0.8,0.8,4000,0
2016-03-08,03:10:00,0.8,0.8,0.79,0.8,814000,0
2016-03-08,03:15:00,0.8,0.8,0.8,0.8,90000,0
2016-03-08,03:30:00,0.8,0.8,0.8,0.8,8000,0
2016-03-08,03:35:00,0.8,0.8,0.79,0.8,40000,0
2016-03-08,03:40:00,0.8,0.8,0.79,0.79,18000,0
2016-03-08,03:45:00,0.79,0.8,0.79,0.8,26000,0
2016-03-08,03:50:00,0.8,0.8,0.79,0.79,22000,0
2016-03-08,03:55:00,0.79,0.8,0.79,0.8,6000,0
2016-03-08,04:00:00,0.8,0.8,0.79,0.8,20000,0
2016-03-08,04:05:00,0.8,0.8,0.79,0.8,18000,0
2016-03-08,04:10:00,0.8,0.8,0.79,0.79,14000,0
2016-03-08,04:15:00,0.79,0.8,0.79,0.8,8000,0
2016-03-08,04:20:00,0.8,0.8,0.79,0.79,12000,0
2016-03-08,04:25:00,0.79,0.8,0.79,0.8,34000,0
2016-03-08,04:30:00,0.8,0.8,0.79,0.79,4000,0
2016-03-08,04:35:00,0.79,0.8,0.79,0.8,4000,0
2016-03-08,04:40:00,0.8,0.8,0.79,0.8,32000,0
2016-03-08,04:50:00,0.78,0.79,0.78,0.79,40000,0
2016-03-08,04:55:00,0.79,0.79,0.79,0.79,4000,0
2016-03-08,06:05:00,0.79,0.79,0.79,0.79,12000,0
2016-03-08,06:10:00,0.79,0.79,0.79,0.79,4000,0
2016-03-08,06:20:00,0.79,0.79,0.78,0.79,16000,0
2016-03-08,06:25:00,0.79,0.79,0.79,0.79,4000,0
2016-03-08,06:30:00,0.79,0.79,0.78,0.79,16000,0
2016-03-08,06:35:00,0.79,0.79,0.79,0.79,4000,0
2016-03-08,06:40:00,0.79,0.79,0.79,0.79,8000,0
2016-03-08,06:45:00,0.79,0.79,0.78,0.79,20000,0
2016-03-08,06:50:00,0.79,0.79,0.79,0.79,6000,0
2016-03-08,06:55:00,0.79,0.79,0.79,0.79,4000,0
2016-03-08,07:00:00,0.79,0.79,0.79,0.79,4000,0
2016-03-08,07:10:00,0.79,0.79,0.79,0.79,8000,0
2016-03-08,07:15:00,0.78,0.79,0.78,0.79,12000,0
2016-03-08,07:30:00,0.78,0.79,0.78,0.79,20000,0
2016-03-08,07:35:00,0.79,0.79,0.78,0.79,26000,0
2016-03-08,07:40:00,0.79,0.79,0.79,0.79,4000,0
2016-03-08,07:55:00,0.79,0.79,0.79,0.79,2000,0
2016-03-08,08:10:00,0.78,0.79,0.78,0.79,4000,0
2016-03-08,08:15:00,0.78,0.79,0.78,0.79,4000,0
2016-03-08,08:20:00,0.79,0.79,0.79,0.79,10000,0
2016-03-08,08:30:00,0.79,0.79,0.79,0.79,8000,0
2016-03-08,08:35:00,0.79,0.79,0.79,0.79,2000,0
2016-03-08,08:40:00,0.79,0.79,0.79,0.79,8000,0
2016-03-08,08:45:00,0.78,0.79,0.78,0.79,18000,0
2016-03-08,08:50:00,0.79,0.79,0.79,0.79,22000,0
2016-03-08,08:55:00,0.79,0.79,0.79,0.79,40000,0
2016-03-08,09:00:00,0.79,0.79,0.79,0.79,16000,0
2016-03-09,02:45:00,0.8,0.8,0.8,0.8,2000,0
2016-03-09,02:55:00,0.8,0.8,0.79,0.79,540000,0
2016-03-09,03:00:00,0.79,0.8,0.78,0.8,444000,0
2016-03-09,03:05:00,0.8,0.8,0.78,0.8,1154000,0
2016-03-09,03:10:00,0.8,0.8,0.79,0.8,224000,0
2016-03-09,03:15:00,0.8,0.8,0.79,0.8,102000,0
2016-03-09,03:20:00,0.8,0.8,0.8,0.8,2000,0
2016-03-09,03:25:00,0.8,0.8,0.79,0.79,24000,0
2016-03-09,03:30:00,0.79,0.8,0.79,0.8,44000,0
2016-03-09,03:35:00,0.8,0.8,0.79,0.8,96000,0
2016-03-09,03:45:00,0.8,0.8,0.79,0.8,14000,0
2016-03-09,03:50:00,0.8,0.8,0.78,0.79,42000,0
2016-03-09,04:00:00,0.79,0.79,0.79,0.79,4000,0
2016-03-09,04:05:00,0.79,0.79,0.78,0.79,44000,0
2016-03-09,04:10:00,0.79,0.79,0.78,0.78,16000,0
2016-03-09,04:15:00,0.78,0.78,0.78,0.78,8000,0
2016-03-09,04:20:00,0.78,0.79,0.78,0.79,14000,0
2016-03-09,04:35:00,0.79,0.79,0.78,0.78,4000,0
2016-03-09,04:40:00,0.78,0.8,0.78,0.79,540000,0
2016-03-09,04:45:00,0.79,0.79,0.78,0.79,72000,0
2016-03-09,04:50:00,0.79,0.8,0.78,0.8,66000,0
2016-03-09,04:55:00,0.8,0.8,0.78,0.78,28000,0
2016-03-09,05:00:00,0.78,0.79,0.78,0.78,32000,0
2016-03-09,06:05:00,0.78,0.8,0.78,0.78,88000,0
2016-03-09,06:10:00,0.78,0.79,0.78,0.78,50000,0
2016-03-09,06:15:00,0.78,0.79,0.78,0.78,14000,0
2016-03-09,06:20:00,0.78,0.79,0.78,0.78,14000,0
2016-03-09,06:25:00,0.78,0.78,0.78,0.78,4000,0
2016-03-09,06:30:00,0.78,0.78,0.78,0.78,8000,0
2016-03-09,06:35:00,0.78,0.78,0.78,0.78,16000,0
2016-03-09,06:40:00,0.78,0.78,0.78,0.78,10000,0
2016-03-09,06:45:00,0.78,0.79,0.78,0.78,20000,0
2016-03-09,06:50:00,0.78,0.79,0.78,0.79,14000,0
2016-03-09,07:05:00,0.79,0.79,0.78,0.78,28000,0
2016-03-09,07:10:00,0.78,0.78,0.78,0.78,18000,0
2016-03-09,07:15:00,0.78,0.79,0.78,0.79,10000,0
2016-03-09,07:20:00,0.79,0.79,0.78,0.79,56000,0
2016-03-09,07:25:00,0.79,0.79,0.78,0.78,160000,0
2016-03-09,07:30:00,0.78,0.79,0.78,0.78,24000,0
2016-03-09,07:35:00,0.78,0.79,0.78,0.78,30000,0
2016-03-09,07:40:00,0.78,0.79,0.78,0.78,92000,0
2016-03-09,07:45:00,0.78,0.79,0.78,0.79,42000,0
2016-03-09,07:50:00,0.79,0.79,0.78,0.79,64000,0
2016-03-09,07:55:00,0.79,0.79,0.78,0.79,68000,0
2016-03-09,08:00:00,0.79,0.79,0.78,0.78,200000,0
2016-03-09,08:05:00,0.78,0.79,0.78,0.79,36000,0
2016-03-09,08:10:00,0.79,0.79,0.78,0.78,182000,0
2016-03-09,08:15:00,0.78,0.79,0.78,0.78,64000,0
2016-03-09,08:20:00,0.78,0.79,0.77,0.79,398000,0
2016-03-09,08:25:00,0.79,0.79,0.78,0.79,916000,0
2016-03-09,08:30:00,0.79,0.79,0.78,0.79,436000,0
2016-03-09,08:35:00,0.79,0.79,0.78,0.78,62000,0
2016-03-09,08:40:00,0.78,0.79,0.78,0.78,90000,0
2016-03-09,08:45:00,0.78,0.79,0.78,0.78,442000,0
2016-03-09,08:50:00,0.78,0.78,0.78,0.78,22000,0
2016-03-09,08:55:00,0.78,0.79,0.78,0.78,172000,0
2016-03-09,09:00:00,0.78,0.79,0.78,0.79,218000,0
2016-03-10,02:35:00,0.79,0.79,0.79,0.79,24000,0
2016-03-10,02:40:00,0.79,0.79,0.79,0.79,38000,0
2016-03-10,02:45:00,0.79,0.79,0.79,0.79,6000,0
2016-03-10,02:50:00,0.79,0.79,0.79,0.79,12000,0
2016-03-10,02:55:00,0.79,0.79,0.79,0.79,66000,0
2016-03-10,03:00:00,0.79,0.79,0.79,0.79,58000,0
2016-03-10,03:05:00,0.79,0.79,0.79,0.79,18000,0
2016-03-10,03:10:00,0.79,0.79,0.78,0.79,24000,0
2016-03-10,03:20:00,0.78,0.8,0.78,0.79,1598000,0
2016-03-10,03:25:00,0.79,0.8,0.79,0.79,266000,0
2016-03-10,03:35:00,0.79,0.8,0.79,0.79,26000,0
2016-03-10,03:45:00,0.79,0.79,0.79,0.79,2000,0
2016-03-10,03:50:00,0.79,0.79,0.79,0.79,18000,0
2016-03-10,04:00:00,0.79,0.8,0.79,0.8,4000,0
2016-03-10,04:05:00,0.8,0.8,0.79,0.79,16000,0
2016-03-10,04:10:00,0.79,0.8,0.79,0.79,82000,0
2016-03-10,04:20:00,0.79,0.8,0.79,0.8,52000,0
2016-03-10,04:25:00,0.8,0.8,0.79,0.8,58000,0
2016-03-10,04:30:00,0.8,0.8,0.79,0.79,38000,0
2016-03-10,04:35:00,0.79,0.8,0.79,0.8,32000,0
2016-03-10,04:40:00,0.78,0.79,0.78,0.79,30000,0
2016-03-10,04:50:00,0.79,0.79,0.79,0.79,20000,0
2016-03-10,04:55:00,0.79,0.8,0.79,0.8,140000,0
2016-03-10,05:00:00,0.8,0.8,0.79,0.8,12000,0
2016-03-10,06:05:00,0.8,0.8,0.79,0.8,174000,0
2016-03-10,06:15:00,0.8,0.8,0.79,0.79,4000,0
2016-03-10,06:20:00,0.79,0.8,0.79,0.79,16000,0
2016-03-10,06:25:00,0.79,0.79,0.79,0.79,8000,0
2016-03-10,06:30:00,0.79,0.8,0.78,0.79,60000,0
2016-03-10,06:35:00,0.79,0.79,0.79,0.79,12000,0
2016-03-10,07:00:00,0.78,0.79,0.78,0.79,4000,0
2016-03-10,07:10:00,0.78,0.79,0.78,0.79,62000,0
2016-03-10,07:15:00,0.79,0.8,0.79,0.8,10000,0
2016-03-10,07:20:00,0.8,0.8,0.8,0.8,2000,0
2016-03-10,07:35:00,0.79,0.79,0.79,0.79,2000,0
2016-03-10,08:00:00,0.78,0.8,0.78,0.8,42000,0
2016-03-10,08:05:00,0.8,0.8,0.8,0.8,2000,0
2016-03-10,08:10:00,0.78,0.79,0.78,0.79,50000,0
2016-03-10,08:15:00,0.78,0.79,0.78,0.79,12000,0
2016-03-10,08:20:00,0.78,0.79,0.78,0.79,18000,0
2016-03-10,08:25:00,0.79,0.79,0.78,0.79,36000,0
2016-03-10,08:30:00,0.79,0.79,0.78,0.79,14000,0
2016-03-10,08:35:00,0.78,0.79,0.78,0.79,4000,0
2016-03-10,08:40:00,0.78,0.79,0.78,0.79,6000,0
2016-03-10,08:45:00,0.78,0.79,0.78,0.79,28000,0
2016-03-10,08:50:00,0.79,0.79,0.78,0.79,26000,0
2016-03-10,08:55:00,0.79,0.79,0.79,0.79,2000,0
2016-03-10,09:00:00,0.78,0.79,0.78,0.79,568000,0
2016-03-11,02:35:00,0.79,0.8,0.79,0.8,92000,0
2016-03-11,02:40:00,0.8,0.8,0.79,0.8,18000,0
2016-03-11,02:45:00,0.8,0.8,0.8,0.8,4000,0
2016-03-11,02:50:00,0.8,0.8,0.8,0.8,6000,0
2016-03-11,02:55:00,0.8,0.8,0.79,0.8,96000,0
2016-03-11,03:00:00,0.8,0.8,0.79,0.79,86000,0
2016-03-11,03:05:00,0.79,0.8,0.79,0.8,72000,0
2016-03-11,03:10:00,0.8,0.8,0.79,0.8,476000,0
2016-03-11,03:15:00,0.8,0.8,0.79,0.79,100000,0
2016-03-11,03:20:00,0.79,0.8,0.79,0.8,4000,0
2016-03-11,03:25:00,0.8,0.8,0.79,0.8,24000,0
2016-03-11,03:30:00,0.8,0.8,0.79,0.8,12000,0
2016-03-11,03:35:00,0.8,0.8,0.8,0.8,4000,0
2016-03-11,03:40:00,0.8,0.8,0.79,0.8,20000,0
2016-03-11,03:45:00,0.8,0.8,0.79,0.79,12000,0
2016-03-11,03:50:00,0.79,0.79,0.79,0.79,6000,0
2016-03-11,03:55:00,0.79,0.8,0.78,0.8,44000,0
2016-03-11,04:15:00,0.8,0.8,0.79,0.79,56000,0
2016-03-11,04:25:00,0.78,0.79,0.78,0.79,350000,0
2016-03-11,04:30:00,0.78,0.79,0.78,0.79,8000,0
2016-03-11,04:40:00,0.79,0.79,0.79,0.79,2000,0
2016-03-11,05:00:00,0.78,0.79,0.78,0.79,6000,0
2016-03-11,06:05:00,0.79,0.79,0.79,0.79,2000,0
2016-03-11,06:10:00,0.78,0.79,0.78,0.79,4000,0
2016-03-11,06:15:00,0.78,0.79,0.78,0.79,6000,0
2016-03-11,06:20:00,0.78,0.79,0.78,0.79,4000,0
2016-03-11,06:30:00,0.78,0.79,0.78,0.79,4000,0
2016-03-11,06:50:00,0.78,0.8,0.78,0.8,408000,0
2016-03-11,06:55:00,0.8,0.8,0.79,0.8,14000,0
2016-03-11,07:00:00,0.8,0.8,0.79,0.8,12000,0
2016-03-11,07:05:00,0.8,0.8,0.79,0.79,154000,0
2016-03-11,07:10:00,0.79,0.79,0.78,0.79,26000,0
2016-03-11,07:15:00,0.79,0.79,0.79,0.79,6000,0
2016-03-11,07:20:00,0.78,0.79,0.78,0.79,4000,0
2016-03-11,07:40:00,0.78,0.79,0.78,0.79,4000,0
2016-03-11,07:45:00,0.78,0.79,0.78,0.79,6000,0
2016-03-11,07:50:00,0.78,0.79,0.78,0.79,4000,0
2016-03-11,08:05:00,0.78,0.79,0.78,0.79,4000,0
2016-03-11,08:10:00,0.78,0.79,0.78,0.79,6000,0
2016-03-11,08:20:00,0.78,0.79,0.78,0.79,12000,0
2016-03-11,08:25:00,0.79,0.79,0.79,0.79,2000,0
2016-03-11,08:30:00,0.78,0.79,0.78,0.79,4000,0
2016-03-11,08:40:00,0.78,0.79,0.78,0.79,4000,0
2016-03-11,08:50:00,0.78,0.79,0.78,0.79,4000,0
2016-03-11,08:55:00,0.79,0.79,0.79,0.79,18000,0
2016-03-11,09:00:00,0.78,0.79,0.78,0.79,38000,0
2016-03-14,02:35:00,0.79,0.79,0.78,0.79,22000,0
2016-03-14,02:40:00,0.79,0.79,0.79,0.79,16000,0
2016-03-14,02:45:00,0.79,0.79,0.79,0.79,2000,0
2016-03-14,02:50:00,0.79,0.79,0.78,0.78,14000,0
2016-03-14,02:55:00,0.78,0.79,0.78,0.79,248000,0
2016-03-14,03:00:00,0.79,0.79,0.78,0.78,986000,0
2016-03-14,03:05:00,0.78,0.78,0.77,0.78,80000,0
2016-03-14,03:10:00,0.77,0.78,0.77,0.78,6000,0
2016-03-14,03:15:00,0.77,0.78,0.77,0.78,8000,0
2016-03-14,03:25:00,0.78,0.78,0.78,0.78,6000,0
2016-03-14,03:40:00,0.77,0.78,0.77,0.78,14000,0
2016-03-14,03:45:00,0.78,0.78,0.78,0.78,34000,0
2016-03-14,04:15:00,0.77,0.78,0.77,0.78,4000,0
2016-03-14,05:00:00,0.77,0.78,0.77,0.78,4000,0
2016-03-14,06:05:00,0.78,0.78,0.78,0.78,10000,0
2016-03-14,06:20:00,0.77,0.78,0.77,0.78,8000,0
2016-03-14,06:25:00,0.77,0.78,0.77,0.78,8000,0
2016-03-14,06:40:00,0.77,0.78,0.77,0.78,8000,0
2016-03-14,06:45:00,0.77,0.78,0.77,0.78,12000,0
2016-03-14,06:55:00,0.78,0.78,0.77,0.78,16000,0
2016-03-14,07:00:00,0.78,0.78,0.78,0.78,2000,0
2016-03-14,07:05:00,0.78,0.78,0.77,0.78,16000,0
2016-03-14,07:10:00,0.77,0.78,0.77,0.78,8000,0
2016-03-14,07:35:00,0.77,0.78,0.77,0.78,4000,0
2016-03-14,07:45:00,0.77,0.78,0.77,0.78,4000,0
2016-03-14,08:25:00,0.77,0.78,0.77,0.78,4000,0
2016-03-14,08:40:00,0.77,0.78,0.77,0.78,8000,0
2016-03-14,08:55:00,0.77,0.78,0.77,0.78,4000,0
2016-03-14,09:00:00,0.77,0.79,0.77,0.78,1296000,0
2016-03-15,02:35:00,0.78,0.78,0.77,0.78,190000,0
2016-03-15,02:40:00,0.78,0.79,0.77,0.79,578000,0
2016-03-15,02:45:00,0.79,0.79,0.78,0.78,136000,0
2016-03-15,02:50:00,0.78,0.8,0.78,0.8,1202000,0
2016-03-15,02:55:00,0.8,0.8,0.8,0.8,28000,0
2016-03-15,03:00:00,0.8,0.8,0.79,0.8,124000,0
2016-03-15,03:05:00,0.8,0.8,0.79,0.8,196000,0
2016-03-15,03:10:00,0.8,0.8,0.79,0.8,96000,0
2016-03-15,03:15:00,0.8,0.8,0.8,0.8,16000,0
2016-03-15,03:20:00,0.8,0.8,0.79,0.79,40000,0
2016-03-15,03:25:00,0.79,0.79,0.79,0.79,2000,0
2016-03-15,03:30:00,0.79,0.79,0.79,0.79,2000,0
2016-03-15,03:35:00,0.79,0.79,0.79,0.79,10000,0
2016-03-15,06:45:00,0.79,0.79,0.79,0.79,8000,0
2016-03-15,06:55:00,0.79,0.79,0.79,0.79,2000,0
2016-03-15,07:20:00,0.79,0.79,0.79,0.79,2000,0
2016-03-15,08:55:00,0.79,0.79,0.79,0.79,250000,0
2016-03-15,09:00:00,0.79,0.8,0.78,0.8,870000,0
2016-03-16,02:35:00,0.8,0.8,0.8,0.8,2000,0
2016-03-16,02:40:00,0.8,0.8,0.8,0.8,12000,0
2016-03-16,02:45:00,0.8,0.8,0.8,0.8,6000,0
2016-03-16,02:50:00,0.8,0.8,0.79,0.8,36000,0
2016-03-16,03:00:00,0.8,0.8,0.8,0.8,6000,0
2016-03-16,03:10:00,0.8,0.8,0.79,0.8,60000,0
2016-03-16,03:20:00,0.8,0.8,0.8,0.8,8000,0
2016-03-16,03:25:00,0.8,0.8,0.8,0.8,16000,0
2016-03-16,03:30:00,0.8,0.8,0.79,0.79,46000,0
2016-03-16,03:45:00,0.79,0.79,0.79,0.79,4000,0
2016-03-16,03:50:00,0.79,0.8,0.79,0.8,12000,0
2016-03-16,03:55:00,0.8,0.8,0.79,0.8,36000,0
2016-03-16,04:00:00,0.8,0.8,0.79,0.8,194000,0
2016-03-16,04:05:00,0.8,0.8,0.79,0.79,12000,0
2016-03-16,04:10:00,0.79,0.8,0.79,0.8,24000,0
2016-03-16,04:20:00,0.8,0.8,0.79,0.79,136000,0
2016-03-16,04:30:00,0.79,0.79,0.78,0.79,38000,0
2016-03-16,04:35:00,0.79,0.79,0.78,0.79,1048000,0
2016-03-16,04:40:00,0.79,0.79,0.78,0.79,484000,0
2016-03-16,04:45:00,0.79,0.79,0.78,0.79,70000,0
2016-03-16,04:50:00,0.79,0.8,0.79,0.8,182000,0
2016-03-16,05:00:00,0.8,0.8,0.8,0.8,2000,0
2016-03-16,06:05:00,0.8,0.8,0.8,0.8,2000,0
2016-03-16,06:20:00,0.8,0.8,0.8,0.8,6000,0
2016-03-16,06:25:00,0.8,0.8,0.79,0.79,8000,0
2016-03-16,06:30:00,0.79,0.8,0.79,0.8,28000,0
2016-03-16,06:40:00,0.8,0.8,0.79,0.79,16000,0
2016-03-16,06:50:00,0.79,0.8,0.79,0.8,4000,0
2016-03-16,06:55:00,0.8,0.8,0.79,0.79,18000,0
2016-03-16,07:05:00,0.79,0.8,0.79,0.79,60000,0
2016-03-16,07:10:00,0.79,0.8,0.79,0.79,10000,0
2016-03-16,07:15:00,0.79,0.8,0.79,0.79,12000,0
2016-03-16,07:25:00,0.79,0.79,0.79,0.79,4000,0
2016-03-16,07:30:00,0.79,0.8,0.79,0.79,12000,0
2016-03-16,07:40:00,0.79,0.79,0.78,0.78,8000,0
2016-03-16,07:45:00,0.78,0.8,0.78,0.8,22000,0
2016-03-16,08:05:00,0.8,0.8,0.78,0.78,28000,0
2016-03-16,08:20:00,0.78,0.78,0.78,0.78,4000,0
2016-03-16,08:25:00,0.77,0.78,0.77,0.78,12000,0
2016-03-16,08:30:00,0.77,0.78,0.77,0.78,702000,0
2016-03-16,08:50:00,0.77,0.78,0.77,0.78,8000,0
2016-03-16,08:55:00,0.77,0.78,0.77,0.78,202000,0
2016-03-16,09:00:00,0.78,0.78,0.77,0.78,302000,0
2016-03-17,02:40:00,0.78,0.78,0.78,0.78,8000,0
2016-03-17,02:50:00,0.78,0.78,0.78,0.78,18000,0
2016-03-17,03:00:00,0.78,0.78,0.78,0.78,2000,0
2016-03-17,03:10:00,0.78,0.78,0.78,0.78,14000,0
2016-03-17,03:15:00,0.78,0.78,0.77,0.78,36000,0
2016-03-17,03:55:00,0.78,0.78,0.78,0.78,4000,0
2016-03-17,04:00:00,0.78,0.78,0.78,0.78,66000,0
2016-03-17,04:15:00,0.78,0.78,0.78,0.78,16000,0
2016-03-17,04:20:00,0.78,0.78,0.78,0.78,20000,0
2016-03-17,04:35:00,0.77,0.78,0.77,0.78,12000,0
2016-03-17,04:40:00,0.78,0.78,0.78,0.78,4000,0
2016-03-17,04:50:00,0.77,0.78,0.77,0.78,24000,0
2016-03-17,04:55:00,0.78,0.78,0.78,0.78,22000,0
2016-03-17,05:00:00,0.78,0.78,0.78,0.78,4000,0
2016-03-17,06:10:00,0.77,0.78,0.77,0.78,4000,0
2016-03-17,06:20:00,0.77,0.78,0.77,0.78,8000,0
2016-03-17,06:35:00,0.77,0.78,0.77,0.78,4000,0
2016-03-17,06:40:00,0.77,0.78,0.77,0.78,8000,0
2016-03-17,06:45:00,0.78,0.78,0.77,0.78,174000,0
2016-03-17,06:50:00,0.77,0.78,0.77,0.78,52000,0
2016-03-17,06:55:00,0.78,0.78,0.78,0.78,12000,0
2016-03-17,07:10:00,0.78,0.78,0.78,0.78,4000,0
2016-03-17,07:20:00,0.77,0.78,0.77,0.78,10000,0
2016-03-17,07:30:00,0.77,0.78,0.77,0.78,46000,0
2016-03-17,07:45:00,0.77,0.78,0.77,0.78,28000,0
2016-03-17,07:55:00,0.77,0.78,0.77,0.78,30000,0
2016-03-17,08:00:00,0.78,0.78,0.78,0.78,8000,0
2016-03-17,08:10:00,0.77,0.78,0.77,0.78,10000,0
2016-03-17,08:15:00,0.78,0.78,0.78,0.78,4000,0
2016-03-17,08:40:00,0.77,0.78,0.77,0.78,4000,0
2016-03-17,08:55:00,0.78,0.78,0.78,0.78,8000,0
2016-03-17,09:00:00,0.78,0.78,0.78,0.78,48000,0
2016-03-18,02:50:00,0.77,0.78,0.77,0.78,130000,0
2016-03-18,03:15:00,0.77,0.78,0.77,0.78,26000,0
2016-03-18,03:20:00,0.78,0.78,0.78,0.78,4000,0
2016-03-18,03:25:00,0.77,0.78,0.77,0.78,20000,0
2016-03-18,03:30:00,0.77,0.78,0.77,0.78,10000,0
2016-03-18,03:35:00,0.77,0.78,0.77,0.78,6000,0
2016-03-18,03:40:00,0.77,0.78,0.77,0.78,8000,0
2016-03-18,04:00:00,0.77,0.78,0.77,0.78,4000,0
2016-03-18,04:05:00,0.77,0.78,0.77,0.78,4000,0
2016-03-18,04:20:00,0.77,0.78,0.77,0.78,10000,0
2016-03-18,04:40:00,0.77,0.78,0.77,0.78,6000,0
2016-03-18,06:15:00,0.78,0.78,0.78,0.78,2000,0
2016-03-18,06:30:00,0.77,0.78,0.77,0.78,4000,0
2016-03-18,06:35:00,0.78,0.78,0.78,0.78,2000,0
2016-03-18,06:55:00,0.77,0.78,0.77,0.78,4000,0
2016-03-18,07:10:00,0.78,0.78,0.78,0.78,6000,0
2016-03-18,07:20:00,0.77,0.78,0.77,0.78,8000,0
2016-03-18,07:25:00,0.78,0.78,0.77,0.78,14000,0
2016-03-18,07:40:00,0.77,0.78,0.77,0.78,12000,0
2016-03-18,07:45:00,0.77,0.78,0.77,0.78,8000,0
2016-03-18,07:55:00,0.77,0.78,0.77,0.78,6000,0
2016-03-18,08:10:00,0.77,0.78,0.77,0.78,4000,0
2016-03-18,08:15:00,0.77,0.78,0.77,0.78,4000,0
2016-03-18,08:35:00,0.78,0.78,0.77,0.78,134000,0
2016-03-18,08:50:00,0.77,0.78,0.77,0.78,136000,0
2016-03-18,08:55:00,0.77,0.78,0.77,0.78,62000,0
2016-03-18,09:00:00,0.78,0.79,0.77,0.78,1238000,0
2016-03-21,02:35:00,0.79,0.79,0.79,0.79,10000,0
2016-03-21,03:10:00,0.79,0.79,0.79,0.79,4000,0
2016-03-21,03:20:00,0.79,0.79,0.79,0.79,2000,0
2016-03-21,03:25:00,0.79,0.79,0.78,0.79,8000,0
2016-03-21,03:50:00,0.79,0.79,0.79,0.79,2000,0
2016-03-21,04:20:00,0.79,0.79,0.78,0.79,24000,0
2016-03-21,04:25:00,0.79,0.79,0.78,0.79,62000,0
2016-03-21,04:45:00,0.78,0.79,0.78,0.79,12000,0
2016-03-21,07:05:00,0.79,0.79,0.79,0.79,2000,0
2016-03-21,07:20:00,0.79,0.79,0.79,0.79,2000,0
2016-03-21,07:45:00,0.78,0.79,0.78,0.79,4000,0
2016-03-21,07:50:00,0.79,0.79,0.79,0.79,4000,0
2016-03-21,08:40:00,0.78,0.79,0.78,0.79,4000,0
2016-03-21,08:45:00,0.78,0.79,0.78,0.79,6000,0
2016-03-21,08:55:00,0.79,0.79,0.79,0.79,2000,0
2016-03-21,09:00:00,0.79,0.79,0.78,0.79,164000,0
2016-03-22,02:35:00,0.79,0.79,0.78,0.79,154000,0
2016-03-22,02:40:00,0.78,0.79,0.78,0.79,76000,0
2016-03-22,02:45:00,0.79,0.79,0.79,0.79,8000,0
2016-03-22,02:50:00,0.79,0.79,0.79,0.79,6000,0
2016-03-22,03:05:00,0.79,0.79,0.79,0.79,8000,0
2016-03-22,03:30:00,0.79,0.79,0.79,0.79,8000,0
2016-03-22,03:35:00,0.79,0.79,0.79,0.79,4000,0
2016-03-22,03:55:00,0.79,0.79,0.79,0.79,20000,0
2016-03-22,04:20:00,0.79,0.79,0.79,0.79,2000,0
2016-03-22,04:40:00,0.79,0.79,0.79,0.79,8000,0
2016-03-22,04:55:00,0.79,0.79,0.79,0.79,40000,0
2016-03-22,05:00:00,0.79,0.79,0.79,0.79,6000,0
2016-03-22,06:30:00,0.78,0.79,0.78,0.79,4000,0
2016-03-22,06:45:00,0.79,0.79,0.79,0.79,4000,0
2016-03-22,08:55:00,0.78,0.79,0.78,0.79,4000,0
2016-03-22,09:00:00,0.79,0.79,0.79,0.79,18000,0
2016-03-23,02:35:00,0.8,0.8,0.79,0.79,194000,0
2016-03-23,03:05:00,0.79,0.8,0.79,0.8,22000,0
2016-03-23,03:10:00,0.8,0.8,0.79,0.8,22000,0
2016-03-23,03:25:00,0.8,0.8,0.8,0.8,2000,0
2016-03-23,03:30:00,0.8,0.8,0.8,0.8,4000,0
2016-03-23,03:45:00,0.8,0.8,0.8,0.8,8000,0
2016-03-23,03:55:00,0.8,0.8,0.8,0.8,8000,0
2016-03-23,04:15:00,0.8,0.8,0.8,0.8,12000,0
2016-03-23,04:20:00,0.8,0.8,0.79,0.8,196000,0
2016-03-23,04:25:00,0.8,0.8,0.8,0.8,10000,0
2016-03-23,04:35:00,0.8,0.8,0.8,0.8,14000,0
2016-03-23,04:40:00,0.8,0.8,0.79,0.8,24000,0
2016-03-23,04:55:00,0.8,0.8,0.79,0.8,20000,0
2016-03-23,05:00:00,0.8,0.8,0.8,0.8,10000,0
2016-03-23,06:05:00,0.8,0.8,0.8,0.8,8000,0
2016-03-23,06:10:00,0.8,0.8,0.79,0.8,318000,0
2016-03-23,06:25:00,0.8,0.8,0.79,0.79,12000,0
2016-03-23,06:30:00,0.79,0.8,0.79,0.8,4000,0
2016-03-23,06:35:00,0.8,0.8,0.79,0.8,8000,0
2016-03-23,06:40:00,0.8,0.8,0.79,0.8,12000,0
2016-03-23,06:45:00,0.8,0.8,0.79,0.79,46000,0
2016-03-23,06:50:00,0.79,0.8,0.79,0.8,10000,0
2016-03-23,07:05:00,0.79,0.79,0.79,0.79,2000,0
2016-03-23,07:10:00,0.79,0.8,0.79,0.8,16000,0
2016-03-23,07:25:00,0.79,0.79,0.79,0.79,2000,0
2016-03-23,07:35:00,0.79,0.8,0.79,0.8,154000,0
2016-03-23,07:45:00,0.8,0.8,0.8,0.8,84000,0
2016-03-23,07:55:00,0.8,0.8,0.79,0.8,396000,0
2016-03-23,08:00:00,0.8,0.8,0.8,0.8,18000,0
2016-03-23,08:05:00,0.8,0.8,0.79,0.8,18000,0
2016-03-23,08:10:00,0.8,0.8,0.79,0.79,16000,0
2016-03-23,08:15:00,0.79,0.8,0.79,0.79,12000,0
2016-03-23,08:20:00,0.79,0.8,0.79,0.8,16000,0
2016-03-23,08:30:00,0.8,0.8,0.79,0.79,8000,0
2016-03-23,08:35:00,0.79,0.8,0.79,0.8,32000,0
2016-03-23,08:45:00,0.8,0.8,0.79,0.8,22000,0
2016-03-23,08:55:00,0.8,0.8,0.79,0.8,74000,0
2016-03-23,09:00:00,0.8,0.8,0.78,0.8,208000,0
2016-03-24,02:35:00,0.79,0.8,0.79,0.79,4000,0
2016-03-24,02:50:00,0.79,0.79,0.78,0.78,990000,0
2016-03-24,02:55:00,0.78,0.79,0.78,0.79,32000,0
2016-03-24,03:00:00,0.79,0.79,0.79,0.79,10000,0
2016-03-24,03:10:00,0.79,0.79,0.78,0.78,16000,0
2016-03-24,03:30:00,0.78,0.78,0.78,0.78,2000,0
2016-03-24,03:55:00,0.78,0.79,0.78,0.79,10000,0
2016-03-24,04:15:00,0.79,0.79,0.78,0.78,10000,0
2016-03-24,04:35:00,0.78,0.79,0.78,0.78,12000,0
2016-03-24,04:50:00,0.78,0.79,0.78,0.79,4000,0
2016-03-24,05:00:00,0.79,0.79,0.78,0.78,4000,0
2016-03-24,06:05:00,0.78,0.79,0.78,0.79,4000,0
2016-03-24,06:20:00,0.79,0.79,0.78,0.78,22000,0
2016-03-24,06:25:00,0.78,0.79,0.78,0.79,18000,0
2016-03-24,06:45:00,0.79,0.79,0.78,0.78,8000,0
2016-03-24,06:50:00,0.78,0.78,0.78,0.78,10000,0
2016-03-24,07:05:00,0.78,0.78,0.78,0.78,10000,0
2016-03-24,07:10:00,0.78,0.78,0.78,0.78,4000,0
2016-03-24,07:15:00,0.78,0.79,0.78,0.79,8000,0
2016-03-24,07:30:00,0.79,0.79,0.78,0.78,10000,0
2016-03-24,07:45:00,0.78,0.78,0.78,0.78,28000,0
2016-03-24,07:50:00,0.78,0.78,0.78,0.78,6000,0
2016-03-24,07:55:00,0.78,0.78,0.78,0.78,8000,0
2016-03-24,08:05:00,0.78,0.78,0.78,0.78,4000,0
2016-03-24,08:10:00,0.78,0.78,0.78,0.78,6000,0
2016-03-24,08:35:00,0.78,0.78,0.78,0.78,4000,0
2016-03-24,08:40:00,0.78,0.78,0.78,0.78,10000,0
2016-03-24,08:45:00,0.78,0.78,0.78,0.78,10000,0
2016-03-24,08:50:00,0.77,0.78,0.77,0.78,280000,0
2016-03-24,08:55:00,0.78,0.79,0.78,0.79,26000,0
2016-03-24,09:00:00,0.79,0.79,0.77,0.79,154000,0
2016-03-29,03:35:00,0.79,0.79,0.79,0.79,8000,0
2016-03-29,03:40:00,0.79,0.79,0.77,0.78,96000,0
2016-03-29,03:45:00,0.78,0.78,0.78,0.78,260000,0
2016-03-29,03:50:00,0.78,0.78,0.77,0.78,576000,0
2016-03-29,03:55:00,0.78,0.79,0.78,0.79,366000,0
2016-03-29,04:00:00,0.79,0.79,0.79,0.79,4000,0
2016-03-29,04:05:00,0.79,0.79,0.79,0.79,8000,0
2016-03-29,04:20:00,0.79,0.79,0.79,0.79,18000,0
2016-03-29,04:25:00,0.79,0.79,0.78,0.79,126000,0
2016-03-29,04:35:00,0.79,0.79,0.79,0.79,72000,0
2016-03-29,04:40:00,0.79,0.79,0.79,0.79,14000,0
2016-03-29,04:45:00,0.79,0.79,0.79,0.79,10000,0
2016-03-29,04:50:00,0.79,0.79,0.78,0.79,34000,0
2016-03-29,04:55:00,0.79,0.79,0.79,0.79,14000,0
2016-03-29,05:00:00,0.79,0.79,0.79,0.79,18000,0
2016-03-29,05:05:00,0.79,0.79,0.78,0.79,22000,0
2016-03-29,05:10:00,0.79,0.79,0.79,0.79,8000,0
2016-03-29,05:15:00,0.79,0.79,0.78,0.79,76000,0
2016-03-29,05:20:00,0.79,0.79,0.79,0.79,2000,0
2016-03-29,05:25:00,0.79,0.79,0.78,0.78,20000,0
2016-03-29,05:30:00,0.78,0.79,0.78,0.79,54000,0
2016-03-29,07:05:00,0.79,0.79,0.78,0.78,8000,0
2016-03-29,07:15:00,0.78,0.79,0.78,0.79,4000,0
2016-03-29,07:20:00,0.79,0.79,0.78,0.79,12000,0
2016-03-29,07:30:00,0.79,0.79,0.78,0.78,6000,0
2016-03-29,07:35:00,0.78,0.79,0.78,0.79,4000,0
2016-03-29,07:45:00,0.79,0.79,0.78,0.78,12000,0
2016-03-29,07:50:00,0.78,0.79,0.78,0.79,4000,0
2016-03-29,07:55:00,0.79,0.79,0.78,0.78,8000,0
2016-03-29,08:10:00,0.78,0.78,0.78,0.78,4000,0
2016-03-29,08:15:00,0.78,0.79,0.78,0.79,4000,0
2016-03-29,08:30:00,0.79,0.79,0.78,0.78,68000,0
2016-03-29,08:40:00,0.78,0.78,0.78,0.78,4000,0
2016-03-29,09:10:00,0.78,0.78,0.78,0.78,8000,0
2016-03-29,09:25:00,0.77,0.79,0.77,0.78,72000,0
2016-03-29,09:30:00,0.78,0.79,0.78,0.79,26000,0
2016-03-29,09:35:00,0.78,0.78,0.78,0.78,20000,0
2016-03-29,09:45:00,0.78,0.79,0.77,0.79,52000,0
2016-03-29,09:55:00,0.79,0.79,0.78,0.79,8000,0
2016-03-29,10:00:00,0.79,0.79,0.79,0.79,6000,0
2016-03-30,03:35:00,0.78,0.79,0.78,0.79,30000,0
2016-03-30,03:40:00,0.79,0.79,0.78,0.78,58000,0
2016-03-30,03:50:00,0.78,0.79,0.78,0.79,52000,0
2016-03-30,07:10:00,0.78,0.78,0.77,0.78,12000,0
2016-03-30,07:15:00,0.77,0.79,0.77,0.79,764000,0
2016-03-30,07:20:00,0.79,0.79,0.78,0.78,10000,0
2016-03-30,07:25:00,0.77,0.78,0.77,0.78,304000,0
2016-03-30,07:30:00,0.78,0.79,0.78,0.79,6000,0
2016-03-30,07:50:00,0.79,0.79,0.78,0.78,4000,0
2016-03-30,07:55:00,0.78,0.79,0.78,0.79,8000,0
2016-03-30,08:00:00,0.79,0.79,0.78,0.78,22000,0
2016-03-30,08:20:00,0.77,0.79,0.77,0.79,68000,0
2016-03-30,08:25:00,0.79,0.79,0.78,0.78,8000,0
2016-03-30,08:35:00,0.78,0.78,0.78,0.78,2000,0
2016-03-30,09:05:00,0.77,0.78,0.77,0.78,4000,0
2016-03-30,09:10:00,0.77,0.78,0.77,0.78,4000,0
2016-03-30,09:30:00,0.77,0.78,0.77,0.78,6000,0
2016-03-30,09:45:00,0.77,0.78,0.77,0.78,10000,0
2016-03-30,10:00:00,0.77,0.78,0.77,0.78,544000,0
2016-03-31,03:35:00,0.78,0.78,0.76,0.77,1098000,0
2016-03-31,03:40:00,0.77,0.77,0.77,0.77,114000,0
2016-03-31,03:45:00,0.77,0.77,0.77,0.77,2000,0
2016-03-31,03:50:00,0.77,0.77,0.77,0.77,4000,0
2016-03-31,03:55:00,0.77,0.77,0.77,0.77,2000,0
2016-03-31,04:05:00,0.77,0.77,0.77,0.77,2000,0
2016-03-31,04:15:00,0.77,0.77,0.77,0.77,6000,0
2016-03-31,04:25:00,0.76,0.77,0.76,0.77,8000,0
2016-03-31,04:30:00,0.77,0.77,0.76,0.77,14000,0
2016-03-31,04:35:00,0.77,0.77,0.77,0.77,4000,0
2016-03-31,04:45:00,0.76,0.77,0.76,0.77,6000,0
2016-03-31,05:00:00,0.76,0.77,0.76,0.77,8000,0
2016-03-31,05:05:00,0.77,0.77,0.77,0.77,2000,0
2016-03-31,05:15:00,0.76,0.77,0.76,0.77,4000,0
2016-03-31,05:20:00,0.77,0.77,0.77,0.77,2000,0
2016-03-31,05:30:00,0.77,0.77,0.77,0.77,50000,0
2016-03-31,05:35:00,0.77,0.78,0.76,0.78,606000,0
2016-03-31,05:40:00,0.78,0.78,0.77,0.78,126000,0
2016-03-31,05:45:00,0.78,0.78,0.78,0.78,4000,0
2016-03-31,05:50:00,0.78,0.78,0.77,0.78,38000,0
2016-03-31,05:55:00,0.78,0.78,0.77,0.78,22000,0
2016-03-31,06:00:00,0.78,0.78,0.77,0.78,54000,0
2016-03-31,07:05:00,0.78,0.78,0.77,0.78,36000,0
2016-03-31,07:10:00,0.78,0.78,0.77,0.77,8000,0
2016-03-31,07:15:00,0.77,0.77,0.77,0.77,6000,0
2016-03-31,07:20:00,0.77,0.77,0.77,0.77,4000,0
2016-03-31,07:25:00,0.77,0.78,0.77,0.78,6000,0
2016-03-31,07:30:00,0.78,0.78,0.77,0.78,24000,0
2016-03-31,07:45:00,0.78,0.78,0.77,0.77,16000,0
2016-03-31,07:50:00,0.77,0.77,0.77,0.77,4000,0
2016-03-31,07:55:00,0.77,0.78,0.77,0.78,70000,0
2016-03-31,08:00:00,0.78,0.79,0.77,0.79,880000,0
2016-03-31,08:05:00,0.79,0.79,0.79,0.79,8000,0
2016-03-31,08:15:00,0.79,0.79,0.78,0.79,24000,0
2016-03-31,08:25:00,0.79,0.79,0.79,0.79,2000,0
2016-03-31,08:40:00,0.79,0.79,0.78,0.79,16000,0
2016-03-31,08:45:00,0.78,0.78,0.78,0.78,6000,0
2016-03-31,09:15:00,0.78,0.78,0.78,0.78,4000,0
2016-03-31,09:20:00,0.78,0.78,0.77,0.78,14000,0
2016-03-31,09:30:00,0.78,0.78,0.77,0.78,28000,0
2016-03-31,09:35:00,0.78,0.78,0.78,0.78,12000,0
2016-03-31,09:40:00,0.78,0.79,0.78,0.79,20000,0
2016-03-31,09:50:00,0.78,0.79,0.78,0.79,1142000,0
2016-03-31,09:55:00,0.79,0.79,0.78,0.79,1832000,0
2016-03-31,10:00:00,0.79,0.79,0.78,0.79,410000,0
2016-04-01,03:35:00,0.79,0.79,0.79,0.79,6000,0
2016-04-01,03:45:00,0.79,0.79,0.79,0.79,6000,0
2016-04-01,03:55:00,0.79,0.79,0.78,0.79,110000,0
2016-04-01,04:15:00,0.79,0.79,0.79,0.79,2000,0
2016-04-01,05:25:00,0.77,0.79,0.77,0.78,70000,0
2016-04-01,07:05:00,0.78,0.78,0.78,0.78,2000,0
2016-04-01,07:10:00,0.78,0.78,0.78,0.78,2000,0
2016-04-01,07:25:00,0.78,0.79,0.78,0.79,130000,0
2016-04-01,07:55:00,0.79,0.79,0.78,0.78,16000,0
2016-04-01,08:00:00,0.78,0.79,0.78,0.79,4000,0
2016-04-01,08:05:00,0.79,0.79,0.78,0.78,4000,0
2016-04-01,08:20:00,0.78,0.79,0.78,0.79,4000,0
2016-04-01,08:35:00,0.79,0.79,0.78,0.78,24000,0
2016-04-01,08:40:00,0.78,0.79,0.78,0.78,32000,0
2016-04-01,08:55:00,0.78,0.78,0.78,0.78,4000,0
2016-04-01,09:05:00,0.77,0.78,0.77,0.78,16000,0
2016-04-01,09:25:00,0.78,0.78,0.77,0.78,60000,0
2016-04-01,09:30:00,0.78,0.78,0.78,0.78,4000,0
2016-04-01,09:35:00,0.78,0.79,0.78,0.79,38000,0
2016-04-01,09:40:00,0.78,0.79,0.78,0.79,6000,0
2016-04-01,09:45:00,0.79,0.79,0.79,0.79,2000,0
2016-04-01,09:50:00,0.79,0.79,0.79,0.79,4000,0
2016-04-01,10:00:00,0.79,0.79,0.78,0.78,4000,0
2016-04-05,03:35:00,0.78,0.78,0.78,0.78,4000,0
2016-04-05,03:40:00,0.78,0.79,0.78,0.79,34000,0
2016-04-05,03:50:00,0.79,0.79,0.79,0.79,2000,0
2016-04-05,04:00:00,0.79,0.79,0.78,0.79,164000,0
2016-04-05,04:10:00,0.79,0.79,0.79,0.79,2000,0
2016-04-05,04:20:00,0.78,0.78,0.78,0.78,16000,0
2016-04-05,04:25:00,0.78,0.79,0.78,0.79,22000,0
2016-04-05,04:50:00,0.79,0.79,0.78,0.79,10000,0
2016-04-05,04:55:00,0.79,0.79,0.79,0.79,2000,0
2016-04-05,05:15:00,0.79,0.79,0.78,0.79,16000,0
2016-04-05,05:45:00,0.78,0.78,0.78,0.78,2000,0
2016-04-05,05:55:00,0.78,0.78,0.78,0.78,2000,0
2016-04-05,07:05:00,0.78,0.78,0.78,0.78,2000,0
2016-04-05,07:30:00,0.78,0.78,0.78,0.78,2000,0
2016-04-05,08:05:00,0.78,0.78,0.78,0.78,2000,0
2016-04-05,08:25:00,0.78,0.78,0.78,0.78,2000,0
2016-04-05,08:40:00,0.78,0.78,0.77,0.78,16000,0
2016-04-05,08:55:00,0.76,0.77,0.76,0.77,22000,0
2016-04-05,09:10:00,0.76,0.78,0.76,0.78,260000,0
2016-04-05,09:25:00,0.78,0.78,0.78,0.78,36000,0
2016-04-05,09:35:00,0.78,0.78,0.77,0.77,30000,0
2016-04-05,09:40:00,0.77,0.78,0.77,0.78,84000,0
2016-04-05,09:45:00,0.78,0.78,0.78,0.78,16000,0
2016-04-05,09:50:00,0.78,0.78,0.77,0.78,68000,0
2016-04-05,09:55:00,0.78,0.78,0.77,0.77,48000,0
2016-04-05,10:00:00,0.77,0.78,0.77,0.78,372000,0
2016-04-06,04:35:00,0.78,0.78,0.77,0.78,50000,0
2016-04-06,04:40:00,0.78,0.78,0.77,0.77,4000,0
2016-04-06,04:45:00,0.77,0.78,0.77,0.78,4000,0
2016-04-06,05:55:00,0.78,0.78,0.77,0.77,40000,0
2016-04-06,06:00:00,0.77,0.78,0.77,0.78,4000,0
2016-04-06,07:05:00,0.76,0.78,0.76,0.78,4000,0
2016-04-06,07:10:00,0.77,0.78,0.77,0.78,35322,0
2016-04-06,07:35:00,0.78,0.78,0.77,0.77,6000,0
2016-04-06,07:40:00,0.77,0.78,0.77,0.78,24000,0
2016-04-06,07:55:00,0.78,0.78,0.78,0.78,2000,0
2016-04-06,08:05:00,0.78,0.78,0.77,0.78,8000,0
2016-04-06,08:10:00,0.78,0.78,0.76,0.78,18000,0
2016-04-06,08:30:00,0.78,0.78,0.78,0.78,2000,0
2016-04-06,08:50:00,0.78,0.78,0.77,0.77,4000,0
2016-04-06,08:55:00,0.77,0.78,0.77,0.78,6000,0
2016-04-06,09:05:00,0.78,0.78,0.78,0.78,2000,0
2016-04-06,09:10:00,0.78,0.78,0.78,0.78,2000,0
2016-04-06,09:15:00,0.78,0.78,0.78,0.78,2000,0
2016-04-06,09:40:00,0.78,0.78,0.78,0.78,2000,0
2016-04-06,09:45:00,0.78,0.78,0.78,0.78,4000,0
2016-04-06,09:55:00,0.78,0.78,0.77,0.78,44000,0
2016-04-06,10:00:00,0.78,0.78,0.76,0.78,134000,0
2016-04-07,04:10:00,0.78,0.78,0.78,0.78,2000,0
2016-04-07,04:15:00,0.78,0.78,0.77,0.78,8000,0
2016-04-07,08:30:00,0.78,0.78,0.78,0.78,2000,0
2016-04-07,08:35:00,0.78,0.78,0.78,0.78,2000,0
2016-04-07,08:40:00,0.78,0.78,0.78,0.78,2000,0
2016-04-07,08:45:00,0.78,0.78,0.78,0.78,4000,0
2016-04-07,08:50:00,0.78,0.78,0.77,0.78,10000,0
2016-04-07,08:55:00,0.78,0.78,0.78,0.78,4000,0
2016-04-07,09:00:00,0.78,0.78,0.78,0.78,6000,0
2016-04-07,09:05:00,0.78,0.78,0.78,0.78,2000,0
2016-04-07,09:10:00,0.78,0.78,0.78,0.78,2000,0
2016-04-07,09:15:00,0.78,0.78,0.77,0.78,10000,0
2016-04-07,09:20:00,0.78,0.78,0.78,0.78,6000,0
2016-04-07,09:25:00,0.78,0.78,0.78,0.78,2000,0
2016-04-07,09:30:00,0.78,0.78,0.78,0.78,4000,0
2016-04-07,09:35:00,0.77,0.77,0.77,0.77,2000,0
2016-04-07,09:40:00,0.77,0.78,0.76,0.77,24000,0
2016-04-07,09:45:00,0.77,0.78,0.77,0.78,4000,0
2016-04-07,09:50:00,0.78,0.78,0.78,0.78,2000,0
2016-04-07,09:55:00,0.78,0.78,0.77,0.78,14000,0
2016-04-07,10:00:00,0.78,0.78,0.77,0.78,160000,0
2016-04-08,03:35:00,0.78,0.78,0.76,0.78,54000,0
2016-04-08,03:40:00,0.78,0.78,0.76,0.77,154000,0
2016-04-08,03:45:00,0.77,0.77,0.76,0.77,1306000,0
2016-04-08,03:50:00,0.77,0.77,0.77,0.77,4000,0
2016-04-08,03:55:00,0.77,0.77,0.76,0.76,38000,0
2016-04-08,04:00:00,0.76,0.77,0.76,0.77,24000,0
2016-04-08,04:20:00,0.77,0.77,0.76,0.76,6000,0
2016-04-08,04:25:00,0.76,0.76,0.76,0.76,2000,0
2016-04-08,04:35:00,0.75,0.76,0.75,0.76,64000,0
2016-04-08,04:40:00,0.76,0.77,0.76,0.77,212000,0
2016-04-08,04:45:00,0.77,0.77,0.76,0.77,18000,0
2016-04-08,04:50:00,0.77,0.77,0.76,0.76,308000,0
2016-04-08,04:55:00,0.76,0.77,0.76,0.77,184000,0
2016-04-08,05:00:00,0.77,0.77,0.76,0.77,262000,0
2016-04-08,05:05:00,0.77,0.77,0.76,0.76,22000,0
2016-04-08,05:10:00,0.76,0.77,0.76,0.76,16000,0
2016-04-08,05:15:00,0.76,0.77,0.76,0.77,312000,0
2016-04-08,05:20:00,0.77,0.77,0.76,0.77,520000,0
2016-04-08,05:25:00,0.77,0.77,0.76,0.77,36000,0
2016-04-08,05:30:00,0.77,0.77,0.77,0.77,20000,0
2016-04-08,05:35:00,0.77,0.77,0.77,0.77,20000,0
2016-04-08,05:40:00,0.77,0.77,0.76,0.76,38000,0
2016-04-08,05:45:00,0.76,0.77,0.76,0.77,12000,0
2016-04-08,05:50:00,0.77,0.77,0.76,0.76,10000,0
2016-04-08,05:55:00,0.76,0.77,0.76,0.77,18000,0
2016-04-08,06:00:00,0.77,0.77,0.76,0.77,988000,0
2016-04-08,07:05:00,0.77,0.77,0.76,0.77,18000,0
2016-04-08,07:10:00,0.77,0.77,0.76,0.77,16000,0
2016-04-08,07:15:00,0.77,0.77,0.76,0.76,40000,0
2016-04-08,07:20:00,0.76,0.77,0.76,0.77,14000,0
2016-04-08,07:25:00,0.77,0.77,0.76,0.76,16000,0
2016-04-08,07:30:00,0.76,0.77,0.76,0.76,16000,0
2016-04-08,07:40:00,0.76,0.77,0.75,0.77,104000,0
2016-04-08,07:45:00,0.77,0.77,0.76,0.77,14000,0
2016-04-08,07:50:00,0.77,0.77,0.76,0.77,12000,0
2016-04-08,07:55:00,0.77,0.77,0.76,0.77,14000,0
2016-04-08,08:00:00,0.77,0.77,0.77,0.77,2000,0
2016-04-08,08:05:00,0.77,0.77,0.76,0.77,12000,0
2016-04-08,08:10:00,0.77,0.77,0.76,0.77,18000,0
2016-04-08,08:15:00,0.77,0.77,0.77,0.77,8000,0
2016-04-08,08:20:00,0.77,0.77,0.77,0.77,8000,0
2016-04-08,08:25:00,0.77,0.77,0.76,0.76,8000,0
2016-04-08,08:30:00,0.76,0.77,0.76,0.77,12000,0
2016-04-08,08:45:00,0.77,0.77,0.77,0.77,6000,0
2016-04-08,08:50:00,0.77,0.77,0.77,0.77,6000,0
2016-04-08,08:55:00,0.77,0.77,0.76,0.77,28000,0
2016-04-08,09:00:00,0.77,0.77,0.77,0.77,8000,0
2016-04-08,09:10:00,0.77,0.77,0.76,0.76,16000,0
2016-04-08,09:15:00,0.76,0.77,0.76,0.76,16000,0
2016-04-08,09:20:00,0.76,0.77,0.76,0.77,10000,0
2016-04-08,09:25:00,0.77,0.77,0.77,0.77,6000,0
2016-04-08,09:30:00,0.77,0.77,0.77,0.77,16000,0
2016-04-08,09:35:00,0.77,0.77,0.77,0.77,10000,0
2016-04-08,09:40:00,0.77,0.77,0.77,0.77,14000,0
2016-04-08,09:45:00,0.77,0.77,0.76,0.77,46000,0
2016-04-08,09:50:00,0.77,0.77,0.76,0.76,240000,0
2016-04-08,09:55:00,0.76,0.78,0.76,0.78,982000,0
2016-04-08,10:00:00,0.78,0.78,0.76,0.77,2832000,0
2016-04-11,03:35:00,0.77,0.78,0.77,0.77,54000,0
2016-04-11,03:40:00,0.77,0.78,0.77,0.78,4000,0
2016-04-11,03:50:00,0.78,0.78,0.77,0.77,12000,0
2016-04-11,04:00:00,0.77,0.77,0.77,0.77,2000,0
2016-04-11,04:10:00,0.77,0.77,0.77,0.77,2000,0
2016-04-11,04:25:00,0.77,0.77,0.77,0.77,8000,0
2016-04-11,04:45:00,0.77,0.77,0.76,0.77,698000,0
2016-04-11,05:05:00,0.76,0.77,0.76,0.77,4000,0
2016-04-11,05:10:00,0.76,0.77,0.76,0.77,4000,0
2016-04-11,05:15:00,0.77,0.77,0.76,0.77,62000,0
2016-04-11,05:20:00,0.77,0.77,0.76,0.77,116000,0
2016-04-11,05:25:00,0.76,0.77,0.76,0.77,4000,0
2016-04-11,05:40:00,0.77,0.77,0.76,0.77,12000,0
2016-04-11,05:45:00,0.77,0.77,0.77,0.77,6000,0
2016-04-11,05:50:00,0.77,0.77,0.77,0.77,4000,0
2016-04-11,05:55:00,0.77,0.77,0.77,0.77,12000,0
2016-04-11,06:00:00,0.76,0.77,0.76,0.77,80000,0
2016-04-11,07:05:00,0.76,0.77,0.76,0.77,4000,0
2016-04-11,07:10:00,0.77,0.77,0.76,0.77,200000,0
2016-04-11,07:15:00,0.76,0.77,0.76,0.77,154000,0
2016-04-11,07:35:00,0.77,0.77,0.76,0.77,20000,0
2016-04-11,07:40:00,0.77,0.77,0.77,0.77,2000,0
2016-04-11,07:45:00,0.77,0.77,0.77,0.77,6000,0
2016-04-11,07:50:00,0.77,0.77,0.77,0.77,10000,0
2016-04-11,07:55:00,0.77,0.77,0.77,0.77,8000,0
2016-04-11,08:00:00,0.77,0.77,0.76,0.77,22000,0
2016-04-11,08:10:00,0.77,0.77,0.77,0.77,6000,0
2016-04-11,08:15:00,0.77,0.77,0.77,0.77,12000,0
2016-04-11,08:25:00,0.77,0.77,0.77,0.77,6000,0
2016-04-11,08:30:00,0.77,0.77,0.77,0.77,12000,0
2016-04-11,08:35:00,0.77,0.77,0.77,0.77,8000,0
2016-04-11,08:40:00,0.76,0.77,0.76,0.77,16000,0
2016-04-11,08:50:00,0.77,0.77,0.77,0.77,4000,0
2016-04-11,08:55:00,0.77,0.77,0.77,0.77,8000,0
2016-04-11,09:00:00,0.76,0.77,0.76,0.77,14000,0
2016-04-11,09:05:00,0.77,0.77,0.77,0.77,18000,0
2016-04-11,09:10:00,0.76,0.77,0.76,0.77,6000,0
2016-04-11,09:15:00,0.77,0.77,0.77,0.77,10000,0
2016-04-11,09:20:00,0.77,0.77,0.77,0.77,12000,0
2016-04-11,09:25:00,0.77,0.77,0.76,0.77,12000,0
2016-04-11,09:30:00,0.77,0.77,0.77,0.77,12000,0
2016-04-11,09:35:00,0.76,0.77,0.76,0.77,10000,0
2016-04-11,09:40:00,0.77,0.77,0.77,0.77,16000,0
2016-04-11,09:45:00,0.77,0.77,0.77,0.77,2000,0
2016-04-11,09:50:00,0.76,0.77,0.76,0.77,26000,0
2016-04-11,09:55:00,0.77,0.77,0.76,0.77,18000,0
2016-04-11,10:00:00,0.77,0.77,0.76,0.77,846000,0
2016-04-12,03:35:00,0.77,0.77,0.76,0.76,76000,0
2016-04-12,03:40:00,0.76,0.77,0.76,0.77,4000,0
2016-04-12,03:50:00,0.77,0.77,0.77,0.77,2000,0
2016-04-12,03:55:00,0.77,0.77,0.76,0.77,346000,0
2016-04-12,04:15:00,0.77,0.77,0.76,0.76,4000,0
2016-04-12,04:20:00,0.76,0.77,0.76,0.77,4000,0
2016-04-12,04:25:00,0.77,0.77,0.76,0.77,158000,0
2016-04-12,04:35:00,0.77,0.77,0.77,0.77,2000,0
2016-04-12,05:35:00,0.77,0.77,0.76,0.77,8000,0
2016-04-12,05:45:00,0.77,0.77,0.76,0.76,30000,0
2016-04-12,05:50:00,0.76,0.77,0.76,0.77,4000,0
2016-04-12,05:55:00,0.77,0.77,0.76,0.77,28000,0
2016-04-12,06:00:00,0.77,0.77,0.77,0.77,2000,0
2016-04-12,07:05:00,0.77,0.77,0.76,0.77,20000,0
2016-04-12,07:10:00,0.75,0.77,0.75,0.77,720000,0
2016-04-12,07:20:00,0.77,0.77,0.76,0.76,20000,0
2016-04-12,07:45:00,0.76,0.76,0.76,0.76,20000,0
2016-04-12,07:55:00,0.76,0.76,0.76,0.76,80000,0
2016-04-12,08:00:00,0.75,0.76,0.75,0.76,34000,0
2016-04-12,08:45:00,0.75,0.76,0.75,0.76,108000,0
2016-04-12,08:50:00,0.76,0.76,0.76,0.76,6000,0
2016-04-12,08:55:00,0.76,0.76,0.76,0.76,2000,0
2016-04-12,09:10:00,0.76,0.76,0.76,0.76,2000,0
2016-04-12,09:25:00,0.76,0.76,0.76,0.76,2000,0
2016-04-12,09:35:00,0.75,0.76,0.75,0.76,24000,0
2016-04-12,09:40:00,0.75,0.76,0.75,0.76,4000,0
2016-04-12,09:45:00,0.75,0.76,0.75,0.76,340000,0
2016-04-12,09:50:00,0.76,0.76,0.76,0.76,112000,0
2016-04-12,09:55:00,0.76,0.77,0.75,0.77,900000,0
2016-04-12,10:00:00,0.77,0.77,0.76,0.77,406000,0
2016-04-13,03:35:00,0.77,0.77,0.77,0.77,2000,0
2016-04-13,03:40:00,0.77,0.77,0.76,0.76,208000,0
2016-04-13,03:50:00,0.76,0.76,0.76,0.76,22000,0
2016-04-13,03:55:00,0.76,0.76,0.76,0.76,2000,0
2016-04-13,04:00:00,0.76,0.76,0.76,0.76,80000,0
2016-04-13,04:05:00,0.76,0.76,0.76,0.76,22000,0
2016-04-13,04:20:00,0.76,0.77,0.75,0.77,40000,0
2016-04-13,04:45:00,0.77,0.77,0.76,0.76,74000,0
2016-04-13,05:10:00,0.76,0.76,0.75,0.76,230000,0
2016-04-13,05:15:00,0.76,0.76,0.76,0.76,4000,0
2016-04-13,05:20:00,0.75,0.76,0.75,0.76,4000,0
2016-04-13,05:25:00,0.75,0.76,0.75,0.76,6000,0
2016-04-13,05:30:00,0.75,0.76,0.75,0.76,4000,0
2016-04-13,05:45:00,0.75,0.76,0.75,0.76,4000,0
2016-04-13,05:50:00,0.76,0.76,0.76,0.76,4000,0
2016-04-13,05:55:00,0.75,0.76,0.75,0.76,14000,0
2016-04-13,06:00:00,0.76,0.76,0.76,0.76,2000,0
2016-04-13,07:05:00,0.76,0.76,0.76,0.76,28000,0
2016-04-13,07:15:00,0.75,0.76,0.75,0.76,4000,0
2016-04-13,07:25:00,0.75,0.76,0.75,0.76,4000,0
2016-04-13,07:40:00,0.75,0.76,0.75,0.76,8000,0
2016-04-13,07:45:00,0.75,0.76,0.75,0.76,4000,0
2016-04-13,07:55:00,0.75,0.76,0.75,0.76,74000,0
2016-04-13,08:25:00,0.76,0.76,0.76,0.76,4000,0
2016-04-13,08:40:00,0.76,0.76,0.75,0.76,18000,0
2016-04-13,08:45:00,0.76,0.76,0.75,0.76,100000,0
2016-04-13,08:50:00,0.76,0.76,0.75,0.76,1016000,0
2016-04-13,08:55:00,0.76,0.76,0.75,0.76,102000,0
2016-04-13,09:00:00,0.76,0.76,0.76,0.76,2000,0
2016-04-13,09:05:00,0.76,0.76,0.75,0.76,150000,0
2016-04-13,09:25:00,0.76,0.76,0.76,0.76,4000,0
2016-04-13,09:30:00,0.75,0.76,0.75,0.76,58000,0
2016-04-13,09:40:00,0.76,0.76,0.75,0.76,10000,0
2016-04-13,09:50:00,0.76,0.76,0.75,0.76,124000,0
2016-04-13,09:55:00,0.76,0.76,0.75,0.76,84000,0
2016-04-13,10:00:00,0.76,0.77,0.76,0.77,2010000,0
