Date,Time,Open,High,Low,Close,Volume,OpenInt
2016-02-17,02:40:00,0.188,0.188,0.174,0.185,60000,0
2016-02-17,03:15:00,0.18,0.18,0.176,0.176,40000,0
2016-02-17,03:20:00,0.177,0.177,0.175,0.175,155000,0
2016-02-17,03:25:00,0.175,0.178,0.175,0.178,160000,0
2016-02-17,03:35:00,0.178,0.178,0.178,0.178,20000,0
2016-02-17,04:10:00,0.178,0.178,0.175,0.175,190000,0
2016-02-17,04:15:00,0.175,0.175,0.175,0.175,120000,0
2016-02-17,04:25:00,0.175,0.175,0.175,0.175,20000,0
2016-02-17,04:30:00,0.175,0.175,0.171,0.171,220000,0
2016-02-17,04:45:00,0.165,0.17,0.165,0.17,404000,0
2016-02-17,04:50:00,0.17,0.17,0.17,0.17,20000,0
2016-02-17,06:05:00,0.17,0.171,0.17,0.171,39000,0
2016-02-17,06:25:00,0.171,0.171,0.168,0.168,514000,0
2016-02-17,06:35:00,0.167,0.171,0.167,0.167,133000,0
2016-02-17,06:40:00,0.168,0.168,0.168,0.168,50000,0
2016-02-17,07:20:00,0.169,0.17,0.169,0.17,40000,0
2016-02-17,07:25:00,0.17,0.17,0.17,0.17,10000,0
2016-02-17,07:30:00,0.17,0.17,0.17,0.17,118000,0
2016-02-17,07:35:00,0.17,0.17,0.17,0.17,142000,0
2016-02-17,08:00:00,0.17,0.17,0.17,0.17,57000,0
2016-02-17,08:05:00,0.17,0.171,0.17,0.171,109000,0
2016-02-17,08:20:00,0.171,0.172,0.171,0.172,200000,0
2016-02-17,08:25:00,0.172,0.172,0.17,0.17,460000,0
2016-02-17,08:30:00,0.17,0.17,0.168,0.168,740000,0
2016-02-17,08:40:00,0.168,0.171,0.168,0.171,50000,0
2016-02-17,09:00:00,0.171,0.171,0.171,0.171,56000,0
2016-02-18,02:35:00,0.176,0.177,0.174,0.177,42000,0
2016-02-18,02:40:00,0.177,0.177,0.176,0.176,237000,0
2016-02-18,02:45:00,0.176,0.18,0.176,0.18,375000,0
2016-02-18,02:50:00,0.18,0.18,0.176,0.176,49000,0
2016-02-18,02:55:00,0.176,0.176,0.176,0.176,38000,0
2016-02-18,03:05:00,0.176,0.176,0.176,0.176,74000,0
2016-02-18,03:10:00,0.176,0.176,0.176,0.176,50000,0
2016-02-18,03:15:00,0.176,0.176,0.176,0.176,29000,0
2016-02-18,03:20:00,0.176,0.176,0.174,0.174,120000,0
2016-02-18,03:25:00,0.174,0.174,0.174,0.174,140000,0
2016-02-18,03:40:00,0.174,0.174,0.174,0.174,10000,0
2016-02-18,04:00:00,0.175,0.175,0.175,0.175,71000,0
2016-02-18,04:05:00,0.175,0.175,0.175,0.175,79000,0
2016-02-18,05:00:00,0.175,0.175,0.175,0.175,30000,0
2016-02-18,06:05:00,0.175,0.175,0.175,0.175,20000,0
2016-02-18,06:20:00,0.175,0.175,0.174,0.174,680000,0
2016-02-18,06:35:00,0.174,0.174,0.174,0.174,10000,0
2016-02-18,06:45:00,0.174,0.175,0.174,0.175,250000,0
2016-02-18,06:55:00,0.175,0.178,0.175,0.178,38000,0
2016-02-18,07:20:00,0.178,0.178,0.178,0.178,20000,0
2016-02-18,07:30:00,0.177,0.177,0.177,0.177,100000,0
2016-02-18,07:55:00,0.177,0.177,0.174,0.174,40000,0
2016-02-18,08:15:00,0.174,0.175,0.174,0.175,16000,0
2016-02-18,08:25:00,0.175,0.175,0.175,0.175,50000,0
2016-02-18,08:50:00,0.175,0.175,0.173,0.173,591000,0
2016-02-18,08:55:00,0.173,0.173,0.171,0.171,150000,0
2016-02-19,03:40:00,0.166,0.171,0.166,0.169,176000,0
2016-02-19,03:45:00,0.169,0.169,0.168,0.168,108000,0
2016-02-19,03:55:00,0.169,0.169,0.168,0.169,15000,0
2016-02-19,06:05:00,0.17,0.17,0.169,0.169,106000,0
2016-02-19,07:05:00,0.166,0.167,0.166,0.167,2000,0
2016-02-19,07:10:00,0.167,0.17,0.167,0.168,69000,0
2016-02-19,07:15:00,0.169,0.169,0.167,0.167,2000,0
2016-02-19,07:20:00,0.167,0.167,0.167,0.167,1000,0
2016-02-19,07:25:00,0.168,0.168,0.168,0.168,1000,0
2016-02-19,07:30:00,0.168,0.168,0.168,0.168,1000,0
2016-02-19,07:35:00,0.168,0.17,0.168,0.17,40000,0
2016-02-19,07:40:00,0.17,0.17,0.168,0.17,62000,0
2016-02-19,07:45:00,0.17,0.17,0.168,0.168,122000,0
2016-02-19,07:50:00,0.168,0.168,0.167,0.167,2000,0
2016-02-19,07:55:00,0.167,0.167,0.167,0.167,2000,0
2016-02-19,08:00:00,0.167,0.167,0.167,0.167,1000,0
2016-02-19,08:05:00,0.167,0.17,0.167,0.17,201000,0
2016-02-19,08:10:00,0.17,0.17,0.167,0.167,2000,0
2016-02-19,08:15:00,0.167,0.167,0.167,0.167,1000,0
2016-02-19,08:20:00,0.167,0.167,0.167,0.167,1000,0
2016-02-19,08:25:00,0.167,0.167,0.167,0.167,2000,0
2016-02-19,08:30:00,0.167,0.167,0.167,0.167,2000,0
2016-02-19,08:35:00,0.167,0.167,0.167,0.167,2000,0
2016-02-19,08:40:00,0.167,0.167,0.167,0.167,1000,0
2016-02-19,08:45:00,0.167,0.167,0.167,0.167,1000,0
2016-02-19,08:50:00,0.167,0.17,0.167,0.169,74000,0
2016-02-19,08:55:00,0.17,0.17,0.167,0.167,3000,0
2016-02-19,09:00:00,0.167,0.167,0.166,0.167,34000,0
2016-02-22,03:15:00,0.167,0.167,0.166,0.166,400000,0
2016-02-22,03:30:00,0.166,0.166,0.165,0.165,80000,0
2016-02-22,03:50:00,0.166,0.166,0.166,0.166,20000,0
2016-02-22,04:10:00,0.167,0.167,0.167,0.167,115000,0
2016-02-22,06:05:00,0.167,0.167,0.167,0.167,21000,0
2016-02-22,06:25:00,0.167,0.167,0.167,0.167,25000,0
2016-02-22,06:40:00,0.167,0.168,0.166,0.168,219000,0
2016-02-22,06:55:00,0.168,0.168,0.168,0.168,9000,0
2016-02-22,07:00:00,0.168,0.169,0.168,0.169,100000,0
2016-02-22,07:05:00,0.169,0.169,0.168,0.168,202000,0
2016-02-22,07:15:00,0.168,0.168,0.165,0.165,263000,0
2016-02-22,07:20:00,0.165,0.165,0.165,0.165,227000,0
2016-02-22,08:25:00,0.165,0.165,0.163,0.163,171000,0
2016-02-22,08:45:00,0.163,0.167,0.163,0.166,157000,0
2016-02-22,08:50:00,0.166,0.166,0.163,0.163,78000,0
2016-02-23,03:45:00,0.162,0.163,0.162,0.163,180000,0
2016-02-23,03:55:00,0.163,0.163,0.163,0.163,50000,0
2016-02-23,04:00:00,0.163,0.163,0.163,0.163,50000,0
2016-02-23,04:30:00,0.163,0.163,0.163,0.163,90000,0
2016-02-23,06:35:00,0.163,0.165,0.163,0.165,350000,0
2016-02-23,06:40:00,0.165,0.168,0.165,0.168,350000,0
2016-02-23,06:45:00,0.168,0.168,0.168,0.168,50000,0
2016-02-23,06:50:00,0.168,0.168,0.165,0.166,398000,0
2016-02-23,06:55:00,0.166,0.17,0.166,0.17,400000,0
2016-02-23,07:05:00,0.17,0.17,0.17,0.17,100000,0
2016-02-23,07:10:00,0.17,0.17,0.169,0.17,1100000,0
2016-02-23,07:15:00,0.17,0.17,0.17,0.17,100000,0
2016-02-23,07:50:00,0.17,0.17,0.17,0.17,11000,0
2016-02-23,08:00:00,0.17,0.176,0.17,0.174,64000,0
2016-02-23,08:05:00,0.174,0.179,0.174,0.177,1565000,0
2016-02-23,08:10:00,0.177,0.177,0.177,0.177,37000,0
2016-02-23,08:15:00,0.177,0.18,0.177,0.177,1133000,0
2016-02-23,08:20:00,0.177,0.181,0.177,0.181,496000,0
2016-02-23,08:25:00,0.181,0.181,0.178,0.178,11000,0
2016-02-23,08:30:00,0.178,0.178,0.174,0.177,1685000,0
2016-02-23,08:35:00,0.175,0.177,0.175,0.175,634000,0
2016-02-23,08:40:00,0.175,0.175,0.175,0.175,30000,0
2016-02-23,08:45:00,0.175,0.177,0.173,0.177,369000,0
2016-02-23,08:50:00,0.177,0.178,0.177,0.178,158000,0
2016-02-23,08:55:00,0.178,0.179,0.178,0.179,837000,0
2016-02-24,02:50:00,0.176,0.178,0.176,0.176,2000,0
2016-02-24,02:55:00,0.176,0.176,0.176,0.176,12000,0
2016-02-24,03:05:00,0.176,0.176,0.175,0.176,270000,0
2016-02-24,03:25:00,0.176,0.176,0.176,0.176,20000,0
2016-02-24,04:10:00,0.175,0.175,0.17,0.17,200000,0
2016-02-24,04:25:00,0.17,0.17,0.17,0.17,150000,0
2016-02-24,05:00:00,0.171,0.171,0.17,0.17,200000,0
2016-02-24,06:30:00,0.17,0.17,0.17,0.17,16000,0
2016-02-24,06:35:00,0.17,0.17,0.17,0.17,100000,0
2016-02-24,06:55:00,0.171,0.171,0.171,0.171,160000,0
2016-02-24,07:00:00,0.171,0.171,0.17,0.17,207000,0
2016-02-24,08:10:00,0.17,0.174,0.17,0.174,899000,0
2016-02-24,08:20:00,0.174,0.174,0.174,0.174,200000,0
2016-02-24,08:30:00,0.174,0.175,0.173,0.173,400000,0
2016-02-24,08:55:00,0.173,0.175,0.173,0.175,60000,0
2016-02-24,09:00:00,0.175,0.176,0.173,0.176,835000,0
2016-02-25,03:25:00,0.165,0.175,0.165,0.175,4000,0
2016-02-25,03:50:00,0.175,0.175,0.168,0.168,200000,0
2016-02-25,04:30:00,0.168,0.168,0.168,0.168,100000,0
2016-02-25,04:50:00,0.168,0.168,0.166,0.166,24000,0
2016-02-25,07:20:00,0.171,0.171,0.17,0.17,170000,0
2016-02-25,07:55:00,0.17,0.17,0.17,0.17,300000,0
2016-02-25,08:30:00,0.17,0.17,0.17,0.17,22000,0
2016-02-25,08:50:00,0.17,0.17,0.17,0.17,99000,0
2016-02-25,08:55:00,0.17,0.172,0.17,0.172,18000,0
2016-02-26,03:10:00,0.17,0.172,0.17,0.17,60000,0
2016-02-26,03:20:00,0.17,0.17,0.17,0.17,15000,0
2016-02-26,04:15:00,0.17,0.17,0.17,0.17,26000,0
2016-02-26,08:00:00,0.17,0.17,0.17,0.17,32000,0
2016-02-26,08:45:00,0.17,0.17,0.17,0.17,1000,0
2016-02-26,08:55:00,0.17,0.17,0.17,0.17,33000,0
2016-02-26,09:00:00,0.17,0.174,0.17,0.174,807000,0
2016-02-29,02:35:00,0.16,0.161,0.16,0.161,10000,0
2016-02-29,02:55:00,0.164,0.164,0.164,0.164,150000,0
2016-02-29,03:25:00,0.166,0.168,0.166,0.168,33000,0
2016-02-29,04:50:00,0.168,0.17,0.168,0.17,60000,0
2016-02-29,05:00:00,0.17,0.17,0.17,0.17,10000,0
2016-02-29,07:45:00,0.168,0.169,0.168,0.169,299000,0
2016-02-29,08:25:00,0.169,0.169,0.169,0.169,64000,0
2016-02-29,08:45:00,0.169,0.17,0.169,0.17,100000,0
2016-02-29,08:50:00,0.17,0.17,0.17,0.17,450000,0
2016-02-29,09:00:00,0.17,0.17,0.169,0.169,10000,0
2016-03-01,03:55:00,0.169,0.169,0.169,0.169,70000,0
2016-03-01,06:35:00,0.161,0.165,0.161,0.165,300000,0
2016-03-01,07:00:00,0.165,0.165,0.165,0.165,2000,0
2016-03-01,07:40:00,0.165,0.165,0.165,0.165,48000,0
2016-03-02,02:40:00,0.175,0.175,0.17,0.175,200000,0
2016-03-02,02:50:00,0.175,0.176,0.175,0.176,60000,0
2016-03-02,03:00:00,0.175,0.175,0.175,0.175,40000,0
2016-03-02,03:10:00,0.173,0.174,0.171,0.173,412000,0
2016-03-02,03:15:00,0.173,0.173,0.173,0.173,16000,0
2016-03-02,03:35:00,0.173,0.173,0.173,0.173,5000,0
2016-03-02,03:50:00,0.173,0.175,0.173,0.175,471000,0
2016-03-02,04:05:00,0.175,0.175,0.171,0.171,8000,0
2016-03-02,04:10:00,0.171,0.171,0.17,0.17,129000,0
2016-03-02,04:15:00,0.17,0.175,0.17,0.175,971000,0
2016-03-02,04:25:00,0.175,0.175,0.175,0.175,600000,0
2016-03-02,04:35:00,0.174,0.175,0.174,0.175,1064000,0
2016-03-02,04:40:00,0.175,0.175,0.17,0.17,2000,0
2016-03-02,06:20:00,0.17,0.175,0.17,0.175,335000,0
2016-03-02,06:30:00,0.175,0.175,0.175,0.175,28000,0
2016-03-02,06:45:00,0.175,0.175,0.171,0.172,142000,0
2016-03-02,06:50:00,0.173,0.182,0.173,0.18,862000,0
2016-03-02,06:55:00,0.18,0.193,0.18,0.188,4747000,0
2016-03-02,07:00:00,0.188,0.19,0.186,0.186,404000,0
2016-03-02,07:10:00,0.186,0.186,0.185,0.185,109000,0
2016-03-02,07:15:00,0.185,0.185,0.183,0.183,121000,0
2016-03-02,07:20:00,0.183,0.183,0.183,0.183,87000,0
2016-03-02,07:25:00,0.183,0.185,0.183,0.185,43000,0
2016-03-02,07:30:00,0.185,0.185,0.181,0.181,612000,0
2016-03-02,07:35:00,0.181,0.181,0.181,0.181,5000,0
2016-03-02,07:40:00,0.181,0.181,0.181,0.181,21000,0
2016-03-02,07:50:00,0.181,0.184,0.181,0.184,40000,0
2016-03-02,08:15:00,0.183,0.183,0.177,0.177,1031000,0
2016-03-02,08:25:00,0.18,0.184,0.18,0.184,277000,0
2016-03-02,08:40:00,0.183,0.183,0.176,0.183,98000,0
2016-03-02,08:50:00,0.183,0.183,0.178,0.179,398000,0
2016-03-02,08:55:00,0.179,0.179,0.176,0.177,163000,0
2016-03-02,09:00:00,0.177,0.183,0.177,0.183,2000,0
2016-03-03,02:35:00,0.186,0.186,0.183,0.183,2000,0
2016-03-03,02:45:00,0.183,0.184,0.183,0.184,12000,0
2016-03-03,03:00:00,0.184,0.189,0.184,0.189,200000,0
2016-03-03,03:05:00,0.189,0.192,0.182,0.183,24000,0
2016-03-03,03:10:00,0.183,0.186,0.183,0.185,246000,0
2016-03-03,03:25:00,0.185,0.185,0.185,0.185,23000,0
2016-03-03,03:55:00,0.185,0.185,0.18,0.18,141000,0
2016-03-03,04:15:00,0.18,0.18,0.177,0.177,92000,0
2016-03-03,04:25:00,0.177,0.177,0.175,0.175,210000,0
2016-03-03,04:35:00,0.175,0.179,0.175,0.179,2000,0
2016-03-03,04:40:00,0.179,0.18,0.175,0.175,320000,0
2016-03-03,06:05:00,0.175,0.175,0.173,0.175,3000,0
2016-03-03,06:30:00,0.177,0.177,0.175,0.175,28000,0
2016-03-03,07:05:00,0.175,0.175,0.175,0.175,29000,0
2016-03-03,07:10:00,0.175,0.175,0.175,0.175,34000,0
2016-03-03,07:25:00,0.175,0.175,0.175,0.175,111000,0
2016-03-03,08:40:00,0.173,0.173,0.172,0.172,30000,0
2016-03-03,09:00:00,0.173,0.18,0.173,0.18,5000,0
2016-03-04,02:40:00,0.184,0.184,0.18,0.183,4000,0
2016-03-04,03:55:00,0.182,0.183,0.182,0.183,224000,0
2016-03-04,04:00:00,0.183,0.185,0.183,0.184,622000,0
2016-03-04,04:05:00,0.184,0.184,0.184,0.184,200000,0
2016-03-04,04:15:00,0.184,0.184,0.184,0.184,93000,0
2016-03-04,04:20:00,0.184,0.184,0.176,0.176,148000,0
2016-03-04,04:25:00,0.178,0.178,0.178,0.178,102000,0
2016-03-04,04:45:00,0.179,0.182,0.175,0.182,364000,0
2016-03-04,04:50:00,0.177,0.177,0.177,0.177,17000,0
2016-03-04,04:55:00,0.177,0.177,0.175,0.175,228000,0
2016-03-04,06:05:00,0.173,0.175,0.173,0.175,52000,0
2016-03-04,06:10:00,0.175,0.176,0.175,0.176,38000,0
2016-03-04,06:15:00,0.176,0.176,0.176,0.176,5000,0
2016-03-04,06:20:00,0.176,0.176,0.176,0.176,5000,0
2016-03-04,06:25:00,0.176,0.176,0.176,0.176,2000,0
2016-03-04,06:30:00,0.176,0.176,0.176,0.176,1000,0
2016-03-04,06:35:00,0.176,0.176,0.176,0.176,19000,0
2016-03-04,06:40:00,0.176,0.176,0.176,0.176,2000,0
2016-03-04,06:45:00,0.176,0.176,0.176,0.176,2000,0
2016-03-04,06:50:00,0.176,0.176,0.176,0.176,205000,0
2016-03-04,06:55:00,0.176,0.176,0.176,0.176,4000,0
2016-03-04,07:00:00,0.176,0.177,0.176,0.176,20000,0
2016-03-04,07:05:00,0.176,0.176,0.176,0.176,5000,0
2016-03-04,07:10:00,0.176,0.176,0.176,0.176,3000,0
2016-03-04,07:15:00,0.176,0.176,0.176,0.176,2000,0
2016-03-04,07:20:00,0.176,0.178,0.176,0.178,27000,0
2016-03-04,07:25:00,0.178,0.178,0.177,0.177,2000,0
2016-03-04,07:30:00,0.177,0.177,0.177,0.177,14000,0
2016-03-04,07:35:00,0.177,0.177,0.177,0.177,1000,0
2016-03-04,07:40:00,0.177,0.177,0.177,0.177,3000,0
2016-03-04,07:45:00,0.177,0.18,0.177,0.18,34000,0
2016-03-04,07:50:00,0.18,0.185,0.18,0.18,283000,0
2016-03-04,07:55:00,0.18,0.18,0.18,0.18,7000,0
2016-03-04,08:00:00,0.18,0.182,0.18,0.182,38000,0
2016-03-04,08:05:00,0.182,0.183,0.18,0.18,16000,0
2016-03-04,08:10:00,0.18,0.18,0.18,0.18,7000,0
2016-03-04,08:15:00,0.18,0.181,0.18,0.181,18000,0
2016-03-04,08:20:00,0.181,0.181,0.181,0.181,58000,0
2016-03-04,08:25:00,0.181,0.181,0.181,0.181,8000,0
2016-03-04,08:30:00,0.181,0.181,0.181,0.181,20000,0
2016-03-04,08:35:00,0.181,0.181,0.179,0.179,76000,0
2016-03-04,08:40:00,0.179,0.18,0.177,0.177,260000,0
2016-03-04,08:45:00,0.177,0.177,0.177,0.177,56000,0
2016-03-04,08:55:00,0.177,0.177,0.177,0.177,133000,0
2016-03-07,02:40:00,0.18,0.184,0.18,0.184,49000,0
2016-03-07,02:45:00,0.184,0.19,0.184,0.19,860000,0
2016-03-07,02:50:00,0.19,0.199,0.19,0.199,3515000,0
2016-03-07,02:55:00,0.199,0.199,0.192,0.196,435000,0
2016-03-07,03:00:00,0.196,0.196,0.19,0.19,535000,0
2016-03-07,03:05:00,0.19,0.19,0.188,0.189,181000,0
2016-03-07,03:10:00,0.189,0.191,0.189,0.191,50000,0
2016-03-07,03:15:00,0.191,0.193,0.191,0.193,123000,0
2016-03-07,03:20:00,0.193,0.193,0.19,0.192,321000,0
2016-03-07,03:25:00,0.191,0.192,0.19,0.192,54000,0
2016-03-07,03:30:00,0.191,0.196,0.191,0.196,207000,0
2016-03-07,03:35:00,0.196,0.205,0.196,0.204,543000,0
2016-03-07,03:40:00,0.203,0.203,0.195,0.195,750000,0
2016-03-07,03:45:00,0.195,0.196,0.195,0.195,204000,0
2016-03-07,03:50:00,0.195,0.195,0.192,0.192,223000,0
2016-03-07,03:55:00,0.192,0.192,0.189,0.192,576000,0
2016-03-07,04:00:00,0.192,0.199,0.192,0.199,372000,0
2016-03-07,04:05:00,0.197,0.197,0.191,0.193,362000,0
2016-03-07,04:15:00,0.192,0.193,0.191,0.193,116000,0
2016-03-07,04:20:00,0.193,0.193,0.188,0.188,508000,0
2016-03-07,04:25:00,0.188,0.19,0.188,0.19,75000,0
2016-03-07,04:30:00,0.19,0.191,0.19,0.19,123000,0
2016-03-07,04:35:00,0.19,0.193,0.19,0.193,71000,0
2016-03-07,04:40:00,0.193,0.193,0.191,0.193,608000,0
2016-03-07,04:45:00,0.193,0.195,0.193,0.195,108000,0
2016-03-07,04:50:00,0.195,0.2,0.195,0.198,1939000,0
2016-03-07,04:55:00,0.198,0.198,0.196,0.196,560000,0
2016-03-07,05:00:00,0.196,0.196,0.196,0.196,20000,0
2016-03-07,06:05:00,0.196,0.196,0.192,0.192,80000,0
2016-03-07,06:10:00,0.193,0.193,0.193,0.193,23000,0
2016-03-07,06:15:00,0.194,0.195,0.194,0.195,91000,0
2016-03-07,06:20:00,0.195,0.195,0.195,0.195,34000,0
2016-03-07,06:25:00,0.195,0.195,0.195,0.195,18000,0
2016-03-07,06:30:00,0.195,0.197,0.195,0.195,639000,0
2016-03-07,06:35:00,0.195,0.195,0.195,0.195,44000,0
2016-03-07,06:40:00,0.195,0.195,0.194,0.195,227000,0
2016-03-07,06:45:00,0.195,0.195,0.193,0.193,46000,0
2016-03-07,06:50:00,0.193,0.193,0.192,0.192,22000,0
2016-03-07,06:55:00,0.192,0.193,0.191,0.192,124000,0
2016-03-07,07:00:00,0.192,0.192,0.189,0.189,201000,0
2016-03-07,07:05:00,0.189,0.19,0.189,0.19,118000,0
2016-03-07,07:10:00,0.19,0.19,0.19,0.19,33000,0
2016-03-07,07:15:00,0.19,0.192,0.19,0.192,100000,0
2016-03-07,07:20:00,0.192,0.192,0.191,0.191,60000,0
2016-03-07,07:25:00,0.191,0.191,0.19,0.191,320000,0
2016-03-07,07:30:00,0.191,0.191,0.191,0.191,98000,0
2016-03-07,07:35:00,0.191,0.191,0.191,0.191,21000,0
2016-03-07,07:40:00,0.191,0.193,0.191,0.193,187000,0
2016-03-07,07:45:00,0.193,0.198,0.193,0.198,724000,0
2016-03-07,07:50:00,0.198,0.205,0.198,0.204,1945000,0
2016-03-07,07:55:00,0.204,0.209,0.202,0.208,3240000,0
2016-03-07,08:00:00,0.208,0.214,0.205,0.208,8095000,0
2016-03-07,08:05:00,0.208,0.213,0.204,0.213,2080000,0
2016-03-07,08:10:00,0.213,0.23,0.213,0.227,6387000,0
2016-03-07,08:15:00,0.227,0.242,0.227,0.238,7619000,0
2016-03-07,08:20:00,0.238,0.26,0.233,0.255,12656000,0
2016-03-07,08:25:00,0.255,0.255,0.245,0.249,8278000,0
2016-03-07,08:30:00,0.249,0.275,0.245,0.275,5683000,0
2016-03-07,08:35:00,0.275,0.295,0.265,0.285,9072000,0
2016-03-07,08:40:00,0.285,0.325,0.285,0.31,11225000,0
2016-03-07,08:45:00,0.31,0.315,0.285,0.3,5301000,0
2016-03-07,08:50:00,0.3,0.31,0.275,0.28,6313000,0
2016-03-07,08:55:00,0.28,0.295,0.275,0.295,3808000,0
2016-03-07,09:00:00,0.295,0.3,0.29,0.295,3129000,0
2016-03-08,02:35:00,0.3,0.32,0.295,0.295,5102000,0
2016-03-08,02:40:00,0.295,0.295,0.275,0.275,2032000,0
2016-03-08,02:45:00,0.275,0.295,0.275,0.29,723000,0
2016-03-08,02:50:00,0.29,0.29,0.275,0.275,1003000,0
2016-03-08,02:55:00,0.275,0.295,0.275,0.295,1487000,0
2016-03-08,03:00:00,0.295,0.32,0.285,0.31,5116000,0
2016-03-08,03:05:00,0.31,0.315,0.3,0.3,3658000,0
2016-03-08,03:10:00,0.3,0.31,0.295,0.295,401000,0
2016-03-08,03:15:00,0.295,0.3,0.29,0.3,2306000,0
2016-03-08,03:20:00,0.3,0.305,0.295,0.295,250000,0
2016-03-08,03:25:00,0.295,0.305,0.295,0.3,142000,0
2016-03-08,03:30:00,0.3,0.305,0.3,0.305,1301000,0
2016-03-08,03:35:00,0.305,0.305,0.3,0.3,506000,0
2016-03-08,03:40:00,0.3,0.3,0.29,0.295,1056000,0
2016-03-08,03:45:00,0.295,0.3,0.295,0.3,597000,0
2016-03-08,03:55:00,0.3,0.3,0.3,0.3,325000,0
2016-03-08,04:00:00,0.3,0.3,0.3,0.3,100000,0
2016-03-08,04:05:00,0.3,0.3,0.3,0.3,100000,0
2016-03-08,04:10:00,0.3,0.3,0.295,0.295,73000,0
2016-03-08,04:15:00,0.295,0.295,0.295,0.295,57000,0
2016-03-08,04:20:00,0.295,0.295,0.29,0.295,58000,0
2016-03-08,04:25:00,0.295,0.295,0.29,0.29,590000,0
2016-03-08,04:30:00,0.29,0.295,0.285,0.285,506000,0
2016-03-08,04:35:00,0.285,0.285,0.285,0.285,148000,0
2016-03-08,04:40:00,0.285,0.285,0.285,0.285,180000,0
2016-03-08,04:45:00,0.285,0.285,0.28,0.28,410000,0
2016-03-08,04:50:00,0.28,0.28,0.27,0.275,2393000,0
2016-03-08,04:55:00,0.275,0.275,0.27,0.275,347000,0
2016-03-08,05:00:00,0.275,0.275,0.275,0.275,111000,0
2016-03-08,06:05:00,0.275,0.275,0.27,0.275,59000,0
2016-03-08,06:10:00,0.275,0.275,0.27,0.27,162000,0
2016-03-08,06:25:00,0.27,0.28,0.27,0.28,322000,0
2016-03-08,06:35:00,0.275,0.275,0.275,0.275,40000,0
2016-03-08,06:40:00,0.275,0.275,0.27,0.27,344000,0
2016-03-08,06:45:00,0.27,0.275,0.27,0.27,153000,0
2016-03-08,06:50:00,0.27,0.27,0.26,0.26,842000,0
2016-03-08,06:55:00,0.26,0.26,0.255,0.26,1120000,0
2016-03-08,07:00:00,0.26,0.26,0.26,0.26,564000,0
2016-03-08,07:05:00,0.26,0.26,0.255,0.255,1455000,0
2016-03-08,07:10:00,0.255,0.255,0.255,0.255,315000,0
2016-03-08,07:15:00,0.255,0.265,0.255,0.265,617000,0
2016-03-08,07:20:00,0.265,0.265,0.265,0.265,100000,0
2016-03-08,07:25:00,0.265,0.27,0.265,0.27,155000,0
2016-03-08,07:30:00,0.27,0.27,0.27,0.27,250000,0
2016-03-08,07:35:00,0.27,0.27,0.26,0.26,428000,0
2016-03-08,07:40:00,0.26,0.26,0.26,0.26,446000,0
2016-03-08,07:50:00,0.26,0.26,0.255,0.26,406000,0
2016-03-08,07:55:00,0.26,0.265,0.26,0.26,98000,0
2016-03-08,08:00:00,0.26,0.26,0.26,0.26,14000,0
2016-03-08,08:05:00,0.26,0.265,0.26,0.265,191000,0
2016-03-08,08:10:00,0.265,0.265,0.265,0.265,226000,0
2016-03-08,08:15:00,0.265,0.265,0.265,0.265,100000,0
2016-03-08,08:20:00,0.265,0.265,0.265,0.265,83000,0
2016-03-08,08:25:00,0.265,0.265,0.265,0.265,17000,0
2016-03-08,08:30:00,0.265,0.265,0.265,0.265,20000,0
2016-03-08,08:35:00,0.265,0.265,0.26,0.26,706000,0
2016-03-08,08:40:00,0.26,0.26,0.255,0.26,520000,0
2016-03-08,08:45:00,0.26,0.26,0.25,0.255,990000,0
2016-03-08,08:50:00,0.25,0.255,0.25,0.255,109000,0
2016-03-08,08:55:00,0.255,0.255,0.25,0.255,631000,0
2016-03-08,09:00:00,0.255,0.26,0.255,0.26,455000,0
2016-03-09,02:35:00,0.25,0.26,0.25,0.25,1650000,0
2016-03-09,02:40:00,0.25,0.265,0.245,0.265,3639000,0
2016-03-09,02:45:00,0.265,0.265,0.255,0.26,690000,0
2016-03-09,02:50:00,0.26,0.26,0.25,0.25,1092000,0
2016-03-09,02:55:00,0.25,0.25,0.25,0.25,321000,0
2016-03-09,03:00:00,0.25,0.255,0.25,0.25,254000,0
2016-03-09,03:05:00,0.25,0.25,0.248,0.248,412000,0
2016-03-09,03:10:00,0.248,0.249,0.245,0.245,1218000,0
2016-03-09,03:15:00,0.245,0.245,0.245,0.245,47000,0
2016-03-09,03:20:00,0.245,0.247,0.245,0.247,340000,0
2016-03-09,03:25:00,0.247,0.247,0.243,0.246,277000,0
2016-03-09,03:30:00,0.246,0.246,0.243,0.245,404000,0
2016-03-09,03:35:00,0.245,0.245,0.243,0.244,220000,0
2016-03-09,03:40:00,0.244,0.244,0.24,0.24,1279000,0
2016-03-09,03:45:00,0.24,0.241,0.24,0.241,240000,0
2016-03-09,03:50:00,0.242,0.244,0.241,0.244,1137000,0
2016-03-09,03:55:00,0.244,0.247,0.244,0.247,177000,0
2016-03-09,04:00:00,0.247,0.255,0.247,0.25,1106000,0
2016-03-09,04:05:00,0.25,0.25,0.248,0.25,400000,0
2016-03-09,04:10:00,0.25,0.25,0.246,0.246,232000,0
2016-03-09,04:25:00,0.246,0.25,0.246,0.249,375000,0
2016-03-09,04:30:00,0.249,0.249,0.246,0.247,28000,0
2016-03-09,04:35:00,0.247,0.249,0.246,0.247,412000,0
2016-03-09,04:40:00,0.247,0.247,0.242,0.242,941000,0
2016-03-09,04:45:00,0.242,0.244,0.242,0.243,184000,0
2016-03-09,04:50:00,0.243,0.243,0.243,0.243,20000,0
2016-03-09,04:55:00,0.243,0.243,0.24,0.241,483000,0
2016-03-09,05:00:00,0.241,0.242,0.24,0.241,180000,0
2016-03-09,06:05:00,0.241,0.241,0.241,0.241,10000,0
2016-03-09,06:10:00,0.241,0.242,0.241,0.242,44000,0
2016-03-09,06:20:00,0.242,0.242,0.24,0.24,86000,0
2016-03-09,06:25:00,0.24,0.243,0.24,0.243,133000,0
2016-03-09,06:30:00,0.243,0.243,0.243,0.243,26000,0
2016-03-09,06:35:00,0.243,0.243,0.241,0.241,375000,0
2016-03-09,06:40:00,0.241,0.241,0.24,0.24,916000,0
2016-03-09,06:45:00,0.24,0.24,0.239,0.24,32000,0
2016-03-09,06:55:00,0.24,0.24,0.239,0.239,174000,0
2016-03-09,07:00:00,0.239,0.24,0.239,0.24,155000,0
2016-03-09,07:05:00,0.24,0.24,0.24,0.24,69000,0
2016-03-09,07:10:00,0.24,0.24,0.24,0.24,79000,0
2016-03-09,07:15:00,0.24,0.24,0.236,0.237,1085000,0
2016-03-09,07:20:00,0.237,0.237,0.236,0.237,179000,0
2016-03-09,07:40:00,0.237,0.239,0.237,0.239,66000,0
2016-03-09,07:45:00,0.239,0.246,0.239,0.245,1150000,0
2016-03-09,07:50:00,0.242,0.242,0.242,0.242,42000,0
2016-03-09,07:55:00,0.242,0.242,0.241,0.242,368000,0
2016-03-09,08:00:00,0.242,0.242,0.242,0.242,70000,0
2016-03-09,08:05:00,0.241,0.241,0.24,0.24,93000,0
2016-03-09,08:10:00,0.24,0.24,0.24,0.24,102000,0
2016-03-09,08:15:00,0.24,0.24,0.24,0.24,63000,0
2016-03-09,08:20:00,0.24,0.24,0.237,0.238,2358000,0
2016-03-09,08:25:00,0.238,0.238,0.237,0.237,197000,0
2016-03-09,08:30:00,0.237,0.237,0.237,0.237,147000,0
2016-03-09,08:45:00,0.237,0.238,0.237,0.238,427000,0
2016-03-09,08:55:00,0.238,0.238,0.237,0.237,21000,0
2016-03-09,09:00:00,0.237,0.24,0.236,0.24,584000,0
2016-03-10,02:35:00,0.241,0.243,0.24,0.243,306000,0
2016-03-10,02:40:00,0.243,0.248,0.243,0.248,415000,0
2016-03-10,02:45:00,0.248,0.248,0.245,0.245,266000,0
2016-03-10,02:50:00,0.245,0.245,0.245,0.245,20000,0
2016-03-10,02:55:00,0.245,0.245,0.242,0.245,218000,0
2016-03-10,03:00:00,0.245,0.245,0.245,0.245,21000,0
2016-03-10,03:05:00,0.245,0.245,0.245,0.245,200000,0
2016-03-10,03:10:00,0.245,0.245,0.245,0.245,20000,0
2016-03-10,03:15:00,0.245,0.245,0.242,0.242,588000,0
2016-03-10,03:20:00,0.242,0.242,0.235,0.236,956000,0
2016-03-10,03:25:00,0.235,0.239,0.23,0.236,1157000,0
2016-03-10,03:30:00,0.238,0.245,0.238,0.243,1625000,0
2016-03-10,03:35:00,0.243,0.243,0.243,0.243,10000,0
2016-03-10,03:40:00,0.242,0.255,0.242,0.255,3263000,0
2016-03-10,03:45:00,0.255,0.275,0.255,0.27,3185000,0
2016-03-10,03:50:00,0.27,0.275,0.265,0.27,2324000,0
2016-03-10,03:55:00,0.27,0.275,0.26,0.26,1599000,0
2016-03-10,04:00:00,0.26,0.26,0.26,0.26,303000,0
2016-03-10,04:05:00,0.26,0.26,0.26,0.26,128000,0
2016-03-10,04:10:00,0.26,0.26,0.255,0.255,894000,0
2016-03-10,04:15:00,0.255,0.26,0.255,0.26,43000,0
2016-03-10,04:25:00,0.26,0.26,0.255,0.255,226000,0
2016-03-10,04:30:00,0.255,0.26,0.255,0.26,352000,0
2016-03-10,04:35:00,0.26,0.26,0.26,0.26,50000,0
2016-03-10,04:40:00,0.26,0.26,0.255,0.255,120000,0
2016-03-10,04:45:00,0.255,0.255,0.255,0.255,9000,0
2016-03-10,04:50:00,0.255,0.26,0.255,0.26,255000,0
2016-03-10,04:55:00,0.26,0.26,0.26,0.26,101000,0
2016-03-10,06:05:00,0.26,0.26,0.255,0.255,149000,0
2016-03-10,06:10:00,0.255,0.255,0.255,0.255,285000,0
2016-03-10,06:15:00,0.255,0.255,0.25,0.25,450000,0
2016-03-10,06:20:00,0.25,0.25,0.249,0.25,1460000,0
2016-03-10,06:25:00,0.25,0.25,0.25,0.25,33000,0
2016-03-10,06:30:00,0.25,0.255,0.25,0.255,267000,0
2016-03-10,06:35:00,0.255,0.255,0.255,0.255,100000,0
2016-03-10,06:45:00,0.255,0.255,0.249,0.249,58000,0
2016-03-10,06:50:00,0.249,0.25,0.248,0.25,301000,0
2016-03-10,06:55:00,0.25,0.25,0.25,0.25,36000,0
2016-03-10,07:05:00,0.25,0.25,0.25,0.25,35000,0
2016-03-10,07:10:00,0.25,0.25,0.25,0.25,29000,0
2016-03-10,07:15:00,0.25,0.25,0.25,0.25,32000,0
2016-03-10,07:20:00,0.25,0.25,0.248,0.248,115000,0
2016-03-10,07:25:00,0.248,0.248,0.247,0.247,82000,0
2016-03-10,07:30:00,0.247,0.247,0.246,0.247,178000,0
2016-03-10,07:35:00,0.247,0.247,0.246,0.246,108000,0
2016-03-10,07:40:00,0.246,0.246,0.245,0.246,150000,0
2016-03-10,07:45:00,0.246,0.246,0.245,0.245,24000,0
2016-03-10,07:50:00,0.245,0.246,0.243,0.243,1047000,0
2016-03-10,07:55:00,0.243,0.243,0.242,0.242,55000,0
2016-03-10,08:00:00,0.242,0.242,0.238,0.238,379000,0
2016-03-10,08:05:00,0.238,0.238,0.238,0.238,25000,0
2016-03-10,08:10:00,0.238,0.238,0.238,0.238,130000,0
2016-03-10,08:15:00,0.238,0.238,0.238,0.238,10000,0
2016-03-10,08:35:00,0.24,0.24,0.24,0.24,100000,0
2016-03-10,08:45:00,0.24,0.242,0.24,0.24,50000,0
2016-03-10,08:50:00,0.24,0.244,0.24,0.243,207000,0
2016-03-10,08:55:00,0.243,0.244,0.24,0.244,41000,0
2016-03-10,09:00:00,0.244,0.244,0.24,0.24,228000,0
2016-03-11,02:50:00,0.236,0.244,0.236,0.237,39000,0
2016-03-11,02:55:00,0.238,0.24,0.238,0.24,55000,0
2016-03-11,03:00:00,0.24,0.24,0.24,0.24,14000,0
2016-03-11,03:05:00,0.24,0.241,0.24,0.24,66000,0
2016-03-11,03:10:00,0.236,0.239,0.236,0.239,99000,0
2016-03-11,03:15:00,0.239,0.242,0.239,0.242,257000,0
2016-03-11,03:20:00,0.242,0.242,0.242,0.242,11000,0
2016-03-11,03:25:00,0.242,0.242,0.242,0.242,23000,0
2016-03-11,03:30:00,0.242,0.242,0.242,0.242,23000,0
2016-03-11,03:35:00,0.242,0.246,0.24,0.24,1180000,0
2016-03-11,03:45:00,0.24,0.24,0.238,0.238,305000,0
2016-03-11,04:00:00,0.236,0.244,0.236,0.244,1334000,0
2016-03-11,04:20:00,0.242,0.242,0.238,0.238,224000,0
2016-03-11,04:25:00,0.239,0.24,0.238,0.238,281000,0
2016-03-11,04:30:00,0.238,0.242,0.238,0.242,131000,0
2016-03-11,04:35:00,0.242,0.26,0.242,0.255,1610000,0
2016-03-11,04:40:00,0.255,0.255,0.25,0.255,1190000,0
2016-03-11,04:45:00,0.255,0.255,0.25,0.25,397000,0
2016-03-11,04:50:00,0.25,0.25,0.245,0.245,117000,0
2016-03-11,04:55:00,0.245,0.246,0.242,0.246,178000,0
2016-03-11,05:00:00,0.246,0.246,0.246,0.246,42000,0
2016-03-11,06:05:00,0.246,0.25,0.246,0.25,136000,0
2016-03-11,06:10:00,0.25,0.25,0.25,0.25,633000,0
2016-03-11,06:15:00,0.25,0.25,0.25,0.25,48000,0
2016-03-11,06:20:00,0.25,0.25,0.25,0.25,31000,0
2016-03-11,06:25:00,0.25,0.25,0.25,0.25,17000,0
2016-03-11,06:30:00,0.25,0.25,0.25,0.25,174000,0
2016-03-11,06:35:00,0.25,0.25,0.248,0.248,236000,0
2016-03-11,06:40:00,0.248,0.248,0.245,0.245,458000,0
2016-03-11,06:45:00,0.245,0.245,0.245,0.245,433000,0
2016-03-11,06:50:00,0.245,0.246,0.243,0.246,260000,0
2016-03-11,06:55:00,0.246,0.246,0.244,0.244,49000,0
2016-03-11,07:00:00,0.244,0.244,0.244,0.244,14000,0
2016-03-11,07:05:00,0.244,0.244,0.243,0.244,58000,0
2016-03-11,07:10:00,0.244,0.245,0.244,0.245,45000,0
2016-03-11,07:20:00,0.245,0.245,0.244,0.245,156000,0
2016-03-11,07:30:00,0.245,0.245,0.245,0.245,45000,0
2016-03-11,07:35:00,0.245,0.245,0.244,0.244,13000,0
2016-03-11,07:40:00,0.244,0.244,0.243,0.244,75000,0
2016-03-11,07:45:00,0.244,0.244,0.243,0.243,67000,0
2016-03-11,07:50:00,0.243,0.243,0.243,0.243,49000,0
2016-03-11,07:55:00,0.243,0.243,0.243,0.243,57000,0
2016-03-11,08:00:00,0.243,0.243,0.241,0.241,33000,0
2016-03-11,08:05:00,0.241,0.243,0.241,0.243,90000,0
2016-03-11,08:10:00,0.243,0.243,0.243,0.243,42000,0
2016-03-11,08:15:00,0.243,0.243,0.242,0.242,74000,0
2016-03-11,08:20:00,0.242,0.242,0.242,0.242,42000,0
2016-03-11,08:25:00,0.242,0.242,0.241,0.241,51000,0
2016-03-11,08:30:00,0.241,0.241,0.24,0.24,233000,0
2016-03-11,08:35:00,0.24,0.24,0.238,0.24,262000,0
2016-03-11,08:40:00,0.24,0.24,0.239,0.239,59000,0
2016-03-11,08:45:00,0.24,0.24,0.239,0.239,52000,0
2016-03-11,08:50:00,0.239,0.245,0.238,0.245,73000,0
2016-03-11,08:55:00,0.245,0.245,0.239,0.239,128000,0
2016-03-11,09:00:00,0.239,0.24,0.238,0.238,119000,0
2016-03-14,02:45:00,0.241,0.241,0.241,0.241,10000,0
2016-03-14,02:55:00,0.241,0.241,0.24,0.24,728000,0
2016-03-14,03:20:00,0.242,0.243,0.242,0.243,40000,0
2016-03-14,03:25:00,0.243,0.25,0.243,0.25,34000,0
2016-03-14,03:30:00,0.25,0.25,0.244,0.244,120000,0
2016-03-14,03:35:00,0.244,0.244,0.244,0.244,23000,0
2016-03-14,03:40:00,0.245,0.255,0.245,0.255,347000,0
2016-03-14,03:45:00,0.255,0.255,0.247,0.247,20000,0
2016-03-14,03:50:00,0.247,0.25,0.247,0.25,145000,0
2016-03-14,03:55:00,0.25,0.25,0.248,0.25,266000,0
2016-03-14,04:05:00,0.25,0.265,0.25,0.26,1431000,0
2016-03-14,04:10:00,0.26,0.26,0.25,0.25,859000,0
2016-03-14,04:15:00,0.25,0.25,0.248,0.249,388000,0
2016-03-14,04:20:00,0.25,0.25,0.25,0.25,111000,0
2016-03-14,04:25:00,0.25,0.255,0.25,0.255,206000,0
2016-03-14,04:30:00,0.255,0.255,0.249,0.249,98000,0
2016-03-14,04:35:00,0.249,0.249,0.245,0.245,617000,0
2016-03-14,04:40:00,0.245,0.248,0.245,0.248,73000,0
2016-03-14,04:45:00,0.248,0.255,0.248,0.25,860000,0
2016-03-14,04:50:00,0.25,0.25,0.25,0.25,150000,0
2016-03-14,04:55:00,0.25,0.25,0.249,0.249,87000,0
2016-03-14,05:00:00,0.249,0.25,0.248,0.248,311000,0
2016-03-14,06:05:00,0.248,0.25,0.248,0.248,62000,0
2016-03-14,06:10:00,0.248,0.25,0.248,0.248,162000,0
2016-03-14,06:15:00,0.248,0.255,0.248,0.255,202000,0
2016-03-14,06:25:00,0.249,0.249,0.247,0.247,399000,0
2016-03-14,06:30:00,0.247,0.247,0.245,0.245,35000,0
2016-03-14,06:35:00,0.245,0.246,0.245,0.246,61000,0
2016-03-14,06:40:00,0.246,0.248,0.246,0.248,72000,0
2016-03-14,06:45:00,0.248,0.25,0.247,0.247,130000,0
2016-03-14,06:50:00,0.247,0.249,0.247,0.249,51000,0
2016-03-14,06:55:00,0.249,0.25,0.248,0.25,205000,0
2016-03-14,07:00:00,0.25,0.25,0.25,0.25,40000,0
2016-03-14,07:10:00,0.25,0.25,0.245,0.245,1314000,0
2016-03-14,07:15:00,0.245,0.245,0.24,0.24,1530000,0
2016-03-14,07:20:00,0.24,0.244,0.24,0.244,276000,0
2016-03-14,07:35:00,0.243,0.243,0.24,0.24,37000,0
2016-03-14,07:40:00,0.241,0.241,0.24,0.241,38000,0
2016-03-14,07:45:00,0.241,0.241,0.24,0.24,200000,0
2016-03-14,07:50:00,0.24,0.242,0.24,0.242,67000,0
2016-03-14,08:00:00,0.242,0.242,0.241,0.241,66000,0
2016-03-14,08:05:00,0.241,0.241,0.241,0.241,24000,0
2016-03-14,08:10:00,0.241,0.241,0.241,0.241,61000,0
2016-03-14,08:15:00,0.241,0.241,0.241,0.241,40000,0
2016-03-14,08:20:00,0.241,0.243,0.241,0.243,105000,0
2016-03-14,08:25:00,0.243,0.243,0.24,0.243,69000,0
2016-03-14,08:30:00,0.243,0.243,0.24,0.241,83000,0
2016-03-14,08:35:00,0.241,0.241,0.238,0.238,633000,0
2016-03-14,08:55:00,0.235,0.239,0.235,0.239,128000,0
2016-03-14,09:00:00,0.239,0.24,0.239,0.24,34000,0
2016-03-15,03:25:00,0.24,0.24,0.24,0.24,1000,0
2016-03-15,03:30:00,0.24,0.24,0.24,0.24,132000,0
2016-03-15,03:35:00,0.24,0.24,0.24,0.24,67000,0
2016-03-15,03:45:00,0.24,0.24,0.24,0.24,120000,0
2016-03-15,04:20:00,0.239,0.244,0.239,0.244,4000,0
2016-03-15,04:25:00,0.244,0.244,0.244,0.244,82000,0
2016-03-15,04:30:00,0.244,0.248,0.244,0.248,123000,0
2016-03-15,04:35:00,0.245,0.245,0.245,0.245,200000,0
2016-03-15,04:40:00,0.245,0.247,0.245,0.245,636000,0
2016-03-15,06:25:00,0.243,0.243,0.238,0.238,376000,0
2016-03-15,06:50:00,0.238,0.238,0.235,0.235,200000,0
2016-03-15,07:10:00,0.235,0.235,0.235,0.235,100000,0
2016-03-15,07:15:00,0.235,0.237,0.234,0.235,124000,0
2016-03-15,07:45:00,0.235,0.235,0.235,0.235,10000,0
2016-03-15,07:50:00,0.235,0.238,0.235,0.238,400000,0
2016-03-15,08:00:00,0.238,0.238,0.237,0.237,165000,0
2016-03-15,08:15:00,0.237,0.237,0.232,0.232,450000,0
2016-03-15,08:20:00,0.232,0.232,0.23,0.23,550000,0
2016-03-15,08:25:00,0.23,0.238,0.23,0.235,163000,0
2016-03-15,08:30:00,0.235,0.235,0.228,0.228,271000,0
2016-03-15,08:35:00,0.228,0.228,0.223,0.223,153000,0
2016-03-15,08:40:00,0.223,0.223,0.222,0.223,77000,0
2016-03-15,08:45:00,0.224,0.229,0.224,0.229,2000,0
2016-03-15,08:55:00,0.229,0.229,0.229,0.229,50000,0
2016-03-15,09:00:00,0.229,0.229,0.225,0.228,383000,0
2016-03-16,02:40:00,0.237,0.237,0.226,0.226,79000,0
2016-03-16,02:45:00,0.225,0.225,0.225,0.225,106000,0
2016-03-16,02:50:00,0.225,0.226,0.225,0.226,2000,0
2016-03-16,02:55:00,0.226,0.237,0.226,0.237,104000,0
2016-03-16,03:00:00,0.237,0.238,0.237,0.238,282000,0
2016-03-16,03:05:00,0.238,0.238,0.231,0.235,170000,0
2016-03-16,03:10:00,0.235,0.235,0.235,0.235,4000,0
2016-03-16,03:20:00,0.233,0.233,0.233,0.233,30000,0
2016-03-16,03:25:00,0.233,0.233,0.233,0.233,9000,0
2016-03-16,03:30:00,0.232,0.232,0.232,0.232,1000,0
2016-03-16,03:35:00,0.232,0.232,0.228,0.228,2000,0
2016-03-16,04:30:00,0.228,0.228,0.228,0.228,10000,0
2016-03-16,04:35:00,0.228,0.228,0.228,0.228,51000,0
2016-03-16,04:40:00,0.228,0.228,0.228,0.228,77000,0
2016-03-16,04:45:00,0.228,0.228,0.228,0.228,147000,0
2016-03-16,06:05:00,0.228,0.228,0.228,0.228,70000,0
2016-03-16,07:10:00,0.228,0.228,0.228,0.228,100000,0
2016-03-16,07:35:00,0.228,0.228,0.227,0.227,80000,0
2016-03-16,07:55:00,0.227,0.227,0.227,0.227,100000,0
2016-03-16,08:05:00,0.227,0.227,0.227,0.227,20000,0
2016-03-16,08:25:00,0.227,0.227,0.227,0.227,10000,0
2016-03-16,09:00:00,0.227,0.227,0.226,0.226,30000,0
2016-03-17,02:45:00,0.223,0.226,0.223,0.226,125000,0
2016-03-17,02:50:00,0.227,0.227,0.226,0.226,244000,0
2016-03-17,02:55:00,0.226,0.227,0.226,0.227,297000,0
2016-03-17,03:05:00,0.227,0.227,0.226,0.227,726000,0
2016-03-17,03:35:00,0.229,0.229,0.229,0.229,10000,0
2016-03-17,03:45:00,0.229,0.229,0.229,0.229,133000,0
2016-03-17,03:50:00,0.229,0.234,0.229,0.234,100000,0
2016-03-17,04:00:00,0.234,0.234,0.227,0.227,154000,0
2016-03-17,04:05:00,0.227,0.229,0.227,0.229,1946000,0
2016-03-17,04:10:00,0.229,0.234,0.229,0.234,40000,0
2016-03-17,04:15:00,0.234,0.26,0.234,0.255,4639000,0
2016-03-17,04:20:00,0.255,0.255,0.246,0.246,4453000,0
2016-03-17,04:25:00,0.246,0.25,0.243,0.244,1628000,0
2016-03-17,04:30:00,0.244,0.249,0.241,0.241,544000,0
2016-03-17,04:35:00,0.241,0.241,0.238,0.24,1352000,0
2016-03-17,04:40:00,0.238,0.238,0.237,0.237,50000,0
2016-03-17,04:45:00,0.236,0.236,0.23,0.232,642000,0
2016-03-17,04:50:00,0.232,0.236,0.232,0.236,190000,0
2016-03-17,04:55:00,0.236,0.236,0.236,0.236,60000,0
2016-03-17,05:00:00,0.236,0.241,0.236,0.241,100000,0
2016-03-17,06:05:00,0.241,0.241,0.24,0.24,20000,0
2016-03-17,06:15:00,0.24,0.24,0.237,0.237,118000,0
2016-03-17,06:20:00,0.237,0.237,0.234,0.234,586000,0
2016-03-17,06:30:00,0.234,0.234,0.234,0.234,1000,0
2016-03-17,06:40:00,0.234,0.234,0.234,0.234,20000,0
2016-03-17,06:45:00,0.235,0.239,0.235,0.239,200000,0
2016-03-17,06:50:00,0.239,0.239,0.235,0.235,356000,0
2016-03-17,06:55:00,0.235,0.239,0.235,0.239,239000,0
2016-03-17,07:00:00,0.239,0.239,0.239,0.239,140000,0
2016-03-17,07:25:00,0.239,0.239,0.237,0.237,88000,0
2016-03-17,07:30:00,0.237,0.237,0.237,0.237,20000,0
2016-03-17,08:20:00,0.237,0.237,0.234,0.234,66000,0
2016-03-17,08:35:00,0.234,0.239,0.234,0.239,355000,0
2016-03-17,08:40:00,0.239,0.239,0.239,0.239,202000,0
2016-03-17,08:45:00,0.239,0.239,0.238,0.238,40000,0
2016-03-17,08:55:00,0.238,0.238,0.235,0.235,34000,0
2016-03-17,09:00:00,0.235,0.235,0.234,0.234,276000,0
2016-03-18,02:40:00,0.232,0.232,0.231,0.231,57000,0
2016-03-18,02:45:00,0.231,0.235,0.231,0.235,29000,0
2016-03-18,02:50:00,0.234,0.234,0.234,0.234,8000,0
2016-03-18,02:55:00,0.234,0.235,0.234,0.235,37000,0
2016-03-18,03:00:00,0.235,0.235,0.234,0.235,38000,0
2016-03-18,03:05:00,0.235,0.235,0.233,0.233,68000,0
2016-03-18,03:10:00,0.233,0.233,0.223,0.226,542000,0
2016-03-18,03:15:00,0.226,0.227,0.224,0.227,123000,0
2016-03-18,03:20:00,0.227,0.23,0.227,0.23,37000,0
2016-03-18,03:25:00,0.23,0.232,0.23,0.232,34000,0
2016-03-18,03:30:00,0.232,0.232,0.231,0.231,7000,0
2016-03-18,03:35:00,0.231,0.232,0.231,0.232,41000,0
2016-03-18,03:40:00,0.232,0.233,0.232,0.233,28000,0
2016-03-18,03:45:00,0.233,0.233,0.231,0.231,278000,0
2016-03-18,03:50:00,0.231,0.231,0.23,0.23,26000,0
2016-03-18,03:55:00,0.23,0.231,0.23,0.23,31000,0
2016-03-18,04:00:00,0.23,0.23,0.227,0.228,180000,0
2016-03-18,04:05:00,0.228,0.229,0.228,0.229,24000,0
2016-03-18,04:10:00,0.229,0.229,0.228,0.228,33000,0
2016-03-18,04:15:00,0.228,0.229,0.228,0.228,34000,0
2016-03-18,04:20:00,0.228,0.228,0.228,0.228,38000,0
2016-03-18,04:25:00,0.228,0.228,0.228,0.228,25000,0
2016-03-18,04:30:00,0.228,0.229,0.228,0.228,32000,0
2016-03-18,04:35:00,0.228,0.228,0.227,0.227,70000,0
2016-03-18,04:40:00,0.227,0.229,0.227,0.228,49000,0
2016-03-18,04:45:00,0.228,0.23,0.228,0.229,23000,0
2016-03-18,04:50:00,0.229,0.23,0.228,0.23,38000,0
2016-03-18,04:55:00,0.23,0.23,0.229,0.23,42000,0
2016-03-18,05:00:00,0.23,0.23,0.229,0.23,25000,0
2016-03-18,06:05:00,0.23,0.231,0.229,0.23,44000,0
2016-03-18,06:10:00,0.23,0.23,0.229,0.229,34000,0
2016-03-18,06:15:00,0.229,0.229,0.228,0.229,44000,0
2016-03-18,06:20:00,0.229,0.23,0.228,0.23,21000,0
2016-03-18,06:25:00,0.23,0.23,0.229,0.23,34000,0
2016-03-18,06:30:00,0.23,0.23,0.228,0.229,21000,0
2016-03-18,06:35:00,0.229,0.229,0.228,0.229,59000,0
2016-03-18,06:40:00,0.229,0.23,0.229,0.23,29000,0
2016-03-18,06:45:00,0.231,0.234,0.23,0.231,244000,0
2016-03-18,06:50:00,0.231,0.233,0.23,0.231,25000,0
2016-03-18,06:55:00,0.231,0.232,0.229,0.231,41000,0
2016-03-18,07:00:00,0.231,0.231,0.231,0.231,71000,0
2016-03-18,07:05:00,0.231,0.231,0.228,0.229,42000,0
2016-03-18,07:10:00,0.229,0.231,0.229,0.231,101000,0
2016-03-18,07:15:00,0.231,0.231,0.23,0.231,64000,0
2016-03-18,07:20:00,0.231,0.231,0.228,0.229,82000,0
2016-03-18,07:25:00,0.229,0.23,0.229,0.23,15000,0
2016-03-18,07:30:00,0.23,0.231,0.229,0.23,84000,0
2016-03-18,07:35:00,0.23,0.23,0.229,0.229,137000,0
2016-03-18,07:40:00,0.229,0.23,0.229,0.23,37000,0
2016-03-18,07:45:00,0.23,0.23,0.229,0.229,55000,0
2016-03-18,07:50:00,0.229,0.23,0.229,0.229,59000,0
2016-03-18,07:55:00,0.229,0.23,0.229,0.23,43000,0
2016-03-18,08:00:00,0.23,0.23,0.229,0.23,29000,0
2016-03-18,08:05:00,0.23,0.23,0.229,0.229,77000,0
2016-03-18,08:10:00,0.229,0.23,0.229,0.229,51000,0
2016-03-18,08:15:00,0.229,0.23,0.229,0.229,52000,0
2016-03-18,08:20:00,0.229,0.231,0.229,0.231,52000,0
2016-03-18,08:25:00,0.231,0.231,0.23,0.23,106000,0
2016-03-18,08:30:00,0.23,0.23,0.229,0.23,34000,0
2016-03-18,08:35:00,0.23,0.23,0.229,0.23,215000,0
2016-03-18,08:40:00,0.23,0.23,0.229,0.23,301000,0
2016-03-18,08:45:00,0.23,0.23,0.229,0.229,75000,0
2016-03-18,08:50:00,0.229,0.23,0.229,0.229,95000,0
2016-03-18,08:55:00,0.229,0.23,0.228,0.229,90000,0
2016-03-18,09:00:00,0.229,0.23,0.225,0.229,8761000,0
2016-03-21,02:45:00,0.217,0.228,0.217,0.225,168000,0
2016-03-21,02:50:00,0.224,0.224,0.224,0.224,10000,0
2016-03-21,02:55:00,0.224,0.224,0.219,0.22,318000,0
2016-03-21,03:05:00,0.221,0.224,0.221,0.222,332000,0
2016-03-21,03:10:00,0.222,0.238,0.222,0.237,1614000,0
2016-03-21,03:15:00,0.237,0.237,0.232,0.232,124000,0
2016-03-21,03:20:00,0.232,0.237,0.23,0.235,384000,0
2016-03-21,03:25:00,0.235,0.236,0.234,0.236,252000,0
2016-03-21,03:30:00,0.236,0.236,0.234,0.235,36000,0
2016-03-21,03:35:00,0.235,0.235,0.233,0.233,34000,0
2016-03-21,03:40:00,0.233,0.233,0.231,0.231,57000,0
2016-03-21,03:45:00,0.231,0.231,0.231,0.231,130000,0
2016-03-21,03:50:00,0.231,0.234,0.228,0.231,608000,0
2016-03-21,04:00:00,0.232,0.232,0.229,0.229,125000,0
2016-03-21,04:10:00,0.229,0.229,0.228,0.228,6000,0
2016-03-21,04:15:00,0.228,0.228,0.227,0.227,398000,0
2016-03-21,04:20:00,0.227,0.227,0.227,0.227,185000,0
2016-03-21,04:35:00,0.227,0.227,0.224,0.224,95000,0
2016-03-21,04:40:00,0.224,0.224,0.223,0.223,290000,0
2016-03-21,04:50:00,0.225,0.227,0.225,0.227,39000,0
2016-03-21,04:55:00,0.227,0.227,0.227,0.227,20000,0
2016-03-21,05:00:00,0.227,0.227,0.223,0.225,470000,0
2016-03-21,06:05:00,0.225,0.226,0.225,0.226,123000,0
2016-03-21,06:35:00,0.226,0.226,0.225,0.225,70000,0
2016-03-21,06:50:00,0.225,0.225,0.224,0.224,79000,0
2016-03-21,07:00:00,0.224,0.224,0.224,0.224,217000,0
2016-03-21,07:05:00,0.224,0.224,0.223,0.223,377000,0
2016-03-21,07:15:00,0.224,0.224,0.224,0.224,23000,0
2016-03-21,07:20:00,0.224,0.224,0.224,0.224,7000,0
2016-03-21,07:35:00,0.224,0.224,0.222,0.222,942000,0
2016-03-21,07:45:00,0.222,0.222,0.222,0.222,26000,0
2016-03-21,07:50:00,0.222,0.222,0.222,0.222,2000,0
2016-03-21,08:00:00,0.222,0.222,0.221,0.221,119000,0
2016-03-21,08:05:00,0.221,0.221,0.221,0.221,6000,0
2016-03-21,08:10:00,0.221,0.221,0.221,0.221,16000,0
2016-03-21,08:15:00,0.221,0.223,0.221,0.223,44000,0
2016-03-21,08:25:00,0.223,0.223,0.223,0.223,100000,0
2016-03-21,08:30:00,0.224,0.225,0.224,0.225,33000,0
2016-03-21,08:55:00,0.225,0.225,0.224,0.224,57000,0
2016-03-21,09:00:00,0.224,0.224,0.221,0.222,245000,0
2016-03-22,02:50:00,0.223,0.223,0.222,0.223,123000,0
2016-03-22,02:55:00,0.223,0.223,0.222,0.222,121000,0
2016-03-22,03:15:00,0.222,0.223,0.222,0.223,8000,0
2016-03-22,03:25:00,0.223,0.223,0.223,0.223,21000,0
2016-03-22,03:30:00,0.223,0.223,0.222,0.223,64000,0
2016-03-22,03:40:00,0.223,0.223,0.223,0.223,2000,0
2016-03-22,03:55:00,0.225,0.23,0.225,0.225,183000,0
2016-03-22,04:00:00,0.225,0.23,0.225,0.23,65000,0
2016-03-22,04:05:00,0.23,0.25,0.23,0.239,1995000,0
2016-03-22,04:10:00,0.239,0.247,0.238,0.241,1276000,0
2016-03-22,04:15:00,0.241,0.248,0.241,0.245,1658000,0
2016-03-22,04:20:00,0.245,0.245,0.237,0.237,367000,0
2016-03-22,04:25:00,0.237,0.237,0.235,0.235,20000,0
2016-03-22,04:30:00,0.235,0.235,0.233,0.234,295000,0
2016-03-22,04:35:00,0.234,0.234,0.234,0.234,20000,0
2016-03-22,04:40:00,0.234,0.234,0.234,0.234,30000,0
2016-03-22,04:50:00,0.234,0.235,0.234,0.235,199000,0
2016-03-22,06:10:00,0.236,0.236,0.236,0.236,10000,0
2016-03-22,06:15:00,0.236,0.236,0.23,0.23,463000,0
2016-03-22,06:20:00,0.231,0.231,0.231,0.231,90000,0
2016-03-22,06:25:00,0.231,0.231,0.231,0.231,1000,0
2016-03-22,06:30:00,0.23,0.231,0.229,0.229,514000,0
2016-03-22,06:45:00,0.229,0.229,0.229,0.229,10000,0
2016-03-22,06:50:00,0.229,0.229,0.229,0.229,34000,0
2016-03-22,06:55:00,0.229,0.229,0.225,0.226,718000,0
2016-03-22,07:20:00,0.228,0.229,0.227,0.227,49000,0
2016-03-22,07:25:00,0.227,0.23,0.227,0.23,335000,0
2016-03-22,07:50:00,0.23,0.23,0.227,0.227,319000,0
2016-03-22,07:55:00,0.227,0.227,0.226,0.226,108000,0
2016-03-22,08:05:00,0.226,0.228,0.226,0.228,8000,0
2016-03-22,08:15:00,0.228,0.232,0.228,0.232,120000,0
2016-03-22,08:30:00,0.23,0.23,0.23,0.23,30000,0
2016-03-22,08:35:00,0.23,0.231,0.23,0.231,4000,0
2016-03-22,08:40:00,0.231,0.232,0.231,0.231,667000,0
2016-03-22,08:50:00,0.231,0.232,0.231,0.232,205000,0
2016-03-22,08:55:00,0.232,0.233,0.232,0.232,49000,0
2016-03-22,09:00:00,0.232,0.232,0.23,0.232,46000,0
2016-03-23,02:55:00,0.237,0.237,0.236,0.237,134000,0
2016-03-23,03:00:00,0.237,0.237,0.234,0.234,30000,0
2016-03-23,03:05:00,0.232,0.232,0.226,0.226,97000,0
2016-03-23,03:15:00,0.23,0.23,0.23,0.23,51000,0
2016-03-23,03:25:00,0.23,0.23,0.23,0.23,10000,0
2016-03-23,03:35:00,0.23,0.23,0.23,0.23,36000,0
2016-03-23,03:40:00,0.23,0.23,0.23,0.23,20000,0
2016-03-23,03:45:00,0.23,0.23,0.23,0.23,8000,0
2016-03-23,03:50:00,0.23,0.23,0.228,0.228,72000,0
2016-03-23,04:00:00,0.228,0.23,0.228,0.23,64000,0
2016-03-23,04:05:00,0.23,0.23,0.228,0.228,216000,0
2016-03-23,04:10:00,0.228,0.228,0.222,0.225,859000,0
2016-03-23,04:15:00,0.224,0.225,0.224,0.225,701000,0
2016-03-23,04:20:00,0.225,0.227,0.225,0.227,443000,0
2016-03-23,04:25:00,0.227,0.227,0.227,0.227,25000,0
2016-03-23,04:35:00,0.227,0.228,0.227,0.228,349000,0
2016-03-23,04:55:00,0.228,0.228,0.227,0.227,13000,0
2016-03-23,06:15:00,0.227,0.227,0.226,0.226,37000,0
2016-03-23,06:20:00,0.226,0.226,0.225,0.226,231000,0
2016-03-23,06:25:00,0.226,0.226,0.226,0.226,5000,0
2016-03-23,06:35:00,0.226,0.226,0.225,0.225,286000,0
2016-03-23,06:40:00,0.225,0.225,0.223,0.225,128000,0
2016-03-23,06:45:00,0.225,0.225,0.224,0.224,197000,0
2016-03-23,06:50:00,0.224,0.224,0.224,0.224,45000,0
2016-03-23,07:10:00,0.224,0.229,0.224,0.229,4000,0
2016-03-23,07:30:00,0.225,0.225,0.225,0.225,14000,0
2016-03-23,07:35:00,0.225,0.225,0.224,0.224,40000,0
2016-03-23,08:00:00,0.224,0.225,0.224,0.225,2000,0
2016-03-23,08:15:00,0.225,0.225,0.225,0.225,63000,0
2016-03-23,08:25:00,0.225,0.226,0.225,0.226,34000,0
2016-03-23,08:35:00,0.226,0.228,0.226,0.227,34000,0
2016-03-23,08:40:00,0.227,0.228,0.227,0.228,132000,0
2016-03-23,08:45:00,0.228,0.229,0.228,0.228,189000,0
2016-03-23,08:55:00,0.228,0.228,0.225,0.225,18000,0
2016-03-23,09:00:00,0.225,0.23,0.225,0.228,770000,0
2016-03-24,02:35:00,0.22,0.228,0.22,0.222,100000,0
2016-03-24,02:50:00,0.222,0.222,0.222,0.222,10000,0
2016-03-24,03:00:00,0.222,0.222,0.222,0.222,100000,0
2016-03-24,03:15:00,0.222,0.222,0.22,0.22,125000,0
2016-03-24,03:35:00,0.222,0.226,0.222,0.226,8000,0
2016-03-24,03:40:00,0.226,0.227,0.226,0.227,473000,0
2016-03-24,03:45:00,0.227,0.227,0.226,0.226,100000,0
2016-03-24,03:50:00,0.226,0.226,0.226,0.226,29000,0
2016-03-24,04:00:00,0.226,0.226,0.226,0.226,58000,0
2016-03-24,04:10:00,0.226,0.226,0.226,0.226,200000,0
2016-03-24,04:45:00,0.225,0.225,0.222,0.222,20000,0
2016-03-24,04:55:00,0.222,0.224,0.222,0.224,300000,0
2016-03-24,05:00:00,0.224,0.224,0.222,0.224,166000,0
2016-03-24,06:10:00,0.224,0.224,0.223,0.223,31000,0
2016-03-24,06:25:00,0.223,0.223,0.222,0.222,85000,0
2016-03-24,06:35:00,0.222,0.222,0.222,0.222,260000,0
2016-03-24,06:40:00,0.222,0.222,0.222,0.222,130000,0
2016-03-24,06:45:00,0.222,0.222,0.221,0.221,103000,0
2016-03-24,07:00:00,0.221,0.221,0.221,0.221,66000,0
2016-03-24,07:05:00,0.221,0.221,0.218,0.218,720000,0
2016-03-24,07:10:00,0.218,0.218,0.217,0.217,200000,0
2016-03-24,07:15:00,0.217,0.217,0.212,0.213,224000,0
2016-03-24,07:20:00,0.213,0.215,0.213,0.215,60000,0
2016-03-24,07:25:00,0.215,0.215,0.213,0.213,42000,0
2016-03-24,07:30:00,0.213,0.213,0.213,0.213,100000,0
2016-03-24,07:35:00,0.213,0.213,0.213,0.213,10000,0
2016-03-24,07:40:00,0.213,0.217,0.213,0.217,120000,0
2016-03-24,08:05:00,0.217,0.217,0.213,0.213,562000,0
2016-03-24,08:10:00,0.213,0.213,0.212,0.213,80000,0
2016-03-24,08:15:00,0.213,0.213,0.213,0.213,40000,0
2016-03-24,08:25:00,0.213,0.213,0.213,0.213,1000,0
2016-03-24,08:35:00,0.212,0.213,0.212,0.213,250000,0
2016-03-24,08:40:00,0.213,0.213,0.213,0.213,312000,0
2016-03-24,08:45:00,0.213,0.214,0.213,0.214,500000,0
2016-03-24,09:00:00,0.214,0.214,0.213,0.213,346000,0
2016-03-29,03:35:00,0.208,0.213,0.208,0.208,100000,0
2016-03-29,03:40:00,0.208,0.211,0.208,0.211,5000,0
2016-03-29,03:50:00,0.211,0.211,0.208,0.208,12000,0
2016-03-29,03:55:00,0.208,0.208,0.205,0.205,42000,0
2016-03-29,04:00:00,0.205,0.205,0.205,0.205,69000,0
2016-03-29,04:10:00,0.205,0.213,0.205,0.205,35000,0
2016-03-29,04:25:00,0.205,0.21,0.203,0.207,99000,0
2016-03-29,04:40:00,0.207,0.208,0.207,0.208,20000,0
2016-03-29,05:00:00,0.208,0.21,0.208,0.209,21000,0
2016-03-29,05:05:00,0.209,0.21,0.209,0.21,189000,0
2016-03-29,05:10:00,0.21,0.21,0.208,0.208,73000,0
2016-03-29,05:20:00,0.208,0.211,0.208,0.211,140000,0
2016-03-29,05:30:00,0.211,0.211,0.208,0.209,1885000,0
2016-03-29,05:35:00,0.209,0.209,0.208,0.208,607000,0
2016-03-29,05:40:00,0.208,0.208,0.206,0.206,501000,0
2016-03-29,05:45:00,0.206,0.206,0.205,0.205,8000,0
2016-03-29,05:50:00,0.205,0.205,0.205,0.205,5000,0
2016-03-29,05:55:00,0.205,0.205,0.204,0.204,198000,0
2016-03-29,06:00:00,0.204,0.204,0.197,0.197,591000,0
2016-03-29,07:05:00,0.197,0.201,0.195,0.195,1059000,0
2016-03-29,07:10:00,0.196,0.197,0.196,0.197,4000,0
2016-03-29,07:20:00,0.197,0.201,0.197,0.197,47000,0
2016-03-29,07:35:00,0.197,0.197,0.196,0.196,6000,0
2016-03-29,07:40:00,0.196,0.199,0.196,0.199,1289000,0
2016-03-29,07:55:00,0.199,0.199,0.199,0.199,103000,0
2016-03-29,08:00:00,0.199,0.199,0.199,0.199,47000,0
2016-03-29,08:05:00,0.199,0.201,0.199,0.201,55000,0
2016-03-29,08:10:00,0.201,0.205,0.198,0.198,749000,0
2016-03-29,08:15:00,0.198,0.2,0.198,0.2,5000,0
2016-03-29,08:25:00,0.2,0.2,0.2,0.2,1000,0
2016-03-29,08:30:00,0.2,0.2,0.197,0.197,30000,0
2016-03-29,08:35:00,0.197,0.197,0.193,0.193,543000,0
2016-03-29,08:45:00,0.191,0.193,0.191,0.193,36000,0
2016-03-29,08:50:00,0.193,0.198,0.193,0.193,3544000,0
2016-03-29,08:55:00,0.193,0.193,0.193,0.193,20000,0
2016-03-29,09:00:00,0.193,0.193,0.193,0.193,2000,0
2016-03-29,09:05:00,0.193,0.2,0.193,0.2,23000,0
2016-03-29,09:10:00,0.2,0.2,0.193,0.193,10000,0
2016-03-29,09:15:00,0.193,0.193,0.193,0.193,1000,0
2016-03-29,09:20:00,0.193,0.193,0.193,0.193,3000,0
2016-03-29,09:25:00,0.193,0.193,0.191,0.192,8000,0
2016-03-29,09:30:00,0.192,0.193,0.192,0.193,7000,0
2016-03-29,09:35:00,0.193,0.194,0.193,0.194,7000,0
2016-03-29,09:40:00,0.194,0.194,0.194,0.194,3000,0
2016-03-29,09:45:00,0.194,0.199,0.194,0.199,137000,0
2016-03-29,09:55:00,0.196,0.196,0.193,0.193,112000,0
2016-03-29,10:00:00,0.193,0.2,0.193,0.193,423000,0
2016-03-30,03:35:00,0.19,0.19,0.19,0.19,13000,0
2016-03-30,03:40:00,0.19,0.192,0.182,0.186,486000,0
2016-03-30,03:45:00,0.186,0.186,0.186,0.186,104000,0
2016-03-30,03:50:00,0.187,0.19,0.187,0.19,75000,0
2016-03-30,04:00:00,0.188,0.19,0.188,0.19,91000,0
2016-03-30,04:10:00,0.19,0.19,0.187,0.187,40000,0
2016-03-30,04:15:00,0.187,0.188,0.186,0.188,157000,0
2016-03-30,04:25:00,0.188,0.189,0.187,0.189,45000,0
2016-03-30,04:30:00,0.188,0.188,0.187,0.187,30000,0
2016-03-30,04:35:00,0.187,0.188,0.187,0.188,233000,0
2016-03-30,04:40:00,0.188,0.188,0.187,0.187,10000,0
2016-03-30,04:50:00,0.187,0.188,0.187,0.188,2000,0
2016-03-30,04:55:00,0.188,0.192,0.187,0.187,217000,0
2016-03-30,05:00:00,0.187,0.188,0.187,0.188,6000,0
2016-03-30,05:35:00,0.189,0.189,0.188,0.188,65000,0
2016-03-30,05:50:00,0.189,0.193,0.189,0.19,80000,0
2016-03-30,07:05:00,0.19,0.19,0.189,0.189,7000,0
2016-03-30,07:30:00,0.189,0.189,0.187,0.187,251000,0
2016-03-30,07:35:00,0.187,0.187,0.187,0.187,2000,0
2016-03-30,07:50:00,0.187,0.192,0.187,0.192,40000,0
2016-03-30,07:55:00,0.192,0.192,0.187,0.187,2000,0
2016-03-30,08:10:00,0.187,0.187,0.187,0.187,3000,0
2016-03-30,08:20:00,0.188,0.188,0.186,0.186,222000,0
2016-03-30,08:30:00,0.186,0.186,0.186,0.186,57000,0
2016-03-30,09:25:00,0.186,0.186,0.186,0.186,29000,0
2016-03-30,09:30:00,0.186,0.186,0.186,0.186,106000,0
2016-03-30,09:45:00,0.186,0.192,0.186,0.192,60000,0
2016-03-30,10:00:00,0.192,0.192,0.192,0.192,12000,0
2016-03-31,04:15:00,0.189,0.189,0.188,0.189,18000,0
2016-03-31,04:20:00,0.192,0.192,0.191,0.191,90000,0
2016-03-31,04:25:00,0.192,0.192,0.192,0.192,31000,0
2016-03-31,04:45:00,0.193,0.193,0.193,0.193,41000,0
2016-03-31,05:00:00,0.193,0.202,0.192,0.192,91000,0
2016-03-31,05:30:00,0.192,0.192,0.192,0.192,33000,0
2016-03-31,05:35:00,0.191,0.192,0.191,0.192,12000,0
2016-03-31,07:05:00,0.192,0.192,0.192,0.192,1000,0
2016-03-31,07:10:00,0.192,0.192,0.192,0.192,1000,0
2016-03-31,07:45:00,0.195,0.195,0.193,0.193,253000,0
2016-03-31,08:00:00,0.195,0.2,0.195,0.195,84000,0
2016-03-31,08:05:00,0.195,0.2,0.195,0.2,78000,0
2016-03-31,08:10:00,0.2,0.202,0.2,0.202,56000,0
2016-03-31,08:15:00,0.202,0.202,0.195,0.195,4000,0
2016-03-31,08:20:00,0.195,0.195,0.195,0.195,10000,0
2016-03-31,08:50:00,0.195,0.195,0.195,0.195,53000,0
2016-03-31,08:55:00,0.195,0.195,0.195,0.195,42000,0
2016-03-31,09:15:00,0.195,0.195,0.195,0.195,13000,0
2016-03-31,09:20:00,0.195,0.195,0.195,0.195,2000,0
2016-03-31,09:55:00,0.195,0.195,0.195,0.195,10000,0
