Date,Time,Open,High,Low,Close,Volume,OpenInt
2016-03-17,02:35:00,32.257,32.305,32.063,32.063,26841,0
2016-03-17,02:40:00,32.063,32.257,32.063,32.257,45423,0
2016-03-17,02:45:00,32.257,32.305,32.257,32.257,9291,0
2016-03-17,02:50:00,32.257,32.305,32.257,32.305,18582,0
2016-03-17,02:55:00,32.305,32.305,32.257,32.305,18582,0
2016-03-17,03:00:00,32.305,32.305,32.257,32.257,20647,0
2016-03-17,03:05:00,32.257,32.257,32.257,32.257,10323,0
2016-03-17,03:10:00,32.257,32.257,32.257,32.257,14453,0
2016-03-17,03:15:00,32.257,32.305,32.257,32.305,22712,0
2016-03-17,03:20:00,32.305,32.305,32.16,32.16,53682,0
2016-03-17,03:25:00,32.16,32.16,32.111,32.111,14453,0
2016-03-17,03:30:00,32.111,32.16,32.111,32.111,33035,0
2016-03-17,03:35:00,32.111,32.16,32.111,32.16,27873,0
2016-03-17,03:40:00,32.16,32.16,32.111,32.111,11356,0
2016-03-17,03:45:00,32.111,32.16,32.111,32.111,20647,0
2016-03-17,03:50:00,32.111,32.16,32.111,32.111,20647,0
2016-03-17,03:55:00,32.111,32.257,32.111,32.257,102202,0
2016-03-17,04:00:00,32.257,32.257,32.257,32.257,6194,0
2016-03-17,04:05:00,32.257,32.257,32.208,32.208,5162,0
2016-03-17,04:10:00,32.208,32.257,32.208,32.257,12388,0
2016-03-17,04:15:00,32.257,32.257,32.208,32.208,37164,0
2016-03-17,04:20:00,32.208,32.257,32.208,32.208,13420,0
2016-03-17,04:25:00,32.208,32.208,32.16,32.16,29938,0
2016-03-17,04:30:00,32.16,32.208,32.16,32.208,22712,0
2016-03-17,04:35:00,32.208,32.208,32.16,32.16,28906,0
2016-03-17,04:40:00,32.16,32.208,32.16,32.16,15485,0
2016-03-17,04:45:00,32.16,32.208,32.16,32.16,23744,0
2016-03-17,04:50:00,32.16,32.208,32.16,32.208,36132,0
2016-03-17,04:55:00,32.208,32.208,32.16,32.208,22712,0
2016-03-17,05:00:00,32.208,32.208,32.16,32.16,13420,0
2016-03-17,06:05:00,32.16,32.208,32.16,32.208,74329,0
2016-03-17,06:10:00,32.208,32.305,32.208,32.305,46456,0
2016-03-17,06:15:00,32.305,32.305,32.257,32.305,52650,0
2016-03-17,06:20:00,32.305,32.305,32.305,32.305,1032,0
2016-03-17,06:25:00,32.305,32.45,32.305,32.45,70200,0
2016-03-17,06:30:00,32.45,32.45,32.45,32.45,8259,0
2016-03-17,06:35:00,32.45,32.45,32.45,32.45,8259,0
2016-03-17,06:40:00,32.45,32.45,32.402,32.45,28119,0
2016-03-17,06:45:00,32.45,32.499,32.45,32.499,5162,0
2016-03-17,06:50:00,32.45,32.499,32.402,32.499,35100,0
2016-03-17,06:55:00,32.499,32.499,32.499,32.499,4129,0
2016-03-17,07:00:00,32.499,32.547,32.45,32.547,56779,0
2016-03-17,07:05:00,32.547,32.547,32.547,32.547,7226,0
2016-03-17,07:10:00,32.547,32.547,32.499,32.547,13420,0
2016-03-17,07:15:00,32.547,32.547,32.499,32.499,66070,0
2016-03-17,07:20:00,32.499,32.499,32.305,32.305,37164,0
2016-03-17,07:25:00,32.305,32.305,32.305,32.305,12388,0
2016-03-17,07:30:00,32.305,32.305,32.257,32.257,10323,0
2016-03-17,07:35:00,32.257,32.305,32.257,32.305,48520,0
2016-03-17,07:40:00,32.305,32.305,32.305,32.305,9291,0
2016-03-17,07:45:00,32.305,32.353,32.305,32.353,43359,0
2016-03-17,07:50:00,32.353,32.402,32.353,32.402,6194,0
2016-03-17,07:55:00,32.402,32.45,32.402,32.402,43359,0
2016-03-17,08:00:00,32.402,32.45,32.402,32.45,15485,0
2016-03-17,08:05:00,32.45,32.45,32.402,32.402,9291,0
2016-03-17,08:10:00,32.402,32.499,32.402,32.499,53682,0
2016-03-17,08:15:00,32.499,32.499,32.45,32.499,59876,0
2016-03-17,08:20:00,32.499,32.547,32.499,32.547,37164,0
2016-03-17,08:25:00,32.547,32.547,32.45,32.499,46456,0
2016-03-17,08:30:00,32.499,32.547,32.499,32.547,51617,0
2016-03-17,08:35:00,32.547,32.596,32.547,32.596,45423,0
2016-03-17,08:40:00,32.596,32.596,32.547,32.596,51617,0
2016-03-17,08:45:00,32.596,32.596,32.547,32.596,52650,0
2016-03-17,08:50:00,32.596,32.596,32.547,32.596,70200,0
2016-03-17,08:55:00,32.596,32.596,32.353,32.45,144528,0
2016-03-17,09:00:00,32.45,32.644,32.402,32.596,333448,0
2016-03-18,02:35:00,32.644,32.644,32.596,32.596,3097,0
2016-03-18,02:45:00,32.402,32.45,32.402,32.45,8259,0
2016-03-18,02:50:00,32.45,32.45,32.402,32.45,8259,0
2016-03-18,03:00:00,32.402,32.45,32.402,32.45,12388,0
2016-03-18,03:05:00,32.402,32.45,32.402,32.45,20647,0
2016-03-18,03:15:00,32.402,32.45,32.402,32.45,2065,0
2016-03-18,03:20:00,32.402,32.45,32.402,32.45,6194,0
2016-03-18,03:25:00,32.45,32.45,32.45,32.45,3097,0
2016-03-18,03:30:00,32.45,32.45,32.402,32.45,8259,0
2016-03-18,03:35:00,32.402,32.45,32.402,32.45,4129,0
2016-03-18,03:40:00,32.402,32.45,32.402,32.45,3097,0
2016-03-18,03:45:00,32.402,32.45,32.402,32.45,2065,0
2016-03-18,03:55:00,32.402,32.45,32.402,32.45,13420,0
2016-03-18,04:05:00,32.402,32.499,32.402,32.499,93943,0
2016-03-18,04:10:00,32.499,32.499,32.499,32.499,15485,0
2016-03-18,04:15:00,32.499,32.499,32.499,32.499,3097,0
2016-03-18,04:20:00,32.499,32.741,32.499,32.741,80523,0
2016-03-18,04:25:00,32.741,32.741,32.693,32.693,2065,0
2016-03-18,04:30:00,32.693,32.741,32.693,32.693,21179,0
2016-03-18,04:35:00,32.644,32.693,32.644,32.693,38197,0
2016-03-18,04:40:00,32.693,32.693,32.693,32.693,3097,0
2016-03-18,04:45:00,32.693,32.693,32.596,32.596,12388,0
2016-03-18,04:50:00,32.596,32.596,32.596,32.596,3097,0
2016-03-18,04:55:00,32.596,32.596,32.547,32.547,4226,0
2016-03-18,05:00:00,32.547,32.547,32.547,32.547,1032,0
2016-03-18,06:05:00,32.547,32.547,32.499,32.499,9291,0
2016-03-18,06:10:00,32.499,32.547,32.499,32.499,7226,0
2016-03-18,06:15:00,32.499,32.644,32.499,32.644,77426,0
2016-03-18,06:20:00,32.644,32.741,32.644,32.741,4129,0
2016-03-18,06:25:00,32.644,32.644,32.644,32.644,3097,0
2016-03-18,06:30:00,32.644,32.644,32.644,32.644,10323,0
2016-03-18,06:35:00,32.644,32.644,32.596,32.596,4129,0
2016-03-18,06:45:00,32.596,32.596,32.596,32.596,10323,0
2016-03-18,06:50:00,32.596,32.596,32.547,32.547,5162,0
2016-03-18,06:55:00,32.547,32.547,32.547,32.547,3097,0
2016-03-18,07:00:00,32.547,32.547,32.499,32.499,5975,0
2016-03-18,07:05:00,32.499,32.547,32.499,32.499,6194,0
2016-03-18,07:10:00,32.499,32.547,32.499,32.547,6194,0
2016-03-18,07:15:00,32.547,32.547,32.499,32.499,9291,0
2016-03-18,07:20:00,32.499,32.499,32.499,32.499,3097,0
2016-03-18,07:25:00,32.499,32.547,32.499,32.547,4129,0
2016-03-18,07:30:00,32.547,32.547,32.499,32.547,13420,0
2016-03-18,07:35:00,32.547,32.547,32.499,32.499,22712,0
2016-03-18,07:40:00,32.499,32.499,32.499,32.499,2065,0
2016-03-18,07:45:00,32.499,32.547,32.499,32.547,10035,0
2016-03-18,07:50:00,32.547,32.547,32.499,32.499,5162,0
2016-03-18,07:55:00,32.499,32.547,32.499,32.499,10323,0
2016-03-18,08:00:00,32.499,32.547,32.499,32.499,19615,0
2016-03-18,08:05:00,32.499,32.499,32.45,32.45,13420,0
2016-03-18,08:10:00,32.45,32.499,32.45,32.45,28906,0
2016-03-18,08:15:00,32.45,32.499,32.45,32.45,17550,0
2016-03-18,08:20:00,32.45,32.499,32.45,32.45,35100,0
2016-03-18,08:25:00,32.45,32.45,32.45,32.45,15485,0
2016-03-18,08:30:00,32.45,32.499,32.45,32.45,20647,0
2016-03-18,08:35:00,32.45,32.499,32.45,32.45,26841,0
2016-03-18,08:40:00,32.45,32.499,32.45,32.45,33035,0
2016-03-18,08:45:00,32.45,32.499,32.45,32.499,45423,0
2016-03-18,08:50:00,32.499,32.499,32.45,32.45,35100,0
2016-03-18,08:55:00,32.402,32.45,32.402,32.45,100138,0
2016-03-18,09:00:00,32.402,33.903,32.402,33.08,1173777,0
2016-03-21,02:35:00,32.7,32.85,32.7,32.8,14000,0
2016-03-21,02:40:00,32.8,32.8,32.75,32.75,5000,0
2016-03-21,02:45:00,32.75,32.75,32.65,32.65,33000,0
2016-03-21,02:50:00,32.65,32.7,32.65,32.65,16000,0
2016-03-21,02:55:00,32.65,32.65,32.6,32.6,15000,0
2016-03-21,03:00:00,32.6,32.6,32.4,32.4,9000,0
2016-03-21,03:05:00,32.4,32.4,32.35,32.35,12000,0
2016-03-21,03:15:00,32.25,32.55,32.25,32.55,67000,0
2016-03-21,03:20:00,32.55,32.55,32.55,32.55,9000,0
2016-03-21,03:25:00,32.55,32.55,32.55,32.55,11000,0
2016-03-21,03:30:00,32.55,32.55,32.5,32.5,6000,0
2016-03-21,03:35:00,32.5,32.55,32.5,32.5,28000,0
2016-03-21,03:40:00,32.5,32.55,32.5,32.5,7000,0
2016-03-21,03:45:00,32.5,32.55,32.5,32.55,2000,0
2016-03-21,03:50:00,32.55,32.55,32.5,32.55,8000,0
2016-03-21,03:55:00,32.55,32.55,32.5,32.5,8000,0
2016-03-21,04:00:00,32.5,32.55,32.5,32.55,32000,0
2016-03-21,04:10:00,32.55,32.55,32.5,32.55,11000,0
2016-03-21,04:15:00,32.55,32.55,32.55,32.55,4000,0
2016-03-21,04:20:00,32.55,32.55,32.45,32.45,44000,0
2016-03-21,04:25:00,32.45,32.5,32.45,32.45,29600,0
2016-03-21,04:30:00,32.45,32.45,32.45,32.45,2000,0
2016-03-21,04:35:00,32.45,32.5,32.45,32.5,23000,0
2016-03-21,04:40:00,32.5,32.5,32.45,32.5,10225,0
2016-03-21,04:45:00,32.5,32.5,32.5,32.5,7000,0
2016-03-21,04:50:00,32.5,32.5,32.45,32.5,14000,0
2016-03-21,04:55:00,32.5,32.55,32.5,32.55,49000,0
2016-03-21,05:00:00,32.55,32.55,32.55,32.55,7000,0
2016-03-21,06:05:00,32.55,32.55,32.5,32.55,15000,0
2016-03-21,06:10:00,32.55,32.55,32.55,32.55,6000,0
2016-03-21,06:15:00,32.55,32.55,32.5,32.55,14000,0
2016-03-21,06:20:00,32.55,32.55,32.5,32.55,8000,0
2016-03-21,06:25:00,32.55,32.55,32.5,32.5,12000,0
2016-03-21,06:30:00,32.5,32.55,32.5,32.55,13000,0
2016-03-21,06:35:00,32.55,32.55,32.55,32.55,5000,0
2016-03-21,06:40:00,32.55,32.55,32.5,32.5,13000,0
2016-03-21,06:45:00,32.5,32.55,32.5,32.55,16000,0
2016-03-21,06:50:00,32.55,32.55,32.5,32.55,10000,0
2016-03-21,06:55:00,32.55,32.55,32.5,32.5,12000,0
2016-03-21,07:00:00,32.5,32.55,32.5,32.55,16000,0
2016-03-21,07:05:00,32.55,32.55,32.5,32.55,26000,0
2016-03-21,07:10:00,32.55,32.55,32.5,32.55,9000,0
2016-03-21,07:15:00,32.55,32.55,32.5,32.55,23000,0
2016-03-21,07:20:00,32.55,32.55,32.5,32.55,20000,0
2016-03-21,07:25:00,32.55,32.55,32.45,32.45,129000,0
2016-03-21,07:30:00,32.45,32.5,32.45,32.5,13000,0
2016-03-21,07:35:00,32.5,32.5,32.45,32.5,12000,0
2016-03-21,07:40:00,32.5,32.5,32.45,32.45,16000,0
2016-03-21,07:45:00,32.45,32.5,32.45,32.45,14000,0
2016-03-21,07:50:00,32.45,32.5,32.45,32.45,17000,0
2016-03-21,07:55:00,32.45,32.5,32.45,32.45,8000,0
2016-03-21,08:00:00,32.45,32.5,32.45,32.5,19000,0
2016-03-21,08:05:00,32.5,32.5,32.45,32.45,41000,0
2016-03-21,08:10:00,32.45,32.45,32.45,32.45,3000,0
2016-03-21,08:15:00,32.45,32.5,32.45,32.45,7000,0
2016-03-21,08:20:00,32.45,32.5,32.45,32.45,14000,0
2016-03-21,08:25:00,32.45,32.5,32.45,32.45,13000,0
2016-03-21,08:30:00,32.45,32.5,32.45,32.45,13000,0
2016-03-21,08:35:00,32.45,32.5,32.45,32.45,16000,0
2016-03-21,08:40:00,32.45,32.5,32.45,32.45,24000,0
2016-03-21,08:45:00,32.45,32.5,32.45,32.5,26000,0
2016-03-21,08:50:00,32.5,32.5,32.45,32.5,24000,0
2016-03-21,08:55:00,32.5,32.5,32.45,32.5,23000,0
2016-03-21,09:00:00,32.5,32.5,32.35,32.4,249000,0
2016-03-22,02:35:00,33.8,33.8,32.7,32.7,60000,0
2016-03-22,02:40:00,32.7,32.7,32.65,32.7,25167,0
2016-03-22,02:45:00,32.7,32.7,32.65,32.65,17000,0
2016-03-22,02:50:00,32.65,33.05,32.65,32.95,136000,0
2016-03-22,02:55:00,32.95,33,32.95,32.95,31000,0
2016-03-22,03:00:00,32.95,32.95,32.85,32.9,23000,0
2016-03-22,03:05:00,32.9,32.9,32.85,32.85,2000,0
2016-03-22,03:15:00,32.85,32.9,32.85,32.85,11000,0
2016-03-22,03:20:00,32.85,32.9,32.85,32.85,23000,0
2016-03-22,03:25:00,32.85,32.85,32.75,32.75,11000,0
2016-03-22,03:30:00,32.75,32.75,32.7,32.7,7000,0
2016-03-22,03:35:00,32.7,32.7,32.65,32.65,15994,0
2016-03-22,03:40:00,32.65,32.65,32.65,32.65,6000,0
2016-03-22,03:45:00,32.65,32.65,32.55,32.55,15000,0
2016-03-22,03:50:00,32.55,32.6,32.55,32.55,6000,0
2016-03-22,03:55:00,32.55,32.55,32.55,32.55,8000,0
2016-03-22,04:00:00,32.55,32.55,32.5,32.5,11000,0
2016-03-22,04:05:00,32.5,32.5,32.35,32.35,15000,0
2016-03-22,04:10:00,32.35,32.35,32.35,32.35,6000,0
2016-03-22,04:15:00,32.35,32.4,32.35,32.4,8000,0
2016-03-22,04:20:00,32.4,32.4,32.35,32.4,15000,0
2016-03-22,04:25:00,32.4,32.4,32.3,32.3,16000,0
2016-03-22,04:30:00,32.25,32.75,32.25,32.7,68000,0
2016-03-22,04:35:00,32.7,32.7,32.65,32.65,4000,0
2016-03-22,04:50:00,32.55,32.55,32.5,32.5,4000,0
2016-03-22,04:55:00,32.5,32.55,32.5,32.5,9000,0
2016-03-22,05:00:00,32.5,32.5,32.5,32.5,7000,0
2016-03-22,06:05:00,32.5,32.55,32.5,32.55,7000,0
2016-03-22,06:10:00,32.55,32.55,32.5,32.55,4000,0
2016-03-22,06:15:00,32.55,32.55,32.5,32.5,5000,0
2016-03-22,06:20:00,32.5,32.55,32.5,32.5,7000,0
2016-03-22,06:25:00,32.5,32.55,32.5,32.55,19000,0
2016-03-22,06:30:00,32.55,32.55,32.5,32.5,8000,0
2016-03-22,06:35:00,32.5,32.5,32.5,32.5,9000,0
2016-03-22,06:40:00,32.5,32.55,32.5,32.5,6000,0
2016-03-22,06:45:00,32.5,32.55,32.5,32.5,9140,0
2016-03-22,06:50:00,32.5,32.55,32.5,32.55,14000,0
2016-03-22,06:55:00,32.55,32.55,32.5,32.5,6000,0
2016-03-22,07:00:00,32.5,32.55,32.5,32.5,19000,0
2016-03-22,07:05:00,32.5,32.55,32.5,32.5,7000,0
2016-03-22,07:10:00,32.5,32.5,32.45,32.45,22000,0
2016-03-22,07:15:00,32.45,32.45,32.45,32.45,5000,0
2016-03-22,07:20:00,32.45,32.5,32.45,32.45,6000,0
2016-03-22,07:25:00,32.45,32.5,32.45,32.5,23000,0
2016-03-22,07:30:00,32.5,32.5,32.45,32.45,11000,0
2016-03-22,07:35:00,32.45,32.5,32.45,32.45,10000,0
2016-03-22,07:40:00,32.45,32.5,32.45,32.5,12000,0
2016-03-22,07:45:00,32.5,32.5,32.45,32.45,12000,0
2016-03-22,07:50:00,32.45,32.5,32.45,32.5,15000,0
2016-03-22,07:55:00,32.5,32.5,32.45,32.5,21000,0
2016-03-22,08:00:00,32.5,32.5,32.45,32.45,8000,0
2016-03-22,08:05:00,32.45,32.5,32.45,32.5,29000,0
2016-03-22,08:10:00,32.5,32.5,32.45,32.45,10000,0
2016-03-22,08:15:00,32.45,32.5,32.45,32.45,8000,0
2016-03-22,08:20:00,32.45,32.5,32.45,32.5,8000,0
2016-03-22,08:25:00,32.5,32.5,32.45,32.5,11000,0
2016-03-22,08:30:00,32.5,32.5,32.45,32.45,29000,0
2016-03-22,08:35:00,32.45,32.5,32.45,32.5,18000,0
2016-03-22,08:40:00,32.5,32.5,32.45,32.45,35950,0
2016-03-22,08:45:00,32.45,32.5,32.4,32.45,50000,0
2016-03-22,08:50:00,32.45,32.5,32.4,32.5,81000,0
2016-03-22,08:55:00,32.5,32.65,32.45,32.6,73000,0
2016-03-22,09:00:00,32.6,32.7,32.55,32.7,253000,0
2016-03-23,02:35:00,32.75,32.75,32.7,32.75,22373,0
2016-03-23,02:40:00,32.75,32.75,32.7,32.75,13000,0
2016-03-23,02:45:00,32.75,32.75,32.7,32.7,2000,0
2016-03-23,02:50:00,32.7,32.75,32.7,32.75,3000,0
2016-03-23,03:00:00,32.75,32.75,32.7,32.7,30000,0
2016-03-23,03:05:00,32.7,32.75,32.7,32.75,8000,0
2016-03-23,03:10:00,32.75,32.75,32.75,32.75,2000,0
2016-03-23,03:15:00,32.75,32.75,32.7,32.75,17000,0
2016-03-23,03:20:00,32.75,32.75,32.7,32.75,14000,0
2016-03-23,03:30:00,32.75,32.75,32.3,32.35,28000,0
2016-03-23,03:40:00,32.4,32.7,32.4,32.4,7000,0
2016-03-23,03:50:00,32.4,32.4,32.4,32.4,1000,0
2016-03-23,03:55:00,32.4,32.65,32.4,32.65,8000,0
2016-03-23,04:00:00,32.65,32.65,32.45,32.45,3000,0
2016-03-23,04:05:00,32.45,32.45,32.35,32.35,24000,0
2016-03-23,04:15:00,32.35,32.55,32.35,32.55,2000,0
2016-03-23,04:20:00,32.55,32.55,32.5,32.5,2000,0
2016-03-23,04:25:00,32.5,32.5,32.5,32.5,16000,0
2016-03-23,04:35:00,32.5,32.5,32.45,32.45,5000,0
2016-03-23,04:45:00,32.45,32.5,32.45,32.45,6000,0
2016-03-23,05:00:00,32.45,32.5,32.45,32.5,3000,0
2016-03-23,06:05:00,32.5,32.5,32.2,32.2,57000,0
2016-03-23,06:10:00,32.3,32.3,32.25,32.25,10000,0
2016-03-23,06:15:00,32.25,32.25,32.25,32.25,4000,0
2016-03-23,06:20:00,32.25,32.25,32.25,32.25,1000,0
2016-03-23,06:25:00,32.25,32.25,32.2,32.2,12000,0
2016-03-23,06:30:00,32.2,32.2,32.2,32.2,5000,0
2016-03-23,06:35:00,32.2,32.2,32.2,32.2,6000,0
2016-03-23,06:40:00,32.2,32.2,32.15,32.2,13000,0
2016-03-23,06:45:00,32.2,32.2,32.15,32.15,10000,0
2016-03-23,06:50:00,32.15,32.15,32.15,32.15,3000,0
2016-03-23,06:55:00,32.15,32.2,32.15,32.2,4988,0
2016-03-23,07:00:00,32.2,32.2,32.15,32.15,10357,0
2016-03-23,07:05:00,32.15,32.2,32.15,32.15,9000,0
2016-03-23,07:10:00,32.15,32.15,32.1,32.1,14000,0
2016-03-23,07:15:00,32.1,32.1,32.05,32.05,6000,0
2016-03-23,07:20:00,32.05,32.1,32.05,32.05,9000,0
2016-03-23,07:25:00,32,32.15,32,32.1,78000,0
2016-03-23,07:30:00,32.1,32.3,32.1,32.3,7000,0
2016-03-23,07:35:00,32.3,32.3,32.3,32.3,2000,0
2016-03-23,07:40:00,32.3,32.3,32.25,32.25,15000,0
2016-03-23,07:45:00,32.25,32.25,32.25,32.25,6000,0
2016-03-23,07:50:00,32.25,32.3,32.25,32.25,7000,0
2016-03-23,07:55:00,32.25,32.3,32.25,32.3,4000,0
2016-03-23,08:00:00,32.3,32.3,32.25,32.3,9000,0
2016-03-23,08:05:00,32.3,32.3,32.25,32.25,9000,0
2016-03-23,08:10:00,32.25,32.3,32.25,32.3,5000,0
2016-03-23,08:15:00,32.3,32.3,32.3,32.3,1000,0
2016-03-23,08:20:00,32.3,32.3,32.25,32.25,5000,0
2016-03-23,08:25:00,32.25,32.3,32.25,32.25,6000,0
2016-03-23,08:30:00,32.25,32.3,32.25,32.25,41000,0
2016-03-23,08:35:00,32.25,32.3,32.25,32.3,3000,0
2016-03-23,08:40:00,32.3,32.3,32.3,32.3,4000,0
2016-03-23,08:45:00,32.3,32.3,32.25,32.25,9000,0
2016-03-23,08:50:00,32.25,32.3,32.25,32.3,12000,0
2016-03-23,08:55:00,32.3,32.3,32.25,32.25,19000,0
2016-03-23,09:00:00,32.25,32.4,32.15,32.15,363000,0
2016-03-24,02:35:00,31.9,32.25,31.9,32,37400,0
2016-03-24,02:50:00,32.05,32.2,32.05,32.15,69000,0
2016-03-24,02:55:00,32.15,32.2,32.15,32.2,7000,0
2016-03-24,03:00:00,32.2,32.2,32.15,32.2,15000,0
2016-03-24,03:05:00,32.2,32.25,31.8,31.8,102000,0
2016-03-24,03:10:00,31.8,31.9,31.8,31.9,19000,0
2016-03-24,03:15:00,31.9,32,31.85,31.9,34000,0
2016-03-24,03:20:00,31.9,31.95,31.85,31.95,9119,0
2016-03-24,03:25:00,31.95,31.95,31.95,31.95,2000,0
2016-03-24,03:30:00,31.95,32,31.95,32,7000,0
2016-03-24,03:35:00,32,32,32,32,1000,0
2016-03-24,03:40:00,32,32.05,32,32.05,3000,0
2016-03-24,03:45:00,32.05,32.05,32.05,32.05,1000,0
2016-03-24,03:55:00,32.05,32.05,32.05,32.05,2000,0
2016-03-24,04:00:00,32.05,32.05,32.05,32.05,2000,0
2016-03-24,04:10:00,32.05,32.05,32.05,32.05,7000,0
2016-03-24,04:15:00,32.05,32.05,31.9,31.9,33000,0
2016-03-24,04:20:00,31.9,31.95,31.85,31.95,54000,0
2016-03-24,04:25:00,31.95,31.95,31.95,31.95,102,0
2016-03-24,04:30:00,31.95,31.95,31.9,31.9,2000,0
2016-03-24,04:40:00,31.9,31.9,31.85,31.85,13000,0
2016-03-24,04:45:00,31.85,31.9,31.85,31.9,7000,0
2016-03-24,04:50:00,31.9,31.9,31.85,31.85,4000,0
2016-03-24,05:00:00,31.85,31.85,31.85,31.85,7000,0
2016-03-24,06:05:00,31.85,31.85,31.85,31.85,1100,0
2016-03-24,06:15:00,31.85,31.85,31.85,31.85,3000,0
2016-03-24,06:20:00,31.85,31.85,31.85,31.85,1000,0
2016-03-24,06:25:00,31.85,31.9,31.85,31.85,12000,0
2016-03-24,06:30:00,31.85,31.85,31.85,31.85,3000,0
2016-03-24,06:35:00,31.85,31.85,31.85,31.85,12000,0
2016-03-24,06:40:00,31.85,31.85,31.85,31.85,1000,0
2016-03-24,06:45:00,31.85,31.85,31.85,31.85,4000,0
2016-03-24,06:50:00,31.85,31.85,31.85,31.85,3000,0
2016-03-24,06:55:00,31.85,31.85,31.85,31.85,3000,0
2016-03-24,07:00:00,31.85,31.85,31.85,31.85,1000,0
2016-03-24,07:05:00,31.85,31.85,31.85,31.85,3000,0
2016-03-24,07:10:00,31.85,31.85,31.85,31.85,1000,0
2016-03-24,07:15:00,31.85,31.95,31.85,31.95,158000,0
2016-03-24,07:25:00,31.95,31.95,31.85,31.9,44000,0
2016-03-24,07:30:00,31.9,31.9,31.85,31.85,5000,0
2016-03-24,07:35:00,31.85,31.85,31.85,31.85,3000,0
2016-03-24,07:40:00,31.85,31.85,31.85,31.85,5000,0
2016-03-24,07:45:00,31.85,31.85,31.85,31.85,2000,0
2016-03-24,07:50:00,31.85,31.85,31.7,31.7,103000,0
2016-03-24,07:55:00,31.7,31.7,31.7,31.7,1000,0
2016-03-24,08:00:00,31.7,31.7,31.65,31.65,18000,0
2016-03-24,08:05:00,31.65,31.65,31.65,31.65,1000,0
2016-03-24,08:10:00,31.65,31.65,31.65,31.65,1000,0
2016-03-24,08:15:00,31.65,31.65,31.65,31.65,1000,0
2016-03-24,08:20:00,31.65,31.7,31.65,31.65,10000,0
2016-03-24,08:25:00,31.65,31.7,31.65,31.65,29000,0
2016-03-24,08:30:00,31.65,31.7,31.65,31.65,15000,0
2016-03-24,08:35:00,31.65,31.65,31.65,31.65,8000,0
2016-03-24,08:40:00,31.65,31.7,31.65,31.65,56000,0
2016-03-24,08:45:00,31.65,31.7,31.65,31.65,62000,0
2016-03-24,08:50:00,31.65,31.9,31.65,31.9,205000,0
2016-03-24,08:55:00,31.9,31.95,31.7,31.7,78000,0
2016-03-24,09:00:00,31.7,31.8,31.65,31.7,268000,0
2016-03-29,03:35:00,32,32,31.65,31.75,34000,0
2016-03-29,03:45:00,31.75,31.85,31.75,31.8,70000,0
2016-03-29,03:50:00,31.8,31.9,31.8,31.9,9000,0
2016-03-29,03:55:00,31.9,31.9,31.85,31.85,39000,0
2016-03-29,04:00:00,31.85,31.85,31.8,31.85,24000,0
2016-03-29,04:05:00,31.85,31.85,31.8,31.8,16000,0
2016-03-29,04:10:00,31.8,31.8,31.8,31.8,48000,0
2016-03-29,04:15:00,31.8,31.85,31.8,31.85,3000,0
2016-03-29,04:20:00,31.85,31.85,31.75,31.75,56095,0
2016-03-29,04:25:00,31.75,31.75,31.75,31.75,52,0
2016-03-29,04:30:00,31.75,31.75,31.75,31.75,24000,0
2016-03-29,04:35:00,31.75,31.8,31.75,31.75,35000,0
2016-03-29,04:40:00,31.75,31.75,31.7,31.7,10000,0
2016-03-29,04:45:00,31.7,31.7,31.7,31.7,35000,0
2016-03-29,04:50:00,31.7,31.75,31.7,31.7,19000,0
2016-03-29,04:55:00,31.7,31.75,31.7,31.7,37000,0
2016-03-29,05:00:00,31.7,31.7,31.7,31.7,11000,0
2016-03-29,05:05:00,31.7,31.7,31.7,31.7,31000,0
2016-03-29,05:10:00,31.7,31.75,31.7,31.75,27000,0
2016-03-29,05:15:00,31.75,31.75,31.7,31.7,29000,0
2016-03-29,05:20:00,31.7,31.7,31.65,31.65,10000,0
2016-03-29,05:25:00,31.65,31.7,31.65,31.65,37000,0
2016-03-29,05:30:00,31.65,31.65,31.65,31.65,25000,0
2016-03-29,05:35:00,31.65,31.65,31.65,31.65,11000,0
2016-03-29,05:40:00,31.65,31.65,31.65,31.65,23000,0
2016-03-29,05:45:00,31.65,31.65,31.6,31.6,20000,0
2016-03-29,05:50:00,31.6,31.65,31.6,31.6,46000,0
2016-03-29,05:55:00,31.6,31.6,31.55,31.55,18000,0
2016-03-29,06:00:00,31.55,31.55,31.55,31.55,13750,0
2016-03-29,07:05:00,31.55,31.55,31.55,31.55,3000,0
2016-03-29,07:10:00,31.55,31.55,31.5,31.5,18000,0
2016-03-29,07:15:00,31.5,31.55,31.5,31.5,53000,0
2016-03-29,07:20:00,31.5,31.5,31.5,31.5,24000,0
2016-03-29,07:25:00,31.5,31.5,31.5,31.5,19000,0
2016-03-29,07:30:00,31.5,31.5,31.45,31.45,61000,0
2016-03-29,07:35:00,31.45,31.5,31.45,31.45,34000,0
2016-03-29,07:40:00,31.45,31.45,31.45,31.45,24000,0
2016-03-29,07:45:00,31.45,31.45,31.4,31.4,38948,0
2016-03-29,07:50:00,31.4,31.4,31.4,31.4,23000,0
2016-03-29,08:00:00,31.4,31.4,31.35,31.35,56000,0
2016-03-29,08:05:00,31.35,31.4,31.35,31.4,40000,0
2016-03-29,08:10:00,31.4,31.4,31.4,31.4,4000,0
2016-03-29,08:15:00,31.4,31.4,31.35,31.4,17000,0
2016-03-29,08:20:00,31.4,31.4,31.4,31.4,6000,0
2016-03-29,08:25:00,31.4,31.4,31.35,31.4,21000,0
2016-03-29,08:30:00,31.4,31.4,31.35,31.35,20000,0
2016-03-29,08:35:00,31.35,31.4,31.35,31.4,10000,0
2016-03-29,08:40:00,31.4,31.4,31.35,31.4,30000,0
2016-03-29,08:45:00,31.4,31.4,31.35,31.4,35400,0
2016-03-29,08:50:00,31.4,31.4,31.35,31.4,37000,0
2016-03-29,08:55:00,31.4,31.4,31.35,31.4,25000,0
2016-03-29,09:00:00,31.4,31.6,31.4,31.6,81000,0
2016-03-29,09:05:00,31.6,31.6,31.6,31.6,2000,0
2016-03-29,09:10:00,31.6,31.7,31.6,31.65,63000,0
2016-03-29,09:15:00,31.65,31.65,31.65,31.65,12000,0
2016-03-29,09:20:00,31.65,31.65,31.6,31.6,22000,0
2016-03-29,09:25:00,31.6,31.65,31.6,31.65,12000,0
2016-03-29,09:30:00,31.65,31.7,31.65,31.7,14000,0
2016-03-29,09:35:00,31.7,31.7,31.65,31.7,19000,0
2016-03-29,09:40:00,31.7,31.8,31.7,31.8,42000,0
2016-03-29,09:45:00,31.8,31.85,31.75,31.85,63000,0
2016-03-29,09:50:00,31.85,31.85,31.85,31.85,75000,0
2016-03-29,09:55:00,31.85,31.9,31.85,31.85,72000,0
2016-03-29,10:00:00,31.85,31.95,31.85,31.9,334000,0
2016-03-30,03:45:00,32.65,32.65,32.35,32.35,9000,0
2016-03-30,03:50:00,32.35,32.35,32.35,32.35,28000,0
2016-03-30,03:55:00,32.35,32.4,32.35,32.4,15000,0
2016-03-30,04:05:00,32.4,32.55,32.35,32.55,36000,0
2016-03-30,04:10:00,32.55,32.55,32.5,32.5,3000,0
2016-03-30,04:15:00,32.5,32.55,32.45,32.45,29000,0
2016-03-30,04:20:00,32.45,32.5,32.45,32.5,8000,0
2016-03-30,04:25:00,32.5,32.55,32.5,32.55,2000,0
2016-03-30,04:30:00,32.55,32.55,32.55,32.55,1000,0
2016-03-30,04:35:00,32.55,32.55,32.5,32.5,6000,0
2016-03-30,04:40:00,32.5,32.5,32.5,32.5,1000,0
2016-03-30,04:45:00,32.5,32.55,32.5,32.55,11000,0
2016-03-30,04:55:00,32.55,32.55,32.55,32.55,7000,0
2016-03-30,05:00:00,32.55,32.55,32.5,32.55,5000,0
2016-03-30,05:05:00,32.55,32.55,32.5,32.55,17704,0
2016-03-30,05:10:00,32.55,32.55,32.5,32.55,7000,0
2016-03-30,05:15:00,32.55,32.55,32.55,32.55,1000,0
2016-03-30,05:20:00,32.55,32.55,32.55,32.55,1000,0
2016-03-30,05:25:00,32.55,32.55,32.55,32.55,7000,0
2016-03-30,05:30:00,32.55,32.55,32.55,32.55,15000,0
2016-03-30,05:35:00,32.55,32.6,32.55,32.6,37000,0
2016-03-30,05:40:00,32.6,32.6,32.6,32.6,10936,0
2016-03-30,05:45:00,32.6,32.65,32.55,32.65,25000,0
2016-03-30,05:50:00,32.65,32.65,32.65,32.65,7000,0
2016-03-30,05:55:00,32.65,32.65,32.65,32.65,19952,0
2016-03-30,06:00:00,32.65,32.65,32.6,32.65,18749,0
2016-03-30,07:05:00,32.65,32.7,32.65,32.65,20000,0
2016-03-30,07:10:00,32.65,32.7,32.65,32.7,9000,0
2016-03-30,07:15:00,32.7,32.7,32.7,32.7,14000,0
2016-03-30,07:20:00,32.7,32.75,32.7,32.75,13000,0
2016-03-30,07:25:00,32.75,32.8,32.75,32.75,22000,0
2016-03-30,07:30:00,32.75,32.8,32.75,32.8,16000,0
2016-03-30,07:35:00,32.8,32.8,32.8,32.8,12000,0
2016-03-30,07:40:00,32.8,32.8,32.75,32.75,48000,0
2016-03-30,07:45:00,32.75,32.8,32.75,32.8,7000,0
2016-03-30,07:50:00,32.8,32.8,32.75,32.8,12000,0
2016-03-30,07:55:00,32.8,32.8,32.75,32.75,12000,0
2016-03-30,08:00:00,32.75,32.8,32.75,32.8,10000,0
2016-03-30,08:05:00,32.8,32.8,32.8,32.8,11000,0
2016-03-30,08:10:00,32.8,32.8,32.8,32.8,14000,0
2016-03-30,08:15:00,32.8,32.8,32.75,32.8,17000,0
2016-03-30,08:20:00,32.8,32.8,32.8,32.8,13000,0
2016-03-30,08:25:00,32.8,32.8,32.8,32.8,21000,0
2016-03-30,08:30:00,32.8,32.85,32.8,32.8,48000,0
2016-03-30,08:35:00,32.8,32.85,32.8,32.85,16000,0
2016-03-30,08:40:00,32.85,32.85,32.8,32.8,20000,0
2016-03-30,08:45:00,32.8,32.85,32.8,32.85,31000,0
2016-03-30,08:50:00,32.85,32.85,32.8,32.8,24000,0
2016-03-30,08:55:00,32.8,32.85,32.8,32.85,21000,0
2016-03-30,09:00:00,32.85,32.85,32.85,32.85,16000,0
2016-03-30,09:05:00,32.85,32.85,32.8,32.85,73000,0
2016-03-30,09:10:00,32.85,32.85,32.8,32.85,38000,0
2016-03-30,09:15:00,32.85,32.85,32.8,32.8,22000,0
2016-03-30,09:20:00,32.8,32.85,32.8,32.85,29000,0
2016-03-30,09:25:00,32.85,32.85,32.8,32.85,39000,0
2016-03-30,09:30:00,32.85,32.9,32.85,32.9,11000,0
2016-03-30,09:35:00,32.9,32.9,32.85,32.9,25000,0
2016-03-30,09:40:00,32.9,32.9,32.9,32.9,11000,0
2016-03-30,09:45:00,32.9,32.9,32.85,32.9,42000,0
2016-03-30,09:50:00,32.9,32.9,32.8,32.85,115000,0
2016-03-30,09:55:00,32.85,32.85,32.75,32.75,47000,0
2016-03-30,10:00:00,32.75,32.85,32.6,32.85,220000,0
2016-03-31,03:45:00,32.75,32.85,32.7,32.75,29000,0
2016-03-31,03:55:00,32.75,32.75,32.75,32.75,1000,0
2016-03-31,04:00:00,32.75,32.8,32.7,32.7,12000,0
2016-03-31,04:05:00,32.7,32.75,32.65,32.65,14000,0
2016-03-31,04:10:00,32.65,32.65,32.6,32.6,3000,0
2016-03-31,04:20:00,32.5,32.65,32.5,32.65,2700,0
2016-03-31,04:25:00,32.5,32.55,32.5,32.55,2000,0
2016-03-31,04:30:00,32.6,32.65,32.6,32.65,15000,0
2016-03-31,04:45:00,32.65,33,32.65,32.9,38000,0
2016-03-31,04:50:00,32.9,32.9,32.9,32.9,1000,0
2016-03-31,04:55:00,32.9,32.9,32.9,32.9,7000,0
2016-03-31,05:00:00,32.9,32.9,32.9,32.9,9000,0
2016-03-31,05:05:00,32.9,32.9,32.85,32.9,22000,0
2016-03-31,05:10:00,32.9,32.9,32.9,32.9,8000,0
2016-03-31,05:15:00,32.9,32.9,32.85,32.9,17000,0
2016-03-31,05:20:00,32.9,32.9,32.85,32.9,21000,0
2016-03-31,05:25:00,32.9,32.9,32.9,32.9,1000,0
2016-03-31,05:30:00,32.9,32.9,32.9,32.9,6000,0
2016-03-31,05:35:00,32.9,32.9,32.9,32.9,6000,0
2016-03-31,05:40:00,32.9,32.95,32.9,32.95,52194,0
2016-03-31,05:45:00,32.95,32.95,32.95,32.95,25000,0
2016-03-31,05:50:00,32.95,33.05,32.95,33.05,48000,0
2016-03-31,05:55:00,33.05,33.05,33.05,33.05,5000,0
2016-03-31,06:00:00,33.05,33.05,33,33.05,14015,0
2016-03-31,07:05:00,33.05,33.05,33,33.05,8000,0
2016-03-31,07:10:00,33.05,33.05,33.05,33.05,5000,0
2016-03-31,07:15:00,33.05,33.05,33.05,33.05,11000,0
2016-03-31,07:20:00,33.05,33.05,33.05,33.05,5000,0
2016-03-31,07:25:00,33.05,33.05,33,33.05,8000,0
2016-03-31,07:30:00,33.05,33.05,33.05,33.05,4000,0
2016-03-31,07:35:00,33.05,33.05,33.05,33.05,7000,0
2016-03-31,07:40:00,33.05,33.05,33.05,33.05,5000,0
2016-03-31,07:45:00,33.05,33.05,33.05,33.05,6000,0
2016-03-31,07:50:00,33.05,33.05,33.05,33.05,6752,0
2016-03-31,07:55:00,33.05,33.05,33,33,5000,0
2016-03-31,08:00:00,33,33.05,33,33.05,8000,0
2016-03-31,08:05:00,33.05,33.05,33.05,33.05,6000,0
2016-03-31,08:10:00,33.05,33.05,33.05,33.05,6000,0
2016-03-31,08:15:00,33.05,33.05,33.05,33.05,5000,0
2016-03-31,08:20:00,33.05,33.05,33,33,5000,0
2016-03-31,08:25:00,33,33.05,33,33,17000,0
2016-03-31,08:30:00,33,33.05,33,33.05,8000,0
2016-03-31,08:35:00,33.05,33.05,33,33,142000,0
2016-03-31,08:40:00,33,33,32.95,32.95,9000,0
2016-03-31,08:45:00,32.95,32.95,32.85,32.85,10000,0
2016-03-31,08:50:00,32.85,32.9,32.85,32.9,2000,0
2016-03-31,08:55:00,32.9,32.9,32.85,32.85,5000,0
2016-03-31,09:00:00,32.85,32.9,32.85,32.9,10000,0
2016-03-31,09:05:00,32.9,32.9,32.85,32.85,3000,0
2016-03-31,09:10:00,32.85,32.9,32.85,32.9,9000,0
2016-03-31,09:15:00,32.9,32.9,32.85,32.9,10000,0
2016-03-31,09:20:00,32.9,32.9,32.9,32.9,3000,0
2016-03-31,09:25:00,32.9,32.9,32.85,32.9,5000,0
2016-03-31,09:30:00,32.9,32.9,32.9,32.9,5000,0
2016-03-31,09:35:00,32.9,32.9,32.85,32.9,12000,0
2016-03-31,09:40:00,32.9,32.9,32.85,32.9,9000,0
2016-03-31,09:45:00,32.9,32.9,32.85,32.85,14000,0
2016-03-31,09:50:00,32.85,32.9,32.85,32.9,19000,0
2016-03-31,09:55:00,32.9,32.9,32.85,32.9,23000,0
2016-03-31,10:00:00,32.9,33.05,32.85,33.05,492000,0
2016-04-01,03:35:00,33.05,33.35,33.05,33.05,16000,0
2016-04-01,03:40:00,33.05,33.05,32.55,32.55,50000,0
2016-04-01,03:45:00,32.55,32.55,32.4,32.45,21000,0
2016-04-01,03:50:00,32.5,32.5,32.45,32.5,14000,0
2016-04-01,04:00:00,32.5,32.5,32.45,32.45,13000,0
2016-04-01,04:05:00,32.45,32.5,32.45,32.5,23000,0
2016-04-01,04:10:00,32.5,32.5,32.45,32.45,4000,0
2016-04-01,04:15:00,32.45,32.5,32.45,32.5,3000,0
2016-04-01,04:20:00,32.5,32.5,32.45,32.5,13020,0
2016-04-01,04:25:00,32.5,32.5,32.45,32.5,9000,0
2016-04-01,04:30:00,32.5,32.5,32.45,32.5,7000,0
2016-04-01,04:35:00,32.5,32.5,32.45,32.45,20000,0
2016-04-01,04:40:00,32.45,32.5,32.45,32.45,6000,0
2016-04-01,04:45:00,32.45,32.5,32.45,32.5,6000,0
2016-04-01,04:50:00,32.5,32.5,32.45,32.45,10793,0
2016-04-01,04:55:00,32.45,32.5,32.45,32.45,12000,0
2016-04-01,05:00:00,32.45,32.5,32.45,32.45,19000,0
2016-04-01,05:05:00,32.45,32.5,32.45,32.5,25000,0
2016-04-01,05:10:00,32.5,32.5,32.45,32.5,18000,0
2016-04-01,05:15:00,32.5,32.5,32.45,32.5,8000,0
2016-04-01,05:20:00,32.5,32.5,32.45,32.5,24000,0
2016-04-01,05:25:00,32.5,32.5,32.45,32.45,7000,0
2016-04-01,05:30:00,32.45,32.5,32.45,32.45,16000,0
2016-04-01,05:35:00,32.45,32.5,32.45,32.45,21000,0
2016-04-01,05:40:00,32.45,32.5,32.45,32.5,7000,0
2016-04-01,05:45:00,32.5,32.5,32.45,32.5,14000,0
2016-04-01,05:50:00,32.5,32.5,32.45,32.5,7000,0
2016-04-01,05:55:00,32.5,32.5,32.45,32.45,28059,0
2016-04-01,06:00:00,32.45,32.5,32.45,32.5,48000,0
2016-04-01,07:05:00,32.5,32.5,32.45,32.5,17000,0
2016-04-01,07:10:00,32.5,32.5,32.45,32.5,4000,0
2016-04-01,07:15:00,32.5,32.5,32.45,32.45,2000,0
2016-04-01,07:20:00,32.45,32.5,32.45,32.5,4000,0
2016-04-01,07:25:00,32.5,32.5,32.45,32.45,17000,0
2016-04-01,07:30:00,32.45,32.5,32.45,32.5,11000,0
2016-04-01,07:35:00,32.5,32.5,32.45,32.45,3000,0
2016-04-01,07:40:00,32.45,32.5,32.45,32.45,10000,0
2016-04-01,07:45:00,32.45,32.5,32.45,32.5,16000,0
2016-04-01,07:50:00,32.5,32.5,32.45,32.45,4686,0
2016-04-01,07:55:00,32.45,32.5,32.45,32.45,13000,0
2016-04-01,08:00:00,32.45,32.5,32.45,32.5,16780,0
2016-04-01,08:05:00,32.5,32.5,32.45,32.5,15000,0
2016-04-01,08:10:00,32.5,32.5,32.45,32.5,26000,0
2016-04-01,08:15:00,32.5,32.5,32.45,32.5,18000,0
2016-04-01,08:20:00,32.5,32.5,32.45,32.5,14000,0
2016-04-01,08:25:00,32.5,32.5,32.45,32.45,15000,0
2016-04-01,08:30:00,32.45,32.45,32.45,32.45,7000,0
2016-04-01,08:35:00,32.45,32.5,32.45,32.45,7822,0
2016-04-01,08:40:00,32.45,32.5,32.45,32.5,14000,0
2016-04-01,08:45:00,32.5,32.5,32.45,32.5,9000,0
2016-04-01,08:50:00,32.5,32.5,32.45,32.45,17000,0
2016-04-01,08:55:00,32.45,32.45,32.45,32.45,7000,0
2016-04-01,09:00:00,32.45,32.5,32.45,32.5,7000,0
2016-04-01,09:05:00,32.5,32.5,32.45,32.45,18000,0
2016-04-01,09:10:00,32.45,32.45,32.45,32.45,3000,0
2016-04-01,09:15:00,32.45,32.5,32.45,32.45,9000,0
2016-04-01,09:20:00,32.45,32.45,32.45,32.45,10000,0
2016-04-01,09:25:00,32.45,32.5,32.45,32.5,8000,0
2016-04-01,09:30:00,32.5,32.5,32.45,32.5,16000,0
2016-04-01,09:35:00,32.5,32.5,32.45,32.5,67000,0
2016-04-01,09:40:00,32.5,32.5,32.45,32.5,17000,0
2016-04-01,09:45:00,32.5,32.5,32.45,32.5,27000,0
2016-04-01,09:50:00,32.5,32.5,32.45,32.45,37000,0
2016-04-01,09:55:00,32.45,32.5,32.45,32.45,23000,0
2016-04-01,10:00:00,32.45,32.5,32.3,32.35,452000,0
2016-04-05,03:35:00,31.7,31.85,31.6,31.6,52000,0
2016-04-05,03:40:00,31.6,31.6,31.55,31.55,51000,0
2016-04-05,03:45:00,31.55,31.55,31.5,31.5,31000,0
2016-04-05,03:50:00,31.5,31.5,31.45,31.45,12000,0
2016-04-05,03:55:00,31.45,31.6,31.4,31.55,39000,0
2016-04-05,04:00:00,31.55,31.6,31.5,31.5,28000,0
2016-04-05,04:05:00,31.5,31.55,31.5,31.55,6000,0
2016-04-05,04:10:00,31.55,31.55,31.5,31.55,14000,0
2016-04-05,04:15:00,31.55,31.55,31.5,31.5,48000,0
2016-04-05,04:20:00,31.5,31.5,31.5,31.5,2000,0
2016-04-05,04:25:00,31.5,31.55,31.5,31.5,20000,0
2016-04-05,04:30:00,31.5,31.55,31.5,31.55,24000,0
2016-04-05,04:40:00,31.55,31.55,31.5,31.5,18000,0
2016-04-05,04:45:00,31.5,31.55,31.5,31.5,15385,0
2016-04-05,04:55:00,31.5,31.5,31.35,31.35,233000,0
2016-04-05,05:00:00,31.35,31.4,31.35,31.35,17000,0
2016-04-05,05:05:00,31.35,31.35,31.35,31.35,8000,0
2016-04-05,05:10:00,31.35,31.4,31.3,31.3,32000,0
2016-04-05,05:15:00,31.3,31.3,31.3,31.3,1000,0
2016-04-05,05:20:00,31.25,31.3,31.25,31.3,39000,0
2016-04-05,05:25:00,31.3,31.5,31.3,31.5,41000,0
2016-04-05,05:30:00,31.5,31.55,31.5,31.5,9659,0
2016-04-05,05:35:00,31.5,31.55,31.5,31.5,25000,0
2016-04-05,05:40:00,31.5,31.55,31.5,31.55,14000,0
2016-04-05,05:45:00,31.55,31.55,31.55,31.55,5000,0
2016-04-05,05:50:00,31.55,31.6,31.55,31.6,26000,0
2016-04-05,05:55:00,31.6,31.65,31.6,31.65,3000,0
2016-04-05,06:00:00,31.65,31.65,31.6,31.6,6000,0
2016-04-05,07:05:00,31.6,31.65,31.6,31.6,11000,0
2016-04-05,07:10:00,31.6,31.7,31.6,31.7,28000,0
2016-04-05,07:15:00,31.7,31.75,31.7,31.7,7000,0
2016-04-05,07:20:00,31.7,31.7,31.7,31.7,4000,0
2016-04-05,07:25:00,31.7,31.75,31.7,31.7,18000,0
2016-04-05,07:30:00,31.7,31.7,31.65,31.65,9000,0
2016-04-05,07:35:00,31.7,31.7,31.7,31.7,2000,0
2016-04-05,07:40:00,31.7,31.75,31.7,31.7,21000,0
2016-04-05,07:45:00,31.7,31.75,31.7,31.7,16000,0
2016-04-05,07:50:00,31.7,31.8,31.7,31.7,5000,0
2016-04-05,07:55:00,31.75,31.75,31.75,31.75,2000,0
2016-04-05,08:00:00,31.75,31.75,31.65,31.65,19000,0
2016-04-05,08:05:00,31.65,31.7,31.65,31.7,7000,0
2016-04-05,08:10:00,31.7,31.8,31.7,31.75,36000,0
2016-04-05,08:15:00,31.75,32.1,31.75,31.95,95000,0
2016-04-05,08:20:00,31.95,31.95,31.95,31.95,1000,0
2016-04-05,08:25:00,31.95,31.95,31.95,31.95,7000,0
2016-04-05,08:30:00,31.95,31.95,31.9,31.9,14000,0
2016-04-05,08:35:00,31.9,31.9,31.75,31.75,10000,0
2016-04-05,08:45:00,31.75,31.75,31.7,31.7,15000,0
2016-04-05,08:50:00,31.7,31.7,31.7,31.7,13000,0
2016-04-05,08:55:00,31.7,31.7,31.7,31.7,1000,0
2016-04-05,09:00:00,31.7,31.75,31.7,31.7,20000,0
2016-04-05,09:05:00,31.7,31.75,31.7,31.7,17000,0
2016-04-05,09:10:00,31.7,31.75,31.7,31.75,7000,0
2016-04-05,09:15:00,31.75,31.75,31.7,31.7,17000,0
2016-04-05,09:20:00,31.7,31.7,31.7,31.7,8000,0
2016-04-05,09:25:00,31.7,31.7,31.7,31.7,12000,0
2016-04-05,09:30:00,31.7,31.75,31.65,31.65,44000,0
2016-04-05,09:35:00,31.65,31.65,31.6,31.6,46000,0
2016-04-05,09:40:00,31.6,31.6,31.6,31.6,15000,0
2016-04-05,09:45:00,31.6,31.65,31.6,31.6,21000,0
2016-04-05,09:50:00,31.6,31.65,31.6,31.65,45000,0
2016-04-05,09:55:00,31.65,31.75,31.6,31.7,74000,0
2016-04-05,10:00:00,31.7,31.9,31.7,31.8,366000,0
2016-04-06,03:35:00,31.45,31.75,31.45,31.75,9000,0
2016-04-06,03:40:00,31.75,31.75,31.6,31.75,33000,0
2016-04-06,03:45:00,31.75,31.8,31.55,31.55,32000,0
2016-04-06,03:50:00,31.6,31.7,31.6,31.7,13000,0
2016-04-06,03:55:00,31.7,31.8,31.65,31.8,19000,0
2016-04-06,04:00:00,31.8,31.85,31.8,31.8,6000,0
2016-04-06,04:05:00,31.8,31.9,31.8,31.85,18000,0
2016-04-06,04:10:00,31.85,31.85,31.85,31.85,3000,0
2016-04-06,04:15:00,31.85,31.85,31.8,31.8,5000,0
2016-04-06,04:20:00,31.8,31.85,31.8,31.85,9000,0
2016-04-06,04:25:00,31.85,31.85,31.85,31.85,6000,0
2016-04-06,04:30:00,31.85,31.85,31.85,31.85,6000,0
2016-04-06,04:35:00,31.85,31.85,31.8,31.85,13000,0
2016-04-06,04:40:00,31.85,31.85,31.8,31.8,15000,0
2016-04-06,04:45:00,31.8,31.85,31.8,31.8,7000,0
2016-04-06,04:50:00,31.85,31.9,31.85,31.9,5000,0
2016-04-06,04:55:00,31.9,31.9,31.85,31.9,11000,0
2016-04-06,05:00:00,31.9,31.9,31.85,31.85,5000,0
2016-04-06,05:05:00,31.85,31.9,31.8,31.85,12000,0
2016-04-06,05:10:00,31.85,31.85,31.75,31.75,8000,0
2016-04-06,05:15:00,31.75,31.75,31.7,31.75,5000,0
2016-04-06,05:20:00,31.7,31.75,31.6,31.65,11000,0
2016-04-06,05:25:00,31.7,31.7,31.6,31.65,12000,0
2016-04-06,05:30:00,31.65,31.75,31.6,31.75,33156,0
2016-04-06,05:35:00,31.75,31.8,31.75,31.8,15000,0
2016-04-06,05:40:00,31.85,31.9,31.85,31.9,5000,0
2016-04-06,05:45:00,31.9,32,31.85,32,16000,0
2016-04-06,05:50:00,32,32,31.95,32,18000,0
2016-04-06,05:55:00,32,32.05,32,32,13000,0
2016-04-06,06:00:00,32,32.05,32,32.05,7000,0
2016-04-06,07:05:00,32.05,32.1,32.05,32.05,23000,0
2016-04-06,07:10:00,32.05,32.1,32.05,32.05,27000,0
2016-04-06,07:15:00,32.05,32.1,32.05,32.1,12000,0
2016-04-06,07:20:00,32.1,32.1,32.05,32.1,12000,0
2016-04-06,07:25:00,32.1,32.1,32.05,32.1,13000,0
2016-04-06,07:30:00,32.1,32.1,32.05,32.05,16000,0
2016-04-06,07:35:00,32.05,32.1,32.05,32.05,9000,0
2016-04-06,07:40:00,32.05,32.1,32.05,32.05,11000,0
2016-04-06,07:45:00,32.05,32.1,32.05,32.1,9000,0
2016-04-06,07:50:00,32.1,32.1,32.05,32.1,15000,0
2016-04-06,07:55:00,32.1,32.1,32.05,32.05,10000,0
2016-04-06,08:00:00,32.05,32.1,32.05,32.05,9000,0
2016-04-06,08:05:00,32.05,32.1,32.05,32.05,22000,0
2016-04-06,08:10:00,32.05,32.1,32.05,32.05,11000,0
2016-04-06,08:15:00,32.05,32.05,32.05,32.05,8000,0
2016-04-06,08:20:00,32.05,32.1,32.05,32.1,13000,0
2016-04-06,08:25:00,32.1,32.1,32.05,32.05,13000,0
2016-04-06,08:30:00,32.05,32.1,32.05,32.05,10000,0
2016-04-06,08:35:00,32.05,32.1,32.05,32.05,10000,0
2016-04-06,08:40:00,32.05,32.1,32.05,32.05,12000,0
2016-04-06,08:45:00,32.05,32.1,32.05,32.05,17000,0
2016-04-06,08:50:00,32.05,32.1,32.05,32.05,8000,0
2016-04-06,08:55:00,32.05,32.05,32,32.05,19000,0
2016-04-06,09:00:00,32.05,32.05,32,32,8000,0
2016-04-06,09:05:00,32,32,32,32,4000,0
2016-04-06,09:10:00,32,32.05,32,32,12000,0
2016-04-06,09:15:00,32,32.05,32,32,19000,0
2016-04-06,09:20:00,32,32.05,32,32,12000,0
2016-04-06,09:25:00,32,32,31.75,31.75,9000,0
2016-04-06,09:30:00,31.85,31.9,31.8,31.8,24000,0
2016-04-06,09:35:00,31.8,31.8,31.8,31.8,1000,0
2016-04-06,09:40:00,31.8,31.85,31.8,31.8,35000,0
2016-04-06,09:45:00,31.8,31.85,31.8,31.85,47000,0
2016-04-06,09:50:00,31.85,31.85,31.75,31.8,53000,0
2016-04-06,09:55:00,31.8,31.8,31.75,31.75,52000,0
2016-04-06,10:00:00,31.75,31.8,31.65,31.75,331000,0
2016-04-07,03:50:00,31.65,32.05,31.65,32,26000,0
2016-04-07,03:55:00,32.05,32.05,32.05,32.05,1000,0
2016-04-07,04:00:00,32.05,32.1,32.05,32.1,10000,0
2016-04-07,04:15:00,32.1,32.1,32.1,32.1,1000,0
2016-04-07,04:20:00,32.1,32.1,32.1,32.1,1000,0
2016-04-07,04:25:00,32.1,32.1,32.1,32.1,2000,0
2016-04-07,04:30:00,32.1,32.1,32.05,32.1,6000,0
2016-04-07,04:35:00,32.1,32.1,32.1,32.1,1000,0
2016-04-07,04:40:00,32.1,32.1,32.05,32.1,8000,0
2016-04-07,04:45:00,32.1,32.1,32.05,32.1,9701,0
2016-04-07,04:50:00,32.1,32.1,31.85,31.85,21000,0
2016-04-07,04:55:00,31.85,31.85,31.85,31.85,1000,0
2016-04-07,05:00:00,31.85,31.9,31.85,31.9,2000,0
2016-04-07,05:05:00,31.9,31.9,31.8,31.85,3000,0
2016-04-07,05:10:00,31.85,31.85,31.85,31.85,2000,0
2016-04-07,05:25:00,31.85,31.9,31.85,31.9,2000,0
2016-04-07,05:35:00,31.9,31.9,31.85,31.85,16000,0
2016-04-07,05:40:00,31.85,31.85,31.75,31.75,34000,0
2016-04-07,05:45:00,31.75,31.8,31.75,31.8,78000,0
2016-04-07,05:50:00,31.8,31.8,31.75,31.75,11000,0
2016-04-07,05:55:00,31.75,31.8,31.75,31.8,5000,0
2016-04-07,06:00:00,31.8,31.8,31.75,31.75,6000,0
2016-04-07,07:05:00,31.75,31.8,31.75,31.8,6000,0
2016-04-07,07:10:00,31.8,31.8,31.8,31.8,6000,0
2016-04-07,07:15:00,31.8,31.8,31.8,31.8,2000,0
2016-04-07,07:20:00,31.8,31.8,31.75,31.75,2000,0
2016-04-07,07:25:00,31.75,31.8,31.75,31.8,9000,0
2016-04-07,07:30:00,31.8,31.85,31.8,31.85,13000,0
2016-04-07,07:35:00,31.85,31.9,31.85,31.9,2000,0
2016-04-07,07:40:00,31.9,31.9,31.85,31.85,2540,0
2016-04-07,07:45:00,31.85,31.9,31.85,31.9,5000,0
2016-04-07,07:55:00,31.9,31.9,31.9,31.9,10000,0
2016-04-07,08:00:00,31.9,31.9,31.9,31.9,3000,0
2016-04-07,08:05:00,31.9,31.95,31.9,31.95,5000,0
2016-04-07,08:10:00,31.95,31.95,31.9,31.9,2000,0
2016-04-07,08:15:00,31.9,31.95,31.9,31.95,7000,0
2016-04-07,08:20:00,31.95,31.95,31.95,31.95,2000,0
2016-04-07,08:25:00,31.95,31.95,31.9,31.9,3000,0
2016-04-07,08:35:00,31.9,31.95,31.9,31.95,2000,0
2016-04-07,08:40:00,31.95,32.05,31.95,32.05,27000,0
2016-04-07,08:45:00,32.05,32.05,32,32.05,11000,0
2016-04-07,08:50:00,32.05,32.05,32.05,32.05,6000,0
2016-04-07,08:55:00,32.05,32.05,31.95,31.95,48000,0
2016-04-07,09:05:00,31.95,32,31.9,31.9,34000,0
2016-04-07,09:10:00,31.9,31.9,31.65,31.75,23000,0
2016-04-07,09:15:00,31.75,31.75,31.75,31.75,5000,0
2016-04-07,09:20:00,31.75,31.75,31.7,31.75,8000,0
2016-04-07,09:25:00,31.75,31.75,31.7,31.7,17000,0
2016-04-07,09:30:00,31.7,31.7,31.55,31.6,15000,0
2016-04-07,09:35:00,31.6,31.65,31.6,31.65,11000,0
2016-04-07,09:40:00,31.65,31.7,31.65,31.65,15000,0
2016-04-07,09:45:00,31.65,31.7,31.65,31.65,17000,0
2016-04-07,09:50:00,31.65,31.65,31.6,31.6,22000,0
2016-04-07,09:55:00,31.6,31.7,31.6,31.6,25000,0
2016-04-07,10:00:00,31.6,31.85,31.6,31.8,272000,0
2016-04-08,03:35:00,31.4,31.5,31.4,31.5,1000,0
2016-04-08,03:50:00,31.55,31.6,31.55,31.6,4000,0
2016-04-08,04:00:00,31.6,31.6,31.6,31.6,2000,0
2016-04-08,04:30:00,31.6,31.6,31.6,31.6,7000,0
2016-04-08,04:35:00,31.6,31.6,31.55,31.55,7000,0
2016-04-08,04:40:00,31.55,31.65,31.55,31.6,35000,0
2016-04-08,04:45:00,31.6,31.65,31.6,31.65,5000,0
2016-04-08,04:50:00,31.65,31.65,31.6,31.65,5000,0
2016-04-08,04:55:00,31.65,31.65,31.65,31.65,1000,0
2016-04-08,05:00:00,31.65,31.65,31.55,31.55,35000,0
2016-04-08,05:05:00,31.55,31.65,31.55,31.65,58000,0
2016-04-08,05:10:00,31.65,31.7,31.6,31.6,37000,0
2016-04-08,05:20:00,31.6,31.65,31.6,31.65,3000,0
2016-04-08,05:25:00,31.65,31.65,31.6,31.6,6000,0
2016-04-08,05:30:00,31.6,31.65,31.6,31.65,8000,0
2016-04-08,05:35:00,31.65,31.65,31.65,31.65,2000,0
2016-04-08,05:40:00,31.65,31.65,31.65,31.65,2000,0
2016-04-08,05:45:00,31.65,31.65,31.6,31.6,5000,0
2016-04-08,05:50:00,31.6,31.65,31.6,31.65,4000,0
2016-04-08,05:55:00,31.65,31.65,31.6,31.65,6000,0
2016-04-08,06:00:00,31.65,31.65,31.6,31.65,8000,0
2016-04-08,07:05:00,31.65,31.75,31.6,31.75,38000,0
2016-04-08,07:10:00,31.75,31.75,31.75,31.75,2000,0
2016-04-08,07:15:00,31.75,31.75,31.75,31.75,3000,0
2016-04-08,07:20:00,31.75,31.8,31.75,31.8,3000,0
2016-04-08,07:25:00,31.8,31.8,31.8,31.8,4000,0
2016-04-08,07:30:00,31.8,32,31.8,32,36000,0
2016-04-08,07:35:00,32,32,31.95,31.95,16000,0
2016-04-08,07:40:00,31.95,31.95,31.95,31.95,184,0
2016-04-08,07:50:00,31.95,31.95,31.95,31.95,1000,0
2016-04-08,07:55:00,31.95,31.95,31.9,31.95,3000,0
2016-04-08,08:00:00,31.95,32,31.95,31.95,10000,0
2016-04-08,08:05:00,31.95,32,31.95,31.95,16000,0
2016-04-08,08:10:00,31.95,32,31.95,32,2000,0
2016-04-08,08:30:00,31.95,31.95,31.9,31.9,9000,0
2016-04-08,08:35:00,31.9,31.9,31.9,31.9,2000,0
2016-04-08,08:40:00,31.9,31.95,31.9,31.9,6000,0
2016-04-08,08:45:00,31.9,31.95,31.9,31.95,3000,0
2016-04-08,08:50:00,31.95,31.95,31.9,31.95,7000,0
2016-04-08,08:55:00,31.95,31.95,31.95,31.95,2000,0
2016-04-08,09:00:00,31.95,31.95,31.9,31.9,3000,0
2016-04-08,09:05:00,31.9,31.95,31.9,31.95,3000,0
2016-04-08,09:10:00,31.95,31.95,31.95,31.95,2000,0
2016-04-08,09:15:00,31.95,31.95,31.9,31.9,11000,0
2016-04-08,09:20:00,31.9,31.9,31.8,31.85,3000,0
2016-04-08,09:25:00,31.85,31.9,31.85,31.9,66000,0
2016-04-08,09:30:00,31.9,31.9,31.85,31.85,8000,0
2016-04-08,09:35:00,31.85,31.85,31.75,31.75,10000,0
2016-04-08,09:40:00,31.75,31.8,31.7,31.75,13800,0
2016-04-08,09:45:00,31.75,31.8,31.75,31.8,14000,0
2016-04-08,09:50:00,31.8,31.8,31.8,31.8,13000,0
2016-04-08,09:55:00,31.8,31.8,31.75,31.8,25000,0
2016-04-08,10:00:00,31.8,31.95,31.75,31.95,240000,0
2016-04-11,03:40:00,31.9,32.45,31.9,32.45,31000,0
2016-04-11,03:45:00,32.45,32.45,32.4,32.4,10000,0
2016-04-11,03:50:00,32.4,32.45,32.4,32.4,17000,0
2016-04-11,03:55:00,32.4,32.4,32.3,32.3,12000,0
2016-04-11,04:00:00,32.3,32.3,32.3,32.3,15000,0
2016-04-11,04:05:00,32.3,32.35,32.3,32.35,6000,0
2016-04-11,04:10:00,32.35,32.35,32.25,32.25,11000,0
2016-04-11,04:15:00,32.25,32.3,32.25,32.3,4000,0
2016-04-11,04:20:00,32.3,32.3,32.3,32.3,3000,0
2016-04-11,04:25:00,32.3,32.3,32.3,32.3,1000,0
2016-04-11,04:30:00,32.3,32.3,32.3,32.3,4000,0
2016-04-11,04:35:00,32.3,32.3,32.3,32.3,10000,0
2016-04-11,04:40:00,32.3,32.3,32.3,32.3,2000,0
2016-04-11,04:45:00,32.3,32.35,32.3,32.3,39000,0
2016-04-11,04:50:00,32.3,32.3,32.3,32.3,8,0
2016-04-11,04:55:00,32.3,32.35,32.3,32.35,5000,0
2016-04-11,05:00:00,32.35,32.4,32.35,32.4,31154,0
2016-04-11,05:05:00,32.4,32.4,32.4,32.4,1000,0
2016-04-11,05:10:00,32.4,32.45,32.4,32.45,7000,0
2016-04-11,05:15:00,32.45,32.45,32.45,32.45,6000,0
2016-04-11,05:20:00,32.45,32.45,32.45,32.45,6000,0
2016-04-11,05:25:00,32.45,32.45,32.45,32.45,3000,0
2016-04-11,05:30:00,32.45,32.45,32.45,32.45,5000,0
2016-04-11,05:35:00,32.45,32.5,32.45,32.5,5000,0
2016-04-11,05:40:00,32.5,32.5,32.5,32.5,7000,0
2016-04-11,05:45:00,32.5,32.5,32.5,32.5,2000,0
2016-04-11,05:50:00,32.5,32.5,32.5,32.5,7000,0
2016-04-11,05:55:00,32.5,32.5,32.5,32.5,5000,0
2016-04-11,06:00:00,32.5,32.5,32.5,32.5,4000,0
2016-04-11,07:05:00,32.5,32.5,32.5,32.5,6000,0
2016-04-11,07:10:00,32.5,32.5,32.5,32.5,3000,0
2016-04-11,07:15:00,32.5,32.5,32.5,32.5,6000,0
2016-04-11,07:20:00,32.5,32.5,32.5,32.5,8000,0
2016-04-11,07:25:00,32.5,32.5,32.5,32.5,5000,0
2016-04-11,07:30:00,32.5,32.5,32.5,32.5,5000,0
2016-04-11,07:35:00,32.5,32.5,32.5,32.5,4000,0
2016-04-11,07:40:00,32.5,32.5,32.5,32.5,7000,0
2016-04-11,07:45:00,32.5,32.5,32.5,32.5,26000,0
2016-04-11,07:50:00,32.5,32.55,32.5,32.55,10000,0
2016-04-11,07:55:00,32.55,32.55,32.55,32.55,9000,0
2016-04-11,08:00:00,32.55,32.6,32.55,32.55,11000,0
2016-04-11,08:05:00,32.55,32.6,32.55,32.6,23000,0
2016-04-11,08:10:00,32.6,32.6,32.55,32.55,18000,0
2016-04-11,08:15:00,32.55,32.55,32.55,32.55,6000,0
2016-04-11,08:20:00,32.55,32.55,32.55,32.55,5000,0
2016-04-11,08:25:00,32.55,32.55,32.55,32.55,1000,0
2016-04-11,08:30:00,32.55,32.55,32.55,32.55,5000,0
2016-04-11,08:35:00,32.55,32.55,32.55,32.55,5000,0
2016-04-11,08:40:00,32.55,32.55,32.55,32.55,8000,0
2016-04-11,08:45:00,32.55,32.55,32.55,32.55,8000,0
2016-04-11,08:50:00,32.55,32.55,32.55,32.55,4000,0
2016-04-11,08:55:00,32.55,32.55,32.55,32.55,24000,0
2016-04-11,09:00:00,32.55,32.55,32.5,32.5,8000,0
2016-04-11,09:05:00,32.5,32.55,32.5,32.55,15000,0
2016-04-11,09:10:00,32.55,32.55,32.55,32.55,19000,0
2016-04-11,09:15:00,32.55,32.55,32.5,32.55,6184,0
2016-04-11,09:20:00,32.55,32.55,32.55,32.55,9000,0
2016-04-11,09:25:00,32.55,32.55,32.45,32.45,31850,0
2016-04-11,09:30:00,32.45,32.45,32.45,32.45,1000,0
2016-04-11,09:35:00,32.45,32.45,32.45,32.45,7000,0
2016-04-11,09:40:00,32.45,32.45,32.45,32.45,5000,0
2016-04-11,09:45:00,32.45,32.45,32.45,32.45,6000,0
2016-04-11,09:50:00,32.45,32.55,32.45,32.55,15000,0
2016-04-11,09:55:00,32.55,32.6,32.5,32.6,20000,0
2016-04-11,10:00:00,32.6,32.65,32.45,32.45,184000,0
2016-04-12,03:35:00,32.3,32.65,32.3,32.65,7000,0
2016-04-12,03:40:00,32.65,32.65,32.6,32.6,8000,0
2016-04-12,03:45:00,32.6,32.6,32.6,32.6,1000,0
2016-04-12,03:55:00,32.6,32.65,32.6,32.6,10000,0
2016-04-12,04:00:00,32.6,32.65,32.6,32.65,2000,0
2016-04-12,04:05:00,32.65,32.75,32.6,32.75,12000,0
2016-04-12,04:10:00,32.75,32.9,32.75,32.9,17000,0
2016-04-12,04:15:00,32.9,32.9,32.85,32.9,7000,0
2016-04-12,04:20:00,32.85,32.85,32.8,32.85,8000,0
2016-04-12,04:25:00,32.85,32.9,32.85,32.9,5000,0
2016-04-12,04:30:00,32.9,32.9,32.85,32.9,6000,0
2016-04-12,04:35:00,32.9,32.9,32.85,32.9,8000,0
2016-04-12,04:40:00,32.9,32.9,32.85,32.9,6196,0
2016-04-12,04:45:00,32.9,32.9,32.85,32.9,10000,0
2016-04-12,04:50:00,32.9,32.9,32.85,32.9,11000,0
2016-04-12,04:55:00,32.9,32.95,32.9,32.95,10000,0
2016-04-12,05:00:00,32.95,32.95,32.95,32.95,7000,0
2016-04-12,05:05:00,32.95,32.95,32.9,32.95,9000,0
2016-04-12,05:10:00,32.95,32.95,32.9,32.9,4000,0
2016-04-12,05:15:00,32.9,32.95,32.9,32.9,7000,0
2016-04-12,05:20:00,32.9,33,32.9,33,85000,0
2016-04-12,05:25:00,32.95,32.95,32.9,32.9,14000,0
2016-04-12,05:35:00,32.95,33,32.95,33,3000,0
2016-04-12,05:40:00,33,33,32.95,33,5000,0
2016-04-12,05:45:00,33,33,32.95,32.95,9000,0
2016-04-12,05:50:00,32.95,33,32.95,32.95,6000,0
2016-04-12,05:55:00,32.95,33,32.95,33,5000,0
2016-04-12,06:00:00,33,33,32.95,32.95,10000,0
2016-04-12,07:05:00,32.95,33,32.95,32.95,30000,0
2016-04-12,07:10:00,32.95,32.95,32.95,32.95,3000,0
2016-04-12,07:15:00,32.95,32.95,32.95,32.95,3000,0
2016-04-12,07:20:00,32.95,32.95,32.95,32.95,1000,0
2016-04-12,07:25:00,32.95,33,32.95,32.95,15000,0
2016-04-12,07:30:00,32.95,32.95,32.95,32.95,5000,0
2016-04-12,07:35:00,32.95,32.95,32.95,32.95,486,0
2016-04-12,07:40:00,32.95,32.95,32.95,32.95,4000,0
2016-04-12,07:45:00,32.95,32.95,32.95,32.95,1000,0
2016-04-12,07:50:00,32.95,33,32.95,33,4000,0
2016-04-12,07:55:00,33,33,32.95,33,5000,0
2016-04-12,08:00:00,33,33,32.95,32.95,2000,0
2016-04-12,08:05:00,32.95,33,32.95,32.95,6000,0
2016-04-12,08:10:00,32.95,32.95,32.95,32.95,3000,0
2016-04-12,08:15:00,32.95,33,32.95,33,7000,0
2016-04-12,08:20:00,33,33,32.95,33,11166,0
2016-04-12,08:25:00,33,33,32.95,33,9000,0
2016-04-12,08:30:00,33,33,32.95,32.95,3000,0
2016-04-12,08:35:00,32.95,33,32.95,33,2000,0
2016-04-12,08:40:00,33,33,32.95,33,11000,0
2016-04-12,08:45:00,33,33,32.95,32.95,11000,0
2016-04-12,08:50:00,32.95,33,32.95,32.95,5000,0
2016-04-12,08:55:00,32.95,33,32.95,33,4000,0
2016-04-12,09:00:00,33,33,33,33,2000,0
2016-04-12,09:05:00,33,33,33,33,16000,0
2016-04-12,09:10:00,33,33,33,33,7000,0
2016-04-12,09:15:00,33,33,32.95,33,8000,0
2016-04-12,09:20:00,33,33,33,33,4000,0
2016-04-12,09:25:00,33,33,32.95,33,7000,0
2016-04-12,09:30:00,33,33,32.95,32.95,7000,0
2016-04-12,09:35:00,32.95,33,32.95,32.95,21000,0
2016-04-12,09:40:00,32.95,33,32.95,32.95,13000,0
2016-04-12,09:45:00,32.95,33,32.95,33,12000,0
2016-04-12,09:50:00,33,33,32.95,33,31000,0
2016-04-12,09:55:00,33,33,32.95,33,36000,0
2016-04-12,10:00:00,33,33,32.75,32.85,337000,0
2016-04-13,03:40:00,32.85,32.85,32.55,32.6,108000,0
2016-04-13,03:45:00,32.6,32.75,32.55,32.55,37000,0
2016-04-13,03:50:00,32.6,32.7,32.6,32.65,42100,0
2016-04-13,03:55:00,32.65,32.7,32.6,32.7,42000,0
2016-04-13,04:00:00,32.7,32.75,32.7,32.75,5000,0
2016-04-13,04:05:00,32.75,32.8,32.75,32.8,7000,0
2016-04-13,04:10:00,32.8,32.8,32.8,32.8,18000,0
2016-04-13,04:15:00,32.8,32.95,32.8,32.95,23000,0
2016-04-13,04:20:00,32.95,33.1,32.95,33.1,38000,0
2016-04-13,04:25:00,33.1,33.1,33.1,33.1,22000,0
2016-04-13,04:30:00,33.1,33.15,33.1,33.15,2000,0
2016-04-13,04:35:00,33.15,33.2,33.15,33.2,7184,0
2016-04-13,04:40:00,33.2,33.2,33.2,33.2,2000,0
2016-04-13,04:45:00,33.2,33.2,33.15,33.15,13000,0
2016-04-13,04:50:00,33.15,33.2,33.15,33.2,6000,0
2016-04-13,04:55:00,33.2,33.2,33.2,33.2,5000,0
2016-04-13,05:00:00,33.2,33.2,33.2,33.2,5742,0
2016-04-13,05:10:00,33.2,33.2,33.15,33.15,3000,0
2016-04-13,05:15:00,33.15,33.2,33.15,33.2,17000,0
2016-04-13,05:20:00,33.2,33.2,33.15,33.2,8000,0
2016-04-13,05:25:00,33.2,33.2,33.15,33.15,5000,0
2016-04-13,05:30:00,33.15,33.15,33,33,28000,0
2016-04-13,05:35:00,33,33,32.9,32.9,4880,0
2016-04-13,05:40:00,32.9,33,32.9,33,28000,0
2016-04-13,05:45:00,33,33,33,33,18000,0
2016-04-13,05:55:00,33,33.05,33,33,7000,0
2016-04-13,06:00:00,33,33.05,33,33.05,7000,0
2016-04-13,07:05:00,33.05,33.05,33.05,33.05,4000,0
2016-04-13,07:10:00,33.05,33.1,33.05,33.1,3000,0
2016-04-13,07:15:00,33.1,33.1,33.1,33.1,6000,0
2016-04-13,07:20:00,33.1,33.1,33.1,33.1,1000,0
2016-04-13,07:25:00,33.1,33.15,33.1,33.15,18000,0
2016-04-13,07:30:00,33.15,33.15,33.15,33.15,21000,0
2016-04-13,07:35:00,33.15,33.2,33.15,33.2,18000,0
2016-04-13,07:40:00,33.2,33.25,33.2,33.25,15000,0
2016-04-13,07:45:00,33.25,33.3,33.25,33.3,22000,0
2016-04-13,07:50:00,33.3,33.3,33.3,33.3,11000,0
2016-04-13,07:55:00,33.3,33.3,33.3,33.3,1000,0
2016-04-13,08:00:00,33.3,33.3,33.3,33.3,5000,0
2016-04-13,08:10:00,33.3,33.35,33.3,33.35,5000,0
2016-04-13,08:15:00,33.35,33.35,33.3,33.3,4000,0
2016-04-13,08:20:00,33.3,33.35,33.3,33.3,51000,0
2016-04-13,08:25:00,33.3,33.3,33.2,33.2,24000,0
2016-04-13,08:30:00,33.2,33.25,33.2,33.25,11000,0
2016-04-13,08:35:00,33.25,33.25,33.2,33.25,17000,0
2016-04-13,08:40:00,33.25,33.25,33.25,33.25,19000,0
2016-04-13,08:45:00,33.25,33.25,33.25,33.25,23000,0
2016-04-13,08:50:00,33.25,33.3,33.25,33.3,17000,0
2016-04-13,08:55:00,33.3,33.3,33.3,33.3,22000,0
2016-04-13,09:00:00,33.3,33.3,33.3,33.3,37000,0
2016-04-13,09:05:00,33.3,33.3,33.25,33.25,8000,0
2016-04-13,09:10:00,33.3,33.3,33.3,33.3,37000,0
2016-04-13,09:15:00,33.3,33.3,33.25,33.3,19000,0
2016-04-13,09:20:00,33.3,33.3,33.2,33.2,7000,0
2016-04-13,09:25:00,33.25,33.25,33.15,33.15,35000,0
2016-04-13,09:30:00,33.15,33.25,33.15,33.25,24000,0
2016-04-13,09:35:00,33.25,33.25,33.15,33.15,38000,0
2016-04-13,09:40:00,33.15,33.25,33.15,33.25,16000,0
2016-04-13,09:45:00,33.25,33.25,33.2,33.2,34000,0
2016-04-13,09:50:00,33.2,33.25,33.2,33.2,17000,0
2016-04-13,09:55:00,33.2,33.25,33.2,33.2,46000,0
2016-04-13,10:00:00,33.2,33.25,33,33.05,273000,0
