Date,Time,Open,High,Low,Close,Volume,OpenInt
2016-02-25,02:40:00,0.51,0.51,0.5,0.51,10000,0
2016-02-25,03:00:00,0.51,0.51,0.5,0.5,235000,0
2016-02-25,03:05:00,0.5,0.5,0.5,0.5,100000,0
2016-02-25,03:10:00,0.5,0.5,0.5,0.5,35000,0
2016-02-25,03:15:00,0.5,0.5,0.5,0.5,10000,0
2016-02-25,03:30:00,0.5,0.51,0.495,0.51,330000,0
2016-02-25,03:45:00,0.51,0.51,0.5,0.5,205000,0
2016-02-25,04:10:00,0.5,0.5,0.5,0.5,275000,0
2016-02-25,04:15:00,0.5,0.5,0.5,0.5,50000,0
2016-02-25,04:20:00,0.5,0.51,0.5,0.51,10000,0
2016-02-25,04:30:00,0.51,0.51,0.5,0.5,20000,0
2016-02-25,04:40:00,0.5,0.5,0.495,0.5,20000,0
2016-02-25,06:10:00,0.5,0.5,0.495,0.495,10000,0
2016-02-25,06:15:00,0.495,0.5,0.495,0.5,10000,0
2016-02-25,06:50:00,0.5,0.5,0.495,0.495,10000,0
2016-02-25,06:55:00,0.495,0.5,0.495,0.5,10000,0
2016-02-25,07:05:00,0.5,0.5,0.49,0.49,1405000,0
2016-02-25,07:10:00,0.49,0.49,0.49,0.49,5000,0
2016-02-25,07:15:00,0.49,0.495,0.49,0.495,60000,0
2016-02-25,07:20:00,0.495,0.495,0.49,0.49,35000,0
2016-02-25,07:30:00,0.49,0.49,0.49,0.49,195000,0
2016-02-25,07:35:00,0.49,0.495,0.49,0.495,10000,0
2016-02-25,07:55:00,0.49,0.495,0.49,0.495,70000,0
2016-02-25,08:15:00,0.485,0.495,0.485,0.495,100000,0
2016-02-25,08:20:00,0.495,0.495,0.49,0.495,210000,0
2016-02-25,08:25:00,0.495,0.495,0.49,0.495,60000,0
2016-02-25,08:35:00,0.495,0.495,0.49,0.495,220000,0
2016-02-25,08:45:00,0.495,0.495,0.485,0.49,30000,0
2016-02-25,08:50:00,0.49,0.495,0.49,0.495,90000,0
2016-02-25,08:55:00,0.495,0.495,0.49,0.495,140000,0
2016-02-25,09:00:00,0.495,0.5,0.495,0.5,100000,0
2016-02-26,02:35:00,0.5,0.5,0.5,0.5,10000,0
2016-02-26,02:40:00,0.5,0.5,0.5,0.5,15000,0
2016-02-26,02:45:00,0.5,0.5,0.5,0.5,50000,0
2016-02-26,03:05:00,0.5,0.5,0.495,0.5,30000,0
2016-02-26,03:15:00,0.5,0.5,0.495,0.5,20000,0
2016-02-26,03:20:00,0.5,0.5,0.495,0.495,295000,0
2016-02-26,03:25:00,0.495,0.5,0.495,0.5,10000,0
2016-02-26,03:30:00,0.5,0.5,0.495,0.5,50000,0
2016-02-26,03:35:00,0.5,0.5,0.495,0.495,290000,0
2016-02-26,03:50:00,0.495,0.5,0.495,0.5,10000,0
2016-02-26,04:15:00,0.5,0.5,0.495,0.495,60000,0
2016-02-26,04:45:00,0.49,0.495,0.49,0.495,10000,0
2016-02-26,04:50:00,0.495,0.5,0.495,0.5,60000,0
2016-02-26,06:20:00,0.5,0.5,0.495,0.495,150000,0
2016-02-26,06:25:00,0.495,0.5,0.495,0.5,10000,0
2016-02-26,06:30:00,0.5,0.5,0.5,0.5,200000,0
2016-02-26,06:40:00,0.5,0.5,0.495,0.495,10000,0
2016-02-26,06:45:00,0.495,0.5,0.495,0.5,10000,0
2016-02-26,06:55:00,0.5,0.5,0.495,0.495,10000,0
2016-02-26,07:00:00,0.495,0.5,0.495,0.5,10000,0
2016-02-26,07:30:00,0.5,0.5,0.495,0.495,10000,0
2016-02-26,08:00:00,0.495,0.495,0.49,0.495,125000,0
2016-02-26,08:05:00,0.495,0.495,0.49,0.495,140000,0
2016-02-26,08:10:00,0.495,0.495,0.495,0.495,40000,0
2016-02-26,08:20:00,0.495,0.5,0.495,0.5,60000,0
2016-02-26,08:40:00,0.5,0.5,0.49,0.495,95000,0
2016-02-26,08:45:00,0.495,0.5,0.495,0.495,30000,0
2016-02-26,08:50:00,0.495,0.495,0.495,0.495,20000,0
2016-02-26,08:55:00,0.495,0.495,0.495,0.495,25000,0
2016-02-26,09:00:00,0.495,0.5,0.49,0.5,120000,0
2016-02-29,02:35:00,0.495,0.5,0.49,0.49,130000,0
2016-02-29,02:40:00,0.49,0.495,0.49,0.495,10000,0
2016-02-29,02:45:00,0.495,0.495,0.49,0.49,90000,0
2016-02-29,02:50:00,0.49,0.49,0.49,0.49,145000,0
2016-02-29,03:00:00,0.49,0.495,0.49,0.495,10000,0
2016-02-29,03:05:00,0.495,0.495,0.495,0.495,5000,0
2016-02-29,03:10:00,0.495,0.495,0.485,0.495,240000,0
2016-02-29,03:15:00,0.495,0.495,0.495,0.495,50000,0
2016-02-29,03:20:00,0.495,0.495,0.49,0.495,50000,0
2016-02-29,03:25:00,0.495,0.495,0.495,0.495,50000,0
2016-02-29,03:30:00,0.495,0.5,0.49,0.5,115000,0
2016-02-29,04:15:00,0.495,0.5,0.495,0.5,15000,0
2016-02-29,04:30:00,0.5,0.5,0.49,0.5,20000,0
2016-02-29,04:45:00,0.495,0.495,0.49,0.495,20000,0
2016-02-29,06:05:00,0.49,0.49,0.49,0.49,50000,0
2016-02-29,06:10:00,0.49,0.49,0.49,0.49,5000,0
2016-02-29,06:20:00,0.49,0.495,0.49,0.495,10000,0
2016-02-29,06:55:00,0.495,0.495,0.49,0.49,10000,0
2016-02-29,07:00:00,0.49,0.495,0.49,0.49,45000,0
2016-02-29,07:10:00,0.49,0.49,0.485,0.485,25000,0
2016-02-29,07:15:00,0.485,0.485,0.48,0.48,980000,0
2016-02-29,07:20:00,0.485,0.485,0.485,0.485,30000,0
2016-02-29,07:25:00,0.485,0.485,0.485,0.485,40000,0
2016-02-29,07:30:00,0.485,0.485,0.48,0.48,120000,0
2016-02-29,07:40:00,0.48,0.48,0.48,0.48,160000,0
2016-02-29,07:50:00,0.48,0.485,0.48,0.485,10000,0
2016-02-29,07:55:00,0.485,0.49,0.485,0.49,155000,0
2016-02-29,08:00:00,0.49,0.49,0.48,0.48,510000,0
2016-02-29,08:05:00,0.48,0.49,0.48,0.49,15000,0
2016-02-29,08:15:00,0.49,0.49,0.485,0.49,60000,0
2016-02-29,08:35:00,0.49,0.49,0.49,0.49,200000,0
2016-02-29,09:00:00,0.465,0.49,0.465,0.485,100000,0
2016-03-01,02:35:00,0.49,0.49,0.485,0.485,30000,0
2016-03-01,02:40:00,0.485,0.49,0.485,0.485,20000,0
2016-03-01,03:55:00,0.485,0.485,0.475,0.475,160000,0
2016-03-01,04:00:00,0.475,0.48,0.475,0.48,20000,0
2016-03-01,04:05:00,0.48,0.48,0.475,0.48,50000,0
2016-03-01,04:30:00,0.48,0.48,0.475,0.475,145000,0
2016-03-01,04:35:00,0.475,0.48,0.475,0.48,10000,0
2016-03-01,04:40:00,0.48,0.48,0.48,0.48,5000,0
2016-03-01,06:20:00,0.48,0.48,0.475,0.475,20000,0
2016-03-01,06:25:00,0.475,0.48,0.465,0.465,1160000,0
2016-03-01,06:30:00,0.465,0.47,0.465,0.47,80000,0
2016-03-01,06:40:00,0.47,0.47,0.47,0.47,20000,0
2016-03-01,07:00:00,0.47,0.47,0.465,0.465,180000,0
2016-03-01,07:05:00,0.465,0.47,0.465,0.47,10000,0
2016-03-01,07:10:00,0.47,0.47,0.465,0.465,70000,0
2016-03-01,07:20:00,0.465,0.47,0.46,0.46,580000,0
2016-03-01,07:25:00,0.46,0.465,0.46,0.46,230000,0
2016-03-01,07:30:00,0.46,0.46,0.46,0.46,100000,0
2016-03-01,07:35:00,0.46,0.47,0.46,0.47,435000,0
2016-03-01,07:40:00,0.47,0.47,0.46,0.465,170000,0
2016-03-01,07:45:00,0.465,0.465,0.445,0.45,960000,0
2016-03-01,07:50:00,0.45,0.45,0.44,0.445,360000,0
2016-03-01,07:55:00,0.445,0.445,0.44,0.44,225000,0
2016-03-01,08:00:00,0.44,0.44,0.435,0.435,235000,0
2016-03-01,08:05:00,0.435,0.445,0.435,0.44,265000,0
2016-03-01,08:10:00,0.44,0.44,0.44,0.44,100000,0
2016-03-01,08:15:00,0.44,0.44,0.44,0.44,185000,0
2016-03-01,08:20:00,0.44,0.44,0.44,0.44,300000,0
2016-03-01,08:25:00,0.44,0.445,0.44,0.445,450000,0
2016-03-01,08:30:00,0.445,0.45,0.445,0.45,20000,0
2016-03-01,08:35:00,0.45,0.45,0.45,0.45,1055000,0
2016-03-01,08:40:00,0.45,0.45,0.45,0.45,80000,0
2016-03-01,08:45:00,0.45,0.455,0.45,0.45,2040000,0
2016-03-01,08:50:00,0.45,0.45,0.45,0.45,280000,0
2016-03-01,08:55:00,0.45,0.45,0.45,0.45,250000,0
2016-03-01,09:00:00,0.45,0.45,0.445,0.445,575000,0
2016-03-02,02:35:00,0.45,0.455,0.45,0.45,225000,0
2016-03-02,02:40:00,0.45,0.455,0.44,0.44,370000,0
2016-03-02,02:45:00,0.44,0.45,0.44,0.45,255000,0
2016-03-02,02:50:00,0.45,0.45,0.44,0.45,510000,0
2016-03-02,03:05:00,0.45,0.45,0.445,0.445,150000,0
2016-03-02,03:10:00,0.445,0.45,0.44,0.44,285000,0
2016-03-02,03:20:00,0.445,0.45,0.445,0.45,225000,0
2016-03-02,03:35:00,0.45,0.45,0.45,0.45,5000,0
2016-03-02,03:45:00,0.45,0.45,0.45,0.45,50000,0
2016-03-02,03:50:00,0.45,0.455,0.45,0.455,30000,0
2016-03-02,04:00:00,0.45,0.45,0.45,0.45,85000,0
2016-03-02,04:05:00,0.45,0.45,0.44,0.44,215000,0
2016-03-02,04:10:00,0.44,0.45,0.44,0.445,85000,0
2016-03-02,04:40:00,0.445,0.445,0.445,0.445,60000,0
2016-03-02,04:45:00,0.445,0.445,0.445,0.445,5000,0
2016-03-02,04:55:00,0.445,0.45,0.445,0.45,10000,0
2016-03-02,05:00:00,0.45,0.455,0.45,0.455,220000,0
2016-03-02,06:05:00,0.455,0.455,0.455,0.455,25000,0
2016-03-02,06:10:00,0.455,0.455,0.455,0.455,5000,0
2016-03-02,06:45:00,0.455,0.455,0.45,0.45,65000,0
2016-03-02,06:55:00,0.45,0.45,0.445,0.445,75000,0
2016-03-02,07:00:00,0.445,0.45,0.445,0.45,10000,0
2016-03-02,07:10:00,0.45,0.45,0.44,0.44,100000,0
2016-03-02,07:15:00,0.44,0.45,0.44,0.45,185000,0
2016-03-02,07:40:00,0.45,0.45,0.45,0.45,500000,0
2016-03-02,07:45:00,0.45,0.45,0.45,0.45,40000,0
2016-03-02,08:00:00,0.45,0.45,0.45,0.45,725000,0
2016-03-02,08:05:00,0.45,0.45,0.45,0.45,205000,0
2016-03-02,08:25:00,0.45,0.45,0.44,0.44,525000,0
2016-03-02,08:30:00,0.44,0.445,0.435,0.44,575000,0
2016-03-02,08:35:00,0.44,0.445,0.43,0.445,560000,0
2016-03-02,08:50:00,0.445,0.445,0.44,0.44,20000,0
2016-03-02,08:55:00,0.44,0.445,0.44,0.445,15000,0
2016-03-02,09:00:00,0.445,0.445,0.43,0.435,365000,0
2016-03-03,02:35:00,0.44,0.44,0.435,0.435,15000,0
2016-03-03,02:40:00,0.435,0.435,0.43,0.43,225000,0
2016-03-03,02:45:00,0.43,0.445,0.43,0.445,100000,0
2016-03-03,02:50:00,0.44,0.44,0.435,0.435,140000,0
2016-03-03,03:00:00,0.435,0.435,0.43,0.43,50000,0
2016-03-03,03:05:00,0.43,0.435,0.43,0.43,125000,0
2016-03-03,03:10:00,0.43,0.435,0.415,0.425,315000,0
2016-03-03,03:15:00,0.425,0.425,0.425,0.425,50000,0
2016-03-03,03:20:00,0.425,0.43,0.425,0.43,60000,0
2016-03-03,03:25:00,0.43,0.43,0.42,0.42,250000,0
2016-03-03,03:30:00,0.42,0.42,0.42,0.42,120000,0
2016-03-03,03:40:00,0.42,0.42,0.415,0.415,225000,0
2016-03-03,03:45:00,0.415,0.42,0.41,0.41,375000,0
2016-03-03,03:50:00,0.41,0.41,0.41,0.41,195000,0
2016-03-03,03:55:00,0.41,0.41,0.41,0.41,100000,0
2016-03-03,04:00:00,0.41,0.41,0.41,0.41,100000,0
2016-03-03,04:05:00,0.405,0.415,0.405,0.415,10000,0
2016-03-03,04:15:00,0.41,0.41,0.41,0.41,130000,0
2016-03-03,04:20:00,0.41,0.415,0.41,0.415,240000,0
2016-03-03,04:25:00,0.415,0.42,0.415,0.42,85000,0
2016-03-03,04:30:00,0.42,0.42,0.41,0.415,280000,0
2016-03-03,04:35:00,0.415,0.415,0.41,0.415,335000,0
2016-03-03,04:40:00,0.415,0.415,0.415,0.415,35000,0
2016-03-03,04:45:00,0.415,0.415,0.41,0.415,220000,0
2016-03-03,04:55:00,0.415,0.415,0.41,0.415,20000,0
2016-03-03,05:00:00,0.415,0.415,0.415,0.415,5000,0
2016-03-03,06:05:00,0.415,0.415,0.41,0.415,45000,0
2016-03-03,06:10:00,0.415,0.415,0.415,0.415,5000,0
2016-03-03,06:30:00,0.415,0.415,0.415,0.415,15000,0
2016-03-03,06:40:00,0.405,0.415,0.405,0.415,55000,0
2016-03-03,06:45:00,0.415,0.415,0.415,0.415,105000,0
2016-03-03,06:50:00,0.415,0.415,0.415,0.415,10000,0
2016-03-03,07:05:00,0.415,0.415,0.41,0.415,20000,0
2016-03-03,07:10:00,0.415,0.415,0.415,0.415,5000,0
2016-03-03,07:15:00,0.415,0.415,0.41,0.415,85000,0
2016-03-03,07:20:00,0.415,0.415,0.415,0.415,10000,0
2016-03-03,07:30:00,0.415,0.415,0.41,0.41,40000,0
2016-03-03,07:35:00,0.41,0.415,0.41,0.415,10000,0
2016-03-03,07:40:00,0.415,0.415,0.41,0.415,50000,0
2016-03-03,07:45:00,0.415,0.415,0.41,0.415,130000,0
2016-03-03,07:50:00,0.415,0.415,0.41,0.415,120000,0
2016-03-03,08:00:00,0.415,0.415,0.41,0.415,145000,0
2016-03-03,08:05:00,0.415,0.415,0.41,0.415,465000,0
2016-03-03,08:10:00,0.415,0.42,0.415,0.415,170000,0
2016-03-03,08:15:00,0.415,0.415,0.415,0.415,10000,0
2016-03-03,08:20:00,0.415,0.42,0.415,0.42,40000,0
2016-03-03,08:25:00,0.42,0.42,0.42,0.42,50000,0
2016-03-03,08:30:00,0.42,0.42,0.41,0.415,675000,0
2016-03-03,08:35:00,0.415,0.415,0.41,0.41,165000,0
2016-03-03,08:40:00,0.41,0.415,0.41,0.415,10000,0
2016-03-03,08:45:00,0.415,0.415,0.41,0.415,130000,0
2016-03-03,08:50:00,0.415,0.415,0.41,0.415,250000,0
2016-03-03,08:55:00,0.415,0.415,0.415,0.415,80000,0
2016-03-03,09:00:00,0.415,0.415,0.41,0.415,265000,0
2016-03-04,02:35:00,0.42,0.42,0.415,0.42,350000,0
2016-03-04,02:40:00,0.42,0.42,0.42,0.42,5000,0
2016-03-04,02:45:00,0.42,0.425,0.42,0.425,145000,0
2016-03-04,02:50:00,0.425,0.445,0.425,0.435,950000,0
2016-03-04,02:55:00,0.435,0.44,0.43,0.44,70000,0
2016-03-04,03:00:00,0.44,0.44,0.43,0.43,60000,0
2016-03-04,03:05:00,0.43,0.44,0.43,0.44,370000,0
2016-03-04,03:10:00,0.44,0.44,0.43,0.44,155000,0
2016-03-04,03:15:00,0.44,0.44,0.43,0.44,130000,0
2016-03-04,03:20:00,0.44,0.445,0.435,0.445,1930000,0
2016-03-04,03:25:00,0.445,0.45,0.445,0.445,390000,0
2016-03-04,03:30:00,0.445,0.45,0.445,0.45,1055000,0
2016-03-04,03:35:00,0.45,0.465,0.45,0.46,475000,0
2016-03-04,03:40:00,0.455,0.47,0.45,0.465,925000,0
2016-03-04,03:45:00,0.465,0.485,0.465,0.48,540000,0
2016-03-04,03:50:00,0.48,0.485,0.475,0.475,715000,0
2016-03-04,03:55:00,0.475,0.475,0.47,0.47,155000,0
2016-03-04,04:00:00,0.47,0.475,0.47,0.475,125000,0
2016-03-04,04:10:00,0.475,0.485,0.475,0.485,525000,0
2016-03-04,04:15:00,0.485,0.495,0.485,0.495,770000,0
2016-03-04,04:20:00,0.495,0.495,0.485,0.49,395000,0
2016-03-04,04:25:00,0.49,0.49,0.485,0.485,300000,0
2016-03-04,04:30:00,0.485,0.485,0.475,0.475,385000,0
2016-03-04,04:35:00,0.475,0.475,0.47,0.475,1865000,0
2016-03-04,04:40:00,0.475,0.48,0.475,0.48,160000,0
2016-03-04,04:45:00,0.48,0.48,0.48,0.48,75000,0
2016-03-04,04:50:00,0.48,0.48,0.48,0.48,50000,0
2016-03-04,06:05:00,0.48,0.48,0.48,0.48,180000,0
2016-03-04,06:15:00,0.48,0.48,0.475,0.475,20000,0
2016-03-04,06:20:00,0.475,0.475,0.475,0.475,5000,0
2016-03-04,06:25:00,0.475,0.475,0.475,0.475,120000,0
2016-03-04,06:35:00,0.475,0.48,0.475,0.48,130000,0
2016-03-04,06:50:00,0.48,0.49,0.48,0.49,430000,0
2016-03-04,06:55:00,0.49,0.49,0.49,0.49,215000,0
2016-03-04,07:00:00,0.49,0.49,0.49,0.49,5000,0
2016-03-04,07:05:00,0.49,0.49,0.49,0.49,30000,0
2016-03-04,07:15:00,0.49,0.49,0.49,0.49,100000,0
2016-03-04,07:30:00,0.49,0.49,0.485,0.485,20000,0
2016-03-04,07:40:00,0.485,0.485,0.485,0.485,95000,0
2016-03-04,08:00:00,0.485,0.485,0.485,0.485,5000,0
2016-03-04,08:15:00,0.485,0.49,0.485,0.49,470000,0
2016-03-04,08:25:00,0.49,0.49,0.49,0.49,100000,0
2016-03-04,08:35:00,0.49,0.49,0.49,0.49,155000,0
2016-03-04,08:40:00,0.49,0.49,0.49,0.49,65000,0
2016-03-04,08:45:00,0.49,0.49,0.49,0.49,170000,0
2016-03-04,08:50:00,0.49,0.49,0.49,0.49,100000,0
2016-03-04,08:55:00,0.49,0.49,0.485,0.485,85000,0
2016-03-04,09:00:00,0.485,0.49,0.48,0.49,1140000,0
2016-03-07,02:35:00,0.5,0.51,0.5,0.5,2330000,0
2016-03-07,02:40:00,0.5,0.5,0.495,0.495,40000,0
2016-03-07,02:50:00,0.49,0.52,0.49,0.51,430000,0
2016-03-07,03:05:00,0.51,0.51,0.5,0.5,175000,0
2016-03-07,03:10:00,0.5,0.51,0.495,0.5,635000,0
2016-03-07,03:15:00,0.5,0.5,0.5,0.5,100000,0
2016-03-07,03:20:00,0.5,0.5,0.5,0.5,95000,0
2016-03-07,03:25:00,0.5,0.5,0.495,0.5,1255000,0
2016-03-07,03:30:00,0.5,0.5,0.495,0.5,330000,0
2016-03-07,03:35:00,0.5,0.5,0.5,0.5,100000,0
2016-03-07,03:40:00,0.5,0.5,0.5,0.5,200000,0
2016-03-07,03:45:00,0.5,0.5,0.5,0.5,140000,0
2016-03-07,03:55:00,0.5,0.5,0.5,0.5,200000,0
2016-03-07,04:00:00,0.5,0.5,0.5,0.5,45000,0
2016-03-07,04:05:00,0.5,0.51,0.5,0.5,510000,0
2016-03-07,04:10:00,0.5,0.5,0.5,0.5,10000,0
2016-03-07,04:15:00,0.5,0.51,0.5,0.51,615000,0
2016-03-07,04:20:00,0.51,0.51,0.51,0.51,30000,0
2016-03-07,04:25:00,0.51,0.51,0.5,0.51,485000,0
2016-03-07,04:30:00,0.51,0.51,0.51,0.51,120000,0
2016-03-07,04:35:00,0.51,0.51,0.51,0.51,110000,0
2016-03-07,04:40:00,0.51,0.52,0.51,0.52,1870000,0
2016-03-07,04:45:00,0.52,0.53,0.52,0.53,580000,0
2016-03-07,04:50:00,0.53,0.53,0.52,0.52,490000,0
2016-03-07,04:55:00,0.52,0.53,0.51,0.53,1515000,0
2016-03-07,05:00:00,0.53,0.53,0.51,0.52,335000,0
2016-03-07,06:05:00,0.52,0.52,0.51,0.51,600000,0
2016-03-07,06:10:00,0.51,0.51,0.51,0.51,60000,0
2016-03-07,06:15:00,0.51,0.51,0.51,0.51,30000,0
2016-03-07,06:25:00,0.51,0.52,0.51,0.52,200000,0
2016-03-07,06:45:00,0.52,0.52,0.51,0.51,310000,0
2016-03-07,06:50:00,0.51,0.51,0.51,0.51,400000,0
2016-03-07,07:05:00,0.51,0.52,0.51,0.52,500000,0
2016-03-07,07:35:00,0.52,0.52,0.51,0.51,450000,0
2016-03-07,07:40:00,0.51,0.52,0.51,0.52,2200000,0
2016-03-07,07:45:00,0.52,0.52,0.51,0.51,1080000,0
2016-03-07,07:50:00,0.51,0.52,0.51,0.52,250000,0
2016-03-07,07:55:00,0.52,0.52,0.51,0.51,730000,0
2016-03-07,08:05:00,0.52,0.52,0.52,0.52,5000,0
2016-03-07,08:10:00,0.52,0.52,0.52,0.52,195000,0
2016-03-07,08:15:00,0.52,0.52,0.52,0.52,280000,0
2016-03-07,08:20:00,0.52,0.52,0.52,0.52,100000,0
2016-03-07,08:25:00,0.52,0.52,0.52,0.52,260000,0
2016-03-07,08:35:00,0.52,0.52,0.52,0.52,320000,0
2016-03-07,08:40:00,0.52,0.52,0.52,0.52,100000,0
2016-03-07,08:50:00,0.52,0.53,0.52,0.53,2235000,0
2016-03-07,08:55:00,0.53,0.54,0.53,0.54,205000,0
2016-03-07,09:00:00,0.54,0.55,0.53,0.55,1075000,0
2016-03-08,02:35:00,0.55,0.55,0.55,0.55,65000,0
2016-03-08,02:40:00,0.55,0.55,0.55,0.55,20000,0
2016-03-08,02:45:00,0.55,0.55,0.55,0.55,25000,0
2016-03-08,02:50:00,0.55,0.55,0.54,0.54,85000,0
2016-03-08,02:55:00,0.54,0.55,0.54,0.54,110000,0
2016-03-08,03:00:00,0.54,0.54,0.53,0.53,340000,0
2016-03-08,03:15:00,0.53,0.53,0.52,0.53,260000,0
2016-03-08,03:20:00,0.53,0.53,0.53,0.53,100000,0
2016-03-08,03:30:00,0.52,0.53,0.52,0.53,10000,0
2016-03-08,03:35:00,0.52,0.53,0.52,0.53,130000,0
2016-03-08,03:45:00,0.53,0.53,0.53,0.53,300000,0
2016-03-08,03:50:00,0.53,0.53,0.53,0.53,100000,0
2016-03-08,03:55:00,0.53,0.53,0.53,0.53,95000,0
2016-03-08,04:10:00,0.52,0.53,0.52,0.53,295000,0
2016-03-08,04:15:00,0.53,0.53,0.53,0.53,340000,0
2016-03-08,04:20:00,0.53,0.54,0.53,0.54,10000,0
2016-03-08,04:30:00,0.54,0.56,0.54,0.56,900000,0
2016-03-08,04:35:00,0.56,0.56,0.55,0.55,1965000,0
2016-03-08,04:40:00,0.55,0.56,0.55,0.56,635000,0
2016-03-08,04:45:00,0.56,0.56,0.56,0.56,45000,0
2016-03-08,04:50:00,0.56,0.57,0.56,0.56,160000,0
2016-03-08,04:55:00,0.56,0.57,0.56,0.56,1160000,0
2016-03-08,06:10:00,0.56,0.56,0.56,0.56,50000,0
2016-03-08,06:15:00,0.56,0.56,0.56,0.56,55000,0
2016-03-08,06:20:00,0.56,0.56,0.55,0.55,35000,0
2016-03-08,06:30:00,0.55,0.55,0.55,0.55,560000,0
2016-03-08,06:40:00,0.55,0.55,0.55,0.55,80000,0
2016-03-08,06:50:00,0.55,0.56,0.55,0.55,1090000,0
2016-03-08,07:00:00,0.55,0.56,0.55,0.56,120000,0
2016-03-08,07:05:00,0.56,0.56,0.55,0.56,290000,0
2016-03-08,07:10:00,0.56,0.56,0.55,0.55,1030000,0
2016-03-08,07:15:00,0.55,0.56,0.55,0.55,405000,0
2016-03-08,07:20:00,0.55,0.56,0.54,0.56,410000,0
2016-03-08,07:25:00,0.56,0.56,0.54,0.54,920000,0
2016-03-08,07:30:00,0.54,0.54,0.54,0.54,200000,0
2016-03-08,07:35:00,0.54,0.55,0.54,0.54,170000,0
2016-03-08,07:40:00,0.54,0.55,0.54,0.55,165000,0
2016-03-08,07:45:00,0.55,0.55,0.54,0.54,215000,0
2016-03-08,07:50:00,0.54,0.55,0.54,0.55,95000,0
2016-03-08,07:55:00,0.55,0.55,0.55,0.55,200000,0
2016-03-08,08:00:00,0.55,0.55,0.54,0.55,170000,0
2016-03-08,08:05:00,0.55,0.56,0.55,0.56,195000,0
2016-03-08,08:10:00,0.56,0.56,0.55,0.56,1215000,0
2016-03-08,08:15:00,0.56,0.57,0.56,0.56,365000,0
2016-03-08,08:30:00,0.56,0.57,0.56,0.57,960000,0
2016-03-08,08:35:00,0.57,0.58,0.57,0.57,1660000,0
2016-03-08,08:40:00,0.57,0.58,0.57,0.58,525000,0
2016-03-08,08:45:00,0.58,0.58,0.58,0.58,140000,0
2016-03-08,08:50:00,0.58,0.58,0.58,0.58,165000,0
2016-03-08,08:55:00,0.58,0.58,0.57,0.57,970000,0
2016-03-08,09:00:00,0.57,0.58,0.57,0.57,545000,0
2016-03-09,02:35:00,0.57,0.57,0.56,0.56,250000,0
2016-03-09,02:40:00,0.56,0.57,0.56,0.57,110000,0
2016-03-09,02:45:00,0.57,0.57,0.56,0.56,90000,0
2016-03-09,02:50:00,0.56,0.56,0.56,0.56,50000,0
2016-03-09,03:05:00,0.55,0.57,0.55,0.57,420000,0
2016-03-09,03:10:00,0.57,0.57,0.56,0.57,100000,0
2016-03-09,03:15:00,0.57,0.57,0.57,0.57,115000,0
2016-03-09,03:20:00,0.57,0.58,0.57,0.58,250000,0
2016-03-09,03:25:00,0.58,0.58,0.57,0.57,200000,0
2016-03-09,03:30:00,0.57,0.57,0.57,0.57,75000,0
2016-03-09,03:35:00,0.57,0.57,0.57,0.57,50000,0
2016-03-09,03:40:00,0.57,0.57,0.57,0.57,5000,0
2016-03-09,03:45:00,0.57,0.57,0.56,0.56,75000,0
2016-03-09,03:55:00,0.56,0.56,0.56,0.56,270000,0
2016-03-09,04:00:00,0.56,0.56,0.56,0.56,245000,0
2016-03-09,04:05:00,0.56,0.57,0.56,0.57,10000,0
2016-03-09,04:15:00,0.57,0.57,0.56,0.56,260000,0
2016-03-09,04:35:00,0.56,0.57,0.56,0.57,240000,0
2016-03-09,04:50:00,0.57,0.57,0.57,0.57,25000,0
2016-03-09,06:05:00,0.57,0.57,0.57,0.57,100000,0
2016-03-09,06:10:00,0.57,0.57,0.57,0.57,15000,0
2016-03-09,06:15:00,0.57,0.57,0.57,0.57,50000,0
2016-03-09,06:20:00,0.57,0.57,0.57,0.57,20000,0
2016-03-09,06:25:00,0.57,0.57,0.57,0.57,5000,0
2016-03-09,06:30:00,0.57,0.57,0.57,0.57,5000,0
2016-03-09,07:10:00,0.57,0.57,0.57,0.57,160000,0
2016-03-09,07:15:00,0.57,0.57,0.57,0.57,10000,0
2016-03-09,07:25:00,0.57,0.57,0.57,0.57,30000,0
2016-03-09,07:35:00,0.57,0.57,0.57,0.57,50000,0
2016-03-09,07:40:00,0.57,0.57,0.57,0.57,10000,0
2016-03-09,07:50:00,0.57,0.57,0.57,0.57,5000,0
2016-03-09,07:55:00,0.57,0.57,0.57,0.57,430000,0
2016-03-09,08:10:00,0.57,0.57,0.57,0.57,20000,0
2016-03-09,08:15:00,0.57,0.57,0.57,0.57,20000,0
2016-03-09,08:20:00,0.57,0.58,0.57,0.58,520000,0
2016-03-09,08:35:00,0.58,0.58,0.58,0.58,125000,0
2016-03-09,08:40:00,0.58,0.58,0.58,0.58,230000,0
2016-03-09,08:45:00,0.58,0.58,0.57,0.57,390000,0
2016-03-09,08:50:00,0.57,0.57,0.57,0.57,260000,0
2016-03-09,08:55:00,0.57,0.58,0.57,0.58,110000,0
2016-03-09,09:00:00,0.58,0.58,0.56,0.58,525000,0
2016-03-10,03:05:00,0.58,0.58,0.57,0.57,140000,0
2016-03-10,03:10:00,0.57,0.57,0.57,0.57,10000,0
2016-03-10,03:15:00,0.57,0.58,0.57,0.58,160000,0
2016-03-10,03:20:00,0.58,0.58,0.58,0.58,5000,0
2016-03-10,03:30:00,0.58,0.58,0.57,0.57,10000,0
2016-03-10,03:40:00,0.57,0.57,0.57,0.57,20000,0
2016-03-10,03:45:00,0.57,0.58,0.57,0.58,85000,0
2016-03-10,04:30:00,0.58,0.58,0.57,0.57,85000,0
2016-03-10,04:40:00,0.57,0.58,0.57,0.58,375000,0
2016-03-10,06:10:00,0.58,0.58,0.57,0.57,385000,0
2016-03-10,06:15:00,0.57,0.58,0.57,0.58,10000,0
2016-03-10,06:25:00,0.56,0.57,0.56,0.57,15000,0
2016-03-10,06:40:00,0.57,0.57,0.57,0.57,50000,0
2016-03-10,07:20:00,0.56,0.57,0.56,0.57,155000,0
2016-03-10,07:35:00,0.57,0.57,0.57,0.57,5000,0
2016-03-10,07:40:00,0.57,0.57,0.57,0.57,15000,0
2016-03-10,07:45:00,0.57,0.57,0.57,0.57,95000,0
2016-03-10,07:55:00,0.57,0.57,0.57,0.57,5000,0
2016-03-10,08:25:00,0.57,0.57,0.57,0.57,170000,0
2016-03-10,08:30:00,0.57,0.57,0.57,0.57,50000,0
2016-03-10,08:45:00,0.57,0.58,0.57,0.58,10000,0
2016-03-10,08:55:00,0.58,0.58,0.56,0.58,385000,0
2016-03-10,09:00:00,0.57,0.58,0.56,0.58,105000,0
2016-03-11,02:35:00,0.58,0.58,0.57,0.57,335000,0
2016-03-11,02:40:00,0.57,0.57,0.57,0.57,240000,0
2016-03-11,02:55:00,0.57,0.58,0.57,0.57,20000,0
2016-03-11,03:00:00,0.57,0.57,0.56,0.56,390000,0
2016-03-11,03:05:00,0.56,0.57,0.56,0.57,70000,0
2016-03-11,03:25:00,0.57,0.57,0.56,0.57,120000,0
2016-03-11,03:30:00,0.57,0.57,0.56,0.57,700000,0
2016-03-11,03:35:00,0.57,0.57,0.57,0.57,300000,0
2016-03-11,03:40:00,0.57,0.57,0.57,0.57,10000,0
2016-03-11,04:00:00,0.57,0.57,0.56,0.56,15000,0
2016-03-11,04:10:00,0.56,0.56,0.56,0.56,200000,0
2016-03-11,04:15:00,0.56,0.56,0.56,0.56,10000,0
2016-03-11,04:20:00,0.56,0.56,0.56,0.56,20000,0
2016-03-11,04:40:00,0.56,0.57,0.56,0.57,10000,0
2016-03-11,04:45:00,0.57,0.57,0.56,0.56,35000,0
2016-03-11,04:50:00,0.56,0.56,0.56,0.56,5000,0
2016-03-11,04:55:00,0.56,0.57,0.56,0.57,190000,0
2016-03-11,05:00:00,0.57,0.57,0.57,0.57,155000,0
2016-03-11,06:10:00,0.57,0.57,0.57,0.57,5000,0
2016-03-11,06:20:00,0.57,0.57,0.55,0.55,10000,0
2016-03-11,06:25:00,0.55,0.56,0.55,0.56,15000,0
2016-03-11,06:50:00,0.56,0.56,0.55,0.56,485000,0
2016-03-11,07:00:00,0.56,0.56,0.55,0.55,20000,0
2016-03-11,07:05:00,0.55,0.55,0.55,0.55,45000,0
2016-03-11,07:15:00,0.55,0.55,0.55,0.55,5000,0
2016-03-11,07:20:00,0.55,0.55,0.54,0.54,390000,0
2016-03-11,07:25:00,0.54,0.55,0.54,0.54,505000,0
2016-03-11,07:30:00,0.54,0.54,0.54,0.54,10000,0
2016-03-11,07:35:00,0.54,0.54,0.54,0.54,10000,0
2016-03-11,07:40:00,0.53,0.54,0.53,0.54,300000,0
2016-03-11,07:45:00,0.54,0.54,0.54,0.54,245000,0
2016-03-11,07:50:00,0.54,0.55,0.54,0.55,10000,0
2016-03-11,08:05:00,0.55,0.55,0.55,0.55,5000,0
2016-03-11,08:10:00,0.53,0.55,0.53,0.54,60000,0
2016-03-11,08:15:00,0.54,0.55,0.54,0.55,75000,0
2016-03-11,08:35:00,0.55,0.55,0.54,0.54,70000,0
2016-03-11,08:40:00,0.54,0.55,0.54,0.55,30000,0
2016-03-11,08:55:00,0.55,0.55,0.54,0.55,285000,0
2016-03-11,09:00:00,0.55,0.55,0.54,0.55,25000,0
2016-03-14,02:35:00,0.56,0.56,0.55,0.56,10000,0
2016-03-14,02:40:00,0.56,0.56,0.55,0.55,10000,0
2016-03-14,02:45:00,0.55,0.55,0.55,0.55,20000,0
2016-03-14,02:50:00,0.55,0.55,0.54,0.54,40000,0
2016-03-14,02:55:00,0.54,0.54,0.54,0.54,20000,0
2016-03-14,03:00:00,0.54,0.54,0.53,0.53,20000,0
2016-03-14,03:20:00,0.53,0.54,0.53,0.54,105000,0
2016-03-14,03:30:00,0.54,0.54,0.53,0.53,115000,0
2016-03-14,03:35:00,0.53,0.54,0.53,0.54,280000,0
2016-03-14,03:40:00,0.54,0.54,0.53,0.53,155000,0
2016-03-14,03:50:00,0.53,0.54,0.53,0.53,205000,0
2016-03-14,03:55:00,0.53,0.54,0.53,0.54,10000,0
2016-03-14,04:05:00,0.54,0.54,0.53,0.53,30000,0
2016-03-14,04:10:00,0.53,0.53,0.53,0.53,100000,0
2016-03-14,04:15:00,0.53,0.53,0.53,0.53,120000,0
2016-03-14,04:25:00,0.53,0.54,0.53,0.54,60000,0
2016-03-14,04:50:00,0.54,0.54,0.54,0.54,40000,0
2016-03-14,04:55:00,0.54,0.54,0.52,0.52,655000,0
2016-03-14,05:00:00,0.52,0.53,0.52,0.52,65000,0
2016-03-14,06:05:00,0.52,0.52,0.52,0.52,40000,0
2016-03-14,06:10:00,0.52,0.53,0.52,0.53,15000,0
2016-03-14,06:15:00,0.53,0.53,0.52,0.52,10000,0
2016-03-14,06:30:00,0.52,0.53,0.52,0.53,75000,0
2016-03-14,06:35:00,0.53,0.53,0.52,0.52,300000,0
2016-03-14,06:40:00,0.52,0.52,0.52,0.52,320000,0
2016-03-14,06:45:00,0.52,0.52,0.52,0.52,100000,0
2016-03-14,06:50:00,0.52,0.52,0.5,0.51,990000,0
2016-03-14,06:55:00,0.51,0.52,0.51,0.52,15000,0
2016-03-14,07:10:00,0.52,0.53,0.52,0.53,265000,0
2016-03-14,07:20:00,0.53,0.53,0.52,0.53,60000,0
2016-03-14,07:35:00,0.53,0.53,0.53,0.53,5000,0
2016-03-14,07:40:00,0.53,0.53,0.53,0.53,5000,0
2016-03-14,07:50:00,0.53,0.53,0.52,0.52,10000,0
2016-03-14,08:15:00,0.52,0.52,0.52,0.52,10000,0
2016-03-14,08:20:00,0.52,0.53,0.52,0.53,10000,0
2016-03-14,08:30:00,0.53,0.53,0.53,0.53,100000,0
2016-03-14,08:40:00,0.53,0.53,0.52,0.53,20000,0
2016-03-14,08:55:00,0.53,0.53,0.52,0.53,205000,0
2016-03-14,09:00:00,0.53,0.53,0.51,0.53,540000,0
2016-03-15,03:15:00,0.53,0.53,0.52,0.52,30000,0
2016-03-15,03:20:00,0.52,0.53,0.52,0.53,15000,0
2016-03-15,03:40:00,0.52,0.53,0.52,0.53,20000,0
2016-03-15,03:45:00,0.53,0.53,0.51,0.51,15000,0
2016-03-15,03:55:00,0.51,0.52,0.51,0.52,10000,0
2016-03-15,04:45:00,0.52,0.52,0.51,0.51,680000,0
2016-03-15,06:05:00,0.51,0.51,0.495,0.495,920000,0
2016-03-15,06:10:00,0.49,0.495,0.49,0.495,65000,0
2016-03-15,06:15:00,0.495,0.5,0.495,0.5,10000,0
2016-03-15,06:30:00,0.5,0.5,0.5,0.5,50000,0
2016-03-15,06:35:00,0.5,0.5,0.495,0.495,185000,0
2016-03-15,06:40:00,0.495,0.5,0.495,0.5,15000,0
2016-03-15,06:45:00,0.5,0.5,0.495,0.495,30000,0
2016-03-15,06:50:00,0.495,0.5,0.495,0.5,10000,0
2016-03-15,07:00:00,0.5,0.5,0.5,0.5,5000,0
2016-03-15,07:05:00,0.5,0.5,0.5,0.5,100000,0
2016-03-15,07:20:00,0.5,0.5,0.5,0.5,215000,0
2016-03-15,07:45:00,0.5,0.51,0.5,0.5,290000,0
2016-03-15,07:55:00,0.5,0.5,0.5,0.5,250000,0
2016-03-15,08:15:00,0.5,0.5,0.5,0.5,70000,0
2016-03-15,08:25:00,0.5,0.5,0.5,0.5,180000,0
2016-03-15,08:40:00,0.5,0.51,0.5,0.51,10000,0
2016-03-15,08:45:00,0.51,0.51,0.5,0.5,20000,0
2016-03-15,08:50:00,0.5,0.5,0.5,0.5,40000,0
2016-03-15,09:00:00,0.5,0.5,0.49,0.5,245000,0
2016-03-16,02:35:00,0.5,0.5,0.5,0.5,5000,0
2016-03-16,02:40:00,0.5,0.51,0.5,0.51,10000,0
2016-03-16,02:45:00,0.51,0.51,0.51,0.51,50000,0
2016-03-16,02:50:00,0.51,0.51,0.51,0.51,50000,0
2016-03-16,03:00:00,0.51,0.51,0.51,0.51,25000,0
2016-03-16,03:05:00,0.51,0.51,0.51,0.51,5000,0
2016-03-16,03:15:00,0.51,0.51,0.5,0.5,10000,0
2016-03-16,03:30:00,0.5,0.51,0.5,0.51,10000,0
2016-03-16,03:45:00,0.51,0.51,0.5,0.51,120000,0
2016-03-16,04:00:00,0.51,0.51,0.5,0.5,25000,0
2016-03-16,04:25:00,0.5,0.5,0.5,0.5,10000,0
2016-03-16,04:30:00,0.5,0.51,0.5,0.51,10000,0
2016-03-16,04:45:00,0.51,0.51,0.5,0.5,10000,0
2016-03-16,04:55:00,0.5,0.51,0.5,0.51,10000,0
2016-03-16,05:00:00,0.51,0.51,0.51,0.51,100000,0
2016-03-16,06:10:00,0.51,0.51,0.5,0.5,115000,0
2016-03-16,06:20:00,0.5,0.51,0.5,0.51,10000,0
2016-03-16,06:50:00,0.51,0.51,0.5,0.5,10000,0
2016-03-16,06:55:00,0.5,0.51,0.5,0.51,10000,0
2016-03-16,07:00:00,0.51,0.51,0.5,0.5,40000,0
2016-03-16,07:25:00,0.5,0.51,0.5,0.51,15000,0
2016-03-16,07:30:00,0.51,0.51,0.5,0.5,135000,0
2016-03-16,07:35:00,0.5,0.5,0.5,0.5,75000,0
2016-03-16,07:45:00,0.5,0.51,0.5,0.51,70000,0
2016-03-16,08:05:00,0.51,0.51,0.5,0.5,10000,0
2016-03-16,08:25:00,0.5,0.51,0.5,0.51,20000,0
2016-03-16,08:45:00,0.51,0.51,0.5,0.5,130000,0
2016-03-16,08:50:00,0.5,0.5,0.495,0.5,200000,0
2016-03-16,09:00:00,0.5,0.5,0.495,0.5,375000,0
2016-03-17,02:40:00,0.5,0.5,0.5,0.5,500000,0
2016-03-17,02:45:00,0.5,0.5,0.5,0.5,5000,0
2016-03-17,03:00:00,0.5,0.51,0.5,0.51,10000,0
2016-03-17,03:15:00,0.51,0.51,0.5,0.5,10000,0
2016-03-17,03:20:00,0.5,0.51,0.5,0.51,10000,0
2016-03-17,04:10:00,0.51,0.51,0.5,0.5,635000,0
2016-03-17,04:15:00,0.5,0.5,0.5,0.5,50000,0
2016-03-17,04:30:00,0.5,0.5,0.5,0.5,200000,0
2016-03-17,04:35:00,0.5,0.5,0.5,0.5,365000,0
2016-03-17,04:40:00,0.5,0.51,0.5,0.51,100000,0
2016-03-17,05:00:00,0.495,0.5,0.495,0.5,10000,0
2016-03-17,06:05:00,0.5,0.5,0.5,0.5,480000,0
2016-03-17,06:10:00,0.5,0.51,0.5,0.51,15000,0
2016-03-17,06:50:00,0.51,0.51,0.5,0.5,10000,0
2016-03-17,07:00:00,0.5,0.5,0.5,0.5,50000,0
2016-03-17,07:20:00,0.5,0.51,0.5,0.51,10000,0
2016-03-17,07:50:00,0.51,0.51,0.5,0.5,215000,0
2016-03-17,08:00:00,0.5,0.5,0.5,0.5,60000,0
2016-03-17,08:05:00,0.5,0.5,0.495,0.5,80000,0
2016-03-17,08:20:00,0.5,0.5,0.5,0.5,105000,0
2016-03-17,08:25:00,0.5,0.5,0.5,0.5,180000,0
2016-03-17,08:30:00,0.5,0.5,0.5,0.5,20000,0
2016-03-17,08:35:00,0.5,0.5,0.5,0.5,45000,0
2016-03-17,08:40:00,0.5,0.5,0.5,0.5,10000,0
2016-03-17,08:55:00,0.495,0.5,0.495,0.5,15000,0
2016-03-17,09:00:00,0.5,0.5,0.495,0.5,120000,0
2016-03-18,02:35:00,0.5,0.5,0.495,0.495,50000,0
2016-03-18,02:40:00,0.495,0.5,0.495,0.5,40000,0
2016-03-18,02:55:00,0.5,0.5,0.495,0.495,10000,0
2016-03-18,03:00:00,0.495,0.5,0.495,0.5,240000,0
2016-03-18,03:10:00,0.5,0.5,0.495,0.495,85000,0
2016-03-18,03:15:00,0.49,0.5,0.49,0.5,215000,0
2016-03-18,03:25:00,0.5,0.5,0.495,0.5,20000,0
2016-03-18,03:45:00,0.5,0.5,0.495,0.5,55000,0
2016-03-18,04:00:00,0.5,0.5,0.495,0.5,20000,0
2016-03-18,04:10:00,0.5,0.5,0.5,0.5,5000,0
2016-03-18,04:30:00,0.5,0.5,0.5,0.5,5000,0
2016-03-18,04:45:00,0.5,0.5,0.495,0.5,20000,0
2016-03-18,06:10:00,0.5,0.5,0.5,0.5,80000,0
2016-03-18,06:15:00,0.5,0.5,0.495,0.495,60000,0
2016-03-18,06:20:00,0.495,0.495,0.495,0.495,110000,0
2016-03-18,06:25:00,0.495,0.5,0.495,0.5,10000,0
2016-03-18,06:30:00,0.5,0.5,0.495,0.495,80000,0
2016-03-18,06:35:00,0.495,0.5,0.495,0.5,10000,0
2016-03-18,06:40:00,0.5,0.5,0.5,0.5,80000,0
2016-03-18,06:45:00,0.5,0.5,0.495,0.5,125000,0
2016-03-18,07:25:00,0.5,0.5,0.495,0.5,90000,0
2016-03-18,07:35:00,0.5,0.5,0.495,0.495,110000,0
2016-03-18,07:40:00,0.495,0.5,0.495,0.5,10000,0
2016-03-18,07:45:00,0.5,0.5,0.5,0.5,15000,0
2016-03-18,07:55:00,0.5,0.5,0.495,0.495,375000,0
2016-03-18,08:00:00,0.495,0.5,0.495,0.5,150000,0
2016-03-18,08:30:00,0.5,0.5,0.495,0.495,190000,0
2016-03-18,08:35:00,0.495,0.5,0.495,0.5,15000,0
2016-03-18,08:40:00,0.5,0.5,0.5,0.5,5000,0
2016-03-18,08:50:00,0.5,0.5,0.495,0.5,70000,0
2016-03-18,08:55:00,0.5,0.5,0.495,0.5,25000,0
2016-03-18,09:00:00,0.5,0.5,0.495,0.5,25000,0
2016-03-21,02:35:00,0.5,0.53,0.5,0.53,155000,0
2016-03-21,02:40:00,0.53,0.53,0.52,0.53,640000,0
2016-03-21,02:45:00,0.52,0.52,0.52,0.52,50000,0
2016-03-21,02:50:00,0.52,0.52,0.52,0.52,20000,0
2016-03-21,02:55:00,0.52,0.52,0.51,0.51,10000,0
2016-03-21,03:00:00,0.51,0.51,0.51,0.51,35000,0
2016-03-21,03:05:00,0.51,0.52,0.51,0.52,90000,0
2016-03-21,03:10:00,0.52,0.52,0.52,0.52,25000,0
2016-03-21,03:15:00,0.52,0.53,0.52,0.53,500000,0
2016-03-21,03:25:00,0.53,0.53,0.53,0.53,250000,0
2016-03-21,03:30:00,0.53,0.53,0.52,0.52,320000,0
2016-03-21,03:35:00,0.52,0.52,0.51,0.52,1200000,0
2016-03-21,04:00:00,0.52,0.52,0.52,0.52,5000,0
2016-03-21,04:05:00,0.52,0.53,0.52,0.53,60000,0
2016-03-21,04:15:00,0.52,0.52,0.51,0.51,120000,0
2016-03-21,04:20:00,0.51,0.52,0.51,0.52,60000,0
2016-03-21,04:25:00,0.52,0.53,0.51,0.53,170000,0
2016-03-21,04:30:00,0.53,0.53,0.52,0.52,10000,0
2016-03-21,04:35:00,0.52,0.53,0.52,0.53,10000,0
2016-03-21,04:40:00,0.53,0.53,0.52,0.52,10000,0
2016-03-21,04:50:00,0.52,0.52,0.52,0.52,10000,0
2016-03-21,04:55:00,0.52,0.53,0.52,0.52,20000,0
2016-03-21,06:40:00,0.52,0.53,0.52,0.53,10000,0
2016-03-21,06:45:00,0.53,0.53,0.52,0.52,10000,0
2016-03-21,07:00:00,0.52,0.52,0.52,0.52,60000,0
2016-03-21,07:15:00,0.52,0.52,0.52,0.52,5000,0
2016-03-21,07:40:00,0.52,0.52,0.52,0.52,200000,0
2016-03-21,07:55:00,0.52,0.52,0.52,0.52,5000,0
2016-03-21,08:00:00,0.52,0.52,0.51,0.51,10000,0
2016-03-21,08:10:00,0.51,0.52,0.51,0.52,120000,0
2016-03-21,08:30:00,0.52,0.52,0.51,0.51,100000,0
2016-03-21,08:35:00,0.51,0.52,0.51,0.52,10000,0
2016-03-21,08:55:00,0.52,0.52,0.51,0.52,110000,0
2016-03-21,09:00:00,0.52,0.52,0.51,0.52,235000,0
2016-03-22,02:35:00,0.53,0.53,0.52,0.53,120000,0
2016-03-22,02:55:00,0.53,0.53,0.52,0.52,50000,0
2016-03-22,03:10:00,0.52,0.53,0.52,0.53,25000,0
2016-03-22,03:20:00,0.52,0.52,0.51,0.51,10000,0
2016-03-22,03:30:00,0.51,0.51,0.51,0.51,200000,0
2016-03-22,03:35:00,0.51,0.51,0.51,0.51,55000,0
2016-03-22,03:50:00,0.51,0.52,0.51,0.52,25000,0
2016-03-22,04:05:00,0.51,0.52,0.51,0.52,60000,0
2016-03-22,04:10:00,0.52,0.52,0.51,0.51,20000,0
2016-03-22,04:25:00,0.51,0.51,0.51,0.51,30000,0
2016-03-22,04:30:00,0.51,0.51,0.51,0.51,10000,0
2016-03-22,06:15:00,0.5,0.51,0.5,0.51,20000,0
2016-03-22,07:00:00,0.51,0.51,0.51,0.51,100000,0
2016-03-22,07:20:00,0.51,0.52,0.51,0.52,60000,0
2016-03-22,07:25:00,0.5,0.51,0.5,0.51,10000,0
2016-03-22,07:30:00,0.51,0.51,0.51,0.51,15000,0
2016-03-22,07:40:00,0.51,0.51,0.51,0.51,25000,0
2016-03-22,07:50:00,0.5,0.51,0.5,0.51,195000,0
2016-03-22,07:55:00,0.51,0.51,0.5,0.51,150000,0
2016-03-22,08:20:00,0.5,0.51,0.5,0.51,100000,0
2016-03-22,08:55:00,0.5,0.51,0.5,0.51,10000,0
2016-03-22,09:00:00,0.5,0.51,0.5,0.51,220000,0
2016-03-23,02:35:00,0.52,0.52,0.51,0.52,20000,0
2016-03-23,04:25:00,0.5,0.51,0.5,0.51,10000,0
2016-03-23,06:45:00,0.5,0.51,0.5,0.51,10000,0
2016-03-23,06:50:00,0.51,0.51,0.51,0.51,70000,0
2016-03-23,07:25:00,0.51,0.52,0.51,0.52,10000,0
2016-03-23,07:30:00,0.52,0.52,0.52,0.52,120000,0
2016-03-23,07:45:00,0.52,0.52,0.52,0.52,45000,0
2016-03-23,08:00:00,0.52,0.52,0.51,0.51,10000,0
2016-03-23,08:10:00,0.51,0.52,0.51,0.52,190000,0
2016-03-23,08:15:00,0.52,0.53,0.52,0.52,40000,0
2016-03-23,09:00:00,0.52,0.52,0.5,0.52,640000,0
2016-03-24,02:35:00,0.52,0.52,0.52,0.52,40000,0
2016-03-24,02:50:00,0.52,0.52,0.51,0.51,90000,0
2016-03-24,03:10:00,0.51,0.51,0.51,0.51,5000,0
2016-03-24,03:15:00,0.51,0.52,0.51,0.52,10000,0
2016-03-24,03:40:00,0.52,0.52,0.51,0.51,10000,0
2016-03-24,03:45:00,0.51,0.52,0.51,0.52,10000,0
2016-03-24,04:15:00,0.52,0.52,0.5,0.51,185000,0
2016-03-24,04:25:00,0.51,0.51,0.5,0.51,170000,0
2016-03-24,06:15:00,0.5,0.51,0.5,0.51,10000,0
2016-03-24,07:15:00,0.51,0.51,0.51,0.51,60000,0
2016-03-24,08:05:00,0.5,0.51,0.5,0.51,10000,0
2016-03-24,08:45:00,0.5,0.51,0.5,0.51,10000,0
2016-03-24,08:50:00,0.5,0.51,0.5,0.51,10000,0
2016-03-24,08:55:00,0.5,0.51,0.5,0.51,10000,0
2016-03-24,09:00:00,0.51,0.51,0.5,0.51,70000,0
2016-03-29,03:50:00,0.52,0.52,0.51,0.52,10000,0
2016-03-29,04:05:00,0.52,0.52,0.52,0.52,250000,0
2016-03-29,04:10:00,0.52,0.52,0.5,0.51,60000,0
2016-03-29,04:25:00,0.51,0.51,0.48,0.49,1425000,0
2016-03-29,04:30:00,0.49,0.5,0.47,0.48,1765000,0
2016-03-29,04:35:00,0.48,0.48,0.47,0.48,880000,0
2016-03-29,04:40:00,0.48,0.48,0.465,0.47,1905000,0
2016-03-29,04:45:00,0.47,0.475,0.465,0.475,415000,0
2016-03-29,04:50:00,0.475,0.475,0.47,0.475,1810000,0
2016-03-29,04:55:00,0.475,0.475,0.47,0.475,450000,0
2016-03-29,05:00:00,0.475,0.48,0.475,0.48,830000,0
2016-03-29,05:05:00,0.48,0.48,0.48,0.48,455000,0
2016-03-29,05:10:00,0.48,0.48,0.47,0.47,630000,0
2016-03-29,05:15:00,0.47,0.475,0.47,0.47,20000,0
2016-03-29,05:20:00,0.47,0.47,0.47,0.47,135000,0
2016-03-29,05:25:00,0.47,0.475,0.47,0.475,400000,0
2016-03-29,05:30:00,0.475,0.48,0.475,0.48,20000,0
2016-03-29,05:35:00,0.48,0.48,0.475,0.475,500000,0
2016-03-29,05:40:00,0.475,0.475,0.475,0.475,200000,0
2016-03-29,05:45:00,0.475,0.475,0.47,0.475,235000,0
2016-03-29,05:50:00,0.475,0.475,0.47,0.47,480000,0
2016-03-29,05:55:00,0.47,0.47,0.47,0.47,200000,0
2016-03-29,06:00:00,0.47,0.475,0.47,0.475,50000,0
2016-03-29,07:05:00,0.475,0.475,0.475,0.475,5000,0
2016-03-29,07:10:00,0.475,0.475,0.465,0.47,530000,0
2016-03-29,07:15:00,0.47,0.47,0.47,0.47,10000,0
2016-03-29,07:20:00,0.47,0.47,0.465,0.47,20000,0
2016-03-29,07:25:00,0.47,0.47,0.47,0.47,50000,0
2016-03-29,07:35:00,0.47,0.47,0.465,0.47,140000,0
2016-03-29,07:40:00,0.47,0.47,0.465,0.47,295000,0
2016-03-29,07:45:00,0.47,0.47,0.47,0.47,85000,0
2016-03-29,07:50:00,0.47,0.47,0.465,0.47,120000,0
2016-03-29,07:55:00,0.47,0.47,0.465,0.47,90000,0
2016-03-29,08:00:00,0.47,0.47,0.465,0.47,255000,0
2016-03-29,08:05:00,0.47,0.47,0.47,0.47,100000,0
2016-03-29,08:10:00,0.47,0.475,0.47,0.47,15000,0
2016-03-29,08:15:00,0.47,0.47,0.47,0.47,40000,0
2016-03-29,08:20:00,0.47,0.475,0.47,0.475,10000,0
2016-03-29,08:30:00,0.475,0.475,0.47,0.47,200000,0
2016-03-29,08:35:00,0.47,0.475,0.47,0.475,10000,0
2016-03-29,08:45:00,0.475,0.475,0.47,0.47,265000,0
2016-03-29,09:10:00,0.47,0.475,0.47,0.47,920000,0
2016-03-29,09:15:00,0.47,0.475,0.47,0.475,410000,0
2016-03-29,09:20:00,0.475,0.475,0.47,0.47,1055000,0
2016-03-29,09:25:00,0.47,0.475,0.47,0.47,715000,0
2016-03-29,09:35:00,0.47,0.475,0.47,0.475,30000,0
2016-03-29,09:40:00,0.475,0.475,0.47,0.475,125000,0
2016-03-29,09:45:00,0.475,0.475,0.465,0.47,695000,0
2016-03-29,09:50:00,0.47,0.47,0.465,0.465,165000,0
2016-03-29,09:55:00,0.465,0.48,0.465,0.48,1640000,0
2016-03-29,10:00:00,0.48,0.48,0.47,0.475,1120000,0
2016-03-30,03:35:00,0.475,0.5,0.475,0.5,435000,0
2016-03-30,03:40:00,0.5,0.51,0.49,0.495,150000,0
2016-03-30,03:45:00,0.495,0.5,0.495,0.5,10000,0
2016-03-30,03:50:00,0.5,0.5,0.495,0.495,40000,0
2016-03-30,04:00:00,0.495,0.495,0.49,0.49,10000,0
2016-03-30,04:05:00,0.49,0.495,0.49,0.495,10000,0
2016-03-30,04:15:00,0.495,0.495,0.49,0.495,265000,0
2016-03-30,04:20:00,0.495,0.495,0.49,0.49,100000,0
2016-03-30,04:25:00,0.49,0.49,0.475,0.475,475000,0
2016-03-30,04:40:00,0.48,0.49,0.475,0.475,185000,0
2016-03-30,04:45:00,0.475,0.475,0.475,0.475,200000,0
2016-03-30,04:50:00,0.475,0.48,0.475,0.48,95000,0
2016-03-30,04:55:00,0.48,0.48,0.475,0.48,355000,0
2016-03-30,05:00:00,0.48,0.48,0.48,0.48,5000,0
2016-03-30,05:05:00,0.48,0.48,0.48,0.48,10000,0
2016-03-30,05:15:00,0.48,0.48,0.475,0.475,120000,0
2016-03-30,05:20:00,0.475,0.475,0.475,0.475,100000,0
2016-03-30,05:25:00,0.475,0.48,0.475,0.475,20000,0
2016-03-30,05:30:00,0.47,0.48,0.47,0.475,185000,0
2016-03-30,05:35:00,0.475,0.485,0.475,0.48,690000,0
2016-03-30,05:40:00,0.48,0.485,0.48,0.485,130000,0
2016-03-30,05:55:00,0.485,0.485,0.485,0.485,5000,0
2016-03-30,07:05:00,0.485,0.485,0.475,0.475,10000,0
2016-03-30,07:10:00,0.475,0.475,0.475,0.475,5000,0
2016-03-30,07:15:00,0.475,0.485,0.475,0.485,10000,0
2016-03-30,07:55:00,0.485,0.485,0.485,0.485,95000,0
2016-03-30,08:00:00,0.485,0.495,0.485,0.495,10000,0
2016-03-30,08:05:00,0.49,0.495,0.49,0.495,20000,0
2016-03-30,08:20:00,0.495,0.495,0.49,0.49,15000,0
2016-03-30,08:25:00,0.49,0.49,0.485,0.485,10000,0
2016-03-30,08:30:00,0.485,0.495,0.48,0.495,655000,0
2016-03-30,09:05:00,0.495,0.495,0.49,0.495,20000,0
2016-03-30,09:30:00,0.495,0.495,0.49,0.49,35000,0
2016-03-30,09:35:00,0.49,0.495,0.49,0.49,135000,0
2016-03-30,09:40:00,0.49,0.49,0.48,0.485,1220000,0
2016-03-30,09:45:00,0.485,0.485,0.48,0.485,75000,0
2016-03-30,09:50:00,0.48,0.485,0.48,0.485,110000,0
2016-03-30,09:55:00,0.485,0.485,0.48,0.48,85000,0
2016-03-30,10:00:00,0.48,0.485,0.475,0.485,230000,0
2016-03-31,03:35:00,0.49,0.49,0.485,0.49,10000,0
2016-03-31,03:45:00,0.49,0.5,0.49,0.5,255000,0
2016-03-31,03:55:00,0.495,0.495,0.495,0.495,5000,0
2016-03-31,04:00:00,0.495,0.495,0.495,0.495,30000,0
2016-03-31,04:10:00,0.495,0.495,0.495,0.495,30000,0
2016-03-31,04:15:00,0.495,0.495,0.495,0.495,20000,0
2016-03-31,04:20:00,0.495,0.495,0.495,0.495,5000,0
2016-03-31,04:25:00,0.495,0.495,0.49,0.49,105000,0
2016-03-31,04:30:00,0.49,0.495,0.49,0.495,10000,0
2016-03-31,04:45:00,0.495,0.495,0.49,0.49,80000,0
2016-03-31,05:30:00,0.49,0.49,0.485,0.485,85000,0
2016-03-31,05:35:00,0.485,0.49,0.485,0.49,10000,0
2016-03-31,05:50:00,0.49,0.49,0.485,0.485,10000,0
2016-03-31,05:55:00,0.48,0.485,0.48,0.485,10000,0
2016-03-31,07:05:00,0.485,0.485,0.485,0.485,15000,0
2016-03-31,07:10:00,0.485,0.485,0.485,0.485,5000,0
2016-03-31,07:20:00,0.485,0.485,0.485,0.485,5000,0
2016-03-31,07:25:00,0.485,0.49,0.485,0.49,10000,0
2016-03-31,08:10:00,0.49,0.49,0.485,0.485,10000,0
2016-03-31,08:15:00,0.485,0.49,0.485,0.49,50000,0
2016-03-31,08:20:00,0.49,0.49,0.485,0.485,260000,0
2016-03-31,08:25:00,0.485,0.49,0.485,0.49,10000,0
2016-03-31,08:50:00,0.49,0.49,0.49,0.49,20000,0
2016-03-31,09:10:00,0.49,0.49,0.485,0.485,90000,0
2016-03-31,09:25:00,0.485,0.49,0.485,0.49,30000,0
2016-03-31,09:50:00,0.49,0.49,0.49,0.49,40000,0
2016-03-31,10:00:00,0.49,0.49,0.485,0.49,30000,0
2016-04-01,03:35:00,0.49,0.495,0.49,0.495,20000,0
2016-04-01,03:50:00,0.49,0.49,0.485,0.485,30000,0
2016-04-01,03:55:00,0.48,0.495,0.48,0.495,10000,0
2016-04-01,04:30:00,0.49,0.49,0.485,0.485,40000,0
2016-04-01,04:35:00,0.485,0.49,0.485,0.49,10000,0
2016-04-01,05:40:00,0.49,0.49,0.485,0.49,165000,0
2016-04-01,05:45:00,0.49,0.49,0.485,0.49,130000,0
2016-04-01,05:50:00,0.49,0.49,0.485,0.485,65000,0
2016-04-01,05:55:00,0.485,0.495,0.485,0.495,125000,0
2016-04-01,07:05:00,0.495,0.495,0.49,0.49,25000,0
2016-04-01,07:15:00,0.49,0.495,0.49,0.495,10000,0
2016-04-01,07:50:00,0.495,0.495,0.49,0.495,120000,0
2016-04-01,08:10:00,0.495,0.495,0.49,0.495,20000,0
2016-04-01,08:45:00,0.495,0.495,0.49,0.49,135000,0
2016-04-01,08:50:00,0.49,0.495,0.49,0.495,25000,0
2016-04-01,09:20:00,0.495,0.495,0.49,0.49,10000,0
2016-04-01,09:30:00,0.49,0.495,0.49,0.495,10000,0
2016-04-01,10:00:00,0.495,0.495,0.49,0.495,20000,0
2016-04-05,03:35:00,0.495,0.495,0.49,0.495,45000,0
2016-04-05,03:45:00,0.495,0.495,0.495,0.495,35000,0
2016-04-05,03:50:00,0.495,0.495,0.49,0.49,20000,0
2016-04-05,04:00:00,0.49,0.495,0.49,0.495,10000,0
2016-04-05,04:15:00,0.485,0.495,0.485,0.49,15000,0
2016-04-05,04:25:00,0.485,0.49,0.485,0.49,10000,0
2016-04-05,05:30:00,0.485,0.49,0.485,0.49,30000,0
2016-04-05,05:50:00,0.485,0.49,0.485,0.49,20000,0
2016-04-05,07:50:00,0.485,0.49,0.485,0.49,20000,0
2016-04-05,08:15:00,0.485,0.49,0.485,0.49,20000,0
2016-04-05,08:50:00,0.49,0.49,0.49,0.49,20000,0
2016-04-05,09:00:00,0.49,0.49,0.49,0.49,60000,0
2016-04-05,09:40:00,0.485,0.49,0.485,0.49,20000,0
2016-04-05,09:55:00,0.485,0.49,0.485,0.49,30000,0
2016-04-05,10:00:00,0.49,0.49,0.485,0.49,85000,0
2016-04-06,03:35:00,0.49,0.49,0.49,0.49,10000,0
2016-04-06,03:50:00,0.49,0.49,0.49,0.49,20000,0
2016-04-06,03:55:00,0.49,0.49,0.49,0.49,20000,0
2016-04-06,04:00:00,0.49,0.49,0.49,0.49,20000,0
2016-04-06,04:05:00,0.49,0.49,0.485,0.485,10000,0
2016-04-06,04:10:00,0.485,0.49,0.485,0.485,75000,0
2016-04-06,04:15:00,0.485,0.485,0.485,0.485,5000,0
2016-04-06,04:45:00,0.485,0.485,0.485,0.485,70000,0
2016-04-06,04:50:00,0.485,0.485,0.48,0.48,75000,0
2016-04-06,04:55:00,0.485,0.485,0.48,0.48,50000,0
2016-04-06,05:00:00,0.48,0.49,0.48,0.49,10000,0
2016-04-06,05:35:00,0.49,0.49,0.48,0.48,370000,0
2016-04-06,05:45:00,0.48,0.48,0.48,0.48,5000,0
2016-04-06,05:50:00,0.48,0.49,0.48,0.49,10000,0
2016-04-06,07:05:00,0.49,0.49,0.49,0.49,20000,0
2016-04-06,07:10:00,0.49,0.49,0.48,0.48,10000,0
2016-04-06,07:30:00,0.48,0.48,0.48,0.48,5000,0
2016-04-06,07:55:00,0.48,0.48,0.48,0.48,5000,0
2016-04-06,08:00:00,0.48,0.485,0.48,0.485,60000,0
2016-04-06,08:10:00,0.485,0.485,0.48,0.48,10000,0
2016-04-06,08:25:00,0.48,0.485,0.48,0.485,10000,0
2016-04-06,08:50:00,0.485,0.485,0.475,0.475,160000,0
2016-04-06,09:20:00,0.48,0.48,0.48,0.48,5000,0
2016-04-06,09:40:00,0.48,0.485,0.48,0.485,10000,0
2016-04-06,09:45:00,0.485,0.485,0.48,0.48,30000,0
2016-04-06,09:50:00,0.48,0.48,0.48,0.48,10000,0
2016-04-06,09:55:00,0.48,0.485,0.48,0.485,10000,0
2016-04-06,10:00:00,0.485,0.485,0.48,0.485,20000,0
2016-04-07,03:40:00,0.48,0.485,0.47,0.47,100000,0
2016-04-07,03:50:00,0.47,0.48,0.47,0.48,10000,0
2016-04-07,04:00:00,0.48,0.48,0.48,0.48,20000,0
2016-04-07,04:10:00,0.475,0.475,0.47,0.47,120000,0
2016-04-07,05:05:00,0.465,0.475,0.465,0.475,20000,0
2016-04-07,05:15:00,0.475,0.475,0.475,0.475,5000,0
2016-04-07,07:10:00,0.47,0.47,0.47,0.47,115000,0
2016-04-07,07:45:00,0.47,0.475,0.47,0.475,150000,0
2016-04-07,08:10:00,0.475,0.475,0.475,0.475,5000,0
2016-04-07,08:25:00,0.465,0.475,0.465,0.475,45000,0
2016-04-07,09:25:00,0.465,0.475,0.465,0.475,10000,0
2016-04-07,09:30:00,0.475,0.475,0.465,0.475,210000,0
2016-04-07,09:50:00,0.475,0.475,0.475,0.475,105000,0
2016-04-07,10:00:00,0.475,0.48,0.47,0.48,30000,0
2016-04-08,03:40:00,0.48,0.48,0.475,0.48,45000,0
2016-04-08,04:10:00,0.48,0.48,0.47,0.47,10000,0
2016-04-08,04:15:00,0.47,0.48,0.47,0.47,95000,0
2016-04-08,04:30:00,0.47,0.48,0.47,0.48,90000,0
2016-04-08,04:40:00,0.475,0.475,0.475,0.475,60000,0
2016-04-08,05:00:00,0.475,0.475,0.47,0.47,95000,0
2016-04-08,05:10:00,0.47,0.475,0.47,0.475,20000,0
2016-04-08,05:25:00,0.475,0.475,0.475,0.475,10000,0
2016-04-08,05:35:00,0.475,0.475,0.47,0.47,10000,0
2016-04-08,05:40:00,0.47,0.475,0.47,0.475,20000,0
2016-04-08,05:55:00,0.475,0.475,0.475,0.475,20000,0
2016-04-08,07:10:00,0.475,0.475,0.47,0.475,90000,0
2016-04-08,07:30:00,0.465,0.47,0.465,0.47,50000,0
2016-04-08,07:50:00,0.47,0.475,0.47,0.475,20000,0
2016-04-08,07:55:00,0.475,0.475,0.475,0.475,145000,0
2016-04-08,08:00:00,0.475,0.475,0.47,0.47,10000,0
2016-04-08,08:35:00,0.47,0.47,0.47,0.47,100000,0
2016-04-08,08:45:00,0.47,0.475,0.47,0.475,20000,0
2016-04-08,09:00:00,0.475,0.475,0.47,0.47,60000,0
2016-04-08,09:10:00,0.47,0.47,0.47,0.47,40000,0
2016-04-08,09:15:00,0.47,0.47,0.47,0.47,90000,0
2016-04-08,09:25:00,0.47,0.475,0.47,0.475,10000,0
2016-04-08,09:35:00,0.475,0.475,0.475,0.475,50000,0
2016-04-08,09:45:00,0.475,0.475,0.475,0.475,5000,0
2016-04-08,09:50:00,0.475,0.48,0.475,0.48,10000,0
2016-04-08,10:00:00,0.48,0.48,0.475,0.48,20000,0
2016-04-11,03:40:00,0.48,0.48,0.465,0.465,580000,0
2016-04-11,03:45:00,0.46,0.47,0.46,0.47,100000,0
2016-04-11,03:50:00,0.47,0.47,0.465,0.465,60000,0
2016-04-11,03:55:00,0.465,0.465,0.465,0.465,50000,0
2016-04-11,04:10:00,0.465,0.465,0.46,0.465,130000,0
2016-04-11,04:15:00,0.465,0.465,0.465,0.465,120000,0
2016-04-11,04:20:00,0.465,0.465,0.465,0.465,5000,0
2016-04-11,04:30:00,0.465,0.465,0.465,0.465,120000,0
2016-04-11,04:45:00,0.465,0.465,0.465,0.465,80000,0
2016-04-11,05:05:00,0.465,0.465,0.465,0.465,85000,0
2016-04-11,05:20:00,0.465,0.465,0.465,0.465,60000,0
2016-04-11,05:30:00,0.465,0.465,0.465,0.465,20000,0
2016-04-11,05:40:00,0.465,0.465,0.46,0.46,10000,0
2016-04-11,05:45:00,0.46,0.465,0.46,0.465,50000,0
2016-04-11,06:00:00,0.465,0.465,0.46,0.46,45000,0
2016-04-11,07:05:00,0.46,0.46,0.46,0.46,780000,0
2016-04-11,07:15:00,0.455,0.465,0.455,0.465,25000,0
2016-04-11,07:45:00,0.455,0.46,0.455,0.46,200000,0
2016-04-11,07:50:00,0.46,0.46,0.455,0.46,120000,0
2016-04-11,08:20:00,0.455,0.46,0.455,0.46,55000,0
2016-04-11,08:30:00,0.46,0.46,0.46,0.46,5000,0
2016-04-11,08:35:00,0.46,0.46,0.46,0.46,10000,0
2016-04-11,09:00:00,0.46,0.46,0.46,0.46,100000,0
2016-04-11,09:05:00,0.46,0.46,0.46,0.46,140000,0
2016-04-11,09:10:00,0.46,0.46,0.455,0.46,160000,0
2016-04-11,09:15:00,0.46,0.465,0.46,0.465,40000,0
2016-04-11,09:20:00,0.465,0.465,0.465,0.465,80000,0
2016-04-11,09:30:00,0.465,0.465,0.46,0.46,110000,0
2016-04-11,09:45:00,0.46,0.46,0.46,0.46,20000,0
2016-04-11,09:55:00,0.46,0.465,0.46,0.465,190000,0
2016-04-11,10:00:00,0.465,0.465,0.46,0.46,250000,0
2016-04-12,03:35:00,0.475,0.475,0.465,0.465,30000,0
2016-04-12,03:45:00,0.465,0.465,0.46,0.46,30000,0
2016-04-12,03:55:00,0.46,0.465,0.46,0.465,10000,0
2016-04-12,04:00:00,0.465,0.465,0.46,0.46,115000,0
2016-04-12,04:05:00,0.46,0.46,0.455,0.455,175000,0
2016-04-12,04:15:00,0.455,0.455,0.45,0.455,150000,0
2016-04-12,04:20:00,0.455,0.455,0.45,0.45,460000,0
2016-04-12,04:30:00,0.45,0.45,0.45,0.45,150000,0
2016-04-12,04:50:00,0.45,0.455,0.45,0.455,60000,0
2016-04-12,05:10:00,0.455,0.455,0.45,0.45,120000,0
2016-04-12,05:20:00,0.45,0.455,0.45,0.455,10000,0
2016-04-12,05:30:00,0.455,0.455,0.45,0.45,305000,0
2016-04-12,05:40:00,0.45,0.45,0.445,0.445,105000,0
2016-04-12,05:45:00,0.445,0.45,0.445,0.45,10000,0
2016-04-12,05:50:00,0.45,0.45,0.445,0.445,345000,0
2016-04-12,05:55:00,0.445,0.45,0.445,0.45,180000,0
2016-04-12,06:00:00,0.45,0.45,0.45,0.45,60000,0
2016-04-12,07:10:00,0.44,0.445,0.44,0.445,10000,0
2016-04-12,07:50:00,0.44,0.445,0.44,0.445,50000,0
2016-04-12,07:55:00,0.44,0.445,0.44,0.445,20000,0
2016-04-12,08:05:00,0.445,0.45,0.44,0.45,155000,0
2016-04-12,08:10:00,0.45,0.45,0.45,0.45,25000,0
2016-04-12,08:25:00,0.44,0.445,0.44,0.445,155000,0
2016-04-12,08:30:00,0.445,0.445,0.445,0.445,10000,0
2016-04-12,08:40:00,0.445,0.45,0.445,0.45,115000,0
2016-04-12,09:45:00,0.45,0.45,0.45,0.45,50000,0
2016-04-12,09:50:00,0.45,0.45,0.45,0.45,50000,0
2016-04-12,09:55:00,0.45,0.45,0.44,0.445,345000,0
2016-04-12,10:00:00,0.44,0.45,0.44,0.45,230000,0
2016-04-13,03:35:00,0.445,0.445,0.445,0.445,420000,0
2016-04-13,03:50:00,0.445,0.45,0.445,0.445,180000,0
2016-04-13,04:00:00,0.445,0.45,0.445,0.45,70000,0
2016-04-13,04:05:00,0.45,0.455,0.445,0.455,370000,0
2016-04-13,04:10:00,0.455,0.46,0.455,0.455,65000,0
2016-04-13,04:20:00,0.46,0.46,0.46,0.46,60000,0
2016-04-13,04:30:00,0.46,0.465,0.46,0.46,165000,0
2016-04-13,04:45:00,0.46,0.465,0.46,0.465,20000,0
2016-04-13,05:00:00,0.465,0.465,0.46,0.465,170000,0
2016-04-13,05:10:00,0.465,0.465,0.46,0.465,150000,0
2016-04-13,05:15:00,0.465,0.465,0.465,0.465,50000,0
2016-04-13,05:25:00,0.465,0.465,0.46,0.465,160000,0
2016-04-13,05:30:00,0.465,0.47,0.465,0.465,130000,0
2016-04-13,05:45:00,0.465,0.465,0.465,0.465,5000,0
2016-04-13,05:50:00,0.465,0.465,0.46,0.46,170000,0
2016-04-13,05:55:00,0.46,0.465,0.46,0.465,205000,0
2016-04-13,06:00:00,0.465,0.47,0.465,0.47,10000,0
2016-04-13,07:05:00,0.47,0.47,0.47,0.47,110000,0
2016-04-13,07:10:00,0.47,0.47,0.46,0.46,10000,0
2016-04-13,07:50:00,0.46,0.46,0.46,0.46,5000,0
2016-04-13,07:55:00,0.46,0.465,0.46,0.465,220000,0
2016-04-13,08:05:00,0.465,0.465,0.46,0.465,290000,0
2016-04-13,08:10:00,0.465,0.47,0.465,0.47,10000,0
2016-04-13,09:10:00,0.47,0.47,0.465,0.465,10000,0
2016-04-13,09:15:00,0.465,0.47,0.465,0.47,20000,0
2016-04-13,09:45:00,0.47,0.47,0.465,0.465,100000,0
2016-04-13,09:50:00,0.465,0.465,0.46,0.465,140000,0
2016-04-13,09:55:00,0.465,0.465,0.465,0.465,100000,0
2016-04-13,10:00:00,0.465,0.47,0.46,0.47,395000,0
