Date,Time,Open,High,Low,Close,Volume,OpenInt
2016-03-01,02:35:00,3.1,3.1,2.99,3.03,1005000,0
2016-03-01,02:40:00,3.03,3.05,3.03,3.05,655000,0
2016-03-01,02:45:00,3.05,3.05,3.02,3.02,200000,0
2016-03-01,02:50:00,3.03,3.05,3.02,3.02,30000,0
2016-03-01,02:55:00,3.02,3.05,3.02,3.04,990000,0
2016-03-01,03:00:00,3.04,3.05,3.04,3.05,620000,0
2016-03-01,03:05:00,3.05,3.05,3.03,3.05,350000,0
2016-03-01,03:10:00,3.05,3.05,3.05,3.05,275000,0
2016-03-01,03:15:00,3.05,3.05,3.05,3.05,20000,0
2016-03-01,03:25:00,3.05,3.05,3.05,3.05,225000,0
2016-03-01,03:30:00,3.05,3.05,3.04,3.04,10000,0
2016-03-01,03:35:00,3.04,3.05,3.04,3.05,350000,0
2016-03-01,03:40:00,3.05,3.05,3.05,3.05,250000,0
2016-03-01,03:50:00,3.04,3.04,3.04,3.04,30000,0
2016-03-01,03:55:00,3.04,3.04,3.03,3.03,35000,0
2016-03-01,04:00:00,3.03,3.05,3.03,3.05,465000,0
2016-03-01,04:10:00,3.05,3.05,3.04,3.04,10000,0
2016-03-01,04:15:00,3.04,3.04,3.02,3.02,55000,0
2016-03-01,04:30:00,3.02,3.02,3.02,3.02,50000,0
2016-03-01,04:50:00,3.02,3.02,3,3,135000,0
2016-03-01,04:55:00,3,3.01,2.99,3.01,80000,0
2016-03-01,06:05:00,3.01,3.01,3,3,50000,0
2016-03-01,06:10:00,3,3,2.99,2.99,50000,0
2016-03-01,06:15:00,3,3,3,3,20000,0
2016-03-01,06:25:00,3,3,2.99,2.99,30000,0
2016-03-01,06:35:00,2.99,3,2.99,3,30000,0
2016-03-01,06:40:00,3,3,2.99,3,425000,0
2016-03-01,06:50:00,3,3.01,3,3.01,45000,0
2016-03-01,06:55:00,3.01,3.01,3.01,3.01,10000,0
2016-03-01,07:05:00,3.01,3.01,3.01,3.01,45000,0
2016-03-01,07:10:00,3.01,3.01,3.01,3.01,185000,0
2016-03-01,07:15:00,3.01,3.02,3.01,3.02,400000,0
2016-03-01,07:30:00,3.02,3.02,3.01,3.01,45000,0
2016-03-01,07:35:00,3.01,3.02,3.01,3.02,365000,0
2016-03-01,07:45:00,3.02,3.02,3.02,3.02,30000,0
2016-03-01,07:50:00,3.02,3.02,3.02,3.02,160000,0
2016-03-01,08:10:00,3.02,3.02,3.02,3.02,15000,0
2016-03-01,08:20:00,3.02,3.02,3.02,3.02,10000,0
2016-03-01,08:35:00,3.02,3.04,3.02,3.04,400000,0
2016-03-01,08:40:00,3.04,3.06,3.04,3.06,1055000,0
2016-03-01,08:45:00,3.06,3.1,3.06,3.1,490000,0
2016-03-01,08:50:00,3.1,3.14,3.1,3.1,595000,0
2016-03-01,08:55:00,3.1,3.13,3.1,3.13,250000,0
2016-03-01,09:00:00,3.13,3.18,3.13,3.18,1125000,0
2016-03-02,02:35:00,3.17,3.17,3.17,3.17,10000,0
2016-03-02,02:40:00,3.17,3.17,3.15,3.15,300000,0
2016-03-02,02:45:00,3.15,3.15,3.15,3.15,50000,0
2016-03-02,02:50:00,3.15,3.15,3.15,3.15,290000,0
2016-03-02,02:55:00,3.15,3.15,3.15,3.15,10000,0
2016-03-02,03:00:00,3.14,3.14,3.14,3.14,15000,0
2016-03-02,03:05:00,3.14,3.15,3.14,3.15,460000,0
2016-03-02,03:10:00,3.15,3.15,3.13,3.13,470000,0
2016-03-02,03:15:00,3.14,3.14,3.13,3.13,115000,0
2016-03-02,03:20:00,3.13,3.13,3.12,3.13,65000,0
2016-03-02,03:35:00,3.13,3.15,3.13,3.15,10000,0
2016-03-02,03:40:00,3.15,3.15,3.12,3.12,505000,0
2016-03-02,03:45:00,3.13,3.13,3.12,3.12,355000,0
2016-03-02,03:55:00,3.11,3.12,3.11,3.12,20000,0
2016-03-02,04:30:00,3.12,3.12,3.12,3.12,10000,0
2016-03-02,04:40:00,3.12,3.12,3.12,3.12,205000,0
2016-03-02,04:45:00,3.12,3.15,3.12,3.15,550000,0
2016-03-02,04:55:00,3.15,3.15,3.15,3.15,30000,0
2016-03-02,05:00:00,3.15,3.15,3.15,3.15,30000,0
2016-03-02,06:05:00,3.15,3.15,3.13,3.13,70000,0
2016-03-02,06:10:00,3.13,3.13,3.13,3.13,10000,0
2016-03-02,06:15:00,3.13,3.13,3.13,3.13,10000,0
2016-03-02,06:30:00,3.13,3.13,3.13,3.13,5000,0
2016-03-02,06:35:00,3.13,3.13,3.12,3.12,50000,0
2016-03-02,06:45:00,3.12,3.13,3.12,3.12,50000,0
2016-03-02,06:55:00,3.12,3.13,3.12,3.13,140000,0
2016-03-02,07:00:00,3.13,3.13,3.12,3.13,95000,0
2016-03-02,07:05:00,3.13,3.15,3.13,3.15,570000,0
2016-03-02,07:10:00,3.15,3.15,3.15,3.15,210000,0
2016-03-02,07:20:00,3.15,3.17,3.15,3.17,1160000,0
2016-03-02,07:25:00,3.17,3.18,3.17,3.18,45000,0
2016-03-02,07:30:00,3.18,3.18,3.18,3.18,15000,0
2016-03-02,07:35:00,3.18,3.21,3.18,3.21,675000,0
2016-03-02,07:45:00,3.21,3.21,3.21,3.21,20000,0
2016-03-02,07:50:00,3.21,3.23,3.19,3.2,720000,0
2016-03-02,07:55:00,3.2,3.23,3.2,3.23,70000,0
2016-03-02,08:00:00,3.23,3.27,3.23,3.27,505000,0
2016-03-02,08:05:00,3.27,3.27,3.27,3.27,70000,0
2016-03-02,08:10:00,3.27,3.27,3.25,3.25,625000,0
2016-03-02,08:15:00,3.25,3.25,3.24,3.24,105000,0
2016-03-02,08:20:00,3.24,3.24,3.23,3.23,25000,0
2016-03-02,08:25:00,3.23,3.23,3.22,3.23,200000,0
2016-03-02,08:30:00,3.23,3.23,3.19,3.2,350000,0
2016-03-02,08:35:00,3.2,3.2,3.12,3.14,1595000,0
2016-03-02,08:40:00,3.15,3.18,3.14,3.18,140000,0
2016-03-02,08:45:00,3.18,3.18,3.17,3.18,255000,0
2016-03-02,08:50:00,3.18,3.2,3.17,3.2,220000,0
2016-03-02,08:55:00,3.2,3.22,3.19,3.22,375000,0
2016-03-02,09:00:00,3.22,3.28,3.2,3.25,1150000,0
2016-03-03,02:35:00,3.22,3.25,3.21,3.22,210000,0
2016-03-03,02:40:00,3.22,3.3,3.22,3.28,130000,0
2016-03-03,02:50:00,3.28,3.28,3.28,3.28,100000,0
2016-03-03,02:55:00,3.28,3.3,3.28,3.3,185000,0
2016-03-03,03:15:00,3.28,3.28,3.26,3.27,50000,0
2016-03-03,03:20:00,3.27,3.28,3.27,3.28,230000,0
2016-03-03,03:30:00,3.28,3.28,3.28,3.28,150000,0
2016-03-03,03:35:00,3.28,3.28,3.27,3.27,235000,0
2016-03-03,03:40:00,3.27,3.28,3.27,3.28,325000,0
2016-03-03,03:45:00,3.28,3.28,3.27,3.27,200000,0
2016-03-03,03:50:00,3.26,3.26,3.26,3.26,150000,0
2016-03-03,04:00:00,3.26,3.26,3.26,3.26,1000000,0
2016-03-03,04:05:00,3.26,3.26,3.26,3.26,300000,0
2016-03-03,04:15:00,3.26,3.26,3.26,3.26,300000,0
2016-03-03,04:25:00,3.26,3.26,3.26,3.26,300000,0
2016-03-03,04:40:00,3.26,3.26,3.26,3.26,260000,0
2016-03-03,04:45:00,3.26,3.26,3.26,3.26,40000,0
2016-03-03,04:50:00,3.26,3.26,3.26,3.26,55000,0
2016-03-03,04:55:00,3.26,3.26,3.26,3.26,15000,0
2016-03-03,05:00:00,3.26,3.26,3.26,3.26,210000,0
2016-03-03,06:05:00,3.26,3.26,3.26,3.26,15000,0
2016-03-03,06:15:00,3.26,3.3,3.26,3.26,2390000,0
2016-03-03,06:20:00,3.28,3.28,3.27,3.28,120000,0
2016-03-03,06:25:00,3.28,3.28,3.28,3.28,25000,0
2016-03-03,06:35:00,3.28,3.28,3.27,3.27,350000,0
2016-03-03,06:40:00,3.28,3.28,3.28,3.28,5000,0
2016-03-03,06:50:00,3.28,3.28,3.27,3.27,30000,0
2016-03-03,07:00:00,3.27,3.27,3.27,3.27,85000,0
2016-03-03,07:05:00,3.27,3.27,3.26,3.26,130000,0
2016-03-03,07:15:00,3.26,3.26,3.25,3.25,35000,0
2016-03-03,07:20:00,3.26,3.26,3.26,3.26,5000,0
2016-03-03,07:25:00,3.26,3.26,3.25,3.26,15000,0
2016-03-03,07:45:00,3.26,3.27,3.26,3.27,30000,0
2016-03-03,07:55:00,3.27,3.28,3.27,3.28,100000,0
2016-03-03,08:00:00,3.28,3.28,3.27,3.27,10000,0
2016-03-03,08:05:00,3.27,3.27,3.26,3.26,100000,0
2016-03-03,08:30:00,3.28,3.29,3.28,3.29,90000,0
2016-03-03,08:35:00,3.29,3.3,3.29,3.3,35000,0
2016-03-03,08:40:00,3.3,3.3,3.3,3.3,180000,0
2016-03-03,08:45:00,3.3,3.31,3.3,3.31,40000,0
2016-03-03,08:50:00,3.31,3.33,3.31,3.33,625000,0
2016-03-03,08:55:00,3.33,3.37,3.33,3.37,785000,0
2016-03-03,09:00:00,3.37,3.4,3.37,3.39,890000,0
2016-03-04,02:40:00,3.43,3.45,3.39,3.45,80000,0
2016-03-04,02:45:00,3.45,3.45,3.45,3.45,35000,0
2016-03-04,02:50:00,3.45,3.45,3.4,3.4,170000,0
2016-03-04,02:55:00,3.4,3.44,3.4,3.44,765000,0
2016-03-04,03:05:00,3.43,3.49,3.43,3.45,660000,0
2016-03-04,03:10:00,3.45,3.45,3.44,3.45,20000,0
2016-03-04,03:15:00,3.48,3.48,3.47,3.47,65000,0
2016-03-04,03:20:00,3.47,3.47,3.46,3.46,55000,0
2016-03-04,03:25:00,3.46,3.47,3.44,3.47,770000,0
2016-03-04,03:30:00,3.47,3.48,3.47,3.47,490000,0
2016-03-04,03:35:00,3.47,3.47,3.47,3.47,115000,0
2016-03-04,03:40:00,3.47,3.47,3.45,3.45,280000,0
2016-03-04,03:45:00,3.45,3.48,3.45,3.47,600000,0
2016-03-04,03:50:00,3.47,3.47,3.44,3.45,380000,0
2016-03-04,03:55:00,3.45,3.48,3.43,3.48,670000,0
2016-03-04,04:05:00,3.48,3.48,3.48,3.48,200000,0
2016-03-04,04:15:00,3.48,3.49,3.47,3.48,2810000,0
2016-03-04,04:20:00,3.47,3.47,3.45,3.45,10000,0
2016-03-04,04:25:00,3.45,3.45,3.45,3.45,105000,0
2016-03-04,04:40:00,3.45,3.47,3.45,3.45,720000,0
2016-03-04,04:45:00,3.45,3.47,3.45,3.45,715000,0
2016-03-04,04:50:00,3.45,3.48,3.45,3.45,485000,0
2016-03-04,04:55:00,3.46,3.47,3.46,3.47,30000,0
2016-03-04,05:00:00,3.47,3.5,3.47,3.5,455000,0
2016-03-04,06:05:00,3.5,3.5,3.48,3.5,750000,0
2016-03-04,06:10:00,3.5,3.5,3.49,3.49,30000,0
2016-03-04,06:15:00,3.49,3.49,3.47,3.47,120000,0
2016-03-04,06:20:00,3.47,3.47,3.47,3.47,60000,0
2016-03-04,06:25:00,3.47,3.47,3.47,3.47,5000,0
2016-03-04,06:30:00,3.47,3.48,3.47,3.47,175000,0
2016-03-04,06:35:00,3.47,3.47,3.47,3.47,30000,0
2016-03-04,06:40:00,3.47,3.47,3.47,3.47,55000,0
2016-03-04,06:45:00,3.47,3.47,3.47,3.47,10000,0
2016-03-04,06:50:00,3.47,3.47,3.47,3.47,45000,0
2016-03-04,06:55:00,3.47,3.47,3.47,3.47,65000,0
2016-03-04,07:15:00,3.47,3.47,3.47,3.47,85000,0
2016-03-04,07:30:00,3.47,3.47,3.46,3.46,130000,0
2016-03-04,07:35:00,3.46,3.46,3.46,3.46,50000,0
2016-03-04,07:40:00,3.46,3.47,3.46,3.47,165000,0
2016-03-04,07:45:00,3.47,3.47,3.46,3.46,140000,0
2016-03-04,07:50:00,3.46,3.47,3.46,3.47,20000,0
2016-03-04,07:55:00,3.47,3.48,3.47,3.47,160000,0
2016-03-04,08:00:00,3.48,3.48,3.48,3.48,60000,0
2016-03-04,08:05:00,3.48,3.49,3.48,3.49,30000,0
2016-03-04,08:10:00,3.49,3.49,3.48,3.48,500000,0
2016-03-04,08:25:00,3.49,3.49,3.48,3.48,95000,0
2016-03-04,08:30:00,3.48,3.48,3.48,3.48,15000,0
2016-03-04,08:45:00,3.48,3.49,3.48,3.49,35000,0
2016-03-04,08:50:00,3.49,3.49,3.47,3.48,175000,0
2016-03-04,08:55:00,3.48,3.48,3.48,3.48,5000,0
2016-03-04,09:00:00,3.48,3.48,3.45,3.47,165000,0
2016-03-07,02:35:00,3.47,3.5,3.47,3.49,880000,0
2016-03-07,02:40:00,3.49,3.52,3.48,3.48,445000,0
2016-03-07,02:45:00,3.48,3.48,3.38,3.4,325000,0
2016-03-07,02:50:00,3.4,3.41,3.39,3.39,40000,0
2016-03-07,02:55:00,3.39,3.43,3.39,3.39,1040000,0
2016-03-07,03:00:00,3.39,3.39,3.38,3.39,30000,0
2016-03-07,03:05:00,3.39,3.4,3.39,3.4,25000,0
2016-03-07,03:10:00,3.4,3.4,3.31,3.32,520000,0
2016-03-07,03:15:00,3.32,3.36,3.28,3.36,320000,0
2016-03-07,03:20:00,3.36,3.36,3.36,3.36,5000,0
2016-03-07,03:25:00,3.36,3.36,3.33,3.33,235000,0
2016-03-07,03:30:00,3.33,3.33,3.3,3.31,255000,0
2016-03-07,03:35:00,3.31,3.31,3.26,3.26,110000,0
2016-03-07,03:40:00,3.26,3.29,3.26,3.28,110000,0
2016-03-07,03:45:00,3.28,3.28,3.27,3.27,30000,0
2016-03-07,03:50:00,3.27,3.27,3.23,3.23,470000,0
2016-03-07,03:55:00,3.22,3.3,3.22,3.3,70000,0
2016-03-07,04:00:00,3.3,3.3,3.23,3.23,175000,0
2016-03-07,04:15:00,3.24,3.26,3.23,3.24,610000,0
2016-03-07,04:20:00,3.24,3.24,3.24,3.24,50000,0
2016-03-07,04:45:00,3.24,3.27,3.24,3.26,75000,0
2016-03-07,04:55:00,3.26,3.3,3.26,3.29,180000,0
2016-03-07,05:00:00,3.29,3.3,3.29,3.3,40000,0
2016-03-07,06:05:00,3.3,3.3,3.3,3.3,225000,0
2016-03-07,06:10:00,3.3,3.3,3.3,3.3,5000,0
2016-03-07,06:20:00,3.3,3.3,3.26,3.26,110000,0
2016-03-07,06:25:00,3.26,3.3,3.26,3.3,440000,0
2016-03-07,06:35:00,3.3,3.31,3.3,3.31,105000,0
2016-03-07,06:40:00,3.31,3.34,3.29,3.34,320000,0
2016-03-07,06:45:00,3.34,3.39,3.34,3.39,210000,0
2016-03-07,07:05:00,3.34,3.34,3.34,3.34,150000,0
2016-03-07,07:25:00,3.34,3.34,3.3,3.3,75000,0
2016-03-07,07:30:00,3.3,3.3,3.27,3.27,95000,0
2016-03-07,07:35:00,3.27,3.27,3.25,3.27,575000,0
2016-03-07,07:40:00,3.27,3.27,3.26,3.26,75000,0
2016-03-07,07:50:00,3.26,3.26,3.26,3.26,10000,0
2016-03-07,08:20:00,3.26,3.3,3.26,3.3,430000,0
2016-03-07,08:30:00,3.3,3.31,3.3,3.31,195000,0
2016-03-07,08:35:00,3.31,3.31,3.29,3.29,85000,0
2016-03-07,08:40:00,3.29,3.34,3.29,3.34,10000,0
2016-03-07,08:45:00,3.34,3.34,3.3,3.31,350000,0
2016-03-07,08:50:00,3.31,3.34,3.3,3.34,775000,0
2016-03-07,09:00:00,3.34,3.35,3.3,3.31,585000,0
2016-03-08,02:35:00,3.26,3.29,3.26,3.26,20000,0
2016-03-08,02:40:00,3.26,3.26,3.24,3.24,65000,0
2016-03-08,02:45:00,3.24,3.24,3.23,3.24,190000,0
2016-03-08,02:50:00,3.24,3.25,3.24,3.25,35000,0
2016-03-08,02:55:00,3.25,3.25,3.21,3.21,280000,0
2016-03-08,03:00:00,3.21,3.21,3.2,3.2,20000,0
2016-03-08,03:05:00,3.2,3.2,3.19,3.2,235000,0
2016-03-08,03:10:00,3.2,3.2,3.2,3.2,70000,0
2016-03-08,03:15:00,3.2,3.2,3.2,3.2,20000,0
2016-03-08,03:35:00,3.21,3.21,3.21,3.21,10000,0
2016-03-08,03:40:00,3.21,3.21,3.21,3.21,40000,0
2016-03-08,03:45:00,3.21,3.21,3.21,3.21,35000,0
2016-03-08,03:50:00,3.21,3.23,3.21,3.23,830000,0
2016-03-08,04:00:00,3.23,3.23,3.23,3.23,200000,0
2016-03-08,04:05:00,3.23,3.23,3.23,3.23,10000,0
2016-03-08,04:10:00,3.23,3.23,3.23,3.23,220000,0
2016-03-08,04:20:00,3.23,3.23,3.2,3.23,655000,0
2016-03-08,04:30:00,3.23,3.23,3.23,3.23,5000,0
2016-03-08,04:50:00,3.22,3.23,3.22,3.23,450000,0
2016-03-08,05:00:00,3.23,3.24,3.23,3.24,360000,0
2016-03-08,06:05:00,3.24,3.24,3.22,3.22,30000,0
2016-03-08,06:20:00,3.22,3.22,3.22,3.22,5000,0
2016-03-08,06:25:00,3.22,3.22,3.21,3.21,40000,0
2016-03-08,06:30:00,3.21,3.21,3.2,3.2,55000,0
2016-03-08,06:35:00,3.18,3.24,3.18,3.24,275000,0
2016-03-08,07:05:00,3.22,3.22,3.22,3.22,15000,0
2016-03-08,07:10:00,3.22,3.24,3.22,3.24,560000,0
2016-03-08,07:15:00,3.23,3.24,3.23,3.24,335000,0
2016-03-08,07:20:00,3.24,3.24,3.24,3.24,100000,0
2016-03-08,07:55:00,3.23,3.23,3.22,3.22,170000,0
2016-03-08,08:00:00,3.22,3.23,3.22,3.23,375000,0
2016-03-08,08:25:00,3.23,3.23,3.22,3.22,40000,0
2016-03-08,08:30:00,3.22,3.22,3.2,3.22,135000,0
2016-03-08,08:35:00,3.22,3.22,3.22,3.22,70000,0
2016-03-08,08:40:00,3.22,3.22,3.21,3.21,30000,0
2016-03-08,08:45:00,3.21,3.21,3.21,3.21,20000,0
2016-03-08,08:55:00,3.21,3.21,3.21,3.21,155000,0
2016-03-08,09:00:00,3.21,3.23,3.2,3.23,855000,0
2016-03-09,02:40:00,3.19,3.22,3.18,3.2,1020000,0
2016-03-09,02:45:00,3.2,3.21,3.2,3.2,70000,0
2016-03-09,02:50:00,3.2,3.22,3.2,3.22,405000,0
2016-03-09,03:05:00,3.22,3.22,3.21,3.21,365000,0
2016-03-09,03:10:00,3.21,3.21,3.21,3.21,220000,0
2016-03-09,03:15:00,3.21,3.21,3.19,3.2,165000,0
2016-03-09,03:20:00,3.2,3.22,3.2,3.22,860000,0
2016-03-09,03:30:00,3.22,3.22,3.2,3.2,60000,0
2016-03-09,03:45:00,3.2,3.2,3.19,3.19,40000,0
2016-03-09,03:50:00,3.19,3.19,3.19,3.19,10000,0
2016-03-09,04:05:00,3.17,3.21,3.17,3.21,65000,0
2016-03-09,04:15:00,3.21,3.21,3.18,3.18,220000,0
2016-03-09,04:20:00,3.18,3.18,3.18,3.18,25000,0
2016-03-09,04:25:00,3.18,3.21,3.18,3.21,600000,0
2016-03-09,04:40:00,3.21,3.21,3.19,3.19,100000,0
2016-03-09,04:45:00,3.19,3.19,3.19,3.19,50000,0
2016-03-09,05:00:00,3.19,3.21,3.19,3.21,20000,0
2016-03-09,06:05:00,3.21,3.21,3.2,3.21,130000,0
2016-03-09,06:10:00,3.21,3.21,3.21,3.21,10000,0
2016-03-09,06:45:00,3.2,3.2,3.19,3.19,10000,0
2016-03-09,06:55:00,3.19,3.19,3.18,3.18,70000,0
2016-03-09,07:05:00,3.18,3.19,3.18,3.19,40000,0
2016-03-09,07:10:00,3.19,3.19,3.19,3.19,5000,0
2016-03-09,07:15:00,3.19,3.19,3.18,3.18,10000,0
2016-03-09,07:20:00,3.17,3.18,3.17,3.18,1990000,0
2016-03-09,07:45:00,3.18,3.19,3.18,3.19,20000,0
2016-03-09,08:00:00,3.19,3.19,3.19,3.19,200000,0
2016-03-09,08:10:00,3.19,3.19,3.19,3.19,15000,0
2016-03-09,08:15:00,3.19,3.2,3.18,3.2,400000,0
2016-03-09,08:20:00,3.2,3.2,3.2,3.2,40000,0
2016-03-09,08:30:00,3.2,3.2,3.2,3.2,50000,0
2016-03-09,08:45:00,3.2,3.22,3.2,3.22,440000,0
2016-03-09,09:00:00,3.22,3.22,3.22,3.22,30000,0
2016-03-10,02:35:00,3.22,3.23,3.22,3.23,395000,0
2016-03-10,02:40:00,3.23,3.29,3.23,3.29,335000,0
2016-03-10,02:50:00,3.29,3.29,3.25,3.29,1450000,0
2016-03-10,03:00:00,3.29,3.29,3.29,3.29,250000,0
2016-03-10,03:05:00,3.29,3.29,3.29,3.29,280000,0
2016-03-10,03:15:00,3.29,3.3,3.29,3.3,410000,0
2016-03-10,03:20:00,3.3,3.3,3.28,3.29,880000,0
2016-03-10,03:25:00,3.29,3.31,3.29,3.31,1110000,0
2016-03-10,03:30:00,3.31,3.32,3.31,3.32,95000,0
2016-03-10,03:35:00,3.32,3.33,3.31,3.32,335000,0
2016-03-10,03:40:00,3.32,3.32,3.31,3.31,120000,0
2016-03-10,03:45:00,3.31,3.32,3.31,3.32,170000,0
2016-03-10,03:50:00,3.31,3.31,3.3,3.3,55000,0
2016-03-10,04:00:00,3.3,3.3,3.28,3.28,15000,0
2016-03-10,04:05:00,3.28,3.3,3.28,3.3,45000,0
2016-03-10,04:10:00,3.3,3.3,3.29,3.29,65000,0
2016-03-10,04:30:00,3.29,3.29,3.29,3.29,30000,0
2016-03-10,04:35:00,3.29,3.29,3.29,3.29,20000,0
2016-03-10,04:45:00,3.29,3.3,3.29,3.3,1000000,0
2016-03-10,06:05:00,3.3,3.3,3.3,3.3,5000,0
2016-03-10,06:10:00,3.3,3.3,3.29,3.29,10000,0
2016-03-10,06:20:00,3.29,3.29,3.28,3.28,75000,0
2016-03-10,06:30:00,3.28,3.28,3.26,3.26,395000,0
2016-03-10,06:35:00,3.26,3.26,3.25,3.26,200000,0
2016-03-10,06:50:00,3.26,3.27,3.25,3.25,160000,0
2016-03-10,06:55:00,3.25,3.26,3.25,3.26,50000,0
2016-03-10,07:05:00,3.26,3.26,3.25,3.25,70000,0
2016-03-10,07:15:00,3.25,3.25,3.25,3.25,60000,0
2016-03-10,07:25:00,3.25,3.25,3.25,3.25,5000,0
2016-03-10,07:35:00,3.25,3.25,3.24,3.24,20000,0
2016-03-10,07:55:00,3.25,3.25,3.25,3.25,60000,0
2016-03-10,08:00:00,3.25,3.25,3.24,3.24,40000,0
2016-03-10,08:05:00,3.24,3.24,3.24,3.24,30000,0
2016-03-10,08:10:00,3.24,3.25,3.24,3.25,100000,0
2016-03-10,08:20:00,3.25,3.26,3.25,3.26,10000,0
2016-03-10,08:25:00,3.26,3.26,3.26,3.26,10000,0
2016-03-10,08:35:00,3.26,3.28,3.26,3.28,95000,0
2016-03-10,08:50:00,3.28,3.3,3.28,3.3,270000,0
2016-03-10,08:55:00,3.3,3.31,3.29,3.29,355000,0
2016-03-10,09:00:00,3.29,3.38,3.29,3.35,1175000,0
2016-03-11,02:35:00,3.35,3.35,3.31,3.33,505000,0
2016-03-11,02:50:00,3.31,3.37,3.31,3.37,635000,0
2016-03-11,02:55:00,3.37,3.38,3.37,3.38,545000,0
2016-03-11,03:00:00,3.38,3.44,3.36,3.44,700000,0
2016-03-11,03:05:00,3.44,3.52,3.44,3.48,1340000,0
2016-03-11,03:10:00,3.48,3.48,3.43,3.44,850000,0
2016-03-11,03:15:00,3.44,3.45,3.44,3.45,185000,0
2016-03-11,03:20:00,3.45,3.45,3.45,3.45,300000,0
2016-03-11,03:30:00,3.45,3.45,3.42,3.42,100000,0
2016-03-11,03:35:00,3.42,3.45,3.42,3.45,515000,0
2016-03-11,03:45:00,3.45,3.45,3.45,3.45,10000,0
2016-03-11,03:50:00,3.45,3.45,3.43,3.43,85000,0
2016-03-11,03:55:00,3.43,3.47,3.43,3.47,195000,0
2016-03-11,04:00:00,3.47,3.49,3.47,3.49,590000,0
2016-03-11,04:05:00,3.49,3.49,3.49,3.49,110000,0
2016-03-11,04:15:00,3.49,3.49,3.49,3.49,135000,0
2016-03-11,04:20:00,3.49,3.49,3.45,3.45,310000,0
2016-03-11,04:25:00,3.45,3.48,3.43,3.48,170000,0
2016-03-11,04:40:00,3.45,3.45,3.45,3.45,5000,0
2016-03-11,04:45:00,3.45,3.46,3.45,3.46,10000,0
2016-03-11,04:50:00,3.46,3.46,3.43,3.43,100000,0
2016-03-11,05:00:00,3.43,3.47,3.43,3.47,185000,0
2016-03-11,06:05:00,3.47,3.47,3.47,3.47,15000,0
2016-03-11,06:30:00,3.45,3.45,3.35,3.41,375000,0
2016-03-11,06:35:00,3.41,3.41,3.41,3.41,20000,0
2016-03-11,06:40:00,3.41,3.41,3.41,3.41,5000,0
2016-03-11,06:45:00,3.39,3.43,3.39,3.43,905000,0
2016-03-11,07:10:00,3.42,3.43,3.42,3.42,1070000,0
2016-03-11,07:15:00,3.42,3.42,3.4,3.4,15000,0
2016-03-11,07:25:00,3.4,3.4,3.39,3.39,40000,0
2016-03-11,07:55:00,3.41,3.41,3.41,3.41,5000,0
2016-03-11,08:15:00,3.41,3.42,3.41,3.42,190000,0
2016-03-11,08:20:00,3.42,3.42,3.42,3.42,90000,0
2016-03-11,08:30:00,3.42,3.42,3.42,3.42,5000,0
2016-03-11,08:40:00,3.42,3.42,3.42,3.42,40000,0
2016-03-11,08:45:00,3.42,3.42,3.42,3.42,20000,0
2016-03-11,08:50:00,3.42,3.42,3.42,3.42,80000,0
2016-03-11,08:55:00,3.42,3.42,3.42,3.42,10000,0
2016-03-11,09:00:00,3.42,3.43,3.41,3.43,160000,0
2016-03-14,02:35:00,3.41,3.43,3.37,3.37,35000,0
2016-03-14,02:40:00,3.39,3.42,3.39,3.4,180000,0
2016-03-14,02:45:00,3.4,3.44,3.39,3.41,2680000,0
2016-03-14,02:50:00,3.41,3.43,3.41,3.41,120000,0
2016-03-14,02:55:00,3.41,3.41,3.39,3.39,365000,0
2016-03-14,03:00:00,3.39,3.39,3.37,3.37,330000,0
2016-03-14,03:10:00,3.37,3.38,3.37,3.38,230000,0
2016-03-14,03:15:00,3.38,3.38,3.35,3.36,355000,0
2016-03-14,03:20:00,3.36,3.37,3.36,3.37,340000,0
2016-03-14,03:30:00,3.37,3.37,3.37,3.37,155000,0
2016-03-14,03:35:00,3.37,3.38,3.37,3.38,185000,0
2016-03-14,03:40:00,3.39,3.39,3.39,3.39,80000,0
2016-03-14,03:45:00,3.39,3.4,3.39,3.4,455000,0
2016-03-14,03:50:00,3.4,3.4,3.4,3.4,25000,0
2016-03-14,03:55:00,3.4,3.4,3.4,3.4,595000,0
2016-03-14,04:00:00,3.4,3.4,3.4,3.4,285000,0
2016-03-14,04:15:00,3.4,3.4,3.39,3.4,395000,0
2016-03-14,04:20:00,3.4,3.4,3.4,3.4,50000,0
2016-03-14,04:25:00,3.4,3.4,3.39,3.4,425000,0
2016-03-14,04:40:00,3.4,3.42,3.4,3.42,1935000,0
2016-03-14,04:50:00,3.41,3.41,3.4,3.4,175000,0
2016-03-14,06:15:00,3.4,3.4,3.4,3.4,10000,0
2016-03-14,06:35:00,3.4,3.4,3.4,3.4,85000,0
2016-03-14,06:40:00,3.4,3.4,3.39,3.39,60000,0
2016-03-14,06:45:00,3.39,3.39,3.38,3.39,1735000,0
2016-03-14,06:50:00,3.39,3.39,3.39,3.39,95000,0
2016-03-14,06:55:00,3.39,3.39,3.39,3.39,5000,0
2016-03-14,07:00:00,3.39,3.39,3.37,3.37,105000,0
2016-03-14,07:15:00,3.37,3.37,3.37,3.37,20000,0
2016-03-14,07:20:00,3.37,3.37,3.37,3.37,5000,0
2016-03-14,07:50:00,3.37,3.37,3.37,3.37,60000,0
2016-03-14,08:05:00,3.37,3.37,3.37,3.37,45000,0
2016-03-14,08:25:00,3.37,3.37,3.37,3.37,20000,0
2016-03-14,08:50:00,3.37,3.39,3.35,3.35,90000,0
2016-03-14,09:00:00,3.36,3.4,3.36,3.4,490000,0
2016-03-15,02:45:00,3.38,3.38,3.37,3.37,200000,0
2016-03-15,02:50:00,3.35,3.35,3.35,3.35,65000,0
2016-03-15,02:55:00,3.35,3.38,3.34,3.38,610000,0
2016-03-15,03:05:00,3.37,3.37,3.37,3.37,100000,0
2016-03-15,03:25:00,3.36,3.36,3.35,3.35,315000,0
2016-03-15,03:30:00,3.35,3.35,3.33,3.35,140000,0
2016-03-15,03:45:00,3.35,3.35,3.33,3.33,20000,0
2016-03-15,03:55:00,3.34,3.34,3.34,3.34,5000,0
2016-03-15,04:05:00,3.34,3.34,3.34,3.34,5000,0
2016-03-15,04:20:00,3.34,3.34,3.33,3.33,50000,0
2016-03-15,04:25:00,3.33,3.34,3.33,3.34,240000,0
2016-03-15,04:30:00,3.34,3.35,3.32,3.35,2110000,0
2016-03-15,04:35:00,3.35,3.35,3.35,3.35,15000,0
2016-03-15,04:40:00,3.35,3.35,3.35,3.35,255000,0
2016-03-15,04:55:00,3.35,3.35,3.35,3.35,505000,0
2016-03-15,05:00:00,3.35,3.37,3.35,3.36,180000,0
2016-03-15,06:10:00,3.35,3.35,3.35,3.35,130000,0
2016-03-15,06:15:00,3.35,3.35,3.35,3.35,350000,0
2016-03-15,06:40:00,3.35,3.35,3.34,3.34,10000,0
2016-03-15,06:50:00,3.34,3.35,3.34,3.35,90000,0
2016-03-15,06:55:00,3.35,3.36,3.35,3.36,50000,0
2016-03-15,07:00:00,3.36,3.36,3.35,3.35,140000,0
2016-03-15,07:15:00,3.35,3.35,3.35,3.35,20000,0
2016-03-15,07:20:00,3.35,3.36,3.35,3.36,135000,0
2016-03-15,07:30:00,3.36,3.38,3.36,3.38,155000,0
2016-03-15,07:35:00,3.38,3.38,3.38,3.38,150000,0
2016-03-15,07:40:00,3.38,3.39,3.38,3.39,50000,0
2016-03-15,07:45:00,3.39,3.39,3.39,3.39,5000,0
2016-03-15,07:55:00,3.39,3.39,3.39,3.39,60000,0
2016-03-15,08:00:00,3.39,3.4,3.39,3.4,180000,0
2016-03-15,08:05:00,3.4,3.4,3.38,3.4,455000,0
2016-03-15,08:10:00,3.4,3.41,3.4,3.41,30000,0
2016-03-15,08:15:00,3.41,3.43,3.41,3.43,35000,0
2016-03-15,08:20:00,3.43,3.43,3.43,3.43,80000,0
2016-03-15,08:25:00,3.43,3.43,3.43,3.43,30000,0
2016-03-15,08:30:00,3.43,3.43,3.43,3.43,20000,0
2016-03-15,08:35:00,3.43,3.43,3.42,3.42,60000,0
2016-03-15,08:40:00,3.42,3.42,3.41,3.41,260000,0
2016-03-15,08:50:00,3.41,3.42,3.41,3.42,165000,0
2016-03-15,08:55:00,3.42,3.45,3.42,3.45,105000,0
2016-03-15,09:00:00,3.45,3.49,3.45,3.49,725000,0
2016-03-16,02:35:00,3.47,3.5,3.47,3.5,280000,0
2016-03-16,02:40:00,3.5,3.52,3.5,3.5,665000,0
2016-03-16,02:50:00,3.49,3.49,3.48,3.48,160000,0
2016-03-16,02:55:00,3.48,3.48,3.47,3.47,70000,0
2016-03-16,03:10:00,3.47,3.47,3.46,3.46,35000,0
2016-03-16,03:15:00,3.46,3.47,3.46,3.46,240000,0
2016-03-16,03:20:00,3.46,3.46,3.45,3.45,205000,0
2016-03-16,03:25:00,3.45,3.45,3.42,3.43,195000,0
2016-03-16,03:30:00,3.43,3.43,3.42,3.43,150000,0
2016-03-16,03:55:00,3.43,3.45,3.43,3.45,465000,0
2016-03-16,04:00:00,3.45,3.45,3.44,3.44,30000,0
2016-03-16,04:10:00,3.44,3.44,3.44,3.44,80000,0
2016-03-16,04:15:00,3.44,3.47,3.44,3.47,710000,0
2016-03-16,04:30:00,3.47,3.47,3.47,3.47,400000,0
2016-03-16,04:40:00,3.47,3.47,3.47,3.47,400000,0
2016-03-16,05:00:00,3.45,3.45,3.44,3.44,20000,0
2016-03-16,06:05:00,3.44,3.47,3.43,3.47,380000,0
2016-03-16,06:10:00,3.47,3.47,3.45,3.45,10000,0
2016-03-16,06:15:00,3.45,3.47,3.45,3.47,50000,0
2016-03-16,06:20:00,3.47,3.47,3.45,3.45,30000,0
2016-03-16,06:35:00,3.45,3.47,3.45,3.47,265000,0
2016-03-16,06:55:00,3.47,3.47,3.44,3.44,10000,0
2016-03-16,07:15:00,3.44,3.47,3.44,3.47,100000,0
2016-03-16,07:30:00,3.47,3.47,3.43,3.43,125000,0
2016-03-16,07:35:00,3.44,3.47,3.44,3.47,70000,0
2016-03-16,07:55:00,3.47,3.49,3.47,3.49,360000,0
2016-03-16,08:00:00,3.49,3.49,3.47,3.47,100000,0
2016-03-16,08:05:00,3.47,3.49,3.47,3.49,260000,0
2016-03-16,08:10:00,3.49,3.5,3.49,3.5,60000,0
2016-03-16,08:15:00,3.49,3.5,3.49,3.5,295000,0
2016-03-16,08:20:00,3.5,3.5,3.5,3.5,75000,0
2016-03-16,08:25:00,3.5,3.51,3.49,3.49,325000,0
2016-03-16,08:30:00,3.49,3.49,3.49,3.49,45000,0
2016-03-16,08:35:00,3.49,3.49,3.49,3.49,25000,0
2016-03-16,08:40:00,3.49,3.51,3.49,3.49,240000,0
2016-03-16,08:45:00,3.49,3.5,3.48,3.5,230000,0
2016-03-16,08:50:00,3.5,3.5,3.5,3.5,60000,0
2016-03-16,08:55:00,3.5,3.51,3.5,3.5,265000,0
2016-03-16,09:00:00,3.5,3.52,3.5,3.51,480000,0
2016-03-17,02:35:00,3.51,3.54,3.51,3.54,185000,0
2016-03-17,02:45:00,3.52,3.52,3.51,3.52,1245000,0
2016-03-17,02:55:00,3.52,3.53,3.52,3.53,290000,0
2016-03-17,03:00:00,3.53,3.53,3.51,3.53,1160000,0
2016-03-17,03:05:00,3.52,3.52,3.52,3.52,200000,0
2016-03-17,03:10:00,3.52,3.52,3.51,3.51,20000,0
2016-03-17,03:15:00,3.51,3.53,3.5,3.53,385000,0
2016-03-17,03:20:00,3.53,3.53,3.5,3.5,100000,0
2016-03-17,03:25:00,3.5,3.52,3.5,3.52,10000,0
2016-03-17,03:30:00,3.51,3.51,3.51,3.51,350000,0
2016-03-17,03:35:00,3.51,3.51,3.5,3.5,95000,0
2016-03-17,03:45:00,3.5,3.5,3.5,3.5,5000,0
2016-03-17,03:55:00,3.5,3.5,3.49,3.5,670000,0
2016-03-17,04:00:00,3.5,3.5,3.48,3.48,10000,0
2016-03-17,04:25:00,3.48,3.48,3.48,3.48,290000,0
2016-03-17,04:30:00,3.48,3.5,3.48,3.48,520000,0
2016-03-17,04:35:00,3.48,3.5,3.48,3.5,610000,0
2016-03-17,04:40:00,3.5,3.5,3.48,3.48,60000,0
2016-03-17,04:45:00,3.48,3.48,3.48,3.48,20000,0
2016-03-17,04:50:00,3.48,3.49,3.48,3.49,565000,0
2016-03-17,06:30:00,3.48,3.48,3.48,3.48,10000,0
2016-03-17,06:50:00,3.47,3.48,3.47,3.48,20000,0
2016-03-17,07:20:00,3.48,3.49,3.48,3.49,530000,0
2016-03-17,07:25:00,3.49,3.49,3.49,3.49,20000,0
2016-03-17,07:30:00,3.49,3.49,3.49,3.49,205000,0
2016-03-17,07:40:00,3.49,3.5,3.49,3.5,370000,0
2016-03-17,07:45:00,3.5,3.5,3.48,3.48,100000,0
2016-03-17,07:55:00,3.48,3.49,3.48,3.49,65000,0
2016-03-17,08:00:00,3.49,3.49,3.49,3.49,75000,0
2016-03-17,08:05:00,3.49,3.49,3.49,3.49,55000,0
2016-03-17,08:10:00,3.49,3.49,3.49,3.49,25000,0
2016-03-17,08:20:00,3.49,3.49,3.49,3.49,5000,0
2016-03-17,08:25:00,3.49,3.49,3.49,3.49,30000,0
2016-03-17,08:50:00,3.49,3.51,3.49,3.51,520000,0
2016-03-17,08:55:00,3.52,3.52,3.5,3.51,305000,0
2016-03-17,09:00:00,3.51,3.52,3.5,3.51,560000,0
2016-03-18,02:35:00,3.53,3.53,3.52,3.52,105000,0
2016-03-18,02:40:00,3.51,3.52,3.51,3.52,415000,0
2016-03-18,02:45:00,3.52,3.52,3.52,3.52,250000,0
2016-03-18,02:50:00,3.51,3.51,3.51,3.51,200000,0
2016-03-18,02:55:00,3.51,3.51,3.48,3.5,75000,0
2016-03-18,03:00:00,3.5,3.51,3.5,3.51,555000,0
2016-03-18,03:05:00,3.51,3.51,3.51,3.51,100000,0
2016-03-18,03:15:00,3.51,3.51,3.5,3.5,115000,0
2016-03-18,03:20:00,3.5,3.5,3.45,3.45,370000,0
2016-03-18,03:30:00,3.45,3.47,3.45,3.47,20000,0
2016-03-18,03:35:00,3.46,3.46,3.45,3.45,65000,0
2016-03-18,03:50:00,3.44,3.45,3.44,3.45,200000,0
2016-03-18,03:55:00,3.45,3.5,3.45,3.45,250000,0
2016-03-18,04:20:00,3.45,3.47,3.45,3.47,400000,0
2016-03-18,04:35:00,3.47,3.5,3.47,3.5,655000,0
2016-03-18,04:45:00,3.49,3.5,3.49,3.5,1450000,0
2016-03-18,04:55:00,3.5,3.5,3.5,3.5,20000,0
2016-03-18,05:00:00,3.5,3.5,3.5,3.5,345000,0
2016-03-18,06:10:00,3.49,3.5,3.48,3.5,165000,0
2016-03-18,06:20:00,3.5,3.5,3.48,3.48,35000,0
2016-03-18,06:35:00,3.48,3.48,3.48,3.48,5000,0
2016-03-18,06:45:00,3.48,3.48,3.47,3.47,20000,0
2016-03-18,06:55:00,3.47,3.47,3.46,3.46,25000,0
2016-03-18,07:00:00,3.46,3.47,3.46,3.47,35000,0
2016-03-18,07:10:00,3.47,3.47,3.47,3.47,100000,0
2016-03-18,07:20:00,3.47,3.47,3.47,3.47,1210000,0
2016-03-18,07:30:00,3.47,3.47,3.46,3.46,25000,0
2016-03-18,08:15:00,3.46,3.46,3.45,3.46,65000,0
2016-03-18,08:20:00,3.46,3.48,3.46,3.48,230000,0
2016-03-18,08:25:00,3.48,3.5,3.48,3.5,525000,0
2016-03-18,08:30:00,3.5,3.5,3.5,3.5,130000,0
2016-03-18,08:35:00,3.5,3.5,3.5,3.5,190000,0
2016-03-18,08:40:00,3.5,3.52,3.5,3.52,350000,0
2016-03-18,08:45:00,3.52,3.52,3.52,3.52,10000,0
2016-03-18,08:55:00,3.52,3.54,3.52,3.54,785000,0
2016-03-18,09:00:00,3.54,3.55,3.54,3.55,1100000,0
2016-03-21,02:35:00,3.52,3.55,3.51,3.51,20000,0
2016-03-21,02:40:00,3.51,3.55,3.51,3.55,285000,0
2016-03-21,02:45:00,3.54,3.54,3.54,3.54,160000,0
2016-03-21,02:50:00,3.54,3.54,3.54,3.54,5000,0
2016-03-21,02:55:00,3.52,3.52,3.52,3.52,15000,0
2016-03-21,03:00:00,3.52,3.54,3.52,3.54,1640000,0
2016-03-21,03:15:00,3.53,3.53,3.53,3.53,200000,0
2016-03-21,03:30:00,3.53,3.53,3.53,3.53,300000,0
2016-03-21,03:45:00,3.53,3.53,3.53,3.53,250000,0
2016-03-21,03:50:00,3.53,3.53,3.52,3.52,90000,0
2016-03-21,03:55:00,3.52,3.52,3.52,3.52,120000,0
2016-03-21,04:00:00,3.52,3.53,3.52,3.53,390000,0
2016-03-21,04:10:00,3.53,3.53,3.53,3.53,35000,0
2016-03-21,04:20:00,3.52,3.52,3.52,3.52,300000,0
2016-03-21,04:30:00,3.52,3.53,3.52,3.53,640000,0
2016-03-21,04:35:00,3.53,3.53,3.51,3.51,40000,0
2016-03-21,04:40:00,3.51,3.53,3.51,3.53,400000,0
2016-03-21,04:45:00,3.52,3.52,3.52,3.52,10000,0
2016-03-21,04:50:00,3.52,3.52,3.51,3.51,40000,0
2016-03-21,05:00:00,3.51,3.52,3.51,3.52,40000,0
2016-03-21,06:05:00,3.52,3.52,3.52,3.52,180000,0
2016-03-21,06:10:00,3.52,3.52,3.51,3.51,80000,0
2016-03-21,06:25:00,3.51,3.51,3.5,3.5,95000,0
2016-03-21,06:35:00,3.5,3.5,3.5,3.5,5000,0
2016-03-21,07:10:00,3.49,3.5,3.49,3.5,250000,0
2016-03-21,07:55:00,3.5,3.5,3.5,3.5,10000,0
2016-03-21,08:10:00,3.5,3.5,3.5,3.5,25000,0
2016-03-21,08:55:00,3.49,3.5,3.49,3.5,65000,0
2016-03-21,09:00:00,3.5,3.53,3.5,3.52,915000,0
2016-03-22,02:40:00,3.49,3.49,3.49,3.49,100000,0
2016-03-22,02:45:00,3.49,3.52,3.49,3.52,645000,0
2016-03-22,02:50:00,3.52,3.52,3.52,3.52,145000,0
2016-03-22,03:00:00,3.52,3.52,3.52,3.52,300000,0
2016-03-22,03:05:00,3.52,3.54,3.52,3.54,550000,0
2016-03-22,03:10:00,3.54,3.54,3.54,3.54,30000,0
2016-03-22,03:15:00,3.54,3.54,3.5,3.5,15000,0
2016-03-22,03:20:00,3.5,3.52,3.5,3.52,20000,0
2016-03-22,03:35:00,3.52,3.53,3.52,3.53,475000,0
2016-03-22,03:40:00,3.53,3.53,3.51,3.51,140000,0
2016-03-22,03:45:00,3.51,3.53,3.51,3.53,515000,0
2016-03-22,03:50:00,3.53,3.53,3.53,3.53,85000,0
2016-03-22,04:00:00,3.52,3.52,3.49,3.49,295000,0
2016-03-22,04:15:00,3.49,3.49,3.49,3.49,25000,0
2016-03-22,04:20:00,3.49,3.51,3.49,3.51,160000,0
2016-03-22,04:35:00,3.5,3.5,3.49,3.49,10000,0
2016-03-22,04:40:00,3.49,3.5,3.49,3.5,210000,0
2016-03-22,04:45:00,3.5,3.5,3.5,3.5,20000,0
2016-03-22,04:50:00,3.5,3.5,3.48,3.48,135000,0
2016-03-22,04:55:00,3.48,3.48,3.48,3.48,10000,0
2016-03-22,05:00:00,3.48,3.5,3.48,3.5,15000,0
2016-03-22,06:10:00,3.5,3.5,3.5,3.5,100000,0
2016-03-22,06:45:00,3.5,3.5,3.5,3.5,10000,0
2016-03-22,07:00:00,3.5,3.5,3.5,3.5,15000,0
2016-03-22,07:05:00,3.5,3.5,3.49,3.49,10000,0
2016-03-22,07:15:00,3.49,3.49,3.49,3.49,10000,0
2016-03-22,07:30:00,3.49,3.49,3.49,3.49,5000,0
2016-03-22,07:55:00,3.49,3.49,3.48,3.48,15000,0
2016-03-22,08:05:00,3.48,3.48,3.48,3.48,25000,0
2016-03-22,08:10:00,3.48,3.49,3.48,3.49,200000,0
2016-03-22,08:40:00,3.46,3.49,3.46,3.49,65000,0
2016-03-22,08:45:00,3.49,3.51,3.49,3.51,715000,0
2016-03-22,08:50:00,3.51,3.51,3.5,3.5,420000,0
2016-03-22,08:55:00,3.5,3.51,3.5,3.51,410000,0
2016-03-22,09:00:00,3.51,3.53,3.51,3.52,525000,0
2016-03-23,02:35:00,3.48,3.52,3.47,3.47,675000,0
2016-03-23,02:40:00,3.47,3.53,3.47,3.53,435000,0
2016-03-23,03:00:00,3.52,3.52,3.5,3.5,180000,0
2016-03-23,03:05:00,3.5,3.51,3.5,3.51,315000,0
2016-03-23,03:20:00,3.51,3.52,3.51,3.52,20000,0
2016-03-23,03:30:00,3.51,3.51,3.51,3.51,200000,0
2016-03-23,04:30:00,3.5,3.5,3.49,3.49,15000,0
2016-03-23,04:35:00,3.49,3.49,3.48,3.48,20000,0
2016-03-23,04:45:00,3.48,3.49,3.47,3.48,500000,0
2016-03-23,05:00:00,3.48,3.48,3.48,3.48,25000,0
2016-03-23,06:05:00,3.48,3.49,3.48,3.49,400000,0
2016-03-23,06:10:00,3.49,3.49,3.49,3.49,70000,0
2016-03-23,06:20:00,3.49,3.49,3.47,3.47,130000,0
2016-03-23,06:30:00,3.47,3.49,3.47,3.49,200000,0
2016-03-23,06:35:00,3.49,3.49,3.49,3.49,200000,0
2016-03-23,06:50:00,3.49,3.49,3.49,3.49,200000,0
2016-03-23,06:55:00,3.49,3.5,3.49,3.5,20000,0
2016-03-23,07:10:00,3.5,3.5,3.49,3.49,200000,0
2016-03-23,07:25:00,3.49,3.49,3.49,3.49,195000,0
2016-03-23,07:35:00,3.49,3.49,3.49,3.49,150000,0
2016-03-23,07:40:00,3.49,3.49,3.49,3.49,20000,0
2016-03-23,07:45:00,3.49,3.49,3.47,3.47,100000,0
2016-03-23,07:50:00,3.47,3.47,3.46,3.47,190000,0
2016-03-23,08:00:00,3.47,3.47,3.47,3.47,50000,0
2016-03-23,08:05:00,3.47,3.47,3.47,3.47,20000,0
2016-03-23,08:10:00,3.47,3.49,3.47,3.49,355000,0
2016-03-23,08:25:00,3.49,3.49,3.49,3.49,150000,0
2016-03-23,08:35:00,3.49,3.49,3.49,3.49,180000,0
2016-03-23,08:50:00,3.49,3.49,3.49,3.49,150000,0
2016-03-23,08:55:00,3.49,3.49,3.49,3.49,40000,0
2016-03-23,09:00:00,3.49,3.5,3.49,3.49,40000,0
2016-03-24,02:35:00,3.49,3.51,3.49,3.51,440000,0
2016-03-24,02:40:00,3.51,3.52,3.51,3.52,410000,0
2016-03-24,02:50:00,3.51,3.51,3.51,3.51,205000,0
2016-03-24,03:00:00,3.5,3.51,3.5,3.51,330000,0
2016-03-24,03:05:00,3.5,3.51,3.5,3.51,490000,0
2016-03-24,03:20:00,3.5,3.51,3.5,3.51,650000,0
2016-03-24,03:35:00,3.5,3.51,3.5,3.51,820000,0
2016-03-24,03:40:00,3.51,3.51,3.51,3.51,300000,0
2016-03-24,03:45:00,3.51,3.51,3.51,3.51,150000,0
2016-03-24,03:50:00,3.51,3.51,3.51,3.51,410000,0
2016-03-24,04:00:00,3.51,3.51,3.51,3.51,100000,0
2016-03-24,04:05:00,3.5,3.5,3.49,3.49,10000,0
2016-03-24,04:55:00,3.48,3.49,3.48,3.49,615000,0
2016-03-24,05:00:00,3.48,3.49,3.48,3.48,350000,0
2016-03-24,06:10:00,3.48,3.49,3.48,3.48,520000,0
2016-03-24,06:25:00,3.48,3.48,3.48,3.48,10000,0
2016-03-24,06:30:00,3.48,3.48,3.48,3.48,10000,0
2016-03-24,06:50:00,3.48,3.48,3.48,3.48,620000,0
2016-03-24,07:00:00,3.48,3.48,3.48,3.48,200000,0
2016-03-24,07:05:00,3.48,3.48,3.47,3.47,1135000,0
2016-03-24,07:10:00,3.47,3.49,3.47,3.48,250000,0
2016-03-24,07:30:00,3.49,3.49,3.48,3.48,10000,0
2016-03-24,08:10:00,3.47,3.47,3.47,3.47,10000,0
2016-03-24,08:15:00,3.47,3.47,3.47,3.47,10000,0
2016-03-24,08:30:00,3.47,3.47,3.47,3.47,65000,0
2016-03-24,08:35:00,3.46,3.47,3.46,3.47,30000,0
2016-03-24,08:55:00,3.46,3.47,3.46,3.47,40000,0
2016-03-24,09:00:00,3.47,3.49,3.47,3.48,160000,0
2016-03-29,03:35:00,3.49,3.5,3.48,3.49,1340000,0
2016-03-29,03:50:00,3.48,3.48,3.48,3.48,200000,0
2016-03-29,04:00:00,3.48,3.48,3.48,3.48,220000,0
2016-03-29,04:10:00,3.48,3.48,3.48,3.48,5000,0
2016-03-29,04:15:00,3.48,3.48,3.47,3.48,390000,0
2016-03-29,04:25:00,3.48,3.48,3.47,3.47,20000,0
2016-03-29,04:35:00,3.47,3.48,3.47,3.48,440000,0
2016-03-29,04:45:00,3.48,3.48,3.48,3.48,25000,0
2016-03-29,04:50:00,3.48,3.48,3.48,3.48,25000,0
2016-03-29,05:00:00,3.48,3.5,3.48,3.49,480000,0
2016-03-29,05:05:00,3.49,3.49,3.49,3.49,230000,0
2016-03-29,05:40:00,3.48,3.48,3.48,3.48,450000,0
2016-03-29,05:50:00,3.48,3.48,3.47,3.47,15000,0
2016-03-29,05:55:00,3.47,3.47,3.47,3.47,5000,0
2016-03-29,06:00:00,3.47,3.48,3.47,3.48,60000,0
2016-03-29,07:05:00,3.48,3.48,3.48,3.48,400000,0
2016-03-29,07:25:00,3.48,3.48,3.48,3.48,55000,0
2016-03-29,07:30:00,3.48,3.48,3.48,3.48,15000,0
2016-03-29,07:35:00,3.48,3.48,3.48,3.48,10000,0
2016-03-29,07:40:00,3.48,3.48,3.48,3.48,205000,0
2016-03-29,08:05:00,3.48,3.48,3.48,3.48,170000,0
2016-03-29,08:25:00,3.46,3.47,3.46,3.47,15000,0
2016-03-29,08:30:00,3.47,3.48,3.47,3.48,365000,0
2016-03-29,08:40:00,3.48,3.48,3.48,3.48,200000,0
2016-03-29,08:45:00,3.48,3.48,3.48,3.48,50000,0
2016-03-29,08:50:00,3.48,3.48,3.48,3.48,60000,0
2016-03-29,09:35:00,3.47,3.47,3.47,3.47,5000,0
2016-03-29,09:45:00,3.47,3.48,3.47,3.48,25000,0
2016-03-29,10:00:00,3.48,3.48,3.48,3.48,10000,0
2016-03-30,03:35:00,3.49,3.49,3.48,3.49,400000,0
2016-03-30,03:45:00,3.48,3.49,3.48,3.49,210000,0
2016-03-30,03:50:00,3.49,3.49,3.49,3.49,300000,0
2016-03-30,04:00:00,3.48,3.48,3.48,3.48,350000,0
2016-03-30,04:05:00,3.48,3.48,3.48,3.48,50000,0
2016-03-30,04:10:00,3.48,3.48,3.48,3.48,380000,0
2016-03-30,04:20:00,3.47,3.47,3.46,3.46,40000,0
2016-03-30,04:30:00,3.46,3.47,3.46,3.46,40000,0
2016-03-30,04:35:00,3.46,3.46,3.46,3.46,300000,0
2016-03-30,04:45:00,3.46,3.46,3.45,3.45,40000,0
2016-03-30,05:00:00,3.44,3.46,3.44,3.46,520000,0
2016-03-30,05:25:00,3.46,3.46,3.46,3.46,850000,0
2016-03-30,05:30:00,3.46,3.46,3.46,3.46,315000,0
2016-03-30,05:35:00,3.46,3.48,3.46,3.48,1020000,0
2016-03-30,05:50:00,3.48,3.48,3.46,3.46,55000,0
2016-03-30,06:00:00,3.46,3.48,3.46,3.48,40000,0
2016-03-30,07:15:00,3.47,3.47,3.47,3.47,380000,0
2016-03-30,07:20:00,3.47,3.47,3.47,3.47,640000,0
2016-03-30,07:55:00,3.47,3.47,3.45,3.45,55000,0
2016-03-30,08:00:00,3.45,3.47,3.45,3.46,160000,0
2016-03-30,08:05:00,3.46,3.46,3.46,3.46,200000,0
2016-03-30,08:30:00,3.46,3.46,3.46,3.46,200000,0
2016-03-30,08:35:00,3.46,3.46,3.46,3.46,10000,0
2016-03-30,08:50:00,3.46,3.46,3.46,3.46,200000,0
2016-03-30,08:55:00,3.46,3.47,3.46,3.47,60000,0
2016-03-30,09:05:00,3.47,3.47,3.47,3.47,250000,0
2016-03-30,09:45:00,3.47,3.47,3.47,3.47,10000,0
2016-03-30,09:50:00,3.47,3.47,3.47,3.47,10000,0
2016-03-30,10:00:00,3.47,3.48,3.47,3.48,80000,0
2016-03-31,03:35:00,3.49,3.49,3.48,3.48,4510000,0
2016-03-31,03:50:00,3.48,3.48,3.48,3.48,450000,0
2016-03-31,03:55:00,3.48,3.48,3.45,3.45,35000,0
2016-03-31,04:00:00,3.45,3.49,3.45,3.49,370000,0
2016-03-31,04:15:00,3.48,3.48,3.48,3.48,400000,0
2016-03-31,04:25:00,3.48,3.48,3.44,3.44,105000,0
2016-03-31,04:50:00,3.44,3.48,3.44,3.48,1120000,0
2016-03-31,05:15:00,3.47,3.47,3.47,3.47,200000,0
2016-03-31,05:25:00,3.47,3.47,3.46,3.46,230000,0
2016-03-31,05:30:00,3.46,3.46,3.46,3.46,5000,0
2016-03-31,05:40:00,3.46,3.47,3.46,3.47,550000,0
2016-03-31,05:50:00,3.47,3.47,3.45,3.45,15000,0
2016-03-31,05:55:00,3.45,3.45,3.45,3.45,30000,0
2016-03-31,06:00:00,3.45,3.47,3.45,3.47,450000,0
2016-03-31,07:05:00,3.46,3.46,3.46,3.46,5000,0
2016-03-31,07:10:00,3.46,3.46,3.45,3.45,10000,0
2016-03-31,07:15:00,3.45,3.46,3.45,3.45,70000,0
2016-03-31,08:15:00,3.45,3.45,3.44,3.44,25000,0
2016-03-31,08:20:00,3.44,3.44,3.44,3.44,10000,0
2016-03-31,08:30:00,3.44,3.45,3.43,3.43,35000,0
2016-03-31,08:45:00,3.43,3.43,3.43,3.43,45000,0
2016-03-31,08:55:00,3.43,3.44,3.43,3.44,10000,0
2016-03-31,09:20:00,3.44,3.44,3.43,3.43,30000,0
2016-03-31,09:30:00,3.43,3.43,3.43,3.43,15000,0
2016-03-31,10:00:00,3.43,3.43,3.41,3.42,125000,0
2016-04-01,03:35:00,3.45,3.46,3.42,3.45,590000,0
2016-04-01,03:40:00,3.44,3.46,3.44,3.45,1200000,0
2016-04-01,03:50:00,3.42,3.43,3.42,3.43,370000,0
2016-04-01,04:05:00,3.42,3.42,3.42,3.42,200000,0
2016-04-01,04:10:00,3.42,3.42,3.42,3.42,10000,0
2016-04-01,04:15:00,3.42,3.42,3.42,3.42,40000,0
2016-04-01,04:20:00,3.42,3.42,3.4,3.4,30000,0
2016-04-01,04:25:00,3.4,3.4,3.39,3.39,45000,0
2016-04-01,04:30:00,3.39,3.39,3.38,3.38,30000,0
2016-04-01,04:35:00,3.38,3.42,3.38,3.41,15000,0
2016-04-01,04:55:00,3.41,3.41,3.4,3.4,50000,0
2016-04-01,05:00:00,3.4,3.41,3.4,3.41,310000,0
2016-04-01,05:05:00,3.41,3.41,3.41,3.41,10000,0
2016-04-01,05:10:00,3.41,3.41,3.41,3.41,250000,0
2016-04-01,05:55:00,3.4,3.41,3.4,3.41,550000,0
2016-04-01,06:00:00,3.41,3.42,3.41,3.42,10000,0
2016-04-01,07:05:00,3.41,3.41,3.41,3.41,290000,0
2016-04-01,07:45:00,3.39,3.39,3.39,3.39,5000,0
2016-04-01,08:30:00,3.39,3.39,3.39,3.39,270000,0
2016-04-01,08:45:00,3.39,3.39,3.39,3.39,40000,0
2016-04-01,08:55:00,3.39,3.39,3.38,3.39,530000,0
2016-04-01,09:10:00,3.38,3.39,3.38,3.39,420000,0
2016-04-01,09:20:00,3.38,3.38,3.37,3.38,1225000,0
2016-04-01,09:25:00,3.38,3.38,3.37,3.37,100000,0
2016-04-01,09:30:00,3.37,3.37,3.37,3.37,25000,0
2016-04-01,09:35:00,3.37,3.4,3.37,3.4,260000,0
2016-04-01,09:40:00,3.4,3.41,3.4,3.41,200000,0
2016-04-01,09:55:00,3.4,3.4,3.39,3.39,20000,0
2016-04-01,10:00:00,3.39,3.42,3.38,3.42,475000,0
2016-04-05,03:35:00,3.39,3.42,3.39,3.42,170000,0
2016-04-05,03:50:00,3.39,3.39,3.38,3.39,530000,0
2016-04-05,04:00:00,3.39,3.39,3.38,3.38,10000,0
2016-04-05,04:05:00,3.39,3.39,3.38,3.38,10000,0
2016-04-05,04:10:00,3.38,3.38,3.37,3.38,515000,0
2016-04-05,04:35:00,3.38,3.38,3.38,3.38,20000,0
2016-04-05,04:40:00,3.38,3.38,3.36,3.36,120000,0
2016-04-05,04:45:00,3.36,3.36,3.36,3.36,5000,0
2016-04-05,04:50:00,3.36,3.37,3.36,3.37,485000,0
2016-04-05,05:00:00,3.37,3.37,3.35,3.35,20000,0
2016-04-05,05:05:00,3.35,3.35,3.35,3.35,55000,0
2016-04-05,05:15:00,3.35,3.35,3.35,3.35,250000,0
2016-04-05,05:25:00,3.36,3.36,3.36,3.36,5000,0
2016-04-05,05:50:00,3.35,3.35,3.35,3.35,200000,0
2016-04-05,07:05:00,3.35,3.35,3.34,3.34,20000,0
2016-04-05,07:10:00,3.34,3.34,3.33,3.33,20000,0
2016-04-05,07:30:00,3.33,3.35,3.33,3.35,410000,0
2016-04-05,07:40:00,3.35,3.35,3.35,3.35,5000,0
2016-04-05,07:55:00,3.34,3.37,3.34,3.35,1300000,0
2016-04-05,08:00:00,3.35,3.37,3.35,3.36,570000,0
2016-04-05,08:05:00,3.36,3.36,3.36,3.36,10000,0
2016-04-05,08:35:00,3.36,3.37,3.36,3.37,470000,0
2016-04-05,08:40:00,3.37,3.37,3.35,3.35,15000,0
2016-04-05,08:55:00,3.35,3.35,3.35,3.35,10000,0
2016-04-05,09:20:00,3.35,3.35,3.34,3.34,10000,0
2016-04-05,09:25:00,3.34,3.34,3.33,3.33,70000,0
2016-04-05,09:30:00,3.33,3.33,3.33,3.33,5000,0
2016-04-05,09:35:00,3.33,3.33,3.33,3.33,10000,0
2016-04-05,09:40:00,3.33,3.35,3.33,3.35,185000,0
2016-04-05,10:00:00,3.34,3.38,3.34,3.37,880000,0
2016-04-06,03:35:00,3.35,3.38,3.35,3.35,350000,0
2016-04-06,03:40:00,3.35,3.37,3.35,3.37,515000,0
2016-04-06,03:50:00,3.35,3.35,3.35,3.35,170000,0
2016-04-06,04:00:00,3.35,3.36,3.35,3.36,10000,0
2016-04-06,04:05:00,3.35,3.35,3.34,3.34,20000,0
2016-04-06,04:10:00,3.34,3.35,3.34,3.35,310000,0
2016-04-06,04:15:00,3.35,3.36,3.35,3.36,105000,0
2016-04-06,04:30:00,3.36,3.37,3.31,3.36,770000,0
2016-04-06,04:35:00,3.35,3.35,3.35,3.35,300000,0
2016-04-06,04:45:00,3.35,3.35,3.35,3.35,275000,0
2016-04-06,04:55:00,3.34,3.35,3.34,3.35,20000,0
2016-04-06,05:05:00,3.34,3.34,3.34,3.34,10000,0
2016-04-06,05:15:00,3.34,3.35,3.32,3.35,25000,0
2016-04-06,05:25:00,3.34,3.35,3.34,3.35,15000,0
2016-04-06,05:40:00,3.33,3.33,3.32,3.32,10000,0
2016-04-06,05:45:00,3.32,3.32,3.31,3.31,25000,0
2016-04-06,05:50:00,3.31,3.31,3.31,3.31,20000,0
2016-04-06,05:55:00,3.31,3.32,3.3,3.32,30000,0
2016-04-06,06:00:00,3.32,3.34,3.32,3.34,20000,0
2016-04-06,07:05:00,3.33,3.33,3.33,3.33,10000,0
2016-04-06,07:15:00,3.32,3.32,3.32,3.32,10000,0
2016-04-06,07:35:00,3.32,3.32,3.31,3.31,10000,0
2016-04-06,07:50:00,3.31,3.33,3.31,3.31,500000,0
2016-04-06,08:05:00,3.31,3.31,3.31,3.31,5000,0
2016-04-06,08:10:00,3.31,3.32,3.31,3.32,15000,0
2016-04-06,08:15:00,3.32,3.32,3.31,3.31,10000,0
2016-04-06,08:20:00,3.31,3.31,3.3,3.3,25000,0
2016-04-06,08:25:00,3.3,3.31,3.3,3.31,65000,0
2016-04-06,08:35:00,3.31,3.31,3.29,3.29,110000,0
2016-04-06,08:40:00,3.3,3.3,3.3,3.3,5000,0
2016-04-06,08:45:00,3.3,3.3,3.3,3.3,5000,0
2016-04-06,08:50:00,3.3,3.31,3.3,3.31,500000,0
2016-04-06,08:55:00,3.31,3.31,3.3,3.3,80000,0
2016-04-06,09:00:00,3.3,3.31,3.3,3.31,20000,0
2016-04-06,09:05:00,3.31,3.31,3.31,3.31,5000,0
2016-04-06,09:10:00,3.31,3.31,3.31,3.31,250000,0
2016-04-06,09:20:00,3.31,3.31,3.3,3.3,10000,0
2016-04-06,09:25:00,3.3,3.31,3.3,3.31,270000,0
2016-04-06,09:35:00,3.3,3.3,3.3,3.3,15000,0
2016-04-06,09:40:00,3.3,3.34,3.3,3.34,1280000,0
2016-04-06,09:45:00,3.33,3.33,3.31,3.31,10000,0
2016-04-06,09:50:00,3.31,3.33,3.31,3.33,260000,0
2016-04-06,09:55:00,3.33,3.33,3.32,3.32,110000,0
2016-04-06,10:00:00,3.32,3.35,3.32,3.35,180000,0
2016-04-07,03:35:00,3.38,3.38,3.37,3.37,570000,0
2016-04-07,03:40:00,3.37,3.37,3.36,3.36,120000,0
2016-04-07,03:45:00,3.36,3.38,3.36,3.38,640000,0
2016-04-07,03:55:00,3.37,3.37,3.37,3.37,5000,0
2016-04-07,04:00:00,3.37,3.37,3.35,3.35,35000,0
2016-04-07,04:05:00,3.35,3.35,3.34,3.35,345000,0
2016-04-07,04:20:00,3.34,3.34,3.33,3.33,10000,0
2016-04-07,04:25:00,3.33,3.33,3.33,3.33,65000,0
2016-04-07,04:30:00,3.33,3.33,3.33,3.33,5000,0
2016-04-07,04:35:00,3.33,3.33,3.32,3.32,10000,0
2016-04-07,04:40:00,3.32,3.33,3.32,3.33,590000,0
2016-04-07,04:50:00,3.33,3.33,3.31,3.31,60000,0
2016-04-07,04:55:00,3.31,3.31,3.31,3.31,5000,0
2016-04-07,05:05:00,3.3,3.32,3.3,3.32,595000,0
2016-04-07,05:20:00,3.3,3.32,3.3,3.32,575000,0
2016-04-07,05:35:00,3.32,3.32,3.32,3.32,250000,0
2016-04-07,05:50:00,3.32,3.32,3.32,3.32,500000,0
2016-04-07,07:05:00,3.31,3.31,3.31,3.31,5000,0
2016-04-07,07:20:00,3.3,3.32,3.3,3.32,210000,0
2016-04-07,07:55:00,3.32,3.32,3.32,3.32,150000,0
2016-04-07,08:15:00,3.32,3.32,3.31,3.31,10000,0
2016-04-07,08:25:00,3.31,3.31,3.31,3.31,15000,0
2016-04-07,08:40:00,3.31,3.32,3.31,3.32,10000,0
2016-04-07,08:50:00,3.32,3.32,3.32,3.32,100000,0
2016-04-07,09:05:00,3.32,3.32,3.3,3.32,180000,0
2016-04-07,09:10:00,3.32,3.32,3.32,3.32,150000,0
2016-04-07,09:25:00,3.3,3.32,3.3,3.32,60000,0
2016-04-07,09:55:00,3.32,3.33,3.32,3.33,70000,0
2016-04-07,10:00:00,3.32,3.33,3.31,3.33,1735000,0
2016-04-08,03:40:00,3.31,3.31,3.31,3.31,370000,0
2016-04-08,03:55:00,3.31,3.31,3.3,3.31,720000,0
2016-04-08,04:05:00,3.31,3.31,3.31,3.31,50000,0
2016-04-08,04:20:00,3.27,3.3,3.27,3.3,300000,0
2016-04-08,04:40:00,3.29,3.29,3.29,3.29,90000,0
2016-04-08,04:50:00,3.29,3.3,3.29,3.3,480000,0
2016-04-08,05:05:00,3.3,3.31,3.3,3.31,710000,0
2016-04-08,05:15:00,3.31,3.31,3.31,3.31,250000,0
2016-04-08,05:20:00,3.3,3.3,3.3,3.3,5000,0
2016-04-08,07:10:00,3.29,3.29,3.28,3.28,210000,0
2016-04-08,07:20:00,3.28,3.28,3.28,3.28,10000,0
2016-04-08,07:25:00,3.28,3.29,3.27,3.28,1385000,0
2016-04-08,07:40:00,3.28,3.29,3.28,3.29,425000,0
2016-04-08,09:20:00,3.27,3.28,3.27,3.28,400000,0
2016-04-08,09:45:00,3.27,3.29,3.27,3.29,35000,0
2016-04-08,09:55:00,3.28,3.28,3.28,3.28,145000,0
2016-04-08,10:00:00,3.28,3.29,3.28,3.29,65000,0
2016-04-11,03:35:00,3.29,3.32,3.29,3.31,355000,0
2016-04-11,03:40:00,3.29,3.3,3.29,3.3,290000,0
2016-04-11,03:55:00,3.29,3.3,3.29,3.3,460000,0
2016-04-11,04:10:00,3.28,3.28,3.26,3.26,260000,0
2016-04-11,04:15:00,3.26,3.26,3.26,3.26,15000,0
2016-04-11,04:30:00,3.26,3.28,3.26,3.26,560000,0
2016-04-11,04:50:00,3.26,3.29,3.26,3.29,620000,0
2016-04-11,05:05:00,3.27,3.27,3.27,3.27,5000,0
2016-04-11,05:15:00,3.27,3.27,3.26,3.26,75000,0
2016-04-11,05:30:00,3.26,3.26,3.26,3.26,20000,0
2016-04-11,05:35:00,3.26,3.28,3.25,3.28,565000,0
2016-04-11,05:50:00,3.27,3.28,3.25,3.25,545000,0
2016-04-11,05:55:00,3.25,3.28,3.25,3.28,180000,0
2016-04-11,06:00:00,3.28,3.28,3.25,3.25,10000,0
2016-04-11,07:10:00,3.25,3.25,3.25,3.25,25000,0
2016-04-11,07:20:00,3.25,3.28,3.25,3.28,520000,0
2016-04-11,07:40:00,3.28,3.28,3.27,3.27,30000,0
2016-04-11,07:55:00,3.27,3.27,3.25,3.26,360000,0
2016-04-11,08:00:00,3.26,3.26,3.25,3.25,120000,0
2016-04-11,08:15:00,3.25,3.25,3.25,3.25,100000,0
2016-04-11,08:20:00,3.25,3.25,3.25,3.25,100000,0
2016-04-11,08:25:00,3.25,3.27,3.25,3.27,500000,0
2016-04-11,09:25:00,3.24,3.27,3.24,3.25,1065000,0
2016-04-11,09:30:00,3.25,3.26,3.25,3.26,295000,0
2016-04-11,09:35:00,3.24,3.27,3.24,3.27,75000,0
2016-04-11,09:55:00,3.27,3.29,3.27,3.28,95000,0
2016-04-11,10:00:00,3.28,3.29,3.28,3.29,10000,0
2016-04-12,03:35:00,3.29,3.29,3.29,3.29,330000,0
2016-04-12,03:50:00,3.28,3.28,3.28,3.28,250000,0
2016-04-12,03:55:00,3.28,3.28,3.28,3.28,400000,0
2016-04-12,04:05:00,3.28,3.28,3.25,3.25,20000,0
2016-04-12,04:10:00,3.25,3.25,3.24,3.24,125000,0
2016-04-12,04:15:00,3.24,3.28,3.24,3.28,470000,0
2016-04-12,04:20:00,3.28,3.28,3.28,3.28,300000,0
2016-04-12,04:25:00,3.28,3.28,3.28,3.28,550000,0
2016-04-12,04:45:00,3.25,3.25,3.25,3.25,100000,0
2016-04-12,04:50:00,3.25,3.27,3.24,3.24,1045000,0
2016-04-12,05:00:00,3.24,3.24,3.24,3.24,90000,0
2016-04-12,05:10:00,3.24,3.24,3.24,3.24,5000,0
2016-04-12,05:25:00,3.24,3.24,3.24,3.24,10000,0
2016-04-12,05:35:00,3.24,3.24,3.24,3.24,70000,0
2016-04-12,05:45:00,3.24,3.26,3.24,3.26,2015000,0
2016-04-12,05:50:00,3.26,3.27,3.26,3.27,600000,0
2016-04-12,05:55:00,3.27,3.27,3.25,3.25,15000,0
2016-04-12,06:00:00,3.25,3.28,3.25,3.28,260000,0
2016-04-12,07:05:00,3.28,3.28,3.28,3.28,480000,0
2016-04-12,07:20:00,3.26,3.28,3.26,3.28,130000,0
2016-04-12,08:30:00,3.27,3.27,3.27,3.27,60000,0
2016-04-12,08:50:00,3.27,3.27,3.26,3.26,80000,0
2016-04-12,08:55:00,3.26,3.26,3.26,3.26,10000,0
2016-04-12,09:10:00,3.26,3.26,3.25,3.25,45000,0
2016-04-12,09:20:00,3.25,3.25,3.25,3.25,50000,0
2016-04-12,09:25:00,3.25,3.25,3.24,3.24,60000,0
2016-04-12,09:30:00,3.24,3.24,3.23,3.23,70000,0
2016-04-12,09:40:00,3.23,3.23,3.23,3.23,10000,0
2016-04-12,09:45:00,3.23,3.24,3.23,3.24,75000,0
2016-04-12,09:50:00,3.24,3.24,3.23,3.23,440000,0
2016-04-12,10:00:00,3.23,3.25,3.23,3.25,165000,0
2016-04-13,03:35:00,3.25,3.26,3.25,3.26,120000,0
2016-04-13,03:40:00,3.26,3.28,3.26,3.28,605000,0
2016-04-13,03:45:00,3.26,3.26,3.25,3.25,45000,0
2016-04-13,03:50:00,3.25,3.25,3.24,3.24,20000,0
2016-04-13,03:55:00,3.24,3.25,3.24,3.25,430000,0
2016-04-13,04:15:00,3.25,3.25,3.24,3.24,15000,0
2016-04-13,04:20:00,3.24,3.25,3.24,3.25,545000,0
2016-04-13,04:25:00,3.25,3.25,3.25,3.25,50000,0
2016-04-13,04:35:00,3.25,3.25,3.24,3.25,455000,0
2016-04-13,04:40:00,3.25,3.25,3.25,3.25,200000,0
2016-04-13,04:45:00,3.25,3.25,3.25,3.25,150000,0
2016-04-13,04:50:00,3.25,3.27,3.24,3.27,1970000,0
2016-04-13,04:55:00,3.27,3.27,3.27,3.27,200000,0
2016-04-13,05:00:00,3.25,3.25,3.25,3.25,260000,0
2016-04-13,05:05:00,3.25,3.28,3.25,3.28,995000,0
2016-04-13,05:10:00,3.28,3.29,3.28,3.29,700000,0
2016-04-13,05:20:00,3.28,3.3,3.28,3.3,530000,0
2016-04-13,05:25:00,3.3,3.31,3.3,3.31,750000,0
2016-04-13,05:30:00,3.3,3.32,3.3,3.31,520000,0
2016-04-13,05:35:00,3.31,3.36,3.31,3.36,1000000,0
2016-04-13,05:40:00,3.36,3.36,3.35,3.35,140000,0
2016-04-13,05:50:00,3.35,3.35,3.34,3.34,60000,0
2016-04-13,06:00:00,3.34,3.34,3.34,3.34,250000,0
2016-04-13,07:10:00,3.34,3.34,3.33,3.33,20000,0
2016-04-13,07:35:00,3.33,3.35,3.33,3.33,20000,0
2016-04-13,07:50:00,3.33,3.34,3.32,3.34,290000,0
2016-04-13,07:55:00,3.34,3.34,3.32,3.32,80000,0
2016-04-13,08:10:00,3.32,3.33,3.32,3.33,410000,0
2016-04-13,08:45:00,3.33,3.34,3.33,3.34,300000,0
2016-04-13,09:00:00,3.34,3.34,3.34,3.34,10000,0
2016-04-13,09:15:00,3.33,3.34,3.33,3.34,400000,0
2016-04-13,09:20:00,3.34,3.34,3.32,3.32,110000,0
2016-04-13,09:25:00,3.32,3.32,3.32,3.32,100000,0
2016-04-13,09:30:00,3.32,3.32,3.32,3.32,25000,0
2016-04-13,09:35:00,3.32,3.32,3.32,3.32,65000,0
2016-04-13,09:55:00,3.32,3.34,3.32,3.34,100000,0
2016-04-13,10:00:00,3.34,3.34,3.31,3.34,320000,0
