Date,Time,Open,High,Low,Close,Volume,OpenInt
2016-03-01,02:35:00,1.57,1.63,1.57,1.58,36000,0
2016-03-01,02:40:00,1.58,1.58,1.57,1.57,18000,0
2016-03-01,02:45:00,1.57,1.58,1.57,1.57,14000,0
2016-03-01,03:05:00,1.57,1.62,1.57,1.61,93000,0
2016-03-01,03:15:00,1.61,1.61,1.6,1.61,13000,0
2016-03-01,03:20:00,1.61,1.61,1.6,1.61,5000,0
2016-03-01,03:30:00,1.6,1.6,1.59,1.59,88000,0
2016-03-01,03:35:00,1.59,1.59,1.58,1.59,14000,0
2016-03-01,03:40:00,1.59,1.59,1.59,1.59,2000,0
2016-03-01,03:55:00,1.59,1.59,1.58,1.58,10000,0
2016-03-01,04:30:00,1.58,1.58,1.58,1.58,1000,0
2016-03-01,06:05:00,1.58,1.58,1.57,1.57,19000,0
2016-03-01,06:10:00,1.57,1.57,1.57,1.57,2000,0
2016-03-01,06:15:00,1.57,1.57,1.57,1.57,6000,0
2016-03-01,06:30:00,1.57,1.57,1.57,1.57,2000,0
2016-03-01,06:40:00,1.57,1.58,1.57,1.58,48000,0
2016-03-01,06:45:00,1.58,1.58,1.57,1.57,4000,0
2016-03-01,07:00:00,1.57,1.58,1.57,1.58,23000,0
2016-03-01,07:05:00,1.58,1.58,1.57,1.57,2000,0
2016-03-01,07:20:00,1.57,1.58,1.57,1.58,2000,0
2016-03-01,07:30:00,1.58,1.58,1.57,1.58,27000,0
2016-03-01,07:40:00,1.58,1.58,1.58,1.58,2000,0
2016-03-01,07:45:00,1.58,1.58,1.57,1.58,16000,0
2016-03-01,07:50:00,1.58,1.59,1.58,1.59,84000,0
2016-03-01,07:55:00,1.59,1.59,1.58,1.59,11000,0
2016-03-01,08:00:00,1.59,1.59,1.58,1.59,4000,0
2016-03-01,08:10:00,1.59,1.59,1.57,1.59,11000,0
2016-03-01,08:15:00,1.59,1.59,1.57,1.57,21000,0
2016-03-01,08:20:00,1.57,1.57,1.57,1.57,10000,0
2016-03-01,08:30:00,1.57,1.57,1.57,1.57,2000,0
2016-03-01,08:40:00,1.57,1.59,1.57,1.57,95000,0
2016-03-01,08:45:00,1.57,1.58,1.57,1.58,8000,0
2016-03-01,08:55:00,1.58,1.59,1.58,1.59,21000,0
2016-03-01,09:00:00,1.59,1.65,1.57,1.61,572000,0
2016-03-02,03:05:00,1.61,1.61,1.6,1.6,3000,0
2016-03-02,03:10:00,1.6,1.6,1.6,1.6,1000,0
2016-03-02,04:10:00,1.6,1.6,1.58,1.58,108000,0
2016-03-02,04:15:00,1.58,1.61,1.58,1.61,139000,0
2016-03-02,04:20:00,1.61,1.61,1.61,1.61,4000,0
2016-03-02,04:25:00,1.61,1.61,1.61,1.61,3000,0
2016-03-02,04:30:00,1.61,1.61,1.6,1.6,62000,0
2016-03-02,04:35:00,1.6,1.6,1.59,1.59,5000,0
2016-03-02,04:45:00,1.59,1.61,1.59,1.61,4000,0
2016-03-02,04:50:00,1.61,1.61,1.61,1.61,3000,0
2016-03-02,06:10:00,1.6,1.6,1.6,1.6,1000,0
2016-03-02,06:40:00,1.6,1.61,1.6,1.61,136000,0
2016-03-02,06:55:00,1.61,1.62,1.6,1.6,89000,0
2016-03-02,07:10:00,1.6,1.6,1.59,1.59,6000,0
2016-03-02,07:30:00,1.59,1.59,1.59,1.59,2000,0
2016-03-02,07:35:00,1.59,1.61,1.59,1.6,231000,0
2016-03-02,07:40:00,1.6,1.6,1.6,1.6,4000,0
2016-03-02,07:45:00,1.6,1.6,1.6,1.6,4000,0
2016-03-02,07:50:00,1.6,1.6,1.59,1.59,16000,0
2016-03-02,08:05:00,1.59,1.6,1.59,1.6,10000,0
2016-03-02,08:15:00,1.6,1.6,1.59,1.59,25000,0
2016-03-02,08:20:00,1.59,1.59,1.59,1.59,2000,0
2016-03-02,08:45:00,1.59,1.59,1.59,1.59,14000,0
2016-03-02,08:50:00,1.59,1.6,1.59,1.6,8000,0
2016-03-02,09:00:00,1.6,1.6,1.59,1.6,5000,0
2016-03-03,02:35:00,1.57,1.6,1.56,1.56,110000,0
2016-03-03,02:40:00,1.56,1.57,1.56,1.56,86000,0
2016-03-03,02:45:00,1.56,1.57,1.56,1.57,32000,0
2016-03-03,02:50:00,1.57,1.57,1.55,1.55,64000,0
2016-03-03,02:55:00,1.55,1.55,1.54,1.55,12000,0
2016-03-03,03:00:00,1.55,1.55,1.54,1.54,4000,0
2016-03-03,03:05:00,1.54,1.54,1.53,1.54,57000,0
2016-03-03,03:10:00,1.54,1.55,1.54,1.55,3000,0
2016-03-03,03:15:00,1.55,1.55,1.55,1.55,6000,0
2016-03-03,03:20:00,1.55,1.56,1.54,1.56,112000,0
2016-03-03,03:25:00,1.56,1.57,1.56,1.57,6000,0
2016-03-03,03:30:00,1.57,1.57,1.57,1.57,16000,0
2016-03-03,03:35:00,1.57,1.57,1.56,1.56,19000,0
2016-03-03,03:40:00,1.56,1.57,1.55,1.55,75000,0
2016-03-03,03:45:00,1.55,1.56,1.55,1.55,10000,0
2016-03-03,03:50:00,1.55,1.56,1.55,1.56,4000,0
2016-03-03,03:55:00,1.56,1.56,1.55,1.55,32000,0
2016-03-03,04:00:00,1.55,1.56,1.55,1.56,73000,0
2016-03-03,04:05:00,1.56,1.57,1.56,1.56,18000,0
2016-03-03,04:10:00,1.56,1.56,1.56,1.56,4000,0
2016-03-03,04:15:00,1.56,1.56,1.55,1.56,50000,0
2016-03-03,04:20:00,1.56,1.56,1.56,1.56,14000,0
2016-03-03,04:25:00,1.56,1.56,1.56,1.56,5000,0
2016-03-03,04:30:00,1.56,1.56,1.55,1.56,76000,0
2016-03-03,04:35:00,1.56,1.56,1.56,1.56,2000,0
2016-03-03,04:40:00,1.56,1.56,1.55,1.56,40000,0
2016-03-03,04:50:00,1.56,1.57,1.56,1.57,51000,0
2016-03-03,04:55:00,1.57,1.57,1.56,1.57,54000,0
2016-03-03,05:00:00,1.57,1.57,1.56,1.56,43000,0
2016-03-03,06:05:00,1.56,1.57,1.55,1.55,104000,0
2016-03-03,06:10:00,1.55,1.56,1.55,1.55,6000,0
2016-03-03,06:15:00,1.55,1.55,1.55,1.55,2000,0
2016-03-03,06:20:00,1.55,1.55,1.54,1.54,66000,0
2016-03-03,06:25:00,1.54,1.56,1.54,1.56,49000,0
2016-03-03,06:30:00,1.56,1.56,1.54,1.54,10000,0
2016-03-03,06:35:00,1.55,1.55,1.55,1.55,34000,0
2016-03-03,06:40:00,1.55,1.55,1.55,1.55,10000,0
2016-03-03,06:45:00,1.55,1.55,1.55,1.55,6000,0
2016-03-03,06:50:00,1.55,1.55,1.54,1.54,48000,0
2016-03-03,06:55:00,1.54,1.56,1.54,1.56,15000,0
2016-03-03,07:00:00,1.56,1.56,1.55,1.55,8000,0
2016-03-03,07:05:00,1.55,1.55,1.55,1.55,1000,0
2016-03-03,07:15:00,1.55,1.55,1.54,1.55,124000,0
2016-03-03,07:20:00,1.55,1.56,1.55,1.56,14000,0
2016-03-03,07:25:00,1.56,1.56,1.55,1.55,6000,0
2016-03-03,07:35:00,1.55,1.55,1.54,1.55,50000,0
2016-03-03,07:40:00,1.55,1.55,1.55,1.55,13000,0
2016-03-03,07:45:00,1.55,1.55,1.55,1.55,39000,0
2016-03-03,08:00:00,1.55,1.55,1.55,1.55,15000,0
2016-03-03,08:05:00,1.55,1.55,1.55,1.55,11000,0
2016-03-03,08:15:00,1.55,1.55,1.54,1.55,55000,0
2016-03-03,08:20:00,1.55,1.55,1.55,1.55,32000,0
2016-03-03,08:25:00,1.55,1.55,1.55,1.55,9000,0
2016-03-03,08:30:00,1.55,1.55,1.54,1.55,68000,0
2016-03-03,08:35:00,1.55,1.56,1.55,1.56,24000,0
2016-03-03,08:40:00,1.56,1.56,1.56,1.56,25000,0
2016-03-03,08:45:00,1.56,1.56,1.55,1.56,47000,0
2016-03-03,08:50:00,1.56,1.56,1.54,1.55,91000,0
2016-03-03,08:55:00,1.55,1.56,1.55,1.55,36000,0
2016-03-03,09:00:00,1.55,1.56,1.53,1.56,152000,0
2016-03-04,02:35:00,1.59,1.59,1.55,1.55,4000,0
2016-03-04,02:55:00,1.56,1.57,1.56,1.56,30000,0
2016-03-04,03:00:00,1.56,1.57,1.56,1.56,30000,0
2016-03-04,03:05:00,1.56,1.57,1.56,1.56,10000,0
2016-03-04,03:10:00,1.56,1.57,1.56,1.57,28000,0
2016-03-04,03:15:00,1.57,1.57,1.56,1.56,27000,0
2016-03-04,03:20:00,1.56,1.57,1.56,1.56,117000,0
2016-03-04,03:25:00,1.56,1.56,1.56,1.56,4000,0
2016-03-04,03:30:00,1.56,1.57,1.56,1.57,13000,0
2016-03-04,03:35:00,1.57,1.57,1.56,1.56,37000,0
2016-03-04,03:40:00,1.56,1.57,1.56,1.57,36000,0
2016-03-04,03:45:00,1.57,1.57,1.56,1.56,33000,0
2016-03-04,03:50:00,1.56,1.57,1.56,1.56,45000,0
2016-03-04,03:55:00,1.56,1.57,1.56,1.56,35000,0
2016-03-04,04:00:00,1.56,1.57,1.56,1.56,36000,0
2016-03-04,04:05:00,1.56,1.57,1.56,1.56,29000,0
2016-03-04,04:10:00,1.56,1.57,1.56,1.56,42000,0
2016-03-04,04:15:00,1.56,1.57,1.55,1.55,115000,0
2016-03-04,04:20:00,1.55,1.56,1.55,1.55,6000,0
2016-03-04,04:25:00,1.55,1.56,1.55,1.55,19000,0
2016-03-04,04:30:00,1.55,1.55,1.55,1.55,25000,0
2016-03-04,04:35:00,1.55,1.56,1.55,1.56,6000,0
2016-03-04,04:40:00,1.56,1.56,1.55,1.56,13000,0
2016-03-04,04:45:00,1.56,1.56,1.55,1.56,25000,0
2016-03-04,04:50:00,1.56,1.56,1.55,1.55,26000,0
2016-03-04,04:55:00,1.55,1.56,1.55,1.56,16000,0
2016-03-04,05:00:00,1.56,1.56,1.55,1.55,26000,0
2016-03-04,06:05:00,1.55,1.57,1.55,1.56,90000,0
2016-03-04,06:10:00,1.56,1.56,1.54,1.55,66000,0
2016-03-04,06:15:00,1.55,1.55,1.55,1.55,5000,0
2016-03-04,06:20:00,1.55,1.55,1.55,1.55,1000,0
2016-03-04,06:25:00,1.55,1.55,1.55,1.55,4000,0
2016-03-04,06:30:00,1.55,1.56,1.54,1.56,42000,0
2016-03-04,06:35:00,1.56,1.56,1.55,1.55,4000,0
2016-03-04,06:50:00,1.55,1.56,1.55,1.55,30000,0
2016-03-04,06:55:00,1.55,1.56,1.55,1.55,19000,0
2016-03-04,07:00:00,1.55,1.56,1.55,1.56,23000,0
2016-03-04,07:05:00,1.56,1.56,1.55,1.56,17000,0
2016-03-04,07:10:00,1.56,1.57,1.55,1.56,38000,0
2016-03-04,07:15:00,1.56,1.57,1.55,1.55,17000,0
2016-03-04,07:20:00,1.55,1.57,1.55,1.56,34000,0
2016-03-04,07:25:00,1.56,1.56,1.55,1.55,18000,0
2016-03-04,07:30:00,1.55,1.57,1.55,1.57,18000,0
2016-03-04,07:40:00,1.57,1.57,1.55,1.55,42000,0
2016-03-04,07:45:00,1.55,1.57,1.55,1.56,100000,0
2016-03-04,07:50:00,1.56,1.57,1.55,1.55,142000,0
2016-03-04,08:00:00,1.55,1.56,1.55,1.55,26000,0
2016-03-04,08:05:00,1.55,1.56,1.55,1.56,96000,0
2016-03-04,08:10:00,1.56,1.56,1.56,1.56,41000,0
2016-03-04,08:15:00,1.56,1.57,1.56,1.57,54000,0
2016-03-04,08:20:00,1.57,1.57,1.56,1.57,52000,0
2016-03-04,08:25:00,1.57,1.57,1.56,1.57,143000,0
2016-03-04,08:30:00,1.57,1.57,1.57,1.57,17000,0
2016-03-04,08:35:00,1.57,1.58,1.57,1.58,56000,0
2016-03-04,08:40:00,1.58,1.58,1.58,1.58,45000,0
2016-03-04,08:45:00,1.58,1.58,1.57,1.57,329000,0
2016-03-04,08:50:00,1.57,1.58,1.57,1.57,151000,0
2016-03-04,08:55:00,1.57,1.58,1.57,1.57,28000,0
2016-03-04,09:00:00,1.57,1.58,1.56,1.57,283000,0
2016-03-07,02:35:00,1.57,1.57,1.54,1.55,76000,0
2016-03-07,02:45:00,1.55,1.56,1.55,1.56,4000,0
2016-03-07,02:55:00,1.56,1.56,1.55,1.55,118000,0
2016-03-07,03:05:00,1.55,1.56,1.55,1.56,13000,0
2016-03-07,03:10:00,1.56,1.56,1.56,1.56,28000,0
2016-03-07,03:15:00,1.56,1.56,1.56,1.56,35000,0
2016-03-07,03:20:00,1.56,1.56,1.56,1.56,30000,0
2016-03-07,03:25:00,1.56,1.56,1.56,1.56,37000,0
2016-03-07,03:30:00,1.56,1.56,1.56,1.56,34000,0
2016-03-07,03:35:00,1.56,1.56,1.56,1.56,40000,0
2016-03-07,03:40:00,1.56,1.56,1.56,1.56,19000,0
2016-03-07,03:45:00,1.56,1.56,1.56,1.56,34000,0
2016-03-07,03:50:00,1.56,1.56,1.56,1.56,29000,0
2016-03-07,03:55:00,1.56,1.56,1.56,1.56,34000,0
2016-03-07,04:00:00,1.56,1.56,1.56,1.56,58000,0
2016-03-07,04:05:00,1.56,1.57,1.56,1.57,74000,0
2016-03-07,04:10:00,1.57,1.58,1.57,1.58,27000,0
2016-03-07,04:15:00,1.58,1.58,1.58,1.58,23000,0
2016-03-07,04:20:00,1.58,1.58,1.57,1.57,33000,0
2016-03-07,04:25:00,1.57,1.59,1.57,1.59,55000,0
2016-03-07,04:30:00,1.59,1.59,1.59,1.59,29000,0
2016-03-07,04:35:00,1.59,1.59,1.57,1.59,38000,0
2016-03-07,04:40:00,1.59,1.59,1.57,1.58,28000,0
2016-03-07,04:45:00,1.58,1.58,1.58,1.58,28000,0
2016-03-07,04:50:00,1.58,1.58,1.57,1.57,46000,0
2016-03-07,04:55:00,1.57,1.58,1.57,1.57,16000,0
2016-03-07,05:00:00,1.57,1.58,1.57,1.57,42000,0
2016-03-07,06:05:00,1.57,1.58,1.57,1.58,235000,0
2016-03-07,06:10:00,1.58,1.58,1.58,1.58,1000,0
2016-03-07,06:15:00,1.58,1.58,1.55,1.57,18000,0
2016-03-07,06:20:00,1.57,1.57,1.56,1.56,188000,0
2016-03-07,06:25:00,1.56,1.56,1.56,1.56,2000,0
2016-03-07,06:30:00,1.56,1.56,1.56,1.56,1000,0
2016-03-07,06:35:00,1.56,1.57,1.56,1.57,11000,0
2016-03-07,06:40:00,1.57,1.57,1.56,1.56,26000,0
2016-03-07,06:45:00,1.56,1.57,1.56,1.57,29000,0
2016-03-07,06:50:00,1.57,1.57,1.57,1.57,16000,0
2016-03-07,06:55:00,1.57,1.57,1.56,1.56,59000,0
2016-03-07,07:00:00,1.56,1.57,1.56,1.57,43000,0
2016-03-07,07:05:00,1.57,1.57,1.56,1.56,85000,0
2016-03-07,07:10:00,1.56,1.57,1.55,1.57,32000,0
2016-03-07,07:15:00,1.57,1.57,1.55,1.55,38000,0
2016-03-07,07:20:00,1.55,1.57,1.55,1.56,68000,0
2016-03-07,07:25:00,1.56,1.57,1.55,1.55,56000,0
2016-03-07,07:30:00,1.55,1.57,1.55,1.57,73000,0
2016-03-07,07:35:00,1.57,1.57,1.56,1.57,30000,0
2016-03-07,07:40:00,1.57,1.57,1.56,1.57,76000,0
2016-03-07,07:45:00,1.57,1.57,1.56,1.56,68000,0
2016-03-07,07:50:00,1.56,1.57,1.56,1.56,102000,0
2016-03-07,07:55:00,1.56,1.56,1.56,1.56,36000,0
2016-03-07,08:00:00,1.56,1.56,1.56,1.56,1000,0
2016-03-07,08:05:00,1.56,1.56,1.56,1.56,3000,0
2016-03-07,08:10:00,1.56,1.57,1.55,1.56,30000,0
2016-03-07,08:15:00,1.56,1.56,1.56,1.56,26000,0
2016-03-07,08:20:00,1.56,1.57,1.56,1.57,24000,0
2016-03-07,08:25:00,1.57,1.57,1.56,1.57,61000,0
2016-03-07,08:30:00,1.57,1.57,1.57,1.57,21000,0
2016-03-07,08:35:00,1.57,1.57,1.56,1.56,277000,0
2016-03-07,08:40:00,1.56,1.57,1.56,1.56,38000,0
2016-03-07,08:45:00,1.56,1.57,1.56,1.56,36000,0
2016-03-07,08:50:00,1.56,1.56,1.55,1.55,181000,0
2016-03-07,08:55:00,1.55,1.56,1.55,1.55,31000,0
2016-03-07,09:00:00,1.55,1.56,1.55,1.56,121000,0
2016-03-08,02:35:00,1.56,1.56,1.56,1.56,1000,0
2016-03-08,02:40:00,1.56,1.56,1.56,1.56,1000,0
2016-03-08,03:05:00,1.56,1.56,1.56,1.56,32000,0
2016-03-08,03:10:00,1.56,1.58,1.56,1.56,88000,0
2016-03-08,03:15:00,1.56,1.59,1.56,1.57,291000,0
2016-03-08,03:30:00,1.57,1.57,1.57,1.57,5000,0
2016-03-08,03:35:00,1.57,1.57,1.56,1.56,58000,0
2016-03-08,03:40:00,1.56,1.57,1.56,1.57,48000,0
2016-03-08,03:45:00,1.57,1.57,1.56,1.57,57000,0
2016-03-08,03:50:00,1.57,1.57,1.56,1.57,38000,0
2016-03-08,03:55:00,1.57,1.57,1.56,1.56,50000,0
2016-03-08,04:00:00,1.56,1.57,1.56,1.56,137000,0
2016-03-08,04:05:00,1.56,1.56,1.56,1.56,2000,0
2016-03-08,04:10:00,1.56,1.56,1.56,1.56,2000,0
2016-03-08,04:15:00,1.56,1.56,1.56,1.56,15000,0
2016-03-08,04:20:00,1.56,1.57,1.56,1.57,28000,0
2016-03-08,04:25:00,1.57,1.57,1.56,1.56,24000,0
2016-03-08,04:30:00,1.56,1.56,1.56,1.56,27000,0
2016-03-08,04:35:00,1.56,1.56,1.56,1.56,26000,0
2016-03-08,04:40:00,1.56,1.56,1.56,1.56,22000,0
2016-03-08,04:45:00,1.56,1.57,1.56,1.56,148000,0
2016-03-08,04:50:00,1.56,1.56,1.56,1.56,1000,0
2016-03-08,04:55:00,1.56,1.56,1.56,1.56,1000,0
2016-03-08,05:00:00,1.56,1.56,1.56,1.56,9000,0
2016-03-08,06:05:00,1.56,1.57,1.56,1.56,77000,0
2016-03-08,06:10:00,1.56,1.57,1.56,1.57,3000,0
2016-03-08,06:20:00,1.57,1.57,1.56,1.56,9000,0
2016-03-08,06:25:00,1.56,1.57,1.56,1.56,23000,0
2016-03-08,06:30:00,1.56,1.57,1.56,1.56,101000,0
2016-03-08,06:35:00,1.56,1.56,1.56,1.56,24000,0
2016-03-08,06:40:00,1.56,1.57,1.56,1.56,53000,0
2016-03-08,06:45:00,1.56,1.56,1.56,1.56,6000,0
2016-03-08,06:50:00,1.56,1.57,1.56,1.57,4000,0
2016-03-08,06:55:00,1.57,1.57,1.57,1.57,1000,0
2016-03-08,07:00:00,1.57,1.57,1.56,1.56,121000,0
2016-03-08,07:05:00,1.56,1.56,1.56,1.56,1000,0
2016-03-08,07:10:00,1.56,1.56,1.56,1.56,1000,0
2016-03-08,07:15:00,1.55,1.56,1.55,1.56,4000,0
2016-03-08,07:20:00,1.56,1.56,1.56,1.56,11000,0
2016-03-08,07:25:00,1.56,1.56,1.55,1.56,20000,0
2016-03-08,07:30:00,1.56,1.56,1.56,1.56,21000,0
2016-03-08,07:35:00,1.56,1.56,1.56,1.56,24000,0
2016-03-08,07:40:00,1.56,1.56,1.56,1.56,24000,0
2016-03-08,07:45:00,1.56,1.56,1.56,1.56,24000,0
2016-03-08,07:50:00,1.56,1.56,1.56,1.56,20000,0
2016-03-08,07:55:00,1.56,1.56,1.56,1.56,4000,0
2016-03-08,08:00:00,1.55,1.56,1.55,1.56,9000,0
2016-03-08,08:05:00,1.56,1.56,1.55,1.56,31000,0
2016-03-08,08:10:00,1.56,1.56,1.56,1.56,22000,0
2016-03-08,08:15:00,1.56,1.56,1.56,1.56,21000,0
2016-03-08,08:20:00,1.56,1.56,1.55,1.56,31000,0
2016-03-08,08:25:00,1.56,1.56,1.56,1.56,31000,0
2016-03-08,08:30:00,1.56,1.56,1.56,1.56,35000,0
2016-03-08,08:35:00,1.56,1.56,1.55,1.56,24000,0
2016-03-08,08:40:00,1.56,1.56,1.56,1.56,32000,0
2016-03-08,08:45:00,1.56,1.56,1.56,1.56,53000,0
2016-03-08,08:50:00,1.56,1.58,1.56,1.56,256000,0
2016-03-08,08:55:00,1.56,1.57,1.56,1.56,72000,0
2016-03-08,09:00:00,1.55,1.57,1.55,1.57,38000,0
2016-03-09,02:35:00,1.57,1.57,1.57,1.57,1000,0
2016-03-09,02:55:00,1.57,1.57,1.56,1.56,26000,0
2016-03-09,03:00:00,1.56,1.56,1.56,1.56,36000,0
2016-03-09,03:05:00,1.56,1.56,1.56,1.56,35000,0
2016-03-09,03:10:00,1.56,1.56,1.55,1.56,194000,0
2016-03-09,03:20:00,1.56,1.56,1.56,1.56,5000,0
2016-03-09,03:25:00,1.56,1.56,1.56,1.56,32000,0
2016-03-09,03:30:00,1.56,1.56,1.56,1.56,31000,0
2016-03-09,03:35:00,1.56,1.56,1.56,1.56,30000,0
2016-03-09,03:40:00,1.56,1.56,1.56,1.56,29000,0
2016-03-09,03:45:00,1.56,1.56,1.56,1.56,25000,0
2016-03-09,03:50:00,1.56,1.56,1.56,1.56,24000,0
2016-03-09,03:55:00,1.56,1.56,1.56,1.56,24000,0
2016-03-09,04:00:00,1.56,1.56,1.56,1.56,29000,0
2016-03-09,04:05:00,1.56,1.56,1.56,1.56,23000,0
2016-03-09,04:10:00,1.56,1.56,1.56,1.56,20000,0
2016-03-09,04:15:00,1.56,1.56,1.56,1.56,24000,0
2016-03-09,04:20:00,1.56,1.56,1.56,1.56,22000,0
2016-03-09,04:25:00,1.56,1.56,1.56,1.56,21000,0
2016-03-09,04:30:00,1.56,1.56,1.56,1.56,21000,0
2016-03-09,04:35:00,1.56,1.56,1.56,1.56,23000,0
2016-03-09,04:40:00,1.56,1.56,1.56,1.56,24000,0
2016-03-09,04:45:00,1.56,1.56,1.56,1.56,14000,0
2016-03-09,04:50:00,1.56,1.57,1.56,1.57,25000,0
2016-03-09,04:55:00,1.57,1.58,1.56,1.58,43000,0
2016-03-09,05:00:00,1.58,1.58,1.56,1.57,27000,0
2016-03-09,06:05:00,1.57,1.59,1.56,1.59,97000,0
2016-03-09,06:10:00,1.59,1.59,1.59,1.59,1000,0
2016-03-09,06:25:00,1.59,1.59,1.59,1.59,12000,0
2016-03-09,06:30:00,1.59,1.59,1.57,1.58,43000,0
2016-03-09,06:35:00,1.58,1.59,1.58,1.59,19000,0
2016-03-09,06:40:00,1.59,1.59,1.57,1.58,47000,0
2016-03-09,06:45:00,1.58,1.59,1.58,1.59,20000,0
2016-03-09,06:50:00,1.59,1.59,1.57,1.57,42000,0
2016-03-09,06:55:00,1.57,1.58,1.57,1.58,14000,0
2016-03-09,07:00:00,1.58,1.58,1.57,1.57,18000,0
2016-03-09,07:05:00,1.57,1.58,1.57,1.58,22000,0
2016-03-09,07:10:00,1.58,1.58,1.58,1.58,20000,0
2016-03-09,07:15:00,1.58,1.58,1.58,1.58,17000,0
2016-03-09,07:20:00,1.58,1.58,1.58,1.58,20000,0
2016-03-09,07:25:00,1.58,1.58,1.58,1.58,17000,0
2016-03-09,07:30:00,1.58,1.58,1.58,1.58,20000,0
2016-03-09,07:35:00,1.58,1.59,1.58,1.58,24000,0
2016-03-09,07:40:00,1.58,1.58,1.57,1.58,25000,0
2016-03-09,07:45:00,1.58,1.59,1.57,1.58,32000,0
2016-03-09,07:50:00,1.58,1.58,1.57,1.58,30000,0
2016-03-09,07:55:00,1.58,1.59,1.58,1.58,31000,0
2016-03-09,08:00:00,1.58,1.58,1.57,1.58,28000,0
2016-03-09,08:05:00,1.58,1.59,1.57,1.57,36000,0
2016-03-09,08:10:00,1.57,1.58,1.57,1.57,31000,0
2016-03-09,08:15:00,1.57,1.58,1.57,1.58,18000,0
2016-03-09,08:20:00,1.58,1.58,1.58,1.58,16000,0
2016-03-09,08:25:00,1.58,1.59,1.56,1.56,140000,0
2016-03-09,08:30:00,1.56,1.56,1.52,1.54,314000,0
2016-03-09,08:35:00,1.54,1.54,1.5,1.52,97000,0
2016-03-09,08:40:00,1.52,1.52,1.51,1.52,109000,0
2016-03-09,08:45:00,1.52,1.52,1.51,1.51,131000,0
2016-03-09,08:50:00,1.5,1.52,1.5,1.52,36000,0
2016-03-09,08:55:00,1.52,1.52,1.52,1.52,1000,0
2016-03-09,09:00:00,1.52,1.59,1.51,1.59,657000,0
2016-03-10,02:35:00,1.59,1.59,1.58,1.58,1000,0
2016-03-10,02:45:00,1.58,1.58,1.56,1.56,85000,0
2016-03-10,02:50:00,1.56,1.56,1.55,1.55,123000,0
2016-03-10,02:55:00,1.55,1.55,1.55,1.55,10000,0
2016-03-10,03:10:00,1.55,1.56,1.55,1.56,28000,0
2016-03-10,03:15:00,1.56,1.56,1.55,1.55,34000,0
2016-03-10,03:20:00,1.55,1.56,1.55,1.55,45000,0
2016-03-10,03:25:00,1.55,1.56,1.54,1.55,90000,0
2016-03-10,03:30:00,1.55,1.55,1.55,1.55,6000,0
2016-03-10,03:35:00,1.55,1.55,1.55,1.55,28000,0
2016-03-10,03:40:00,1.55,1.56,1.55,1.55,39000,0
2016-03-10,03:45:00,1.55,1.55,1.55,1.55,26000,0
2016-03-10,03:50:00,1.55,1.55,1.55,1.55,30000,0
2016-03-10,03:55:00,1.55,1.56,1.55,1.56,39000,0
2016-03-10,04:00:00,1.56,1.56,1.55,1.56,31000,0
2016-03-10,04:05:00,1.56,1.56,1.56,1.56,26000,0
2016-03-10,04:10:00,1.56,1.56,1.56,1.56,32000,0
2016-03-10,04:15:00,1.56,1.56,1.56,1.56,35000,0
2016-03-10,04:20:00,1.56,1.56,1.56,1.56,28000,0
2016-03-10,04:25:00,1.56,1.56,1.56,1.56,27000,0
2016-03-10,04:30:00,1.56,1.56,1.55,1.56,45000,0
2016-03-10,04:35:00,1.56,1.56,1.56,1.56,26000,0
2016-03-10,04:40:00,1.56,1.56,1.56,1.56,35000,0
2016-03-10,04:45:00,1.56,1.56,1.55,1.55,190000,0
2016-03-10,04:55:00,1.55,1.55,1.55,1.55,12000,0
2016-03-10,05:00:00,1.55,1.56,1.55,1.56,14000,0
2016-03-10,06:05:00,1.56,1.56,1.56,1.56,35000,0
2016-03-10,06:10:00,1.56,1.56,1.56,1.56,4000,0
2016-03-10,06:15:00,1.56,1.56,1.56,1.56,7000,0
2016-03-10,06:25:00,1.55,1.55,1.55,1.55,60000,0
2016-03-10,06:30:00,1.55,1.55,1.55,1.55,2000,0
2016-03-10,06:35:00,1.55,1.55,1.55,1.55,47000,0
2016-03-10,06:40:00,1.55,1.55,1.55,1.55,86000,0
2016-03-10,06:50:00,1.55,1.55,1.55,1.55,40000,0
2016-03-10,06:55:00,1.55,1.55,1.55,1.55,42000,0
2016-03-10,07:00:00,1.55,1.55,1.55,1.55,17000,0
2016-03-10,07:15:00,1.55,1.56,1.55,1.56,13000,0
2016-03-10,07:20:00,1.56,1.56,1.55,1.56,108000,0
2016-03-10,07:35:00,1.56,1.56,1.56,1.56,19000,0
2016-03-10,07:40:00,1.56,1.56,1.56,1.56,24000,0
2016-03-10,07:45:00,1.56,1.56,1.55,1.55,163000,0
2016-03-10,07:55:00,1.55,1.55,1.55,1.55,52000,0
2016-03-10,08:00:00,1.55,1.56,1.55,1.55,20000,0
2016-03-10,08:05:00,1.55,1.55,1.54,1.55,105000,0
2016-03-10,08:10:00,1.55,1.55,1.54,1.55,103000,0
2016-03-10,08:20:00,1.54,1.55,1.54,1.55,10000,0
2016-03-10,08:25:00,1.55,1.55,1.55,1.55,14000,0
2016-03-10,08:30:00,1.55,1.55,1.55,1.55,15000,0
2016-03-10,08:35:00,1.55,1.55,1.55,1.55,59000,0
2016-03-10,08:40:00,1.55,1.55,1.55,1.55,61000,0
2016-03-10,08:45:00,1.55,1.55,1.55,1.55,72000,0
2016-03-10,08:50:00,1.55,1.56,1.55,1.56,104000,0
2016-03-10,08:55:00,1.56,1.56,1.55,1.55,107000,0
2016-03-10,09:00:00,1.55,1.59,1.54,1.59,153000,0
2016-03-11,02:40:00,1.55,1.55,1.55,1.55,1000,0
2016-03-11,03:00:00,1.53,1.56,1.53,1.56,12000,0
2016-03-11,03:05:00,1.56,1.56,1.56,1.56,18000,0
2016-03-11,03:10:00,1.56,1.56,1.56,1.56,18000,0
2016-03-11,03:15:00,1.56,1.56,1.55,1.56,31000,0
2016-03-11,03:20:00,1.56,1.56,1.55,1.56,29000,0
2016-03-11,03:25:00,1.56,1.56,1.56,1.56,15000,0
2016-03-11,03:30:00,1.56,1.56,1.55,1.56,31000,0
2016-03-11,03:35:00,1.56,1.56,1.55,1.56,27000,0
2016-03-11,03:40:00,1.55,1.56,1.55,1.55,22000,0
2016-03-11,03:45:00,1.55,1.56,1.55,1.56,23000,0
2016-03-11,03:50:00,1.56,1.57,1.56,1.57,29000,0
2016-03-11,03:55:00,1.57,1.57,1.57,1.57,15000,0
2016-03-11,04:00:00,1.57,1.57,1.57,1.57,15000,0
2016-03-11,04:05:00,1.57,1.57,1.57,1.57,11000,0
2016-03-11,04:10:00,1.57,1.57,1.56,1.57,44000,0
2016-03-11,04:15:00,1.57,1.57,1.57,1.57,10000,0
2016-03-11,04:20:00,1.57,1.57,1.56,1.56,17000,0
2016-03-11,04:25:00,1.56,1.56,1.56,1.56,12000,0
2016-03-11,04:30:00,1.56,1.56,1.56,1.56,14000,0
2016-03-11,04:35:00,1.56,1.56,1.55,1.55,153000,0
2016-03-11,04:45:00,1.55,1.55,1.54,1.54,12000,0
2016-03-11,05:00:00,1.54,1.55,1.54,1.55,2000,0
2016-03-11,06:05:00,1.53,1.55,1.53,1.55,2000,0
2016-03-11,06:10:00,1.53,1.55,1.53,1.55,14000,0
2016-03-11,06:15:00,1.53,1.55,1.53,1.54,31000,0
2016-03-11,06:20:00,1.54,1.55,1.54,1.55,6000,0
2016-03-11,06:25:00,1.55,1.55,1.54,1.54,22000,0
2016-03-11,06:30:00,1.54,1.54,1.54,1.54,8000,0
2016-03-11,06:35:00,1.54,1.54,1.54,1.54,12000,0
2016-03-11,06:40:00,1.54,1.55,1.54,1.55,51000,0
2016-03-11,07:00:00,1.55,1.55,1.55,1.55,9000,0
2016-03-11,07:05:00,1.55,1.55,1.55,1.55,10000,0
2016-03-11,07:10:00,1.55,1.55,1.55,1.55,9000,0
2016-03-11,07:15:00,1.55,1.56,1.55,1.55,20000,0
2016-03-11,07:20:00,1.55,1.55,1.55,1.55,14000,0
2016-03-11,07:25:00,1.55,1.55,1.55,1.55,11000,0
2016-03-11,07:30:00,1.55,1.55,1.55,1.55,11000,0
2016-03-11,07:35:00,1.55,1.55,1.55,1.55,10000,0
2016-03-11,07:40:00,1.55,1.55,1.55,1.55,13000,0
2016-03-11,07:45:00,1.55,1.55,1.55,1.55,6000,0
2016-03-11,07:50:00,1.55,1.56,1.55,1.56,21000,0
2016-03-11,07:55:00,1.56,1.56,1.55,1.55,30000,0
2016-03-11,08:00:00,1.55,1.56,1.55,1.55,22000,0
2016-03-11,08:05:00,1.55,1.55,1.55,1.55,15000,0
2016-03-11,08:10:00,1.55,1.56,1.55,1.55,55000,0
2016-03-11,08:15:00,1.55,1.56,1.55,1.56,11000,0
2016-03-11,08:20:00,1.56,1.56,1.56,1.56,16000,0
2016-03-11,08:25:00,1.56,1.57,1.56,1.57,13000,0
2016-03-11,08:30:00,1.57,1.57,1.57,1.57,11000,0
2016-03-11,08:35:00,1.57,1.57,1.57,1.57,16000,0
2016-03-11,08:40:00,1.57,1.57,1.57,1.57,18000,0
2016-03-11,08:45:00,1.57,1.57,1.56,1.56,26000,0
2016-03-11,08:50:00,1.56,1.57,1.55,1.55,122000,0
2016-03-11,08:55:00,1.55,1.57,1.55,1.57,70000,0
2016-03-11,09:00:00,1.57,1.57,1.57,1.57,97000,0
2016-03-14,03:20:00,1.54,1.55,1.54,1.55,2000,0
2016-03-14,06:05:00,1.55,1.55,1.55,1.55,2000,0
2016-03-14,06:10:00,1.55,1.55,1.55,1.55,1000,0
2016-03-14,06:40:00,1.55,1.55,1.55,1.55,4000,0
2016-03-14,08:05:00,1.54,1.56,1.54,1.56,20000,0
2016-03-14,08:20:00,1.56,1.56,1.55,1.56,28000,0
2016-03-14,08:25:00,1.56,1.56,1.56,1.56,2000,0
2016-03-14,08:45:00,1.56,1.56,1.56,1.56,1000,0
2016-03-14,08:55:00,1.56,1.56,1.55,1.56,40000,0
2016-03-14,09:00:00,1.56,1.6,1.55,1.58,736000,0
2016-03-15,02:35:00,1.63,1.63,1.56,1.56,4000,0
2016-03-15,03:20:00,1.57,1.6,1.57,1.6,2000,0
2016-03-15,03:30:00,1.58,1.58,1.58,1.58,2000,0
2016-03-15,03:40:00,1.58,1.58,1.57,1.57,103000,0
2016-03-15,03:45:00,1.57,1.57,1.57,1.57,4000,0
2016-03-15,03:50:00,1.57,1.57,1.57,1.57,2000,0
2016-03-15,05:00:00,1.57,1.57,1.56,1.56,2000,0
2016-03-15,06:05:00,1.56,1.58,1.56,1.58,2000,0
2016-03-15,06:15:00,1.57,1.57,1.56,1.56,37000,0
2016-03-15,06:25:00,1.56,1.56,1.56,1.56,1000,0
2016-03-15,06:30:00,1.56,1.56,1.56,1.56,18000,0
2016-03-15,06:45:00,1.56,1.56,1.56,1.56,22000,0
2016-03-15,06:50:00,1.56,1.57,1.56,1.57,2000,0
2016-03-15,06:55:00,1.57,1.57,1.56,1.56,4000,0
2016-03-15,07:20:00,1.55,1.56,1.55,1.56,7000,0
2016-03-15,07:25:00,1.56,1.56,1.56,1.56,3000,0
2016-03-15,08:20:00,1.55,1.57,1.55,1.56,60000,0
2016-03-15,08:25:00,1.56,1.56,1.56,1.56,35000,0
2016-03-15,08:30:00,1.56,1.56,1.56,1.56,7000,0
2016-03-15,08:55:00,1.55,1.56,1.55,1.56,81000,0
2016-03-15,09:00:00,1.56,1.59,1.55,1.59,221000,0
2016-03-16,02:50:00,1.58,1.59,1.56,1.56,4000,0
2016-03-16,04:15:00,1.56,1.56,1.56,1.56,67000,0
2016-03-16,04:20:00,1.56,1.58,1.56,1.58,13000,0
2016-03-16,04:35:00,1.57,1.57,1.56,1.56,3000,0
2016-03-16,04:40:00,1.56,1.56,1.56,1.56,1000,0
2016-03-16,04:45:00,1.56,1.56,1.56,1.56,1000,0
2016-03-16,04:50:00,1.56,1.56,1.56,1.56,1000,0
2016-03-16,04:55:00,1.56,1.56,1.56,1.56,1000,0
2016-03-16,06:10:00,1.56,1.56,1.55,1.55,2000,0
2016-03-16,06:15:00,1.55,1.55,1.55,1.55,1000,0
2016-03-16,06:20:00,1.55,1.55,1.55,1.55,1000,0
2016-03-16,06:40:00,1.54,1.55,1.54,1.55,40000,0
2016-03-16,07:30:00,1.54,1.56,1.54,1.55,44000,0
2016-03-16,07:50:00,1.55,1.55,1.55,1.55,1000,0
2016-03-16,08:00:00,1.55,1.56,1.55,1.56,5000,0
2016-03-16,08:05:00,1.56,1.56,1.55,1.56,62000,0
2016-03-16,08:10:00,1.56,1.56,1.55,1.55,13000,0
2016-03-16,08:20:00,1.55,1.55,1.55,1.55,12000,0
2016-03-16,08:50:00,1.54,1.55,1.54,1.55,3000,0
2016-03-16,09:00:00,1.54,1.6,1.54,1.6,572000,0
2016-03-17,02:35:00,1.6,1.6,1.55,1.55,80000,0
2016-03-17,02:40:00,1.56,1.56,1.56,1.56,1000,0
2016-03-17,02:45:00,1.57,1.57,1.57,1.57,3000,0
2016-03-17,02:55:00,1.57,1.57,1.56,1.56,4000,0
2016-03-17,03:05:00,1.56,1.59,1.56,1.58,143000,0
2016-03-17,03:20:00,1.57,1.57,1.57,1.57,1000,0
2016-03-17,03:35:00,1.57,1.57,1.56,1.56,2000,0
2016-03-17,03:40:00,1.56,1.57,1.56,1.57,2000,0
2016-03-17,03:50:00,1.57,1.57,1.57,1.57,1000,0
2016-03-17,03:55:00,1.57,1.57,1.57,1.57,1000,0
2016-03-17,04:00:00,1.57,1.57,1.56,1.57,49000,0
2016-03-17,04:10:00,1.57,1.57,1.56,1.56,21000,0
2016-03-17,04:20:00,1.56,1.56,1.56,1.56,1000,0
2016-03-17,04:25:00,1.56,1.56,1.56,1.56,2000,0
2016-03-17,04:30:00,1.56,1.56,1.56,1.56,2000,0
2016-03-17,04:50:00,1.56,1.56,1.56,1.56,5000,0
2016-03-17,04:55:00,1.56,1.56,1.56,1.56,1000,0
2016-03-17,05:00:00,1.56,1.56,1.56,1.56,7000,0
2016-03-17,06:05:00,1.56,1.56,1.56,1.56,2000,0
2016-03-17,06:10:00,1.56,1.57,1.56,1.57,2000,0
2016-03-17,06:25:00,1.57,1.57,1.55,1.55,141000,0
2016-03-17,06:30:00,1.55,1.55,1.54,1.55,54000,0
2016-03-17,06:55:00,1.55,1.55,1.55,1.55,21000,0
2016-03-17,07:00:00,1.54,1.56,1.54,1.56,151000,0
2016-03-17,07:05:00,1.56,1.56,1.55,1.55,10000,0
2016-03-17,07:10:00,1.55,1.55,1.55,1.55,11000,0
2016-03-17,07:15:00,1.55,1.55,1.55,1.55,3000,0
2016-03-17,07:30:00,1.55,1.56,1.55,1.56,4000,0
2016-03-17,08:05:00,1.56,1.56,1.56,1.56,1000,0
2016-03-17,08:10:00,1.56,1.56,1.55,1.55,2000,0
2016-03-17,08:15:00,1.55,1.56,1.55,1.56,2000,0
2016-03-17,08:20:00,1.56,1.56,1.56,1.56,1000,0
2016-03-17,08:25:00,1.56,1.56,1.56,1.56,7000,0
2016-03-17,08:30:00,1.56,1.56,1.56,1.56,5000,0
2016-03-17,08:40:00,1.56,1.56,1.56,1.56,14000,0
2016-03-17,08:45:00,1.56,1.56,1.56,1.56,6000,0
2016-03-17,08:50:00,1.56,1.56,1.56,1.56,12000,0
2016-03-17,08:55:00,1.56,1.57,1.55,1.57,59000,0
2016-03-17,09:00:00,1.57,1.57,1.54,1.55,223000,0
2016-03-18,02:50:00,1.52,1.53,1.52,1.53,316,0
2016-03-18,03:00:00,1.55,1.56,1.55,1.56,2000,0
2016-03-18,03:20:00,1.56,1.56,1.56,1.56,1000,0
2016-03-18,03:50:00,1.56,1.56,1.55,1.55,2000,0
2016-03-18,04:00:00,1.55,1.55,1.55,1.55,2000,0
2016-03-18,04:10:00,1.55,1.56,1.55,1.55,71000,0
2016-03-18,04:15:00,1.55,1.55,1.53,1.54,79000,0
2016-03-18,04:40:00,1.54,1.54,1.54,1.54,2000,0
2016-03-18,04:55:00,1.54,1.55,1.54,1.55,60000,0
2016-03-18,06:05:00,1.55,1.55,1.55,1.55,36000,0
2016-03-18,06:10:00,1.55,1.55,1.55,1.55,6000,0
2016-03-18,06:15:00,1.55,1.56,1.55,1.55,28000,0
2016-03-18,06:20:00,1.55,1.55,1.55,1.55,1000,0
2016-03-18,06:25:00,1.55,1.55,1.55,1.55,1000,0
2016-03-18,06:45:00,1.55,1.56,1.55,1.56,12000,0
2016-03-18,07:10:00,1.56,1.56,1.55,1.55,2000,0
2016-03-18,07:40:00,1.55,1.55,1.55,1.55,4000,0
2016-03-18,07:55:00,1.55,1.56,1.55,1.56,12000,0
2016-03-18,08:10:00,1.56,1.57,1.56,1.57,276000,0
2016-03-18,08:15:00,1.57,1.58,1.57,1.58,3000,0
2016-03-18,08:20:00,1.58,1.58,1.57,1.57,8000,0
2016-03-18,08:25:00,1.57,1.59,1.57,1.59,123000,0
2016-03-18,08:30:00,1.59,1.59,1.58,1.58,8000,0
2016-03-18,08:35:00,1.58,1.59,1.58,1.59,32000,0
2016-03-18,08:40:00,1.59,1.59,1.58,1.58,34000,0
2016-03-18,08:50:00,1.58,1.59,1.58,1.58,11000,0
2016-03-18,09:00:00,1.58,1.58,1.55,1.58,170000,0
2016-03-21,03:00:00,1.57,1.57,1.56,1.56,2000,0
2016-03-21,03:20:00,1.56,1.57,1.56,1.57,2000,0
2016-03-21,03:50:00,1.55,1.56,1.55,1.56,2000,0
2016-03-21,03:55:00,1.56,1.57,1.56,1.56,22000,0
2016-03-21,04:05:00,1.56,1.57,1.56,1.56,22000,0
2016-03-21,04:10:00,1.56,1.57,1.56,1.57,2000,0
2016-03-21,04:15:00,1.57,1.57,1.57,1.57,1000,0
2016-03-21,06:05:00,1.57,1.57,1.56,1.56,13000,0
2016-03-21,06:10:00,1.56,1.57,1.56,1.57,2000,0
2016-03-21,07:10:00,1.57,1.57,1.57,1.57,1000,0
2016-03-21,07:50:00,1.57,1.58,1.57,1.58,2000,0
2016-03-21,08:00:00,1.58,1.58,1.57,1.58,42000,0
2016-03-21,08:05:00,1.58,1.58,1.58,1.58,2000,0
2016-03-21,08:45:00,1.58,1.58,1.56,1.56,5000,0
2016-03-21,08:50:00,1.56,1.56,1.56,1.56,6000,0
2016-03-21,08:55:00,1.56,1.56,1.56,1.56,4000,0
2016-03-21,09:00:00,1.56,1.56,1.56,1.56,3000,0
2016-03-22,03:20:00,1.57,1.57,1.55,1.57,2000,0
2016-03-22,03:25:00,1.57,1.57,1.56,1.56,8000,0
2016-03-22,03:30:00,1.56,1.57,1.56,1.56,43000,0
2016-03-22,04:00:00,1.56,1.56,1.55,1.55,6000,0
2016-03-22,04:10:00,1.55,1.55,1.55,1.55,12000,0
2016-03-22,04:15:00,1.55,1.55,1.55,1.55,9000,0
2016-03-22,04:20:00,1.55,1.56,1.55,1.56,2000,0
2016-03-22,04:25:00,1.56,1.56,1.55,1.56,64000,0
2016-03-22,05:00:00,1.56,1.56,1.55,1.55,54000,0
2016-03-22,06:10:00,1.55,1.56,1.55,1.56,2000,0
2016-03-22,07:05:00,1.56,1.56,1.52,1.54,243000,0
2016-03-22,07:10:00,1.54,1.54,1.54,1.54,25000,0
2016-03-22,08:00:00,1.54,1.54,1.53,1.53,37000,0
2016-03-22,08:10:00,1.53,1.54,1.53,1.54,4000,0
2016-03-22,08:25:00,1.54,1.54,1.53,1.53,11000,0
2016-03-22,08:40:00,1.53,1.53,1.53,1.53,4000,0
2016-03-22,08:45:00,1.53,1.53,1.53,1.53,2000,0
2016-03-22,08:50:00,1.53,1.53,1.53,1.53,9000,0
2016-03-22,08:55:00,1.53,1.53,1.53,1.53,3000,0
2016-03-22,09:00:00,1.53,1.53,1.53,1.53,30000,0
2016-03-23,02:55:00,1.53,1.53,1.53,1.53,22000,0
2016-03-23,04:05:00,1.53,1.56,1.53,1.56,4000,0
2016-03-23,05:00:00,1.56,1.56,1.53,1.53,12000,0
2016-03-23,06:10:00,1.53,1.55,1.53,1.55,28000,0
2016-03-23,06:15:00,1.55,1.55,1.54,1.54,40000,0
2016-03-23,06:20:00,1.54,1.55,1.54,1.55,2000,0
2016-03-23,06:35:00,1.55,1.55,1.52,1.52,204000,0
2016-03-23,06:40:00,1.52,1.52,1.52,1.52,5000,0
2016-03-23,06:45:00,1.52,1.52,1.52,1.52,1000,0
2016-03-23,06:50:00,1.52,1.54,1.51,1.54,616000,0
2016-03-23,07:00:00,1.54,1.54,1.53,1.53,31000,0
2016-03-23,07:05:00,1.53,1.54,1.52,1.52,14000,0
2016-03-23,07:10:00,1.52,1.54,1.52,1.52,30000,0
2016-03-23,07:15:00,1.52,1.54,1.52,1.54,19000,0
2016-03-23,07:50:00,1.54,1.54,1.52,1.52,3000,0
2016-03-23,07:55:00,1.52,1.54,1.52,1.54,10000,0
2016-03-23,08:00:00,1.53,1.54,1.52,1.54,85000,0
2016-03-23,08:10:00,1.54,1.54,1.52,1.52,10000,0
2016-03-23,08:15:00,1.52,1.54,1.52,1.52,4000,0
2016-03-23,08:20:00,1.52,1.54,1.52,1.54,6000,0
2016-03-23,08:25:00,1.54,1.54,1.52,1.54,18000,0
2016-03-23,08:30:00,1.54,1.54,1.52,1.54,9000,0
2016-03-23,08:35:00,1.53,1.54,1.52,1.54,58000,0
2016-03-23,08:55:00,1.54,1.54,1.52,1.53,14000,0
2016-03-23,09:00:00,1.53,1.56,1.52,1.55,363000,0
2016-03-24,04:30:00,1.53,1.56,1.53,1.56,8000,0
2016-03-24,04:35:00,1.55,1.55,1.55,1.55,1000,0
2016-03-24,06:10:00,1.53,1.56,1.53,1.56,2000,0
2016-03-24,06:20:00,1.53,1.56,1.53,1.56,2000,0
2016-03-24,06:25:00,1.56,1.56,1.56,1.56,10000,0
2016-03-24,06:45:00,1.54,1.56,1.54,1.55,6000,0
2016-03-24,06:50:00,1.55,1.56,1.54,1.54,244000,0
2016-03-24,06:55:00,1.54,1.56,1.54,1.56,202000,0
2016-03-24,07:00:00,1.56,1.56,1.54,1.55,178000,0
2016-03-24,07:10:00,1.55,1.56,1.55,1.56,2000,0
2016-03-24,07:25:00,1.56,1.56,1.55,1.55,68000,0
2016-03-24,07:30:00,1.55,1.56,1.55,1.55,54000,0
2016-03-24,07:35:00,1.55,1.55,1.55,1.55,5000,0
2016-03-24,07:50:00,1.55,1.55,1.55,1.55,6000,0
2016-03-24,07:55:00,1.55,1.56,1.55,1.55,24000,0
2016-03-24,08:00:00,1.55,1.56,1.54,1.54,46000,0
2016-03-24,08:05:00,1.54,1.56,1.54,1.56,2000,0
2016-03-24,08:45:00,1.56,1.56,1.54,1.56,124000,0
2016-03-24,08:50:00,1.56,1.56,1.55,1.55,107000,0
2016-03-24,08:55:00,1.55,1.56,1.55,1.55,63000,0
2016-03-24,09:00:00,1.55,1.56,1.53,1.56,25000,0
2016-03-29,03:45:00,1.56,1.56,1.56,1.56,122000,0
2016-03-29,03:50:00,1.56,1.56,1.56,1.56,21000,0
2016-03-29,04:10:00,1.56,1.56,1.55,1.55,2000,0
2016-03-29,04:20:00,1.55,1.56,1.55,1.56,4000,0
2016-03-29,04:25:00,1.56,1.56,1.56,1.56,8000,0
2016-03-29,05:30:00,1.56,1.56,1.55,1.56,4000,0
2016-03-29,07:10:00,1.56,1.56,1.56,1.56,1000,0
2016-03-29,08:20:00,1.56,1.56,1.55,1.55,6000,0
2016-03-29,09:10:00,1.55,1.55,1.55,1.55,4000,0
2016-03-29,09:20:00,1.55,1.55,1.55,1.55,8000,0
2016-03-29,09:25:00,1.52,1.54,1.52,1.54,15000,0
2016-03-29,09:45:00,1.54,1.54,1.53,1.53,6000,0
2016-03-29,09:50:00,1.54,1.54,1.54,1.54,5000,0
2016-03-29,09:55:00,1.54,1.55,1.52,1.54,30000,0
2016-03-29,10:00:00,1.54,1.56,1.52,1.56,145000,0
2016-03-30,03:45:00,1.56,1.57,1.56,1.57,3000,0
2016-03-30,04:20:00,1.56,1.57,1.56,1.57,60000,0
2016-03-30,05:10:00,1.57,1.59,1.57,1.59,64000,0
2016-03-30,05:25:00,1.58,1.58,1.58,1.58,50000,0
2016-03-30,05:30:00,1.58,1.58,1.58,1.58,3000,0
2016-03-30,05:35:00,1.58,1.58,1.58,1.58,2000,0
2016-03-30,05:40:00,1.58,1.58,1.58,1.58,2000,0
2016-03-30,07:05:00,1.58,1.58,1.57,1.58,39000,0
2016-03-30,07:10:00,1.58,1.59,1.58,1.59,3000,0
2016-03-30,07:15:00,1.59,1.59,1.59,1.59,3000,0
2016-03-30,07:25:00,1.59,1.59,1.58,1.58,104000,0
2016-03-30,07:30:00,1.58,1.58,1.58,1.58,97000,0
2016-03-30,08:00:00,1.58,1.58,1.58,1.58,113000,0
2016-03-30,08:10:00,1.58,1.59,1.58,1.59,6000,0
2016-03-30,08:15:00,1.59,1.59,1.59,1.59,1000,0
2016-03-30,08:30:00,1.59,1.6,1.59,1.6,211000,0
2016-03-30,08:35:00,1.6,1.6,1.6,1.6,4000,0
2016-03-30,08:40:00,1.6,1.65,1.6,1.64,194000,0
2016-03-30,08:45:00,1.64,1.64,1.64,1.64,1000,0
2016-03-30,08:55:00,1.64,1.64,1.64,1.64,5000,0
2016-03-30,09:00:00,1.64,1.64,1.64,1.64,5000,0
2016-03-30,09:05:00,1.64,1.64,1.64,1.64,26000,0
2016-03-30,09:10:00,1.64,1.64,1.64,1.64,14000,0
2016-03-30,09:15:00,1.64,1.64,1.64,1.64,1000,0
2016-03-30,09:20:00,1.64,1.64,1.64,1.64,3000,0
2016-03-30,09:25:00,1.64,1.64,1.63,1.63,4000,0
2016-03-30,09:30:00,1.64,1.64,1.62,1.62,20000,0
2016-03-30,09:35:00,1.62,1.62,1.62,1.62,20000,0
2016-03-30,09:40:00,1.62,1.62,1.62,1.62,1000,0
2016-03-30,09:45:00,1.62,1.62,1.62,1.62,2000,0
2016-03-30,10:00:00,1.62,1.62,1.62,1.62,10000,0
2016-03-31,04:05:00,1.61,1.61,1.61,1.61,15000,0
2016-03-31,04:10:00,1.61,1.64,1.61,1.64,85000,0
2016-03-31,04:15:00,1.64,1.64,1.61,1.61,12000,0
2016-03-31,04:20:00,1.61,1.64,1.61,1.61,11000,0
2016-03-31,04:25:00,1.61,1.61,1.61,1.61,1000,0
2016-03-31,04:45:00,1.61,1.62,1.61,1.62,7000,0
2016-03-31,04:55:00,1.62,1.62,1.61,1.61,126000,0
2016-03-31,06:00:00,1.6,1.61,1.6,1.61,20000,0
2016-03-31,07:15:00,1.61,1.61,1.61,1.61,24000,0
2016-03-31,07:25:00,1.61,1.61,1.61,1.61,30000,0
2016-03-31,07:30:00,1.61,1.61,1.61,1.61,9000,0
2016-03-31,08:05:00,1.61,1.61,1.61,1.61,2000,0
2016-03-31,08:30:00,1.61,1.61,1.6,1.61,44000,0
2016-03-31,08:50:00,1.61,1.61,1.61,1.61,2000,0
2016-03-31,09:55:00,1.61,1.61,1.61,1.61,5000,0
2016-03-31,10:00:00,1.61,1.61,1.61,1.61,1000,0
2016-04-01,03:40:00,1.6,1.61,1.6,1.61,33000,0
2016-04-01,03:45:00,1.6,1.61,1.6,1.61,12000,0
2016-04-01,03:50:00,1.6,1.61,1.6,1.61,230000,0
2016-04-01,03:55:00,1.61,1.61,1.61,1.61,4000,0
2016-04-01,04:00:00,1.61,1.62,1.61,1.62,49000,0
2016-04-01,04:05:00,1.62,1.62,1.62,1.62,67000,0
2016-04-01,04:10:00,1.62,1.62,1.62,1.62,18000,0
2016-04-01,04:15:00,1.62,1.62,1.62,1.62,52000,0
2016-04-01,04:20:00,1.62,1.63,1.62,1.63,18000,0
2016-04-01,04:30:00,1.63,1.63,1.63,1.63,11000,0
2016-04-01,04:35:00,1.63,1.63,1.63,1.63,11000,0
2016-04-01,04:40:00,1.63,1.63,1.63,1.63,60000,0
2016-04-01,04:45:00,1.63,1.64,1.63,1.64,42000,0
2016-04-01,04:55:00,1.64,1.65,1.64,1.65,179000,0
2016-04-01,05:00:00,1.65,1.66,1.65,1.66,4000,0
2016-04-01,05:10:00,1.66,1.66,1.66,1.66,50000,0
2016-04-01,05:15:00,1.66,1.68,1.66,1.68,43000,0
2016-04-01,05:20:00,1.67,1.67,1.65,1.67,34000,0
2016-04-01,05:25:00,1.67,1.69,1.67,1.69,102000,0
2016-04-01,05:30:00,1.68,1.69,1.68,1.68,56000,0
2016-04-01,05:35:00,1.68,1.69,1.68,1.69,13000,0
2016-04-01,05:40:00,1.69,1.69,1.69,1.69,1000,0
2016-04-01,05:45:00,1.69,1.69,1.69,1.69,3000,0
2016-04-01,05:50:00,1.69,1.7,1.69,1.69,33000,0
2016-04-01,05:55:00,1.69,1.7,1.69,1.69,34000,0
2016-04-01,07:05:00,1.69,1.69,1.68,1.69,38000,0
2016-04-01,07:10:00,1.69,1.69,1.66,1.66,33000,0
2016-04-01,07:15:00,1.66,1.66,1.66,1.66,25000,0
2016-04-01,07:20:00,1.66,1.67,1.66,1.67,23000,0
2016-04-01,07:25:00,1.67,1.67,1.66,1.66,316000,0
2016-04-01,07:30:00,1.66,1.67,1.66,1.67,23000,0
2016-04-01,07:40:00,1.67,1.67,1.66,1.66,50000,0
2016-04-01,07:45:00,1.66,1.67,1.66,1.67,26000,0
2016-04-01,07:50:00,1.67,1.67,1.66,1.66,49000,0
2016-04-01,07:55:00,1.66,1.67,1.66,1.67,15000,0
2016-04-01,08:00:00,1.67,1.67,1.67,1.67,8000,0
2016-04-01,08:05:00,1.67,1.67,1.66,1.67,22000,0
2016-04-01,08:10:00,1.67,1.67,1.66,1.67,34000,0
2016-04-01,08:15:00,1.67,1.67,1.65,1.65,54000,0
2016-04-01,08:25:00,1.65,1.67,1.65,1.66,14000,0
2016-04-01,08:30:00,1.66,1.67,1.66,1.66,41000,0
2016-04-01,08:35:00,1.66,1.66,1.66,1.66,12000,0
2016-04-01,08:45:00,1.66,1.66,1.65,1.65,4000,0
2016-04-01,08:50:00,1.65,1.65,1.64,1.64,51000,0
2016-04-01,08:55:00,1.64,1.66,1.64,1.66,83000,0
2016-04-01,09:00:00,1.66,1.66,1.66,1.66,12000,0
2016-04-01,09:05:00,1.66,1.66,1.66,1.66,19000,0
2016-04-01,09:10:00,1.66,1.66,1.66,1.66,20000,0
2016-04-01,09:15:00,1.66,1.69,1.66,1.66,292000,0
2016-04-01,09:25:00,1.68,1.69,1.68,1.69,34000,0
2016-04-01,09:30:00,1.69,1.69,1.67,1.67,80000,0
2016-04-01,09:40:00,1.67,1.68,1.67,1.68,14000,0
2016-04-01,09:45:00,1.68,1.69,1.68,1.68,32000,0
2016-04-01,09:50:00,1.68,1.68,1.67,1.68,35000,0
2016-04-01,09:55:00,1.68,1.68,1.68,1.68,43000,0
2016-04-01,10:00:00,1.68,1.69,1.68,1.68,58000,0
2016-04-05,03:35:00,1.68,1.74,1.68,1.74,71000,0
2016-04-05,03:40:00,1.74,1.74,1.74,1.74,2000,0
2016-04-05,03:45:00,1.73,1.73,1.73,1.73,11000,0
2016-04-05,03:50:00,1.73,1.73,1.63,1.64,120000,0
2016-04-05,04:10:00,1.66,1.66,1.66,1.66,1000,0
2016-04-05,04:30:00,1.67,1.7,1.67,1.7,2000,0
2016-04-05,04:45:00,1.7,1.71,1.67,1.67,12000,0
2016-04-05,04:50:00,1.67,1.67,1.67,1.67,4000,0
2016-04-05,04:55:00,1.67,1.67,1.66,1.67,91000,0
2016-04-05,05:30:00,1.67,1.7,1.67,1.7,20000,0
2016-04-05,05:40:00,1.7,1.7,1.67,1.67,4000,0
2016-04-05,05:50:00,1.67,1.7,1.67,1.7,17000,0
2016-04-05,05:55:00,1.7,1.71,1.7,1.71,15000,0
2016-04-05,07:05:00,1.71,1.72,1.71,1.72,2000,0
2016-04-05,07:10:00,1.7,1.7,1.69,1.7,9000,0
2016-04-05,07:20:00,1.7,1.72,1.7,1.72,8000,0
2016-04-05,07:25:00,1.72,1.72,1.72,1.72,10000,0
2016-04-05,07:35:00,1.71,1.71,1.7,1.7,22000,0
2016-04-05,07:40:00,1.7,1.7,1.69,1.69,7000,0
2016-04-05,07:45:00,1.69,1.72,1.69,1.72,8000,0
2016-04-05,08:30:00,1.71,1.71,1.69,1.69,10000,0
2016-04-05,08:35:00,1.69,1.69,1.68,1.68,24000,0
2016-04-05,08:40:00,1.68,1.69,1.67,1.69,242000,0
2016-04-05,08:45:00,1.69,1.69,1.67,1.67,125000,0
2016-04-05,08:55:00,1.67,1.67,1.67,1.67,6000,0
2016-04-05,09:00:00,1.67,1.69,1.67,1.69,4000,0
2016-04-05,09:05:00,1.69,1.69,1.67,1.67,4000,0
2016-04-05,09:10:00,1.68,1.69,1.68,1.69,2000,0
2016-04-05,09:20:00,1.69,1.69,1.65,1.68,324000,0
2016-04-05,09:40:00,1.69,1.69,1.69,1.69,3000,0
2016-04-05,09:45:00,1.69,1.69,1.67,1.67,4000,0
2016-04-05,09:50:00,1.67,1.69,1.67,1.69,8000,0
2016-04-05,10:00:00,1.69,1.69,1.69,1.69,8000,0
2016-04-06,03:55:00,1.69,1.69,1.64,1.64,4000,0
2016-04-06,04:00:00,1.64,1.69,1.64,1.68,71000,0
2016-04-06,04:05:00,1.67,1.68,1.67,1.68,2000,0
2016-04-06,04:10:00,1.68,1.69,1.66,1.66,401000,0
2016-04-06,04:15:00,1.66,1.68,1.66,1.68,124000,0
2016-04-06,04:45:00,1.68,1.68,1.68,1.68,1000,0
2016-04-06,04:55:00,1.68,1.68,1.68,1.68,2000,0
2016-04-06,05:05:00,1.68,1.68,1.65,1.66,40000,0
2016-04-06,05:15:00,1.65,1.68,1.65,1.66,18000,0
2016-04-06,05:35:00,1.66,1.66,1.64,1.64,81000,0
2016-04-06,05:40:00,1.66,1.68,1.66,1.68,4000,0
2016-04-06,07:05:00,1.66,1.66,1.65,1.65,28000,0
2016-04-06,07:10:00,1.65,1.66,1.65,1.66,9000,0
2016-04-06,07:15:00,1.66,1.66,1.65,1.65,15000,0
2016-04-06,07:20:00,1.65,1.65,1.65,1.65,2000,0
2016-04-06,07:30:00,1.66,1.66,1.66,1.66,1000,0
2016-04-06,07:45:00,1.66,1.66,1.6,1.61,233000,0
2016-04-06,07:50:00,1.63,1.64,1.63,1.64,13000,0
2016-04-06,07:55:00,1.64,1.64,1.63,1.63,8000,0
2016-04-06,08:00:00,1.64,1.65,1.64,1.65,2000,0
2016-04-06,08:05:00,1.65,1.66,1.65,1.66,7000,0
2016-04-06,08:15:00,1.66,1.66,1.66,1.66,3000,0
2016-04-06,08:20:00,1.66,1.66,1.64,1.64,3000,0
2016-04-06,08:25:00,1.65,1.65,1.65,1.65,51000,0
2016-04-06,08:30:00,1.65,1.65,1.65,1.65,53000,0
2016-04-06,08:35:00,1.65,1.65,1.65,1.65,12000,0
2016-04-06,08:40:00,1.65,1.65,1.61,1.62,212000,0
2016-04-06,08:45:00,1.62,1.64,1.62,1.62,206000,0
2016-04-06,08:50:00,1.63,1.63,1.63,1.63,8000,0
2016-04-06,08:55:00,1.63,1.64,1.62,1.64,65000,0
2016-04-06,09:00:00,1.64,1.64,1.62,1.63,24000,0
2016-04-06,09:05:00,1.63,1.63,1.61,1.62,278000,0
2016-04-06,09:10:00,1.62,1.63,1.62,1.63,60000,0
2016-04-06,09:15:00,1.63,1.63,1.62,1.63,25000,0
2016-04-06,09:20:00,1.63,1.63,1.63,1.63,19000,0
2016-04-06,09:25:00,1.63,1.63,1.63,1.63,1000,0
2016-04-06,09:30:00,1.63,1.64,1.63,1.64,8000,0
2016-04-06,09:35:00,1.64,1.64,1.63,1.63,6000,0
2016-04-06,09:40:00,1.63,1.63,1.6,1.62,882000,0
2016-04-06,09:45:00,1.62,1.63,1.62,1.62,4000,0
2016-04-06,09:50:00,1.62,1.63,1.61,1.61,219000,0
2016-04-06,09:55:00,1.61,1.61,1.59,1.61,802000,0
2016-04-06,10:00:00,1.61,1.62,1.59,1.6,954000,0
2016-04-07,03:35:00,1.58,1.61,1.55,1.6,157000,0
2016-04-07,03:40:00,1.6,1.6,1.59,1.59,70000,0
2016-04-07,03:55:00,1.59,1.6,1.59,1.6,118000,0
2016-04-07,04:00:00,1.6,1.6,1.59,1.59,139000,0
2016-04-07,04:10:00,1.59,1.59,1.58,1.59,195000,0
2016-04-07,04:15:00,1.59,1.6,1.59,1.6,170000,0
2016-04-07,04:20:00,1.6,1.62,1.6,1.61,179000,0
2016-04-07,04:25:00,1.61,1.62,1.61,1.62,50000,0
2016-04-07,04:30:00,1.62,1.62,1.61,1.61,264000,0
2016-04-07,04:40:00,1.61,1.61,1.6,1.61,163000,0
2016-04-07,04:50:00,1.61,1.61,1.61,1.61,46000,0
2016-04-07,05:00:00,1.61,1.62,1.61,1.61,53000,0
2016-04-07,05:05:00,1.61,1.62,1.61,1.61,80000,0
2016-04-07,05:10:00,1.61,1.62,1.6,1.6,203000,0
2016-04-07,05:15:00,1.6,1.61,1.6,1.6,117000,0
2016-04-07,05:20:00,1.6,1.62,1.6,1.6,8000,0
2016-04-07,05:45:00,1.61,1.61,1.6,1.61,33000,0
2016-04-07,05:50:00,1.61,1.61,1.61,1.61,8000,0
2016-04-07,05:55:00,1.61,1.61,1.61,1.61,3000,0
2016-04-07,06:00:00,1.61,1.61,1.6,1.6,2000,0
2016-04-07,07:05:00,1.61,1.61,1.6,1.61,170000,0
2016-04-07,07:10:00,1.61,1.62,1.61,1.61,116000,0
2016-04-07,07:25:00,1.61,1.63,1.61,1.62,113000,0
2016-04-07,07:40:00,1.62,1.62,1.62,1.62,10000,0
2016-04-07,07:50:00,1.62,1.62,1.62,1.62,3000,0
2016-04-07,07:55:00,1.62,1.63,1.61,1.61,442000,0
2016-04-07,08:05:00,1.61,1.61,1.6,1.61,270000,0
2016-04-07,08:10:00,1.61,1.61,1.61,1.61,104000,0
2016-04-07,08:15:00,1.61,1.61,1.61,1.61,25000,0
2016-04-07,08:20:00,1.61,1.62,1.61,1.61,8000,0
2016-04-07,08:30:00,1.61,1.61,1.61,1.61,22000,0
2016-04-07,08:40:00,1.61,1.62,1.61,1.62,191000,0
2016-04-07,08:45:00,1.62,1.62,1.61,1.62,10000,0
2016-04-07,08:55:00,1.62,1.62,1.62,1.62,4000,0
2016-04-07,09:00:00,1.62,1.62,1.62,1.62,3000,0
2016-04-07,09:05:00,1.62,1.62,1.61,1.61,102000,0
2016-04-07,09:20:00,1.61,1.62,1.61,1.62,64000,0
2016-04-07,09:30:00,1.62,1.62,1.62,1.62,40000,0
2016-04-07,09:45:00,1.62,1.62,1.62,1.62,55000,0
2016-04-07,09:50:00,1.62,1.62,1.61,1.62,28000,0
2016-04-07,09:55:00,1.62,1.62,1.62,1.62,8000,0
2016-04-07,10:00:00,1.62,1.64,1.62,1.63,97000,0
2016-04-08,03:35:00,1.63,1.63,1.62,1.62,20000,0
2016-04-08,03:40:00,1.62,1.62,1.62,1.62,1000,0
2016-04-08,03:45:00,1.62,1.62,1.62,1.62,5000,0
2016-04-08,03:50:00,1.62,1.62,1.61,1.62,96000,0
2016-04-08,03:55:00,1.62,1.62,1.62,1.62,78000,0
2016-04-08,04:25:00,1.62,1.63,1.62,1.63,52000,0
2016-04-08,04:30:00,1.64,1.64,1.64,1.64,3000,0
2016-04-08,04:35:00,1.64,1.64,1.63,1.63,8000,0
2016-04-08,04:45:00,1.63,1.65,1.63,1.64,35000,0
2016-04-08,04:50:00,1.64,1.67,1.63,1.67,113000,0
2016-04-08,04:55:00,1.66,1.66,1.66,1.66,35000,0
2016-04-08,05:00:00,1.66,1.67,1.66,1.66,12000,0
2016-04-08,05:05:00,1.66,1.66,1.64,1.64,44000,0
2016-04-08,05:15:00,1.64,1.65,1.63,1.63,31000,0
2016-04-08,05:20:00,1.63,1.63,1.63,1.63,10000,0
2016-04-08,05:25:00,1.63,1.63,1.63,1.63,2000,0
2016-04-08,05:40:00,1.63,1.63,1.63,1.63,3000,0
2016-04-08,05:45:00,1.63,1.63,1.63,1.63,5000,0
2016-04-08,05:50:00,1.63,1.63,1.63,1.63,19000,0
2016-04-08,07:05:00,1.63,1.64,1.62,1.63,10000,0
2016-04-08,07:10:00,1.63,1.63,1.63,1.63,2000,0
2016-04-08,07:40:00,1.63,1.63,1.62,1.62,2000,0
2016-04-08,07:50:00,1.62,1.62,1.62,1.62,9000,0
2016-04-08,08:05:00,1.62,1.63,1.62,1.63,35000,0
2016-04-08,08:10:00,1.63,1.63,1.63,1.63,3000,0
2016-04-08,08:15:00,1.63,1.63,1.63,1.63,1000,0
2016-04-08,08:25:00,1.63,1.63,1.63,1.63,2000,0
2016-04-08,08:30:00,1.63,1.63,1.63,1.63,1000,0
2016-04-08,08:40:00,1.63,1.64,1.63,1.64,37000,0
2016-04-08,08:45:00,1.64,1.64,1.63,1.63,4000,0
2016-04-08,08:50:00,1.63,1.64,1.63,1.64,6000,0
2016-04-08,09:05:00,1.64,1.64,1.64,1.64,6000,0
2016-04-08,09:10:00,1.64,1.64,1.64,1.64,6000,0
2016-04-08,09:15:00,1.64,1.64,1.63,1.63,2000,0
2016-04-08,09:20:00,1.63,1.64,1.63,1.64,4000,0
2016-04-08,09:30:00,1.64,1.64,1.63,1.63,81000,0
2016-04-08,09:35:00,1.63,1.63,1.63,1.63,45000,0
2016-04-08,09:45:00,1.63,1.63,1.63,1.63,2000,0
2016-04-08,09:50:00,1.63,1.63,1.63,1.63,2000,0
2016-04-08,09:55:00,1.63,1.63,1.62,1.62,10000,0
2016-04-08,10:00:00,1.62,1.63,1.62,1.63,4000,0
2016-04-11,03:35:00,1.63,1.66,1.63,1.66,38000,0
2016-04-11,03:40:00,1.66,1.66,1.66,1.66,2000,0
2016-04-11,04:00:00,1.66,1.66,1.66,1.66,1000,0
2016-04-11,04:05:00,1.66,1.66,1.66,1.66,1000,0
2016-04-11,04:20:00,1.66,1.66,1.66,1.66,2000,0
2016-04-11,04:25:00,1.66,1.66,1.65,1.65,100000,0
2016-04-11,04:30:00,1.65,1.67,1.65,1.67,73000,0
2016-04-11,04:40:00,1.67,1.67,1.66,1.66,40000,0
2016-04-11,04:45:00,1.66,1.66,1.66,1.66,1000,0
2016-04-11,04:55:00,1.66,1.67,1.66,1.67,6000,0
2016-04-11,05:00:00,1.67,1.67,1.67,1.67,1000,0
2016-04-11,05:05:00,1.67,1.67,1.67,1.67,2000,0
2016-04-11,05:20:00,1.67,1.67,1.66,1.66,52000,0
2016-04-11,05:35:00,1.66,1.66,1.66,1.66,9000,0
2016-04-11,05:50:00,1.66,1.66,1.66,1.66,1000,0
2016-04-11,07:05:00,1.66,1.67,1.65,1.67,170000,0
2016-04-11,07:25:00,1.67,1.67,1.67,1.67,1000,0
2016-04-11,07:35:00,1.67,1.67,1.67,1.67,1000,0
2016-04-11,07:50:00,1.67,1.67,1.67,1.67,2000,0
2016-04-11,08:00:00,1.67,1.67,1.67,1.67,11000,0
2016-04-11,08:05:00,1.67,1.67,1.67,1.67,5000,0
2016-04-11,08:15:00,1.67,1.67,1.67,1.67,14000,0
2016-04-11,08:20:00,1.67,1.67,1.67,1.67,1000,0
2016-04-11,08:35:00,1.67,1.67,1.66,1.66,20000,0
2016-04-11,08:45:00,1.66,1.66,1.66,1.66,109000,0
2016-04-11,08:50:00,1.66,1.67,1.65,1.67,165000,0
2016-04-11,08:55:00,1.67,1.67,1.66,1.66,133000,0
2016-04-11,09:20:00,1.66,1.66,1.66,1.66,85000,0
2016-04-11,09:25:00,1.67,1.67,1.67,1.67,17000,0
2016-04-11,09:30:00,1.67,1.67,1.67,1.67,11000,0
2016-04-11,09:35:00,1.67,1.67,1.67,1.67,12000,0
2016-04-11,09:40:00,1.67,1.67,1.67,1.67,4000,0
2016-04-11,09:45:00,1.67,1.67,1.67,1.67,3000,0
2016-04-11,09:50:00,1.67,1.68,1.67,1.68,16000,0
2016-04-11,10:00:00,1.68,1.69,1.68,1.69,90000,0
2016-04-12,04:00:00,1.69,1.69,1.69,1.69,1000,0
2016-04-12,04:05:00,1.69,1.69,1.69,1.69,38000,0
2016-04-12,04:35:00,1.7,1.7,1.7,1.7,9000,0
2016-04-12,04:40:00,1.7,1.71,1.7,1.71,12000,0
2016-04-12,04:45:00,1.7,1.7,1.7,1.7,50000,0
2016-04-12,04:55:00,1.71,1.71,1.71,1.71,2000,0
2016-04-12,05:00:00,1.71,1.71,1.71,1.71,10000,0
2016-04-12,05:20:00,1.71,1.71,1.71,1.71,2000,0
2016-04-12,07:05:00,1.71,1.71,1.71,1.71,20000,0
2016-04-12,07:15:00,1.71,1.71,1.71,1.71,7000,0
2016-04-12,07:25:00,1.71,1.71,1.71,1.71,1000,0
2016-04-12,08:10:00,1.71,1.71,1.7,1.7,40000,0
2016-04-12,08:30:00,1.7,1.7,1.7,1.7,10000,0
2016-04-12,08:35:00,1.7,1.71,1.7,1.71,11000,0
2016-04-12,09:30:00,1.7,1.71,1.7,1.7,50000,0
2016-04-12,10:00:00,1.7,1.71,1.7,1.7,14000,0
2016-04-13,03:35:00,1.7,1.7,1.7,1.7,1000,0
2016-04-13,03:40:00,1.7,1.72,1.7,1.72,4000,0
2016-04-13,04:05:00,1.72,1.72,1.72,1.72,5000,0
2016-04-13,04:10:00,1.72,1.72,1.72,1.72,25000,0
2016-04-13,04:25:00,1.72,1.73,1.72,1.73,82000,0
2016-04-13,04:40:00,1.73,1.74,1.73,1.74,58000,0
2016-04-13,04:45:00,1.74,1.75,1.74,1.75,20000,0
2016-04-13,04:50:00,1.75,1.75,1.74,1.74,8000,0
2016-04-13,05:10:00,1.74,1.74,1.74,1.74,14000,0
2016-04-13,06:00:00,1.74,1.75,1.74,1.75,23000,0
2016-04-13,07:05:00,1.75,1.75,1.74,1.74,2000,0
2016-04-13,07:10:00,1.74,1.75,1.74,1.75,2000,0
2016-04-13,07:30:00,1.75,1.75,1.74,1.74,66000,0
2016-04-13,07:35:00,1.74,1.74,1.74,1.74,20000,0
2016-04-13,07:45:00,1.74,1.75,1.74,1.74,31000,0
2016-04-13,08:00:00,1.74,1.74,1.74,1.74,30000,0
2016-04-13,08:35:00,1.74,1.75,1.74,1.75,73000,0
2016-04-13,10:00:00,1.75,1.75,1.74,1.75,3000,0
