Date,Time,Open,High,Low,Close,Volume,OpenInt
2016-02-04,04:40:00,0.201,0.21,0.201,0.21,1000000,0
2016-02-04,08:50:00,0.209,0.209,0.2,0.201,1860000,0
2016-02-04,09:00:00,0.204,0.209,0.204,0.209,620000,0
2016-02-05,04:25:00,0.208,0.21,0.208,0.21,3190000,0
2016-02-05,06:30:00,0.208,0.21,0.208,0.21,40000,0
2016-02-05,07:50:00,0.21,0.21,0.21,0.21,480000,0
2016-02-05,08:20:00,0.21,0.211,0.208,0.211,970000,0
2016-02-12,04:10:00,0.203,0.205,0.203,0.203,400000,0
2016-02-12,04:25:00,0.203,0.203,0.203,0.203,50000,0
2016-02-12,04:35:00,0.203,0.205,0.203,0.205,400000,0
2016-02-12,07:40:00,0.204,0.204,0.201,0.201,170000,0
2016-02-12,08:05:00,0.201,0.201,0.201,0.201,60000,0
2016-02-12,08:20:00,0.201,0.201,0.201,0.201,250000,0
2016-02-12,08:35:00,0.2,0.201,0.2,0.201,580000,0
2016-02-12,08:45:00,0.201,0.201,0.201,0.201,30000,0
2016-02-12,09:00:00,0.201,0.206,0.201,0.204,300000,0
2016-02-15,02:45:00,0.2,0.204,0.2,0.201,60000,0
2016-02-15,03:45:00,0.201,0.201,0.201,0.201,490000,0
2016-02-15,04:15:00,0.201,0.201,0.201,0.201,40000,0
2016-02-15,09:00:00,0.202,0.208,0.202,0.208,810000,0
2016-02-16,03:05:00,0.21,0.21,0.208,0.21,760000,0
2016-02-16,03:40:00,0.21,0.21,0.21,0.21,10000,0
2016-02-16,04:05:00,0.21,0.21,0.21,0.21,100000,0
2016-02-16,04:45:00,0.21,0.21,0.21,0.21,200000,0
2016-02-16,09:00:00,0.209,0.209,0.209,0.209,10000,0
2016-02-17,02:40:00,0.21,0.21,0.209,0.209,2000,0
2016-02-17,03:50:00,0.209,0.21,0.209,0.21,40000,0
2016-02-17,04:05:00,0.21,0.21,0.21,0.21,90000,0
2016-02-17,05:00:00,0.209,0.21,0.209,0.21,300000,0
2016-02-17,06:05:00,0.209,0.209,0.209,0.209,4000,0
2016-02-17,06:10:00,0.207,0.207,0.203,0.203,20000,0
2016-02-17,06:25:00,0.203,0.203,0.203,0.203,120000,0
2016-02-17,07:50:00,0.203,0.205,0.203,0.205,900000,0
2016-02-17,08:00:00,0.204,0.204,0.202,0.204,800000,0
2016-02-17,08:40:00,0.204,0.204,0.201,0.202,178000,0
2016-02-18,02:50:00,0.204,0.204,0.204,0.204,30000,0
2016-02-18,03:15:00,0.205,0.205,0.205,0.205,50000,0
2016-02-18,03:20:00,0.205,0.205,0.205,0.205,10000,0
2016-02-18,03:25:00,0.205,0.205,0.205,0.205,10000,0
2016-02-18,08:30:00,0.202,0.202,0.202,0.202,10000,0
2016-02-19,03:35:00,0.204,0.205,0.202,0.205,500000,0
2016-02-19,04:20:00,0.205,0.205,0.205,0.205,60000,0
2016-02-19,04:30:00,0.205,0.205,0.205,0.205,10000,0
2016-02-19,06:05:00,0.205,0.205,0.205,0.205,50000,0
2016-02-19,06:55:00,0.207,0.207,0.207,0.207,20000,0
2016-02-19,08:50:00,0.205,0.205,0.205,0.205,110000,0
2016-02-19,08:55:00,0.205,0.205,0.205,0.205,140000,0
2016-02-22,03:10:00,0.205,0.205,0.195,0.2,2260000,0
2016-02-22,03:15:00,0.2,0.2,0.19,0.196,8340000,0
2016-02-22,03:20:00,0.196,0.2,0.196,0.2,2690000,0
2016-02-22,03:30:00,0.2,0.2,0.193,0.193,2390000,0
2016-02-22,03:45:00,0.195,0.199,0.195,0.199,180000,0
2016-02-22,03:55:00,0.199,0.199,0.199,0.199,100000,0
2016-02-22,04:35:00,0.199,0.199,0.199,0.199,60000,0
2016-02-22,06:10:00,0.199,0.199,0.199,0.199,550000,0
2016-02-22,06:15:00,0.199,0.199,0.199,0.199,30000,0
2016-02-22,08:35:00,0.199,0.199,0.199,0.199,100000,0
2016-02-22,08:40:00,0.199,0.199,0.199,0.199,60000,0
2016-02-22,08:45:00,0.199,0.199,0.199,0.199,10000,0
2016-02-22,08:55:00,0.199,0.199,0.199,0.199,20000,0
2016-02-22,09:00:00,0.199,0.199,0.199,0.199,30000,0
2016-02-23,05:00:00,0.197,0.197,0.197,0.197,100000,0
2016-02-23,06:05:00,0.197,0.201,0.197,0.201,180000,0
2016-02-24,07:30:00,0.202,0.202,0.201,0.202,320000,0
2016-02-25,04:50:00,0.198,0.202,0.198,0.201,600000,0
2016-02-26,04:40:00,0.202,0.202,0.201,0.202,400000,0
2016-02-29,04:15:00,0.2,0.2,0.2,0.2,20000,0
2016-02-29,06:25:00,0.2,0.201,0.2,0.201,350000,0
2016-03-01,03:25:00,0.199,0.2,0.199,0.2,4000000,0
2016-03-01,03:30:00,0.2,0.203,0.2,0.203,240000,0
2016-03-01,06:15:00,0.203,0.203,0.202,0.202,40000,0
2016-03-01,06:20:00,0.202,0.205,0.202,0.205,5600000,0
2016-03-01,06:25:00,0.205,0.205,0.204,0.205,1740000,0
2016-03-01,06:30:00,0.205,0.206,0.205,0.206,160000,0
2016-03-01,06:35:00,0.206,0.206,0.206,0.206,400000,0
2016-03-01,07:50:00,0.206,0.206,0.205,0.205,140000,0
2016-03-01,07:55:00,0.205,0.205,0.205,0.205,200000,0
2016-03-01,08:00:00,0.205,0.205,0.204,0.204,1000000,0
2016-03-01,08:55:00,0.204,0.204,0.202,0.202,210000,0
2016-03-01,09:00:00,0.202,0.202,0.202,0.202,100000,0
2016-03-02,03:00:00,0.207,0.208,0.202,0.208,340000,0
2016-03-02,03:10:00,0.207,0.207,0.207,0.207,20000,0
2016-03-02,03:30:00,0.207,0.207,0.205,0.205,60000,0
2016-03-02,06:10:00,0.205,0.205,0.205,0.205,40000,0
2016-03-02,07:20:00,0.205,0.205,0.203,0.203,60000,0
2016-03-02,07:25:00,0.203,0.203,0.203,0.203,220000,0
2016-03-02,09:00:00,0.205,0.205,0.205,0.205,10000,0
2016-03-03,05:00:00,0.207,0.207,0.205,0.207,40000,0
2016-03-03,07:55:00,0.207,0.208,0.207,0.208,20000,0
2016-03-04,04:15:00,0.203,0.204,0.203,0.203,100000,0
2016-03-04,04:30:00,0.203,0.203,0.202,0.202,220000,0
2016-03-04,04:45:00,0.202,0.202,0.202,0.202,140000,0
2016-03-04,04:50:00,0.202,0.202,0.202,0.202,40000,0
2016-03-04,06:40:00,0.202,0.204,0.202,0.204,690000,0
2016-03-04,06:55:00,0.2,0.205,0.2,0.205,160000,0
2016-03-04,09:00:00,0.205,0.205,0.205,0.205,470000,0
2016-03-07,02:50:00,0.205,0.208,0.205,0.208,200000,0
2016-03-07,03:00:00,0.207,0.207,0.202,0.202,140000,0
2016-03-07,03:15:00,0.202,0.207,0.202,0.207,70000,0
2016-03-07,03:30:00,0.206,0.206,0.206,0.206,700000,0
2016-03-07,03:50:00,0.206,0.206,0.202,0.202,430000,0
2016-03-07,03:55:00,0.202,0.202,0.202,0.202,280000,0
2016-03-07,04:05:00,0.202,0.202,0.201,0.201,200000,0
2016-03-07,04:15:00,0.201,0.201,0.201,0.201,30000,0
2016-03-07,04:25:00,0.201,0.201,0.2,0.201,470000,0
2016-03-07,06:55:00,0.201,0.201,0.201,0.201,530000,0
2016-03-07,07:20:00,0.201,0.201,0.201,0.201,190000,0
2016-03-07,08:00:00,0.201,0.201,0.201,0.201,12000,0
2016-03-07,08:25:00,0.201,0.201,0.201,0.201,2000,0
2016-03-07,08:55:00,0.202,0.202,0.202,0.202,20000,0
2016-03-07,09:00:00,0.202,0.202,0.201,0.201,530000,0
2016-03-08,08:30:00,0.2,0.2,0.2,0.2,40000,0
2016-03-08,08:55:00,0.2,0.203,0.2,0.203,590000,0
2016-03-09,02:50:00,0.203,0.203,0.203,0.203,20000,0
2016-03-09,07:45:00,0.203,0.205,0.203,0.205,12770000,0
2016-03-09,07:50:00,0.205,0.207,0.205,0.207,13370000,0
2016-03-09,07:55:00,0.207,0.207,0.207,0.207,14510000,0
2016-03-09,08:00:00,0.207,0.207,0.207,0.207,1000000,0
2016-03-09,08:05:00,0.207,0.207,0.207,0.207,730000,0
2016-03-09,08:10:00,0.207,0.207,0.207,0.207,200000,0
2016-03-09,08:15:00,0.207,0.207,0.207,0.207,280000,0
2016-03-09,08:20:00,0.207,0.207,0.207,0.207,210000,0
2016-03-09,08:25:00,0.207,0.207,0.207,0.207,130000,0
2016-03-09,08:35:00,0.207,0.207,0.206,0.206,480000,0
2016-03-09,08:40:00,0.206,0.206,0.205,0.205,210000,0
2016-03-09,08:45:00,0.205,0.205,0.204,0.204,130000,0
2016-03-09,09:00:00,0.203,0.205,0.203,0.205,440000,0
2016-03-10,03:10:00,0.206,0.206,0.205,0.206,330000,0
2016-03-10,03:15:00,0.206,0.206,0.206,0.206,4060000,0
2016-03-10,03:20:00,0.206,0.206,0.206,0.206,1380000,0
2016-03-10,03:25:00,0.206,0.206,0.206,0.206,60000,0
2016-03-10,03:30:00,0.206,0.206,0.206,0.206,1310000,0
2016-03-10,03:35:00,0.206,0.206,0.206,0.206,3220000,0
2016-03-10,03:50:00,0.206,0.206,0.206,0.206,260000,0
2016-03-10,07:05:00,0.206,0.206,0.205,0.205,340000,0
2016-03-10,07:30:00,0.205,0.205,0.205,0.205,10000,0
2016-03-10,07:35:00,0.205,0.205,0.205,0.205,7800000,0
2016-03-10,07:40:00,0.205,0.205,0.205,0.205,1210000,0
2016-03-10,07:50:00,0.205,0.205,0.205,0.205,1400000,0
2016-03-10,07:55:00,0.205,0.205,0.205,0.205,1200000,0
2016-03-10,08:00:00,0.205,0.205,0.205,0.205,200000,0
2016-03-10,08:05:00,0.205,0.205,0.205,0.205,1100000,0
2016-03-10,08:15:00,0.205,0.205,0.205,0.205,40000,0
2016-03-10,09:00:00,0.205,0.205,0.205,0.205,540000,0
2016-03-11,02:55:00,0.202,0.205,0.202,0.202,150000,0
2016-03-11,04:35:00,0.202,0.202,0.202,0.202,70000,0
2016-03-11,04:40:00,0.202,0.202,0.202,0.202,120000,0
2016-03-11,06:25:00,0.202,0.202,0.202,0.202,6000,0
2016-03-11,06:40:00,0.202,0.202,0.202,0.202,1360000,0
2016-03-11,06:50:00,0.202,0.202,0.202,0.202,100000,0
2016-03-11,06:55:00,0.202,0.202,0.202,0.202,280000,0
2016-03-11,08:25:00,0.201,0.202,0.201,0.202,100000,0
2016-03-14,06:15:00,0.201,0.203,0.201,0.203,2000000,0
2016-03-14,06:20:00,0.203,0.204,0.203,0.204,1280000,0
2016-03-15,06:40:00,0.203,0.203,0.201,0.203,900000,0
2016-03-15,07:10:00,0.203,0.204,0.203,0.204,900000,0
2016-03-16,03:20:00,0.201,0.201,0.201,0.201,30000,0
2016-03-16,06:40:00,0.201,0.202,0.201,0.202,1830000,0
2016-03-16,06:45:00,0.202,0.203,0.202,0.203,1636000,0
2016-03-16,06:50:00,0.203,0.203,0.203,0.203,6000,0
2016-03-16,08:55:00,0.199,0.202,0.199,0.202,1000000,0
2016-03-17,04:25:00,0.199,0.202,0.199,0.202,2400,0
2016-03-17,07:25:00,0.2,0.2,0.2,0.2,2000,0
2016-03-17,07:30:00,0.2,0.2,0.2,0.2,10000,0
2016-03-17,08:00:00,0.2,0.202,0.2,0.202,2060000,0
2016-03-17,08:10:00,0.202,0.202,0.202,0.202,180000,0
2016-03-17,08:55:00,0.202,0.202,0.201,0.202,1440000,0
2016-03-18,05:00:00,0.201,0.201,0.201,0.201,150000,0
2016-03-18,06:05:00,0.201,0.201,0.201,0.201,110000,0
2016-03-18,06:40:00,0.201,0.201,0.201,0.201,60000,0
2016-03-18,08:55:00,0.2,0.201,0.2,0.201,200000,0
2016-03-18,09:00:00,0.201,0.202,0.201,0.201,350000,0
2016-03-21,04:10:00,0.199,0.201,0.199,0.199,40000,0
2016-03-21,04:20:00,0.199,0.199,0.199,0.199,120000,0
2016-03-21,04:40:00,0.199,0.199,0.199,0.199,10000,0
2016-03-21,06:20:00,0.198,0.199,0.198,0.199,160000,0
2016-03-21,08:50:00,0.199,0.203,0.199,0.203,700000,0
2016-03-21,09:00:00,0.203,0.203,0.203,0.203,340000,0
2016-03-23,02:35:00,0.199,0.201,0.199,0.199,40000,0
2016-03-23,02:40:00,0.198,0.199,0.198,0.199,60000,0
2016-03-23,02:50:00,0.199,0.199,0.199,0.199,30000,0
2016-03-23,02:55:00,0.199,0.199,0.199,0.199,10000,0
2016-03-23,03:00:00,0.199,0.199,0.198,0.199,100000,0
2016-03-23,03:15:00,0.199,0.2,0.199,0.2,820000,0
2016-03-23,04:35:00,0.2,0.2,0.2,0.2,100000,0
2016-03-23,04:50:00,0.2,0.2,0.199,0.199,140000,0
2016-03-23,06:05:00,0.199,0.2,0.199,0.2,560000,0
2016-03-23,06:25:00,0.2,0.2,0.2,0.2,4000,0
2016-03-23,06:55:00,0.2,0.201,0.2,0.201,1120000,0
2016-03-23,07:30:00,0.2,0.201,0.2,0.201,240000,0
2016-03-23,08:15:00,0.2,0.201,0.2,0.201,500000,0
2016-03-23,08:50:00,0.198,0.201,0.198,0.201,5918000,0
2016-03-23,08:55:00,0.201,0.203,0.201,0.203,220000,0
2016-03-24,02:35:00,0.2,0.203,0.2,0.2,540000,0
2016-03-24,02:50:00,0.2,0.2,0.198,0.198,20000,0
2016-03-24,03:15:00,0.197,0.2,0.197,0.2,3560000,0
2016-03-24,03:20:00,0.2,0.2,0.2,0.2,200000,0
2016-03-24,06:05:00,0.2,0.2,0.198,0.198,300000,0
2016-03-24,06:10:00,0.198,0.198,0.198,0.198,200000,0
2016-03-24,06:20:00,0.198,0.198,0.198,0.198,30000,0
2016-03-24,06:55:00,0.198,0.2,0.198,0.2,150000,0
2016-03-24,07:00:00,0.2,0.2,0.198,0.198,40000,0
2016-03-24,08:45:00,0.198,0.202,0.198,0.202,450000,0
2016-03-24,09:00:00,0.202,0.202,0.202,0.202,300000,0
2016-03-29,03:35:00,0.202,0.202,0.202,0.202,150000,0
2016-03-29,03:55:00,0.201,0.201,0.198,0.198,240000,0
2016-03-29,04:00:00,0.198,0.198,0.198,0.198,50000,0
2016-03-29,04:15:00,0.198,0.198,0.198,0.198,180000,0
2016-03-29,04:40:00,0.198,0.198,0.198,0.198,100000,0
2016-03-29,04:50:00,0.198,0.198,0.198,0.198,320000,0
2016-03-29,05:05:00,0.198,0.198,0.198,0.198,300000,0
2016-03-29,05:30:00,0.198,0.198,0.198,0.198,170000,0
2016-03-29,06:00:00,0.197,0.2,0.197,0.2,2570000,0
2016-03-29,09:00:00,0.2,0.2,0.2,0.2,300000,0
2016-03-29,09:45:00,0.2,0.2,0.2,0.2,400000,0
2016-03-29,09:55:00,0.2,0.2,0.199,0.199,510000,0
2016-03-29,10:00:00,0.199,0.199,0.198,0.198,820000,0
2016-03-30,05:30:00,0.198,0.198,0.198,0.198,120000,0
2016-03-30,07:10:00,0.198,0.198,0.198,0.198,180000,0
2016-03-31,07:35:00,0.196,0.198,0.196,0.196,100000,0
2016-03-31,08:05:00,0.196,0.196,0.196,0.196,50000,0
2016-04-05,04:10:00,0.195,0.195,0.184,0.185,220000,0
2016-04-05,05:45:00,0.188,0.196,0.188,0.196,2870000,0
2016-04-05,07:50:00,0.196,0.196,0.19,0.19,130000,0
2016-04-05,08:45:00,0.19,0.198,0.19,0.198,2280000,0
2016-04-05,09:45:00,0.197,0.197,0.195,0.195,100000,0
2016-04-05,09:50:00,0.195,0.195,0.195,0.195,50000,0
2016-04-06,05:10:00,0.199,0.199,0.195,0.195,4800,0
2016-04-06,05:55:00,0.195,0.199,0.195,0.199,2000000,0
2016-04-06,07:50:00,0.19,0.199,0.19,0.199,1110000,0
2016-04-06,08:05:00,0.199,0.199,0.199,0.199,300000,0
2016-04-06,08:25:00,0.199,0.199,0.199,0.199,160000,0
2016-04-06,08:30:00,0.199,0.199,0.199,0.199,10000,0
2016-04-06,08:40:00,0.199,0.199,0.199,0.199,30000,0
2016-04-06,08:45:00,0.199,0.2,0.199,0.2,4210000,0
2016-04-06,09:05:00,0.2,0.2,0.199,0.2,600000,0
2016-04-06,10:00:00,0.199,0.203,0.199,0.203,1750000,0
2016-04-07,10:00:00,0.195,0.202,0.195,0.202,490000,0
2016-04-08,05:35:00,0.195,0.2,0.195,0.2,330000,0
2016-04-08,07:10:00,0.199,0.2,0.199,0.2,280000,0
2016-04-08,08:30:00,0.198,0.199,0.198,0.199,320000,0
2016-04-08,09:45:00,0.199,0.199,0.199,0.199,120000,0
2016-04-08,10:00:00,0.199,0.199,0.199,0.199,10000,0
2016-04-11,10:00:00,0.195,0.202,0.195,0.202,1010000,0
2016-04-12,04:10:00,0.202,0.202,0.202,0.202,200000,0
2016-04-12,08:45:00,0.202,0.202,0.202,0.202,10000,0
2016-04-12,09:35:00,0.2,0.2,0.2,0.2,300000,0
2016-04-12,09:45:00,0.2,0.2,0.2,0.2,140000,0
2016-04-12,09:55:00,0.2,0.203,0.2,0.203,770000,0
2016-04-12,10:00:00,0.203,0.204,0.203,0.204,1800000,0
2016-04-13,04:10:00,0.2,0.204,0.2,0.2,280000,0
2016-04-13,05:05:00,0.2,0.2,0.2,0.2,130000,0
2016-04-13,07:05:00,0.2,0.2,0.2,0.2,300000,0
2016-04-13,07:20:00,0.2,0.2,0.199,0.199,310000,0
2016-04-13,07:25:00,0.199,0.199,0.199,0.199,10000,0
2016-04-13,08:15:00,0.199,0.203,0.199,0.203,675760,0
2016-04-13,08:55:00,0.203,0.203,0.2,0.2,310000,0
2016-04-13,09:00:00,0.2,0.2,0.2,0.2,150000,0
2016-04-13,09:10:00,0.2,0.201,0.2,0.201,670000,0
2016-04-13,09:15:00,0.201,0.203,0.201,0.203,930000,0
2016-04-13,09:30:00,0.203,0.203,0.199,0.199,1070000,0
2016-04-13,09:35:00,0.197,0.197,0.197,0.197,10000000,0
2016-04-13,09:40:00,0.197,0.197,0.197,0.197,20000,0
2016-04-13,09:55:00,0.198,0.2,0.198,0.2,330000,0
2016-04-13,10:00:00,0.2,0.2,0.2,0.2,226000,0
