Date,Time,Open,High,Low,Close,Volume,OpenInt
2016-02-18,02:35:00,3.3,3.3,3.27,3.3,16000,0
2016-02-18,02:40:00,3.3,3.43,3.3,3.43,150000,0
2016-02-18,02:50:00,3.41,3.41,3.41,3.41,2000,0
2016-02-18,03:00:00,3.37,3.37,3.35,3.35,16000,0
2016-02-18,03:05:00,3.35,3.35,3.34,3.34,8000,0
2016-02-18,03:10:00,3.34,3.34,3.33,3.33,16000,0
2016-02-18,03:15:00,3.33,3.34,3.33,3.34,220000,0
2016-02-18,03:35:00,3.34,3.34,3.33,3.33,40000,0
2016-02-18,03:40:00,3.33,3.34,3.33,3.34,6000,0
2016-02-18,03:45:00,3.34,3.34,3.33,3.33,6000,0
2016-02-18,03:50:00,3.33,3.33,3.33,3.33,4000,0
2016-02-18,03:55:00,3.33,3.33,3.32,3.32,14000,0
2016-02-18,04:00:00,3.32,3.32,3.32,3.32,2000,0
2016-02-18,04:05:00,3.32,3.32,3.3,3.32,40000,0
2016-02-18,04:10:00,3.32,3.32,3.3,3.3,20000,0
2016-02-18,04:15:00,3.3,3.31,3.3,3.31,4000,0
2016-02-18,04:30:00,3.31,3.31,3.3,3.3,20000,0
2016-02-18,04:35:00,3.3,3.31,3.3,3.31,20000,0
2016-02-18,04:40:00,3.31,3.32,3.3,3.32,10000,0
2016-02-18,05:00:00,3.32,3.35,3.32,3.35,10000,0
2016-02-18,06:05:00,3.35,3.35,3.35,3.35,2000,0
2016-02-18,06:10:00,3.35,3.35,3.31,3.31,8000,0
2016-02-18,06:15:00,3.31,3.31,3.3,3.3,12000,0
2016-02-18,06:20:00,3.3,3.3,3.3,3.3,10000,0
2016-02-18,06:25:00,3.3,3.3,3.3,3.3,2000,0
2016-02-18,06:30:00,3.3,3.4,3.3,3.4,56000,0
2016-02-18,06:35:00,3.4,3.4,3.35,3.35,4000,0
2016-02-18,06:45:00,3.35,3.4,3.35,3.4,4000,0
2016-02-18,06:50:00,3.33,3.33,3.33,3.33,2000,0
2016-02-18,06:55:00,3.33,3.33,3.33,3.33,2000,0
2016-02-18,07:00:00,3.33,3.33,3.32,3.32,40000,0
2016-02-18,07:25:00,3.32,3.32,3.31,3.31,36000,0
2016-02-18,07:30:00,3.31,3.31,3.31,3.31,12000,0
2016-02-18,07:35:00,3.31,3.4,3.31,3.4,194000,0
2016-02-18,07:40:00,3.4,3.43,3.4,3.42,136000,0
2016-02-18,07:55:00,3.38,3.38,3.36,3.36,16000,0
2016-02-18,08:00:00,3.36,3.36,3.35,3.35,20000,0
2016-02-18,08:05:00,3.35,3.35,3.34,3.34,20000,0
2016-02-18,08:10:00,3.34,3.35,3.33,3.34,78000,0
2016-02-18,08:20:00,3.34,3.34,3.33,3.33,44000,0
2016-02-18,08:25:00,3.33,3.33,3.33,3.33,22000,0
2016-02-18,08:30:00,3.33,3.33,3.31,3.31,56000,0
2016-02-18,08:35:00,3.31,3.32,3.31,3.32,76000,0
2016-02-18,08:40:00,3.32,3.33,3.32,3.33,4000,0
2016-02-18,08:45:00,3.31,3.31,3.3,3.3,20000,0
2016-02-18,08:50:00,3.3,3.3,3.29,3.29,94000,0
2016-02-18,08:55:00,3.29,3.31,3.29,3.31,202000,0
2016-02-18,09:00:00,3.31,3.33,3.29,3.3,302000,0
2016-02-19,02:45:00,3.25,3.3,3.25,3.29,20000,0
2016-02-19,02:50:00,3.3,3.3,3.3,3.3,2000,0
2016-02-19,03:00:00,3.3,3.3,3.29,3.29,40000,0
2016-02-19,03:05:00,3.29,3.29,3.29,3.29,48000,0
2016-02-19,03:10:00,3.29,3.29,3.29,3.29,20000,0
2016-02-19,03:15:00,3.29,3.29,3.28,3.28,48000,0
2016-02-19,03:20:00,3.28,3.29,3.28,3.29,42000,0
2016-02-19,03:25:00,3.29,3.29,3.28,3.28,24000,0
2016-02-19,03:30:00,3.28,3.28,3.28,3.28,20000,0
2016-02-19,03:35:00,3.28,3.28,3.27,3.27,38000,0
2016-02-19,03:40:00,3.27,3.27,3.26,3.26,46000,0
2016-02-19,03:45:00,3.26,3.27,3.24,3.27,130000,0
2016-02-19,04:00:00,3.27,3.28,3.27,3.28,20000,0
2016-02-19,04:05:00,3.28,3.28,3.25,3.26,32000,0
2016-02-19,04:10:00,3.26,3.26,3.25,3.26,60000,0
2016-02-19,04:30:00,3.28,3.28,3.26,3.26,22000,0
2016-02-19,04:35:00,3.26,3.26,3.25,3.25,66000,0
2016-02-19,04:40:00,3.25,3.25,3.25,3.25,16000,0
2016-02-19,04:45:00,3.25,3.26,3.25,3.26,52000,0
2016-02-19,04:55:00,3.28,3.3,3.28,3.3,54000,0
2016-02-19,05:00:00,3.3,3.35,3.3,3.34,62000,0
2016-02-19,06:05:00,3.34,3.34,3.3,3.3,114000,0
2016-02-19,06:10:00,3.29,3.29,3.29,3.29,14000,0
2016-02-19,06:15:00,3.29,3.29,3.29,3.29,20000,0
2016-02-19,06:25:00,3.3,3.3,3.3,3.3,4000,0
2016-02-19,06:30:00,3.3,3.31,3.3,3.31,6000,0
2016-02-19,06:35:00,3.31,3.31,3.31,3.31,2000,0
2016-02-19,06:40:00,3.3,3.3,3.3,3.3,2000,0
2016-02-19,06:45:00,3.3,3.3,3.3,3.3,4000,0
2016-02-19,06:50:00,3.3,3.3,3.28,3.28,42000,0
2016-02-19,06:55:00,3.28,3.28,3.27,3.27,6000,0
2016-02-19,07:00:00,3.27,3.28,3.27,3.28,14000,0
2016-02-19,07:05:00,3.28,3.28,3.27,3.28,34000,0
2016-02-19,07:10:00,3.28,3.28,3.27,3.27,26000,0
2016-02-19,07:15:00,3.27,3.28,3.27,3.27,26000,0
2016-02-19,07:20:00,3.27,3.28,3.27,3.28,4000,0
2016-02-19,07:25:00,3.28,3.28,3.27,3.27,44000,0
2016-02-19,07:30:00,3.27,3.28,3.27,3.27,42000,0
2016-02-19,07:35:00,3.27,3.29,3.27,3.29,40000,0
2016-02-19,07:45:00,3.3,3.32,3.29,3.29,14000,0
2016-02-19,07:50:00,3.28,3.28,3.27,3.27,10000,0
2016-02-19,07:55:00,3.27,3.27,3.26,3.26,18000,0
2016-02-19,08:00:00,3.26,3.28,3.26,3.26,24000,0
2016-02-19,08:05:00,3.26,3.26,3.26,3.26,2000,0
2016-02-19,08:10:00,3.26,3.27,3.26,3.27,26000,0
2016-02-19,08:15:00,3.29,3.32,3.29,3.32,8000,0
2016-02-19,08:20:00,3.31,3.31,3.28,3.28,12000,0
2016-02-19,08:25:00,3.28,3.28,3.25,3.26,284000,0
2016-02-19,08:30:00,3.26,3.27,3.26,3.27,4000,0
2016-02-19,08:35:00,3.27,3.27,3.26,3.26,24000,0
2016-02-19,08:40:00,3.26,3.26,3.25,3.25,44000,0
2016-02-19,08:45:00,3.25,3.26,3.25,3.26,18000,0
2016-02-19,08:50:00,3.26,3.26,3.25,3.26,74000,0
2016-02-19,08:55:00,3.26,3.26,3.25,3.25,154000,0
2016-02-19,09:00:00,3.25,3.32,3.24,3.32,440000,0
2016-02-22,02:45:00,3.3,3.3,3.3,3.3,10000,0
2016-02-22,02:50:00,3.3,3.3,3.3,3.3,10000,0
2016-02-22,03:00:00,3.35,3.35,3.35,3.35,4000,0
2016-02-22,03:05:00,3.35,3.35,3.34,3.34,12000,0
2016-02-22,03:10:00,3.34,3.35,3.34,3.35,12000,0
2016-02-22,03:20:00,3.35,3.35,3.35,3.35,2000,0
2016-02-22,03:25:00,3.35,3.35,3.35,3.35,2000,0
2016-02-22,03:30:00,3.35,3.35,3.34,3.35,18000,0
2016-02-22,03:50:00,3.35,3.35,3.35,3.35,2000,0
2016-02-22,03:55:00,3.35,3.35,3.3,3.35,36000,0
2016-02-22,04:15:00,3.34,3.34,3.34,3.34,2000,0
2016-02-22,04:30:00,3.32,3.34,3.32,3.32,10000,0
2016-02-22,04:35:00,3.32,3.34,3.32,3.34,8000,0
2016-02-22,04:50:00,3.34,3.34,3.34,3.34,2000,0
2016-02-22,06:55:00,3.34,3.34,3.32,3.34,8000,0
2016-02-22,07:10:00,3.3,3.31,3.29,3.3,44000,0
2016-02-22,07:15:00,3.29,3.29,3.27,3.27,6000,0
2016-02-22,07:20:00,3.27,3.27,3.27,3.27,2000,0
2016-02-22,07:30:00,3.27,3.27,3.27,3.27,6000,0
2016-02-22,07:35:00,3.27,3.27,3.25,3.27,32000,0
2016-02-22,07:40:00,3.27,3.27,3.25,3.27,34000,0
2016-02-22,07:45:00,3.27,3.31,3.27,3.31,4000,0
2016-02-22,07:55:00,3.28,3.28,3.27,3.27,10000,0
2016-02-22,08:00:00,3.27,3.27,3.26,3.27,12000,0
2016-02-22,08:05:00,3.27,3.27,3.26,3.26,22000,0
2016-02-22,08:10:00,3.26,3.27,3.26,3.27,12000,0
2016-02-22,08:15:00,3.27,3.31,3.27,3.31,8000,0
2016-02-22,08:30:00,3.26,3.26,3.25,3.25,6000,0
2016-02-22,08:35:00,3.25,3.35,3.25,3.35,168000,0
2016-02-22,08:40:00,3.35,3.35,3.34,3.35,20000,0
2016-02-22,08:45:00,3.35,3.35,3.34,3.34,16000,0
2016-02-22,08:50:00,3.34,3.34,3.3,3.34,334000,0
2016-02-22,08:55:00,3.34,3.34,3.33,3.33,18000,0
2016-02-22,09:00:00,3.33,3.35,3.33,3.35,232000,0
2016-02-23,03:05:00,3.3,3.3,3.3,3.3,2000,0
2016-02-23,03:10:00,3.3,3.3,3.29,3.29,10000,0
2016-02-23,03:15:00,3.29,3.29,3.28,3.28,32000,0
2016-02-23,03:20:00,3.28,3.28,3.28,3.28,4000,0
2016-02-23,03:25:00,3.28,3.28,3.28,3.28,2000,0
2016-02-23,03:30:00,3.27,3.27,3.26,3.26,4000,0
2016-02-23,03:35:00,3.26,3.26,3.26,3.26,4000,0
2016-02-23,03:40:00,3.26,3.26,3.25,3.25,4000,0
2016-02-23,03:45:00,3.25,3.26,3.25,3.26,12000,0
2016-02-23,03:55:00,3.26,3.26,3.26,3.26,2000,0
2016-02-23,04:00:00,3.26,3.26,3.26,3.26,2000,0
2016-02-23,04:10:00,3.26,3.26,3.26,3.26,2000,0
2016-02-23,04:15:00,3.26,3.26,3.26,3.26,2000,0
2016-02-23,04:20:00,3.26,3.26,3.25,3.25,4000,0
2016-02-23,04:30:00,3.25,3.25,3.24,3.24,6000,0
2016-02-23,04:35:00,3.24,3.24,3.24,3.24,4000,0
2016-02-23,04:40:00,3.24,3.24,3.23,3.23,36000,0
2016-02-23,04:45:00,3.23,3.23,3.23,3.23,10000,0
2016-02-23,04:50:00,3.23,3.23,3.23,3.23,2000,0
2016-02-23,05:00:00,3.23,3.23,3.23,3.23,8000,0
2016-02-23,06:05:00,3.23,3.23,3.23,3.23,6000,0
2016-02-23,06:10:00,3.23,3.23,3.23,3.23,2000,0
2016-02-23,06:15:00,3.23,3.25,3.23,3.25,22000,0
2016-02-23,06:25:00,3.25,3.25,3.23,3.23,4000,0
2016-02-23,06:35:00,3.24,3.24,3.23,3.23,8000,0
2016-02-23,06:40:00,3.23,3.23,3.2,3.21,52000,0
2016-02-23,06:45:00,3.21,3.21,3.17,3.18,68000,0
2016-02-23,06:50:00,3.18,3.18,3.18,3.18,8000,0
2016-02-23,06:55:00,3.18,3.18,3.18,3.18,16000,0
2016-02-23,07:05:00,3.18,3.18,3.17,3.18,36000,0
2016-02-23,07:10:00,3.18,3.2,3.18,3.2,12000,0
2016-02-23,07:20:00,3.19,3.19,3.19,3.19,12000,0
2016-02-23,07:30:00,3.19,3.2,3.18,3.2,24000,0
2016-02-23,07:35:00,3.2,3.2,3.19,3.19,4000,0
2016-02-23,07:45:00,3.19,3.2,3.19,3.19,26000,0
2016-02-23,08:05:00,3.19,3.2,3.19,3.19,12000,0
2016-02-23,08:15:00,3.19,3.19,3.19,3.19,8000,0
2016-02-23,08:20:00,3.19,3.19,3.19,3.19,10000,0
2016-02-23,08:25:00,3.19,3.25,3.18,3.24,104000,0
2016-02-23,08:30:00,3.24,3.33,3.24,3.3,306000,0
2016-02-23,08:35:00,3.3,3.3,3.23,3.23,16000,0
2016-02-23,08:40:00,3.23,3.33,3.23,3.33,70000,0
2016-02-23,08:45:00,3.33,3.33,3.31,3.32,72000,0
2016-02-23,08:50:00,3.32,3.33,3.31,3.32,62000,0
2016-02-23,08:55:00,3.32,3.35,3.32,3.33,114000,0
2016-02-23,09:00:00,3.33,3.34,3.31,3.33,132000,0
2016-02-24,03:00:00,3.31,3.31,3.27,3.27,64000,0
2016-02-24,03:15:00,3.27,3.27,3.26,3.27,6000,0
2016-02-24,04:00:00,3.26,3.26,3.26,3.26,6000,0
2016-02-24,04:10:00,3.26,3.26,3.26,3.26,28000,0
2016-02-24,04:20:00,3.26,3.26,3.25,3.25,6000,0
2016-02-24,04:30:00,3.25,3.25,3.25,3.25,4000,0
2016-02-24,06:10:00,3.25,3.25,3.25,3.25,8000,0
2016-02-24,06:55:00,3.25,3.25,3.23,3.23,32000,0
2016-02-24,07:00:00,3.23,3.23,3.23,3.23,12000,0
2016-02-24,07:10:00,3.23,3.24,3.23,3.23,12000,0
2016-02-24,07:15:00,3.23,3.24,3.23,3.24,4000,0
2016-02-24,07:35:00,3.24,3.24,3.23,3.23,20000,0
2016-02-24,07:40:00,3.25,3.25,3.24,3.25,26000,0
2016-02-24,07:45:00,3.25,3.25,3.25,3.25,36000,0
2016-02-24,07:50:00,3.25,3.25,3.22,3.24,108000,0
2016-02-24,07:55:00,3.25,3.25,3.25,3.25,12000,0
2016-02-24,08:00:00,3.25,3.25,3.24,3.24,4000,0
2016-02-24,08:10:00,3.24,3.24,3.24,3.24,30000,0
2016-02-24,08:25:00,3.24,3.24,3.23,3.23,56000,0
2016-02-24,08:35:00,3.23,3.23,3.23,3.23,4000,0
2016-02-24,08:45:00,3.23,3.23,3.22,3.22,80000,0
2016-02-24,08:50:00,3.21,3.3,3.21,3.3,66000,0
2016-02-24,08:55:00,3.29,3.35,3.25,3.35,260000,0
2016-02-24,09:00:00,3.35,3.37,3.28,3.36,388000,0
2016-02-25,02:45:00,3.3,3.36,3.3,3.3,4000,0
2016-02-25,02:55:00,3.3,3.3,3.27,3.27,4000,0
2016-02-25,04:15:00,3.27,3.27,3.27,3.27,12000,0
2016-02-25,06:30:00,3.27,3.37,3.27,3.37,8000,0
2016-02-25,06:40:00,3.36,3.36,3.36,3.36,2000,0
2016-02-25,06:45:00,3.36,3.36,3.36,3.36,2000,0
2016-02-25,07:00:00,3.36,3.37,3.36,3.37,4000,0
2016-02-25,07:05:00,3.37,3.4,3.37,3.4,64000,0
2016-02-25,07:10:00,3.4,3.4,3.35,3.35,44000,0
2016-02-25,07:15:00,3.35,3.35,3.32,3.32,20000,0
2016-02-25,07:30:00,3.32,3.39,3.32,3.39,4000,0
2016-02-25,07:35:00,3.38,3.38,3.38,3.38,2000,0
2016-02-25,07:45:00,3.38,3.38,3.38,3.38,2000,0
2016-02-25,08:00:00,3.37,3.37,3.37,3.37,2000,0
2016-02-25,08:20:00,3.37,3.39,3.37,3.39,4000,0
2016-02-25,08:40:00,3.39,3.39,3.39,3.39,40000,0
2016-02-25,08:45:00,3.39,3.5,3.39,3.5,322000,0
2016-02-25,08:55:00,3.5,3.5,3.5,3.5,2000,0
2016-02-25,09:00:00,3.5,3.5,3.49,3.5,74000,0
2016-02-26,02:35:00,3.43,3.5,3.43,3.5,4000,0
2016-02-26,02:40:00,3.5,3.7,3.5,3.7,40000,0
2016-02-26,02:45:00,3.7,3.7,3.7,3.7,4000,0
2016-02-26,02:50:00,3.65,3.65,3.55,3.57,32000,0
2016-02-26,03:05:00,3.59,3.63,3.59,3.61,20000,0
2016-02-26,03:10:00,3.64,3.75,3.64,3.75,160000,0
2016-02-26,03:15:00,3.75,3.8,3.66,3.66,160000,0
2016-02-26,03:25:00,3.62,3.64,3.6,3.64,64000,0
2016-02-26,03:35:00,3.64,3.65,3.64,3.65,16000,0
2016-02-26,03:40:00,3.66,3.68,3.66,3.68,16000,0
2016-02-26,03:45:00,3.68,3.7,3.68,3.69,668000,0
2016-02-26,03:50:00,3.69,3.73,3.69,3.73,46000,0
2016-02-26,03:55:00,3.73,3.73,3.64,3.64,80000,0
2016-02-26,04:00:00,3.64,3.64,3.59,3.64,70000,0
2016-02-26,04:10:00,3.65,3.65,3.65,3.65,90000,0
2016-02-26,04:20:00,3.65,3.65,3.6,3.6,212000,0
2016-02-26,04:25:00,3.6,3.6,3.59,3.59,36000,0
2016-02-26,04:40:00,3.59,3.63,3.59,3.63,4000,0
2016-02-26,04:50:00,3.61,3.61,3.59,3.59,4000,0
2016-02-26,05:00:00,3.58,3.59,3.58,3.59,16000,0
2016-02-26,06:15:00,3.59,3.68,3.59,3.68,4000,0
2016-02-26,06:40:00,3.67,3.67,3.67,3.67,2000,0
2016-02-26,06:55:00,3.67,3.67,3.67,3.67,8000,0
2016-02-26,07:00:00,3.67,3.67,3.67,3.67,4000,0
2016-02-26,07:10:00,3.67,3.67,3.6,3.6,86000,0
2016-02-26,07:15:00,3.6,3.6,3.55,3.55,66000,0
2016-02-26,07:20:00,3.55,3.55,3.55,3.55,42000,0
2016-02-26,07:25:00,3.56,3.63,3.55,3.55,100000,0
2016-02-26,07:35:00,3.55,3.63,3.55,3.63,4000,0
2016-02-26,07:40:00,3.63,3.63,3.55,3.55,134000,0
2016-02-26,07:50:00,3.55,3.61,3.55,3.59,8000,0
2016-02-26,08:00:00,3.59,3.59,3.55,3.55,226000,0
2016-02-26,08:10:00,3.55,3.59,3.52,3.52,32000,0
2016-02-26,08:15:00,3.52,3.52,3.52,3.52,18000,0
2016-02-26,08:25:00,3.52,3.59,3.52,3.59,4000,0
2016-02-26,08:30:00,3.59,3.59,3.59,3.59,4000,0
2016-02-26,08:45:00,3.59,3.6,3.52,3.57,102000,0
2016-02-26,08:50:00,3.57,3.6,3.5,3.52,48000,0
2016-02-26,08:55:00,3.52,3.6,3.5,3.5,60000,0
2016-02-26,09:00:00,3.5,3.57,3.5,3.55,134000,0
2016-02-29,02:35:00,3.51,3.69,3.51,3.68,12000,0
2016-02-29,02:50:00,3.63,3.63,3.63,3.63,20000,0
2016-02-29,03:00:00,3.62,3.62,3.57,3.57,28000,0
2016-02-29,03:10:00,3.57,3.63,3.57,3.62,90000,0
2016-02-29,03:55:00,3.62,3.62,3.62,3.62,2000,0
2016-02-29,04:15:00,3.62,3.62,3.55,3.55,46000,0
2016-02-29,04:25:00,3.55,3.57,3.55,3.57,96000,0
2016-02-29,04:30:00,3.57,3.57,3.55,3.55,360000,0
2016-02-29,04:45:00,3.55,3.55,3.55,3.55,8000,0
2016-02-29,06:05:00,3.55,3.55,3.55,3.55,6000,0
2016-02-29,06:10:00,3.55,3.55,3.55,3.55,12000,0
2016-02-29,06:35:00,3.55,3.6,3.55,3.55,64000,0
2016-02-29,06:55:00,3.55,3.55,3.55,3.55,40000,0
2016-02-29,07:00:00,3.55,3.55,3.53,3.53,52000,0
2016-02-29,07:05:00,3.53,3.59,3.53,3.59,4000,0
2016-02-29,07:20:00,3.55,3.55,3.53,3.55,104000,0
2016-02-29,07:25:00,3.55,3.55,3.53,3.53,40000,0
2016-02-29,07:35:00,3.53,3.56,3.53,3.56,4000,0
2016-02-29,07:50:00,3.56,3.56,3.56,3.56,2000,0
2016-02-29,08:15:00,3.55,3.55,3.47,3.47,52000,0
2016-02-29,08:20:00,3.47,3.47,3.45,3.45,54000,0
2016-02-29,08:25:00,3.45,3.46,3.4,3.46,90000,0
2016-02-29,08:50:00,3.41,3.5,3.41,3.5,4000,0
2016-02-29,08:55:00,3.5,3.5,3.5,3.5,2000,0
2016-02-29,09:00:00,3.5,3.5,3.45,3.5,26000,0
2016-03-01,02:45:00,3.5,3.56,3.5,3.56,44000,0
2016-03-01,03:00:00,3.52,3.52,3.5,3.5,22000,0
2016-03-01,03:05:00,3.5,3.5,3.5,3.5,4000,0
2016-03-01,03:15:00,3.5,3.54,3.5,3.54,4000,0
2016-03-01,03:35:00,3.54,3.54,3.5,3.5,14000,0
2016-03-01,03:50:00,3.5,3.55,3.5,3.55,4000,0
2016-03-01,04:05:00,3.55,3.55,3.5,3.5,16000,0
2016-03-01,04:20:00,3.5,3.5,3.47,3.5,24000,0
2016-03-01,04:35:00,3.5,3.5,3.5,3.5,2000,0
2016-03-01,06:05:00,3.5,3.5,3.5,3.5,2000,0
2016-03-01,06:10:00,3.5,3.5,3.47,3.47,8000,0
2016-03-01,06:15:00,3.47,3.5,3.47,3.5,10000,0
2016-03-01,06:40:00,3.5,3.5,3.5,3.5,2000,0
2016-03-01,06:50:00,3.5,3.5,3.5,3.5,2000,0
2016-03-01,08:10:00,3.48,3.48,3.48,3.48,2000,0
2016-03-01,08:35:00,3.48,3.48,3.48,3.48,4000,0
2016-03-01,08:50:00,3.48,3.49,3.48,3.49,10000,0
2016-03-01,08:55:00,3.49,3.5,3.49,3.5,4000,0
2016-03-02,02:35:00,3.54,3.54,3.51,3.54,4000,0
2016-03-02,03:00:00,3.54,3.54,3.5,3.5,16000,0
2016-03-02,03:35:00,3.5,3.5,3.5,3.5,2000,0
2016-03-02,03:50:00,3.49,3.49,3.41,3.41,14000,0
2016-03-02,03:55:00,3.41,3.46,3.4,3.41,134000,0
2016-03-02,04:00:00,3.41,3.42,3.41,3.42,188000,0
2016-03-02,04:05:00,3.42,3.42,3.4,3.4,90000,0
2016-03-02,04:15:00,3.4,3.4,3.39,3.39,10000,0
2016-03-02,04:20:00,3.39,3.39,3.38,3.38,4000,0
2016-03-02,04:35:00,3.37,3.4,3.37,3.4,76000,0
2016-03-02,04:45:00,3.4,3.47,3.4,3.47,4000,0
2016-03-02,05:00:00,3.47,3.49,3.47,3.49,6000,0
2016-03-02,06:10:00,3.49,3.49,3.47,3.47,4000,0
2016-03-02,06:20:00,3.47,3.49,3.47,3.49,30000,0
2016-03-02,06:30:00,3.49,3.49,3.47,3.47,16000,0
2016-03-02,06:55:00,3.47,3.47,3.47,3.47,2000,0
2016-03-02,07:00:00,3.47,3.47,3.42,3.42,100000,0
2016-03-02,07:20:00,3.42,3.46,3.41,3.41,22000,0
2016-03-02,07:25:00,3.41,3.41,3.39,3.4,52000,0
2016-03-02,07:40:00,3.42,3.47,3.42,3.45,14000,0
2016-03-02,08:00:00,3.45,3.45,3.4,3.45,52000,0
2016-03-02,08:40:00,3.43,3.43,3.37,3.42,72000,0
2016-03-02,08:45:00,3.42,3.44,3.42,3.44,110000,0
2016-03-02,08:50:00,3.44,3.45,3.37,3.43,130000,0
2016-03-02,08:55:00,3.43,3.44,3.42,3.42,10000,0
2016-03-02,09:00:00,3.42,3.43,3.41,3.41,30000,0
2016-03-03,02:35:00,3.4,3.5,3.4,3.5,6000,0
2016-03-03,02:45:00,3.5,3.5,3.5,3.5,2000,0
2016-03-03,03:00:00,3.5,3.5,3.42,3.42,8000,0
2016-03-03,03:05:00,3.42,3.42,3.41,3.41,10000,0
2016-03-03,03:10:00,3.41,3.41,3.4,3.4,34000,0
2016-03-03,03:15:00,3.4,3.46,3.4,3.46,4000,0
2016-03-03,03:35:00,3.46,3.46,3.46,3.46,2000,0
2016-03-03,03:50:00,3.46,3.46,3.46,3.46,2000,0
2016-03-03,04:10:00,3.46,3.47,3.46,3.46,6000,0
2016-03-03,04:30:00,3.46,3.46,3.35,3.43,152000,0
2016-03-03,04:55:00,3.42,3.42,3.42,3.42,2000,0
2016-03-03,06:05:00,3.42,3.42,3.42,3.42,2000,0
2016-03-03,06:10:00,3.42,3.43,3.42,3.43,452000,0
2016-03-03,06:20:00,3.43,3.43,3.4,3.43,392000,0
2016-03-03,06:45:00,3.41,3.41,3.4,3.4,5136000,0
2016-03-03,06:50:00,3.4,3.41,3.36,3.36,538000,0
2016-03-03,06:55:00,3.36,3.36,3.35,3.35,186000,0
2016-03-03,07:00:00,3.35,3.36,3.35,3.36,150000,0
2016-03-03,07:05:00,3.36,3.36,3.32,3.35,144000,0
2016-03-03,07:10:00,3.35,3.36,3.35,3.36,160000,0
2016-03-03,07:15:00,3.36,3.36,3.36,3.36,256000,0
2016-03-03,07:20:00,3.36,3.4,3.36,3.4,112000,0
2016-03-03,07:30:00,3.4,3.4,3.4,3.4,2000,0
2016-03-03,07:35:00,3.4,3.4,3.39,3.4,24000,0
2016-03-03,07:40:00,3.4,3.43,3.4,3.4,10000,0
2016-03-03,07:50:00,3.4,3.4,3.4,3.4,6000,0
2016-03-03,07:55:00,3.4,3.4,3.4,3.4,4000,0
2016-03-03,08:00:00,3.4,3.4,3.4,3.4,16000,0
2016-03-03,08:05:00,3.4,3.41,3.4,3.41,20000,0
2016-03-03,08:15:00,3.41,3.43,3.41,3.43,960000,0
2016-03-03,08:25:00,3.43,3.44,3.43,3.44,1930000,0
2016-03-03,08:30:00,3.44,3.46,3.44,3.46,4000,0
2016-03-03,08:40:00,3.46,3.46,3.46,3.46,4000,0
2016-03-03,08:50:00,3.46,3.46,3.46,3.46,2000,0
2016-03-03,09:00:00,3.46,3.46,3.4,3.46,50000,0
2016-03-04,02:35:00,3.46,3.47,3.46,3.47,7510000,0
2016-03-04,02:50:00,3.47,3.51,3.47,3.51,4000,0
2016-03-04,02:55:00,3.51,3.52,3.51,3.52,30000,0
2016-03-04,03:00:00,3.52,3.6,3.52,3.6,4000,0
2016-03-04,03:05:00,3.6,3.6,3.6,3.6,2000,0
2016-03-04,03:25:00,3.59,3.59,3.59,3.59,2000,0
2016-03-04,03:35:00,3.59,3.59,3.47,3.47,58000,0
2016-03-04,03:40:00,3.47,3.5,3.46,3.5,6000,0
2016-03-04,03:50:00,3.5,3.59,3.5,3.59,4000,0
2016-03-04,04:05:00,3.59,3.59,3.37,3.38,68000,0
2016-03-04,06:05:00,3.43,3.54,3.43,3.54,4000,0
2016-03-04,06:15:00,3.54,3.54,3.4,3.4,24000,0
2016-03-04,06:30:00,3.41,3.48,3.41,3.48,4000,0
2016-03-04,06:45:00,3.48,3.49,3.48,3.49,4000,0
2016-03-04,07:20:00,3.49,3.49,3.49,3.49,2000,0
2016-03-04,07:25:00,3.49,3.49,3.4,3.4,48000,0
2016-03-04,07:40:00,3.41,3.48,3.41,3.48,4000,0
2016-03-04,07:55:00,3.48,3.48,3.41,3.41,52000,0
2016-03-04,08:00:00,3.41,3.41,3.38,3.38,62000,0
2016-03-04,08:10:00,3.4,3.45,3.37,3.43,62000,0
2016-03-04,08:15:00,3.43,3.44,3.43,3.44,10000,0
2016-03-04,08:20:00,3.44,3.47,3.38,3.47,212000,0
2016-03-04,08:25:00,3.47,3.47,3.38,3.38,22000,0
2016-03-04,08:30:00,3.39,3.44,3.39,3.43,14000,0
2016-03-04,08:45:00,3.43,3.43,3.42,3.42,18000,0
2016-03-04,08:50:00,3.42,3.48,3.42,3.44,32000,0
2016-03-04,08:55:00,3.44,3.44,3.42,3.42,44000,0
2016-03-04,09:00:00,3.42,3.47,3.42,3.46,216000,0
2016-03-07,02:35:00,3.4,3.48,3.4,3.48,32000,0
2016-03-07,02:40:00,3.48,3.48,3.48,3.48,16000,0
2016-03-07,02:55:00,3.47,3.47,3.47,3.47,4600000,0
2016-03-07,03:15:00,3.46,3.46,3.35,3.35,26000,0
2016-03-07,03:20:00,3.35,3.35,3.35,3.35,40000,0
2016-03-07,03:25:00,3.4,3.45,3.4,3.45,10000,0
2016-03-07,03:35:00,3.45,3.45,3.38,3.38,62000,0
2016-03-07,03:45:00,3.39,3.39,3.38,3.38,16000,0
2016-03-07,04:00:00,3.39,3.39,3.39,3.39,4000,0
2016-03-07,04:05:00,3.39,3.44,3.39,3.44,24000,0
2016-03-07,04:30:00,3.44,3.45,3.44,3.45,4000,0
2016-03-07,04:55:00,3.45,3.45,3.44,3.44,12000,0
2016-03-07,05:00:00,3.44,3.44,3.39,3.39,20000,0
2016-03-07,06:10:00,3.4,3.44,3.4,3.44,6000,0
2016-03-07,06:30:00,3.44,3.44,3.44,3.44,2000,0
2016-03-07,06:50:00,3.44,3.45,3.44,3.45,4000,0
2016-03-07,06:55:00,3.45,3.45,3.45,3.45,2000,0
2016-03-07,07:05:00,3.45,3.45,3.45,3.45,10000,0
2016-03-07,07:15:00,3.45,3.46,3.4,3.41,54000,0
2016-03-07,07:20:00,3.41,3.41,3.4,3.4,14000,0
2016-03-07,07:45:00,3.42,3.42,3.42,3.42,6000,0
2016-03-07,07:50:00,3.42,3.42,3.4,3.4,8000,0
2016-03-07,08:05:00,3.4,3.4,3.38,3.39,38000,0
2016-03-07,08:15:00,3.39,3.39,3.36,3.37,86000,0
2016-03-07,08:20:00,3.37,3.37,3.35,3.35,170000,0
2016-03-07,08:30:00,3.37,3.41,3.36,3.36,84000,0
2016-03-07,08:35:00,3.38,3.38,3.36,3.36,24000,0
2016-03-07,08:50:00,3.36,3.37,3.32,3.35,76000,0
2016-03-07,08:55:00,3.35,3.35,3.34,3.34,12000,0
2016-03-07,09:00:00,3.34,3.47,3.33,3.41,954000,0
2016-03-08,02:40:00,3.41,3.47,3.41,3.45,6000,0
2016-03-08,03:15:00,3.41,3.43,3.41,3.43,4000,0
2016-03-08,03:20:00,3.43,3.43,3.43,3.43,2000,0
2016-03-08,03:30:00,3.43,3.47,3.41,3.42,256000,0
2016-03-08,03:50:00,3.41,3.47,3.41,3.42,150000,0
2016-03-08,03:55:00,3.43,3.48,3.43,3.45,180000,0
2016-03-08,04:00:00,3.45,3.49,3.44,3.44,478000,0
2016-03-08,04:05:00,3.45,3.46,3.44,3.44,542000,0
2016-03-08,04:10:00,3.44,3.44,3.43,3.44,632000,0
2016-03-08,04:15:00,3.44,3.63,3.44,3.63,506000,0
2016-03-08,04:20:00,3.63,3.64,3.51,3.6,232000,0
2016-03-08,04:25:00,3.6,3.6,3.51,3.52,124000,0
2016-03-08,04:30:00,3.52,3.52,3.5,3.5,228000,0
2016-03-08,04:35:00,3.5,3.52,3.5,3.52,14000,0
2016-03-08,04:40:00,3.52,3.52,3.49,3.5,226000,0
2016-03-08,04:50:00,3.5,3.52,3.5,3.52,4000,0
2016-03-08,04:55:00,3.52,3.58,3.52,3.58,152000,0
2016-03-08,05:00:00,3.58,3.61,3.53,3.57,348000,0
2016-03-08,06:05:00,3.57,3.57,3.54,3.54,32000,0
2016-03-08,06:10:00,3.54,3.54,3.53,3.53,20000,0
2016-03-08,06:25:00,3.53,3.53,3.52,3.52,12000,0
2016-03-08,06:35:00,3.52,3.52,3.52,3.52,10000,0
2016-03-08,07:00:00,3.52,3.52,3.52,3.52,2000,0
2016-03-08,07:05:00,3.52,3.52,3.52,3.52,20000,0
2016-03-08,07:15:00,3.52,3.52,3.5,3.5,50000,0
2016-03-08,07:50:00,3.5,3.58,3.5,3.58,130000,0
2016-03-08,07:55:00,3.58,3.6,3.51,3.58,254000,0
2016-03-08,08:00:00,3.58,3.61,3.52,3.61,216000,0
2016-03-08,08:05:00,3.61,3.61,3.54,3.56,144000,0
2016-03-08,08:10:00,3.56,3.61,3.56,3.61,68000,0
2016-03-08,08:15:00,3.6,3.6,3.55,3.56,64000,0
2016-03-08,08:20:00,3.56,3.6,3.56,3.6,38000,0
2016-03-08,08:25:00,3.6,3.6,3.52,3.52,264000,0
2016-03-08,08:40:00,3.52,3.52,3.52,3.52,6000,0
2016-03-08,08:50:00,3.52,3.55,3.52,3.55,8000,0
2016-03-08,09:00:00,3.55,3.55,3.5,3.52,140000,0
2016-03-09,02:35:00,3.52,3.52,3.52,3.52,2000,0
2016-03-09,03:55:00,3.5,3.6,3.5,3.6,28000,0
2016-03-09,04:30:00,3.58,3.58,3.58,3.58,2000,0
2016-03-09,04:40:00,3.58,3.58,3.58,3.58,4000,0
2016-03-09,04:55:00,3.58,3.59,3.58,3.59,12000,0
2016-03-09,06:10:00,3.58,3.59,3.58,3.59,126000,0
2016-03-09,06:20:00,3.59,3.59,3.59,3.59,6000,0
2016-03-09,06:45:00,3.59,3.59,3.59,3.59,2000,0
2016-03-09,06:50:00,3.59,3.59,3.59,3.59,6000,0
2016-03-09,07:15:00,3.59,3.59,3.59,3.59,6000,0
2016-03-09,07:35:00,3.59,3.59,3.59,3.59,8000,0
2016-03-09,08:05:00,3.59,3.6,3.59,3.6,12000,0
2016-03-09,08:30:00,3.6,3.6,3.6,3.6,8000,0
2016-03-09,08:50:00,3.59,3.59,3.59,3.59,10000,0
2016-03-09,09:00:00,3.59,3.59,3.54,3.54,38000,0
2016-03-10,02:35:00,3.56,3.56,3.54,3.54,20014000,0
2016-03-10,02:45:00,3.55,3.61,3.55,3.61,4000,0
2016-03-10,02:50:00,3.6,3.6,3.6,3.6,4000,0
2016-03-10,03:05:00,3.6,3.6,3.57,3.57,32000,0
2016-03-10,03:30:00,3.57,3.57,3.54,3.54,44000,0
2016-03-10,04:10:00,3.54,3.54,3.52,3.52,6000,0
2016-03-10,04:25:00,3.52,3.6,3.5,3.6,86000,0
2016-03-10,04:55:00,3.58,3.58,3.52,3.52,4000,0
2016-03-10,05:00:00,3.52,3.59,3.51,3.59,82000,0
2016-03-10,06:10:00,3.59,3.6,3.59,3.6,32000,0
2016-03-10,06:20:00,3.6,3.6,3.6,3.6,4000,0
2016-03-10,06:25:00,3.6,3.64,3.6,3.64,52000,0
2016-03-10,06:35:00,3.64,3.7,3.64,3.7,72000,0
2016-03-10,06:40:00,3.7,3.75,3.63,3.65,154000,0
2016-03-10,06:45:00,3.65,3.66,3.55,3.55,416000,0
2016-03-10,07:05:00,3.56,3.56,3.54,3.54,48000,0
2016-03-10,07:10:00,3.54,3.54,3.54,3.54,6000,0
2016-03-10,07:15:00,3.54,3.54,3.5,3.5,86000,0
2016-03-10,07:20:00,3.5,3.55,3.5,3.55,18000,0
2016-03-10,07:40:00,3.5,3.5,3.5,3.5,8000,0
2016-03-10,07:45:00,3.5,3.53,3.5,3.53,12000,0
2016-03-10,07:50:00,3.53,3.53,3.51,3.51,4000,0
2016-03-10,08:00:00,3.51,3.51,3.51,3.51,4000,0
2016-03-10,08:50:00,3.51,3.51,3.5,3.5,24000,0
2016-03-10,08:55:00,3.51,3.51,3.51,3.51,16000,0
2016-03-10,09:00:00,3.51,3.54,3.49,3.5,76000,0
2016-03-11,03:10:00,3.48,3.5,3.48,3.49,26000,0
2016-03-11,03:15:00,3.49,3.49,3.49,3.49,4000,0
2016-03-11,04:05:00,3.52,3.55,3.52,3.55,8000,0
2016-03-11,04:15:00,3.55,3.55,3.52,3.52,8000,0
2016-03-11,04:20:00,3.52,3.6,3.52,3.6,6000,0
2016-03-11,04:25:00,3.58,3.58,3.52,3.52,4000,0
2016-03-11,04:50:00,3.52,3.58,3.52,3.58,4000,0
2016-03-11,06:10:00,3.55,3.55,3.55,3.55,4000,0
2016-03-11,06:40:00,3.55,3.55,3.51,3.51,10000,0
2016-03-11,07:05:00,3.51,3.51,3.5,3.51,168000,0
2016-03-11,07:10:00,3.51,3.51,3.49,3.49,344000,0
2016-03-11,07:15:00,3.49,3.51,3.48,3.51,192000,0
2016-03-11,07:20:00,3.49,3.51,3.49,3.51,238000,0
2016-03-11,07:25:00,3.51,3.52,3.49,3.52,324000,0
2016-03-11,07:30:00,3.52,3.57,3.51,3.53,498000,0
2016-03-11,07:35:00,3.53,3.54,3.52,3.54,246000,0
2016-03-11,07:40:00,3.54,3.54,3.51,3.51,464000,0
2016-03-11,07:45:00,3.51,3.52,3.5,3.52,1036000,0
2016-03-11,07:55:00,3.52,3.53,3.52,3.53,8000,0
2016-03-11,08:05:00,3.53,3.53,3.52,3.52,6000,0
2016-03-11,08:10:00,3.52,3.53,3.5,3.53,1214000,0
2016-03-11,08:15:00,3.53,3.53,3.5,3.51,526000,0
2016-03-11,08:20:00,3.51,3.52,3.5,3.51,660000,0
2016-03-11,08:25:00,3.51,3.51,3.5,3.5,470000,0
2016-03-11,08:30:00,3.5,3.51,3.49,3.51,382000,0
2016-03-11,08:35:00,3.51,3.51,3.49,3.51,328000,0
2016-03-11,08:45:00,3.51,3.51,3.51,3.51,2000,0
2016-03-11,09:00:00,3.51,3.54,3.49,3.51,404000,0
2016-03-14,02:35:00,3.56,3.56,3.56,3.56,6000,0
2016-03-14,02:40:00,3.57,3.58,3.57,3.58,4000,0
2016-03-14,02:50:00,3.58,3.64,3.58,3.59,72000,0
2016-03-14,02:55:00,3.59,3.59,3.59,3.59,2000,0
2016-03-14,03:00:00,3.59,3.59,3.59,3.59,2000,0
2016-03-14,03:35:00,3.6,3.6,3.6,3.6,10000,0
2016-03-14,03:45:00,3.6,3.61,3.6,3.61,20000,0
2016-03-14,04:30:00,3.61,3.65,3.61,3.65,8000,0
2016-03-14,04:40:00,3.65,3.65,3.61,3.61,4000,0
2016-03-14,04:50:00,3.63,3.65,3.63,3.65,4000,0
2016-03-14,06:15:00,3.64,3.64,3.64,3.64,2000,0
2016-03-14,06:30:00,3.64,3.64,3.62,3.62,4000,0
2016-03-14,06:40:00,3.62,3.62,3.61,3.61,20000,0
2016-03-14,06:45:00,3.61,3.61,3.61,3.61,8000,0
2016-03-14,06:50:00,3.61,3.61,3.61,3.61,4000,0
2016-03-14,07:05:00,3.61,3.61,3.61,3.61,4000,0
2016-03-14,07:15:00,3.61,3.62,3.61,3.62,10000,0
2016-03-14,07:20:00,3.62,3.65,3.62,3.63,676000,0
2016-03-14,07:25:00,3.63,3.65,3.63,3.65,660000,0
2016-03-14,07:30:00,3.65,3.65,3.65,3.65,130000,0
2016-03-14,07:35:00,3.65,3.65,3.65,3.65,4000,0
2016-03-14,07:40:00,3.65,3.65,3.65,3.65,2000,0
2016-03-14,07:55:00,3.65,3.65,3.65,3.65,4000,0
2016-03-14,08:05:00,3.65,3.65,3.65,3.65,4000,0
2016-03-14,08:10:00,3.65,3.66,3.65,3.65,78000,0
2016-03-14,08:15:00,3.65,3.65,3.63,3.63,6000,0
2016-03-14,08:45:00,3.63,3.65,3.63,3.65,4000,0
2016-03-14,09:00:00,3.65,3.65,3.64,3.65,14000,0
2016-03-15,02:35:00,3.68,3.68,3.65,3.68,4000,0
2016-03-15,03:35:00,3.68,3.68,3.68,3.68,16000,0
2016-03-15,04:10:00,3.67,3.67,3.67,3.67,72000,0
2016-03-15,04:15:00,3.67,3.67,3.67,3.67,136000,0
2016-03-15,04:20:00,3.67,3.67,3.67,3.67,134000,0
2016-03-15,04:25:00,3.67,3.67,3.67,3.67,108000,0
2016-03-15,06:55:00,3.61,3.66,3.61,3.66,36000,0
2016-03-15,07:00:00,3.66,3.66,3.66,3.66,234000,0
2016-03-15,07:05:00,3.66,3.66,3.66,3.66,176000,0
2016-03-15,07:10:00,3.66,3.66,3.65,3.66,182000,0
2016-03-15,07:15:00,3.66,3.66,3.66,3.66,2000,0
2016-03-15,07:40:00,3.66,3.66,3.66,3.66,4000000,0
2016-03-15,08:05:00,3.66,3.66,3.66,3.66,2000,0
2016-03-15,08:15:00,3.66,3.66,3.66,3.66,22000,0
2016-03-15,08:20:00,3.66,3.67,3.66,3.67,4000,0
2016-03-15,08:30:00,3.67,3.67,3.67,3.67,2000,0
2016-03-15,08:40:00,3.67,3.67,3.67,3.67,2000,0
2016-03-15,08:50:00,3.67,3.67,3.67,3.67,4000,0
2016-03-15,08:55:00,3.67,3.67,3.66,3.66,4000,0
2016-03-16,02:35:00,3.68,3.68,3.68,3.68,2000,0
2016-03-16,03:00:00,3.68,3.68,3.66,3.66,4000,0
2016-03-16,03:05:00,3.66,3.66,3.65,3.65,18000,0
2016-03-16,03:20:00,3.65,3.65,3.64,3.64,8000,0
2016-03-16,03:30:00,3.64,3.64,3.62,3.62,10000,0
2016-03-16,03:35:00,3.62,3.65,3.61,3.65,194000,0
2016-03-16,03:40:00,3.65,3.65,3.65,3.65,74000,0
2016-03-16,03:50:00,3.65,3.65,3.65,3.65,34000,0
2016-03-16,03:55:00,3.65,3.65,3.62,3.65,98000,0
2016-03-16,04:00:00,3.64,3.64,3.62,3.64,96000,0
2016-03-16,04:05:00,3.64,3.65,3.64,3.65,256000,0
2016-03-16,04:15:00,3.65,3.65,3.61,3.65,144000,0
2016-03-16,04:30:00,3.65,3.65,3.61,3.64,128000,0
2016-03-16,04:40:00,3.64,3.64,3.64,3.64,90000,0
2016-03-16,04:45:00,3.64,3.64,3.64,3.64,80000,0
2016-03-16,04:50:00,3.64,3.64,3.64,3.64,90000,0
2016-03-16,06:05:00,3.64,3.64,3.6,3.62,152000,0
2016-03-16,06:10:00,3.62,3.63,3.62,3.63,122000,0
2016-03-16,06:35:00,3.63,3.63,3.63,3.63,100000,0
2016-03-16,06:45:00,3.63,3.63,3.56,3.61,62000,0
2016-03-16,06:50:00,3.61,3.61,3.56,3.56,118000,0
2016-03-16,06:55:00,3.56,3.61,3.56,3.61,40000,0
2016-03-16,07:00:00,3.61,3.61,3.56,3.56,4000,0
2016-03-16,07:05:00,3.56,3.6,3.56,3.6,42000,0
2016-03-16,07:10:00,3.6,3.6,3.55,3.55,12000,0
2016-03-16,07:15:00,3.55,3.6,3.55,3.59,100000,0
2016-03-16,07:20:00,3.58,3.58,3.58,3.58,20000,0
2016-03-16,07:30:00,3.58,3.58,3.55,3.58,52000,0
2016-03-16,07:40:00,3.58,3.59,3.55,3.58,68000,0
2016-03-16,07:45:00,3.59,3.6,3.55,3.6,72000,0
2016-03-16,08:00:00,3.6,3.6,3.55,3.55,112000,0
2016-03-16,08:05:00,3.55,3.57,3.55,3.57,60000,0
2016-03-16,08:20:00,3.57,3.59,3.53,3.55,288000,0
2016-03-16,08:25:00,3.55,3.58,3.54,3.55,378000,0
2016-03-16,08:35:00,3.55,3.55,3.53,3.53,8000,0
2016-03-16,08:40:00,3.53,3.54,3.53,3.53,38000,0
2016-03-16,08:45:00,3.53,3.61,3.53,3.57,372000,0
2016-03-16,08:50:00,3.56,3.57,3.56,3.57,100000,0
2016-03-16,08:55:00,3.57,3.59,3.52,3.56,202000,0
2016-03-16,09:00:00,3.56,3.56,3.51,3.56,124000,0
2016-03-17,03:00:00,3.56,3.56,3.51,3.51,18000,0
2016-03-17,03:20:00,3.56,3.56,3.56,3.56,6000,0
2016-03-17,03:35:00,3.56,3.56,3.56,3.56,6000,0
2016-03-17,03:55:00,3.56,3.56,3.56,3.56,6000,0
2016-03-17,04:15:00,3.56,3.56,3.56,3.56,2000,0
2016-03-17,04:25:00,3.56,3.64,3.52,3.64,22000,0
2016-03-17,04:40:00,3.63,3.63,3.52,3.52,36000,0
2016-03-17,06:05:00,3.52,3.52,3.52,3.52,10000,0
2016-03-17,06:25:00,3.52,3.53,3.52,3.53,60000,0
2016-03-17,06:40:00,3.53,3.53,3.53,3.53,40000,0
2016-03-17,06:50:00,3.53,3.53,3.53,3.53,118000,0
2016-03-17,07:30:00,3.53,3.53,3.53,3.53,2000,0
2016-03-17,07:40:00,3.53,3.53,3.52,3.52,8000,0
2016-03-17,07:50:00,3.52,3.52,3.52,3.52,28000,0
2016-03-17,07:55:00,3.52,3.52,3.51,3.52,26000,0
2016-03-17,08:10:00,3.52,3.52,3.52,3.52,6000,0
2016-03-17,08:15:00,3.52,3.52,3.51,3.51,14000,0
2016-03-17,08:20:00,3.51,3.54,3.51,3.54,20000,0
2016-03-17,08:30:00,3.54,3.54,3.51,3.51,24000,0
2016-03-17,08:35:00,3.52,3.52,3.52,3.52,4000,0
2016-03-17,08:40:00,3.52,3.54,3.52,3.53,6000,0
2016-03-17,08:50:00,3.53,3.54,3.53,3.54,4000,0
2016-03-17,08:55:00,3.54,3.55,3.54,3.55,20000,0
2016-03-17,09:00:00,3.55,3.55,3.5,3.55,34000,0
2016-03-18,02:45:00,3.57,3.57,3.55,3.55,84000,0
2016-03-18,02:55:00,3.55,3.56,3.55,3.56,8000,0
2016-03-18,03:00:00,3.56,3.56,3.56,3.56,14000,0
2016-03-18,03:05:00,3.56,3.56,3.56,3.56,30000,0
2016-03-18,03:10:00,3.56,3.56,3.55,3.55,72000,0
2016-03-18,04:05:00,3.55,3.55,3.53,3.53,12000,0
2016-03-18,04:15:00,3.53,3.53,3.53,3.53,18000,0
2016-03-18,06:05:00,3.53,3.53,3.53,3.53,20000,0
2016-03-18,06:15:00,3.53,3.55,3.53,3.55,4000,0
2016-03-18,06:25:00,3.55,3.55,3.55,3.55,4000,0
2016-03-18,06:35:00,3.55,3.55,3.55,3.55,4000,0
2016-03-18,06:55:00,3.55,3.55,3.53,3.53,8000,0
2016-03-18,07:10:00,3.53,3.55,3.53,3.55,8000,0
2016-03-18,07:30:00,3.55,3.55,3.54,3.54,10000,0
2016-03-18,08:00:00,3.54,3.54,3.54,3.54,6000,0
2016-03-18,08:05:00,3.54,3.54,3.54,3.54,6000,0
2016-03-18,08:15:00,3.54,3.55,3.54,3.55,6000,0
2016-03-18,08:45:00,3.55,3.55,3.5,3.51,68000,0
2016-03-18,08:50:00,3.51,3.55,3.51,3.55,4000,0
2016-03-18,08:55:00,3.55,3.55,3.55,3.55,6000,0
2016-03-21,03:15:00,3.54,3.54,3.5,3.5,12000,0
2016-03-21,03:20:00,3.5,3.5,3.5,3.5,14000,0
2016-03-21,03:35:00,3.49,3.49,3.49,3.49,8000,0
2016-03-21,03:50:00,3.49,3.49,3.49,3.49,4000,0
2016-03-21,03:55:00,3.49,3.5,3.49,3.5,12000,0
2016-03-21,04:05:00,3.5,3.5,3.49,3.49,28000,0
2016-03-21,04:10:00,3.49,3.49,3.48,3.48,28000,0
2016-03-21,04:20:00,3.48,3.49,3.48,3.49,10000,0
2016-03-21,04:25:00,3.49,3.49,3.46,3.46,12000,0
2016-03-21,04:30:00,3.46,3.49,3.46,3.49,12000,0
2016-03-21,04:40:00,3.49,3.49,3.49,3.49,4000,0
2016-03-21,04:55:00,3.49,3.5,3.49,3.49,10000,0
2016-03-21,05:00:00,3.49,3.49,3.49,3.49,6000,0
2016-03-21,06:05:00,3.49,3.5,3.48,3.49,174000,0
2016-03-21,06:20:00,3.49,3.49,3.49,3.49,8000,0
2016-03-21,06:25:00,3.49,3.49,3.49,3.49,12000,0
2016-03-21,06:35:00,3.49,3.49,3.46,3.49,32000,0
2016-03-21,06:45:00,3.49,3.49,3.49,3.49,8000,0
2016-03-21,06:50:00,3.48,3.48,3.45,3.45,26000,0
2016-03-21,06:55:00,3.45,3.45,3.45,3.45,4000,0
2016-03-21,07:00:00,3.45,3.48,3.45,3.48,12000,0
2016-03-21,07:10:00,3.48,3.48,3.48,3.48,8000,0
2016-03-21,07:25:00,3.44,3.49,3.44,3.49,124000,0
2016-03-21,07:40:00,3.49,3.49,3.45,3.45,132000,0
2016-03-21,07:50:00,3.45,3.45,3.45,3.45,30000,0
2016-03-21,07:55:00,3.45,3.45,3.44,3.45,184000,0
2016-03-21,08:00:00,3.45,3.49,3.45,3.49,20000,0
2016-03-21,08:05:00,3.48,3.48,3.46,3.46,160000,0
2016-03-21,08:10:00,3.46,3.47,3.46,3.47,8000,0
2016-03-21,08:15:00,3.47,3.49,3.45,3.49,24000,0
2016-03-21,08:30:00,3.49,3.49,3.48,3.48,16000,0
2016-03-21,08:35:00,3.48,3.5,3.48,3.5,38000,0
2016-03-21,08:50:00,3.5,3.5,3.49,3.5,90000,0
2016-03-21,08:55:00,3.5,3.51,3.5,3.5,46000,0
2016-03-21,09:00:00,3.5,3.51,3.5,3.5,120000,0
2016-03-22,02:35:00,3.38,3.55,3.38,3.55,34000,0
2016-03-22,02:50:00,3.55,3.55,3.55,3.55,10000,0
2016-03-22,03:05:00,3.54,3.54,3.54,3.54,6000,0
2016-03-22,03:10:00,3.54,3.54,3.5,3.5,12000,0
2016-03-22,03:15:00,3.5,3.5,3.49,3.49,32000,0
2016-03-22,03:55:00,3.49,3.49,3.49,3.49,2000,0
2016-03-22,04:15:00,3.49,3.49,3.49,3.49,2000,0
2016-03-22,04:25:00,3.49,3.49,3.49,3.49,2000,0
2016-03-22,04:40:00,3.49,3.49,3.49,3.49,2000,0
2016-03-22,04:55:00,3.49,3.49,3.49,3.49,2000,0
2016-03-22,05:00:00,3.49,3.49,3.49,3.49,2000,0
2016-03-22,06:05:00,3.49,3.49,3.49,3.49,6000,0
2016-03-22,06:15:00,3.49,3.5,3.49,3.5,4000,0
2016-03-22,06:30:00,3.5,3.5,3.5,3.5,2000,0
2016-03-22,06:45:00,3.5,3.51,3.5,3.51,4000,0
2016-03-22,07:10:00,3.51,3.51,3.51,3.51,2000,0
2016-03-22,07:15:00,3.51,3.51,3.51,3.51,30000,0
2016-03-22,07:35:00,3.51,3.51,3.5,3.5,4000,0
2016-03-22,07:45:00,3.5,3.5,3.5,3.5,4000,0
2016-03-22,07:55:00,3.5,3.51,3.5,3.51,8000,0
2016-03-22,08:15:00,3.5,3.5,3.5,3.5,2000,0
2016-03-22,08:30:00,3.5,3.5,3.5,3.5,16000,0
2016-03-22,08:40:00,3.5,3.5,3.5,3.5,6000,0
2016-03-22,08:50:00,3.5,3.53,3.5,3.53,310000,0
2016-03-22,08:55:00,3.53,3.53,3.53,3.53,2000,0
2016-03-22,09:00:00,3.53,3.53,3.53,3.53,2000,0
2016-03-23,02:35:00,3.49,3.5,3.49,3.49,4000,0
2016-03-23,02:55:00,3.49,3.5,3.49,3.5,8000,0
2016-03-23,03:00:00,3.5,3.5,3.5,3.5,20000,0
2016-03-23,03:30:00,3.5,3.5,3.5,3.5,4000,0
2016-03-23,04:35:00,3.5,3.5,3.48,3.48,20000,0
2016-03-23,04:40:00,3.48,3.48,3.48,3.48,2000,0
2016-03-23,04:45:00,3.48,3.49,3.48,3.49,16000,0
2016-03-23,06:05:00,3.48,3.48,3.4,3.44,96000,0
2016-03-23,06:10:00,3.44,3.47,3.44,3.47,12000,0
2016-03-23,08:00:00,3.47,3.47,3.45,3.45,40000,0
2016-03-23,08:05:00,3.45,3.45,3.45,3.45,20000,0
2016-03-23,08:15:00,3.45,3.47,3.45,3.47,28000,0
2016-03-23,08:50:00,3.46,3.46,3.45,3.45,56000,0
2016-03-23,08:55:00,3.45,3.47,3.45,3.46,52000,0
2016-03-24,02:35:00,3.45,3.6,3.45,3.6,24000,0
2016-03-24,02:40:00,3.59,3.59,3.58,3.58,16000,0
2016-03-24,02:50:00,3.58,3.58,3.57,3.57,4000,0
2016-03-24,02:55:00,3.52,3.52,3.5,3.5,48000,0
2016-03-24,03:05:00,3.5,3.5,3.46,3.46,40000,0
2016-03-24,03:15:00,3.46,3.46,3.45,3.45,4000,0
2016-03-24,03:20:00,3.45,3.5,3.45,3.5,8000,0
2016-03-24,03:45:00,3.5,3.5,3.5,3.5,4000,0
2016-03-24,04:05:00,3.5,3.5,3.5,3.5,4000,0
2016-03-24,04:25:00,3.49,3.49,3.49,3.49,6000,0
2016-03-24,04:40:00,3.49,3.5,3.49,3.5,12000,0
2016-03-24,04:55:00,3.5,3.5,3.5,3.5,2000,0
2016-03-24,06:05:00,3.5,3.5,3.49,3.49,20000,0
2016-03-24,06:45:00,3.49,3.5,3.49,3.5,8000,0
2016-03-24,07:25:00,3.5,3.5,3.49,3.49,12000,0
2016-03-24,07:30:00,3.49,3.49,3.49,3.49,2000,0
2016-03-24,07:35:00,3.49,3.5,3.49,3.49,30000,0
2016-03-24,07:40:00,3.49,3.49,3.49,3.49,10000,0
2016-03-24,07:55:00,3.49,3.49,3.48,3.48,6000,0
2016-03-24,08:25:00,3.48,3.48,3.48,3.48,20000,0
2016-03-24,08:50:00,3.48,3.48,3.47,3.47,8000,0
2016-03-29,03:35:00,3.43,3.6,3.43,3.59,30000,0
2016-03-29,03:40:00,3.6,3.6,3.6,3.6,4000,0
2016-03-29,04:00:00,3.53,3.53,3.53,3.53,4000,0
2016-03-29,04:15:00,3.53,3.53,3.5,3.5,20000,0
2016-03-29,04:20:00,3.5,3.5,3.48,3.48,200000,0
2016-03-29,04:25:00,3.48,3.48,3.46,3.46,40000,0
2016-03-29,04:40:00,3.46,3.46,3.45,3.45,4000,0
2016-03-29,04:45:00,3.45,3.45,3.4,3.43,108000,0
2016-03-29,04:50:00,3.43,3.45,3.43,3.45,4000,0
2016-03-29,05:00:00,3.45,3.45,3.43,3.43,4000,0
2016-03-29,05:05:00,3.43,3.47,3.43,3.47,34000,0
2016-03-29,05:30:00,3.47,3.55,3.47,3.54,100000,0
2016-03-29,05:50:00,3.54,3.54,3.54,3.54,4000,0
2016-03-29,07:25:00,3.53,3.53,3.52,3.52,8000,0
2016-03-29,07:30:00,3.52,3.52,3.5,3.5,12000,0
2016-03-29,08:05:00,3.5,3.5,3.5,3.5,4000,0
2016-03-29,08:10:00,3.5,3.5,3.48,3.48,60000,0
2016-03-29,08:15:00,3.48,3.51,3.48,3.51,4000,0
2016-03-29,08:30:00,3.47,3.53,3.47,3.5,12000,0
2016-03-29,09:40:00,3.5,3.5,3.5,3.5,6000,0
2016-03-29,09:50:00,3.5,3.5,3.48,3.5,48000,0
2016-03-29,09:55:00,3.5,3.5,3.46,3.5,236000,0
2016-03-30,05:00:00,3.48,3.48,3.48,3.48,2000,0
2016-03-30,07:05:00,3.48,3.49,3.48,3.48,14000,0
2016-03-30,07:15:00,3.48,3.49,3.48,3.49,612000,0
2016-03-30,07:20:00,3.48,3.49,3.48,3.49,1412000,0
2016-03-30,07:35:00,3.48,3.49,3.48,3.49,3600000,0
2016-03-30,08:15:00,3.49,3.49,3.49,3.49,8000,0
2016-03-30,08:40:00,3.49,3.49,3.49,3.49,8000,0
2016-03-30,09:55:00,3.49,3.49,3.45,3.49,26000,0
2016-03-31,03:35:00,3.54,3.54,3.49,3.49,6000,0
2016-03-31,04:10:00,3.49,3.49,3.47,3.47,14000,0
2016-03-31,04:25:00,3.47,3.47,3.47,3.47,4000,0
2016-03-31,04:35:00,3.47,3.47,3.45,3.45,14000,0
2016-03-31,04:55:00,3.45,3.47,3.45,3.45,32000,0
2016-03-31,05:05:00,3.45,3.45,3.45,3.45,6000,0
2016-03-31,05:10:00,3.45,3.45,3.43,3.44,106000,0
2016-03-31,05:15:00,3.44,3.44,3.44,3.44,4000,0
2016-03-31,05:25:00,3.44,3.44,3.44,3.44,4000,0
2016-03-31,05:35:00,3.44,3.44,3.44,3.44,4000,0
2016-03-31,05:45:00,3.44,3.46,3.44,3.46,20000,0
2016-03-31,07:05:00,3.45,3.45,3.43,3.45,1176000,0
2016-03-31,07:10:00,3.45,3.45,3.43,3.43,1604000,0
2016-03-31,07:15:00,3.43,3.45,3.43,3.45,20000,0
2016-03-31,07:25:00,3.44,3.44,3.44,3.44,6000,0
2016-03-31,08:00:00,3.44,3.44,3.44,3.44,8000,0
2016-03-31,08:30:00,3.43,3.43,3.43,3.43,2000,0
2016-03-31,08:40:00,3.43,3.44,3.43,3.44,14000,0
2016-03-31,08:50:00,3.43,3.44,3.43,3.44,12000,0
2016-03-31,09:00:00,3.43,3.45,3.43,3.45,44000,0
2016-03-31,09:15:00,3.44,3.47,3.44,3.47,150000,0
2016-03-31,09:20:00,3.45,3.45,3.45,3.45,4000,0
2016-03-31,09:25:00,3.45,3.46,3.44,3.46,12000,0
2016-03-31,09:30:00,3.44,3.46,3.44,3.46,16000,0
2016-03-31,09:35:00,3.46,3.49,3.46,3.49,318000,0
2016-03-31,09:40:00,3.48,3.48,3.43,3.43,68000,0
2016-03-31,09:45:00,3.43,3.47,3.43,3.46,16000,0
2016-03-31,09:50:00,3.46,3.46,3.43,3.46,24000,0
2016-03-31,09:55:00,3.46,3.46,3.43,3.46,18000,0
2016-03-31,10:00:00,3.46,3.48,3.42,3.47,60000,0
2016-04-01,03:35:00,3.44,3.47,3.41,3.44,110000,0
2016-04-01,03:40:00,3.44,3.46,3.44,3.45,3500000,0
2016-04-01,03:55:00,3.45,3.52,3.45,3.52,30000,0
2016-04-01,04:00:00,3.52,3.52,3.51,3.51,4000,0
2016-04-01,04:05:00,3.51,3.52,3.5,3.5,40000,0
2016-04-01,04:10:00,3.5,3.5,3.45,3.46,86000,0
2016-04-01,04:25:00,3.46,3.46,3.46,3.46,8000,0
2016-04-01,04:30:00,3.46,3.46,3.42,3.42,98000,0
2016-04-01,04:35:00,3.42,3.52,3.4,3.5,196000,0
2016-04-01,04:40:00,3.5,3.59,3.5,3.57,192000,0
2016-04-01,04:45:00,3.57,3.57,3.53,3.53,40000,0
2016-04-01,04:55:00,3.53,3.53,3.46,3.46,152000,0
2016-04-01,05:00:00,3.46,3.46,3.45,3.45,8000,0
2016-04-01,05:45:00,3.45,3.46,3.45,3.46,20000000,0
2016-04-01,07:20:00,3.46,3.5,3.46,3.5,4000,0
2016-04-01,07:50:00,3.49,3.49,3.45,3.45,26000,0
2016-04-01,08:10:00,3.45,3.46,3.44,3.45,11030000,0
2016-04-01,08:15:00,3.45,3.45,3.4,3.41,106000,0
2016-04-01,08:20:00,3.42,3.42,3.4,3.4,58000,0
2016-04-01,08:25:00,3.4,3.49,3.4,3.4,168000,0
2016-04-01,08:30:00,3.41,3.41,3.41,3.41,4000,0
2016-04-01,08:40:00,3.41,3.41,3.41,3.41,14000,0
2016-04-01,08:45:00,3.41,3.5,3.4,3.5,390000,0
2016-04-01,08:50:00,3.5,3.5,3.41,3.44,58000,0
2016-04-01,08:55:00,3.44,3.44,3.4,3.42,316000,0
2016-04-01,09:00:00,3.42,3.49,3.4,3.42,220000,0
2016-04-01,09:05:00,3.44,3.47,3.4,3.41,176000,0
2016-04-01,09:10:00,3.41,3.41,3.4,3.4,10000,0
2016-04-01,09:15:00,3.4,3.45,3.4,3.45,110000,0
2016-04-01,09:20:00,3.45,3.46,3.4,3.42,126000,0
2016-04-01,09:35:00,3.42,3.42,3.41,3.41,6000,0
2016-04-01,09:45:00,3.41,3.41,3.41,3.41,6000,0
2016-04-01,09:55:00,3.41,3.42,3.39,3.42,36000,0
2016-04-01,10:00:00,3.42,3.47,3.38,3.43,1298000,0
2016-04-05,03:35:00,3.43,3.45,3.4,3.45,48000,0
2016-04-05,03:40:00,3.45,3.45,3.4,3.42,70000,0
2016-04-05,03:45:00,3.43,3.44,3.4,3.43,56000,0
2016-04-05,03:50:00,3.43,3.43,3.4,3.41,208000,0
2016-04-05,03:55:00,3.41,3.42,3.4,3.41,110000,0
2016-04-05,04:00:00,3.41,3.41,3.4,3.4,4000,0
2016-04-05,04:35:00,3.4,3.41,3.4,3.41,22000,0
2016-04-05,05:05:00,3.41,3.41,3.4,3.41,42000,0
2016-04-05,05:30:00,3.41,3.41,3.4,3.4,120000,0
2016-04-05,05:35:00,3.4,3.4,3.4,3.4,4000,0
2016-04-05,05:40:00,3.4,3.4,3.4,3.4,2000,0
2016-04-05,05:45:00,3.4,3.4,3.4,3.4,12000,0
2016-04-05,05:50:00,3.4,3.4,3.4,3.4,10000,0
2016-04-05,05:55:00,3.4,3.4,3.4,3.4,28000,0
2016-04-05,06:00:00,3.4,3.4,3.4,3.4,2000,0
2016-04-05,07:05:00,3.4,3.41,3.4,3.41,4000,0
2016-04-05,07:10:00,3.41,3.41,3.4,3.4,12000,0
2016-04-05,07:15:00,3.4,3.4,3.38,3.4,36000,0
2016-04-05,07:45:00,3.4,3.4,3.4,3.4,20000,0
2016-04-05,07:55:00,3.4,3.4,3.4,3.4,10000,0
2016-04-05,08:15:00,3.4,3.4,3.4,3.4,6000,0
2016-04-05,08:20:00,3.4,3.4,3.4,3.4,4000,0
2016-04-05,09:05:00,3.4,3.4,3.4,3.4,16000,0
2016-04-05,09:10:00,3.4,3.41,3.4,3.41,14000,0
2016-04-05,09:15:00,3.41,3.41,3.4,3.4,4000,0
2016-04-05,09:20:00,3.4,3.4,3.4,3.4,4000,0
2016-04-05,09:25:00,3.4,3.4,3.4,3.4,10000,0
2016-04-05,09:30:00,3.4,3.4,3.4,3.4,10000,0
2016-04-05,09:45:00,3.4,3.41,3.4,3.41,20000,0
2016-04-05,10:00:00,3.4,3.41,3.38,3.39,40000,0
2016-04-06,03:35:00,3.4,3.41,3.4,3.41,4000,0
2016-04-06,03:45:00,3.42,3.42,3.42,3.42,30000,0
2016-04-06,04:05:00,3.42,3.45,3.42,3.45,18000,0
2016-04-06,04:10:00,3.45,3.54,3.45,3.48,120000,0
2016-04-06,04:15:00,3.48,3.48,3.46,3.47,22000,0
2016-04-06,04:30:00,3.46,3.46,3.46,3.46,4000,0
2016-04-06,04:35:00,3.45,3.45,3.43,3.43,32000,0
2016-04-06,04:40:00,3.43,3.47,3.43,3.47,128000,0
2016-04-06,05:00:00,3.47,3.47,3.47,3.47,2000,0
2016-04-06,05:20:00,3.47,3.47,3.47,3.47,4000,0
2016-04-06,05:35:00,3.47,3.47,3.45,3.45,304000,0
2016-04-06,05:40:00,3.45,3.47,3.45,3.47,4000,0
2016-04-06,05:50:00,3.47,3.47,3.45,3.45,4000,0
2016-04-06,07:40:00,3.45,3.45,3.45,3.45,8000,0
2016-04-06,08:00:00,3.45,3.45,3.44,3.44,8000,0
2016-04-06,08:15:00,3.44,3.47,3.44,3.46,26000,0
2016-04-06,08:20:00,3.46,3.46,3.45,3.45,8000,0
2016-04-06,09:20:00,3.45,3.46,3.45,3.46,4000,0
2016-04-06,09:25:00,3.46,3.46,3.45,3.45,8000,0
2016-04-06,09:30:00,3.45,3.45,3.43,3.43,4000,0
2016-04-06,09:40:00,3.43,3.47,3.43,3.47,18000,0
2016-04-06,09:55:00,3.46,3.46,3.45,3.46,42000,0
2016-04-07,03:35:00,3.48,3.48,3.47,3.47,4000,0
2016-04-07,03:45:00,3.47,3.5,3.47,3.5,4000,0
2016-04-07,04:25:00,3.5,3.55,3.5,3.55,6000,0
2016-04-07,04:35:00,3.48,3.48,3.48,3.48,2000,0
2016-04-07,04:45:00,3.48,3.55,3.48,3.55,6000,0
2016-04-07,05:05:00,3.55,3.55,3.55,3.55,2000,0
2016-04-07,07:05:00,3.54,3.54,3.47,3.47,4000,0
2016-04-07,07:40:00,3.47,3.54,3.47,3.54,4000,0
2016-04-07,07:45:00,3.54,3.54,3.54,3.54,2000,0
2016-04-07,08:00:00,3.54,3.54,3.54,3.54,2000,0
2016-04-07,08:50:00,3.52,3.52,3.45,3.52,368000,0
2016-04-07,08:55:00,3.52,3.54,3.52,3.54,4000,0
2016-04-07,09:05:00,3.54,3.54,3.54,3.54,2000,0
2016-04-07,09:10:00,3.54,3.54,3.47,3.53,20000,0
2016-04-07,09:20:00,3.53,3.56,3.5,3.5,252000,0
2016-04-07,09:30:00,3.5,3.55,3.5,3.55,22000,0
2016-04-07,09:35:00,3.55,3.55,3.5,3.5,150000,0
2016-04-07,09:50:00,3.5,3.52,3.5,3.52,8000,0
2016-04-07,09:55:00,3.52,3.52,3.51,3.51,26000,0
2016-04-07,10:00:00,3.51,3.6,3.51,3.56,374000,0
2016-04-08,03:35:00,3.53,3.62,3.53,3.62,26000,0
2016-04-08,03:40:00,3.62,3.62,3.62,3.62,26000,0
2016-04-08,03:50:00,3.62,3.64,3.6,3.6,94000,0
2016-04-08,03:55:00,3.6,3.62,3.6,3.62,40000,0
2016-04-08,04:00:00,3.62,3.65,3.62,3.65,18000,0
2016-04-08,04:10:00,3.65,3.65,3.45,3.5,288000,0
2016-04-08,04:45:00,3.5,3.5,3.45,3.49,56000,0
2016-04-08,04:50:00,3.49,3.49,3.45,3.45,14000,0
2016-04-08,04:55:00,3.46,3.46,3.44,3.45,14000,0
2016-04-08,05:15:00,3.45,3.46,3.4,3.45,72000,0
2016-04-08,05:20:00,3.44,3.44,3.43,3.43,4000,0
2016-04-08,05:25:00,3.44,3.44,3.42,3.42,6000,0
2016-04-08,05:30:00,3.42,3.42,3.42,3.42,2000,0
2016-04-08,05:40:00,3.42,3.42,3.42,3.42,2000,0
2016-04-08,05:50:00,3.42,3.44,3.42,3.44,4000,0
2016-04-08,07:05:00,3.44,3.44,3.42,3.44,10000,0
2016-04-08,07:10:00,3.44,3.47,3.44,3.47,4000,0
2016-04-08,07:15:00,3.46,3.46,3.44,3.45,5022000,0
2016-04-08,07:25:00,3.45,3.48,3.43,3.43,1018000,0
2016-04-08,07:30:00,3.43,3.45,3.43,3.45,1008000,0
2016-04-08,08:05:00,3.41,3.42,3.4,3.42,26000,0
2016-04-08,08:10:00,3.42,3.46,3.42,3.45,1388000,0
2016-04-08,08:35:00,3.44,3.44,3.43,3.43,4000,0
2016-04-08,08:40:00,3.43,3.44,3.43,3.44,8000,0
2016-04-08,09:00:00,3.44,3.44,3.44,3.44,2000,0
2016-04-08,09:15:00,3.43,3.44,3.43,3.44,6000,0
2016-04-08,10:00:00,3.43,3.45,3.4,3.44,378000,0
2016-04-11,03:35:00,3.43,3.43,3.43,3.43,4000,0
2016-04-11,03:50:00,3.44,3.48,3.44,3.48,4000,0
2016-04-11,04:10:00,3.48,3.48,3.48,3.48,2000,0
2016-04-11,04:25:00,3.47,3.5,3.46,3.46,20000,0
2016-04-11,04:35:00,3.46,3.48,3.46,3.48,6000,0
2016-04-11,04:45:00,3.48,3.48,3.48,3.48,4000,0
2016-04-11,05:05:00,3.48,3.49,3.48,3.49,4000,0
2016-04-11,05:20:00,3.49,3.49,3.49,3.49,2000,0
2016-04-11,05:35:00,3.49,3.49,3.49,3.49,2000,0
2016-04-11,05:50:00,3.49,3.49,3.49,3.49,2000,0
2016-04-11,07:05:00,3.49,3.49,3.49,3.49,2000,0
2016-04-11,07:10:00,3.49,3.49,3.49,3.49,2000,0
2016-04-11,07:25:00,3.49,3.5,3.49,3.49,10000,0
2016-04-11,07:30:00,3.49,3.5,3.49,3.5,14000,0
2016-04-11,07:55:00,3.5,3.5,3.5,3.5,2000,0
2016-04-11,08:15:00,3.49,3.49,3.48,3.48,8000,0
2016-04-11,08:30:00,3.49,3.49,3.49,3.49,2000,0
2016-04-11,08:50:00,3.49,3.49,3.45,3.45,16000,0
2016-04-11,09:10:00,3.45,3.49,3.45,3.48,10000,0
2016-04-11,09:30:00,3.49,3.49,3.49,3.49,6000,0
2016-04-11,09:45:00,3.49,3.49,3.49,3.49,4000,0
2016-04-11,09:55:00,3.49,3.5,3.49,3.5,74000,0
2016-04-11,10:00:00,3.5,3.54,3.5,3.54,210000,0
2016-04-12,03:35:00,3.57,3.57,3.54,3.57,28000,0
2016-04-12,03:40:00,3.57,3.6,3.57,3.6,22000,0
2016-04-12,03:50:00,3.59,3.59,3.55,3.55,4000,0
2016-04-12,04:05:00,3.56,3.6,3.56,3.56,8000,0
2016-04-12,04:10:00,3.56,3.6,3.56,3.6,4000,0
2016-04-12,04:15:00,3.6,3.6,3.56,3.57,8000,0
2016-04-12,04:20:00,3.57,3.6,3.57,3.6,12000,0
2016-04-12,04:25:00,3.6,3.6,3.58,3.58,16000,0
2016-04-12,04:30:00,3.58,3.6,3.56,3.56,18000,0
2016-04-12,04:35:00,3.56,3.6,3.56,3.56,130000,0
2016-04-12,05:15:00,3.58,3.59,3.58,3.59,4000,0
2016-04-12,05:25:00,3.59,3.59,3.59,3.59,2000,0
2016-04-12,05:50:00,3.59,3.59,3.59,3.59,2000,0
2016-04-12,07:05:00,3.59,3.59,3.59,3.59,2000,0
2016-04-12,07:40:00,3.59,3.59,3.59,3.59,2000,0
2016-04-12,08:10:00,3.59,3.59,3.59,3.59,2000,0
2016-04-12,08:30:00,3.59,3.59,3.59,3.59,2000,0
2016-04-12,09:25:00,3.59,3.59,3.59,3.59,2000,0
2016-04-12,09:45:00,3.59,3.59,3.59,3.59,4000,0
2016-04-13,03:35:00,3.64,3.64,3.6,3.63,26000,0
2016-04-13,03:50:00,3.63,3.63,3.62,3.62,8000,0
2016-04-13,03:55:00,3.62,3.62,3.61,3.62,24000,0
2016-04-13,04:00:00,3.62,3.62,3.61,3.61,4000,0
2016-04-13,04:10:00,3.61,3.62,3.61,3.62,4000,0
2016-04-13,04:45:00,3.62,3.62,3.62,3.62,4000,0
2016-04-13,04:50:00,3.62,3.62,3.62,3.62,4000,0
2016-04-13,05:00:00,3.62,3.62,3.62,3.62,2000,0
2016-04-13,05:15:00,3.62,3.62,3.62,3.62,12000,0
2016-04-13,05:20:00,3.62,3.62,3.62,3.62,8000,0
2016-04-13,05:30:00,3.62,3.62,3.62,3.62,14000,0
2016-04-13,05:35:00,3.62,3.62,3.6,3.6,8000,0
2016-04-13,05:40:00,3.6,3.62,3.6,3.62,8000,0
2016-04-13,05:45:00,3.62,3.62,3.62,3.62,4000,0
2016-04-13,05:55:00,3.62,3.63,3.59,3.63,14000,0
2016-04-13,07:15:00,3.63,3.63,3.63,3.63,2000,0
2016-04-13,07:25:00,3.63,3.63,3.63,3.63,2000,0
2016-04-13,07:30:00,3.63,3.63,3.63,3.63,2000,0
2016-04-13,07:45:00,3.63,3.63,3.63,3.63,64000,0
2016-04-13,07:50:00,3.63,3.65,3.63,3.65,42000,0
2016-04-13,07:55:00,3.65,3.65,3.65,3.65,4000,0
2016-04-13,08:10:00,3.65,3.65,3.65,3.65,2000,0
2016-04-13,08:25:00,3.65,3.65,3.65,3.65,2000,0
2016-04-13,08:40:00,3.65,3.74,3.65,3.74,184000,0
2016-04-13,08:45:00,3.74,3.75,3.74,3.75,38000,0
2016-04-13,08:50:00,3.75,3.8,3.75,3.8,66000,0
2016-04-13,08:55:00,3.8,3.8,3.8,3.8,44000,0
2016-04-13,09:00:00,3.8,3.86,3.77,3.77,264000,0
2016-04-13,09:05:00,3.77,3.84,3.77,3.84,8000,0
2016-04-13,09:10:00,3.84,3.86,3.8,3.8,2132000,0
2016-04-13,09:15:00,3.8,3.89,3.76,3.89,414000,0
2016-04-13,09:20:00,3.88,3.88,3.88,3.88,14000,0
2016-04-13,09:25:00,3.88,3.95,3.88,3.95,108000,0
2016-04-13,09:35:00,3.95,3.95,3.94,3.94,32000,0
2016-04-13,09:40:00,3.94,3.94,3.94,3.94,8000,0
2016-04-13,09:45:00,3.93,3.95,3.93,3.94,52000,0
2016-04-13,09:50:00,3.94,3.94,3.89,3.9,132000,0
2016-04-13,09:55:00,3.9,3.93,3.9,3.93,4000,0
