Date,Time,Open,High,Low,Close,Volume,OpenInt
2016-02-11,06:05:00,1.15,1.26,1.15,1.19,70000,0
2016-02-12,07:25:00,1.2,1.2,1.2,1.2,2000,0
2016-02-16,06:50:00,1.22,1.22,1.22,1.22,2000,0
2016-02-16,07:05:00,1.22,1.23,1.22,1.23,8000,0
2016-02-16,08:45:00,1.22,1.35,1.22,1.35,50000,0
2016-02-17,04:10:00,1.28,1.35,1.22,1.26,40000,0
2016-02-18,02:55:00,1.26,1.26,1.26,1.26,10000,0
2016-02-18,04:00:00,1.26,1.26,1.26,1.26,10000,0
2016-02-18,04:10:00,1.26,1.26,1.26,1.26,2000,0
2016-02-19,08:45:00,1.26,1.26,1.26,1.26,50000,0
2016-02-22,06:20:00,1.26,1.26,1.26,1.26,8000,0
2016-02-22,08:55:00,1.26,1.26,1.26,1.26,6000,0
2016-02-23,03:30:00,1.22,1.22,1.2,1.2,4000,0
2016-02-23,03:50:00,1.2,1.2,1.14,1.17,92000,0
2016-02-23,04:25:00,1.19,1.19,1.18,1.18,120000,0
2016-02-23,04:35:00,1.18,1.18,1.16,1.16,110000,0
2016-02-23,05:00:00,1.16,1.16,1.16,1.16,2000,0
2016-02-23,06:15:00,1.16,1.17,1.16,1.17,18000,0
2016-02-23,07:30:00,1.2,1.25,1.2,1.25,24000,0
2016-02-23,07:50:00,1.25,1.25,1.25,1.25,20000,0
2016-02-23,08:40:00,1.25,1.25,1.25,1.25,6000,0
2016-02-24,03:10:00,1.3,1.3,1.25,1.3,28000,0
2016-02-24,03:15:00,1.3,1.3,1.3,1.3,2000,0
2016-02-24,03:45:00,1.3,1.3,1.3,1.3,10000,0
2016-02-24,06:05:00,1.3,1.35,1.3,1.35,70000,0
2016-02-24,07:10:00,1.35,1.35,1.35,1.35,4000,0
2016-02-24,07:30:00,1.35,1.35,1.33,1.33,10000,0
2016-02-25,04:50:00,1.26,1.33,1.26,1.27,30000,0
2016-02-25,06:05:00,1.26,1.31,1.26,1.31,6000,0
2016-02-25,06:30:00,1.31,1.35,1.31,1.35,32000,0
2016-02-25,06:45:00,1.35,1.39,1.35,1.39,26000,0
2016-02-25,07:00:00,1.39,1.45,1.39,1.45,52000,0
2016-02-25,07:05:00,1.45,1.45,1.45,1.45,4000,0
2016-02-25,07:10:00,1.45,1.5,1.45,1.5,36000,0
2016-02-25,07:30:00,1.49,1.49,1.49,1.49,2000,0
2016-02-25,08:00:00,1.48,1.48,1.4,1.4,8000,0
2016-02-25,08:10:00,1.4,1.41,1.4,1.41,2000,0
2016-02-26,03:35:00,1.48,1.48,1.41,1.48,40000,0
2016-02-26,03:50:00,1.48,1.5,1.48,1.5,28000,0
2016-02-26,03:55:00,1.5,1.5,1.49,1.5,28000,0
2016-02-26,04:05:00,1.5,1.5,1.48,1.48,12000,0
2016-02-26,04:20:00,1.48,1.49,1.48,1.49,48000,0
2016-02-26,04:50:00,1.49,1.49,1.48,1.48,4000,0
2016-02-26,06:05:00,1.48,1.48,1.48,1.48,32000,0
2016-02-26,06:10:00,1.48,1.48,1.48,1.48,10000,0
2016-02-26,06:20:00,1.48,1.48,1.48,1.48,8000,0
2016-02-26,08:55:00,1.48,1.48,1.44,1.44,8000,0
2016-02-29,03:00:00,1.52,1.57,1.52,1.57,28000,0
2016-02-29,03:10:00,1.57,1.57,1.57,1.57,2000,0
2016-02-29,03:15:00,1.57,1.57,1.53,1.53,16000,0
2016-02-29,03:25:00,1.54,1.54,1.54,1.54,2000,0
2016-02-29,03:30:00,1.54,1.54,1.52,1.54,26000,0
2016-02-29,04:30:00,1.52,1.52,1.4,1.42,74000,0
2016-02-29,06:05:00,1.42,1.52,1.42,1.52,16000,0
2016-02-29,07:40:00,1.52,1.52,1.52,1.52,2000,0
2016-02-29,08:10:00,1.52,1.52,1.5,1.5,12000,0
2016-02-29,08:20:00,1.5,1.5,1.5,1.5,8000,0
2016-02-29,08:30:00,1.5,1.5,1.5,1.5,6000,0
2016-03-01,04:55:00,1.5,1.51,1.5,1.51,40000,0
2016-03-01,06:30:00,1.51,1.51,1.5,1.5,12000,0
2016-03-02,03:00:00,1.5,1.5,1.5,1.5,20000,0
2016-03-02,03:40:00,1.5,1.5,1.5,1.5,12000,0
2016-03-02,07:20:00,1.5,1.5,1.5,1.5,8000,0
2016-03-02,07:55:00,1.5,1.5,1.5,1.5,12000,0
2016-03-03,03:50:00,1.5,1.5,1.5,1.5,4000,0
2016-03-03,07:10:00,1.5,1.5,1.5,1.5,10000,0
2016-03-07,03:40:00,1.5,1.52,1.5,1.52,46000,0
2016-03-08,04:45:00,1.52,1.53,1.52,1.53,24000,0
2016-03-10,04:40:00,1.6,1.6,1.53,1.6,56000,0
2016-03-10,07:20:00,1.55,1.55,1.55,1.55,10000,0
2016-03-10,08:55:00,1.55,1.55,1.55,1.55,40000,0
2016-03-11,09:00:00,1.55,1.55,1.55,1.55,10000,0
2016-03-16,03:35:00,1.45,1.52,1.45,1.45,54000,0
2016-03-16,04:40:00,1.45,1.55,1.45,1.54,8000,0
2016-03-18,04:40:00,1.57,1.57,1.57,1.57,12000,0
2016-03-18,04:55:00,1.57,1.57,1.57,1.57,20000,0
2016-03-18,06:10:00,1.57,1.57,1.57,1.57,8000,0
2016-03-18,07:40:00,1.57,1.57,1.57,1.57,10000,0
2016-03-18,08:10:00,1.57,1.58,1.57,1.58,60000,0
2016-03-18,08:15:00,1.58,1.58,1.57,1.57,20000,0
2016-03-18,09:00:00,1.57,1.58,1.57,1.58,4000,0
2016-03-23,03:15:00,1.57,1.58,1.57,1.58,36000,0
2016-03-23,04:00:00,1.58,1.58,1.58,1.58,8000,0
2016-03-23,06:05:00,1.58,1.58,1.58,1.58,4000,0
2016-03-23,06:40:00,1.58,1.58,1.58,1.58,30000,0
2016-03-24,04:40:00,1.6,1.6,1.58,1.6,4000,0
2016-03-24,05:00:00,1.6,1.6,1.6,1.6,6000,0
2016-03-24,06:05:00,1.6,1.6,1.6,1.6,18000,0
2016-03-24,07:35:00,1.6,1.6,1.6,1.6,80000,0
2016-03-24,07:40:00,1.6,1.6,1.6,1.6,6000,0
2016-03-29,03:35:00,1.62,1.63,1.62,1.63,20000,0
2016-03-29,03:50:00,1.63,1.65,1.63,1.65,6000,0
2016-03-29,04:15:00,1.65,1.65,1.63,1.63,20000,0
2016-03-29,05:40:00,1.63,1.63,1.63,1.63,98000,0
2016-03-29,09:30:00,1.63,1.63,1.63,1.63,2000,0
2016-03-29,09:35:00,1.63,1.63,1.63,1.63,6000,0
2016-03-29,10:00:00,1.63,1.63,1.63,1.63,18000,0
2016-03-30,08:45:00,1.55,1.6,1.55,1.55,60000,0
2016-04-01,03:55:00,1.46,1.46,1.46,1.46,2000,0
2016-04-01,05:05:00,1.46,1.46,1.46,1.46,2000,0
2016-04-01,05:40:00,1.44,1.44,1.44,1.44,10000,0
2016-04-01,08:25:00,1.43,1.47,1.43,1.47,14000,0
2016-04-01,08:30:00,1.5,1.5,1.49,1.49,4000,0
2016-04-05,05:50:00,1.49,1.49,1.49,1.49,4000,0
2016-04-05,09:25:00,1.49,1.49,1.49,1.49,40000,0
2016-04-05,09:35:00,1.49,1.49,1.49,1.49,10000,0
2016-04-07,04:05:00,1.4,1.44,1.4,1.44,50000,0
2016-04-07,05:05:00,1.44,1.44,1.44,1.44,10000,0
2016-04-07,07:35:00,1.44,1.56,1.44,1.54,34000,0
2016-04-08,08:20:00,1.4,1.5,1.34,1.36,184000,0
2016-04-08,09:00:00,1.42,1.42,1.42,1.42,10000,0
2016-04-08,09:10:00,1.42,1.42,1.42,1.42,10000,0
2016-04-08,09:55:00,1.42,1.42,1.4,1.4,16000,0
