Date,Time,Open,High,Low,Close,Volume,OpenInt
2016-02-04,06:45:00,1.25,1.25,1.25,1.25,24000,0
2016-02-04,07:15:00,1.25,1.25,1.25,1.25,8000,0
2016-02-04,07:35:00,1.25,1.25,1.25,1.25,4000,0
2016-02-04,09:00:00,1.25,1.25,1.25,1.25,4000,0
2016-02-05,06:35:00,1.21,1.21,1.2,1.21,12000,0
2016-02-05,06:45:00,1.32,1.32,1.32,1.32,4000,0
2016-02-05,09:00:00,1.3,1.3,1.22,1.3,8000,0
2016-02-11,04:35:00,1.21,1.21,1.21,1.21,4000,0
2016-02-11,04:50:00,1.21,1.21,1.17,1.17,8000,0
2016-02-11,08:05:00,1.17,1.17,1.17,1.17,1376,0
2016-02-15,08:50:00,1.17,1.2,1.17,1.2,12000,0
2016-02-17,02:50:00,1.12,1.12,1.12,1.12,4000,0
2016-02-17,03:50:00,1.13,1.13,1.13,1.13,2500,0
2016-02-17,07:10:00,1.13,1.13,1.13,1.13,12000,0
2016-02-18,04:20:00,1.1,1.11,1.1,1.11,52000,0
2016-02-22,06:20:00,1.09,1.1,1.09,1.1,8000,0
2016-02-23,08:30:00,1.1,1.1,1.1,1.1,16000,0
2016-02-25,08:55:00,1.16,1.16,1.11,1.15,20000,0
2016-02-25,09:00:00,1.15,1.15,1.14,1.14,28000,0
2016-02-29,03:25:00,1.1,1.1,1.1,1.1,8000,0
2016-02-29,07:15:00,1.1,1.1,1.1,1.1,48000,0
2016-03-01,07:55:00,1.1,1.1,1.05,1.1,80000,0
2016-03-01,08:00:00,1.1,1.1,1.1,1.1,4000,0
2016-03-02,03:15:00,1.05,1.1,1.05,1.06,24000,0
2016-03-02,04:00:00,1.08,1.18,1.08,1.18,28000,0
2016-03-02,08:35:00,1.15,1.15,1.15,1.15,20000,0
2016-03-02,08:40:00,1.15,1.15,1.15,1.15,24000,0
2016-03-02,08:50:00,1.15,1.18,1.15,1.18,20000,0
2016-03-04,07:20:00,1.17,1.17,1.15,1.17,16000,0
2016-03-04,08:15:00,1.17,1.2,1.17,1.2,8000,0
2016-03-07,09:00:00,1.2,1.2,1.2,1.2,12000,0
2016-03-08,08:55:00,1.2,1.23,1.2,1.23,8000,0
2016-03-09,08:50:00,1.23,1.27,1.23,1.27,8000,0
2016-03-09,08:55:00,1.27,1.27,1.27,1.27,8000,0
2016-03-10,03:30:00,1.29,1.29,1.27,1.29,8000,0
2016-03-10,04:30:00,1.29,1.29,1.29,1.29,4000,0
2016-03-10,06:35:00,1.29,1.29,1.29,1.29,4000,0
2016-03-10,07:00:00,1.29,1.32,1.29,1.32,16000,0
2016-03-10,07:10:00,1.32,1.32,1.28,1.28,8000,0
2016-03-10,07:15:00,1.28,1.28,1.27,1.27,24000,0
2016-03-10,08:10:00,1.26,1.27,1.26,1.27,12000,0
2016-03-10,08:40:00,1.27,1.27,1.27,1.27,4000,0
2016-03-10,09:00:00,1.27,1.27,1.27,1.27,52000,0
2016-03-11,06:30:00,1.3,1.3,1.28,1.3,48000,0
2016-03-11,07:10:00,1.3,1.3,1.3,1.3,8000,0
2016-03-11,07:20:00,1.3,1.3,1.3,1.3,4000,0
2016-03-11,07:40:00,1.3,1.3,1.3,1.3,4000,0
2016-03-11,07:55:00,1.3,1.3,1.28,1.28,8000,0
2016-03-11,08:15:00,1.28,1.3,1.28,1.3,24000,0
2016-03-11,08:20:00,1.3,1.3,1.3,1.3,4000,0
2016-03-11,08:25:00,1.3,1.3,1.28,1.28,24000,0
2016-03-14,06:30:00,1.3,1.3,1.3,1.3,12000,0
2016-03-15,03:35:00,1.33,1.33,1.33,1.33,20000,0
2016-03-15,05:00:00,1.33,1.33,1.33,1.33,4000,0
2016-03-15,08:35:00,1.33,1.35,1.33,1.35,8000,0
2016-03-15,08:50:00,1.35,1.35,1.35,1.35,4000,0
2016-03-21,04:05:00,1.29,1.29,1.29,1.29,8000,0
2016-03-22,02:55:00,1.29,1.3,1.29,1.3,20000,0
2016-03-22,03:05:00,1.3,1.3,1.3,1.3,12000,0
2016-03-22,03:10:00,1.3,1.3,1.3,1.3,8000,0
2016-03-22,03:50:00,1.3,1.3,1.3,1.3,4000,0
2016-03-23,06:40:00,1.3,1.3,1.3,1.3,12000,0
2016-04-08,05:05:00,1.19,1.19,1.19,1.19,8000,0
2016-04-08,07:20:00,1.19,1.19,1.19,1.19,8000,0
2016-04-08,07:30:00,1.19,1.19,1.15,1.15,24000,0
2016-04-08,07:35:00,1.15,1.15,1.11,1.11,52000,0
2016-04-08,07:40:00,1.11,1.11,1.1,1.11,24000,0
2016-04-08,07:50:00,1.11,1.15,1.11,1.15,8000,0
2016-04-08,08:35:00,1.15,1.15,1.15,1.15,8000,0
2016-04-08,09:55:00,1.15,1.15,1.15,1.15,8000,0
2016-04-08,10:00:00,1.15,1.15,1.15,1.15,4000,0
2016-04-11,04:35:00,1.19,1.2,1.15,1.2,32000,0
2016-04-11,05:25:00,1.2,1.2,1.2,1.2,8000,0
2016-04-11,09:55:00,1.13,1.18,1.13,1.18,20000,0
2016-04-12,09:40:00,1.17,1.17,1.16,1.16,20000,0
2016-04-12,09:50:00,1.16,1.16,1.16,1.16,12000,0
2016-04-12,09:55:00,1.16,1.16,1.16,1.16,8000,0
2016-04-12,10:00:00,1.16,1.16,1.16,1.16,24000,0
2016-04-13,07:55:00,1.2,1.2,1.16,1.2,88000,0
