Date,Time,Open,High,Low,Close,Volume,OpenInt
2016-02-04,04:40:00,1.49,1.5,1.45,1.45,170000,0
2016-02-04,04:45:00,1.45,1.49,1.45,1.49,7000,0
2016-02-04,06:05:00,1.49,1.49,1.45,1.45,9000,0
2016-02-04,06:10:00,1.45,1.48,1.45,1.48,2000,0
2016-02-04,06:20:00,1.48,1.48,1.45,1.45,6000,0
2016-02-04,06:30:00,1.45,1.48,1.45,1.45,9000,0
2016-02-04,06:40:00,1.45,1.45,1.45,1.45,3000,0
2016-02-04,06:45:00,1.45,1.45,1.45,1.45,3000,0
2016-02-04,06:55:00,1.45,1.45,1.45,1.45,3000,0
2016-02-04,07:05:00,1.45,1.45,1.45,1.45,3000,0
2016-02-04,07:10:00,1.45,1.45,1.45,1.45,3000,0
2016-02-04,07:15:00,1.45,1.46,1.44,1.46,44000,0
2016-02-04,08:55:00,1.46,1.49,1.46,1.49,17000,0
2016-02-04,09:00:00,1.48,1.48,1.46,1.46,92000,0
2016-02-05,03:15:00,1.48,1.48,1.46,1.47,40000,0
2016-02-05,03:20:00,1.48,1.48,1.47,1.47,2000,0
2016-02-05,03:30:00,1.47,1.47,1.47,1.47,6000,0
2016-02-05,04:00:00,1.47,1.47,1.47,1.47,2000,0
2016-02-05,04:50:00,1.47,1.47,1.47,1.47,1000,0
2016-02-05,06:05:00,1.47,1.47,1.47,1.47,1000,0
2016-02-05,06:35:00,1.47,1.47,1.47,1.47,1000,0
2016-02-05,06:40:00,1.47,1.47,1.47,1.47,1000,0
2016-02-05,07:00:00,1.47,1.47,1.42,1.46,91000,0
2016-02-05,07:30:00,1.47,1.48,1.47,1.48,2000,0
2016-02-05,07:35:00,1.48,1.48,1.48,1.48,1000,0
2016-02-05,07:50:00,1.48,1.48,1.48,1.48,1000,0
2016-02-05,07:55:00,1.48,1.48,1.48,1.48,12000,0
2016-02-05,08:10:00,1.48,1.48,1.48,1.48,1000,0
2016-02-05,08:25:00,1.48,1.48,1.48,1.48,1000,0
2016-02-05,08:40:00,1.48,1.48,1.48,1.48,1000,0
2016-02-05,08:55:00,1.48,1.48,1.48,1.48,12000,0
2016-02-05,09:00:00,1.48,1.48,1.48,1.48,2000,0
2016-02-11,03:55:00,1.45,1.48,1.45,1.48,1000000,0
2016-02-11,04:20:00,1.48,1.48,1.45,1.45,52000,0
2016-02-11,04:25:00,1.43,1.45,1.43,1.45,20000,0
2016-02-11,04:45:00,1.43,1.44,1.43,1.44,2000,0
2016-02-11,07:25:00,1.44,1.44,1.44,1.44,2000,0
2016-02-11,08:10:00,1.44,1.45,1.44,1.45,2000,0
2016-02-11,08:15:00,1.45,1.45,1.45,1.45,5000,0
2016-02-11,08:25:00,1.45,1.45,1.44,1.45,12000,0
2016-02-11,08:30:00,1.45,1.45,1.45,1.45,11000,0
2016-02-11,08:45:00,1.45,1.46,1.45,1.46,8000,0
2016-02-11,08:50:00,1.46,1.46,1.45,1.45,31000,0
2016-02-11,08:55:00,1.45,1.45,1.45,1.45,38000,0
2016-02-11,09:00:00,1.45,1.45,1.45,1.45,189000,0
2016-02-12,03:00:00,1.43,1.45,1.43,1.43,26000,0
2016-02-12,03:20:00,1.44,1.44,1.44,1.44,510000,0
2016-02-12,03:35:00,1.44,1.44,1.43,1.43,2000,0
2016-02-12,03:50:00,1.43,1.43,1.43,1.43,2000,0
2016-02-12,04:15:00,1.43,1.43,1.43,1.43,1000,0
2016-02-12,04:50:00,1.42,1.43,1.42,1.43,4000,0
2016-02-12,06:40:00,1.43,1.43,1.43,1.43,1000,0
2016-02-12,06:55:00,1.43,1.43,1.43,1.43,1000,0
2016-02-12,07:05:00,1.43,1.43,1.43,1.43,1000,0
2016-02-12,07:20:00,1.43,1.43,1.43,1.43,1000,0
2016-02-12,07:50:00,1.43,1.43,1.43,1.43,1000,0
2016-02-12,08:15:00,1.43,1.43,1.43,1.43,1000,0
2016-02-12,08:35:00,1.43,1.43,1.43,1.43,1000,0
2016-02-12,08:40:00,1.43,1.43,1.43,1.43,1000,0
2016-02-12,08:55:00,1.43,1.43,1.43,1.43,2000,0
2016-02-12,09:00:00,1.43,1.43,1.43,1.43,2000,0
2016-02-15,04:25:00,1.45,1.45,1.43,1.45,3000,0
2016-02-15,06:45:00,1.45,1.49,1.43,1.44,78000,0
2016-02-16,06:30:00,1.46,1.46,1.45,1.46,9000,0
2016-02-16,06:50:00,1.46,1.46,1.46,1.46,1000,0
2016-02-16,06:55:00,1.46,1.47,1.46,1.47,32000,0
2016-02-16,07:10:00,1.47,1.47,1.46,1.46,5400,0
2016-02-16,07:20:00,1.46,1.46,1.46,1.46,60000,0
2016-02-17,02:35:00,1.45,1.46,1.45,1.46,72000,0
2016-02-17,08:55:00,1.46,1.47,1.46,1.47,5000,0
2016-02-17,09:00:00,1.47,1.5,1.47,1.5,31000,0
2016-02-18,04:05:00,1.51,1.51,1.51,1.51,2000,0
2016-02-18,08:20:00,1.52,1.52,1.52,1.52,37000,0
2016-02-18,08:25:00,1.52,1.52,1.51,1.52,18000,0
2016-02-18,08:30:00,1.51,1.51,1.51,1.51,1000,0
2016-02-18,08:35:00,1.51,1.52,1.51,1.51,3000,0
2016-02-18,08:40:00,1.51,1.51,1.51,1.51,1000,0
2016-02-18,08:45:00,1.51,1.52,1.51,1.52,3000,0
2016-02-18,08:50:00,1.52,1.52,1.52,1.52,2000,0
2016-02-18,09:00:00,1.52,1.52,1.52,1.52,1000,0
2016-02-19,06:10:00,1.5,1.5,1.46,1.47,21000,0
2016-02-22,03:50:00,1.47,1.5,1.47,1.5,31000,0
2016-02-22,04:20:00,1.5,1.54,1.5,1.53,102000,0
2016-02-22,06:15:00,1.51,1.51,1.5,1.5,3000,0
2016-02-22,06:50:00,1.5,1.51,1.5,1.51,2000,0
2016-02-22,07:00:00,1.51,1.53,1.51,1.53,9000,0
2016-02-22,07:50:00,1.53,1.53,1.5,1.5,2000,0
2016-02-23,06:45:00,1.51,1.51,1.5,1.5,96000,0
2016-02-23,06:55:00,1.48,1.51,1.48,1.51,26000,0
2016-02-23,07:00:00,1.51,1.51,1.5,1.5,38000,0
2016-02-23,07:35:00,1.5,1.5,1.5,1.5,1000,0
2016-02-23,08:40:00,1.5,1.5,1.5,1.5,2000,0
2016-02-23,08:45:00,1.5,1.51,1.5,1.51,59000,0
2016-02-23,08:50:00,1.51,1.51,1.51,1.51,11000,0
2016-02-23,09:00:00,1.51,1.51,1.5,1.5,4000,0
2016-02-24,02:55:00,1.49,1.5,1.49,1.49,2000,0
2016-02-24,03:00:00,1.49,1.49,1.49,1.49,1000,0
2016-02-24,03:10:00,1.49,1.5,1.49,1.5,5000,0
2016-02-24,03:15:00,1.5,1.5,1.49,1.49,2000,0
2016-02-24,03:25:00,1.49,1.49,1.48,1.48,3000,0
2016-02-24,03:30:00,1.48,1.48,1.48,1.48,2000,0
2016-02-24,03:35:00,1.48,1.48,1.48,1.48,2000,0
2016-02-24,03:45:00,1.48,1.48,1.48,1.48,3000,0
2016-02-24,03:55:00,1.48,1.48,1.48,1.48,1000,0
2016-02-24,04:00:00,1.48,1.5,1.48,1.49,80000,0
2016-02-24,04:20:00,1.49,1.5,1.49,1.5,2000,0
2016-02-24,04:25:00,1.5,1.5,1.49,1.5,8000,0
2016-02-24,06:05:00,1.47,1.49,1.47,1.49,2000,0
2016-02-24,06:45:00,1.49,1.49,1.49,1.49,1000,0
2016-02-24,06:50:00,1.49,1.5,1.49,1.5,2000,0
2016-02-24,06:55:00,1.5,1.5,1.5,1.5,2000,0
2016-02-24,07:15:00,1.5,1.5,1.5,1.5,2000,0
2016-02-24,07:35:00,1.5,1.5,1.5,1.5,5000,0
2016-02-24,07:55:00,1.5,1.5,1.49,1.49,4000,0
2016-02-24,08:05:00,1.49,1.5,1.49,1.5,2000,0
2016-02-24,08:20:00,1.5,1.5,1.5,1.5,2000,0
2016-02-24,08:35:00,1.5,1.5,1.5,1.5,3000,0
2016-02-24,08:50:00,1.5,1.5,1.5,1.5,1000,0
2016-02-24,08:55:00,1.5,1.5,1.5,1.5,6000,0
2016-02-24,09:00:00,1.5,1.5,1.5,1.5,4000,0
2016-02-25,03:35:00,1.44,1.46,1.43,1.46,11000,0
2016-02-25,04:20:00,1.46,1.46,1.46,1.46,1000,0
2016-02-25,04:40:00,1.46,1.46,1.46,1.46,1000,0
2016-02-25,07:30:00,1.46,1.48,1.46,1.48,2000,0
2016-02-25,08:05:00,1.48,1.48,1.48,1.48,1000,0
2016-02-25,08:15:00,1.48,1.48,1.46,1.46,4000,0
2016-02-25,08:55:00,1.46,1.46,1.46,1.46,1000,0
2016-02-26,06:10:00,1.43,1.47,1.43,1.47,39000,0
2016-02-26,06:35:00,1.43,1.45,1.43,1.45,7000,0
2016-02-26,06:50:00,1.45,1.45,1.44,1.44,3000,0
2016-02-26,07:00:00,1.44,1.44,1.44,1.44,1000,0
2016-02-26,07:05:00,1.44,1.45,1.44,1.45,4000,0
2016-02-26,07:10:00,1.45,1.45,1.44,1.44,2000,0
2016-02-26,07:15:00,1.44,1.44,1.44,1.44,2000,0
2016-02-26,07:30:00,1.44,1.45,1.44,1.45,10000,0
2016-02-26,07:50:00,1.45,1.45,1.45,1.45,4000,0
2016-02-26,07:55:00,1.45,1.47,1.45,1.47,24000,0
2016-02-26,08:00:00,1.47,1.47,1.46,1.46,2000,0
2016-02-26,08:05:00,1.46,1.46,1.46,1.46,2000,0
2016-02-26,08:20:00,1.45,1.45,1.45,1.45,2000,0
2016-02-26,08:25:00,1.45,1.45,1.45,1.45,5000,0
2016-02-26,08:30:00,1.45,1.45,1.45,1.45,2000,0
2016-02-26,08:35:00,1.45,1.45,1.45,1.45,3000,0
2016-02-26,08:50:00,1.45,1.45,1.45,1.45,8000,0
2016-02-26,09:00:00,1.45,1.45,1.44,1.45,18000,0
2016-02-29,03:15:00,1.48,1.48,1.48,1.48,1000,0
2016-02-29,03:20:00,1.48,1.48,1.48,1.48,2000,0
2016-02-29,03:25:00,1.48,1.48,1.48,1.48,1000,0
2016-02-29,03:30:00,1.48,1.48,1.48,1.48,1000,0
2016-02-29,03:35:00,1.48,1.5,1.48,1.5,3000,0
2016-02-29,03:40:00,1.5,1.5,1.5,1.5,1000,0
2016-02-29,03:45:00,1.5,1.5,1.5,1.5,1000,0
2016-02-29,03:50:00,1.5,1.5,1.5,1.5,1000,0
2016-02-29,03:55:00,1.5,1.5,1.5,1.5,1000,0
2016-02-29,04:00:00,1.5,1.5,1.49,1.49,5000,0
2016-02-29,04:10:00,1.49,1.49,1.49,1.49,1000,0
2016-02-29,04:15:00,1.49,1.49,1.49,1.49,1000,0
2016-02-29,04:20:00,1.49,1.49,1.49,1.49,2000,0
2016-02-29,04:25:00,1.49,1.49,1.49,1.49,2000,0
2016-02-29,04:30:00,1.49,1.5,1.49,1.5,3000,0
2016-02-29,04:35:00,1.5,1.5,1.5,1.5,1000,0
2016-02-29,04:40:00,1.5,1.5,1.5,1.5,2000,0
2016-02-29,04:45:00,1.5,1.5,1.49,1.5,5000,0
2016-02-29,04:50:00,1.5,1.5,1.5,1.5,1000,0
2016-02-29,04:55:00,1.5,1.5,1.5,1.5,1000,0
2016-02-29,05:00:00,1.5,1.5,1.5,1.5,2000,0
2016-02-29,06:05:00,1.5,1.5,1.48,1.49,21000,0
2016-02-29,06:10:00,1.49,1.49,1.49,1.49,6000,0
2016-02-29,06:15:00,1.49,1.49,1.49,1.49,5000,0
2016-02-29,06:20:00,1.49,1.49,1.49,1.49,3000,0
2016-02-29,06:25:00,1.49,1.49,1.49,1.49,7000,0
2016-02-29,06:30:00,1.49,1.49,1.49,1.49,2000,0
2016-02-29,06:35:00,1.49,1.49,1.49,1.49,11000,0
2016-02-29,06:40:00,1.49,1.49,1.49,1.49,5000,0
2016-02-29,06:45:00,1.49,1.49,1.49,1.49,6000,0
2016-02-29,06:50:00,1.49,1.49,1.49,1.49,2000,0
2016-02-29,06:55:00,1.49,1.49,1.49,1.49,9000,0
2016-02-29,07:05:00,1.49,1.49,1.49,1.49,4000,0
2016-02-29,07:10:00,1.49,1.49,1.49,1.49,3000,0
2016-02-29,07:15:00,1.49,1.5,1.49,1.5,8000,0
2016-02-29,07:20:00,1.5,1.5,1.5,1.5,5000,0
2016-02-29,07:25:00,1.5,1.5,1.5,1.5,5000,0
2016-02-29,07:30:00,1.5,1.5,1.5,1.5,3000,0
2016-02-29,07:35:00,1.5,1.5,1.49,1.5,8000,0
2016-02-29,07:40:00,1.5,1.5,1.5,1.5,4000,0
2016-02-29,07:45:00,1.5,1.5,1.5,1.5,4000,0
2016-02-29,07:50:00,1.5,1.5,1.5,1.5,5000,0
2016-02-29,07:55:00,1.5,1.5,1.5,1.5,4000,0
2016-02-29,08:00:00,1.5,1.5,1.5,1.5,6000,0
2016-02-29,08:05:00,1.5,1.5,1.5,1.5,17000,0
2016-02-29,08:10:00,1.5,1.5,1.5,1.5,4000,0
2016-02-29,08:15:00,1.5,1.5,1.49,1.5,8000,0
2016-02-29,08:20:00,1.5,1.5,1.5,1.5,6000,0
2016-02-29,08:25:00,1.5,1.5,1.5,1.5,5000,0
2016-02-29,08:30:00,1.5,1.5,1.5,1.5,5000,0
2016-02-29,08:35:00,1.5,1.5,1.5,1.5,5000,0
2016-02-29,08:40:00,1.5,1.5,1.5,1.5,5000,0
2016-02-29,08:45:00,1.5,1.52,1.5,1.52,10000,0
2016-02-29,08:50:00,1.52,1.52,1.52,1.52,4000,0
2016-02-29,08:55:00,1.52,1.52,1.51,1.51,12000,0
2016-02-29,09:00:00,1.51,1.58,1.5,1.58,243000,0
2016-03-01,02:35:00,1.5,1.53,1.5,1.5,41000,0
2016-03-01,03:10:00,1.5,1.5,1.48,1.5,40000,0
2016-03-01,03:15:00,1.5,1.5,1.5,1.5,538000,0
2016-03-01,03:25:00,1.5,1.5,1.48,1.48,5000,0
2016-03-01,03:30:00,1.48,1.48,1.48,1.48,9000,0
2016-03-01,03:35:00,1.48,1.48,1.48,1.48,4000,0
2016-03-01,03:40:00,1.48,1.48,1.48,1.48,19000,0
2016-03-01,03:55:00,1.47,1.48,1.47,1.48,20000,0
2016-03-01,04:00:00,1.49,1.49,1.49,1.49,1000,0
2016-03-01,04:10:00,1.49,1.5,1.49,1.5,2000,0
2016-03-01,04:25:00,1.5,1.5,1.5,1.5,2000,0
2016-03-01,04:35:00,1.5,1.5,1.5,1.5,1000,0
2016-03-01,04:50:00,1.5,1.5,1.49,1.49,3000,0
2016-03-01,06:05:00,1.49,1.49,1.49,1.49,40000,0
2016-03-01,06:15:00,1.49,1.49,1.49,1.49,1000,0
2016-03-01,06:20:00,1.49,1.49,1.49,1.49,1000,0
2016-03-01,06:30:00,1.49,1.49,1.49,1.49,1000,0
2016-03-01,06:45:00,1.49,1.5,1.49,1.5,2000,0
2016-03-01,06:55:00,1.5,1.5,1.5,1.5,2000,0
2016-03-01,07:10:00,1.5,1.5,1.5,1.5,1000,0
2016-03-01,07:20:00,1.5,1.5,1.5,1.5,26000,0
2016-03-01,07:25:00,1.5,1.5,1.5,1.5,1000,0
2016-03-01,07:35:00,1.5,1.51,1.5,1.51,11000,0
2016-03-01,07:40:00,1.51,1.51,1.51,1.51,1000,0
2016-03-01,07:45:00,1.51,1.51,1.49,1.49,2000,0
2016-03-01,07:55:00,1.5,1.5,1.5,1.5,1000,0
2016-03-01,08:00:00,1.5,1.5,1.49,1.49,68000,0
2016-03-01,08:05:00,1.49,1.5,1.49,1.5,4000,0
2016-03-01,08:15:00,1.5,1.5,1.5,1.5,3000,0
2016-03-01,08:35:00,1.5,1.5,1.5,1.5,1000,0
2016-03-01,08:45:00,1.5,1.5,1.5,1.5,1000,0
2016-03-01,09:00:00,1.5,1.5,1.5,1.5,5000,0
2016-03-02,02:55:00,1.5,1.5,1.5,1.5,29000,0
2016-03-02,03:20:00,1.5,1.5,1.5,1.5,11000,0
2016-03-02,03:50:00,1.5,1.5,1.5,1.5,1000,0
2016-03-02,06:35:00,1.49,1.51,1.49,1.5,145000,0
2016-03-02,06:40:00,1.5,1.52,1.5,1.52,142000,0
2016-03-02,06:45:00,1.52,1.52,1.52,1.52,11000,0
2016-03-02,07:00:00,1.52,1.52,1.52,1.52,6000,0
2016-03-02,07:20:00,1.52,1.52,1.52,1.52,3000,0
2016-03-02,07:25:00,1.52,1.54,1.52,1.54,56000,0
2016-03-02,07:35:00,1.53,1.53,1.52,1.52,17000,0
2016-03-02,07:50:00,1.52,1.52,1.52,1.52,1000,0
2016-03-02,07:55:00,1.52,1.52,1.52,1.52,10000,0
2016-03-02,08:00:00,1.52,1.52,1.52,1.52,6000,0
2016-03-02,08:30:00,1.52,1.52,1.52,1.52,50000,0
2016-03-02,08:45:00,1.52,1.52,1.51,1.51,15000,0
2016-03-02,08:50:00,1.51,1.52,1.51,1.52,79000,0
2016-03-02,08:55:00,1.52,1.52,1.52,1.52,4000,0
2016-03-02,09:00:00,1.52,1.53,1.52,1.52,46000,0
2016-03-03,08:45:00,1.51,1.52,1.51,1.52,34000,0
2016-03-03,08:50:00,1.52,1.52,1.52,1.52,24000,0
2016-03-04,03:35:00,1.49,1.5,1.49,1.5,2000,0
2016-03-04,03:55:00,1.5,1.5,1.5,1.5,1000,0
2016-03-04,04:55:00,1.5,1.5,1.5,1.5,40000,0
2016-03-04,06:20:00,1.5,1.5,1.5,1.5,1000,0
2016-03-04,06:25:00,1.5,1.5,1.5,1.5,25000,0
2016-03-04,06:40:00,1.5,1.5,1.5,1.5,17000,0
2016-03-04,06:50:00,1.5,1.5,1.5,1.5,1000,0
2016-03-04,06:55:00,1.5,1.5,1.5,1.5,83000,0
2016-03-04,07:05:00,1.49,1.5,1.49,1.5,2000,0
2016-03-04,07:15:00,1.5,1.5,1.5,1.5,1000,0
2016-03-04,07:20:00,1.5,1.5,1.5,1.5,1000,0
2016-03-04,07:35:00,1.5,1.5,1.5,1.5,1000,0
2016-03-04,07:40:00,1.5,1.5,1.5,1.5,20000,0
2016-03-04,07:50:00,1.5,1.5,1.5,1.5,14000,0
2016-03-04,07:55:00,1.5,1.5,1.5,1.5,16000,0
2016-03-04,08:05:00,1.5,1.5,1.5,1.5,1000,0
2016-03-04,08:15:00,1.5,1.5,1.5,1.5,2000,0
2016-03-04,08:35:00,1.5,1.5,1.5,1.5,2000,0
2016-03-04,08:40:00,1.5,1.5,1.5,1.5,1000,0
2016-03-04,08:45:00,1.5,1.5,1.5,1.5,3000,0
2016-03-04,08:50:00,1.5,1.5,1.5,1.5,2000,0
2016-03-04,08:55:00,1.5,1.5,1.5,1.5,3000,0
2016-03-04,09:00:00,1.5,1.5,1.49,1.5,56000,0
2016-03-07,02:55:00,1.52,1.52,1.51,1.52,2000,0
2016-03-07,03:20:00,1.52,1.53,1.52,1.53,3000,0
2016-03-07,03:35:00,1.53,1.53,1.53,1.53,1000,0
2016-03-07,03:45:00,1.53,1.53,1.53,1.53,1000,0
2016-03-07,03:55:00,1.53,1.53,1.53,1.53,1000,0
2016-03-07,04:10:00,1.53,1.53,1.52,1.52,3000,0
2016-03-07,04:20:00,1.52,1.52,1.52,1.52,1000,0
2016-03-07,04:25:00,1.52,1.52,1.52,1.52,1000,0
2016-03-07,04:40:00,1.52,1.52,1.52,1.52,2000,0
2016-03-07,04:55:00,1.52,1.52,1.52,1.52,1000,0
2016-03-07,05:00:00,1.52,1.52,1.51,1.51,2000,0
2016-03-07,06:10:00,1.51,1.52,1.51,1.52,2000,0
2016-03-07,06:15:00,1.5,1.52,1.5,1.52,5000,0
2016-03-07,06:25:00,1.52,1.52,1.52,1.52,1000,0
2016-03-07,06:40:00,1.52,1.52,1.52,1.52,1000,0
2016-03-07,06:45:00,1.52,1.52,1.52,1.52,1000,0
2016-03-07,06:55:00,1.52,1.52,1.52,1.52,1000,0
2016-03-07,07:10:00,1.52,1.52,1.52,1.52,1000,0
2016-03-07,07:15:00,1.52,1.52,1.52,1.52,1000,0
2016-03-07,07:25:00,1.52,1.52,1.52,1.52,1000,0
2016-03-07,07:30:00,1.52,1.52,1.52,1.52,1000,0
2016-03-07,07:35:00,1.52,1.52,1.52,1.52,2000,0
2016-03-07,07:45:00,1.52,1.52,1.52,1.52,2000,0
2016-03-07,08:00:00,1.52,1.52,1.52,1.52,2000,0
2016-03-07,08:10:00,1.52,1.52,1.52,1.52,1000,0
2016-03-07,08:20:00,1.52,1.52,1.52,1.52,1000,0
2016-03-07,08:30:00,1.52,1.52,1.52,1.52,1000,0
2016-03-07,08:45:00,1.52,1.52,1.52,1.52,3000,0
2016-03-07,08:50:00,1.52,1.52,1.52,1.52,4000,0
2016-03-07,08:55:00,1.52,1.52,1.52,1.52,1000,0
2016-03-07,09:00:00,1.52,1.52,1.52,1.52,6000,0
2016-03-08,09:00:00,1.5,1.52,1.5,1.52,78000,0
2016-03-09,03:05:00,1.51,1.51,1.51,1.51,1000,0
2016-03-09,05:00:00,1.51,1.51,1.51,1.51,30000,0
2016-03-09,06:05:00,1.51,1.51,1.5,1.5,662000,0
2016-03-09,06:20:00,1.5,1.5,1.5,1.5,22000,0
2016-03-09,06:35:00,1.5,1.51,1.5,1.51,40000,0
2016-03-09,07:15:00,1.5,1.5,1.5,1.5,20000,0
2016-03-09,07:55:00,1.49,1.5,1.49,1.5,6000,0
2016-03-09,08:05:00,1.5,1.5,1.5,1.5,16000,0
2016-03-10,04:10:00,1.51,1.52,1.5,1.52,9000,0
2016-03-10,04:35:00,1.54,1.54,1.53,1.53,44000,0
2016-03-10,04:40:00,1.53,1.54,1.53,1.54,2000,0
2016-03-10,06:45:00,1.54,1.54,1.54,1.54,1000,0
2016-03-10,07:50:00,1.54,1.54,1.54,1.54,6000,0
2016-03-10,07:55:00,1.54,1.54,1.54,1.54,5000,0
2016-03-10,08:20:00,1.54,1.54,1.54,1.54,1000,0
2016-03-10,08:40:00,1.54,1.54,1.54,1.54,1000,0
2016-03-11,03:15:00,1.54,1.54,1.54,1.54,8000,0
2016-03-11,03:50:00,1.54,1.54,1.51,1.52,66000,0
2016-03-11,03:55:00,1.52,1.52,1.51,1.52,495000,0
2016-03-11,06:05:00,1.53,1.53,1.53,1.53,2000,0
2016-03-11,06:45:00,1.53,1.53,1.53,1.53,10000,0
2016-03-11,06:50:00,1.53,1.53,1.53,1.53,2000,0
2016-03-11,08:10:00,1.53,1.53,1.53,1.53,3000,0
2016-03-11,08:15:00,1.53,1.53,1.53,1.53,2000,0
2016-03-11,09:00:00,1.6,1.64,1.54,1.54,10000,0
2016-03-14,02:35:00,1.54,1.54,1.46,1.47,61000,0
2016-03-14,02:45:00,1.5,1.52,1.5,1.52,8000,0
2016-03-14,02:50:00,1.52,1.52,1.52,1.52,2000,0
2016-03-14,04:15:00,1.52,1.52,1.5,1.51,32000,0
2016-03-14,04:25:00,1.51,1.52,1.51,1.52,19000,0
2016-03-14,04:30:00,1.52,1.52,1.52,1.52,9000,0
2016-03-14,04:35:00,1.52,1.52,1.51,1.51,22000,0
2016-03-14,04:45:00,1.51,1.51,1.51,1.51,20000,0
2016-03-14,04:50:00,1.51,1.52,1.51,1.52,6000,0
2016-03-14,05:00:00,1.52,1.52,1.51,1.52,73000,0
2016-03-14,06:10:00,1.52,1.52,1.51,1.51,27000,0
2016-03-14,06:20:00,1.51,1.52,1.51,1.52,38000,0
2016-03-14,06:25:00,1.52,1.52,1.52,1.52,21600,0
2016-03-14,06:30:00,1.52,1.52,1.52,1.52,29000,0
2016-03-14,06:35:00,1.52,1.52,1.5,1.51,51000,0
2016-03-14,06:50:00,1.51,1.51,1.51,1.51,1000,0
2016-03-14,07:05:00,1.51,1.51,1.51,1.51,26000,0
2016-03-14,07:15:00,1.51,1.52,1.51,1.51,7000,0
2016-03-14,07:25:00,1.51,1.51,1.51,1.51,25000,0
2016-03-14,07:35:00,1.51,1.51,1.51,1.51,1000,0
2016-03-14,07:40:00,1.51,1.51,1.51,1.51,17000,0
2016-03-14,07:50:00,1.51,1.51,1.51,1.51,4000,0
2016-03-14,08:00:00,1.51,1.51,1.51,1.51,17000,0
2016-03-14,08:05:00,1.51,1.51,1.5,1.51,21000,0
2016-03-14,08:20:00,1.51,1.52,1.51,1.52,2000,0
2016-03-14,08:25:00,1.52,1.52,1.51,1.51,49000,0
2016-03-14,08:30:00,1.51,1.51,1.51,1.51,6000,0
2016-03-14,08:40:00,1.51,1.51,1.51,1.51,22000,0
2016-03-14,08:45:00,1.51,1.51,1.51,1.51,4000,0
2016-03-14,08:50:00,1.51,1.51,1.51,1.51,3000,0
2016-03-14,08:55:00,1.51,1.51,1.51,1.51,2000,0
2016-03-14,09:00:00,1.51,1.52,1.5,1.5,149000,0
2016-03-15,02:45:00,1.49,1.5,1.49,1.5,52000,0
2016-03-15,02:55:00,1.5,1.51,1.5,1.5,65000,0
2016-03-15,03:00:00,1.5,1.5,1.5,1.5,21000,0
2016-03-15,03:05:00,1.5,1.5,1.5,1.5,3000,0
2016-03-15,03:10:00,1.5,1.5,1.5,1.5,6000,0
2016-03-15,03:35:00,1.5,1.5,1.5,1.5,10000,0
2016-03-15,03:40:00,1.5,1.5,1.5,1.5,30000,0
2016-03-15,04:00:00,1.5,1.5,1.5,1.5,20000,0
2016-03-15,04:45:00,1.49,1.5,1.49,1.5,340000,0
2016-03-15,06:05:00,1.5,1.5,1.5,1.5,12000,0
2016-03-15,06:20:00,1.5,1.5,1.5,1.5,10000,0
2016-03-15,06:25:00,1.5,1.5,1.5,1.5,23000,0
2016-03-15,06:30:00,1.5,1.5,1.5,1.5,14000,0
2016-03-15,06:35:00,1.5,1.5,1.5,1.5,9000,0
2016-03-15,06:40:00,1.5,1.5,1.5,1.5,15000,0
2016-03-15,06:45:00,1.5,1.5,1.5,1.5,23000,0
2016-03-15,06:50:00,1.5,1.5,1.5,1.5,9000,0
2016-03-15,06:55:00,1.5,1.5,1.5,1.5,3000,0
2016-03-15,07:00:00,1.5,1.5,1.5,1.5,5000,0
2016-03-15,07:05:00,1.5,1.5,1.5,1.5,5000,0
2016-03-15,07:45:00,1.49,1.5,1.49,1.5,58000,0
2016-03-16,03:05:00,1.5,1.55,1.49,1.55,8000,0
2016-03-16,04:15:00,1.55,1.55,1.51,1.51,2000,0
2016-03-16,04:40:00,1.51,1.51,1.51,1.51,2000,0
2016-03-16,05:00:00,1.51,1.51,1.51,1.51,15000,0
2016-03-16,06:05:00,1.51,1.51,1.51,1.51,1000,0
2016-03-16,07:35:00,1.49,1.5,1.49,1.5,2000,0
2016-03-16,08:10:00,1.5,1.52,1.5,1.5,12000,0
2016-03-16,08:50:00,1.5,1.51,1.5,1.51,4000,0
2016-03-16,08:55:00,1.51,1.51,1.5,1.5,4000,0
2016-03-16,09:00:00,1.51,1.51,1.51,1.51,1000,0
2016-03-17,03:05:00,1.52,1.52,1.51,1.51,7000,0
2016-03-17,03:35:00,1.51,1.52,1.51,1.52,2000,0
2016-03-17,04:05:00,1.52,1.52,1.51,1.51,4000,0
2016-03-17,07:35:00,1.52,1.52,1.51,1.51,71000,0
2016-03-17,08:30:00,1.51,1.52,1.51,1.52,2000,0
2016-03-17,08:35:00,1.52,1.52,1.51,1.51,5000,0
2016-03-17,08:40:00,1.51,1.52,1.51,1.52,25000,0
2016-03-17,09:00:00,1.52,1.57,1.51,1.53,62000,0
2016-03-18,02:40:00,1.54,1.54,1.54,1.54,2000,0
2016-03-18,02:50:00,1.54,1.54,1.54,1.54,590,0
2016-03-18,06:15:00,1.53,1.55,1.53,1.54,24000,0
2016-03-18,06:35:00,1.54,1.57,1.54,1.57,2000,0
2016-03-18,07:25:00,1.57,1.57,1.53,1.57,43000,0
2016-03-18,09:00:00,1.57,1.6,1.55,1.6,44000,0
2016-03-21,08:40:00,1.59,1.6,1.58,1.6,14000,0
2016-03-21,08:45:00,1.6,1.6,1.6,1.6,1000,0
2016-03-21,09:00:00,1.6,1.6,1.6,1.6,1000,0
2016-03-22,03:25:00,1.6,1.6,1.6,1.6,38000,0
2016-03-22,08:40:00,1.6,1.6,1.6,1.6,1000,0
2016-03-23,04:30:00,1.54,1.55,1.54,1.55,13000,0
2016-03-23,08:50:00,1.55,1.6,1.55,1.6,15000,0
2016-03-24,07:30:00,1.52,1.58,1.49,1.5,241000,0
2016-03-24,07:45:00,1.5,1.5,1.5,1.5,14000,0
2016-03-24,08:00:00,1.5,1.5,1.5,1.5,8000,0
2016-03-24,08:15:00,1.5,1.5,1.5,1.5,12000,0
2016-03-24,08:20:00,1.5,1.52,1.5,1.52,101000,0
2016-03-24,08:25:00,1.52,1.52,1.52,1.52,4000,0
2016-03-24,08:30:00,1.52,1.53,1.52,1.52,42000,0
2016-03-24,08:35:00,1.52,1.53,1.52,1.53,6000,0
2016-03-24,08:50:00,1.53,1.53,1.53,1.53,2000,0
2016-03-24,09:00:00,1.53,1.53,1.52,1.52,6000,0
2016-03-29,05:00:00,1.5,1.52,1.5,1.52,7000,0
2016-03-29,05:15:00,1.52,1.52,1.52,1.52,30000,0
2016-03-29,05:20:00,1.52,1.52,1.52,1.52,30000,0
2016-03-29,05:45:00,1.52,1.52,1.52,1.52,3000,0
2016-03-29,06:00:00,1.52,1.52,1.52,1.52,6000,0
2016-03-29,08:20:00,1.52,1.52,1.52,1.52,16000,0
2016-03-29,08:30:00,1.52,1.52,1.52,1.52,11000,0
2016-03-29,08:35:00,1.52,1.52,1.52,1.52,2000,0
2016-03-29,08:40:00,1.52,1.52,1.52,1.52,1000,0
2016-03-29,09:20:00,1.52,1.52,1.52,1.52,6000,0
2016-03-30,03:35:00,1.51,1.52,1.51,1.52,13000,0
2016-03-30,07:15:00,1.52,1.52,1.52,1.52,2000,0
2016-03-30,07:20:00,1.52,1.52,1.52,1.52,11000,0
2016-03-30,07:25:00,1.52,1.52,1.52,1.52,2000,0
2016-03-30,08:00:00,1.53,1.53,1.53,1.53,4000,0
2016-03-30,08:10:00,1.53,1.53,1.53,1.53,40000,0
2016-03-30,08:25:00,1.53,1.53,1.53,1.53,1000,0
2016-03-30,08:30:00,1.53,1.53,1.53,1.53,13000,0
2016-03-30,08:35:00,1.53,1.53,1.53,1.53,1000,0
2016-03-30,08:55:00,1.53,1.53,1.52,1.52,40000,0
2016-03-30,09:00:00,1.52,1.53,1.52,1.53,2000,0
2016-03-30,09:15:00,1.53,1.53,1.53,1.53,8000,0
2016-03-30,09:20:00,1.53,1.54,1.53,1.53,8000,0
2016-03-30,09:40:00,1.53,1.53,1.53,1.53,6000,0
2016-03-30,09:45:00,1.53,1.53,1.53,1.53,4000,0
2016-03-30,09:55:00,1.53,1.53,1.52,1.52,36000,0
2016-03-30,10:00:00,1.52,1.55,1.52,1.52,69000,0
2016-03-31,04:00:00,1.52,1.52,1.51,1.52,105000,0
2016-03-31,04:10:00,1.52,1.52,1.52,1.52,10000,0
2016-03-31,07:05:00,1.52,1.52,1.52,1.52,8000,0
2016-03-31,07:15:00,1.52,1.52,1.52,1.52,2000,0
2016-03-31,07:25:00,1.52,1.52,1.52,1.52,3000,0
2016-03-31,07:30:00,1.52,1.52,1.52,1.52,1000,0
2016-03-31,07:35:00,1.52,1.53,1.52,1.53,2000,0
2016-03-31,07:50:00,1.54,1.54,1.54,1.54,1000,0
2016-03-31,08:05:00,1.55,1.55,1.55,1.55,1000,0
2016-03-31,08:10:00,1.55,1.55,1.54,1.54,2000,0
2016-03-31,08:55:00,1.54,1.54,1.52,1.52,87000,0
2016-03-31,09:05:00,1.52,1.52,1.52,1.52,1000,0
2016-03-31,09:10:00,1.52,1.53,1.52,1.53,2000,0
2016-03-31,09:20:00,1.53,1.53,1.53,1.53,6000,0
2016-03-31,09:25:00,1.53,1.53,1.53,1.53,1000,0
2016-03-31,09:30:00,1.53,1.54,1.53,1.54,2000,0
2016-03-31,09:35:00,1.54,1.54,1.54,1.54,1000,0
2016-03-31,09:40:00,1.54,1.54,1.54,1.54,1000,0
2016-03-31,09:45:00,1.54,1.55,1.54,1.55,3000,0
2016-03-31,09:50:00,1.55,1.55,1.54,1.54,2000,0
2016-03-31,09:55:00,1.54,1.55,1.54,1.55,2000,0
2016-03-31,10:00:00,1.55,1.56,1.54,1.54,9000,0
2016-04-01,05:00:00,1.54,1.54,1.54,1.54,188000,0
2016-04-01,05:15:00,1.54,1.54,1.54,1.54,22000,0
2016-04-01,05:20:00,1.54,1.54,1.54,1.54,10000,0
2016-04-01,08:10:00,1.54,1.54,1.54,1.54,90000,0
2016-04-01,08:20:00,1.54,1.54,1.54,1.54,100000,0
2016-04-01,08:40:00,1.54,1.54,1.51,1.51,8000,0
2016-04-01,08:45:00,1.51,1.51,1.51,1.51,13000,0
2016-04-01,08:50:00,1.51,1.51,1.5,1.5,32000,0
2016-04-01,08:55:00,1.5,1.51,1.5,1.51,130000,0
2016-04-01,09:00:00,1.51,1.51,1.51,1.51,10000,0
2016-04-01,09:20:00,1.51,1.51,1.51,1.51,14000,0
2016-04-01,09:25:00,1.51,1.51,1.51,1.51,12000,0
2016-04-01,09:30:00,1.51,1.51,1.51,1.51,16000,0
2016-04-01,09:35:00,1.51,1.51,1.5,1.51,26000,0
2016-04-01,09:40:00,1.51,1.51,1.51,1.51,15000,0
2016-04-01,09:45:00,1.51,1.51,1.51,1.51,74000,0
2016-04-01,09:55:00,1.51,1.51,1.51,1.51,35000,0
2016-04-01,10:00:00,1.51,1.51,1.5,1.5,53000,0
2016-04-05,03:45:00,1.42,1.46,1.42,1.46,19000,0
2016-04-05,03:50:00,1.45,1.45,1.44,1.44,28000,0
2016-04-05,03:55:00,1.44,1.44,1.44,1.44,85000,0
2016-04-05,04:05:00,1.44,1.44,1.44,1.44,1000,0
2016-04-05,04:10:00,1.44,1.45,1.44,1.45,31000,0
2016-04-05,04:20:00,1.45,1.45,1.44,1.44,66000,0
2016-04-05,04:25:00,1.44,1.44,1.44,1.44,36000,0
2016-04-05,04:30:00,1.44,1.44,1.44,1.44,78000,0
2016-04-05,04:35:00,1.44,1.46,1.44,1.44,64000,0
2016-04-05,04:40:00,1.44,1.49,1.44,1.44,172000,0
2016-04-05,04:45:00,1.45,1.45,1.45,1.45,17000,0
2016-04-05,05:00:00,1.46,1.46,1.46,1.46,1000,0
2016-04-05,05:05:00,1.46,1.46,1.46,1.46,1000,0
2016-04-05,05:10:00,1.46,1.46,1.45,1.45,9000,0
2016-04-05,05:40:00,1.45,1.45,1.45,1.45,2000,0
2016-04-05,05:45:00,1.45,1.46,1.45,1.45,5000,0
2016-04-05,05:50:00,1.45,1.45,1.45,1.45,1000,0
2016-04-05,05:55:00,1.45,1.46,1.45,1.45,6000,0
2016-04-05,06:00:00,1.45,1.46,1.45,1.45,7000,0
2016-04-05,07:15:00,1.45,1.45,1.45,1.45,1000,0
2016-04-05,07:20:00,1.45,1.45,1.45,1.45,1000,0
2016-04-05,07:25:00,1.45,1.46,1.45,1.46,50000,0
2016-04-05,07:30:00,1.46,1.48,1.46,1.48,25000,0
2016-04-05,07:35:00,1.48,1.49,1.48,1.49,80000,0
2016-04-05,07:40:00,1.49,1.49,1.46,1.46,12000,0
2016-04-05,07:45:00,1.46,1.46,1.45,1.45,62000,0
2016-04-05,07:55:00,1.45,1.45,1.45,1.45,8000,0
2016-04-05,08:00:00,1.45,1.46,1.45,1.46,15000,0
2016-04-05,08:05:00,1.46,1.46,1.45,1.45,6000,0
2016-04-05,08:10:00,1.45,1.46,1.45,1.46,2000,0
2016-04-05,08:25:00,1.46,1.46,1.45,1.45,2000,0
2016-04-05,08:30:00,1.45,1.46,1.45,1.45,14000,0
2016-04-05,08:35:00,1.45,1.46,1.45,1.45,4000,0
2016-04-05,08:40:00,1.45,1.46,1.45,1.46,23000,0
2016-04-05,08:45:00,1.46,1.46,1.46,1.46,6000,0
2016-04-05,08:50:00,1.46,1.46,1.45,1.46,13000,0
2016-04-05,08:55:00,1.46,1.46,1.45,1.45,2000,0
2016-04-05,09:05:00,1.45,1.45,1.45,1.45,5000,0
2016-04-05,09:15:00,1.45,1.45,1.45,1.45,77000,0
2016-04-05,09:20:00,1.45,1.46,1.45,1.46,57000,0
2016-04-05,09:25:00,1.46,1.46,1.46,1.46,59000,0
2016-04-05,09:30:00,1.46,1.49,1.46,1.46,128000,0
2016-04-05,09:35:00,1.46,1.46,1.45,1.45,7000,0
2016-04-05,09:40:00,1.45,1.45,1.45,1.45,30000,0
2016-04-05,09:45:00,1.45,1.46,1.45,1.46,38000,0
2016-04-05,09:50:00,1.46,1.46,1.45,1.45,72000,0
2016-04-05,09:55:00,1.45,1.48,1.45,1.47,258000,0
2016-04-05,10:00:00,1.47,1.49,1.45,1.47,689000,0
2016-04-06,03:40:00,1.46,1.47,1.45,1.47,29000,0
2016-04-06,04:00:00,1.47,1.47,1.47,1.47,2000,0
2016-04-06,04:15:00,1.47,1.48,1.47,1.48,10000,0
2016-04-06,04:35:00,1.48,1.48,1.47,1.47,20000,0
2016-04-06,04:45:00,1.47,1.48,1.47,1.48,25000,0
2016-04-06,04:50:00,1.48,1.48,1.47,1.47,40000,0
2016-04-06,04:55:00,1.47,1.48,1.47,1.47,30000,0
2016-04-06,05:00:00,1.47,1.48,1.47,1.48,59000,0
2016-04-06,05:05:00,1.48,1.5,1.48,1.5,41000,0
2016-04-06,05:10:00,1.5,1.54,1.5,1.54,235000,0
2016-04-06,05:30:00,1.49,1.49,1.48,1.48,4000,0
2016-04-06,05:35:00,1.48,1.48,1.48,1.48,2000,0
2016-04-06,05:40:00,1.48,1.48,1.48,1.48,2000,0
2016-04-06,05:45:00,1.48,1.48,1.47,1.48,46000,0
2016-04-06,05:55:00,1.46,1.46,1.46,1.46,7000,0
2016-04-06,06:00:00,1.47,1.48,1.47,1.48,25000,0
2016-04-06,07:10:00,1.48,1.53,1.48,1.53,65000,0
2016-04-06,07:15:00,1.53,1.54,1.49,1.49,168000,0
2016-04-06,07:20:00,1.49,1.5,1.48,1.49,67000,0
2016-04-06,07:25:00,1.49,1.5,1.49,1.5,12000,0
2016-04-06,07:35:00,1.5,1.51,1.49,1.49,24000,0
2016-04-06,07:40:00,1.49,1.49,1.48,1.49,22000,0
2016-04-06,07:50:00,1.49,1.49,1.49,1.49,1000,0
2016-04-06,07:55:00,1.49,1.49,1.49,1.49,42000,0
2016-04-06,08:00:00,1.49,1.49,1.49,1.49,20000,0
2016-04-06,08:15:00,1.49,1.49,1.49,1.49,41000,0
2016-04-06,08:25:00,1.49,1.5,1.48,1.49,166000,0
2016-04-06,08:40:00,1.49,1.49,1.49,1.49,2000,0
2016-04-06,08:45:00,1.49,1.5,1.49,1.5,88000,0
2016-04-06,08:50:00,1.5,1.5,1.49,1.49,45000,0
2016-04-06,09:05:00,1.49,1.49,1.49,1.49,2000,0
2016-04-06,09:10:00,1.49,1.49,1.48,1.49,219000,0
2016-04-06,09:15:00,1.48,1.48,1.48,1.48,5000,0
2016-04-06,09:35:00,1.48,1.48,1.48,1.48,2000,0
2016-04-06,09:40:00,1.48,1.48,1.48,1.48,4000,0
2016-04-06,09:45:00,1.48,1.49,1.48,1.49,99000,0
2016-04-06,09:50:00,1.49,1.49,1.48,1.48,5000,0
2016-04-06,09:55:00,1.48,1.48,1.48,1.48,6000,0
2016-04-06,10:00:00,1.48,1.49,1.48,1.49,24000,0
2016-04-07,03:35:00,1.51,1.53,1.5,1.53,9000,0
2016-04-07,03:40:00,1.53,1.53,1.52,1.52,2000,0
2016-04-07,03:50:00,1.52,1.52,1.46,1.46,51000,0
2016-04-07,03:55:00,1.46,1.47,1.46,1.47,17000,0
2016-04-07,04:10:00,1.48,1.48,1.48,1.48,1000,0
2016-04-07,05:05:00,1.46,1.48,1.46,1.48,2000,0
2016-04-07,05:10:00,1.47,1.47,1.46,1.46,4000,0
2016-04-07,05:15:00,1.46,1.48,1.46,1.47,35000,0
2016-04-07,05:25:00,1.47,1.49,1.47,1.47,99000,0
2016-04-07,05:40:00,1.47,1.49,1.47,1.47,4000,0
2016-04-07,05:45:00,1.47,1.49,1.47,1.49,2000,0
2016-04-07,05:55:00,1.49,1.5,1.47,1.47,5000,0
2016-04-07,06:00:00,1.47,1.5,1.47,1.47,45000,0
2016-04-07,07:05:00,1.47,1.49,1.47,1.47,20000,0
2016-04-07,07:10:00,1.47,1.48,1.47,1.48,2000,0
2016-04-07,07:15:00,1.48,1.49,1.48,1.49,12000,0
2016-04-07,07:20:00,1.49,1.5,1.47,1.47,7000,0
2016-04-07,07:30:00,1.47,1.49,1.47,1.47,17864,0
2016-04-07,07:35:00,1.47,1.49,1.47,1.47,89000,0
2016-04-07,07:40:00,1.48,1.49,1.47,1.48,79000,0
2016-04-07,07:45:00,1.48,1.49,1.48,1.48,13000,0
2016-04-07,07:55:00,1.48,1.49,1.48,1.48,16000,0
2016-04-07,08:00:00,1.48,1.49,1.47,1.49,109000,0
2016-04-07,08:05:00,1.49,1.49,1.49,1.49,7000,0
2016-04-07,08:10:00,1.49,1.49,1.49,1.49,4000,0
2016-04-07,08:20:00,1.49,1.49,1.48,1.48,41000,0
2016-04-07,08:45:00,1.48,1.49,1.48,1.48,14000,0
2016-04-07,08:50:00,1.48,1.5,1.48,1.48,100000,0
2016-04-07,08:55:00,1.48,1.5,1.48,1.48,136000,0
2016-04-07,09:00:00,1.48,1.5,1.47,1.48,266000,0
2016-04-07,09:05:00,1.48,1.49,1.48,1.48,4000,0
2016-04-07,09:10:00,1.48,1.53,1.48,1.51,408000,0
2016-04-07,09:15:00,1.51,1.51,1.49,1.49,24000,0
2016-04-07,09:30:00,1.49,1.5,1.49,1.49,84000,0
2016-04-07,09:35:00,1.49,1.5,1.49,1.49,15000,0
2016-04-07,09:40:00,1.49,1.49,1.48,1.49,127000,0
2016-04-07,09:45:00,1.49,1.51,1.49,1.49,132000,0
2016-04-07,09:50:00,1.49,1.52,1.49,1.49,116000,0
2016-04-07,09:55:00,1.49,1.53,1.49,1.49,204000,0
2016-04-07,10:00:00,1.49,1.5,1.49,1.5,81000,0
2016-04-08,03:35:00,1.49,1.5,1.48,1.48,8000,0
2016-04-08,03:40:00,1.44,1.45,1.44,1.45,4000,0
2016-04-08,03:45:00,1.44,1.45,1.44,1.45,18000,0
2016-04-08,03:50:00,1.45,1.46,1.45,1.46,8000,0
2016-04-08,03:55:00,1.46,1.47,1.46,1.47,15000,0
2016-04-08,04:10:00,1.47,1.47,1.47,1.47,4000,0
2016-04-08,04:15:00,1.47,1.47,1.47,1.47,19000,0
2016-04-08,04:25:00,1.47,1.48,1.47,1.48,20000,0
2016-04-08,04:30:00,1.48,1.48,1.48,1.48,7000,0
2016-04-08,04:35:00,1.48,1.49,1.48,1.49,16000,0
2016-04-08,04:50:00,1.49,1.49,1.47,1.47,24000,0
2016-04-08,04:55:00,1.47,1.48,1.47,1.48,15000,0
2016-04-08,05:15:00,1.48,1.49,1.48,1.49,7000,0
2016-04-08,05:25:00,1.49,1.49,1.48,1.49,15000,0
2016-04-08,05:40:00,1.49,1.49,1.49,1.49,1000,0
2016-04-08,05:45:00,1.49,1.49,1.48,1.48,5000,0
2016-04-08,05:50:00,1.48,1.48,1.47,1.47,4000,0
2016-04-08,05:55:00,1.47,1.48,1.47,1.48,7000,0
2016-04-08,06:00:00,1.48,1.48,1.48,1.48,2000,0
2016-04-08,07:10:00,1.48,1.48,1.48,1.48,1000,0
2016-04-08,07:15:00,1.48,1.48,1.47,1.47,5000,0
2016-04-08,07:20:00,1.47,1.47,1.47,1.47,4000,0
2016-04-08,07:25:00,1.47,1.47,1.47,1.47,3000,0
2016-04-08,07:30:00,1.47,1.47,1.47,1.47,3000,0
2016-04-08,07:40:00,1.47,1.47,1.47,1.47,3000,0
2016-04-08,07:45:00,1.47,1.48,1.47,1.48,14000,0
2016-04-08,08:05:00,1.48,1.48,1.48,1.48,2000,0
2016-04-08,08:10:00,1.48,1.48,1.47,1.48,13000,0
2016-04-08,08:25:00,1.48,1.48,1.48,1.48,2000,0
2016-04-08,08:35:00,1.48,1.48,1.47,1.47,5000,0
2016-04-08,08:40:00,1.47,1.48,1.47,1.48,13000,0
2016-04-08,08:50:00,1.48,1.48,1.48,1.48,1000,0
2016-04-08,08:55:00,1.48,1.48,1.47,1.47,2000,0
2016-04-08,09:00:00,1.47,1.48,1.47,1.48,13000,0
2016-04-08,09:05:00,1.48,1.48,1.48,1.48,3000,0
2016-04-08,09:10:00,1.48,1.48,1.48,1.48,51000,0
2016-04-08,09:15:00,1.48,1.48,1.48,1.48,4000,0
2016-04-08,09:30:00,1.48,1.48,1.47,1.47,11000,0
2016-04-08,09:35:00,1.47,1.47,1.47,1.47,2000,0
2016-04-08,09:40:00,1.47,1.48,1.47,1.47,24000,0
2016-04-08,09:45:00,1.47,1.47,1.47,1.47,5000,0
2016-04-08,09:50:00,1.47,1.48,1.47,1.48,53000,0
2016-04-08,09:55:00,1.48,1.48,1.48,1.48,7000,0
2016-04-08,10:00:00,1.48,1.49,1.46,1.49,164000,0
2016-04-11,04:15:00,1.48,1.48,1.48,1.48,2000,0
2016-04-11,04:20:00,1.48,1.48,1.48,1.48,7000,0
2016-04-11,05:05:00,1.48,1.49,1.48,1.49,42000,0
2016-04-11,05:10:00,1.49,1.49,1.49,1.49,47000,0
2016-04-11,05:15:00,1.49,1.49,1.49,1.49,60000,0
2016-04-11,07:05:00,1.49,1.49,1.48,1.49,102000,0
2016-04-11,07:15:00,1.49,1.49,1.48,1.49,101000,0
2016-04-11,07:20:00,1.49,1.49,1.49,1.49,60000,0
2016-04-11,07:30:00,1.49,1.49,1.48,1.48,4000,0
2016-04-11,08:00:00,1.48,1.48,1.48,1.48,1000,0
2016-04-11,08:45:00,1.48,1.48,1.48,1.48,119000,0
2016-04-11,08:50:00,1.48,1.48,1.48,1.48,2000,0
2016-04-11,08:55:00,1.47,1.49,1.47,1.49,144000,0
2016-04-11,09:15:00,1.49,1.5,1.49,1.5,94000,0
2016-04-11,09:20:00,1.5,1.5,1.49,1.49,102000,0
2016-04-11,09:30:00,1.48,1.48,1.48,1.48,20000,0
2016-04-11,09:35:00,1.48,1.48,1.48,1.48,4000,0
2016-04-11,09:55:00,1.48,1.48,1.48,1.48,2000,0
2016-04-12,03:45:00,1.48,1.48,1.47,1.48,79000,0
2016-04-12,03:50:00,1.48,1.48,1.48,1.48,12000,0
2016-04-12,03:55:00,1.48,1.48,1.48,1.48,40000,0
2016-04-12,04:00:00,1.48,1.48,1.48,1.48,14000,0
2016-04-12,04:05:00,1.48,1.48,1.48,1.48,12000,0
2016-04-12,04:10:00,1.48,1.48,1.48,1.48,30000,0
2016-04-12,04:15:00,1.48,1.48,1.48,1.48,16000,0
2016-04-12,04:20:00,1.48,1.48,1.48,1.48,10000,0
2016-04-12,04:30:00,1.48,1.48,1.48,1.48,10000,0
2016-04-12,04:45:00,1.48,1.48,1.48,1.48,10000,0
2016-04-12,05:00:00,1.48,1.48,1.48,1.48,5000,0
2016-04-12,05:05:00,1.48,1.48,1.48,1.48,1000,0
2016-04-12,05:10:00,1.48,1.48,1.48,1.48,2000,0
2016-04-12,05:15:00,1.48,1.49,1.48,1.49,15000,0
2016-04-12,05:20:00,1.49,1.49,1.48,1.48,2000,0
2016-04-12,05:35:00,1.48,1.49,1.47,1.48,26000,0
2016-04-12,05:40:00,1.48,1.49,1.47,1.48,45000,0
2016-04-12,05:50:00,1.48,1.49,1.48,1.48,17000,0
2016-04-12,07:10:00,1.48,1.48,1.47,1.47,2000,0
2016-04-12,07:25:00,1.47,1.49,1.47,1.48,88000,0
2016-04-12,07:30:00,1.48,1.49,1.48,1.49,221000,0
2016-04-12,07:35:00,1.49,1.49,1.48,1.49,69000,0
2016-04-12,07:40:00,1.49,1.5,1.48,1.49,207000,0
2016-04-12,07:45:00,1.49,1.5,1.49,1.49,181000,0
2016-04-12,07:50:00,1.49,1.5,1.49,1.5,194000,0
2016-04-12,07:55:00,1.5,1.5,1.49,1.5,210000,0
2016-04-12,08:00:00,1.5,1.5,1.49,1.5,282000,0
2016-04-12,08:05:00,1.5,1.5,1.5,1.5,131000,0
2016-04-12,08:15:00,1.5,1.51,1.5,1.5,123000,0
2016-04-12,08:20:00,1.5,1.52,1.5,1.5,251000,0
2016-04-12,08:25:00,1.5,1.5,1.49,1.5,4000,0
2016-04-12,08:30:00,1.5,1.5,1.5,1.5,2000,0
2016-04-12,08:35:00,1.5,1.5,1.49,1.49,8000,0
2016-04-12,08:45:00,1.48,1.48,1.47,1.47,56000,0
2016-04-12,09:00:00,1.47,1.49,1.47,1.49,4000,0
2016-04-12,09:05:00,1.49,1.49,1.49,1.49,2000,0
2016-04-12,09:10:00,1.49,1.49,1.49,1.49,2000,0
2016-04-12,09:15:00,1.49,1.49,1.49,1.49,3000,0
2016-04-12,09:20:00,1.49,1.49,1.49,1.49,1000,0
2016-04-12,09:25:00,1.49,1.49,1.47,1.48,12000,0
2016-04-12,09:30:00,1.48,1.48,1.47,1.48,9000,0
2016-04-12,09:35:00,1.48,1.48,1.47,1.47,12000,0
2016-04-12,09:40:00,1.49,1.49,1.48,1.48,223000,0
2016-04-12,09:45:00,1.48,1.49,1.48,1.49,9000,0
2016-04-12,09:50:00,1.49,1.49,1.47,1.47,27000,0
2016-04-12,09:55:00,1.47,1.49,1.46,1.48,30000,0
2016-04-12,10:00:00,1.48,1.49,1.47,1.47,73000,0
2016-04-13,03:35:00,1.49,1.49,1.48,1.48,17000,0
2016-04-13,04:30:00,1.49,1.5,1.48,1.48,60000,0
2016-04-13,04:35:00,1.48,1.48,1.48,1.48,1000,0
2016-04-13,04:45:00,1.48,1.48,1.48,1.48,2000,0
2016-04-13,04:50:00,1.48,1.48,1.48,1.48,1000,0
2016-04-13,05:00:00,1.48,1.48,1.48,1.48,2000,0
2016-04-13,05:05:00,1.48,1.48,1.48,1.48,1000,0
2016-04-13,05:10:00,1.48,1.48,1.48,1.48,14000,0
2016-04-13,05:15:00,1.48,1.48,1.48,1.48,100000,0
2016-04-13,05:20:00,1.48,1.48,1.47,1.47,4000,0
2016-04-13,05:30:00,1.47,1.48,1.47,1.48,52000,0
2016-04-13,05:35:00,1.48,1.48,1.48,1.48,62000,0
2016-04-13,05:40:00,1.48,1.48,1.48,1.48,28000,0
2016-04-13,05:45:00,1.48,1.48,1.48,1.48,20000,0
2016-04-13,05:55:00,1.48,1.48,1.48,1.48,130000,0
2016-04-13,06:00:00,1.48,1.48,1.48,1.48,150000,0
2016-04-13,07:05:00,1.48,1.48,1.48,1.48,27000,0
2016-04-13,07:10:00,1.48,1.48,1.48,1.48,20000,0
2016-04-13,07:15:00,1.48,1.48,1.48,1.48,80000,0
2016-04-13,07:20:00,1.48,1.48,1.48,1.48,5000,0
2016-04-13,07:30:00,1.48,1.49,1.48,1.48,145000,0
2016-04-13,07:35:00,1.48,1.49,1.48,1.48,26000,0
2016-04-13,07:40:00,1.48,1.48,1.48,1.48,6000,0
2016-04-13,07:45:00,1.48,1.48,1.48,1.48,5000,0
2016-04-13,07:50:00,1.48,1.49,1.48,1.48,23000,0
2016-04-13,08:10:00,1.48,1.49,1.48,1.49,4000,0
2016-04-13,09:50:00,1.49,1.49,1.48,1.48,20000,0
2016-04-13,09:55:00,1.48,1.48,1.48,1.48,3000,0
2016-04-13,10:00:00,1.48,1.48,1.48,1.48,7000,0
