Date,Time,Open,High,Low,Close,Volume,OpenInt
2016-03-15,02:35:00,0.083,0.084,0.08,0.08,1494000,0
2016-03-15,02:40:00,0.08,0.08,0.073,0.074,4711000,0
2016-03-15,02:45:00,0.074,0.077,0.073,0.076,1823000,0
2016-03-15,02:50:00,0.076,0.077,0.076,0.076,578000,0
2016-03-15,02:55:00,0.076,0.076,0.075,0.075,777000,0
2016-03-15,03:00:00,0.075,0.076,0.074,0.076,614000,0
2016-03-15,03:05:00,0.076,0.076,0.075,0.076,150000,0
2016-03-15,03:10:00,0.076,0.076,0.075,0.075,1000000,0
2016-03-15,03:15:00,0.075,0.075,0.074,0.075,313000,0
2016-03-15,03:20:00,0.075,0.075,0.074,0.075,809000,0
2016-03-15,03:25:00,0.075,0.075,0.074,0.074,402000,0
2016-03-15,03:30:00,0.074,0.075,0.074,0.075,1444000,0
2016-03-15,03:35:00,0.075,0.075,0.074,0.074,10000,0
2016-03-15,03:40:00,0.074,0.074,0.074,0.074,165000,0
2016-03-15,03:45:00,0.074,0.075,0.074,0.075,1066000,0
2016-03-15,03:50:00,0.075,0.076,0.07,0.07,14328000,0
2016-03-15,03:55:00,0.07,0.073,0.07,0.073,2861000,0
2016-03-15,04:00:00,0.073,0.073,0.072,0.072,960000,0
2016-03-15,04:05:00,0.072,0.072,0.072,0.072,100000,0
2016-03-15,04:10:00,0.072,0.072,0.072,0.072,96000,0
2016-03-15,04:15:00,0.072,0.072,0.07,0.07,1564000,0
2016-03-15,04:20:00,0.07,0.071,0.07,0.071,460000,0
2016-03-15,04:25:00,0.071,0.071,0.07,0.07,12000,0
2016-03-15,04:30:00,0.07,0.07,0.069,0.069,999000,0
2016-03-15,04:35:00,0.069,0.07,0.068,0.068,1333000,0
2016-03-15,04:40:00,0.068,0.068,0.068,0.068,882000,0
2016-03-15,04:45:00,0.068,0.07,0.068,0.07,2925000,0
2016-03-15,04:50:00,0.07,0.072,0.07,0.07,670000,0
2016-03-15,04:55:00,0.07,0.07,0.069,0.069,749000,0
2016-03-15,05:00:00,0.069,0.07,0.069,0.069,784000,0
2016-03-15,06:05:00,0.069,0.07,0.069,0.069,928000,0
2016-03-15,06:10:00,0.069,0.07,0.069,0.069,392000,0
2016-03-15,06:15:00,0.069,0.07,0.068,0.068,2252000,0
2016-03-15,06:20:00,0.068,0.07,0.068,0.07,3780000,0
2016-03-15,06:25:00,0.07,0.071,0.07,0.071,60000,0
2016-03-15,06:30:00,0.071,0.071,0.07,0.07,1803000,0
2016-03-15,06:35:00,0.07,0.071,0.07,0.071,2198000,0
2016-03-15,06:40:00,0.07,0.07,0.068,0.069,1849000,0
2016-03-15,06:45:00,0.069,0.069,0.069,0.069,2290000,0
2016-03-15,06:50:00,0.069,0.07,0.069,0.07,1723000,0
2016-03-15,06:55:00,0.07,0.07,0.07,0.07,40000,0
2016-03-15,07:00:00,0.07,0.07,0.07,0.07,596000,0
2016-03-15,07:05:00,0.07,0.07,0.069,0.069,890000,0
2016-03-15,07:10:00,0.069,0.069,0.068,0.068,2054000,0
2016-03-15,07:15:00,0.068,0.069,0.068,0.068,2322000,0
2016-03-15,07:20:00,0.068,0.069,0.068,0.069,2950000,0
2016-03-15,07:25:00,0.069,0.069,0.069,0.069,15000,0
2016-03-15,07:30:00,0.069,0.069,0.069,0.069,667000,0
2016-03-15,07:35:00,0.069,0.069,0.068,0.068,880000,0
2016-03-15,07:40:00,0.068,0.068,0.064,0.065,15134000,0
2016-03-15,07:45:00,0.065,0.066,0.065,0.066,940000,0
2016-03-15,07:50:00,0.066,0.066,0.065,0.066,1993000,0
2016-03-15,07:55:00,0.066,0.067,0.066,0.067,3022000,0
2016-03-15,08:00:00,0.067,0.068,0.067,0.068,227000,0
2016-03-15,08:05:00,0.068,0.068,0.067,0.068,2235000,0
2016-03-15,08:10:00,0.068,0.068,0.067,0.067,691000,0
2016-03-15,08:15:00,0.067,0.067,0.066,0.066,1823000,0
2016-03-15,08:20:00,0.066,0.066,0.066,0.066,1707000,0
2016-03-15,08:25:00,0.066,0.066,0.065,0.066,2896000,0
2016-03-15,08:30:00,0.066,0.066,0.065,0.065,2260000,0
2016-03-15,08:35:00,0.065,0.066,0.065,0.065,2776000,0
2016-03-15,08:40:00,0.065,0.066,0.065,0.066,2813000,0
2016-03-15,08:45:00,0.066,0.066,0.064,0.065,5770000,0
2016-03-15,08:50:00,0.065,0.065,0.065,0.065,430000,0
2016-03-15,08:55:00,0.065,0.065,0.065,0.065,2554000,0
2016-03-15,09:00:00,0.065,0.065,0.063,0.064,6821000,0
2016-03-16,02:35:00,0.06,0.063,0.06,0.061,1612000,0
2016-03-16,02:40:00,0.061,0.061,0.06,0.06,2706000,0
2016-03-16,02:45:00,0.06,0.061,0.059,0.06,1327000,0
2016-03-16,02:50:00,0.06,0.06,0.057,0.059,7056000,0
2016-03-16,02:55:00,0.059,0.059,0.059,0.059,76000,0
2016-03-16,03:00:00,0.059,0.059,0.055,0.055,8575000,0
2016-03-16,03:05:00,0.055,0.057,0.055,0.056,5826000,0
2016-03-16,03:10:00,0.056,0.058,0.056,0.057,3145000,0
2016-03-16,03:15:00,0.057,0.057,0.056,0.057,604000,0
2016-03-16,03:20:00,0.057,0.057,0.055,0.056,2350000,0
2016-03-16,03:25:00,0.056,0.056,0.054,0.055,1752000,0
2016-03-16,03:30:00,0.055,0.056,0.055,0.056,10259000,0
2016-03-16,03:35:00,0.056,0.056,0.056,0.056,1752000,0
2016-03-16,03:40:00,0.056,0.059,0.056,0.059,5771000,0
2016-03-16,03:45:00,0.059,0.061,0.059,0.06,13823000,0
2016-03-16,03:50:00,0.06,0.06,0.059,0.059,2404000,0
2016-03-16,03:55:00,0.059,0.059,0.059,0.059,50000,0
2016-03-16,04:00:00,0.059,0.06,0.059,0.059,1939000,0
2016-03-16,04:05:00,0.059,0.061,0.059,0.061,10274000,0
2016-03-16,04:10:00,0.061,0.062,0.061,0.062,2168000,0
2016-03-16,04:15:00,0.062,0.062,0.061,0.061,4140000,0
2016-03-16,04:20:00,0.061,0.061,0.061,0.061,1744000,0
2016-03-16,04:25:00,0.061,0.061,0.06,0.06,162000,0
2016-03-16,04:35:00,0.06,0.06,0.06,0.06,19000,0
2016-03-16,04:40:00,0.06,0.061,0.06,0.06,1858000,0
2016-03-16,04:45:00,0.06,0.06,0.06,0.06,10000,0
2016-03-16,04:50:00,0.06,0.061,0.06,0.06,1030000,0
2016-03-16,04:55:00,0.06,0.06,0.06,0.06,200000,0
2016-03-16,05:00:00,0.06,0.06,0.06,0.06,113000,0
2016-03-16,06:05:00,0.06,0.061,0.06,0.06,630000,0
2016-03-16,06:10:00,0.06,0.06,0.06,0.06,52000,0
2016-03-16,06:15:00,0.06,0.06,0.06,0.06,28000,0
2016-03-16,06:20:00,0.06,0.06,0.06,0.06,25000,0
2016-03-16,06:25:00,0.06,0.06,0.06,0.06,23000,0
2016-03-16,06:30:00,0.06,0.06,0.06,0.06,150000,0
2016-03-16,06:35:00,0.06,0.06,0.06,0.06,13000,0
2016-03-16,06:40:00,0.06,0.061,0.06,0.06,53000,0
2016-03-16,06:45:00,0.06,0.06,0.059,0.059,1274000,0
2016-03-16,06:50:00,0.059,0.059,0.059,0.059,813000,0
2016-03-16,06:55:00,0.059,0.06,0.059,0.059,1074000,0
2016-03-16,07:00:00,0.059,0.06,0.059,0.059,210000,0
2016-03-16,07:05:00,0.059,0.059,0.059,0.059,1443000,0
2016-03-16,07:10:00,0.059,0.059,0.056,0.056,4198000,0
2016-03-16,07:15:00,0.056,0.058,0.056,0.056,7650000,0
2016-03-16,07:20:00,0.057,0.057,0.057,0.057,10000,0
2016-03-16,07:30:00,0.057,0.058,0.057,0.058,2010000,0
2016-03-16,07:35:00,0.058,0.058,0.057,0.057,229000,0
2016-03-16,07:40:00,0.057,0.057,0.057,0.057,150000,0
2016-03-16,07:45:00,0.057,0.057,0.057,0.057,27000,0
2016-03-16,07:50:00,0.057,0.058,0.057,0.057,1059000,0
2016-03-16,07:55:00,0.057,0.058,0.057,0.057,2203000,0
2016-03-16,08:00:00,0.057,0.057,0.057,0.057,1006000,0
2016-03-16,08:10:00,0.057,0.058,0.057,0.058,1581000,0
2016-03-16,08:15:00,0.058,0.058,0.058,0.058,971000,0
2016-03-16,08:20:00,0.058,0.058,0.057,0.058,1329000,0
2016-03-16,08:25:00,0.058,0.058,0.057,0.057,20000,0
2016-03-16,08:30:00,0.057,0.057,0.057,0.057,759000,0
2016-03-16,08:35:00,0.057,0.057,0.057,0.057,290000,0
2016-03-16,08:40:00,0.057,0.058,0.057,0.058,269000,0
2016-03-16,08:45:00,0.058,0.058,0.057,0.058,1806000,0
2016-03-16,08:50:00,0.058,0.059,0.058,0.058,1712000,0
2016-03-16,08:55:00,0.058,0.058,0.057,0.057,2097000,0
2016-03-16,09:00:00,0.057,0.058,0.057,0.057,1011000,0
2016-03-17,02:35:00,0.057,0.057,0.057,0.057,10000,0
2016-03-17,02:40:00,0.057,0.063,0.057,0.063,7488000,0
2016-03-17,02:45:00,0.063,0.067,0.063,0.064,14031000,0
2016-03-17,02:50:00,0.064,0.065,0.063,0.063,6021000,0
2016-03-17,02:55:00,0.063,0.063,0.062,0.063,1273000,0
2016-03-17,03:00:00,0.063,0.063,0.061,0.061,3522000,0
2016-03-17,03:05:00,0.061,0.061,0.058,0.059,3210000,0
2016-03-17,03:10:00,0.059,0.06,0.059,0.06,623000,0
2016-03-17,03:15:00,0.06,0.06,0.06,0.06,870000,0
2016-03-17,03:20:00,0.06,0.061,0.06,0.06,628000,0
2016-03-17,03:25:00,0.06,0.061,0.06,0.06,108000,0
2016-03-17,03:30:00,0.06,0.06,0.06,0.06,70000,0
2016-03-17,03:35:00,0.06,0.061,0.06,0.061,35000,0
2016-03-17,03:40:00,0.061,0.061,0.06,0.06,342000,0
2016-03-17,03:45:00,0.06,0.061,0.06,0.061,1200000,0
2016-03-17,03:55:00,0.061,0.063,0.061,0.063,1266000,0
2016-03-17,04:00:00,0.063,0.063,0.063,0.063,810000,0
2016-03-17,04:05:00,0.063,0.063,0.062,0.062,98000,0
2016-03-17,04:10:00,0.062,0.062,0.061,0.061,1079000,0
2016-03-17,04:15:00,0.061,0.061,0.061,0.061,352000,0
2016-03-17,04:20:00,0.061,0.061,0.061,0.061,754000,0
2016-03-17,04:35:00,0.061,0.062,0.061,0.062,92000,0
2016-03-17,04:40:00,0.062,0.062,0.061,0.061,400000,0
2016-03-17,04:50:00,0.061,0.061,0.061,0.061,130000,0
2016-03-17,04:55:00,0.061,0.061,0.061,0.061,800000,0
2016-03-17,05:00:00,0.061,0.061,0.061,0.061,195000,0
2016-03-17,06:15:00,0.061,0.061,0.061,0.061,50000,0
2016-03-17,06:30:00,0.061,0.061,0.06,0.061,727000,0
2016-03-17,06:35:00,0.061,0.061,0.061,0.061,302000,0
2016-03-17,06:40:00,0.061,0.061,0.061,0.061,1407000,0
2016-03-17,06:55:00,0.061,0.061,0.061,0.061,210000,0
2016-03-17,07:05:00,0.061,0.061,0.061,0.061,100000,0
2016-03-17,07:15:00,0.061,0.061,0.061,0.061,40000,0
2016-03-17,07:20:00,0.061,0.061,0.061,0.061,763000,0
2016-03-17,07:25:00,0.061,0.061,0.061,0.061,716000,0
2016-03-17,07:30:00,0.061,0.061,0.061,0.061,50000,0
2016-03-17,07:35:00,0.061,0.061,0.06,0.06,6000,0
2016-03-17,07:40:00,0.06,0.06,0.06,0.06,23000,0
2016-03-17,07:45:00,0.06,0.06,0.06,0.06,20000,0
2016-03-17,07:50:00,0.06,0.06,0.06,0.06,250000,0
2016-03-17,07:55:00,0.06,0.06,0.06,0.06,38000,0
2016-03-17,08:05:00,0.06,0.06,0.06,0.06,200000,0
2016-03-17,08:10:00,0.06,0.061,0.06,0.061,124000,0
2016-03-17,08:15:00,0.061,0.061,0.061,0.061,1094000,0
2016-03-17,08:20:00,0.061,0.062,0.061,0.061,602000,0
2016-03-17,08:25:00,0.061,0.061,0.061,0.061,31000,0
2016-03-17,08:30:00,0.061,0.061,0.061,0.061,50000,0
2016-03-17,08:35:00,0.061,0.061,0.06,0.06,405000,0
2016-03-17,08:40:00,0.06,0.062,0.06,0.062,2930000,0
2016-03-17,08:45:00,0.062,0.062,0.062,0.062,2689000,0
2016-03-17,08:50:00,0.062,0.062,0.061,0.062,1440000,0
2016-03-17,08:55:00,0.062,0.064,0.062,0.064,4927000,0
2016-03-17,09:00:00,0.064,0.065,0.064,0.064,4074000,0
2016-03-18,02:35:00,0.062,0.069,0.062,0.068,7679000,0
2016-03-18,02:40:00,0.068,0.068,0.067,0.067,4720000,0
2016-03-18,02:45:00,0.067,0.067,0.066,0.066,320000,0
2016-03-18,02:50:00,0.066,0.066,0.066,0.066,1000000,0
2016-03-18,02:55:00,0.066,0.066,0.064,0.065,2942000,0
2016-03-18,03:05:00,0.065,0.065,0.065,0.065,750000,0
2016-03-18,03:10:00,0.065,0.068,0.065,0.067,3922000,0
2016-03-18,03:15:00,0.067,0.067,0.065,0.065,2432000,0
2016-03-18,03:20:00,0.065,0.065,0.065,0.065,503000,0
2016-03-18,03:25:00,0.065,0.066,0.065,0.065,363000,0
2016-03-18,03:30:00,0.065,0.066,0.065,0.066,4083000,0
2016-03-18,03:35:00,0.066,0.068,0.066,0.068,1072000,0
2016-03-18,03:40:00,0.068,0.069,0.067,0.067,2712000,0
2016-03-18,03:45:00,0.067,0.069,0.067,0.068,7496000,0
2016-03-18,03:50:00,0.068,0.068,0.066,0.066,4103000,0
2016-03-18,03:55:00,0.066,0.067,0.065,0.066,555000,0
2016-03-18,04:00:00,0.066,0.066,0.065,0.066,192000,0
2016-03-18,04:05:00,0.066,0.067,0.065,0.066,2183000,0
2016-03-18,04:10:00,0.066,0.066,0.065,0.065,10000,0
2016-03-18,04:15:00,0.065,0.066,0.065,0.065,56000,0
2016-03-18,04:20:00,0.065,0.065,0.065,0.065,3929000,0
2016-03-18,04:25:00,0.065,0.065,0.063,0.063,972000,0
2016-03-18,04:30:00,0.063,0.064,0.063,0.063,646000,0
2016-03-18,04:35:00,0.063,0.063,0.063,0.063,3000,0
2016-03-18,04:40:00,0.063,0.064,0.063,0.063,587000,0
2016-03-18,04:45:00,0.063,0.067,0.063,0.065,3462000,0
2016-03-18,04:50:00,0.065,0.065,0.064,0.064,4000,0
2016-03-18,04:55:00,0.064,0.064,0.064,0.064,4000,0
2016-03-18,05:00:00,0.064,0.065,0.064,0.064,23000,0
2016-03-18,06:05:00,0.064,0.064,0.064,0.064,3000,0
2016-03-18,06:10:00,0.064,0.064,0.064,0.064,3000,0
2016-03-18,06:15:00,0.064,0.064,0.064,0.064,3000,0
2016-03-18,06:20:00,0.064,0.064,0.064,0.064,70000,0
2016-03-18,06:25:00,0.064,0.064,0.063,0.063,2522000,0
2016-03-18,06:30:00,0.063,0.063,0.063,0.063,54000,0
2016-03-18,06:35:00,0.063,0.063,0.063,0.063,3000,0
2016-03-18,06:40:00,0.063,0.063,0.063,0.063,4000,0
2016-03-18,06:45:00,0.063,0.064,0.063,0.063,85000,0
2016-03-18,06:50:00,0.063,0.064,0.063,0.063,124000,0
2016-03-18,06:55:00,0.063,0.063,0.063,0.063,33000,0
2016-03-18,07:00:00,0.063,0.063,0.063,0.063,53000,0
2016-03-18,07:05:00,0.063,0.063,0.063,0.063,4000,0
2016-03-18,07:10:00,0.063,0.064,0.063,0.063,130000,0
2016-03-18,07:15:00,0.063,0.063,0.063,0.063,4000,0
2016-03-18,07:20:00,0.063,0.063,0.063,0.063,3000,0
2016-03-18,07:25:00,0.063,0.063,0.063,0.063,4000,0
2016-03-18,07:30:00,0.063,0.063,0.063,0.063,1004000,0
2016-03-18,07:35:00,0.063,0.063,0.063,0.063,3000,0
2016-03-18,07:40:00,0.063,0.063,0.063,0.063,7000,0
2016-03-18,07:45:00,0.063,0.063,0.063,0.063,3000,0
2016-03-18,07:50:00,0.063,0.063,0.063,0.063,114000,0
2016-03-18,07:55:00,0.063,0.063,0.063,0.063,13000,0
2016-03-18,08:00:00,0.063,0.063,0.063,0.063,4000,0
2016-03-18,08:05:00,0.063,0.063,0.063,0.063,8000,0
2016-03-18,08:10:00,0.063,0.063,0.063,0.063,3000,0
2016-03-18,08:15:00,0.063,0.063,0.063,0.063,4000,0
2016-03-18,08:20:00,0.063,0.063,0.063,0.063,3000,0
2016-03-18,08:25:00,0.063,0.063,0.063,0.063,34000,0
2016-03-18,08:30:00,0.063,0.063,0.063,0.063,309000,0
2016-03-18,08:35:00,0.063,0.063,0.063,0.063,690000,0
2016-03-18,08:40:00,0.063,0.063,0.063,0.063,20000,0
2016-03-18,08:45:00,0.063,0.063,0.062,0.062,637000,0
2016-03-18,08:50:00,0.062,0.062,0.062,0.062,61000,0
2016-03-18,08:55:00,0.062,0.062,0.062,0.062,300000,0
2016-03-18,09:00:00,0.062,0.063,0.062,0.063,273000,0
2016-03-21,02:35:00,0.058,0.058,0.058,0.058,140000,0
2016-03-21,02:40:00,0.058,0.063,0.058,0.063,108000,0
2016-03-21,02:45:00,0.062,0.062,0.06,0.06,398000,0
2016-03-21,02:50:00,0.06,0.06,0.06,0.06,12000,0
2016-03-21,02:55:00,0.06,0.06,0.06,0.06,57000,0
2016-03-21,03:00:00,0.06,0.06,0.06,0.06,109000,0
2016-03-21,03:05:00,0.06,0.06,0.059,0.059,74000,0
2016-03-21,03:10:00,0.059,0.062,0.059,0.06,1966000,0
2016-03-21,03:15:00,0.06,0.06,0.058,0.059,7113000,0
2016-03-21,03:20:00,0.059,0.06,0.059,0.06,235000,0
2016-03-21,03:25:00,0.06,0.06,0.059,0.059,3500000,0
2016-03-21,03:35:00,0.059,0.059,0.059,0.059,280000,0
2016-03-21,03:40:00,0.059,0.059,0.058,0.058,80000,0
2016-03-21,03:45:00,0.058,0.058,0.058,0.058,110000,0
2016-03-21,03:50:00,0.058,0.059,0.058,0.059,825000,0
2016-03-21,04:00:00,0.059,0.059,0.059,0.059,71000,0
2016-03-21,04:05:00,0.059,0.059,0.059,0.059,214000,0
2016-03-21,04:10:00,0.059,0.059,0.059,0.059,85000,0
2016-03-21,04:15:00,0.059,0.059,0.059,0.059,101000,0
2016-03-21,04:20:00,0.059,0.059,0.059,0.059,116000,0
2016-03-21,04:25:00,0.059,0.059,0.059,0.059,365000,0
2016-03-21,04:30:00,0.059,0.06,0.059,0.059,906000,0
2016-03-21,04:35:00,0.059,0.059,0.059,0.059,262000,0
2016-03-21,04:40:00,0.059,0.059,0.058,0.059,3164000,0
2016-03-21,04:45:00,0.059,0.059,0.058,0.058,130000,0
2016-03-21,04:50:00,0.058,0.058,0.058,0.058,103000,0
2016-03-21,04:55:00,0.058,0.059,0.058,0.059,253000,0
2016-03-21,05:00:00,0.059,0.06,0.059,0.059,283000,0
2016-03-21,06:05:00,0.059,0.059,0.059,0.059,122000,0
2016-03-21,06:10:00,0.059,0.059,0.059,0.059,92000,0
2016-03-21,06:15:00,0.059,0.059,0.059,0.059,132000,0
2016-03-21,06:20:00,0.059,0.059,0.059,0.059,115000,0
2016-03-21,06:25:00,0.059,0.059,0.059,0.059,107000,0
2016-03-21,06:30:00,0.059,0.06,0.059,0.059,388000,0
2016-03-21,06:35:00,0.059,0.06,0.059,0.059,317000,0
2016-03-21,06:40:00,0.059,0.059,0.059,0.059,99000,0
2016-03-21,06:45:00,0.059,0.059,0.059,0.059,478000,0
2016-03-21,06:50:00,0.059,0.059,0.059,0.059,3799000,0
2016-03-21,06:55:00,0.059,0.059,0.059,0.059,106000,0
2016-03-21,07:00:00,0.059,0.059,0.059,0.059,102000,0
2016-03-21,07:05:00,0.059,0.06,0.059,0.06,975000,0
2016-03-21,07:10:00,0.06,0.06,0.06,0.06,458000,0
2016-03-21,07:15:00,0.06,0.06,0.06,0.06,102000,0
2016-03-21,07:20:00,0.06,0.06,0.06,0.06,299000,0
2016-03-21,07:25:00,0.06,0.06,0.06,0.06,112000,0
2016-03-21,07:30:00,0.06,0.06,0.059,0.059,295000,0
2016-03-21,07:35:00,0.059,0.059,0.059,0.059,423000,0
2016-03-21,07:40:00,0.059,0.059,0.059,0.059,95000,0
2016-03-21,07:45:00,0.059,0.059,0.059,0.059,578000,0
2016-03-21,07:50:00,0.059,0.059,0.059,0.059,185000,0
2016-03-21,07:55:00,0.059,0.059,0.059,0.059,90000,0
2016-03-21,08:00:00,0.059,0.059,0.059,0.059,163000,0
2016-03-21,08:05:00,0.059,0.059,0.059,0.059,109000,0
2016-03-21,08:10:00,0.059,0.059,0.059,0.059,104000,0
2016-03-21,08:15:00,0.059,0.059,0.059,0.059,108000,0
2016-03-21,08:20:00,0.059,0.06,0.059,0.06,709000,0
2016-03-21,08:25:00,0.06,0.06,0.06,0.06,111000,0
2016-03-21,08:30:00,0.06,0.06,0.06,0.06,111000,0
2016-03-21,08:35:00,0.06,0.06,0.06,0.06,109000,0
2016-03-21,08:40:00,0.06,0.06,0.06,0.06,99000,0
2016-03-21,08:45:00,0.06,0.06,0.06,0.06,253000,0
2016-03-21,08:50:00,0.06,0.06,0.06,0.06,123000,0
2016-03-21,08:55:00,0.06,0.06,0.06,0.06,1036000,0
2016-03-21,09:00:00,0.06,0.06,0.06,0.06,2441000,0
2016-03-22,02:50:00,0.06,0.06,0.059,0.059,174000,0
2016-03-22,02:55:00,0.059,0.06,0.059,0.06,600000,0
2016-03-22,03:00:00,0.06,0.06,0.06,0.06,1000,0
2016-03-22,03:05:00,0.06,0.06,0.059,0.059,306000,0
2016-03-22,03:10:00,0.059,0.059,0.059,0.059,137000,0
2016-03-22,03:15:00,0.059,0.059,0.058,0.059,1680000,0
2016-03-22,03:25:00,0.058,0.058,0.058,0.058,13000,0
2016-03-22,03:30:00,0.058,0.059,0.058,0.059,200000,0
2016-03-22,03:35:00,0.059,0.059,0.059,0.059,1000000,0
2016-03-22,03:45:00,0.059,0.059,0.059,0.059,1050000,0
2016-03-22,03:50:00,0.059,0.059,0.059,0.059,200000,0
2016-03-22,03:55:00,0.059,0.059,0.059,0.059,200000,0
2016-03-22,04:00:00,0.059,0.059,0.059,0.059,50000,0
2016-03-22,04:10:00,0.059,0.059,0.058,0.058,400000,0
2016-03-22,04:15:00,0.058,0.058,0.058,0.058,200000,0
2016-03-22,04:20:00,0.058,0.058,0.058,0.058,40000,0
2016-03-22,04:30:00,0.058,0.059,0.058,0.058,74000,0
2016-03-22,04:35:00,0.058,0.058,0.058,0.058,10000,0
2016-03-22,04:45:00,0.058,0.058,0.058,0.058,300000,0
2016-03-22,05:00:00,0.058,0.058,0.058,0.058,60000,0
2016-03-22,06:05:00,0.058,0.059,0.058,0.059,100000,0
2016-03-22,06:25:00,0.059,0.059,0.059,0.059,650000,0
2016-03-22,06:30:00,0.059,0.059,0.059,0.059,700000,0
2016-03-22,06:35:00,0.059,0.059,0.058,0.058,1400000,0
2016-03-22,06:40:00,0.058,0.058,0.058,0.058,3010000,0
2016-03-22,06:45:00,0.058,0.058,0.057,0.057,4902000,0
2016-03-22,06:50:00,0.057,0.057,0.057,0.057,930000,0
2016-03-22,06:55:00,0.057,0.057,0.057,0.057,100000,0
2016-03-22,07:00:00,0.057,0.057,0.057,0.057,535000,0
2016-03-22,07:10:00,0.057,0.057,0.056,0.056,4365000,0
2016-03-22,07:15:00,0.056,0.056,0.056,0.056,3229000,0
2016-03-22,07:20:00,0.056,0.056,0.056,0.056,30000,0
2016-03-22,07:25:00,0.056,0.056,0.056,0.056,100000,0
2016-03-22,07:30:00,0.055,0.057,0.055,0.057,8726000,0
2016-03-22,07:35:00,0.057,0.057,0.057,0.057,856000,0
2016-03-22,07:50:00,0.057,0.057,0.056,0.056,244000,0
2016-03-22,07:55:00,0.056,0.056,0.056,0.056,800000,0
2016-03-22,08:05:00,0.056,0.057,0.056,0.057,1141000,0
2016-03-22,08:10:00,0.057,0.057,0.056,0.056,568000,0
2016-03-22,08:15:00,0.056,0.056,0.056,0.056,280000,0
2016-03-22,08:20:00,0.055,0.056,0.055,0.056,259000,0
2016-03-22,08:25:00,0.056,0.056,0.056,0.056,413000,0
2016-03-22,08:30:00,0.056,0.056,0.056,0.056,10000,0
2016-03-22,08:35:00,0.056,0.057,0.056,0.057,300000,0
2016-03-22,08:40:00,0.057,0.058,0.056,0.058,4599000,0
2016-03-22,09:00:00,0.057,0.057,0.056,0.056,1020000,0
2016-03-23,02:40:00,0.056,0.056,0.056,0.056,474000,0
2016-03-23,02:45:00,0.056,0.057,0.056,0.057,4000,0
2016-03-23,02:50:00,0.057,0.057,0.056,0.057,102000,0
2016-03-23,02:55:00,0.057,0.057,0.057,0.057,1200000,0
2016-03-23,03:00:00,0.057,0.057,0.056,0.057,918000,0
2016-03-23,03:05:00,0.057,0.057,0.057,0.057,669000,0
2016-03-23,03:10:00,0.057,0.057,0.057,0.057,2500000,0
2016-03-23,03:15:00,0.057,0.057,0.056,0.056,859000,0
2016-03-23,03:30:00,0.056,0.057,0.056,0.057,230000,0
2016-03-23,03:35:00,0.057,0.057,0.056,0.056,28000,0
2016-03-23,03:40:00,0.056,0.056,0.056,0.056,22000,0
2016-03-23,03:45:00,0.056,0.057,0.056,0.057,82000,0
2016-03-23,04:10:00,0.057,0.057,0.056,0.056,20000,0
2016-03-23,04:25:00,0.056,0.056,0.056,0.056,13000,0
2016-03-23,04:35:00,0.056,0.056,0.056,0.056,100000,0
2016-03-23,04:45:00,0.056,0.057,0.056,0.057,3974000,0
2016-03-23,04:50:00,0.057,0.057,0.057,0.057,66000,0
2016-03-23,05:00:00,0.057,0.057,0.057,0.057,70000,0
2016-03-23,06:05:00,0.057,0.059,0.057,0.059,1837000,0
2016-03-23,06:10:00,0.059,0.059,0.058,0.058,40000,0
2016-03-23,06:15:00,0.058,0.059,0.058,0.058,260000,0
2016-03-23,06:20:00,0.058,0.058,0.058,0.058,10000,0
2016-03-23,06:55:00,0.058,0.058,0.058,0.058,20000,0
2016-03-23,07:05:00,0.058,0.058,0.058,0.058,231000,0
2016-03-23,07:10:00,0.058,0.058,0.058,0.058,300000,0
2016-03-23,07:15:00,0.058,0.058,0.058,0.058,21000,0
2016-03-23,07:25:00,0.058,0.058,0.058,0.058,10000,0
2016-03-23,07:40:00,0.058,0.058,0.057,0.057,20000,0
2016-03-23,07:45:00,0.054,0.055,0.054,0.055,310000,0
2016-03-23,07:50:00,0.055,0.055,0.054,0.055,55000,0
2016-03-23,07:55:00,0.055,0.055,0.055,0.055,848000,0
2016-03-23,08:00:00,0.055,0.055,0.054,0.054,4502000,0
2016-03-23,08:10:00,0.054,0.054,0.054,0.054,700000,0
2016-03-23,08:15:00,0.053,0.054,0.053,0.054,1200000,0
2016-03-23,08:20:00,0.054,0.054,0.054,0.054,70000,0
2016-03-23,08:30:00,0.054,0.055,0.054,0.055,522000,0
2016-03-23,08:40:00,0.055,0.055,0.055,0.055,10000,0
2016-03-23,08:45:00,0.055,0.055,0.055,0.055,60000,0
2016-03-23,08:55:00,0.055,0.055,0.054,0.054,562000,0
2016-03-24,02:35:00,0.054,0.054,0.053,0.054,32000,0
2016-03-24,02:55:00,0.054,0.054,0.054,0.054,16000,0
2016-03-24,03:10:00,0.055,0.055,0.055,0.055,69000,0
2016-03-24,03:20:00,0.055,0.055,0.055,0.055,98000,0
2016-03-24,03:30:00,0.055,0.055,0.055,0.055,1416000,0
2016-03-24,03:35:00,0.055,0.055,0.055,0.055,1501000,0
2016-03-24,03:45:00,0.055,0.055,0.055,0.055,240000,0
2016-03-24,03:50:00,0.055,0.055,0.054,0.054,830000,0
2016-03-24,03:55:00,0.054,0.055,0.054,0.055,994000,0
2016-03-24,04:10:00,0.055,0.055,0.055,0.055,22000,0
2016-03-24,04:15:00,0.055,0.055,0.055,0.055,17000,0
2016-03-24,04:25:00,0.055,0.055,0.055,0.055,11000,0
2016-03-24,04:30:00,0.055,0.055,0.055,0.055,165000,0
2016-03-24,04:35:00,0.055,0.055,0.054,0.054,3203000,0
2016-03-24,04:40:00,0.054,0.054,0.054,0.054,1317000,0
2016-03-24,05:00:00,0.054,0.054,0.054,0.054,12000,0
2016-03-24,06:05:00,0.054,0.054,0.054,0.054,380000,0
2016-03-24,06:35:00,0.054,0.054,0.054,0.054,51000,0
2016-03-24,06:40:00,0.054,0.054,0.054,0.054,100000,0
2016-03-24,06:45:00,0.053,0.054,0.053,0.054,254000,0
2016-03-24,07:05:00,0.054,0.054,0.054,0.054,200000,0
2016-03-24,07:15:00,0.054,0.054,0.054,0.054,25000,0
2016-03-24,07:25:00,0.054,0.054,0.054,0.054,100000,0
2016-03-24,07:45:00,0.053,0.054,0.053,0.054,320000,0
2016-03-24,07:50:00,0.054,0.054,0.054,0.054,488000,0
2016-03-24,07:55:00,0.054,0.054,0.054,0.054,520000,0
2016-03-24,08:00:00,0.054,0.054,0.054,0.054,200000,0
2016-03-24,08:05:00,0.054,0.054,0.054,0.054,635000,0
2016-03-24,08:10:00,0.054,0.054,0.054,0.054,500000,0
2016-03-24,08:30:00,0.053,0.054,0.053,0.054,562000,0
2016-03-29,03:35:00,0.053,0.053,0.052,0.053,190000,0
2016-03-29,03:40:00,0.053,0.053,0.053,0.053,301000,0
2016-03-29,03:50:00,0.053,0.053,0.053,0.053,10000,0
2016-03-29,04:15:00,0.053,0.054,0.053,0.054,71000,0
2016-03-29,04:20:00,0.054,0.055,0.054,0.055,1168000,0
2016-03-29,04:35:00,0.055,0.055,0.054,0.054,262000,0
2016-03-29,04:50:00,0.054,0.054,0.054,0.054,1000,0
2016-03-29,04:55:00,0.055,0.055,0.055,0.055,17000,0
2016-03-29,05:05:00,0.055,0.055,0.054,0.054,40000,0
2016-03-29,05:10:00,0.054,0.055,0.054,0.055,32000,0
2016-03-29,05:15:00,0.055,0.055,0.055,0.055,105000,0
2016-03-29,05:20:00,0.055,0.055,0.055,0.055,3000,0
2016-03-29,05:25:00,0.055,0.055,0.055,0.055,3000,0
2016-03-29,05:30:00,0.055,0.055,0.055,0.055,3000,0
2016-03-29,05:35:00,0.055,0.055,0.055,0.055,3000,0
2016-03-29,05:40:00,0.055,0.055,0.054,0.054,30000,0
2016-03-29,05:45:00,0.054,0.055,0.054,0.055,2000,0
2016-03-29,05:50:00,0.055,0.055,0.054,0.055,1726000,0
2016-03-29,05:55:00,0.055,0.055,0.054,0.055,71000,0
2016-03-29,06:00:00,0.055,0.055,0.054,0.054,1160000,0
2016-03-29,07:05:00,0.054,0.054,0.053,0.053,1965000,0
2016-03-29,07:20:00,0.053,0.053,0.053,0.053,7000,0
2016-03-29,07:25:00,0.053,0.053,0.053,0.053,6000,0
2016-03-29,07:30:00,0.053,0.053,0.053,0.053,6000,0
2016-03-29,07:35:00,0.053,0.053,0.053,0.053,7000,0
2016-03-29,07:40:00,0.053,0.053,0.053,0.053,7000,0
2016-03-29,07:45:00,0.053,0.053,0.053,0.053,6000,0
2016-03-29,07:50:00,0.053,0.053,0.053,0.053,6000,0
2016-03-29,07:55:00,0.053,0.053,0.053,0.053,6000,0
2016-03-29,08:00:00,0.053,0.053,0.053,0.053,3000,0
2016-03-29,08:05:00,0.052,0.053,0.052,0.053,4000,0
2016-03-29,08:10:00,0.053,0.053,0.053,0.053,6000,0
2016-03-29,08:15:00,0.053,0.053,0.053,0.053,6000,0
2016-03-29,08:20:00,0.053,0.053,0.053,0.053,7000,0
2016-03-29,08:25:00,0.053,0.053,0.053,0.053,8000,0
2016-03-29,08:30:00,0.053,0.053,0.052,0.053,9000,0
2016-03-29,08:35:00,0.053,0.053,0.053,0.053,3000,0
2016-03-29,08:40:00,0.052,0.053,0.052,0.053,9000,0
2016-03-29,08:45:00,0.053,0.053,0.053,0.053,5000,0
2016-03-29,08:50:00,0.053,0.053,0.053,0.053,7000,0
2016-03-29,08:55:00,0.053,0.053,0.053,0.053,7000,0
2016-03-29,09:00:00,0.053,0.053,0.053,0.053,4000,0
2016-03-29,09:05:00,0.052,0.053,0.052,0.053,112000,0
2016-03-29,09:10:00,0.053,0.053,0.053,0.053,8000,0
2016-03-29,09:15:00,0.053,0.053,0.053,0.053,4000,0
2016-03-29,09:20:00,0.052,0.053,0.052,0.053,9000,0
2016-03-29,09:25:00,0.053,0.053,0.053,0.053,9000,0
2016-03-29,09:35:00,0.053,0.053,0.053,0.053,212000,0
2016-03-29,09:40:00,0.052,0.053,0.052,0.053,12000,0
2016-03-29,09:45:00,0.052,0.053,0.052,0.053,16000,0
2016-03-29,09:50:00,0.052,0.053,0.052,0.053,264000,0
2016-03-29,09:55:00,0.053,0.053,0.052,0.053,63000,0
2016-03-29,10:00:00,0.053,0.053,0.052,0.053,74000,0
2016-03-30,03:35:00,0.053,0.054,0.053,0.054,52000,0
2016-03-30,03:50:00,0.054,0.054,0.052,0.052,4000,0
2016-03-30,03:55:00,0.052,0.052,0.052,0.052,20000,0
2016-03-30,04:00:00,0.053,0.053,0.053,0.053,22000,0
2016-03-30,04:20:00,0.053,0.053,0.052,0.052,60000,0
2016-03-30,04:25:00,0.052,0.052,0.052,0.052,485000,0
2016-03-30,04:30:00,0.052,0.053,0.052,0.052,811000,0
2016-03-30,04:35:00,0.052,0.052,0.052,0.052,54000,0
2016-03-30,04:55:00,0.052,0.053,0.052,0.053,578000,0
2016-03-30,05:05:00,0.053,0.053,0.053,0.053,10000,0
2016-03-30,05:10:00,0.053,0.053,0.052,0.052,536000,0
2016-03-30,05:30:00,0.052,0.052,0.052,0.052,6175000,0
2016-03-30,05:35:00,0.052,0.052,0.051,0.051,850000,0
2016-03-30,05:40:00,0.051,0.051,0.051,0.051,270000,0
2016-03-30,05:45:00,0.051,0.051,0.05,0.051,2266000,0
2016-03-30,05:50:00,0.051,0.051,0.051,0.051,914000,0
2016-03-30,05:55:00,0.051,0.051,0.051,0.051,300000,0
2016-03-30,06:00:00,0.051,0.051,0.051,0.051,115000,0
2016-03-30,07:10:00,0.051,0.051,0.051,0.051,20000,0
2016-03-30,07:15:00,0.051,0.051,0.051,0.051,1000,0
2016-03-30,07:25:00,0.051,0.051,0.051,0.051,50000,0
2016-03-30,07:30:00,0.051,0.051,0.051,0.051,30000,0
2016-03-30,07:40:00,0.051,0.051,0.051,0.051,18000,0
2016-03-30,07:50:00,0.051,0.051,0.051,0.051,100000,0
2016-03-30,07:55:00,0.051,0.051,0.051,0.051,400000,0
2016-03-30,08:00:00,0.051,0.051,0.051,0.051,1131000,0
2016-03-30,08:10:00,0.05,0.051,0.05,0.051,780000,0
2016-03-30,08:15:00,0.051,0.051,0.051,0.051,130000,0
2016-03-30,08:20:00,0.051,0.051,0.051,0.051,92000,0
2016-03-30,08:30:00,0.051,0.051,0.051,0.051,8000,0
2016-03-30,08:40:00,0.051,0.052,0.051,0.052,60000,0
2016-03-30,08:50:00,0.05,0.051,0.05,0.051,200000,0
2016-03-30,08:55:00,0.051,0.051,0.051,0.051,200000,0
2016-03-30,09:00:00,0.051,0.052,0.051,0.052,389000,0
2016-03-30,09:15:00,0.052,0.053,0.052,0.052,440000,0
2016-03-30,09:20:00,0.052,0.053,0.052,0.053,192000,0
2016-03-30,09:25:00,0.053,0.053,0.053,0.053,115000,0
2016-03-30,09:30:00,0.053,0.053,0.052,0.052,355000,0
2016-03-30,09:40:00,0.052,0.053,0.052,0.053,745000,0
2016-03-30,09:50:00,0.053,0.053,0.052,0.052,1602000,0
2016-03-30,09:55:00,0.052,0.052,0.052,0.052,150000,0
2016-03-30,10:00:00,0.052,0.052,0.052,0.052,220000,0
2016-03-31,03:35:00,0.052,0.052,0.052,0.052,4000,0
2016-03-31,04:00:00,0.052,0.052,0.052,0.052,29000,0
2016-03-31,04:30:00,0.051,0.052,0.051,0.052,80000,0
2016-03-31,04:40:00,0.052,0.052,0.052,0.052,176000,0
2016-03-31,04:50:00,0.052,0.052,0.052,0.052,92000,0
2016-03-31,05:20:00,0.052,0.052,0.052,0.052,40000,0
2016-03-31,05:25:00,0.052,0.052,0.052,0.052,40000,0
2016-03-31,05:30:00,0.052,0.052,0.052,0.052,300000,0
2016-03-31,05:45:00,0.052,0.052,0.052,0.052,1052000,0
2016-03-31,05:50:00,0.052,0.052,0.052,0.052,59000,0
2016-03-31,05:55:00,0.052,0.052,0.052,0.052,80000,0
2016-03-31,06:00:00,0.052,0.052,0.052,0.052,40000,0
2016-03-31,07:05:00,0.052,0.052,0.052,0.052,10000,0
2016-03-31,07:15:00,0.052,0.052,0.052,0.052,325000,0
2016-03-31,08:20:00,0.051,0.052,0.051,0.052,137000,0
2016-03-31,08:40:00,0.052,0.052,0.052,0.052,32000,0
2016-03-31,09:00:00,0.052,0.052,0.052,0.052,10000,0
2016-03-31,09:10:00,0.052,0.052,0.052,0.052,10000,0
2016-03-31,09:15:00,0.052,0.052,0.052,0.052,302000,0
2016-03-31,09:35:00,0.052,0.053,0.052,0.053,12000,0
2016-03-31,09:50:00,0.053,0.053,0.052,0.052,600000,0
2016-03-31,09:55:00,0.052,0.053,0.052,0.053,881000,0
2016-03-31,10:00:00,0.053,0.053,0.052,0.052,400000,0
