Date,Time,Open,High,Low,Close,Volume,OpenInt
2016-03-04,02:35:00,0.345,0.35,0.345,0.35,675000,0
2016-03-04,03:05:00,0.35,0.35,0.35,0.35,5000,0
2016-03-04,03:15:00,0.35,0.35,0.35,0.35,2500,0
2016-03-04,03:35:00,0.35,0.35,0.35,0.35,50000,0
2016-03-04,03:45:00,0.35,0.35,0.35,0.35,57500,0
2016-03-04,03:50:00,0.35,0.35,0.345,0.345,135000,0
2016-03-04,03:55:00,0.345,0.345,0.345,0.345,700000,0
2016-03-04,04:00:00,0.345,0.345,0.345,0.345,340000,0
2016-03-04,04:05:00,0.345,0.345,0.345,0.345,47500,0
2016-03-04,04:15:00,0.345,0.345,0.345,0.345,12500,0
2016-03-04,04:20:00,0.345,0.345,0.345,0.345,240000,0
2016-03-04,04:30:00,0.345,0.345,0.345,0.345,150000,0
2016-03-04,04:40:00,0.345,0.345,0.345,0.345,150000,0
2016-03-04,04:45:00,0.345,0.345,0.345,0.345,2500,0
2016-03-04,04:50:00,0.345,0.345,0.345,0.345,145000,0
2016-03-04,04:55:00,0.345,0.345,0.345,0.345,2500,0
2016-03-04,06:45:00,0.34,0.345,0.34,0.345,200000,0
2016-03-04,07:05:00,0.34,0.345,0.34,0.345,515000,0
2016-03-04,07:10:00,0.345,0.35,0.345,0.345,1062500,0
2016-03-04,07:20:00,0.345,0.345,0.345,0.345,165000,0
2016-03-04,07:25:00,0.345,0.345,0.345,0.345,347500,0
2016-03-04,07:30:00,0.345,0.35,0.345,0.35,410000,0
2016-03-04,07:50:00,0.345,0.345,0.345,0.345,400000,0
2016-03-04,08:10:00,0.345,0.345,0.345,0.345,220000,0
2016-03-04,08:15:00,0.345,0.345,0.345,0.345,20000,0
2016-03-04,08:25:00,0.345,0.345,0.345,0.345,150000,0
2016-03-04,08:30:00,0.345,0.345,0.345,0.345,267500,0
2016-03-04,08:40:00,0.345,0.345,0.345,0.345,315000,0
2016-03-04,08:45:00,0.345,0.345,0.345,0.345,125000,0
2016-03-04,08:50:00,0.345,0.345,0.345,0.345,797500,0
2016-03-04,08:55:00,0.345,0.345,0.345,0.345,500000,0
2016-03-04,09:00:00,0.345,0.35,0.345,0.35,45000,0
2016-03-07,02:35:00,0.345,0.345,0.345,0.345,300000,0
2016-03-07,02:40:00,0.345,0.345,0.345,0.345,267500,0
2016-03-07,02:45:00,0.345,0.345,0.345,0.345,3120000,0
2016-03-07,02:50:00,0.345,0.35,0.345,0.35,20000,0
2016-03-07,03:05:00,0.35,0.35,0.35,0.35,100000,0
2016-03-07,03:15:00,0.35,0.35,0.345,0.345,60000,0
2016-03-07,03:25:00,0.345,0.345,0.34,0.345,260000,0
2016-03-07,03:30:00,0.345,0.345,0.345,0.345,32500,0
2016-03-07,03:35:00,0.345,0.345,0.345,0.345,20000,0
2016-03-07,03:45:00,0.345,0.345,0.345,0.345,22500,0
2016-03-07,03:50:00,0.345,0.345,0.345,0.345,50000,0
2016-03-07,03:55:00,0.345,0.345,0.345,0.345,22500,0
2016-03-07,04:00:00,0.345,0.35,0.345,0.35,37500,0
2016-03-07,04:30:00,0.35,0.35,0.345,0.345,200000,0
2016-03-07,04:35:00,0.345,0.345,0.345,0.345,900000,0
2016-03-07,04:40:00,0.345,0.35,0.345,0.35,20000,0
2016-03-07,04:45:00,0.345,0.345,0.345,0.345,12500,0
2016-03-07,04:55:00,0.345,0.345,0.345,0.345,117500,0
2016-03-07,06:10:00,0.345,0.345,0.345,0.345,17500,0
2016-03-07,06:35:00,0.345,0.345,0.345,0.345,320000,0
2016-03-07,06:40:00,0.34,0.345,0.34,0.345,147500,0
2016-03-07,06:45:00,0.345,0.345,0.345,0.345,200000,0
2016-03-07,07:15:00,0.34,0.345,0.34,0.345,417500,0
2016-03-07,07:20:00,0.345,0.345,0.345,0.345,210000,0
2016-03-07,07:35:00,0.345,0.345,0.345,0.345,67500,0
2016-03-07,07:50:00,0.345,0.345,0.345,0.345,87500,0
2016-03-07,07:55:00,0.345,0.345,0.345,0.345,12500,0
2016-03-07,08:00:00,0.345,0.345,0.345,0.345,35000,0
2016-03-07,08:05:00,0.345,0.345,0.345,0.345,345000,0
2016-03-07,08:10:00,0.345,0.345,0.345,0.345,120000,0
2016-03-07,08:15:00,0.345,0.345,0.345,0.345,27500,0
2016-03-07,08:30:00,0.345,0.345,0.345,0.345,40000,0
2016-03-07,08:35:00,0.345,0.345,0.345,0.345,82500,0
2016-03-07,08:40:00,0.345,0.345,0.345,0.345,100000,0
2016-03-07,08:45:00,0.345,0.35,0.345,0.35,862500,0
2016-03-07,08:55:00,0.345,0.345,0.345,0.345,100000,0
2016-03-07,09:00:00,0.345,0.35,0.345,0.35,165000,0
2016-03-08,02:35:00,0.35,0.35,0.35,0.35,200000,0
2016-03-08,02:40:00,0.35,0.35,0.345,0.35,580000,0
2016-03-08,02:55:00,0.35,0.35,0.35,0.35,225000,0
2016-03-08,03:05:00,0.35,0.35,0.35,0.35,50000,0
2016-03-08,03:10:00,0.35,0.35,0.35,0.35,100000,0
2016-03-08,03:15:00,0.35,0.35,0.35,0.35,25000,0
2016-03-08,03:20:00,0.35,0.355,0.35,0.35,1040000,0
2016-03-08,03:25:00,0.35,0.355,0.35,0.355,40000,0
2016-03-08,03:35:00,0.355,0.355,0.355,0.355,22500,0
2016-03-08,03:45:00,0.355,0.355,0.355,0.355,5000,0
2016-03-08,04:05:00,0.355,0.355,0.355,0.355,2500,0
2016-03-08,04:10:00,0.355,0.355,0.35,0.35,600000,0
2016-03-08,04:15:00,0.35,0.355,0.35,0.355,5000,0
2016-03-08,04:30:00,0.355,0.355,0.35,0.35,17500,0
2016-03-08,04:40:00,0.35,0.35,0.35,0.35,12500,0
2016-03-08,04:45:00,0.35,0.355,0.35,0.35,75000,0
2016-03-08,06:05:00,0.35,0.35,0.35,0.35,100000,0
2016-03-08,06:10:00,0.35,0.35,0.35,0.35,2500,0
2016-03-08,06:20:00,0.35,0.35,0.35,0.35,2500,0
2016-03-08,06:35:00,0.35,0.35,0.35,0.35,5000,0
2016-03-08,06:55:00,0.35,0.35,0.35,0.35,2500,0
2016-03-08,07:20:00,0.35,0.35,0.35,0.35,2500,0
2016-03-08,07:55:00,0.35,0.35,0.35,0.35,5000,0
2016-03-08,08:20:00,0.35,0.35,0.35,0.35,1300000,0
2016-03-08,08:25:00,0.35,0.35,0.35,0.35,400000,0
2016-03-08,08:40:00,0.35,0.35,0.35,0.35,250000,0
2016-03-08,08:45:00,0.35,0.355,0.35,0.355,852500,0
2016-03-08,08:50:00,0.35,0.35,0.35,0.35,5000,0
2016-03-09,02:35:00,0.35,0.35,0.345,0.35,1405000,0
2016-03-09,02:40:00,0.35,0.355,0.35,0.355,457500,0
2016-03-09,02:50:00,0.355,0.355,0.35,0.35,80000,0
2016-03-09,04:20:00,0.35,0.35,0.345,0.35,97500,0
2016-03-09,06:10:00,0.35,0.35,0.35,0.35,5000,0
2016-03-09,07:00:00,0.35,0.35,0.35,0.35,300000,0
2016-03-09,07:40:00,0.35,0.35,0.35,0.35,5000,0
2016-03-09,08:25:00,0.35,0.35,0.35,0.35,7500,0
2016-03-09,09:00:00,0.345,0.35,0.345,0.35,140000,0
2016-03-10,02:35:00,0.35,0.35,0.35,0.35,1140000,0
2016-03-10,03:10:00,0.35,0.35,0.35,0.35,12500,0
2016-03-10,03:40:00,0.345,0.35,0.345,0.35,2122500,0
2016-03-10,03:45:00,0.35,0.35,0.35,0.35,1800000,0
2016-03-10,03:55:00,0.35,0.35,0.35,0.35,900000,0
2016-03-10,04:00:00,0.345,0.35,0.345,0.35,812500,0
2016-03-10,04:05:00,0.35,0.35,0.35,0.35,2772500,0
2016-03-10,04:10:00,0.35,0.35,0.35,0.35,200000,0
2016-03-10,04:15:00,0.35,0.35,0.35,0.35,90000,0
2016-03-10,04:20:00,0.35,0.355,0.35,0.355,560000,0
2016-03-10,04:25:00,0.355,0.355,0.35,0.35,355000,0
2016-03-10,07:30:00,0.345,0.35,0.345,0.35,260000,0
2016-03-10,08:10:00,0.35,0.35,0.35,0.35,430000,0
2016-03-10,08:15:00,0.35,0.35,0.35,0.35,710000,0
2016-03-10,08:40:00,0.35,0.35,0.35,0.35,100000,0
2016-03-10,08:45:00,0.35,0.35,0.35,0.35,100000,0
2016-03-10,08:55:00,0.35,0.355,0.35,0.35,7690000,0
2016-03-10,09:00:00,0.35,0.355,0.35,0.355,2055000,0
2016-03-11,02:55:00,0.35,0.35,0.35,0.35,280000,0
2016-03-11,03:05:00,0.35,0.35,0.35,0.35,50000,0
2016-03-11,03:10:00,0.35,0.355,0.35,0.355,1140000,0
2016-03-11,03:30:00,0.35,0.35,0.35,0.35,67500,0
2016-03-11,03:35:00,0.35,0.35,0.35,0.35,25000,0
2016-03-11,03:40:00,0.35,0.35,0.35,0.35,50000,0
2016-03-11,04:20:00,0.35,0.355,0.35,0.355,52500,0
2016-03-11,04:30:00,0.355,0.355,0.35,0.35,20000,0
2016-03-11,04:40:00,0.35,0.35,0.35,0.35,6035000,0
2016-03-11,04:45:00,0.35,0.35,0.35,0.35,115000,0
2016-03-11,04:50:00,0.35,0.355,0.35,0.355,200000,0
2016-03-11,04:55:00,0.355,0.355,0.35,0.35,115000,0
2016-03-11,05:00:00,0.35,0.35,0.35,0.35,100000,0
2016-03-11,06:55:00,0.35,0.35,0.35,0.35,20000,0
2016-03-11,07:05:00,0.35,0.35,0.35,0.35,5000,0
2016-03-11,07:10:00,0.35,0.35,0.35,0.35,5000,0
2016-03-11,07:35:00,0.345,0.35,0.345,0.35,250000,0
2016-03-11,07:40:00,0.35,0.35,0.35,0.35,75000,0
2016-03-11,07:45:00,0.35,0.35,0.35,0.35,175000,0
2016-03-11,07:55:00,0.345,0.35,0.345,0.35,1000000,0
2016-03-11,08:05:00,0.345,0.35,0.345,0.35,400000,0
2016-03-11,08:20:00,0.35,0.35,0.35,0.35,200000,0
2016-03-11,08:25:00,0.345,0.35,0.345,0.35,100000,0
2016-03-11,08:30:00,0.35,0.35,0.35,0.35,20000,0
2016-03-11,08:35:00,0.345,0.35,0.345,0.35,95000,0
2016-03-11,08:50:00,0.345,0.35,0.345,0.35,70000,0
2016-03-11,08:55:00,0.35,0.35,0.35,0.35,65000,0
2016-03-11,09:00:00,0.35,0.35,0.345,0.35,520000,0
2016-03-14,02:35:00,0.35,0.35,0.35,0.35,20000,0
2016-03-14,02:40:00,0.35,0.35,0.35,0.35,32500,0
2016-03-14,02:50:00,0.35,0.35,0.345,0.35,280000,0
2016-03-14,02:55:00,0.35,0.35,0.35,0.35,33480000,0
2016-03-14,03:00:00,0.35,0.35,0.35,0.35,100000,0
2016-03-14,03:05:00,0.35,0.35,0.345,0.35,1950000,0
2016-03-14,03:10:00,0.345,0.345,0.345,0.345,180000,0
2016-03-14,03:15:00,0.345,0.35,0.345,0.345,1432500,0
2016-03-14,03:20:00,0.345,0.35,0.345,0.35,445000,0
2016-03-14,03:25:00,0.35,0.35,0.345,0.345,1160000,0
2016-03-14,03:30:00,0.345,0.345,0.345,0.345,225000,0
2016-03-14,03:35:00,0.345,0.35,0.345,0.345,442500,0
2016-03-14,03:40:00,0.345,0.345,0.345,0.345,100000,0
2016-03-14,03:45:00,0.345,0.345,0.345,0.345,117500,0
2016-03-14,03:50:00,0.345,0.345,0.345,0.345,350000,0
2016-03-14,04:00:00,0.345,0.345,0.345,0.345,20000,0
2016-03-14,04:05:00,0.345,0.345,0.345,0.345,100000,0
2016-03-14,04:10:00,0.345,0.345,0.345,0.345,190000,0
2016-03-14,04:15:00,0.345,0.345,0.345,0.345,10000,0
2016-03-14,04:25:00,0.345,0.35,0.345,0.35,400000,0
2016-03-14,04:35:00,0.35,0.35,0.345,0.345,60000,0
2016-03-14,04:40:00,0.345,0.345,0.345,0.345,50000,0
2016-03-14,04:55:00,0.345,0.345,0.34,0.34,1435000,0
2016-03-14,05:00:00,0.34,0.34,0.34,0.34,100000,0
2016-03-14,06:10:00,0.34,0.345,0.34,0.345,470000,0
2016-03-14,06:20:00,0.345,0.345,0.34,0.34,80000,0
2016-03-14,06:25:00,0.34,0.34,0.34,0.34,60000,0
2016-03-14,06:35:00,0.34,0.345,0.34,0.345,90000,0
2016-03-14,06:40:00,0.345,0.345,0.34,0.34,277500,0
2016-03-14,06:45:00,0.34,0.34,0.34,0.34,32500,0
2016-03-14,06:55:00,0.34,0.34,0.34,0.34,15000,0
2016-03-14,07:05:00,0.34,0.34,0.34,0.34,35000,0
2016-03-14,07:10:00,0.34,0.34,0.34,0.34,360000,0
2016-03-14,07:20:00,0.34,0.34,0.34,0.34,50000,0
2016-03-14,07:25:00,0.34,0.34,0.34,0.34,200000,0
2016-03-14,07:35:00,0.335,0.34,0.335,0.34,100000,0
2016-03-14,07:40:00,0.34,0.34,0.34,0.34,200000,0
2016-03-14,07:45:00,0.34,0.345,0.34,0.345,130000,0
2016-03-14,08:00:00,0.345,0.345,0.34,0.34,360000,0
2016-03-14,08:05:00,0.34,0.345,0.34,0.34,220000,0
2016-03-14,08:30:00,0.34,0.34,0.34,0.34,210000,0
2016-03-14,08:35:00,0.335,0.345,0.335,0.345,190000,0
2016-03-14,08:40:00,0.345,0.345,0.34,0.345,110000,0
2016-03-14,08:55:00,0.335,0.345,0.335,0.345,510000,0
2016-03-14,09:00:00,0.335,0.345,0.335,0.34,1080000,0
2016-03-15,02:40:00,0.34,0.34,0.34,0.34,2500,0
2016-03-15,02:50:00,0.34,0.34,0.335,0.335,702500,0
2016-03-15,02:55:00,0.335,0.335,0.335,0.335,50000,0
2016-03-15,03:00:00,0.335,0.335,0.33,0.33,275000,0
2016-03-15,03:05:00,0.33,0.33,0.33,0.33,160000,0
2016-03-15,03:15:00,0.33,0.33,0.33,0.33,200000,0
2016-03-15,03:20:00,0.33,0.33,0.33,0.33,200000,0
2016-03-15,03:25:00,0.325,0.33,0.325,0.33,457500,0
2016-03-15,03:30:00,0.33,0.34,0.33,0.34,2810000,0
2016-03-15,03:35:00,0.34,0.34,0.335,0.34,1105000,0
2016-03-15,03:40:00,0.34,0.34,0.335,0.34,400000,0
2016-03-15,03:45:00,0.34,0.34,0.335,0.335,10000,0
2016-03-15,03:50:00,0.335,0.335,0.325,0.33,1445000,0
2016-03-15,03:55:00,0.33,0.33,0.33,0.33,5000,0
2016-03-15,04:00:00,0.33,0.33,0.33,0.33,135000,0
2016-03-15,04:05:00,0.33,0.33,0.33,0.33,115000,0
2016-03-15,04:10:00,0.33,0.335,0.33,0.335,75000,0
2016-03-15,04:15:00,0.335,0.335,0.33,0.335,142500,0
2016-03-15,04:20:00,0.335,0.335,0.335,0.335,57500,0
2016-03-15,04:25:00,0.335,0.335,0.33,0.33,760000,0
2016-03-15,04:30:00,0.33,0.33,0.33,0.33,50000,0
2016-03-15,04:35:00,0.33,0.335,0.33,0.335,5000,0
2016-03-15,04:45:00,0.335,0.335,0.335,0.335,2500,0
2016-03-15,04:50:00,0.335,0.335,0.335,0.335,5000,0
2016-03-15,06:05:00,0.335,0.335,0.335,0.335,180000,0
2016-03-15,06:15:00,0.335,0.335,0.33,0.33,687500,0
2016-03-15,06:25:00,0.33,0.33,0.33,0.33,15000,0
2016-03-15,06:30:00,0.33,0.335,0.33,0.335,400000,0
2016-03-15,06:35:00,0.335,0.335,0.33,0.33,52500,0
2016-03-15,06:50:00,0.33,0.33,0.33,0.33,50000,0
2016-03-15,07:00:00,0.33,0.33,0.33,0.33,75000,0
2016-03-15,07:05:00,0.33,0.33,0.33,0.33,100000,0
2016-03-15,07:10:00,0.33,0.33,0.33,0.33,5000,0
2016-03-15,07:35:00,0.325,0.33,0.325,0.33,105000,0
2016-03-15,07:40:00,0.33,0.33,0.33,0.33,400000,0
2016-03-15,07:45:00,0.33,0.33,0.33,0.33,3200000,0
2016-03-15,07:50:00,0.33,0.335,0.33,0.335,1317500,0
2016-03-15,08:00:00,0.335,0.335,0.335,0.335,400000,0
2016-03-15,08:05:00,0.335,0.335,0.335,0.335,1300000,0
2016-03-15,08:15:00,0.335,0.335,0.335,0.335,100000,0
2016-03-15,08:20:00,0.335,0.335,0.33,0.33,700000,0
2016-03-15,08:30:00,0.33,0.335,0.33,0.335,180000,0
2016-03-15,08:35:00,0.335,0.335,0.33,0.33,77500,0
2016-03-15,08:45:00,0.33,0.33,0.33,0.33,200000,0
2016-03-15,08:50:00,0.33,0.335,0.33,0.335,445000,0
2016-03-15,08:55:00,0.335,0.335,0.33,0.33,1260000,0
2016-03-15,09:00:00,0.33,0.335,0.33,0.335,225000,0
2016-03-16,02:35:00,0.335,0.335,0.335,0.335,275000,0
2016-03-16,02:40:00,0.335,0.335,0.335,0.335,25000,0
2016-03-16,02:45:00,0.335,0.335,0.335,0.335,125000,0
2016-03-16,02:50:00,0.335,0.335,0.33,0.33,487500,0
2016-03-16,02:55:00,0.33,0.33,0.325,0.325,1320000,0
2016-03-16,03:05:00,0.325,0.325,0.325,0.325,217500,0
2016-03-16,03:10:00,0.325,0.325,0.325,0.325,40000,0
2016-03-16,03:20:00,0.325,0.325,0.325,0.325,100000,0
2016-03-16,03:25:00,0.325,0.325,0.32,0.325,497500,0
2016-03-16,03:35:00,0.325,0.325,0.325,0.325,100000,0
2016-03-16,03:40:00,0.325,0.325,0.325,0.325,137500,0
2016-03-16,03:45:00,0.325,0.325,0.325,0.325,162500,0
2016-03-16,03:50:00,0.325,0.325,0.32,0.32,355000,0
2016-03-16,03:55:00,0.32,0.325,0.32,0.325,10000,0
2016-03-16,04:00:00,0.325,0.325,0.32,0.32,47500,0
2016-03-16,04:05:00,0.32,0.325,0.32,0.32,1005000,0
2016-03-16,04:15:00,0.32,0.32,0.32,0.32,152500,0
2016-03-16,04:20:00,0.32,0.32,0.32,0.32,700000,0
2016-03-16,04:30:00,0.32,0.32,0.32,0.32,10000,0
2016-03-16,04:40:00,0.32,0.32,0.32,0.32,150000,0
2016-03-16,04:50:00,0.32,0.345,0.32,0.34,6447500,0
2016-03-16,04:55:00,0.34,0.34,0.34,0.34,10000,0
2016-03-16,05:00:00,0.34,0.34,0.335,0.335,95000,0
2016-03-16,06:20:00,0.335,0.34,0.335,0.335,15000,0
2016-03-16,06:25:00,0.335,0.335,0.335,0.335,225000,0
2016-03-16,06:30:00,0.335,0.34,0.335,0.34,135000,0
2016-03-16,06:35:00,0.34,0.34,0.33,0.33,1430000,0
2016-03-16,06:40:00,0.33,0.335,0.33,0.33,150000,0
2016-03-16,06:45:00,0.33,0.33,0.33,0.33,5000,0
2016-03-16,06:50:00,0.33,0.33,0.33,0.33,165000,0
2016-03-16,07:00:00,0.33,0.33,0.325,0.33,250000,0
2016-03-16,07:05:00,0.33,0.335,0.33,0.335,652500,0
2016-03-16,07:10:00,0.335,0.335,0.33,0.33,640000,0
2016-03-16,07:20:00,0.33,0.33,0.325,0.325,1267500,0
2016-03-16,07:25:00,0.325,0.33,0.325,0.33,1172500,0
2016-03-16,07:40:00,0.325,0.325,0.32,0.32,1555000,0
2016-03-16,07:45:00,0.32,0.32,0.32,0.32,40000,0
2016-03-16,07:55:00,0.32,0.33,0.32,0.33,1177500,0
2016-03-16,08:05:00,0.325,0.325,0.32,0.32,1010000,0
2016-03-16,08:10:00,0.32,0.32,0.32,0.32,330000,0
2016-03-16,08:20:00,0.32,0.32,0.32,0.32,40000,0
2016-03-16,08:25:00,0.32,0.325,0.32,0.325,10000,0
2016-03-16,08:30:00,0.325,0.325,0.315,0.315,2460000,0
2016-03-16,08:35:00,0.315,0.32,0.315,0.32,10000,0
2016-03-16,08:40:00,0.32,0.32,0.315,0.32,362500,0
2016-03-16,08:45:00,0.32,0.32,0.315,0.315,765000,0
2016-03-16,08:50:00,0.315,0.315,0.31,0.315,15000,0
2016-03-16,08:55:00,0.315,0.315,0.315,0.315,50000,0
2016-03-16,09:00:00,0.315,0.34,0.31,0.34,7827500,0
2016-03-17,02:35:00,0.335,0.34,0.335,0.34,330000,0
2016-03-17,02:45:00,0.34,0.34,0.34,0.34,500000,0
2016-03-17,03:05:00,0.335,0.335,0.335,0.335,2500,0
2016-03-17,03:10:00,0.33,0.34,0.33,0.34,607500,0
2016-03-17,03:15:00,0.34,0.34,0.34,0.34,300000,0
2016-03-17,03:20:00,0.34,0.34,0.34,0.34,500000,0
2016-03-17,03:30:00,0.34,0.34,0.34,0.34,70000,0
2016-03-17,03:40:00,0.34,0.34,0.34,0.34,502500,0
2016-03-17,03:45:00,0.34,0.345,0.34,0.34,300000,0
2016-03-17,03:50:00,0.34,0.345,0.34,0.34,737500,0
2016-03-17,04:05:00,0.34,0.345,0.34,0.345,492500,0
2016-03-17,04:15:00,0.345,0.345,0.345,0.345,300000,0
2016-03-17,04:25:00,0.345,0.345,0.345,0.345,10000,0
2016-03-17,04:30:00,0.345,0.345,0.34,0.345,35000,0
2016-03-17,04:35:00,0.345,0.345,0.345,0.345,20000,0
2016-03-17,04:40:00,0.345,0.345,0.345,0.345,12500,0
2016-03-17,04:55:00,0.345,0.345,0.345,0.345,20000,0
2016-03-17,06:05:00,0.345,0.355,0.34,0.355,4960000,0
2016-03-17,06:10:00,0.355,0.355,0.35,0.35,25000,0
2016-03-17,06:15:00,0.35,0.355,0.35,0.35,70000,0
2016-03-17,06:20:00,0.35,0.35,0.345,0.345,330000,0
2016-03-17,06:30:00,0.345,0.35,0.345,0.35,225000,0
2016-03-17,06:40:00,0.35,0.35,0.35,0.35,12500,0
2016-03-17,06:45:00,0.35,0.35,0.35,0.35,22500,0
2016-03-17,06:50:00,0.35,0.35,0.35,0.35,32500,0
2016-03-17,06:55:00,0.35,0.35,0.35,0.35,12500,0
2016-03-17,07:00:00,0.35,0.35,0.35,0.35,5000,0
2016-03-17,07:05:00,0.35,0.35,0.35,0.35,7500,0
2016-03-17,07:10:00,0.35,0.35,0.35,0.35,10000,0
2016-03-17,07:15:00,0.35,0.35,0.345,0.345,200000,0
2016-03-17,07:20:00,0.345,0.35,0.345,0.35,180000,0
2016-03-17,07:35:00,0.35,0.35,0.345,0.35,220000,0
2016-03-17,07:40:00,0.35,0.35,0.345,0.345,1432500,0
2016-03-17,07:45:00,0.345,0.345,0.34,0.345,795000,0
2016-03-17,07:50:00,0.345,0.35,0.345,0.35,1100000,0
2016-03-17,07:55:00,0.35,0.35,0.35,0.35,8132500,0
2016-03-17,08:00:00,0.35,0.35,0.35,0.35,3122500,0
2016-03-17,08:05:00,0.35,0.355,0.35,0.355,1840000,0
2016-03-17,08:10:00,0.355,0.355,0.35,0.35,1730000,0
2016-03-17,08:15:00,0.35,0.355,0.35,0.35,857500,0
2016-03-17,08:20:00,0.35,0.35,0.35,0.35,110000,0
2016-03-17,08:25:00,0.35,0.35,0.345,0.35,860000,0
2016-03-17,08:40:00,0.35,0.35,0.345,0.345,730000,0
2016-03-17,08:45:00,0.345,0.35,0.345,0.35,210000,0
2016-03-17,08:50:00,0.35,0.35,0.35,0.35,30000,0
2016-03-18,02:35:00,0.35,0.35,0.35,0.35,1525000,0
2016-03-18,02:40:00,0.35,0.35,0.35,0.35,10000,0
2016-03-18,02:50:00,0.35,0.35,0.35,0.35,15000,0
2016-03-18,02:55:00,0.35,0.35,0.35,0.35,31207500,0
2016-03-18,03:00:00,0.35,0.35,0.35,0.35,612500,0
2016-03-18,03:05:00,0.35,0.35,0.35,0.35,215000,0
2016-03-18,03:10:00,0.35,0.35,0.35,0.35,317500,0
2016-03-18,03:15:00,0.35,0.35,0.35,0.35,367500,0
2016-03-18,03:20:00,0.35,0.35,0.35,0.35,322500,0
2016-03-18,03:25:00,0.35,0.35,0.35,0.35,17500,0
2016-03-18,03:30:00,0.35,0.35,0.35,0.35,10000,0
2016-03-18,03:35:00,0.35,0.35,0.35,0.35,22500,0
2016-03-18,03:40:00,0.35,0.35,0.345,0.345,1292500,0
2016-03-18,03:45:00,0.345,0.35,0.345,0.35,312500,0
2016-03-18,03:50:00,0.35,0.35,0.345,0.35,242500,0
2016-03-18,03:55:00,0.35,0.35,0.345,0.35,97500,0
2016-03-18,04:00:00,0.35,0.35,0.345,0.35,265000,0
2016-03-18,04:05:00,0.35,0.35,0.345,0.345,55000,0
2016-03-18,04:15:00,0.345,0.345,0.34,0.34,645000,0
2016-03-18,04:20:00,0.34,0.345,0.34,0.345,185000,0
2016-03-18,04:25:00,0.345,0.345,0.345,0.345,100000,0
2016-03-18,04:35:00,0.345,0.345,0.34,0.345,135000,0
2016-03-18,04:40:00,0.345,0.345,0.345,0.345,460000,0
2016-03-18,04:45:00,0.345,0.35,0.345,0.35,640000,0
2016-03-18,04:50:00,0.35,0.35,0.34,0.345,302500,0
2016-03-18,04:55:00,0.345,0.345,0.345,0.345,110000,0
2016-03-18,05:00:00,0.345,0.35,0.34,0.345,1582500,0
2016-03-18,06:05:00,0.345,0.345,0.34,0.34,312500,0
2016-03-18,06:15:00,0.34,0.345,0.34,0.34,282500,0
2016-03-18,06:20:00,0.34,0.345,0.34,0.345,5000,0
2016-03-18,06:30:00,0.345,0.35,0.345,0.35,2597500,0
2016-03-18,06:35:00,0.35,0.35,0.345,0.35,145000,0
2016-03-18,06:40:00,0.35,0.35,0.345,0.345,207500,0
2016-03-18,06:45:00,0.345,0.345,0.345,0.345,92500,0
2016-03-18,06:55:00,0.345,0.35,0.345,0.35,957500,0
2016-03-18,07:05:00,0.35,0.35,0.345,0.345,350000,0
2016-03-18,07:10:00,0.345,0.345,0.345,0.345,1400000,0
2016-03-18,07:15:00,0.345,0.345,0.345,0.345,5000,0
2016-03-18,07:20:00,0.345,0.345,0.34,0.34,92500,0
2016-03-18,07:25:00,0.34,0.35,0.34,0.345,1742500,0
2016-03-18,07:35:00,0.345,0.345,0.34,0.34,212500,0
2016-03-18,07:40:00,0.34,0.34,0.34,0.34,100000,0
2016-03-18,07:45:00,0.34,0.345,0.34,0.345,200000,0
2016-03-18,07:50:00,0.345,0.345,0.34,0.34,342500,0
2016-03-18,07:55:00,0.34,0.34,0.335,0.335,470000,0
2016-03-18,08:25:00,0.33,0.335,0.33,0.335,625000,0
2016-03-18,08:30:00,0.335,0.34,0.335,0.34,270000,0
2016-03-18,08:40:00,0.34,0.345,0.34,0.345,50000,0
2016-03-18,08:45:00,0.345,0.345,0.345,0.345,45000,0
2016-03-18,08:50:00,0.345,0.345,0.345,0.345,172500,0
2016-03-18,08:55:00,0.345,0.345,0.34,0.345,275000,0
2016-03-18,09:00:00,0.345,0.345,0.34,0.345,3090000,0
2016-03-21,02:35:00,0.345,0.345,0.345,0.345,100000,0
2016-03-21,02:40:00,0.345,0.345,0.345,0.345,250000,0
2016-03-21,02:45:00,0.345,0.345,0.345,0.345,1007500,0
2016-03-21,02:50:00,0.345,0.35,0.345,0.35,1460000,0
2016-03-21,02:55:00,0.35,0.35,0.35,0.35,220000,0
2016-03-21,03:00:00,0.35,0.35,0.345,0.345,70000,0
2016-03-21,03:05:00,0.345,0.345,0.34,0.34,45000,0
2016-03-21,03:10:00,0.34,0.35,0.34,0.35,525000,0
2016-03-21,03:15:00,0.35,0.35,0.345,0.345,207500,0
2016-03-21,03:20:00,0.345,0.35,0.345,0.35,1372500,0
2016-03-21,03:25:00,0.35,0.35,0.345,0.35,100000,0
2016-03-21,03:30:00,0.35,0.35,0.34,0.345,337500,0
2016-03-21,03:35:00,0.345,0.35,0.345,0.35,1387500,0
2016-03-21,03:40:00,0.35,0.355,0.35,0.355,2120000,0
2016-03-21,03:45:00,0.355,0.355,0.345,0.345,357500,0
2016-03-21,03:50:00,0.345,0.35,0.345,0.35,145000,0
2016-03-21,03:55:00,0.35,0.35,0.345,0.345,160000,0
2016-03-21,04:00:00,0.345,0.35,0.345,0.35,35000,0
2016-03-21,04:05:00,0.35,0.35,0.345,0.345,45000,0
2016-03-21,04:10:00,0.345,0.35,0.345,0.35,527500,0
2016-03-21,04:15:00,0.35,0.35,0.345,0.35,75000,0
2016-03-21,04:20:00,0.35,0.35,0.345,0.35,122500,0
2016-03-21,04:25:00,0.35,0.35,0.345,0.35,72500,0
2016-03-21,04:30:00,0.35,0.35,0.345,0.345,180000,0
2016-03-21,04:35:00,0.345,0.35,0.345,0.345,337500,0
2016-03-21,04:40:00,0.345,0.345,0.345,0.345,345000,0
2016-03-21,04:45:00,0.345,0.345,0.345,0.345,12500,0
2016-03-21,04:50:00,0.345,0.345,0.345,0.345,15000,0
2016-03-21,04:55:00,0.345,0.345,0.345,0.345,7500,0
2016-03-21,05:00:00,0.345,0.345,0.345,0.345,100000,0
2016-03-21,06:05:00,0.345,0.345,0.345,0.345,10000,0
2016-03-21,06:10:00,0.345,0.345,0.345,0.345,165000,0
2016-03-21,06:15:00,0.345,0.345,0.34,0.345,157500,0
2016-03-21,06:20:00,0.345,0.345,0.34,0.345,127500,0
2016-03-21,06:25:00,0.345,0.345,0.34,0.34,62500,0
2016-03-21,06:30:00,0.34,0.345,0.34,0.345,27500,0
2016-03-21,06:35:00,0.345,0.345,0.345,0.345,2500,0
2016-03-21,06:40:00,0.345,0.345,0.34,0.345,102500,0
2016-03-21,06:45:00,0.345,0.345,0.34,0.34,155000,0
2016-03-21,06:50:00,0.34,0.345,0.34,0.34,110000,0
2016-03-21,06:55:00,0.34,0.345,0.34,0.34,1180000,0
2016-03-21,07:00:00,0.34,0.34,0.34,0.34,25000,0
2016-03-21,07:05:00,0.34,0.34,0.34,0.34,42500,0
2016-03-21,07:10:00,0.34,0.34,0.34,0.34,17500,0
2016-03-21,07:15:00,0.34,0.34,0.34,0.34,12500,0
2016-03-21,07:20:00,0.34,0.34,0.34,0.34,250000,0
2016-03-21,07:25:00,0.34,0.34,0.34,0.34,12500,0
2016-03-21,07:30:00,0.335,0.34,0.335,0.34,95000,0
2016-03-21,07:40:00,0.34,0.34,0.34,0.34,110000,0
2016-03-21,07:45:00,0.34,0.34,0.34,0.34,330000,0
2016-03-21,07:50:00,0.34,0.34,0.34,0.34,180000,0
2016-03-21,07:55:00,0.34,0.34,0.34,0.34,222500,0
2016-03-21,08:00:00,0.34,0.34,0.34,0.34,232500,0
2016-03-21,08:05:00,0.34,0.34,0.34,0.34,325000,0
2016-03-21,08:10:00,0.34,0.34,0.34,0.34,100000,0
2016-03-21,08:15:00,0.34,0.34,0.34,0.34,117500,0
2016-03-21,08:20:00,0.34,0.345,0.34,0.345,212500,0
2016-03-21,08:25:00,0.345,0.345,0.34,0.345,2145000,0
2016-03-21,08:30:00,0.345,0.345,0.34,0.345,280000,0
2016-03-21,08:35:00,0.345,0.345,0.34,0.345,705000,0
2016-03-21,08:40:00,0.345,0.345,0.34,0.345,267500,0
2016-03-21,08:45:00,0.345,0.345,0.345,0.345,165000,0
2016-03-21,08:50:00,0.345,0.345,0.34,0.34,597500,0
2016-03-21,08:55:00,0.34,0.345,0.34,0.34,770000,0
2016-03-21,09:00:00,0.34,0.35,0.34,0.35,657500,0
2016-03-22,02:35:00,0.345,0.35,0.345,0.35,585000,0
2016-03-22,02:40:00,0.35,0.35,0.35,0.35,12500,0
2016-03-22,02:45:00,0.35,0.35,0.35,0.35,5000,0
2016-03-22,02:50:00,0.35,0.35,0.35,0.35,300000,0
2016-03-22,02:55:00,0.35,0.35,0.345,0.345,15000,0
2016-03-22,03:00:00,0.345,0.35,0.345,0.35,25000,0
2016-03-22,03:05:00,0.35,0.35,0.345,0.345,100000,0
2016-03-22,03:10:00,0.345,0.35,0.345,0.345,135000,0
2016-03-22,03:15:00,0.345,0.345,0.345,0.345,30000,0
2016-03-22,03:20:00,0.345,0.35,0.345,0.345,605000,0
2016-03-22,03:35:00,0.345,0.345,0.345,0.345,60000,0
2016-03-22,03:45:00,0.34,0.345,0.34,0.345,210000,0
2016-03-22,03:50:00,0.345,0.345,0.345,0.345,132500,0
2016-03-22,03:55:00,0.34,0.345,0.34,0.345,357500,0
2016-03-22,04:00:00,0.345,0.345,0.34,0.345,212500,0
2016-03-22,04:05:00,0.34,0.345,0.34,0.345,60000,0
2016-03-22,04:10:00,0.34,0.345,0.34,0.345,15000,0
2016-03-22,04:15:00,0.345,0.345,0.34,0.345,115000,0
2016-03-22,04:20:00,0.34,0.345,0.34,0.345,102500,0
2016-03-22,04:25:00,0.34,0.345,0.34,0.345,280000,0
2016-03-22,04:35:00,0.34,0.345,0.34,0.345,35000,0
2016-03-22,04:40:00,0.345,0.345,0.345,0.345,15000,0
2016-03-22,04:45:00,0.34,0.345,0.34,0.345,75000,0
2016-03-22,04:50:00,0.345,0.345,0.345,0.345,160000,0
2016-03-22,05:00:00,0.345,0.345,0.34,0.345,30000,0
2016-03-22,06:05:00,0.345,0.345,0.34,0.345,75000,0
2016-03-22,06:15:00,0.34,0.345,0.34,0.345,55000,0
2016-03-22,06:20:00,0.34,0.345,0.34,0.345,85000,0
2016-03-22,06:30:00,0.345,0.345,0.34,0.345,12500,0
2016-03-22,06:35:00,0.345,0.345,0.34,0.345,50000,0
2016-03-22,06:40:00,0.345,0.345,0.34,0.345,55000,0
2016-03-22,06:50:00,0.34,0.345,0.34,0.345,5000,0
2016-03-22,06:55:00,0.34,0.345,0.34,0.345,5000,0
2016-03-22,07:00:00,0.34,0.345,0.34,0.345,5000,0
2016-03-22,07:05:00,0.34,0.345,0.34,0.345,5000,0
2016-03-22,07:10:00,0.34,0.345,0.34,0.345,5000,0
2016-03-22,07:20:00,0.345,0.345,0.345,0.345,12500,0
2016-03-22,07:25:00,0.345,0.345,0.345,0.345,60000,0
2016-03-22,07:30:00,0.345,0.345,0.345,0.345,142500,0
2016-03-22,07:35:00,0.34,0.345,0.34,0.345,5000,0
2016-03-22,07:50:00,0.34,0.345,0.34,0.345,185000,0
2016-03-22,07:55:00,0.345,0.345,0.345,0.345,57500,0
2016-03-22,08:10:00,0.34,0.345,0.34,0.345,280000,0
2016-03-22,08:15:00,0.34,0.345,0.34,0.345,175000,0
2016-03-22,08:35:00,0.34,0.345,0.34,0.345,27500,0
2016-03-22,08:45:00,0.34,0.345,0.34,0.345,5000,0
2016-03-22,09:00:00,0.34,0.35,0.34,0.35,3970000,0
2016-03-23,02:40:00,0.345,0.35,0.345,0.35,50000,0
2016-03-23,02:45:00,0.35,0.35,0.35,0.35,1000000,0
2016-03-23,02:50:00,0.35,0.35,0.35,0.35,15000,0
2016-03-23,02:55:00,0.35,0.35,0.35,0.35,25000,0
2016-03-23,03:00:00,0.35,0.35,0.35,0.35,42500,0
2016-03-23,03:10:00,0.35,0.35,0.35,0.35,25000,0
2016-03-23,03:15:00,0.35,0.35,0.35,0.35,12500,0
2016-03-23,03:25:00,0.35,0.35,0.35,0.35,12500,0
2016-03-23,03:30:00,0.35,0.35,0.35,0.35,12500,0
2016-03-23,03:35:00,0.35,0.35,0.35,0.35,252500,0
2016-03-23,03:40:00,0.35,0.35,0.35,0.35,7500,0
2016-03-23,03:50:00,0.35,0.35,0.35,0.35,7500,0
2016-03-23,03:55:00,0.345,0.35,0.345,0.35,315000,0
2016-03-23,04:00:00,0.35,0.35,0.35,0.35,25000,0
2016-03-23,04:05:00,0.35,0.355,0.35,0.355,3080000,0
2016-03-23,04:10:00,0.355,0.355,0.355,0.355,30000,0
2016-03-23,04:15:00,0.355,0.355,0.355,0.355,222500,0
2016-03-23,04:20:00,0.355,0.355,0.35,0.355,2620000,0
2016-03-23,04:25:00,0.355,0.365,0.355,0.365,3305000,0
2016-03-23,04:30:00,0.365,0.365,0.36,0.365,1625000,0
2016-03-23,04:35:00,0.365,0.365,0.36,0.36,1440000,0
2016-03-23,04:40:00,0.36,0.365,0.36,0.36,1717500,0
2016-03-23,04:45:00,0.36,0.365,0.36,0.365,620000,0
2016-03-23,04:50:00,0.365,0.365,0.36,0.36,1270000,0
2016-03-23,04:55:00,0.36,0.365,0.36,0.36,2692500,0
2016-03-23,05:00:00,0.36,0.365,0.36,0.365,337500,0
2016-03-23,06:05:00,0.365,0.365,0.36,0.365,16200000,0
2016-03-23,06:10:00,0.365,0.365,0.36,0.36,512500,0
2016-03-23,06:15:00,0.36,0.365,0.36,0.365,1000000,0
2016-03-23,06:20:00,0.365,0.365,0.36,0.365,220000,0
2016-03-23,06:25:00,0.365,0.365,0.36,0.36,275000,0
2016-03-23,06:30:00,0.36,0.365,0.36,0.36,165000,0
2016-03-23,06:35:00,0.36,0.365,0.36,0.365,910000,0
2016-03-23,06:40:00,0.365,0.365,0.365,0.365,785000,0
2016-03-23,06:45:00,0.365,0.365,0.36,0.36,727500,0
2016-03-23,06:50:00,0.36,0.365,0.36,0.365,345000,0
2016-03-23,06:55:00,0.365,0.365,0.36,0.365,435000,0
2016-03-23,07:00:00,0.365,0.365,0.36,0.365,220000,0
2016-03-23,07:05:00,0.365,0.365,0.36,0.365,437500,0
2016-03-23,07:10:00,0.365,0.365,0.365,0.365,10000,0
2016-03-23,07:15:00,0.365,0.365,0.36,0.365,345000,0
2016-03-23,07:20:00,0.365,0.365,0.365,0.365,157500,0
2016-03-23,07:25:00,0.365,0.365,0.36,0.365,190000,0
2016-03-23,07:30:00,0.365,0.365,0.365,0.365,10000,0
2016-03-23,07:35:00,0.365,0.365,0.36,0.365,365000,0
2016-03-23,07:40:00,0.365,0.365,0.365,0.365,10000,0
2016-03-23,07:45:00,0.365,0.365,0.365,0.365,2500,0
2016-03-23,07:50:00,0.365,0.365,0.36,0.365,395000,0
2016-03-23,07:55:00,0.365,0.365,0.36,0.36,245000,0
2016-03-23,08:00:00,0.36,0.365,0.36,0.365,100000,0
2016-03-23,08:05:00,0.365,0.365,0.365,0.365,10000,0
2016-03-23,08:10:00,0.365,0.365,0.365,0.365,35000,0
2016-03-23,08:15:00,0.365,0.365,0.365,0.365,7500,0
2016-03-23,08:20:00,0.365,0.365,0.365,0.365,5000,0
2016-03-23,08:25:00,0.365,0.365,0.365,0.365,2500,0
2016-03-23,08:30:00,0.365,0.365,0.365,0.365,7500,0
2016-03-23,08:35:00,0.365,0.365,0.365,0.365,2500,0
2016-03-23,08:40:00,0.365,0.365,0.365,0.365,102500,0
2016-03-23,08:45:00,0.365,0.365,0.365,0.365,45000,0
2016-03-23,08:50:00,0.365,0.365,0.36,0.365,155000,0
2016-03-23,08:55:00,0.365,0.365,0.36,0.36,75000,0
2016-03-23,09:00:00,0.36,0.365,0.36,0.365,1565000,0
2016-03-24,02:35:00,0.365,0.365,0.36,0.365,832500,0
2016-03-24,02:40:00,0.365,0.365,0.36,0.36,1147500,0
2016-03-24,02:45:00,0.36,0.365,0.36,0.365,802500,0
2016-03-24,02:50:00,0.365,0.365,0.36,0.365,430000,0
2016-03-24,02:55:00,0.365,0.365,0.36,0.365,247500,0
2016-03-24,03:00:00,0.365,0.365,0.36,0.365,225000,0
2016-03-24,03:05:00,0.365,0.365,0.36,0.36,25000,0
2016-03-24,03:10:00,0.36,0.365,0.36,0.365,5000,0
2016-03-24,03:15:00,0.365,0.365,0.36,0.36,50000,0
2016-03-24,03:20:00,0.36,0.365,0.36,0.365,90000,0
2016-03-24,03:25:00,0.365,0.365,0.36,0.365,130000,0
2016-03-24,03:30:00,0.365,0.365,0.365,0.365,12500,0
2016-03-24,03:35:00,0.365,0.365,0.36,0.36,150000,0
2016-03-24,03:40:00,0.36,0.365,0.36,0.365,85000,0
2016-03-24,03:45:00,0.365,0.365,0.36,0.365,310000,0
2016-03-24,03:50:00,0.365,0.365,0.365,0.365,17500,0
2016-03-24,03:55:00,0.365,0.365,0.36,0.365,27500,0
2016-03-24,04:00:00,0.365,0.365,0.36,0.365,265000,0
2016-03-24,04:05:00,0.365,0.365,0.36,0.365,187500,0
2016-03-24,04:10:00,0.365,0.365,0.36,0.365,150000,0
2016-03-24,04:15:00,0.365,0.365,0.36,0.36,260000,0
2016-03-24,04:20:00,0.36,0.365,0.36,0.365,187500,0
2016-03-24,04:25:00,0.365,0.365,0.36,0.365,452500,0
2016-03-24,04:40:00,0.365,0.365,0.36,0.36,275000,0
2016-03-24,04:45:00,0.36,0.365,0.36,0.365,5000,0
2016-03-24,04:50:00,0.365,0.365,0.36,0.36,45000,0
2016-03-24,04:55:00,0.36,0.365,0.36,0.365,5000,0
2016-03-24,05:00:00,0.365,0.365,0.36,0.365,92500,0
2016-03-24,06:10:00,0.365,0.365,0.365,0.365,20000,0
2016-03-24,06:15:00,0.365,0.365,0.36,0.365,120000,0
2016-03-24,06:20:00,0.365,0.365,0.36,0.365,20000,0
2016-03-24,06:25:00,0.365,0.365,0.36,0.365,305000,0
2016-03-24,06:40:00,0.365,0.365,0.36,0.365,355000,0
2016-03-24,06:45:00,0.365,0.365,0.36,0.36,145000,0
2016-03-24,06:50:00,0.36,0.365,0.36,0.365,15000,0
2016-03-24,06:55:00,0.365,0.365,0.36,0.365,357500,0
2016-03-24,07:05:00,0.365,0.365,0.36,0.36,272500,0
2016-03-24,07:10:00,0.36,0.365,0.36,0.36,405000,0
2016-03-24,07:15:00,0.36,0.365,0.36,0.365,175000,0
2016-03-24,07:20:00,0.365,0.365,0.36,0.36,1037500,0
2016-03-24,07:25:00,0.36,0.36,0.36,0.36,32500,0
2016-03-24,07:30:00,0.36,0.36,0.36,0.36,2500,0
2016-03-24,07:35:00,0.36,0.36,0.36,0.36,17500,0
2016-03-24,07:40:00,0.36,0.36,0.36,0.36,27500,0
2016-03-24,07:45:00,0.36,0.36,0.36,0.36,22500,0
2016-03-24,07:55:00,0.36,0.36,0.36,0.36,5000,0
2016-03-24,08:00:00,0.36,0.36,0.36,0.36,2500,0
2016-03-24,08:05:00,0.36,0.36,0.36,0.36,7500,0
2016-03-24,08:10:00,0.36,0.36,0.36,0.36,2500,0
2016-03-24,08:20:00,0.36,0.36,0.36,0.36,2500,0
2016-03-24,08:25:00,0.36,0.36,0.36,0.36,2500,0
2016-03-24,08:30:00,0.36,0.36,0.36,0.36,5000,0
2016-03-24,08:35:00,0.36,0.36,0.36,0.36,2500,0
2016-03-24,08:40:00,0.36,0.36,0.36,0.36,2500,0
2016-03-24,08:45:00,0.36,0.36,0.36,0.36,2500,0
2016-03-24,08:50:00,0.36,0.36,0.36,0.36,7500,0
2016-03-24,08:55:00,0.36,0.36,0.36,0.36,235000,0
2016-03-24,09:00:00,0.36,0.36,0.355,0.36,220000,0
2016-03-29,03:35:00,0.355,0.36,0.355,0.36,820000,0
2016-03-29,03:40:00,0.36,0.36,0.35,0.355,900000,0
2016-03-29,03:45:00,0.355,0.36,0.35,0.36,1225000,0
2016-03-29,03:50:00,0.36,0.36,0.36,0.36,27500,0
2016-03-29,03:55:00,0.35,0.36,0.35,0.355,1462500,0
2016-03-29,04:00:00,0.355,0.36,0.355,0.355,655000,0
2016-03-29,04:05:00,0.355,0.36,0.355,0.355,265000,0
2016-03-29,04:10:00,0.355,0.355,0.355,0.355,10000,0
2016-03-29,04:15:00,0.35,0.355,0.35,0.355,5000,0
2016-03-29,04:20:00,0.35,0.355,0.35,0.355,5000,0
2016-03-29,04:25:00,0.35,0.355,0.35,0.355,15000,0
2016-03-29,04:30:00,0.35,0.355,0.35,0.355,7500,0
2016-03-29,04:35:00,0.355,0.355,0.35,0.355,105000,0
2016-03-29,04:40:00,0.35,0.355,0.35,0.355,5000,0
2016-03-29,04:45:00,0.355,0.355,0.355,0.355,5000,0
2016-03-29,04:50:00,0.35,0.355,0.35,0.355,40000,0
2016-03-29,04:55:00,0.355,0.355,0.355,0.355,7500,0
2016-03-29,05:00:00,0.35,0.355,0.35,0.355,5000,0
2016-03-29,05:05:00,0.35,0.355,0.35,0.355,5000,0
2016-03-29,05:10:00,0.35,0.355,0.35,0.355,415000,0
2016-03-29,05:15:00,0.355,0.355,0.35,0.355,140000,0
2016-03-29,05:20:00,0.355,0.355,0.355,0.355,5000,0
2016-03-29,05:25:00,0.35,0.355,0.35,0.355,5000,0
2016-03-29,05:30:00,0.35,0.355,0.35,0.355,5000,0
2016-03-29,05:45:00,0.35,0.355,0.35,0.355,5000,0
2016-03-29,05:50:00,0.35,0.355,0.35,0.355,25000,0
2016-03-29,05:55:00,0.35,0.355,0.35,0.355,5000,0
2016-03-29,06:00:00,0.35,0.355,0.35,0.355,5000,0
2016-03-29,07:05:00,0.35,0.355,0.35,0.355,5000,0
2016-03-29,07:30:00,0.355,0.355,0.355,0.355,5000,0
2016-03-29,07:35:00,0.355,0.355,0.355,0.355,10000,0
2016-03-29,07:40:00,0.355,0.355,0.355,0.355,10000,0
2016-03-29,07:45:00,0.355,0.355,0.355,0.355,10000,0
2016-03-29,07:50:00,0.355,0.355,0.355,0.355,15000,0
2016-03-29,07:55:00,0.355,0.355,0.355,0.355,10000,0
2016-03-29,08:00:00,0.355,0.355,0.355,0.355,30000,0
2016-03-29,08:05:00,0.355,0.355,0.35,0.355,330000,0
2016-03-29,08:10:00,0.355,0.355,0.35,0.355,190000,0
2016-03-29,08:15:00,0.355,0.355,0.35,0.355,355000,0
2016-03-29,08:20:00,0.35,0.355,0.35,0.355,40000,0
2016-03-29,08:25:00,0.355,0.355,0.35,0.355,155000,0
2016-03-29,08:35:00,0.35,0.355,0.35,0.355,60000,0
2016-03-29,08:40:00,0.355,0.355,0.35,0.355,95000,0
2016-03-29,08:45:00,0.355,0.355,0.35,0.355,30000,0
2016-03-29,08:50:00,0.355,0.355,0.35,0.355,95000,0
2016-03-29,08:55:00,0.355,0.355,0.35,0.355,190000,0
2016-03-29,09:00:00,0.35,0.355,0.35,0.355,20000,0
2016-03-29,09:05:00,0.355,0.355,0.355,0.355,10000,0
2016-03-29,09:10:00,0.355,0.355,0.35,0.355,305000,0
2016-03-29,09:15:00,0.355,0.355,0.35,0.355,330000,0
2016-03-29,09:20:00,0.355,0.355,0.355,0.355,350000,0
2016-03-29,09:25:00,0.35,0.355,0.35,0.355,20000,0
2016-03-29,09:30:00,0.355,0.355,0.35,0.355,232500,0
2016-03-29,09:35:00,0.35,0.355,0.35,0.355,200000,0
2016-03-29,09:40:00,0.355,0.355,0.355,0.355,5000,0
2016-03-29,09:45:00,0.355,0.355,0.355,0.355,5005000,0
2016-03-29,09:50:00,0.355,0.355,0.355,0.355,25000,0
2016-03-29,10:00:00,0.355,0.355,0.35,0.355,420000,0
2016-03-30,03:35:00,0.355,0.355,0.35,0.355,427500,0
2016-03-30,03:40:00,0.355,0.355,0.35,0.355,170000,0
2016-03-30,03:45:00,0.355,0.355,0.35,0.355,130000,0
2016-03-30,03:50:00,0.355,0.355,0.35,0.355,50000,0
2016-03-30,03:55:00,0.355,0.355,0.35,0.355,60000,0
2016-03-30,04:00:00,0.355,0.355,0.35,0.355,475000,0
2016-03-30,04:05:00,0.355,0.355,0.35,0.35,160000,0
2016-03-30,04:10:00,0.35,0.355,0.35,0.35,655000,0
2016-03-30,04:15:00,0.35,0.355,0.35,0.35,137500,0
2016-03-30,04:20:00,0.35,0.355,0.35,0.35,117500,0
2016-03-30,04:25:00,0.35,0.355,0.35,0.355,217500,0
2016-03-30,04:30:00,0.355,0.355,0.35,0.355,400000,0
2016-03-30,04:35:00,0.355,0.355,0.35,0.355,182500,0
2016-03-30,04:45:00,0.355,0.355,0.355,0.355,2500,0
2016-03-30,04:55:00,0.355,0.355,0.35,0.35,222500,0
2016-03-30,05:00:00,0.35,0.355,0.35,0.355,230000,0
2016-03-30,05:05:00,0.355,0.355,0.35,0.355,655000,0
2016-03-30,05:10:00,0.355,0.355,0.35,0.355,75000,0
2016-03-30,05:15:00,0.355,0.355,0.35,0.355,255000,0
2016-03-30,05:20:00,0.355,0.355,0.35,0.355,150000,0
2016-03-30,05:25:00,0.355,0.355,0.355,0.355,2500,0
2016-03-30,05:30:00,0.355,0.355,0.355,0.355,7500,0
2016-03-30,05:35:00,0.355,0.355,0.35,0.355,130000,0
2016-03-30,05:40:00,0.355,0.355,0.35,0.355,45000,0
2016-03-30,05:45:00,0.355,0.355,0.35,0.355,47500,0
2016-03-30,05:50:00,0.355,0.355,0.35,0.355,32500,0
2016-03-30,05:55:00,0.355,0.355,0.35,0.35,15000,0
2016-03-30,06:00:00,0.35,0.355,0.35,0.355,132500,0
2016-03-30,07:05:00,0.355,0.355,0.355,0.355,5000,0
2016-03-30,07:10:00,0.355,0.355,0.355,0.355,2500,0
2016-03-30,07:15:00,0.355,0.355,0.355,0.355,2500,0
2016-03-30,07:20:00,0.355,0.355,0.355,0.355,5000,0
2016-03-30,07:25:00,0.355,0.355,0.355,0.355,7500,0
2016-03-30,07:30:00,0.355,0.355,0.35,0.355,155000,0
2016-03-30,07:35:00,0.355,0.355,0.35,0.355,67500,0
2016-03-30,07:40:00,0.355,0.355,0.355,0.355,2500,0
2016-03-30,07:45:00,0.355,0.355,0.35,0.355,15000,0
2016-03-30,07:50:00,0.355,0.355,0.35,0.355,52500,0
2016-03-30,07:55:00,0.355,0.355,0.35,0.355,20000,0
2016-03-30,08:00:00,0.355,0.355,0.35,0.355,110000,0
2016-03-30,08:05:00,0.355,0.355,0.35,0.355,67500,0
2016-03-30,08:10:00,0.355,0.355,0.355,0.355,2500,0
2016-03-30,08:15:00,0.355,0.355,0.35,0.355,17500,0
2016-03-30,08:20:00,0.355,0.355,0.355,0.355,5000,0
2016-03-30,08:25:00,0.355,0.355,0.35,0.35,190000,0
2016-03-30,08:30:00,0.35,0.355,0.35,0.355,357500,0
2016-03-30,08:35:00,0.355,0.355,0.35,0.355,262500,0
2016-03-30,08:40:00,0.355,0.355,0.35,0.355,107500,0
2016-03-30,08:45:00,0.355,0.355,0.35,0.355,102500,0
2016-03-30,08:50:00,0.355,0.355,0.35,0.355,620000,0
2016-03-30,08:55:00,0.355,0.355,0.35,0.355,50000,0
2016-03-30,09:00:00,0.355,0.355,0.35,0.355,70000,0
2016-03-30,09:05:00,0.355,0.355,0.35,0.35,125000,0
2016-03-30,09:10:00,0.35,0.355,0.35,0.355,115000,0
2016-03-30,09:15:00,0.355,0.355,0.35,0.355,45000,0
2016-03-30,09:20:00,0.355,0.355,0.35,0.355,70000,0
2016-03-30,09:25:00,0.355,0.355,0.35,0.35,1150000,0
2016-03-30,09:30:00,0.35,0.355,0.35,0.355,637500,0
2016-03-30,09:35:00,0.355,0.355,0.35,0.355,85000,0
2016-03-30,09:40:00,0.355,0.355,0.35,0.35,17500,0
2016-03-30,09:50:00,0.35,0.35,0.345,0.35,1640000,0
2016-03-30,09:55:00,0.35,0.35,0.35,0.35,485000,0
2016-03-30,10:00:00,0.35,0.35,0.345,0.35,1120000,0
2016-03-31,03:35:00,0.345,0.35,0.345,0.35,167500,0
2016-03-31,03:40:00,0.35,0.35,0.35,0.35,5000,0
2016-03-31,03:45:00,0.35,0.35,0.35,0.35,22500,0
2016-03-31,03:50:00,0.35,0.35,0.35,0.35,20000,0
2016-03-31,03:55:00,0.35,0.35,0.35,0.35,12500,0
2016-03-31,04:10:00,0.35,0.36,0.345,0.36,10727500,0
2016-03-31,04:15:00,0.36,0.365,0.34,0.35,5120000,0
2016-03-31,04:20:00,0.35,0.35,0.34,0.35,1435000,0
2016-03-31,04:25:00,0.35,0.35,0.345,0.345,332500,0
2016-03-31,04:30:00,0.345,0.345,0.34,0.345,392500,0
2016-03-31,04:35:00,0.345,0.345,0.335,0.345,782500,0
2016-03-31,04:40:00,0.345,0.345,0.345,0.345,2500,0
2016-03-31,04:45:00,0.345,0.345,0.345,0.345,2500,0
2016-03-31,04:50:00,0.345,0.345,0.345,0.345,5000,0
2016-03-31,04:55:00,0.345,0.345,0.345,0.345,2500,0
2016-03-31,05:00:00,0.345,0.345,0.345,0.345,102500,0
2016-03-31,05:05:00,0.345,0.345,0.34,0.345,115000,0
2016-03-31,05:10:00,0.345,0.345,0.34,0.345,112500,0
2016-03-31,05:15:00,0.345,0.345,0.345,0.345,7500,0
2016-03-31,05:20:00,0.345,0.345,0.335,0.335,2052500,0
2016-03-31,05:30:00,0.33,0.335,0.33,0.335,2230000,0
2016-03-31,05:35:00,0.335,0.34,0.335,0.34,5000,0
2016-03-31,05:40:00,0.34,0.345,0.34,0.345,330000,0
2016-03-31,05:45:00,0.345,0.345,0.34,0.34,215000,0
2016-03-31,05:50:00,0.34,0.34,0.34,0.34,2500,0
2016-03-31,07:05:00,0.34,0.34,0.34,0.34,195000,0
2016-03-31,07:15:00,0.34,0.34,0.34,0.34,5000,0
2016-03-31,07:20:00,0.34,0.34,0.34,0.34,2500,0
2016-03-31,07:25:00,0.34,0.34,0.335,0.335,25000,0
2016-03-31,07:30:00,0.335,0.34,0.335,0.335,30000,0
2016-03-31,07:35:00,0.335,0.34,0.335,0.34,62500,0
2016-03-31,07:40:00,0.34,0.34,0.335,0.34,15000,0
2016-03-31,07:45:00,0.34,0.34,0.335,0.34,40000,0
2016-03-31,07:50:00,0.34,0.34,0.335,0.34,205000,0
2016-03-31,07:55:00,0.34,0.34,0.34,0.34,2500,0
2016-03-31,08:10:00,0.34,0.34,0.335,0.34,475000,0
2016-03-31,08:20:00,0.34,0.34,0.335,0.34,572500,0
2016-03-31,08:30:00,0.34,0.34,0.34,0.34,192500,0
2016-03-31,08:35:00,0.34,0.34,0.335,0.34,105000,0
2016-03-31,08:40:00,0.34,0.34,0.335,0.34,105000,0
2016-03-31,08:45:00,0.34,0.34,0.335,0.335,25000,0
2016-03-31,08:50:00,0.335,0.34,0.335,0.34,5000,0
2016-03-31,09:05:00,0.34,0.34,0.34,0.34,52500,0
2016-03-31,09:10:00,0.34,0.34,0.335,0.335,130000,0
2016-03-31,09:15:00,0.335,0.34,0.335,0.34,5000,0
2016-03-31,09:20:00,0.34,0.34,0.335,0.34,57500,0
2016-03-31,09:25:00,0.34,0.34,0.34,0.34,30000,0
2016-03-31,09:30:00,0.34,0.34,0.335,0.34,137500,0
2016-03-31,09:35:00,0.34,0.34,0.335,0.34,40000,0
2016-03-31,09:45:00,0.34,0.34,0.335,0.34,90000,0
2016-03-31,09:55:00,0.34,0.345,0.34,0.34,2437500,0
2016-03-31,10:00:00,0.34,0.36,0.34,0.355,3477500,0
2016-04-06,07:05:00,0.35,0.35,0.325,0.345,1882500,0
2016-04-06,07:10:00,0.345,0.345,0.335,0.335,1265000,0
2016-04-06,07:15:00,0.335,0.34,0.335,0.34,52500,0
2016-04-06,07:20:00,0.34,0.34,0.335,0.34,357500,0
2016-04-06,07:25:00,0.34,0.34,0.335,0.335,37500,0
2016-04-06,07:30:00,0.335,0.335,0.33,0.335,782500,0
2016-04-06,07:40:00,0.335,0.335,0.33,0.335,187500,0
2016-04-06,07:45:00,0.335,0.34,0.335,0.34,1307500,0
2016-04-06,07:50:00,0.34,0.34,0.335,0.335,112500,0
2016-04-06,07:55:00,0.335,0.34,0.335,0.34,5000,0
2016-04-06,08:10:00,0.34,0.34,0.335,0.34,55000,0
2016-04-06,08:15:00,0.34,0.34,0.34,0.34,2500,0
2016-04-06,08:20:00,0.34,0.345,0.34,0.345,400000,0
2016-04-06,08:25:00,0.345,0.345,0.34,0.345,1045000,0
2016-04-06,08:30:00,0.345,0.345,0.34,0.34,222500,0
2016-04-06,08:45:00,0.34,0.35,0.34,0.35,710000,0
2016-04-06,08:55:00,0.35,0.35,0.35,0.35,20000,0
2016-04-06,09:00:00,0.35,0.35,0.35,0.35,2500,0
2016-04-06,09:05:00,0.35,0.35,0.35,0.35,17500,0
2016-04-06,09:10:00,0.35,0.35,0.35,0.35,45000,0
2016-04-06,09:15:00,0.35,0.35,0.34,0.34,1020000,0
2016-04-06,09:20:00,0.34,0.345,0.34,0.345,5000,0
2016-04-06,09:30:00,0.345,0.345,0.345,0.345,60000,0
2016-04-06,09:35:00,0.345,0.35,0.345,0.345,332500,0
2016-04-06,09:40:00,0.345,0.35,0.345,0.345,185000,0
2016-04-06,09:45:00,0.345,0.345,0.34,0.345,980000,0
2016-04-06,09:55:00,0.345,0.345,0.34,0.34,170000,0
2016-04-06,10:00:00,0.34,0.35,0.34,0.35,2040000,0
2016-04-07,03:35:00,0.345,0.35,0.34,0.345,1765000,0
2016-04-07,03:40:00,0.345,0.345,0.345,0.345,100000,0
2016-04-07,03:45:00,0.345,0.345,0.34,0.34,7500,0
2016-04-07,03:50:00,0.34,0.345,0.34,0.345,60000,0
2016-04-07,03:55:00,0.345,0.345,0.34,0.345,10000,0
2016-04-07,04:00:00,0.345,0.345,0.34,0.345,10000,0
2016-04-07,04:10:00,0.345,0.345,0.34,0.345,10000,0
2016-04-07,04:15:00,0.345,0.345,0.34,0.34,10000,0
2016-04-07,04:25:00,0.34,0.34,0.34,0.34,2500,0
2016-04-07,04:35:00,0.34,0.34,0.34,0.34,2500,0
2016-04-07,04:45:00,0.34,0.34,0.335,0.335,137500,0
2016-04-07,04:50:00,0.335,0.34,0.335,0.34,5000,0
2016-04-07,05:05:00,0.34,0.34,0.335,0.335,135000,0
2016-04-07,05:10:00,0.335,0.34,0.335,0.335,62500,0
2016-04-07,05:15:00,0.335,0.34,0.335,0.34,5000,0
2016-04-07,05:35:00,0.335,0.335,0.33,0.33,115000,0
2016-04-07,05:40:00,0.33,0.335,0.33,0.335,55000,0
2016-04-07,05:45:00,0.335,0.335,0.33,0.335,55000,0
2016-04-07,05:55:00,0.335,0.335,0.33,0.335,87500,0
2016-04-07,07:10:00,0.335,0.335,0.33,0.33,100000,0
2016-04-07,07:15:00,0.33,0.335,0.33,0.335,5000,0
2016-04-07,07:20:00,0.335,0.335,0.33,0.335,20000,0
2016-04-07,07:30:00,0.335,0.335,0.33,0.335,270000,0
2016-04-07,07:40:00,0.335,0.335,0.335,0.335,100000,0
2016-04-07,07:45:00,0.335,0.335,0.33,0.33,150000,0
2016-04-07,07:50:00,0.33,0.335,0.33,0.33,677500,0
2016-04-07,07:55:00,0.33,0.33,0.33,0.33,287500,0
2016-04-07,08:00:00,0.33,0.33,0.33,0.33,10000,0
2016-04-07,08:10:00,0.33,0.33,0.33,0.33,45000,0
2016-04-07,08:15:00,0.33,0.33,0.33,0.33,92500,0
2016-04-07,08:20:00,0.33,0.33,0.33,0.33,220000,0
2016-04-07,08:25:00,0.33,0.33,0.33,0.33,137500,0
2016-04-07,08:30:00,0.33,0.33,0.33,0.33,32500,0
2016-04-07,08:35:00,0.33,0.33,0.33,0.33,275000,0
2016-04-07,08:45:00,0.33,0.33,0.33,0.33,162500,0
2016-04-07,08:55:00,0.33,0.33,0.33,0.33,2500,0
2016-04-07,09:00:00,0.33,0.33,0.33,0.33,15000,0
2016-04-07,09:05:00,0.33,0.33,0.33,0.33,35000,0
2016-04-07,09:10:00,0.33,0.335,0.325,0.335,655000,0
2016-04-07,09:35:00,0.335,0.335,0.33,0.33,30000,0
2016-04-07,09:45:00,0.33,0.33,0.33,0.33,35000,0
2016-04-07,09:50:00,0.33,0.33,0.33,0.33,40000,0
2016-04-07,09:55:00,0.33,0.33,0.325,0.33,307500,0
2016-04-07,10:00:00,0.33,0.33,0.32,0.33,415000,0
2016-04-08,03:40:00,0.33,0.33,0.325,0.325,52500,0
2016-04-08,03:45:00,0.325,0.325,0.32,0.325,10000,0
2016-04-08,03:55:00,0.325,0.325,0.32,0.32,155000,0
2016-04-08,04:00:00,0.32,0.32,0.31,0.32,305000,0
2016-04-08,04:05:00,0.32,0.32,0.32,0.32,185000,0
2016-04-08,04:15:00,0.32,0.32,0.31,0.315,150000,0
2016-04-08,04:20:00,0.315,0.315,0.315,0.315,50000,0
2016-04-08,04:25:00,0.315,0.32,0.315,0.32,107500,0
2016-04-08,04:30:00,0.32,0.32,0.315,0.315,132500,0
2016-04-08,04:35:00,0.315,0.315,0.315,0.315,40000,0
2016-04-08,04:40:00,0.315,0.315,0.315,0.315,150000,0
2016-04-08,04:45:00,0.315,0.315,0.315,0.315,75000,0
2016-04-08,04:50:00,0.315,0.315,0.315,0.315,200000,0
2016-04-08,05:05:00,0.315,0.32,0.315,0.32,27500,0
2016-04-08,05:35:00,0.32,0.32,0.32,0.32,20000,0
2016-04-08,05:45:00,0.32,0.32,0.32,0.32,5000,0
2016-04-08,07:30:00,0.32,0.32,0.32,0.32,2500,0
2016-04-08,08:30:00,0.32,0.32,0.315,0.315,147500,0
2016-04-08,08:35:00,0.315,0.32,0.315,0.32,5000,0
2016-04-08,08:55:00,0.32,0.32,0.32,0.32,40000,0
2016-04-08,09:10:00,0.32,0.32,0.315,0.315,802500,0
2016-04-08,09:25:00,0.315,0.32,0.315,0.32,5000,0
2016-04-08,09:50:00,0.32,0.32,0.315,0.315,87500,0
2016-04-08,09:55:00,0.315,0.315,0.315,0.315,105000,0
2016-04-08,10:00:00,0.315,0.325,0.315,0.325,147500,0
2016-04-11,03:35:00,0.325,0.325,0.32,0.32,72500,0
2016-04-11,03:40:00,0.32,0.325,0.315,0.315,70000,0
2016-04-11,03:45:00,0.315,0.32,0.315,0.32,5000,0
2016-04-11,03:50:00,0.32,0.325,0.32,0.325,37500,0
2016-04-11,03:55:00,0.325,0.325,0.325,0.325,300000,0
2016-04-11,04:00:00,0.325,0.325,0.325,0.325,100000,0
2016-04-11,04:05:00,0.32,0.325,0.32,0.325,267500,0
2016-04-11,04:20:00,0.32,0.32,0.32,0.32,200000,0
2016-04-11,04:25:00,0.32,0.325,0.32,0.325,5000,0
2016-04-11,04:35:00,0.32,0.32,0.32,0.32,25000,0
2016-04-11,04:50:00,0.32,0.32,0.315,0.315,835000,0
2016-04-11,04:55:00,0.315,0.32,0.315,0.32,827500,0
2016-04-11,05:00:00,0.315,0.315,0.31,0.315,210000,0
2016-04-11,05:05:00,0.31,0.315,0.31,0.315,5000,0
2016-04-11,05:10:00,0.315,0.315,0.315,0.315,200000,0
2016-04-11,05:20:00,0.315,0.315,0.315,0.315,50000,0
2016-04-11,05:25:00,0.315,0.315,0.315,0.315,200000,0
2016-04-11,05:30:00,0.315,0.315,0.315,0.315,140000,0
2016-04-11,05:45:00,0.315,0.315,0.315,0.315,100000,0
2016-04-11,05:50:00,0.315,0.32,0.315,0.32,525000,0
2016-04-11,06:00:00,0.32,0.32,0.315,0.32,85000,0
2016-04-11,07:10:00,0.32,0.32,0.32,0.32,5000,0
2016-04-11,07:25:00,0.32,0.32,0.32,0.32,2500,0
2016-04-11,07:40:00,0.32,0.32,0.32,0.32,10000,0
2016-04-11,08:10:00,0.32,0.32,0.315,0.32,72500,0
2016-04-11,08:20:00,0.32,0.32,0.315,0.315,235000,0
2016-04-11,08:25:00,0.315,0.32,0.315,0.32,5000,0
2016-04-11,08:40:00,0.32,0.32,0.315,0.32,45000,0
2016-04-11,08:45:00,0.32,0.32,0.315,0.315,42500,0
2016-04-11,08:50:00,0.315,0.315,0.315,0.315,100000,0
2016-04-11,08:55:00,0.315,0.315,0.315,0.315,100000,0
2016-04-11,09:00:00,0.315,0.32,0.315,0.32,95000,0
2016-04-11,09:10:00,0.32,0.32,0.315,0.32,15000,0
2016-04-11,09:15:00,0.32,0.32,0.315,0.315,15000,0
2016-04-11,09:35:00,0.315,0.315,0.315,0.315,10000,0
2016-04-11,10:00:00,0.315,0.315,0.315,0.315,5000,0
2016-04-12,03:35:00,0.315,0.315,0.315,0.315,60000,0
2016-04-12,03:40:00,0.315,0.315,0.315,0.315,517500,0
2016-04-12,03:45:00,0.315,0.32,0.315,0.32,185000,0
2016-04-12,03:50:00,0.32,0.32,0.32,0.32,160000,0
2016-04-12,03:55:00,0.32,0.32,0.32,0.32,12500,0
2016-04-12,04:00:00,0.32,0.32,0.32,0.32,72500,0
2016-04-12,04:05:00,0.32,0.32,0.32,0.32,2500,0
2016-04-12,04:10:00,0.32,0.32,0.32,0.32,100000,0
2016-04-12,04:15:00,0.32,0.32,0.32,0.32,32500,0
2016-04-12,04:20:00,0.32,0.325,0.32,0.325,2822500,0
2016-04-12,04:25:00,0.325,0.325,0.325,0.325,50000,0
2016-04-12,04:30:00,0.325,0.325,0.325,0.325,102500,0
2016-04-12,04:35:00,0.325,0.325,0.325,0.325,10000,0
2016-04-12,04:40:00,0.325,0.325,0.325,0.325,27500,0
2016-04-12,04:45:00,0.325,0.325,0.325,0.325,32500,0
2016-04-12,04:50:00,0.325,0.325,0.32,0.32,537500,0
2016-04-12,04:55:00,0.32,0.32,0.32,0.32,160000,0
2016-04-12,05:00:00,0.32,0.32,0.315,0.32,697500,0
2016-04-12,05:05:00,0.32,0.32,0.32,0.32,367500,0
2016-04-12,05:10:00,0.32,0.32,0.315,0.32,300000,0
2016-04-12,05:15:00,0.32,0.32,0.32,0.32,62500,0
2016-04-12,05:20:00,0.32,0.32,0.32,0.32,97500,0
2016-04-12,05:25:00,0.32,0.32,0.315,0.32,257500,0
2016-04-12,05:30:00,0.32,0.32,0.32,0.32,30000,0
2016-04-12,05:35:00,0.32,0.32,0.32,0.32,12500,0
2016-04-12,05:40:00,0.32,0.32,0.32,0.32,30000,0
2016-04-12,05:45:00,0.32,0.32,0.32,0.32,57500,0
2016-04-12,05:50:00,0.32,0.32,0.32,0.32,162500,0
2016-04-12,05:55:00,0.32,0.32,0.32,0.32,50000,0
2016-04-12,06:00:00,0.32,0.32,0.32,0.32,27500,0
2016-04-12,07:05:00,0.32,0.32,0.32,0.32,50000,0
2016-04-12,07:10:00,0.32,0.32,0.32,0.32,12500,0
2016-04-12,07:15:00,0.32,0.32,0.32,0.32,5000,0
2016-04-12,07:25:00,0.32,0.32,0.32,0.32,10000,0
2016-04-12,07:30:00,0.32,0.32,0.32,0.32,7500,0
2016-04-12,07:35:00,0.32,0.32,0.32,0.32,2500,0
2016-04-12,07:40:00,0.32,0.32,0.32,0.32,12500,0
2016-04-12,07:45:00,0.32,0.32,0.32,0.32,12500,0
2016-04-12,07:50:00,0.32,0.32,0.32,0.32,17500,0
2016-04-12,07:55:00,0.32,0.32,0.32,0.32,2500,0
2016-04-12,08:00:00,0.32,0.32,0.32,0.32,150000,0
2016-04-12,08:05:00,0.32,0.32,0.32,0.32,2500,0
2016-04-12,08:15:00,0.32,0.32,0.32,0.32,5000,0
2016-04-12,08:20:00,0.32,0.32,0.32,0.32,10000,0
2016-04-12,08:25:00,0.32,0.32,0.32,0.32,15000,0
2016-04-12,08:30:00,0.32,0.32,0.32,0.32,62500,0
2016-04-12,08:40:00,0.32,0.32,0.32,0.32,50000,0
2016-04-12,08:45:00,0.32,0.32,0.315,0.32,270000,0
2016-04-12,08:50:00,0.32,0.32,0.32,0.32,480000,0
2016-04-12,08:55:00,0.32,0.32,0.32,0.32,220000,0
2016-04-12,09:00:00,0.32,0.32,0.32,0.32,377500,0
2016-04-12,09:05:00,0.32,0.32,0.32,0.32,357500,0
2016-04-12,09:10:00,0.32,0.325,0.32,0.32,1060000,0
2016-04-12,09:15:00,0.32,0.32,0.32,0.32,387500,0
2016-04-12,09:20:00,0.32,0.32,0.32,0.32,517500,0
2016-04-12,09:25:00,0.32,0.32,0.32,0.32,1257500,0
2016-04-12,09:30:00,0.32,0.325,0.32,0.325,402500,0
2016-04-12,09:35:00,0.325,0.325,0.325,0.325,20000,0
2016-04-12,09:40:00,0.325,0.325,0.325,0.325,137500,0
2016-04-12,09:45:00,0.325,0.325,0.325,0.325,357500,0
2016-04-12,09:50:00,0.325,0.33,0.325,0.33,202500,0
2016-04-12,09:55:00,0.33,0.33,0.325,0.33,1257500,0
2016-04-12,10:00:00,0.33,0.335,0.33,0.335,1005000,0
2016-04-13,03:35:00,0.335,0.34,0.335,0.34,227500,0
2016-04-13,03:40:00,0.34,0.34,0.34,0.34,5000,0
2016-04-13,03:45:00,0.34,0.34,0.335,0.34,35000,0
2016-04-13,03:55:00,0.34,0.34,0.34,0.34,2500,0
2016-04-13,04:00:00,0.34,0.34,0.335,0.335,115000,0
2016-04-13,04:10:00,0.335,0.335,0.335,0.335,10000,0
2016-04-13,04:15:00,0.335,0.34,0.335,0.34,740000,0
2016-04-13,04:20:00,0.34,0.34,0.34,0.34,2500,0
2016-04-13,04:25:00,0.34,0.34,0.34,0.34,2500,0
2016-04-13,04:30:00,0.34,0.34,0.335,0.335,125000,0
2016-04-13,04:35:00,0.335,0.335,0.335,0.335,85000,0
2016-04-13,04:40:00,0.335,0.335,0.33,0.335,712500,0
2016-04-13,04:45:00,0.335,0.335,0.335,0.335,20000,0
2016-04-13,04:50:00,0.335,0.335,0.335,0.335,15000,0
2016-04-13,04:55:00,0.335,0.335,0.335,0.335,25000,0
2016-04-13,05:00:00,0.335,0.335,0.335,0.335,37500,0
2016-04-13,05:05:00,0.335,0.335,0.335,0.335,25000,0
2016-04-13,05:10:00,0.335,0.335,0.33,0.33,485000,0
2016-04-13,05:15:00,0.33,0.335,0.33,0.335,50000,0
2016-04-13,05:30:00,0.335,0.335,0.335,0.335,25000,0
2016-04-13,05:50:00,0.335,0.335,0.335,0.335,10000,0
2016-04-13,07:05:00,0.335,0.335,0.335,0.335,15000,0
2016-04-13,07:10:00,0.335,0.335,0.335,0.335,2500,0
2016-04-13,07:20:00,0.335,0.335,0.335,0.335,2500,0
2016-04-13,07:25:00,0.335,0.335,0.335,0.335,5000,0
2016-04-13,07:30:00,0.335,0.335,0.335,0.335,2500,0
2016-04-13,07:40:00,0.335,0.335,0.335,0.335,2500,0
2016-04-13,07:45:00,0.335,0.335,0.335,0.335,2500,0
2016-04-13,07:50:00,0.335,0.335,0.33,0.33,742500,0
2016-04-13,07:55:00,0.33,0.33,0.33,0.33,2500,0
2016-04-13,08:00:00,0.33,0.33,0.33,0.33,5000,0
2016-04-13,08:05:00,0.33,0.33,0.33,0.33,10000,0
2016-04-13,08:10:00,0.33,0.33,0.325,0.33,37500,0
2016-04-13,08:15:00,0.33,0.33,0.33,0.33,2500,0
2016-04-13,08:25:00,0.33,0.33,0.33,0.33,2500,0
2016-04-13,08:40:00,0.33,0.33,0.325,0.33,25000,0
2016-04-13,09:00:00,0.33,0.33,0.33,0.33,2500,0
2016-04-13,09:15:00,0.33,0.33,0.33,0.33,2500,0
2016-04-13,09:30:00,0.33,0.33,0.33,0.33,150000,0
2016-04-13,09:45:00,0.33,0.33,0.33,0.33,202500,0
2016-04-13,09:55:00,0.33,0.33,0.33,0.33,5000,0
2016-04-13,10:00:00,0.33,0.33,0.33,0.33,12500,0
