Date,Time,Open,High,Low,Close,Volume,OpenInt
2016-03-18,02:35:00,25.7,25.7,25.5,25.5,45600,0
2016-03-18,02:40:00,25.5,25.55,25.5,25.55,90900,0
2016-03-18,02:45:00,25.55,25.55,25.55,25.55,2100,0
2016-03-18,02:50:00,25.55,25.55,25.25,25.45,303300,0
2016-03-18,02:55:00,25.45,25.55,25.45,25.55,170700,0
2016-03-18,03:00:00,25.55,25.55,25.5,25.5,111300,0
2016-03-18,03:05:00,25.5,25.5,25.45,25.5,25688,0
2016-03-18,03:10:00,25.5,25.5,25.45,25.45,162600,0
2016-03-18,03:15:00,25.45,25.5,25.45,25.5,40800,0
2016-03-18,03:20:00,25.5,25.5,25.45,25.45,25200,0
2016-03-18,03:25:00,25.45,25.55,25.45,25.45,281400,0
2016-03-18,03:30:00,25.45,25.5,25.45,25.5,35100,0
2016-03-18,03:35:00,25.5,25.5,25.5,25.5,22700,0
2016-03-18,03:40:00,25.5,25.5,25.45,25.5,39600,0
2016-03-18,03:45:00,25.5,25.5,25.45,25.5,57000,0
2016-03-18,03:50:00,25.5,25.5,25.45,25.5,28500,0
2016-03-18,03:55:00,25.5,25.55,25.5,25.55,113700,0
2016-03-18,04:00:00,25.55,25.55,25.5,25.5,13500,0
2016-03-18,04:05:00,25.5,25.55,25.5,25.55,25200,0
2016-03-18,04:10:00,25.55,25.55,25.5,25.55,20700,0
2016-03-18,04:15:00,25.55,25.55,25.5,25.55,490500,0
2016-03-18,04:20:00,25.55,25.55,25.5,25.5,6600,0
2016-03-18,04:25:00,25.5,25.55,25.5,25.55,36300,0
2016-03-18,04:30:00,25.55,25.55,25.5,25.55,30600,0
2016-03-18,04:35:00,25.55,25.55,25.5,25.55,10800,0
2016-03-18,04:40:00,25.55,25.55,25.55,25.55,105300,0
2016-03-18,04:45:00,25.55,25.55,25.5,25.5,3300,0
2016-03-18,04:50:00,25.5,25.55,25.5,25.55,103500,0
2016-03-18,04:55:00,25.55,25.55,25.55,25.55,3412,0
2016-03-18,05:00:00,25.55,25.55,25.5,25.5,21300,0
2016-03-18,06:05:00,25.5,25.55,25.5,25.55,20100,0
2016-03-18,06:10:00,25.55,25.55,25.5,25.5,1800,0
2016-03-18,06:15:00,25.5,25.6,25.5,25.6,591000,0
2016-03-18,06:20:00,25.6,25.6,25.55,25.6,4500,0
2016-03-18,06:25:00,25.6,25.65,25.55,25.65,169500,0
2016-03-18,06:30:00,25.65,25.75,25.65,25.75,105900,0
2016-03-18,06:35:00,25.75,25.75,25.75,25.75,4800,0
2016-03-18,06:40:00,25.75,25.75,25.7,25.75,14100,0
2016-03-18,06:45:00,25.75,25.75,25.75,25.75,5400,0
2016-03-18,06:50:00,25.75,25.75,25.75,25.75,5100,0
2016-03-18,06:55:00,25.75,25.75,25.75,25.75,3000,0
2016-03-18,07:00:00,25.75,25.75,25.7,25.7,4500,0
2016-03-18,07:05:00,25.7,25.75,25.7,25.75,1800,0
2016-03-18,07:10:00,25.75,25.75,25.6,25.6,81300,0
2016-03-18,07:15:00,25.6,25.6,25.55,25.55,199500,0
2016-03-18,07:20:00,25.55,25.55,25.5,25.5,17100,0
2016-03-18,07:25:00,25.5,25.55,25.5,25.55,2400,0
2016-03-18,07:30:00,25.55,25.55,25.55,25.55,5100,0
2016-03-18,07:35:00,25.55,25.55,25.55,25.55,3000,0
2016-03-18,07:40:00,25.55,25.65,25.55,25.65,363300,0
2016-03-18,07:45:00,25.65,25.65,25.65,25.65,125657,0
2016-03-18,07:50:00,25.65,25.65,25.6,25.6,61900,0
2016-03-18,07:55:00,25.6,25.65,25.6,25.6,44700,0
2016-03-18,08:00:00,25.6,25.65,25.6,25.65,86400,0
2016-03-18,08:05:00,25.65,25.65,25.6,25.6,187200,0
2016-03-18,08:10:00,25.6,25.6,25.6,25.6,136500,0
2016-03-18,08:15:00,25.6,25.6,25.55,25.6,45900,0
2016-03-18,08:20:00,25.6,25.6,25.55,25.55,139500,0
2016-03-18,08:25:00,25.55,25.6,25.55,25.6,35100,0
2016-03-18,08:30:00,25.6,25.6,25.55,25.6,62400,0
2016-03-18,08:35:00,25.6,25.6,25.55,25.6,53100,0
2016-03-18,08:40:00,25.6,25.6,25.6,25.6,52800,0
2016-03-18,08:45:00,25.6,25.6,25.55,25.6,142800,0
2016-03-18,08:50:00,25.6,25.65,25.55,25.65,574200,0
2016-03-18,08:55:00,25.65,25.8,25.65,25.8,324700,0
2016-03-18,09:00:00,25.8,25.8,25.65,25.75,846000,0
2016-03-21,02:35:00,26,26,25.7,25.8,124800,0
2016-03-21,02:40:00,25.8,25.85,25.65,25.8,196500,0
2016-03-21,02:45:00,25.8,25.8,24.6,25,1067625,0
2016-03-21,02:50:00,25,25.45,24.9,25.45,268200,0
2016-03-21,02:55:00,25.45,25.45,25.35,25.35,44700,0
2016-03-21,03:00:00,25.35,25.35,25.05,25.15,132200,0
2016-03-21,03:05:00,25.15,25.3,25.15,25.3,22800,0
2016-03-21,03:10:00,25.3,25.45,25.25,25.4,27300,0
2016-03-21,03:15:00,25.4,25.45,25.35,25.4,22100,0
2016-03-21,03:20:00,25.4,25.4,25.35,25.4,14400,0
2016-03-21,03:25:00,25.4,25.4,25.35,25.35,16500,0
2016-03-21,03:30:00,25.35,25.4,25.35,25.35,20400,0
2016-03-21,03:35:00,25.35,25.4,25.35,25.4,24300,0
2016-03-21,03:40:00,25.4,25.4,25.35,25.35,30000,0
2016-03-21,03:45:00,25.35,25.4,25.25,25.25,86700,0
2016-03-21,03:50:00,25.25,25.3,25.2,25.2,27000,0
2016-03-21,03:55:00,25.2,25.3,25.2,25.25,111300,0
2016-03-21,04:00:00,25.25,25.35,25.25,25.35,69300,0
2016-03-21,04:05:00,25.35,25.35,25.3,25.3,17700,0
2016-03-21,04:10:00,25.3,25.35,25.3,25.35,21300,0
2016-03-21,04:15:00,25.35,25.35,25.3,25.3,27900,0
2016-03-21,04:20:00,25.3,25.35,25.3,25.35,73200,0
2016-03-21,04:25:00,25.35,25.35,25.3,25.35,19800,0
2016-03-21,04:30:00,25.35,25.35,25.3,25.35,19809,0
2016-03-21,04:35:00,25.35,25.35,25.3,25.3,18600,0
2016-03-21,04:40:00,25.3,25.35,25.3,25.3,6226,0
2016-03-21,04:45:00,25.3,25.35,25.25,25.25,46800,0
2016-03-21,04:50:00,25.25,25.3,25.25,25.3,5100,0
2016-03-21,04:55:00,25.3,25.3,25.25,25.3,19500,0
2016-03-21,05:00:00,25.3,25.3,25.25,25.25,24300,0
2016-03-21,06:05:00,25.25,25.3,25.25,25.3,24300,0
2016-03-21,06:10:00,25.3,25.3,25.25,25.25,19500,0
2016-03-21,06:15:00,25.25,25.3,25.25,25.3,51900,0
2016-03-21,06:20:00,25.3,25.3,25.25,25.3,30600,0
2016-03-21,06:25:00,25.3,25.35,25.25,25.35,260700,0
2016-03-21,06:30:00,25.35,25.4,25.35,25.35,27000,0
2016-03-21,06:35:00,25.35,25.4,25.35,25.4,19800,0
2016-03-21,06:40:00,25.4,25.4,25.35,25.35,32700,0
2016-03-21,06:45:00,25.35,25.4,25.35,25.35,17100,0
2016-03-21,06:50:00,25.35,25.4,25.15,25.25,153600,0
2016-03-21,06:55:00,25.25,25.35,25.25,25.35,37600,0
2016-03-21,07:00:00,25.35,25.35,25.3,25.35,18030,0
2016-03-21,07:05:00,25.35,25.35,25.3,25.35,10200,0
2016-03-21,07:10:00,25.35,25.35,25.3,25.35,10200,0
2016-03-21,07:15:00,25.35,25.35,25.3,25.3,18300,0
2016-03-21,07:20:00,25.3,25.35,25.3,25.3,144600,0
2016-03-21,07:25:00,25.3,25.35,25.3,25.35,4800,0
2016-03-21,07:30:00,25.35,25.35,25.3,25.3,30900,0
2016-03-21,07:35:00,25.3,25.35,25.3,25.35,6600,0
2016-03-21,07:40:00,25.35,25.35,25.3,25.35,8100,0
2016-03-21,07:45:00,25.35,25.35,25.3,25.35,10200,0
2016-03-21,07:50:00,25.35,25.35,25.25,25.3,97200,0
2016-03-21,07:55:00,25.3,25.3,25.25,25.25,16800,0
2016-03-21,08:00:00,25.25,25.3,25.25,25.25,21300,0
2016-03-21,08:05:00,25.25,25.3,25.25,25.3,12900,0
2016-03-21,08:10:00,25.3,25.3,25.25,25.25,37200,0
2016-03-21,08:15:00,25.25,25.3,25.25,25.25,18600,0
2016-03-21,08:20:00,25.25,25.3,25.15,25.25,275700,0
2016-03-21,08:25:00,25.25,25.25,25.2,25.25,73800,0
2016-03-21,08:30:00,25.25,25.25,25.2,25.25,9000,0
2016-03-21,08:35:00,25.25,25.25,25.2,25.2,229800,0
2016-03-21,08:40:00,25.2,25.25,25.2,25.2,182400,0
2016-03-21,08:45:00,25.2,25.25,25.2,25.2,69000,0
2016-03-21,08:50:00,25.2,25.35,25.2,25.35,338700,0
2016-03-21,08:55:00,25.35,25.35,25.3,25.35,63300,0
2016-03-21,09:00:00,25.35,25.45,25.3,25.45,390600,0
2016-03-22,02:35:00,25.9,25.9,25.55,25.6,75900,0
2016-03-22,02:40:00,25.6,25.7,25.6,25.7,53675,0
2016-03-22,02:45:00,25.7,25.8,25.5,25.8,132600,0
2016-03-22,02:50:00,25.8,25.9,25.8,25.85,39300,0
2016-03-22,02:55:00,25.85,26.1,25.85,26,314700,0
2016-03-22,03:00:00,26,26,26,26,3900,0
2016-03-22,03:05:00,26,26.05,26,26.05,105300,0
2016-03-22,03:10:00,26.05,26.05,26.05,26.05,83400,0
2016-03-22,03:15:00,26.05,26.05,26.05,26.05,53700,0
2016-03-22,03:20:00,26.05,26.2,26.05,26.15,57300,0
2016-03-22,03:25:00,26.15,26.2,26.15,26.2,11700,0
2016-03-22,03:30:00,26.2,26.2,26.15,26.2,9900,0
2016-03-22,03:35:00,26.2,26.3,26.15,26.3,34800,0
2016-03-22,03:40:00,26.3,26.4,26.3,26.4,51600,0
2016-03-22,03:45:00,26.4,26.8,26.4,26.65,241500,0
2016-03-22,03:50:00,26.65,26.8,26.6,26.6,169200,0
2016-03-22,03:55:00,26.6,26.6,26.6,26.6,6000,0
2016-03-22,04:00:00,26.6,26.6,26.5,26.5,60600,0
2016-03-22,04:05:00,26.5,26.55,26.3,26.3,103512,0
2016-03-22,04:10:00,26.3,26.5,26.3,26.45,352200,0
2016-03-22,04:15:00,26.45,26.45,26.3,26.3,100500,0
2016-03-22,04:20:00,26.3,26.3,26.25,26.25,17400,0
2016-03-22,04:25:00,26.25,26.3,26.15,26.2,141600,0
2016-03-22,04:30:00,26.2,26.2,26.2,26.2,6000,0
2016-03-22,04:35:00,26.2,26.2,26.2,26.2,10800,0
2016-03-22,04:40:00,26.2,26.25,26.2,26.2,24900,0
2016-03-22,04:45:00,26.2,26.25,26.15,26.15,159300,0
2016-03-22,04:50:00,26.15,26.15,26.05,26.05,98400,0
2016-03-22,04:55:00,26.05,26.05,26,26.05,70200,0
2016-03-22,05:00:00,26.05,26.05,26,26.05,18600,0
2016-03-22,06:05:00,26.05,26.1,26,26,192900,0
2016-03-22,06:10:00,26,26.05,26,26.05,29100,0
2016-03-22,06:15:00,26.05,26.1,26.05,26.1,19500,0
2016-03-22,06:20:00,26.1,26.1,26.05,26.1,111000,0
2016-03-22,06:25:00,26.1,26.15,26.1,26.1,63600,0
2016-03-22,06:30:00,26.1,26.15,26.1,26.15,18300,0
2016-03-22,06:35:00,26.15,26.15,26.1,26.15,20400,0
2016-03-22,06:40:00,26.15,26.15,26.05,26.05,144200,0
2016-03-22,06:45:00,26.05,26.1,26.05,26.1,10800,0
2016-03-22,06:50:00,26.1,26.1,26.1,26.1,32100,0
2016-03-22,06:55:00,26.1,26.1,26.1,26.1,26700,0
2016-03-22,07:00:00,26.1,26.1,26.05,26.1,18300,0
2016-03-22,07:05:00,26.1,26.1,26.05,26.1,22200,0
2016-03-22,07:10:00,26.1,26.1,26.05,26.1,15300,0
2016-03-22,07:15:00,26.1,26.1,26.1,26.1,27600,0
2016-03-22,07:20:00,26.1,26.1,26.05,26.05,27900,0
2016-03-22,07:25:00,26.05,26.15,26.05,26.15,135600,0
2016-03-22,07:30:00,26.15,26.15,26.15,26.15,5400,0
2016-03-22,07:35:00,26.15,26.15,26.15,26.15,7200,0
2016-03-22,07:40:00,26.15,26.15,26.1,26.1,12900,0
2016-03-22,07:45:00,26.1,26.15,26.1,26.1,34600,0
2016-03-22,07:50:00,26.1,26.15,26.1,26.1,39000,0
2016-03-22,07:55:00,26.1,26.15,26.1,26.15,40200,0
2016-03-22,08:00:00,26.15,26.15,26.1,26.1,56300,0
2016-03-22,08:05:00,26.1,26.1,26.1,26.1,127200,0
2016-03-22,08:10:00,26.1,26.1,26.1,26.1,3000,0
2016-03-22,08:15:00,26.1,26.1,26.05,26.05,61200,0
2016-03-22,08:20:00,26.05,26.05,26,26,34500,0
2016-03-22,08:25:00,26,26.1,26,26.1,132300,0
2016-03-22,08:30:00,26.1,26.1,26.1,26.1,1800,0
2016-03-22,08:35:00,26.1,26.1,26.05,26.05,81900,0
2016-03-22,08:40:00,26.05,26.1,26.05,26.05,13500,0
2016-03-22,08:45:00,26.05,26.1,26.05,26.1,154500,0
2016-03-22,08:50:00,26.1,26.1,26.05,26.1,56500,0
2016-03-22,08:55:00,26.1,26.15,26.05,26.1,887100,0
2016-03-22,09:00:00,26.1,26.15,26,26.15,1048100,0
2016-03-23,02:35:00,26.7,26.7,26.25,26.5,128700,0
2016-03-23,02:40:00,26.5,26.5,26.5,26.5,6300,0
2016-03-23,02:45:00,26.5,26.5,26.45,26.5,16500,0
2016-03-23,02:50:00,26.5,26.6,26.45,26.5,247800,0
2016-03-23,02:55:00,26.5,26.55,26.5,26.5,8900,0
2016-03-23,03:00:00,26.5,26.55,26.5,26.55,51000,0
2016-03-23,03:05:00,26.55,26.55,26.5,26.55,90000,0
2016-03-23,03:10:00,26.55,26.55,26.5,26.55,12100,0
2016-03-23,03:15:00,26.55,26.55,26.55,26.55,1800,0
2016-03-23,03:20:00,26.55,26.55,26.5,26.55,36300,0
2016-03-23,03:25:00,26.55,26.55,26.5,26.5,5100,0
2016-03-23,03:30:00,26.5,26.55,26.5,26.55,11700,0
2016-03-23,03:35:00,26.55,26.55,26.5,26.55,13200,0
2016-03-23,03:40:00,26.55,26.55,26.5,26.5,30000,0
2016-03-23,03:45:00,26.5,26.55,26.5,26.55,5400,0
2016-03-23,03:50:00,26.55,26.55,26.5,26.5,21300,0
2016-03-23,03:55:00,26.5,26.55,26.5,26.55,24000,0
2016-03-23,04:00:00,26.55,26.55,26.5,26.55,3900,0
2016-03-23,04:05:00,26.55,26.55,26.55,26.55,2400,0
2016-03-23,04:10:00,26.55,26.55,26.55,26.55,2400,0
2016-03-23,04:15:00,26.55,26.55,26.55,26.55,32100,0
2016-03-23,04:20:00,26.55,26.55,26.5,26.55,4500,0
2016-03-23,04:25:00,26.55,26.55,26.3,26.5,132900,0
2016-03-23,04:30:00,26.5,26.55,26.5,26.55,3300,0
2016-03-23,04:35:00,26.55,26.55,26.5,26.55,37200,0
2016-03-23,04:40:00,26.55,26.55,26.45,26.55,68700,0
2016-03-23,04:45:00,26.55,26.55,26.5,26.55,5100,0
2016-03-23,04:50:00,26.55,26.55,26.5,26.5,10200,0
2016-03-23,04:55:00,26.5,26.55,26.5,26.55,4200,0
2016-03-23,05:00:00,26.55,26.55,26.5,26.5,8400,0
2016-03-23,06:05:00,26.5,26.55,26.2,26.4,41100,0
2016-03-23,06:10:00,26.4,26.4,26.4,26.4,20700,0
2016-03-23,06:15:00,26.4,26.4,26.4,26.4,2400,0
2016-03-23,06:20:00,26.4,26.4,26.35,26.4,347400,0
2016-03-23,06:25:00,26.4,26.4,26.4,26.4,5600,0
2016-03-23,06:30:00,26.4,26.4,26.35,26.35,9900,0
2016-03-23,06:35:00,26.35,26.4,26.35,26.4,15900,0
2016-03-23,06:40:00,26.4,26.4,26.35,26.4,32400,0
2016-03-23,06:45:00,26.4,26.4,26.35,26.4,52800,0
2016-03-23,06:50:00,26.4,26.4,26.4,26.4,1800,0
2016-03-23,06:55:00,26.4,26.4,26.4,26.4,7200,0
2016-03-23,07:00:00,26.4,26.4,26.35,26.35,4822,0
2016-03-23,07:05:00,26.35,26.4,26.35,26.4,29400,0
2016-03-23,07:10:00,26.4,26.4,26.35,26.4,78300,0
2016-03-23,07:15:00,26.4,26.4,26.35,26.4,9900,0
2016-03-23,07:20:00,26.4,26.4,26.35,26.4,46500,0
2016-03-23,07:25:00,26.4,26.4,26.35,26.4,13200,0
2016-03-23,07:30:00,26.4,26.4,26.35,26.4,3900,0
2016-03-23,07:35:00,26.4,26.4,26.4,26.4,1500,0
2016-03-23,07:40:00,26.4,26.4,26.35,26.35,3900,0
2016-03-23,07:45:00,26.35,26.4,26.3,26.35,90900,0
2016-03-23,07:50:00,26.35,26.4,26.35,26.4,27600,0
2016-03-23,07:55:00,26.4,26.4,26.35,26.4,19800,0
2016-03-23,08:00:00,26.4,26.4,26.35,26.35,15300,0
2016-03-23,08:05:00,26.35,26.4,26.35,26.35,32400,0
2016-03-23,08:10:00,26.35,26.4,26.35,26.35,17700,0
2016-03-23,08:15:00,26.35,26.4,26.2,26.2,40800,0
2016-03-23,08:20:00,26.2,26.25,26.15,26.2,40500,0
2016-03-23,08:25:00,26.2,26.2,26,26.2,159900,0
2016-03-23,08:30:00,26.2,26.2,26.15,26.2,12600,0
2016-03-23,08:35:00,26.2,26.2,26.15,26.15,25800,0
2016-03-23,08:40:00,26.15,26.2,26.15,26.2,15600,0
2016-03-23,08:45:00,26.2,26.25,26.15,26.25,81000,0
2016-03-23,08:50:00,26.25,26.25,26.2,26.25,145500,0
2016-03-23,08:55:00,26.25,26.35,26.2,26.35,782993,0
2016-03-23,09:00:00,26.35,26.45,26.25,26.4,441300,0
2016-03-24,02:35:00,26.05,26.15,26.05,26.05,25200,0
2016-03-24,02:40:00,26.05,26.1,26.05,26.1,36000,0
2016-03-24,02:45:00,26.1,26.1,26.05,26.05,46800,0
2016-03-24,02:50:00,26.05,26.1,26.05,26.05,39300,0
2016-03-24,02:55:00,26.05,26.1,25.9,26,50700,0
2016-03-24,03:00:00,26,26.15,26,26.1,39600,0
2016-03-24,03:05:00,26.1,26.1,26.05,26.1,1200,0
2016-03-24,03:10:00,26.1,26.1,26.05,26.05,84300,0
2016-03-24,03:15:00,26.05,26.1,26.05,26.05,6000,0
2016-03-24,03:20:00,26.05,26.1,26.05,26.1,14400,0
2016-03-24,03:25:00,26.1,26.1,26.05,26.05,49500,0
2016-03-24,03:30:00,26.05,26.05,26.05,26.05,36300,0
2016-03-24,03:35:00,26.05,26.05,26.05,26.05,17400,0
2016-03-24,03:40:00,26.05,26.1,26.05,26.05,41700,0
2016-03-24,03:45:00,26.05,26.05,26.05,26.05,7200,0
2016-03-24,03:50:00,26.05,26.1,26.05,26.1,16800,0
2016-03-24,03:55:00,26.1,26.1,26.05,26.05,16500,0
2016-03-24,04:00:00,26.05,26.1,26.05,26.1,9300,0
2016-03-24,04:05:00,26.1,26.1,25.7,25.8,172212,0
2016-03-24,04:10:00,25.8,25.85,25.8,25.85,19500,0
2016-03-24,04:15:00,25.85,25.9,25.85,25.85,8100,0
2016-03-24,04:20:00,25.85,25.85,25.75,25.8,34200,0
2016-03-24,04:25:00,25.8,25.8,25.7,25.75,6300,0
2016-03-24,04:30:00,25.75,25.75,25.75,25.75,245100,0
2016-03-24,04:35:00,25.75,25.8,25.7,25.8,26700,0
2016-03-24,04:40:00,25.8,25.8,25.75,25.8,3600,0
2016-03-24,04:45:00,25.75,25.75,25.75,25.75,5400,0
2016-03-24,04:50:00,25.75,25.8,25.75,25.8,5700,0
2016-03-24,04:55:00,25.8,25.8,25.75,25.8,15900,0
2016-03-24,05:00:00,25.8,25.8,25.75,25.75,42300,0
2016-03-24,06:05:00,25.75,25.8,25.75,25.8,40500,0
2016-03-24,06:10:00,25.8,25.95,25.8,25.95,40200,0
2016-03-24,06:15:00,25.95,26,25.95,26,24600,0
2016-03-24,06:20:00,26,26.05,26,26.05,9600,0
2016-03-24,06:25:00,26.05,26.15,26.05,26.1,87000,0
2016-03-24,06:30:00,26.1,26.15,26.05,26.1,44400,0
2016-03-24,06:35:00,26.1,26.1,25.95,25.95,18000,0
2016-03-24,06:45:00,25.95,25.95,25.95,25.95,600,0
2016-03-24,06:50:00,25.95,26,25.95,26,2100,0
2016-03-24,06:55:00,26,26,25.95,25.95,13200,0
2016-03-24,07:00:00,25.95,26,25.95,26,9900,0
2016-03-24,07:05:00,26,26,25.85,25.85,21300,0
2016-03-24,07:10:00,25.85,25.9,25.85,25.9,10500,0
2016-03-24,07:15:00,25.9,25.9,25.85,25.9,10500,0
2016-03-24,07:20:00,25.9,25.9,25.85,25.9,18300,0
2016-03-24,07:25:00,25.9,25.9,25.9,25.9,10800,0
2016-03-24,07:30:00,25.9,25.9,25.9,25.9,8100,0
2016-03-24,07:35:00,25.9,25.9,25.9,25.9,10500,0
2016-03-24,07:40:00,25.9,25.9,25.9,25.9,10200,0
2016-03-24,07:45:00,25.9,25.95,25.9,25.95,32700,0
2016-03-24,07:50:00,25.95,25.95,25.9,25.9,34200,0
2016-03-24,08:00:00,25.9,25.95,25.9,25.95,40800,0
2016-03-24,08:05:00,25.95,25.95,25.95,25.95,9000,0
2016-03-24,08:10:00,25.95,26,25.95,25.95,15900,0
2016-03-24,08:15:00,25.95,26,25.95,26,9900,0
2016-03-24,08:20:00,26,26,26,26,12900,0
2016-03-24,08:25:00,26,26,25.95,26,19800,0
2016-03-24,08:30:00,26,26,25.95,26,12900,0
2016-03-24,08:35:00,26,26,25.95,26,21300,0
2016-03-24,08:40:00,26,26,25.95,26,27000,0
2016-03-24,08:45:00,26,26,25.95,26,34100,0
2016-03-24,08:50:00,26,26,25.95,25.95,66300,0
2016-03-24,08:55:00,25.95,25.95,25.8,25.8,598200,0
2016-03-24,09:00:00,25.8,25.85,25.75,25.75,224400,0
2016-03-29,03:35:00,25.75,25.95,25.1,25.25,117900,0
2016-03-29,03:40:00,25.25,25.45,25.2,25.35,74400,0
2016-03-29,03:45:00,25.35,25.35,25.2,25.2,15300,0
2016-03-29,03:50:00,25.2,25.25,25.05,25.25,48639,0
2016-03-29,03:55:00,25.25,25.35,25.2,25.3,70800,0
2016-03-29,04:00:00,25.3,25.35,25.3,25.35,35400,0
2016-03-29,04:05:00,25.35,25.35,25.3,25.3,18600,0
2016-03-29,04:10:00,25.3,25.35,25.15,25.2,46500,0
2016-03-29,04:15:00,25.2,25.25,25.15,25.15,46200,0
2016-03-29,04:20:00,25.15,25.2,25.15,25.15,5388,0
2016-03-29,04:25:00,25.15,25.2,25.05,25.1,120360,0
2016-03-29,04:30:00,25.1,25.15,24.9,25.1,167100,0
2016-03-29,04:35:00,25.1,25.1,25.05,25.1,18000,0
2016-03-29,04:40:00,25.1,25.1,24.95,25,116100,0
2016-03-29,04:45:00,25,25.1,24.9,24.95,62100,0
2016-03-29,04:50:00,24.95,25.15,24.9,25.15,97500,0
2016-03-29,04:55:00,25.15,25.2,25.1,25.15,30000,0
2016-03-29,05:00:00,25.15,25.2,25.1,25.15,63000,0
2016-03-29,05:05:00,25.15,25.2,25.1,25.15,16500,0
2016-03-29,05:10:00,25.15,25.2,25.15,25.2,16500,0
2016-03-29,05:15:00,25.2,25.2,25.15,25.15,15300,0
2016-03-29,05:20:00,25.15,25.2,25.15,25.2,122400,0
2016-03-29,05:25:00,25.2,25.2,25.2,25.2,41400,0
2016-03-29,05:30:00,25.2,25.2,25.15,25.2,5100,0
2016-03-29,05:35:00,25.2,25.2,25.05,25.05,111300,0
2016-03-29,05:40:00,25.05,25.1,25.05,25.1,77700,0
2016-03-29,05:45:00,25.1,25.15,25.1,25.1,1200,0
2016-03-29,05:50:00,25.1,25.15,25.1,25.1,13500,0
2016-03-29,05:55:00,25.1,25.15,25.1,25.1,16500,0
2016-03-29,06:00:00,25.1,25.15,25.1,25.1,63600,0
2016-03-29,07:05:00,25.1,25.15,25.1,25.15,10800,0
2016-03-29,07:10:00,25.15,25.2,25.1,25.2,150000,0
2016-03-29,07:15:00,25.2,25.2,25.15,25.2,20400,0
2016-03-29,07:20:00,25.2,25.2,25.15,25.2,107700,0
2016-03-29,07:25:00,25.2,25.25,25.15,25.15,16800,0
2016-03-29,07:30:00,25.15,25.2,25.15,25.15,13200,0
2016-03-29,07:35:00,25.15,25.25,25.1,25.25,216600,0
2016-03-29,07:40:00,25.25,25.35,25.25,25.35,23228,0
2016-03-29,07:45:00,25.35,25.4,25.3,25.4,40200,0
2016-03-29,07:50:00,25.4,25.4,25.35,25.4,43800,0
2016-03-29,07:55:00,25.4,25.45,25.4,25.4,9000,0
2016-03-29,08:00:00,25.4,25.45,25.4,25.4,18900,0
2016-03-29,08:05:00,25.4,25.45,25.4,25.4,12000,0
2016-03-29,08:10:00,25.4,25.45,25.35,25.35,33600,0
2016-03-29,08:15:00,25.35,25.35,25.3,25.3,39113,0
2016-03-29,08:20:00,25.3,25.35,25.3,25.35,16800,0
2016-03-29,08:25:00,25.35,25.35,25.3,25.3,45000,0
2016-03-29,08:30:00,25.3,25.35,25.3,25.3,8700,0
2016-03-29,08:35:00,25.3,25.35,25.3,25.35,60900,0
2016-03-29,08:40:00,25.35,25.35,25.3,25.35,47100,0
2016-03-29,08:45:00,25.35,25.35,25.3,25.35,6900,0
2016-03-29,08:50:00,25.35,25.4,25.3,25.3,63000,0
2016-03-29,08:55:00,25.3,25.35,25.3,25.3,6000,0
2016-03-29,09:00:00,25.3,25.35,25.3,25.3,35400,0
2016-03-29,09:05:00,25.3,25.35,25.3,25.35,12300,0
2016-03-29,09:10:00,25.35,25.35,25.3,25.35,12600,0
2016-03-29,09:15:00,25.35,25.35,25.3,25.35,30600,0
2016-03-29,09:20:00,25.35,25.35,25.3,25.35,46200,0
2016-03-29,09:25:00,25.35,25.35,25.3,25.3,56400,0
2016-03-29,09:30:00,25.3,25.35,25.3,25.3,32100,0
2016-03-29,09:35:00,25.3,25.35,25.3,25.35,39300,0
2016-03-29,09:40:00,25.35,25.35,25.3,25.35,113100,0
2016-03-29,09:45:00,25.35,25.35,25.3,25.35,87300,0
2016-03-29,09:50:00,25.35,25.35,25.3,25.3,105900,0
2016-03-29,09:55:00,25.3,25.35,25.3,25.35,75600,0
2016-03-29,10:00:00,25.35,25.4,25.3,25.3,691200,0
2016-03-30,03:35:00,26.15,26.15,26,26,163800,0
2016-03-30,03:40:00,26,26.05,26,26,144500,0
2016-03-30,03:45:00,26,26.05,26,26,33600,0
2016-03-30,03:50:00,26,26.15,26,26.05,62100,0
2016-03-30,03:55:00,26.05,26.1,26.05,26.1,14700,0
2016-03-30,04:00:00,26.1,26.15,26.05,26.1,53100,0
2016-03-30,04:05:00,26.1,26.15,26.05,26.05,138600,0
2016-03-30,04:10:00,26.05,26.1,26.05,26.1,76800,0
2016-03-30,04:15:00,26.1,26.15,26.1,26.15,36600,0
2016-03-30,04:20:00,26.15,26.15,26.1,26.15,19800,0
2016-03-30,04:25:00,26.15,26.2,26.1,26.2,56400,0
2016-03-30,04:30:00,26.2,26.2,26.1,26.15,39900,0
2016-03-30,04:35:00,26.15,26.15,26.1,26.15,68700,0
2016-03-30,04:40:00,26.15,26.15,26.1,26.15,12000,0
2016-03-30,04:45:00,26.15,26.15,26.05,26.05,98100,0
2016-03-30,04:50:00,26.05,26.1,26.05,26.05,12600,0
2016-03-30,04:55:00,26.05,26.1,26.05,26.1,10200,0
2016-03-30,05:00:00,26.1,26.1,26.05,26.05,10800,0
2016-03-30,05:05:00,26.05,26.1,26.05,26.1,30900,0
2016-03-30,05:10:00,26.1,26.1,26.05,26.05,91500,0
2016-03-30,05:15:00,26.05,26.2,26.05,26.1,212400,0
2016-03-30,05:20:00,26.1,26.1,26.1,26.1,5100,0
2016-03-30,05:25:00,26.1,26.15,26.05,26.05,140100,0
2016-03-30,05:30:00,26.05,26.05,26.05,26.05,5100,0
2016-03-30,05:35:00,26.05,26.1,26.05,26.05,9028,0
2016-03-30,05:40:00,26.05,26.15,26.05,26.05,129000,0
2016-03-30,05:45:00,26.05,26.1,26.05,26.1,75600,0
2016-03-30,05:50:00,26.1,26.1,26.05,26.1,35700,0
2016-03-30,05:55:00,26.1,26.1,26.05,26.05,11700,0
2016-03-30,06:00:00,26.05,26.1,26.05,26.1,24900,0
2016-03-30,07:05:00,26.1,26.1,26.1,26.1,30300,0
2016-03-30,07:10:00,26.1,26.1,26.05,26.1,18300,0
2016-03-30,07:15:00,26.1,26.1,26.05,26.05,18900,0
2016-03-30,07:20:00,26.05,26.1,26.05,26.1,18000,0
2016-03-30,07:25:00,26.1,26.1,26.05,26.1,68400,0
2016-03-30,07:30:00,26.1,26.1,26.05,26.1,5400,0
2016-03-30,07:35:00,26.1,26.1,26.05,26.05,77100,0
2016-03-30,07:40:00,26.05,26.1,26.05,26.1,83400,0
2016-03-30,07:45:00,26.1,26.15,26.05,26.15,74400,0
2016-03-30,07:50:00,26.15,26.2,26.1,26.2,81000,0
2016-03-30,07:55:00,26.2,26.3,26.2,26.3,81600,0
2016-03-30,08:00:00,26.3,26.3,26.25,26.25,15300,0
2016-03-30,08:05:00,26.25,26.3,26.25,26.25,92700,0
2016-03-30,08:10:00,26.25,26.3,26.2,26.25,16500,0
2016-03-30,08:15:00,26.25,26.25,26.2,26.25,21600,0
2016-03-30,08:20:00,26.25,26.35,26.2,26.25,64800,0
2016-03-30,08:25:00,26.25,26.3,26.25,26.3,13800,0
2016-03-30,08:30:00,26.3,26.3,26.25,26.3,12000,0
2016-03-30,08:35:00,26.3,26.3,26.25,26.3,78600,0
2016-03-30,08:40:00,26.3,26.3,26.25,26.3,20100,0
2016-03-30,08:45:00,26.3,26.35,26.3,26.35,38100,0
2016-03-30,08:50:00,26.35,26.35,26.15,26.2,179100,0
2016-03-30,08:55:00,26.2,26.25,26.15,26.15,42900,0
2016-03-30,09:00:00,26.15,26.25,26.15,26.15,92935,0
2016-03-30,09:05:00,26.15,26.15,26.1,26.15,55200,0
2016-03-30,09:10:00,26.15,26.15,26.1,26.15,21900,0
2016-03-30,09:15:00,26.15,26.15,26.05,26.05,102000,0
2016-03-30,09:20:00,26.05,26.05,26,26.05,21600,0
2016-03-30,09:25:00,26.05,26.05,26,26.05,26700,0
2016-03-30,09:30:00,26.05,26.05,26,26.05,24300,0
2016-03-30,09:35:00,26.05,26.1,26.05,26.1,10200,0
2016-03-30,09:40:00,26.1,26.1,26.1,26.1,6000,0
2016-03-30,09:45:00,26.1,26.1,26.05,26.1,42600,0
2016-03-30,09:50:00,26.1,26.1,26.05,26.1,18000,0
2016-03-30,09:55:00,26.1,26.1,26.05,26.1,134100,0
2016-03-30,10:00:00,26.1,26.1,26.05,26.1,101100,0
2016-03-31,03:35:00,26.1,26.55,26.1,26.4,156900,0
2016-03-31,03:40:00,26.4,26.4,26.2,26.2,31800,0
2016-03-31,03:45:00,26.2,26.25,26.15,26.15,27900,0
2016-03-31,03:50:00,26.15,26.2,26.15,26.15,17400,0
2016-03-31,03:55:00,26.15,26.15,26.05,26.1,47700,0
2016-03-31,04:05:00,26.1,26.1,26.1,26.1,297,0
2016-03-31,04:10:00,26.1,26.1,26.1,26.1,6300,0
2016-03-31,04:15:00,26.1,26.1,26.05,26.1,12900,0
2016-03-31,04:20:00,26.1,26.1,26.05,26.1,16800,0
2016-03-31,04:25:00,26.1,26.1,26.05,26.1,9600,0
2016-03-31,04:30:00,26.1,26.1,26.05,26.05,11400,0
2016-03-31,04:35:00,26.05,26.1,26.05,26.05,11700,0
2016-03-31,04:40:00,26.05,26.1,26.05,26.05,6000,0
2016-03-31,04:45:00,26.05,26.1,26.05,26.1,2500,0
2016-03-31,04:50:00,26.1,26.1,26.05,26.1,4800,0
2016-03-31,04:55:00,26.1,26.1,26.05,26.1,5400,0
2016-03-31,05:00:00,26.1,26.1,26.05,26.1,8700,0
2016-03-31,05:05:00,26.1,26.1,26.05,26.05,6900,0
2016-03-31,05:10:00,26.05,26.1,26.05,26.1,3900,0
2016-03-31,05:15:00,26.1,26.1,26.05,26.1,7500,0
2016-03-31,05:20:00,26.1,26.1,26.05,26.1,7200,0
2016-03-31,05:25:00,26.1,26.1,26.05,26.05,12600,0
2016-03-31,05:30:00,26.05,26.1,26.05,26.1,3900,0
2016-03-31,05:35:00,26.1,26.1,26.1,26.1,900,0
2016-03-31,05:40:00,26.1,26.1,26.05,26.1,1500,0
2016-03-31,05:45:00,26.1,26.1,26.05,26.1,20700,0
2016-03-31,05:50:00,26.1,26.1,26.1,26.1,1800,0
2016-03-31,05:55:00,26.1,26.1,26.1,26.1,900,0
2016-03-31,06:00:00,26.1,26.1,26.05,26.1,7200,0
2016-03-31,07:05:00,26.1,26.1,26.1,26.1,11400,0
2016-03-31,07:10:00,26.1,26.1,26.05,26.05,27300,0
2016-03-31,07:15:00,26.05,26.1,26.05,26.1,22800,0
2016-03-31,07:20:00,26.1,26.1,26.05,26.1,28800,0
2016-03-31,07:25:00,26.1,26.1,26.05,26.1,24600,0
2016-03-31,07:30:00,26.1,26.1,26.05,26.1,18900,0
2016-03-31,07:35:00,26.1,26.1,26.05,26.1,20700,0
2016-03-31,07:40:00,26.1,26.1,26.05,26.1,38100,0
2016-03-31,07:45:00,26.1,26.1,26.05,26.05,123300,0
2016-03-31,07:50:00,26.05,26.1,26.05,26.05,102300,0
2016-03-31,07:55:00,26.05,26.05,26,26,24013,0
2016-03-31,08:00:00,26,26.05,26,26.05,47100,0
2016-03-31,08:05:00,26.05,26.05,26,26.05,31200,0
2016-03-31,08:10:00,26.05,26.05,26,26.05,20700,0
2016-03-31,08:15:00,26.05,26.05,26,26.05,14700,0
2016-03-31,08:20:00,26.05,26.05,26,26.05,19500,0
2016-03-31,08:25:00,26.05,26.05,26,26,37800,0
2016-03-31,08:30:00,26,26.05,26,26,20400,0
2016-03-31,08:35:00,26,26.05,26,26,72000,0
2016-03-31,08:40:00,26,26.05,25.95,25.95,51200,0
2016-03-31,08:45:00,25.95,26,25.9,25.95,62100,0
2016-03-31,08:50:00,25.95,26,25.95,26,3000,0
2016-03-31,08:55:00,26,26,25.95,26,3600,0
2016-03-31,09:00:00,26,26,25.95,26,4500,0
2016-03-31,09:05:00,26,26,25.95,26,21300,0
2016-03-31,09:10:00,26,26,25.95,26,26400,0
2016-03-31,09:15:00,26,26,25.95,25.95,15300,0
2016-03-31,09:20:00,25.95,26,25.95,25.95,88800,0
2016-03-31,09:25:00,25.95,26,25.95,26,10800,0
2016-03-31,09:30:00,26,26,25.95,25.95,21900,0
2016-03-31,09:35:00,25.95,26,25.95,25.95,41400,0
2016-03-31,09:40:00,25.95,26,25.95,25.95,36600,0
2016-03-31,09:45:00,25.95,26,25.95,26,72600,0
2016-03-31,09:50:00,26,26,25.95,26,59111,0
2016-03-31,09:55:00,26,26,25.95,26,315300,0
2016-03-31,10:00:00,26,26,25.95,26,631800,0
2016-04-01,03:35:00,25.55,25.9,25.55,25.6,356700,0
2016-04-01,03:40:00,25.6,26.35,25.55,26.3,346200,0
2016-04-01,03:45:00,26.3,26.3,25.75,25.9,167400,0
2016-04-01,03:50:00,25.9,26.2,25.85,26.2,152500,0
2016-04-01,03:55:00,26.1,26.15,26.05,26.15,50400,0
2016-04-01,04:00:00,26.15,26.15,25.6,25.8,202800,0
2016-04-01,04:05:00,25.8,26.05,25.8,25.85,21600,0
2016-04-01,04:10:00,25.85,25.85,25.8,25.8,58950,0
2016-04-01,04:15:00,25.8,25.8,25.75,25.75,41700,0
2016-04-01,04:20:00,25.75,25.75,25.65,25.7,50400,0
2016-04-01,04:25:00,25.7,25.7,25.65,25.65,19500,0
2016-04-01,04:30:00,25.65,25.7,25.6,25.6,79800,0
2016-04-01,04:35:00,25.6,25.65,25.6,25.6,12300,0
2016-04-01,04:40:00,25.6,25.65,25.6,25.6,30600,0
2016-04-01,04:45:00,25.6,25.95,25.6,25.95,108900,0
2016-04-01,04:50:00,25.9,25.9,25.75,25.75,61000,0
2016-04-01,04:55:00,25.75,25.8,25.75,25.75,6900,0
2016-04-01,05:00:00,25.75,25.8,25.75,25.75,26495,0
2016-04-01,05:05:00,25.75,25.8,25.75,25.75,26100,0
2016-04-01,05:10:00,25.75,25.8,25.75,25.8,13800,0
2016-04-01,05:15:00,25.8,25.8,25.75,25.75,35100,0
2016-04-01,05:20:00,25.75,25.8,25.75,25.8,1500,0
2016-04-01,05:25:00,25.8,25.8,25.75,25.8,6300,0
2016-04-01,05:30:00,25.8,25.8,25.75,25.8,5700,0
2016-04-01,05:35:00,25.8,25.9,25.75,25.9,75600,0
2016-04-01,05:40:00,25.9,25.9,25.85,25.85,51300,0
2016-04-01,05:45:00,25.85,25.85,25.8,25.8,18600,0
2016-04-01,05:55:00,25.8,25.85,25.8,25.8,20700,0
2016-04-01,06:00:00,25.8,25.85,25.8,25.85,15300,0
2016-04-01,07:05:00,25.85,25.9,25.8,25.9,52800,0
2016-04-01,07:10:00,25.9,25.9,25.85,25.9,4800,0
2016-04-01,07:15:00,25.9,25.95,25.85,25.9,69000,0
2016-04-01,07:20:00,25.9,25.9,25.75,25.75,68100,0
2016-04-01,07:25:00,25.75,25.85,25.75,25.85,95400,0
2016-04-01,07:30:00,25.85,25.9,25.85,25.85,31500,0
2016-04-01,07:35:00,25.85,25.9,25.85,25.9,3000,0
2016-04-01,07:40:00,25.9,25.9,25.85,25.85,5100,0
2016-04-01,07:45:00,25.85,25.9,25.85,25.9,9600,0
2016-04-01,07:50:00,25.9,25.9,25.85,25.9,9000,0
2016-04-01,07:55:00,25.9,25.9,25.85,25.85,10800,0
2016-04-01,08:00:00,25.85,25.9,25.85,25.9,3600,0
2016-04-01,08:05:00,25.9,25.9,25.85,25.85,12000,0
2016-04-01,08:10:00,25.85,25.9,25.85,25.9,7200,0
2016-04-01,08:15:00,25.9,25.9,25.85,25.9,3600,0
2016-04-01,08:20:00,25.9,25.9,25.85,25.9,13500,0
2016-04-01,08:25:00,25.9,25.9,25.85,25.85,6600,0
2016-04-01,08:30:00,25.85,25.9,25.85,25.9,3900,0
2016-04-01,08:35:00,25.9,25.9,25.9,25.9,5700,0
2016-04-01,08:40:00,25.9,26,25.85,25.9,526200,0
2016-04-01,08:45:00,25.95,26,25.95,26,5400,0
2016-04-01,08:50:00,26,26,25.9,25.9,86400,0
2016-04-01,08:55:00,25.9,25.9,25.85,25.85,23100,0
2016-04-01,09:00:00,25.85,25.9,25.7,25.9,346200,0
2016-04-01,09:05:00,25.9,25.9,25.75,25.75,12300,0
2016-04-01,09:10:00,25.75,25.75,25.65,25.75,54900,0
2016-04-01,09:15:00,25.75,25.75,25.7,25.75,4500,0
2016-04-01,09:20:00,25.75,25.75,25.7,25.75,2700,0
2016-04-01,09:25:00,25.75,25.75,25.7,25.75,20400,0
2016-04-01,09:30:00,25.75,25.8,25.7,25.8,19500,0
2016-04-01,09:35:00,25.8,25.85,25.75,25.85,114900,0
2016-04-01,09:40:00,25.85,25.85,25.8,25.8,47100,0
2016-04-01,09:45:00,25.8,25.8,25.6,25.6,119400,0
2016-04-01,09:50:00,25.6,25.7,25.6,25.65,66000,0
2016-04-01,09:55:00,25.65,25.7,25.6,25.65,59400,0
2016-04-01,10:00:00,25.65,25.75,25.6,25.6,369600,0
2016-04-05,03:35:00,25.05,25.6,25.05,25.3,236208,0
2016-04-05,03:40:00,25.3,26,25.2,25.65,249900,0
2016-04-05,03:45:00,25.6,25.6,25.5,25.5,61800,0
2016-04-05,03:50:00,25.5,25.55,25.5,25.5,26865,0
2016-04-05,03:55:00,25.5,25.55,25.4,25.4,114300,0
2016-04-05,04:00:00,25.4,25.45,25.4,25.4,22800,0
2016-04-05,04:05:00,25.4,25.45,25.4,25.45,20100,0
2016-04-05,04:10:00,25.45,25.75,25.4,25.4,333300,0
2016-04-05,04:15:00,25.4,25.9,25.4,25.9,123900,0
2016-04-05,04:20:00,25.9,25.9,25.5,25.5,90900,0
2016-04-05,04:25:00,25.5,25.55,25.5,25.55,16500,0
2016-04-05,04:30:00,25.55,25.8,25.5,25.55,153600,0
2016-04-05,04:35:00,25.55,25.75,25.5,25.75,36300,0
2016-04-05,04:40:00,25.75,25.75,25.55,25.55,113100,0
2016-04-05,04:45:00,25.55,25.65,25.55,25.6,58200,0
2016-04-05,04:50:00,25.6,25.65,25.6,25.6,10500,0
2016-04-05,04:55:00,25.6,25.7,25.6,25.7,81300,0
2016-04-05,05:00:00,25.7,25.75,25.65,25.7,21600,0
2016-04-05,05:05:00,25.7,25.95,25.7,25.95,28800,0
2016-04-05,05:10:00,25.95,26,25.95,26,139500,0
2016-04-05,05:15:00,26,26.05,25.95,26.05,93900,0
2016-04-05,05:20:00,26.05,26.15,26,26,138600,0
2016-04-05,05:25:00,26,26.1,25.95,26.1,60300,0
2016-04-05,05:30:00,26.1,26.2,26.1,26.2,40800,0
2016-04-05,05:35:00,26.2,26.3,26.15,26.3,81300,0
2016-04-05,05:40:00,26.3,26.3,25.95,26.1,361000,0
2016-04-05,05:45:00,26.1,26.15,26.05,26.15,47400,0
2016-04-05,05:50:00,26.15,26.15,26.1,26.1,71300,0
2016-04-05,05:55:00,26.1,26.15,26.1,26.15,64500,0
2016-04-05,06:00:00,26.15,26.15,26.1,26.1,144900,0
2016-04-05,07:05:00,26.1,26.15,26.05,26.05,34800,0
2016-04-05,07:10:00,26.05,26.1,26.05,26.1,55800,0
2016-04-05,07:15:00,26.1,26.1,25.9,25.95,138600,0
2016-04-05,07:20:00,25.95,25.95,25.8,25.8,78000,0
2016-04-05,07:25:00,25.8,25.9,25.75,25.75,174900,0
2016-04-05,07:30:00,25.75,25.75,25.7,25.7,69300,0
2016-04-05,07:35:00,25.7,25.75,25.55,25.65,282000,0
2016-04-05,07:40:00,25.65,25.8,25.65,25.8,99000,0
2016-04-05,07:45:00,25.8,25.8,25.75,25.75,36300,0
2016-04-05,07:50:00,25.75,25.75,25.75,25.75,68700,0
2016-04-05,07:55:00,25.75,25.75,25.7,25.7,30600,0
2016-04-05,08:00:00,25.7,25.75,25.7,25.7,20000,0
2016-04-05,08:05:00,25.7,25.95,25.7,25.95,194100,0
2016-04-05,08:10:00,25.95,25.95,25.9,25.9,69000,0
2016-04-05,08:15:00,25.9,25.95,25.85,25.9,92700,0
2016-04-05,08:20:00,25.9,25.95,25.9,25.95,22800,0
2016-04-05,08:25:00,25.95,26,25.95,26,362830,0
2016-04-05,08:30:00,26,26,25.95,25.95,24900,0
2016-04-05,08:35:00,25.95,25.95,25.95,25.95,24300,0
2016-04-05,08:40:00,25.95,26,25.95,25.95,45600,0
2016-04-05,08:45:00,25.95,26,25.95,25.95,34800,0
2016-04-05,08:50:00,25.95,25.95,25.95,25.95,31500,0
2016-04-05,08:55:00,25.95,26,25.95,25.95,52500,0
2016-04-05,09:00:00,25.95,26,25.95,25.95,101100,0
2016-04-05,09:05:00,25.95,26,25.95,25.95,41700,0
2016-04-05,09:10:00,25.95,25.95,25.95,25.95,40200,0
2016-04-05,09:15:00,25.95,26,25.95,25.95,44700,0
2016-04-05,09:20:00,25.95,25.95,25.95,25.95,38400,0
2016-04-05,09:25:00,25.95,25.95,25.95,25.95,60000,0
2016-04-05,09:30:00,25.95,26,25.95,25.95,86100,0
2016-04-05,09:35:00,25.95,26,25.95,26,410400,0
2016-04-05,09:40:00,26,26,25.95,26,44498,0
2016-04-05,09:45:00,26,26,25.95,25.95,254700,0
2016-04-05,09:50:00,25.95,26,25.85,25.85,154700,0
2016-04-05,09:55:00,25.85,25.9,25.85,25.85,223200,0
2016-04-05,10:00:00,25.85,26,25.8,26,1141200,0
2016-04-06,03:35:00,25.65,25.9,25.6,25.7,25500,0
2016-04-06,03:40:00,25.7,25.95,25.65,25.85,77433,0
2016-04-06,03:45:00,25.85,25.95,25.8,25.8,10200,0
2016-04-06,03:50:00,25.8,25.85,25.75,25.75,25500,0
2016-04-06,03:55:00,25.75,25.8,25.75,25.75,29700,0
2016-04-06,04:00:00,25.75,25.75,25.65,25.65,53100,0
2016-04-06,04:05:00,25.65,25.7,25.65,25.65,17400,0
2016-04-06,04:10:00,25.65,25.7,25.65,25.65,30300,0
2016-04-06,04:15:00,25.65,25.7,25.65,25.7,4500,0
2016-04-06,04:20:00,25.7,25.7,25.65,25.65,12000,0
2016-04-06,04:25:00,25.65,25.7,25.65,25.65,5100,0
2016-04-06,04:30:00,25.65,25.7,25.6,25.6,26100,0
2016-04-06,04:35:00,25.6,25.7,25.6,25.65,24900,0
2016-04-06,04:40:00,25.65,25.65,25.55,25.55,26100,0
2016-04-06,04:45:00,25.55,25.55,25.55,25.55,1200,0
2016-04-06,04:50:00,25.55,25.65,25.55,25.65,43500,0
2016-04-06,04:55:00,25.65,25.65,25.65,25.65,6300,0
2016-04-06,05:00:00,25.65,25.65,25.6,25.6,7500,0
2016-04-06,05:05:00,25.6,25.65,25.6,25.65,22200,0
2016-04-06,05:10:00,25.65,25.65,25.6,25.6,13800,0
2016-04-06,05:15:00,25.6,25.6,25.55,25.55,20100,0
2016-04-06,05:20:00,25.55,25.55,25.55,25.55,9000,0
2016-04-06,05:25:00,25.55,25.55,25.55,25.55,3300,0
2016-04-06,05:30:00,25.55,25.55,25.55,25.55,5100,0
2016-04-06,05:35:00,25.55,25.55,25.5,25.5,12300,0
2016-04-06,05:40:00,25.5,25.55,25.5,25.55,3000,0
2016-04-06,05:45:00,25.55,25.55,25.5,25.5,19500,0
2016-04-06,05:50:00,25.5,25.55,25.5,25.5,9300,0
2016-04-06,05:55:00,25.5,25.55,25.5,25.5,7500,0
2016-04-06,06:00:00,25.5,25.8,25.5,25.65,90000,0
2016-04-06,07:05:00,25.65,25.8,25.5,25.65,130300,0
2016-04-06,07:10:00,25.65,25.7,25.55,25.55,9900,0
2016-04-06,07:15:00,25.55,25.55,25.5,25.5,20100,0
2016-04-06,07:20:00,25.5,25.5,25.45,25.45,24043,0
2016-04-06,07:25:00,25.45,25.45,25.45,25.45,24600,0
2016-04-06,07:30:00,25.45,25.45,25.4,25.4,23700,0
2016-04-06,07:35:00,25.4,25.45,25.4,25.45,51000,0
2016-04-06,07:40:00,25.45,25.65,25.4,25.65,105600,0
2016-04-06,07:45:00,25.65,25.75,25.65,25.65,25200,0
2016-04-06,07:50:00,25.65,25.65,25.45,25.45,37200,0
2016-04-06,07:55:00,25.45,25.5,25.4,25.5,36900,0
2016-04-06,08:00:00,25.5,25.5,25.4,25.45,24300,0
2016-04-06,08:05:00,25.45,25.45,25.4,25.4,16200,0
2016-04-06,08:10:00,25.4,25.45,25.4,25.4,27300,0
2016-04-06,08:15:00,25.4,25.4,25.35,25.35,39300,0
2016-04-06,08:20:00,25.35,25.5,25.35,25.5,34800,0
2016-04-06,08:25:00,25.5,25.55,25.5,25.55,39300,0
2016-04-06,08:30:00,25.55,25.55,25.5,25.5,12900,0
2016-04-06,08:35:00,25.5,25.5,25.5,25.5,13800,0
2016-04-06,08:40:00,25.5,25.5,25.45,25.45,23400,0
2016-04-06,08:45:00,25.45,25.45,25.45,25.45,18300,0
2016-04-06,08:50:00,25.45,25.5,25.35,25.5,102600,0
2016-04-06,08:55:00,25.5,25.5,25.5,25.5,1400,0
2016-04-06,09:00:00,25.5,25.5,25.45,25.45,18900,0
2016-04-06,09:05:00,25.45,25.45,25.45,25.45,18900,0
2016-04-06,09:10:00,25.45,25.45,25.4,25.4,53700,0
2016-04-06,09:15:00,25.4,25.5,25.4,25.5,66300,0
2016-04-06,09:20:00,25.5,25.5,25.45,25.45,20100,0
2016-04-06,09:25:00,25.45,25.45,25.45,25.45,15228,0
2016-04-06,09:30:00,25.45,25.45,25.4,25.45,36900,0
2016-04-06,09:35:00,25.45,25.5,25.45,25.45,34800,0
2016-04-06,09:40:00,25.45,25.5,25.45,25.5,58800,0
2016-04-06,09:45:00,25.5,25.5,25.4,25.45,71700,0
2016-04-06,09:50:00,25.45,25.65,25.45,25.55,126800,0
2016-04-06,09:55:00,25.55,25.55,25.5,25.55,58500,0
2016-04-06,10:00:00,25.55,25.65,25.5,25.55,359700,0
2016-04-07,03:35:00,25.35,25.55,25.15,25.35,118820,0
2016-04-07,03:40:00,25.35,25.65,25.3,25.5,175608,0
2016-04-07,03:45:00,25.5,25.55,25.4,25.4,39900,0
2016-04-07,03:50:00,25.4,25.6,25.4,25.6,118200,0
2016-04-07,03:55:00,25.6,25.65,25.45,25.65,140080,0
2016-04-07,04:00:00,25.65,25.65,25.6,25.6,21900,0
2016-04-07,04:05:00,25.6,25.65,25.55,25.6,55500,0
2016-04-07,04:10:00,25.6,25.6,25.55,25.55,3600,0
2016-04-07,04:15:00,25.55,25.6,25.55,25.55,3300,0
2016-04-07,04:20:00,25.55,25.6,25.55,25.6,55800,0
2016-04-07,04:25:00,25.6,25.65,25.55,25.65,28500,0
2016-04-07,04:30:00,25.65,25.7,25.65,25.65,7800,0
2016-04-07,04:35:00,25.65,25.7,25.65,25.7,14700,0
2016-04-07,04:40:00,25.7,25.7,25.7,25.7,34900,0
2016-04-07,04:45:00,25.7,25.7,25.7,25.7,23326,0
2016-04-07,04:50:00,25.7,25.7,25.65,25.65,4200,0
2016-04-07,04:55:00,25.65,25.7,25.65,25.65,45300,0
2016-04-07,05:00:00,25.65,25.7,25.6,25.65,54000,0
2016-04-07,05:05:00,25.65,25.65,25.6,25.6,18600,0
2016-04-07,05:10:00,25.6,25.6,25.6,25.6,600,0
2016-04-07,05:15:00,25.6,25.65,25.6,25.65,900,0
2016-04-07,05:20:00,25.65,25.65,25.6,25.6,16500,0
2016-04-07,05:25:00,25.6,25.6,25.6,25.6,900,0
2016-04-07,05:35:00,25.6,25.65,25.6,25.6,1500,0
2016-04-07,05:40:00,25.6,25.65,25.6,25.6,24300,0
2016-04-07,05:45:00,25.6,25.6,25.6,25.6,600,0
2016-04-07,05:50:00,25.6,25.65,25.6,25.6,8700,0
2016-04-07,05:55:00,25.6,25.65,25.6,25.65,3000,0
2016-04-07,06:00:00,25.65,25.65,25.55,25.55,121500,0
2016-04-07,07:05:00,25.55,25.6,25.55,25.55,26100,0
2016-04-07,07:10:00,25.55,25.7,25.55,25.7,64200,0
2016-04-07,07:15:00,25.7,25.7,25.7,25.7,3000,0
2016-04-07,07:20:00,25.7,25.7,25.7,25.7,900,0
2016-04-07,07:25:00,25.7,25.7,25.65,25.65,32100,0
2016-04-07,07:30:00,25.65,25.7,25.65,25.65,32400,0
2016-04-07,07:35:00,25.65,25.65,25.55,25.65,23400,0
2016-04-07,07:40:00,25.65,25.65,25.6,25.6,7500,0
2016-04-07,07:45:00,25.6,25.65,25.6,25.65,11700,0
2016-04-07,07:50:00,25.65,25.65,25.55,25.55,13500,0
2016-04-07,07:55:00,25.55,25.65,25.55,25.6,30600,0
2016-04-07,08:00:00,25.6,25.6,25.6,25.6,1500,0
2016-04-07,08:05:00,25.6,25.65,25.6,25.65,1500,0
2016-04-07,08:10:00,25.65,25.65,25.6,25.6,24600,0
2016-04-07,08:15:00,25.6,25.65,25.6,25.65,9300,0
2016-04-07,08:20:00,25.65,25.65,25.6,25.65,5400,0
2016-04-07,08:25:00,25.65,25.7,25.6,25.7,38700,0
2016-04-07,08:30:00,25.7,25.7,25.65,25.65,83100,0
2016-04-07,08:35:00,25.65,25.65,25.65,25.65,4500,0
2016-04-07,08:40:00,25.65,25.7,25.65,25.65,10800,0
2016-04-07,08:45:00,25.65,25.7,25.65,25.65,11100,0
2016-04-07,08:50:00,25.65,25.7,25.55,25.55,64500,0
2016-04-07,08:55:00,25.55,25.65,25.55,25.65,39000,0
2016-04-07,09:00:00,25.65,25.65,25.65,25.65,600,0
2016-04-07,09:05:00,25.65,25.65,25.6,25.6,26700,0
2016-04-07,09:10:00,25.6,25.65,25.6,25.65,1200,0
2016-04-07,09:15:00,25.65,25.65,25.55,25.6,55200,0
2016-04-07,09:20:00,25.6,25.6,25.6,25.6,1200,0
2016-04-07,09:25:00,25.6,25.6,25.55,25.6,156900,0
2016-04-07,09:30:00,25.6,25.6,25.6,25.6,900,0
2016-04-07,09:35:00,25.6,25.6,25.55,25.6,7500,0
2016-04-07,09:40:00,25.6,25.6,25.55,25.6,36900,0
2016-04-07,09:45:00,25.6,25.6,25.55,25.6,39300,0
2016-04-07,09:50:00,25.6,25.6,25.55,25.6,43200,0
2016-04-07,09:55:00,25.6,25.6,25.55,25.6,85200,0
2016-04-07,10:00:00,25.6,25.7,25.55,25.55,523500,0
2016-04-08,03:35:00,25.25,25.9,25.25,25.4,157700,0
2016-04-08,03:40:00,25.4,25.4,25.35,25.4,12900,0
2016-04-08,03:45:00,25.4,25.45,25.35,25.45,23700,0
2016-04-08,03:50:00,25.45,25.45,25.3,25.3,42600,0
2016-04-08,03:55:00,25.3,25.3,25.25,25.25,32700,0
2016-04-08,04:00:00,25.25,25.25,25.2,25.2,26400,0
2016-04-08,04:05:00,25.2,25.2,25.15,25.2,9900,0
2016-04-08,04:10:00,25.2,25.25,25.15,25.25,41700,0
2016-04-08,04:15:00,25.25,25.3,25.25,25.25,12600,0
2016-04-08,04:20:00,25.25,25.25,25.2,25.2,19200,0
2016-04-08,04:25:00,25.2,25.2,25.2,25.2,93600,0
2016-04-08,04:30:00,25.2,25.2,25.15,25.2,3900,0
2016-04-08,04:35:00,25.2,25.2,25.15,25.15,7500,0
2016-04-08,04:40:00,25.15,25.2,25.1,25.15,43800,0
2016-04-08,04:45:00,25.15,25.15,25.1,25.1,48600,0
2016-04-08,05:55:00,25.05,25.1,25.05,25.1,12600,0
2016-04-08,07:05:00,25.05,25.1,25.05,25.1,21000,0
2016-04-08,07:10:00,25.05,25.25,25.05,25.15,197100,0
2016-04-08,07:15:00,25.15,25.2,25.15,25.2,27000,0
2016-04-08,07:20:00,25.2,25.2,25.15,25.15,17100,0
2016-04-08,07:25:00,25.15,25.15,25.1,25.15,178200,0
2016-04-08,07:30:00,25.15,25.2,25.1,25.15,116100,0
2016-04-08,07:35:00,25.15,25.25,25.15,25.15,156000,0
2016-04-08,07:40:00,25.15,25.15,25.1,25.15,39300,0
2016-04-08,07:45:00,25.15,25.15,25.1,25.1,31500,0
2016-04-08,07:50:00,25.1,25.15,25.1,25.1,29100,0
2016-04-08,07:55:00,25.1,25.15,25.1,25.1,39600,0
2016-04-08,08:00:00,25.1,25.15,25.05,25.15,104100,0
2016-04-08,08:05:00,25.15,25.15,25.1,25.1,6900,0
2016-04-08,08:10:00,25.1,25.15,25.1,25.1,6300,0
2016-04-08,08:15:00,25.1,25.15,25.05,25.1,6000,0
2016-04-08,08:20:00,25.05,25.1,25.05,25.1,600,0
2016-04-08,08:25:00,25.05,25.1,25.05,25.1,13800,0
2016-04-08,08:30:00,25.05,25.1,25.05,25.1,6000,0
2016-04-08,09:25:00,25,25.1,25,25.1,105600,0
2016-04-08,09:30:00,25.05,25.1,25.05,25.1,900,0
2016-04-08,09:35:00,25.1,25.1,25.1,25.1,3000,0
2016-04-08,09:40:00,25.05,25.1,25.05,25.1,22800,0
2016-04-08,09:45:00,25.05,25.1,25.05,25.1,209100,0
2016-04-08,09:50:00,25.1,25.15,25.1,25.1,126600,0
2016-04-08,09:55:00,25.1,25.15,25.1,25.15,75300,0
2016-04-08,10:00:00,25.15,25.15,25.05,25.1,196200,0
2016-04-11,03:35:00,25,25.05,24.9,24.95,116700,0
2016-04-11,03:40:00,24.95,25.05,24.95,25,38700,0
2016-04-11,03:45:00,25,25.05,25,25.05,30000,0
2016-04-11,03:50:00,25.05,25.1,25,25.05,66900,0
2016-04-11,03:55:00,25.05,25.15,25,25.15,43800,0
2016-04-11,04:00:00,25.15,25.2,25.15,25.2,4800,0
2016-04-11,04:05:00,25.2,25.35,25.2,25.25,34800,0
2016-04-11,04:10:00,25.25,25.25,25.2,25.2,23100,0
2016-04-11,04:15:00,25.2,25.25,25.15,25.2,24900,0
2016-04-11,04:20:00,25.2,25.2,25.15,25.15,14700,0
2016-04-11,04:25:00,25.15,25.2,25.15,25.2,6900,0
2016-04-11,04:30:00,25.2,25.2,25.15,25.15,12900,0
2016-04-11,04:35:00,25.15,25.2,25.15,25.15,12700,0
2016-04-11,04:40:00,25.15,25.2,25.15,25.15,5400,0
2016-04-11,04:45:00,25.15,25.2,25.15,25.2,28200,0
2016-04-11,04:50:00,25.2,25.2,25.15,25.15,23700,0
2016-04-11,04:55:00,25.15,25.2,25.15,25.2,11700,0
2016-04-11,05:00:00,25.2,25.2,25.15,25.2,13500,0
2016-04-11,05:05:00,25.2,25.45,25.15,25.35,128700,0
2016-04-11,05:15:00,25.35,25.35,25.3,25.35,21900,0
2016-04-11,05:20:00,25.35,25.35,25.3,25.35,22200,0
2016-04-11,05:25:00,25.35,25.4,25.35,25.35,41100,0
2016-04-11,05:30:00,25.35,25.35,25.3,25.3,15600,0
2016-04-11,05:35:00,25.3,25.3,25.25,25.25,42000,0
2016-04-11,05:40:00,25.25,25.3,25.25,25.3,9300,0
2016-04-11,05:45:00,25.3,25.3,25.25,25.3,17700,0
2016-04-11,05:50:00,25.3,25.3,25.25,25.25,28200,0
2016-04-11,05:55:00,25.25,25.3,25.25,25.3,14700,0
2016-04-11,06:00:00,25.3,25.35,25.25,25.35,23700,0
2016-04-11,07:05:00,25.35,25.35,25.3,25.3,17400,0
2016-04-11,07:10:00,25.3,25.35,25.3,25.3,42900,0
2016-04-11,07:15:00,25.3,25.35,25.3,25.3,22200,0
2016-04-11,07:20:00,25.3,25.35,25.3,25.35,3600,0
2016-04-11,07:25:00,25.35,25.35,25.3,25.35,23400,0
2016-04-11,07:30:00,25.35,25.35,25.35,25.35,8100,0
2016-04-11,07:35:00,25.35,25.35,25.3,25.35,30900,0
2016-04-11,07:40:00,25.35,25.35,25.3,25.35,12900,0
2016-04-11,07:45:00,25.35,25.35,25.3,25.35,12600,0
2016-04-11,07:50:00,25.35,25.35,25.3,25.3,9900,0
2016-04-11,07:55:00,25.3,25.35,25.3,25.35,8100,0
2016-04-11,08:00:00,25.35,25.35,25.3,25.35,18000,0
2016-04-11,08:05:00,25.35,25.35,25.35,25.35,7200,0
2016-04-11,08:10:00,25.35,25.35,25.3,25.35,13800,0
2016-04-11,08:15:00,25.35,25.35,25.3,25.35,7200,0
2016-04-11,08:20:00,25.35,25.35,25.3,25.35,25500,0
2016-04-11,08:25:00,25.35,25.35,25.35,25.35,3000,0
2016-04-11,08:30:00,25.35,25.35,25.3,25.3,11100,0
2016-04-11,08:35:00,25.3,25.35,25.3,25.35,5700,0
2016-04-11,08:40:00,25.35,25.35,25.3,25.3,21000,0
2016-04-11,08:45:00,25.3,25.3,25.25,25.25,60300,0
2016-04-11,08:50:00,25.25,25.3,25.25,25.3,10800,0
2016-04-11,08:55:00,25.3,25.3,25.25,25.3,20400,0
2016-04-11,09:00:00,25.3,25.3,25.2,25.25,38700,0
2016-04-11,09:05:00,25.25,25.25,25.2,25.25,31200,0
2016-04-11,09:10:00,25.25,25.3,25.2,25.2,38400,0
2016-04-11,09:15:00,25.2,25.25,25.2,25.25,9900,0
2016-04-11,09:20:00,25.25,25.25,25.2,25.25,15300,0
2016-04-11,09:25:00,25.25,25.25,25.2,25.25,11490,0
2016-04-11,09:30:00,25.25,25.25,25.2,25.25,24300,0
2016-04-11,09:35:00,25.25,25.25,25.1,25.1,93600,0
2016-04-11,09:40:00,25.15,25.2,25.15,25.15,12900,0
2016-04-11,09:45:00,25.15,25.2,25.1,25.1,27300,0
2016-04-11,09:50:00,25.1,25.15,25.1,25.15,33000,0
2016-04-11,09:55:00,25.15,25.15,25,25.05,217500,0
2016-04-11,10:00:00,25.05,25.1,24.95,25.05,666000,0
2016-04-12,03:35:00,24.85,25.1,24.85,25.05,105713,0
2016-04-12,03:40:00,25.05,25.05,25,25,42400,0
2016-04-12,03:45:00,25,25,24.9,24.9,45900,0
2016-04-12,03:50:00,24.9,25.05,24.9,25,43800,0
2016-04-12,03:55:00,25,25.05,24.95,25,49500,0
2016-04-12,04:00:00,25,25.05,24.95,24.95,16000,0
2016-04-12,04:05:00,24.95,25,24.9,24.95,127500,0
2016-04-12,04:10:00,24.95,25,24.9,24.95,48900,0
2016-04-12,04:15:00,24.95,24.95,24.9,24.9,14700,0
2016-04-12,04:20:00,24.9,25,24.9,25,75300,0
2016-04-12,04:25:00,25,25,25,25,10800,0
2016-04-12,04:30:00,25,25,24.95,24.95,23700,0
2016-04-12,04:35:00,24.95,25,24.95,24.95,25500,0
2016-04-12,04:40:00,24.95,25.05,24.95,25.05,58800,0
2016-04-12,04:45:00,25.05,25.05,25,25.05,20100,0
2016-04-12,04:50:00,25.05,25.05,25,25,25500,0
2016-04-12,04:55:00,25,25.05,25,25,12300,0
2016-04-12,05:00:00,25,25.05,25,25,36000,0
2016-04-12,05:05:00,25,25,25,25,19800,0
2016-04-12,05:10:00,25,25.05,25,25,14400,0
2016-04-12,05:15:00,25,25,25,25,15300,0
2016-04-12,05:20:00,25,25.05,25,25,65400,0
2016-04-12,05:25:00,25,25,25,25,21300,0
2016-04-12,05:30:00,25,25,25,25,9600,0
2016-04-12,05:35:00,25,25,25,25,15300,0
2016-04-12,05:40:00,25,25.05,25,25,23100,0
2016-04-12,05:45:00,25,25.05,25,25,30900,0
2016-04-12,05:50:00,25,25,25,25,11700,0
2016-04-12,05:55:00,25,25.05,25,25.05,25200,0
2016-04-12,06:00:00,25.05,25.05,25,25.05,21900,0
2016-04-12,07:05:00,25.05,25.05,25,25,43800,0
2016-04-12,07:10:00,25,25.05,25,25,14100,0
2016-04-12,07:15:00,25,25.05,25,25.05,600,0
2016-04-12,07:20:00,25.05,25.05,25,25,2100,0
2016-04-12,07:25:00,25,25.05,25,25.05,102300,0
2016-04-12,07:30:00,25,25,24.95,24.95,600,0
2016-04-12,07:35:00,24.95,25,24.95,25,5100,0
2016-04-12,07:40:00,25,25.1,24.95,25.1,240000,0
2016-04-12,07:45:00,25.1,25.15,25.1,25.1,41100,0
2016-04-12,07:50:00,25.1,25.1,25.05,25.05,10200,0
2016-04-12,07:55:00,25.05,25.1,25.05,25.05,52500,0
2016-04-12,08:00:00,25.05,25.1,25.05,25.1,8400,0
2016-04-12,08:05:00,25.1,25.1,25.05,25.05,9300,0
2016-04-12,08:10:00,25.05,25.05,25,25,24300,0
2016-04-12,08:15:00,25,25,25,25,18000,0
2016-04-12,08:20:00,25,25.05,25,25.05,17700,0
2016-04-12,08:25:00,25.05,25.05,25,25,19200,0
2016-04-12,08:30:00,25,25.05,25,25,7200,0
2016-04-12,08:35:00,25,25.05,25,25,11700,0
2016-04-12,08:40:00,25,25.05,25,25.05,35700,0
2016-04-12,08:45:00,25.05,25.05,25,25,18900,0
2016-04-12,08:50:00,25,25.05,25,25,25200,0
2016-04-12,08:55:00,25,25.05,25,25.05,66000,0
2016-04-12,09:00:00,25.05,25.1,25.05,25.1,3600,0
2016-04-12,09:05:00,25.1,25.1,25.05,25.05,21600,0
2016-04-12,09:10:00,25.05,25.05,25.05,25.05,7809,0
2016-04-12,09:15:00,25.05,25.05,25.05,25.05,14100,0
2016-04-12,09:20:00,25.05,25.05,25.05,25.05,43500,0
2016-04-12,09:25:00,25.05,25.05,25,25.05,8400,0
2016-04-12,09:30:00,25.05,25.05,25,25,8700,0
2016-04-12,09:35:00,25,25.05,25,25.05,132300,0
2016-04-12,09:40:00,25.05,25.05,25.05,25.05,45900,0
2016-04-12,09:45:00,25.05,25.1,25.05,25.05,7500,0
2016-04-12,09:50:00,25.05,25.1,25,25.05,137700,0
2016-04-12,09:55:00,25.05,25.05,25,25.05,141000,0
2016-04-12,10:00:00,25.05,25.15,24.95,25.05,987000,0
2016-04-13,03:35:00,25.2,25.45,24.55,24.85,263400,0
2016-04-13,03:40:00,24.85,24.9,24.8,24.9,33300,0
2016-04-13,03:45:00,24.9,25,24.85,25,131400,0
2016-04-13,03:50:00,25,25.05,25,25.05,17400,0
2016-04-13,03:55:00,25.05,25.05,25,25,16800,0
2016-04-13,04:00:00,25,25.05,25,25.05,68145,0
2016-04-13,04:05:00,25.05,25.15,25,25.1,79200,0
2016-04-13,04:10:00,25.1,25.15,25.1,25.15,9200,0
2016-04-13,04:15:00,25.15,25.25,25.1,25.15,77700,0
2016-04-13,04:20:00,25.15,25.15,25.15,25.15,4500,0
2016-04-13,04:25:00,25.15,25.15,25.1,25.1,14100,0
2016-04-13,04:30:00,25.1,25.15,25.05,25.05,24300,0
2016-04-13,04:35:00,25.05,25.1,25.05,25.1,7200,0
2016-04-13,04:40:00,25.1,25.1,25.05,25.05,24600,0
2016-04-13,04:45:00,25.05,25.05,25,25,35400,0
2016-04-13,04:50:00,25,25.05,25,25,24300,0
2016-04-13,04:55:00,25,25.05,25,25.05,38800,0
2016-04-13,05:00:00,25.05,25.05,25,25.05,105000,0
2016-04-13,05:05:00,25.05,25.05,25,25.05,20700,0
2016-04-13,05:10:00,25.05,25.05,25,25.05,9600,0
2016-04-13,05:15:00,25.05,25.05,25,25,33600,0
2016-04-13,05:20:00,25,25.05,25,25.05,21000,0
2016-04-13,05:25:00,25.05,25.05,25,25.05,26000,0
2016-04-13,05:30:00,25.05,25.05,25,25,32400,0
2016-04-13,05:35:00,25,25.05,25,25,23700,0
2016-04-13,05:40:00,25,25.05,25,25,49200,0
2016-04-13,05:45:00,25,25.05,25,25.05,31800,0
2016-04-13,05:50:00,25.05,25.05,25,25,25200,0
2016-04-13,05:55:00,25,25.05,25,25.05,57300,0
2016-04-13,06:00:00,25.05,25.05,25,25,31500,0
2016-04-13,07:05:00,25,25.05,25,25,76200,0
2016-04-13,07:10:00,25,25.05,25,25.05,39600,0
2016-04-13,07:15:00,25.05,25.05,25,25.05,45900,0
2016-04-13,07:20:00,25.05,25.05,25,25.05,29700,0
2016-04-13,07:25:00,25.05,25.05,25,25.05,60600,0
2016-04-13,07:30:00,25.05,25.05,25,25.05,25800,0
2016-04-13,07:35:00,25.05,25.05,25,25,30600,0
2016-04-13,07:40:00,25,25.1,25,25.05,297015,0
2016-04-13,07:45:00,25.05,25.05,25,25,13500,0
2016-04-13,07:50:00,25,25.05,25,25,17100,0
2016-04-13,07:55:00,25,25.05,25,25.05,21000,0
2016-04-13,08:00:00,25.05,25.05,25,25.05,30000,0
2016-04-13,08:05:00,25.05,25.05,25,25,22200,0
2016-04-13,08:10:00,25,25.05,25,25.05,24000,0
2016-04-13,08:15:00,25.05,25.05,25,25,18600,0
2016-04-13,08:20:00,25,25.05,25,25.05,28200,0
2016-04-13,08:25:00,25.05,25.05,25,25,64800,0
2016-04-13,08:30:00,25,25.05,25,25.05,31500,0
2016-04-13,08:35:00,25.05,25.05,25,25,14700,0
2016-04-13,08:40:00,25,25.05,25,25.05,31800,0
2016-04-13,08:45:00,25.05,25.05,25,25,22800,0
2016-04-13,08:50:00,25,25.05,25,25.05,21900,0
2016-04-13,08:55:00,25.05,25.05,25,25.05,20400,0
2016-04-13,09:00:00,25.05,25.05,25,25.05,24300,0
2016-04-13,09:05:00,25.05,25.05,25,25.05,28200,0
2016-04-13,09:10:00,25.05,25.15,25,25.15,251100,0
2016-04-13,09:15:00,25.15,25.15,25.1,25.15,117300,0
2016-04-13,09:20:00,25.15,25.15,25.1,25.15,25500,0
2016-04-13,09:25:00,25.15,25.15,25.1,25.1,24000,0
2016-04-13,09:30:00,25.1,25.2,25.1,25.15,286800,0
2016-04-13,09:35:00,25.15,25.25,25.15,25.25,94200,0
2016-04-13,09:40:00,25.25,25.25,25.2,25.25,27900,0
2016-04-13,09:45:00,25.25,25.25,25.1,25.15,104700,0
2016-04-13,09:50:00,25.15,25.15,25.05,25.05,148800,0
2016-04-13,09:55:00,25.05,25.1,25.05,25.05,268800,0
2016-04-13,10:00:00,25.05,25.2,25,25.1,579600,0
