Date,Time,Open,High,Low,Close,Volume,OpenInt
2016-02-04,04:30:00,0.32,0.32,0.32,0.32,4410,0
2016-02-04,04:35:00,0.32,0.32,0.32,0.32,10000,0
2016-02-04,04:40:00,0.32,0.32,0.32,0.32,5000,0
2016-02-04,04:50:00,0.32,0.325,0.32,0.325,10000,0
2016-02-04,05:00:00,0.325,0.325,0.325,0.325,4961,0
2016-02-04,06:05:00,0.325,0.325,0.32,0.32,11602,0
2016-02-04,06:20:00,0.32,0.335,0.32,0.325,555000,0
2016-02-04,06:25:00,0.325,0.325,0.325,0.325,350000,0
2016-02-04,06:35:00,0.325,0.325,0.325,0.325,4394,0
2016-02-04,06:45:00,0.325,0.345,0.325,0.345,110000,0
2016-02-04,07:30:00,0.345,0.345,0.34,0.34,20000,0
2016-02-04,08:00:00,0.34,0.34,0.335,0.34,45000,0
2016-02-04,08:05:00,0.34,0.34,0.34,0.34,5000,0
2016-02-04,08:10:00,0.34,0.34,0.335,0.335,50000,0
2016-02-04,08:20:00,0.335,0.335,0.335,0.335,6615,0
2016-02-04,08:40:00,0.335,0.335,0.335,0.335,18018,0
2016-02-05,03:15:00,0.33,0.33,0.33,0.33,95000,0
2016-02-05,03:25:00,0.33,0.33,0.33,0.33,10000,0
2016-02-05,04:30:00,0.335,0.335,0.335,0.335,3753,0
2016-02-05,06:05:00,0.335,0.34,0.335,0.34,90000,0
2016-02-05,06:20:00,0.34,0.34,0.34,0.34,25,0
2016-02-05,06:25:00,0.34,0.345,0.34,0.345,40000,0
2016-02-05,07:20:00,0.345,0.345,0.345,0.345,30000,0
2016-02-05,08:25:00,0.345,0.345,0.345,0.345,1903,0
2016-02-05,08:30:00,0.345,0.345,0.34,0.34,40157,0
2016-02-05,08:40:00,0.34,0.34,0.34,0.34,127,0
2016-02-05,08:50:00,0.34,0.345,0.34,0.345,30000,0
2016-02-05,09:00:00,0.345,0.345,0.345,0.345,45000,0
2016-02-11,05:00:00,0.325,0.325,0.325,0.325,30000,0
2016-02-11,07:10:00,0.325,0.33,0.325,0.33,20000,0
2016-02-11,08:25:00,0.33,0.33,0.33,0.33,15000,0
2016-02-11,08:55:00,0.33,0.335,0.33,0.335,40000,0
2016-02-11,09:00:00,0.335,0.335,0.335,0.335,82,0
2016-02-12,03:40:00,0.33,0.335,0.33,0.33,40000,0
2016-02-12,03:45:00,0.33,0.33,0.33,0.33,40000,0
2016-02-12,03:50:00,0.33,0.33,0.33,0.33,1000,0
2016-02-12,04:55:00,0.325,0.325,0.325,0.325,70000,0
2016-02-12,06:40:00,0.325,0.325,0.325,0.325,3307,0
2016-02-12,06:50:00,0.325,0.325,0.325,0.325,70000,0
2016-02-12,06:55:00,0.325,0.325,0.325,0.325,5000,0
2016-02-12,08:55:00,0.325,0.33,0.325,0.33,40000,0
2016-02-15,03:05:00,0.33,0.33,0.33,0.33,5000,0
2016-02-15,03:25:00,0.33,0.33,0.33,0.33,5000,0
2016-02-15,04:20:00,0.325,0.33,0.325,0.33,50200,0
2016-02-15,07:30:00,0.33,0.33,0.33,0.33,28792,0
2016-02-15,08:05:00,0.33,0.33,0.33,0.33,5000,0
2016-02-15,09:00:00,0.33,0.33,0.33,0.33,5000,0
2016-02-16,03:50:00,0.325,0.345,0.325,0.345,20000,0
2016-02-16,03:55:00,0.345,0.36,0.345,0.36,10000,0
2016-02-16,04:00:00,0.36,0.36,0.36,0.36,5000,0
2016-02-16,07:05:00,0.355,0.355,0.355,0.355,4520,0
2016-02-16,07:35:00,0.35,0.35,0.35,0.35,1102,0
2016-02-16,07:40:00,0.35,0.35,0.335,0.335,15000,0
2016-02-16,08:55:00,0.335,0.335,0.335,0.335,5000,0
2016-02-16,09:00:00,0.335,0.335,0.335,0.335,5000,0
2016-02-17,03:45:00,0.335,0.335,0.335,0.335,4471,0
2016-02-17,03:50:00,0.335,0.335,0.335,0.335,5000,0
2016-02-17,04:10:00,0.335,0.335,0.335,0.335,120000,0
2016-02-17,06:40:00,0.335,0.335,0.335,0.335,1865,0
2016-02-17,07:15:00,0.335,0.335,0.335,0.335,30000,0
2016-02-17,07:20:00,0.335,0.335,0.335,0.335,50000,0
2016-02-17,08:45:00,0.335,0.335,0.335,0.335,200,0
2016-02-18,03:30:00,0.35,0.35,0.345,0.35,75000,0
2016-02-18,04:25:00,0.35,0.35,0.35,0.35,15000,0
2016-02-18,05:00:00,0.35,0.35,0.35,0.35,5000,0
2016-02-18,06:05:00,0.35,0.35,0.35,0.35,46575,0
2016-02-18,06:15:00,0.35,0.35,0.345,0.345,115000,0
2016-02-18,06:45:00,0.345,0.345,0.345,0.345,130000,0
2016-02-18,06:55:00,0.345,0.345,0.345,0.345,20000,0
2016-02-18,08:10:00,0.35,0.355,0.35,0.355,110000,0
2016-02-18,08:30:00,0.355,0.355,0.355,0.355,10000,0
2016-02-18,08:35:00,0.355,0.36,0.355,0.36,157205,0
2016-02-18,08:45:00,0.36,0.36,0.36,0.36,45000,0
2016-02-18,09:00:00,0.36,0.36,0.355,0.36,20000,0
2016-02-19,04:40:00,0.355,0.355,0.355,0.355,25000,0
2016-02-19,04:50:00,0.355,0.355,0.355,0.355,52,0
2016-02-19,06:05:00,0.355,0.355,0.355,0.355,2717,0
2016-02-19,06:15:00,0.355,0.355,0.355,0.355,5000,0
2016-02-19,06:25:00,0.355,0.355,0.355,0.355,20118,0
2016-02-19,06:55:00,0.355,0.355,0.355,0.355,3906,0
2016-02-19,07:00:00,0.355,0.36,0.355,0.36,35000,0
2016-02-19,08:35:00,0.36,0.36,0.36,0.36,5000,0
2016-02-22,02:55:00,0.35,0.35,0.35,0.35,10000,0
2016-02-22,03:00:00,0.35,0.35,0.35,0.35,20000,0
2016-02-22,03:30:00,0.35,0.35,0.35,0.35,110000,0
2016-02-22,04:55:00,0.35,0.35,0.35,0.35,100000,0
2016-02-22,06:05:00,0.35,0.35,0.345,0.345,20000,0
2016-02-22,06:20:00,0.345,0.345,0.345,0.345,5000,0
2016-02-22,06:25:00,0.345,0.345,0.345,0.345,228,0
2016-02-22,06:30:00,0.345,0.345,0.345,0.345,70000,0
2016-02-22,06:35:00,0.345,0.345,0.34,0.345,181335,0
2016-02-22,07:15:00,0.345,0.345,0.345,0.345,2100,0
2016-02-22,07:35:00,0.345,0.345,0.345,0.345,9410,0
2016-02-22,07:40:00,0.345,0.345,0.345,0.345,5000,0
2016-02-22,08:50:00,0.345,0.345,0.345,0.345,20000,0
2016-02-23,02:40:00,0.345,0.35,0.345,0.35,243900,0
2016-02-23,02:45:00,0.35,0.35,0.35,0.35,60000,0
2016-02-23,02:50:00,0.35,0.35,0.345,0.345,10000,0
2016-02-23,03:10:00,0.345,0.35,0.345,0.35,31230,0
2016-02-23,03:15:00,0.35,0.35,0.35,0.35,438,0
2016-02-23,03:45:00,0.35,0.35,0.35,0.35,5000,0
2016-02-23,03:55:00,0.35,0.35,0.345,0.345,365000,0
2016-02-23,04:05:00,0.345,0.35,0.345,0.35,10000,0
2016-02-23,04:30:00,0.35,0.355,0.35,0.355,20000,0
2016-02-23,04:40:00,0.355,0.355,0.355,0.355,6615,0
2016-02-23,04:50:00,0.355,0.36,0.355,0.36,100000,0
2016-02-23,06:25:00,0.36,0.36,0.36,0.36,3072,0
2016-02-23,06:30:00,0.36,0.36,0.35,0.35,180000,0
2016-02-23,06:50:00,0.35,0.35,0.35,0.35,5000,0
2016-02-23,07:05:00,0.35,0.35,0.35,0.35,10000,0
2016-02-23,07:20:00,0.35,0.35,0.35,0.35,70000,0
2016-02-23,07:35:00,0.35,0.35,0.35,0.35,100486,0
2016-02-23,07:50:00,0.35,0.35,0.35,0.35,100000,0
2016-02-23,07:55:00,0.35,0.35,0.345,0.345,235000,0
2016-02-23,08:10:00,0.345,0.345,0.33,0.335,1120000,0
2016-02-23,08:25:00,0.335,0.35,0.335,0.35,75000,0
2016-02-24,03:50:00,0.35,0.355,0.35,0.355,65000,0
2016-02-24,06:15:00,0.34,0.345,0.34,0.345,40000,0
2016-02-24,07:20:00,0.34,0.355,0.34,0.355,35000,0
2016-02-24,08:15:00,0.355,0.36,0.355,0.36,300000,0
2016-02-24,08:20:00,0.36,0.36,0.355,0.355,9660,0
2016-02-24,08:55:00,0.36,0.36,0.345,0.345,10000,0
2016-02-25,04:00:00,0.34,0.36,0.34,0.36,20000,0
2016-02-25,04:05:00,0.36,0.36,0.345,0.345,40000,0
2016-02-25,04:20:00,0.345,0.345,0.345,0.345,5000,0
2016-02-25,04:30:00,0.35,0.355,0.35,0.355,20000,0
2016-02-25,04:40:00,0.355,0.355,0.35,0.35,105676,0
2016-02-25,05:00:00,0.35,0.35,0.35,0.35,10000,0
2016-02-25,06:05:00,0.35,0.365,0.35,0.36,475500,0
2016-02-25,06:10:00,0.36,0.36,0.355,0.355,115000,0
2016-02-25,06:15:00,0.355,0.355,0.355,0.355,5000,0
2016-02-25,06:20:00,0.355,0.355,0.355,0.355,50000,0
2016-02-25,06:40:00,0.355,0.355,0.355,0.355,551,0
2016-02-25,07:25:00,0.355,0.355,0.355,0.355,220000,0
2016-02-25,07:50:00,0.355,0.355,0.35,0.35,200000,0
2016-02-25,08:20:00,0.35,0.35,0.35,0.35,20000,0
2016-02-25,08:50:00,0.35,0.35,0.35,0.35,8969,0
2016-02-25,09:00:00,0.35,0.35,0.345,0.345,145000,0
2016-02-26,02:45:00,0.345,0.345,0.345,0.345,1000,0
2016-02-26,06:05:00,0.345,0.345,0.345,0.345,1181,0
2016-02-26,06:10:00,0.345,0.345,0.345,0.345,30000,0
2016-02-26,06:15:00,0.345,0.345,0.345,0.345,10000,0
2016-02-26,07:00:00,0.345,0.345,0.345,0.345,10000,0
2016-02-26,07:20:00,0.345,0.345,0.345,0.345,5000,0
2016-02-26,07:40:00,0.345,0.345,0.345,0.345,5000,0
2016-02-26,08:00:00,0.345,0.35,0.345,0.35,100000,0
2016-02-26,08:50:00,0.35,0.355,0.35,0.355,40000,0
2016-03-01,02:45:00,0.36,0.36,0.34,0.36,20000,0
2016-03-01,03:10:00,0.36,0.36,0.36,0.36,10000,0
2016-03-01,04:25:00,0.36,0.36,0.35,0.35,115000,0
2016-03-01,04:55:00,0.35,0.35,0.35,0.35,100000,0
2016-03-01,06:05:00,0.35,0.35,0.35,0.35,31000,0
2016-03-01,06:25:00,0.35,0.355,0.35,0.355,75000,0
2016-03-01,07:35:00,0.35,0.35,0.35,0.35,30000,0
2016-03-01,07:40:00,0.35,0.35,0.35,0.35,30000,0
2016-03-01,08:10:00,0.35,0.355,0.35,0.355,280000,0
2016-03-01,08:35:00,0.355,0.36,0.355,0.36,125000,0
2016-03-01,08:40:00,0.36,0.36,0.355,0.355,265000,0
2016-03-02,02:35:00,0.35,0.355,0.345,0.35,425000,0
2016-03-02,02:40:00,0.345,0.35,0.345,0.35,50000,0
2016-03-02,02:50:00,0.35,0.355,0.35,0.355,30000,0
2016-03-02,03:00:00,0.355,0.355,0.355,0.355,10000,0
2016-03-02,03:15:00,0.355,0.355,0.355,0.355,2362,0
2016-03-02,03:35:00,0.355,0.355,0.355,0.355,5000,0
2016-03-02,04:30:00,0.355,0.36,0.355,0.36,10000,0
2016-03-02,06:05:00,0.36,0.365,0.355,0.36,85291,0
2016-03-02,06:10:00,0.36,0.365,0.36,0.365,240000,0
2016-03-02,06:15:00,0.365,0.365,0.365,0.365,20000,0
2016-03-02,06:50:00,0.365,0.365,0.36,0.36,30000,0
2016-03-02,06:55:00,0.36,0.365,0.36,0.365,20000,0
2016-03-02,07:10:00,0.365,0.365,0.36,0.36,20000,0
2016-03-02,07:25:00,0.36,0.36,0.36,0.36,2205,0
2016-03-02,07:35:00,0.36,0.36,0.36,0.36,5000,0
2016-03-02,08:05:00,0.36,0.365,0.36,0.365,70000,0
2016-03-02,08:15:00,0.365,0.365,0.36,0.36,40000,0
2016-03-02,08:35:00,0.36,0.36,0.36,0.36,10118,0
2016-03-02,08:40:00,0.36,0.36,0.36,0.36,10000,0
2016-03-02,08:45:00,0.36,0.36,0.36,0.36,5000,0
2016-03-02,08:50:00,0.36,0.365,0.36,0.365,103900,0
2016-03-03,04:15:00,0.36,0.365,0.36,0.365,115000,0
2016-03-03,04:25:00,0.365,0.365,0.365,0.365,60000,0
2016-03-03,04:30:00,0.365,0.365,0.365,0.365,5000,0
2016-03-03,04:50:00,0.365,0.37,0.365,0.37,10000,0
2016-03-03,04:55:00,0.37,0.37,0.37,0.37,5000,0
2016-03-03,05:00:00,0.37,0.37,0.37,0.37,5000,0
2016-03-03,06:20:00,0.37,0.37,0.37,0.37,110000,0
2016-03-03,06:40:00,0.37,0.375,0.37,0.375,10000,0
2016-03-03,08:00:00,0.375,0.375,0.375,0.375,5000,0
2016-03-03,08:35:00,0.37,0.37,0.365,0.365,155000,0
2016-03-03,08:55:00,0.365,0.365,0.365,0.365,5000,0
2016-03-04,03:00:00,0.365,0.365,0.365,0.365,35000,0
2016-03-04,03:55:00,0.365,0.365,0.365,0.365,40000,0
2016-03-04,04:05:00,0.365,0.365,0.365,0.365,10000,0
2016-03-04,04:40:00,0.365,0.365,0.365,0.365,20000,0
2016-03-04,04:55:00,0.365,0.365,0.365,0.365,7100,0
2016-03-04,05:00:00,0.365,0.365,0.36,0.365,44000,0
2016-03-04,06:05:00,0.365,0.375,0.365,0.365,45076,0
2016-03-04,06:15:00,0.365,0.365,0.365,0.365,15000,0
2016-03-04,06:40:00,0.365,0.365,0.365,0.365,250,0
2016-03-04,06:50:00,0.37,0.38,0.37,0.38,385000,0
2016-03-04,07:00:00,0.38,0.38,0.38,0.38,100000,0
2016-03-04,07:15:00,0.38,0.38,0.38,0.38,60000,0
2016-03-04,07:20:00,0.38,0.38,0.38,0.38,1000,0
2016-03-04,07:25:00,0.38,0.385,0.375,0.385,550000,0
2016-03-04,07:30:00,0.385,0.385,0.385,0.385,5670,0
2016-03-04,07:35:00,0.385,0.385,0.385,0.385,2693,0
2016-03-04,07:40:00,0.385,0.385,0.385,0.385,40000,0
2016-03-04,07:50:00,0.385,0.385,0.38,0.38,90000,0
2016-03-04,08:15:00,0.38,0.38,0.37,0.37,170000,0
2016-03-04,08:45:00,0.38,0.385,0.38,0.385,15000,0
2016-03-04,08:50:00,0.385,0.385,0.385,0.385,65287,0
2016-03-04,08:55:00,0.385,0.385,0.385,0.385,15000,0
2016-03-04,09:00:00,0.385,0.39,0.385,0.39,15000,0
2016-03-07,02:35:00,0.395,0.395,0.39,0.39,120000,0
2016-03-07,02:40:00,0.39,0.39,0.39,0.39,552,0
2016-03-07,03:15:00,0.395,0.41,0.395,0.41,352205,0
2016-03-07,03:20:00,0.41,0.42,0.41,0.415,50000,0
2016-03-07,03:30:00,0.415,0.415,0.405,0.405,40000,0
2016-03-07,03:40:00,0.405,0.405,0.405,0.405,1984,0
2016-03-07,03:45:00,0.405,0.405,0.405,0.405,70000,0
2016-03-07,03:50:00,0.405,0.41,0.405,0.41,90000,0
2016-03-07,03:55:00,0.41,0.415,0.41,0.415,65192,0
2016-03-07,04:05:00,0.415,0.415,0.415,0.415,35000,0
2016-03-07,04:10:00,0.415,0.415,0.41,0.41,160000,0
2016-03-07,04:25:00,0.41,0.415,0.41,0.415,209175,0
2016-03-07,04:30:00,0.415,0.415,0.415,0.415,20000,0
2016-03-07,04:35:00,0.415,0.415,0.415,0.415,5000,0
2016-03-07,04:40:00,0.415,0.415,0.415,0.415,5000,0
2016-03-07,04:45:00,0.415,0.42,0.415,0.415,133440,0
2016-03-07,04:50:00,0.415,0.42,0.415,0.42,10000,0
2016-03-07,06:05:00,0.42,0.42,0.42,0.42,104000,0
2016-03-07,06:15:00,0.42,0.425,0.42,0.425,140000,0
2016-03-07,06:20:00,0.425,0.435,0.425,0.435,520000,0
2016-03-07,06:25:00,0.435,0.45,0.435,0.45,390000,0
2016-03-07,06:30:00,0.45,0.46,0.445,0.46,700000,0
2016-03-07,06:35:00,0.46,0.48,0.46,0.465,2897245,0
2016-03-07,06:40:00,0.465,0.465,0.455,0.455,1690000,0
2016-03-07,06:45:00,0.455,0.47,0.455,0.47,445000,0
2016-03-07,06:50:00,0.47,0.485,0.47,0.475,2015000,0
2016-03-07,06:55:00,0.475,0.475,0.46,0.465,1676525,0
2016-03-07,07:00:00,0.465,0.465,0.455,0.46,478150,0
2016-03-07,07:05:00,0.46,0.47,0.46,0.465,412000,0
2016-03-07,07:15:00,0.465,0.465,0.465,0.465,11984,0
2016-03-07,07:20:00,0.465,0.47,0.465,0.47,38000,0
2016-03-07,07:25:00,0.47,0.485,0.47,0.485,2580000,0
2016-03-07,07:30:00,0.485,0.495,0.48,0.49,1394000,0
2016-03-07,07:35:00,0.49,0.49,0.48,0.48,726562,0
2016-03-07,07:40:00,0.48,0.485,0.48,0.485,52592,0
2016-03-07,07:45:00,0.485,0.49,0.48,0.485,280000,0
2016-03-07,07:55:00,0.485,0.485,0.48,0.485,250000,0
2016-03-07,08:00:00,0.485,0.49,0.485,0.49,480000,0
2016-03-07,08:05:00,0.49,0.49,0.485,0.485,40000,0
2016-03-07,08:10:00,0.485,0.485,0.475,0.475,2112560,0
2016-03-07,08:15:00,0.475,0.48,0.475,0.475,1155000,0
2016-03-07,08:20:00,0.475,0.475,0.47,0.475,505000,0
2016-03-07,08:25:00,0.475,0.475,0.47,0.47,20677,0
2016-03-07,08:30:00,0.47,0.47,0.47,0.47,305000,0
2016-03-07,08:35:00,0.47,0.47,0.46,0.46,646038,0
2016-03-07,08:40:00,0.46,0.465,0.46,0.46,510000,0
2016-03-07,08:45:00,0.46,0.465,0.46,0.465,17560,0
2016-03-07,08:50:00,0.465,0.47,0.465,0.47,10000,0
2016-03-07,08:55:00,0.465,0.47,0.465,0.47,115000,0
2016-03-07,09:00:00,0.47,0.48,0.47,0.48,1216000,0
2016-03-08,02:35:00,0.48,0.48,0.475,0.475,17938,0
2016-03-08,02:40:00,0.475,0.475,0.47,0.47,25000,0
2016-03-08,02:50:00,0.465,0.47,0.465,0.47,25000,0
2016-03-08,02:55:00,0.465,0.465,0.46,0.46,255441,0
2016-03-08,03:00:00,0.46,0.46,0.455,0.455,25000,0
2016-03-08,03:10:00,0.455,0.455,0.45,0.455,110000,0
2016-03-08,03:15:00,0.455,0.455,0.45,0.455,90000,0
2016-03-08,03:20:00,0.455,0.455,0.455,0.455,10000,0
2016-03-08,03:25:00,0.45,0.45,0.45,0.45,50000,0
2016-03-08,03:30:00,0.45,0.45,0.45,0.45,15000,0
2016-03-08,03:40:00,0.44,0.45,0.44,0.45,60000,0
2016-03-08,03:55:00,0.445,0.45,0.445,0.45,220000,0
2016-03-08,04:15:00,0.45,0.45,0.45,0.45,30000,0
2016-03-08,04:30:00,0.45,0.455,0.45,0.455,140000,0
2016-03-08,04:35:00,0.455,0.455,0.455,0.455,5000,0
2016-03-08,04:40:00,0.455,0.48,0.455,0.48,1075000,0
2016-03-08,04:45:00,0.48,0.48,0.475,0.475,375000,0
2016-03-08,04:50:00,0.475,0.475,0.475,0.475,285000,0
2016-03-08,04:55:00,0.475,0.475,0.47,0.47,185000,0
2016-03-08,05:00:00,0.47,0.48,0.47,0.48,115000,0
2016-03-08,06:05:00,0.48,0.48,0.465,0.475,1053000,0
2016-03-08,06:10:00,0.475,0.475,0.47,0.47,60000,0
2016-03-08,06:15:00,0.47,0.47,0.47,0.47,40000,0
2016-03-08,06:20:00,0.47,0.47,0.47,0.47,2800,0
2016-03-08,06:30:00,0.47,0.47,0.465,0.465,165000,0
2016-03-08,06:40:00,0.465,0.465,0.465,0.465,4804,0
2016-03-08,06:50:00,0.465,0.48,0.465,0.475,60000,0
2016-03-08,07:00:00,0.475,0.475,0.47,0.47,10000,0
2016-03-08,07:05:00,0.47,0.47,0.47,0.47,70000,0
2016-03-08,07:20:00,0.47,0.47,0.465,0.465,10000,0
2016-03-08,07:35:00,0.465,0.47,0.465,0.47,15000,0
2016-03-08,07:40:00,0.47,0.47,0.47,0.47,10000,0
2016-03-08,08:25:00,0.47,0.47,0.47,0.47,23150,0
2016-03-08,08:40:00,0.47,0.47,0.465,0.465,40000,0
2016-03-08,08:45:00,0.465,0.465,0.465,0.465,105000,0
2016-03-08,08:55:00,0.465,0.465,0.465,0.465,10000,0
2016-03-08,09:00:00,0.465,0.465,0.46,0.46,475000,0
2016-03-09,02:35:00,0.465,0.465,0.46,0.46,15000,0
2016-03-09,02:50:00,0.46,0.46,0.45,0.45,80000,0
2016-03-09,02:55:00,0.45,0.45,0.45,0.45,20000,0
2016-03-09,03:05:00,0.45,0.45,0.445,0.445,100000,0
2016-03-09,03:10:00,0.445,0.445,0.445,0.445,10000,0
2016-03-09,03:15:00,0.445,0.445,0.445,0.445,60000,0
2016-03-09,03:20:00,0.445,0.45,0.445,0.45,180000,0
2016-03-09,03:55:00,0.45,0.45,0.445,0.445,135000,0
2016-03-09,04:00:00,0.445,0.445,0.44,0.44,115000,0
2016-03-09,04:05:00,0.44,0.44,0.435,0.435,135000,0
2016-03-09,04:15:00,0.435,0.435,0.435,0.435,80000,0
2016-03-09,04:40:00,0.435,0.435,0.425,0.43,164000,0
2016-03-09,04:50:00,0.43,0.43,0.43,0.43,9725,0
2016-03-09,04:55:00,0.43,0.435,0.43,0.435,20000,0
2016-03-09,06:05:00,0.435,0.435,0.43,0.435,60000,0
2016-03-09,06:10:00,0.435,0.435,0.43,0.43,80000,0
2016-03-09,06:50:00,0.43,0.43,0.425,0.425,465000,0
2016-03-09,07:00:00,0.425,0.43,0.425,0.43,200000,0
2016-03-09,07:15:00,0.43,0.43,0.43,0.43,20000,0
2016-03-09,07:20:00,0.43,0.43,0.425,0.425,80000,0
2016-03-09,07:40:00,0.425,0.425,0.425,0.425,40000,0
2016-03-09,07:45:00,0.425,0.425,0.425,0.425,20000,0
2016-03-09,07:50:00,0.425,0.43,0.42,0.43,175000,0
2016-03-09,08:05:00,0.43,0.43,0.425,0.425,18197,0
2016-03-09,08:25:00,0.425,0.425,0.425,0.425,13,0
2016-03-09,08:30:00,0.425,0.43,0.425,0.43,241157,0
2016-03-09,08:35:00,0.43,0.435,0.43,0.435,25000,0
2016-03-09,08:45:00,0.43,0.43,0.43,0.43,100000,0
2016-03-09,08:50:00,0.43,0.43,0.43,0.43,35000,0
2016-03-09,08:55:00,0.43,0.43,0.425,0.43,140000,0
2016-03-09,09:00:00,0.43,0.435,0.43,0.435,20000,0
2016-03-10,03:20:00,0.435,0.435,0.435,0.435,40000,0
2016-03-10,03:30:00,0.43,0.43,0.425,0.425,10000,0
2016-03-10,03:40:00,0.425,0.425,0.425,0.425,35000,0
2016-03-10,03:55:00,0.425,0.435,0.425,0.435,460000,0
2016-03-10,04:00:00,0.435,0.435,0.43,0.43,105000,0
2016-03-10,04:05:00,0.43,0.43,0.43,0.43,115,0
2016-03-10,04:20:00,0.43,0.43,0.43,0.43,5000,0
2016-03-10,04:40:00,0.43,0.43,0.43,0.43,40000,0
2016-03-10,04:50:00,0.43,0.43,0.425,0.425,10000,0
2016-03-10,06:05:00,0.425,0.425,0.42,0.42,180000,0
2016-03-10,06:25:00,0.41,0.425,0.41,0.425,105000,0
2016-03-10,06:45:00,0.425,0.425,0.425,0.425,2000,0
2016-03-10,07:00:00,0.425,0.425,0.415,0.415,10000,0
2016-03-10,07:20:00,0.415,0.42,0.415,0.42,30000,0
2016-03-10,08:20:00,0.42,0.42,0.42,0.42,5000,0
2016-03-10,08:35:00,0.42,0.42,0.42,0.42,2315,0
2016-03-10,08:40:00,0.42,0.42,0.415,0.415,175000,0
2016-03-10,08:50:00,0.415,0.415,0.415,0.415,3000,0
2016-03-10,09:00:00,0.41,0.42,0.41,0.42,10000,0
2016-03-11,03:45:00,0.405,0.41,0.405,0.41,50000,0
2016-03-11,03:50:00,0.41,0.41,0.41,0.41,20000,0
2016-03-11,03:55:00,0.41,0.425,0.41,0.425,185000,0
2016-03-11,04:10:00,0.425,0.425,0.42,0.42,66760,0
2016-03-11,07:20:00,0.42,0.42,0.42,0.42,35000,0
2016-03-11,07:55:00,0.415,0.415,0.41,0.41,69014,0
2016-03-11,08:05:00,0.41,0.41,0.41,0.41,20400,0
2016-03-11,08:15:00,0.41,0.41,0.41,0.41,9000,0
2016-03-11,08:30:00,0.41,0.41,0.41,0.41,5000,0
2016-03-11,08:40:00,0.41,0.415,0.41,0.415,15000,0
2016-03-11,08:55:00,0.415,0.415,0.415,0.415,25000,0
2016-03-14,03:05:00,0.425,0.425,0.425,0.425,30000,0
2016-03-14,03:10:00,0.425,0.425,0.42,0.42,40000,0
2016-03-14,03:45:00,0.42,0.425,0.42,0.425,40000,0
2016-03-14,04:00:00,0.425,0.425,0.425,0.425,102,0
2016-03-14,04:40:00,0.425,0.425,0.425,0.425,31514,0
2016-03-14,04:50:00,0.425,0.425,0.425,0.425,70000,0
2016-03-14,04:55:00,0.425,0.425,0.425,0.425,5000,0
2016-03-14,06:10:00,0.425,0.425,0.415,0.415,290000,0
2016-03-14,06:15:00,0.415,0.415,0.41,0.41,15000,0
2016-03-14,06:25:00,0.4,0.41,0.4,0.41,70000,0
2016-03-14,06:30:00,0.41,0.41,0.41,0.41,50000,0
2016-03-14,06:35:00,0.41,0.41,0.405,0.405,10000,0
2016-03-14,07:05:00,0.41,0.41,0.41,0.41,20780,0
2016-03-14,07:10:00,0.41,0.41,0.41,0.41,20000,0
2016-03-14,07:15:00,0.41,0.41,0.405,0.405,60622,0
2016-03-14,08:00:00,0.405,0.405,0.405,0.405,236,0
2016-03-14,08:10:00,0.405,0.41,0.405,0.41,128000,0
2016-03-14,08:30:00,0.41,0.41,0.41,0.41,5000,0
2016-03-14,08:50:00,0.41,0.415,0.41,0.415,45523,0
2016-03-14,08:55:00,0.415,0.415,0.41,0.41,40000,0
2016-03-14,09:00:00,0.41,0.41,0.41,0.41,15000,0
2016-03-15,02:35:00,0.41,0.41,0.41,0.41,50000,0
2016-03-15,02:45:00,0.41,0.41,0.41,0.41,551,0
2016-03-15,03:00:00,0.41,0.41,0.41,0.41,10000,0
2016-03-15,03:30:00,0.4,0.41,0.4,0.41,43050,0
2016-03-16,04:05:00,0.4,0.405,0.4,0.405,300000,0
2016-03-16,04:20:00,0.4,0.405,0.4,0.405,105000,0
2016-03-16,04:50:00,0.405,0.405,0.405,0.405,20000,0
2016-03-16,05:00:00,0.405,0.405,0.405,0.405,10000,0
2016-03-16,07:40:00,0.405,0.405,0.405,0.405,10000,0
2016-03-16,08:20:00,0.405,0.415,0.405,0.415,40000,0
2016-03-16,08:25:00,0.415,0.425,0.415,0.425,20000,0
2016-03-16,08:30:00,0.425,0.43,0.425,0.425,17000,0
2016-03-16,08:45:00,0.425,0.425,0.42,0.42,138417,0
2016-03-16,08:50:00,0.42,0.42,0.42,0.42,5000,0
2016-03-16,09:00:00,0.42,0.42,0.415,0.42,65000,0
2016-03-17,03:00:00,0.42,0.435,0.42,0.435,135000,0
2016-03-17,03:05:00,0.435,0.435,0.43,0.43,113900,0
2016-03-17,03:40:00,0.43,0.43,0.43,0.43,30000,0
2016-03-17,03:55:00,0.43,0.43,0.425,0.425,50000,0
2016-03-17,04:00:00,0.425,0.43,0.425,0.425,90000,0
2016-03-17,04:15:00,0.425,0.425,0.425,0.425,2000,0
2016-03-17,04:25:00,0.425,0.43,0.425,0.43,150000,0
2016-03-17,04:35:00,0.43,0.43,0.43,0.43,8000,0
2016-03-17,04:50:00,0.43,0.445,0.43,0.445,265000,0
2016-03-17,04:55:00,0.445,0.445,0.445,0.445,15000,0
2016-03-17,05:00:00,0.445,0.445,0.44,0.445,200000,0
2016-03-17,06:05:00,0.445,0.45,0.445,0.45,60000,0
2016-03-17,06:20:00,0.45,0.45,0.45,0.45,245000,0
2016-03-17,06:30:00,0.45,0.45,0.445,0.445,55000,0
2016-03-17,06:35:00,0.445,0.46,0.445,0.46,10000,0
2016-03-17,06:40:00,0.455,0.455,0.44,0.44,20000,0
2016-03-17,06:50:00,0.44,0.445,0.44,0.445,12315,0
2016-03-17,06:55:00,0.445,0.445,0.445,0.445,3600,0
2016-03-17,07:10:00,0.445,0.445,0.44,0.44,243050,0
2016-03-17,07:15:00,0.44,0.44,0.44,0.44,150000,0
2016-03-17,07:20:00,0.44,0.44,0.435,0.435,100000,0
2016-03-17,07:25:00,0.435,0.435,0.435,0.435,103906,0
2016-03-17,07:40:00,0.435,0.435,0.435,0.435,50000,0
2016-03-17,07:45:00,0.435,0.435,0.43,0.435,40000,0
2016-03-17,07:55:00,0.435,0.435,0.435,0.435,1575,0
2016-03-17,08:00:00,0.435,0.435,0.435,0.435,2062,0
2016-03-17,08:50:00,0.435,0.435,0.435,0.435,15500,0
2016-03-17,08:55:00,0.435,0.435,0.435,0.435,20000,0
2016-03-17,09:00:00,0.435,0.435,0.435,0.435,10000,0
2016-03-18,02:45:00,0.43,0.43,0.43,0.43,15000,0
2016-03-18,02:50:00,0.43,0.43,0.43,0.43,15000,0
2016-03-18,02:55:00,0.43,0.43,0.425,0.425,15000,0
2016-03-18,03:00:00,0.425,0.425,0.42,0.42,15000,0
2016-03-18,03:05:00,0.42,0.425,0.42,0.425,45000,0
2016-03-18,03:10:00,0.425,0.43,0.425,0.43,15000,0
2016-03-18,03:15:00,0.43,0.43,0.425,0.43,35000,0
2016-03-18,03:25:00,0.43,0.43,0.425,0.43,25000,0
2016-03-18,03:30:00,0.43,0.43,0.425,0.43,25000,0
2016-03-18,03:35:00,0.43,0.445,0.43,0.445,90000,0
2016-03-18,03:40:00,0.445,0.445,0.435,0.435,1317,0
2016-03-18,03:45:00,0.43,0.43,0.425,0.43,48844,0
2016-03-18,03:50:00,0.43,0.43,0.425,0.425,10000,0
2016-03-18,03:55:00,0.425,0.425,0.425,0.425,10000,0
2016-03-18,04:00:00,0.425,0.425,0.425,0.425,15000,0
2016-03-18,04:05:00,0.425,0.43,0.425,0.425,25000,0
2016-03-18,04:10:00,0.425,0.425,0.425,0.425,10000,0
2016-03-18,04:15:00,0.425,0.425,0.425,0.425,15000,0
2016-03-18,04:20:00,0.425,0.425,0.425,0.425,10000,0
2016-03-18,04:25:00,0.425,0.425,0.425,0.425,15000,0
2016-03-18,04:30:00,0.425,0.425,0.425,0.425,10000,0
2016-03-18,04:35:00,0.425,0.43,0.425,0.43,20000,0
2016-03-18,04:40:00,0.43,0.44,0.425,0.44,95000,0
2016-03-18,04:50:00,0.43,0.43,0.425,0.425,20000,0
2016-03-18,04:55:00,0.425,0.43,0.425,0.43,35000,0
2016-03-18,05:00:00,0.43,0.43,0.43,0.43,5000,0
2016-03-18,06:05:00,0.43,0.435,0.43,0.43,45000,0
2016-03-18,06:10:00,0.43,0.435,0.43,0.43,20000,0
2016-03-18,06:15:00,0.43,0.43,0.43,0.43,15000,0
2016-03-18,06:20:00,0.43,0.435,0.43,0.43,25000,0
2016-03-18,06:25:00,0.43,0.435,0.43,0.43,30657,0
2016-03-18,06:30:00,0.43,0.435,0.43,0.43,25000,0
2016-03-18,06:35:00,0.43,0.43,0.43,0.43,20000,0
2016-03-18,06:40:00,0.43,0.43,0.425,0.425,20000,0
2016-03-18,06:45:00,0.425,0.43,0.425,0.43,17000,0
2016-03-18,06:50:00,0.43,0.43,0.425,0.425,35000,0
2016-03-18,06:55:00,0.425,0.425,0.425,0.425,10000,0
2016-03-18,07:00:00,0.425,0.43,0.425,0.425,55000,0
2016-03-18,07:05:00,0.425,0.425,0.425,0.425,5000,0
2016-03-18,07:10:00,0.425,0.43,0.425,0.425,25000,0
2016-03-18,07:15:00,0.425,0.425,0.425,0.425,20000,0
2016-03-18,07:20:00,0.425,0.43,0.425,0.425,65000,0
2016-03-18,07:25:00,0.425,0.425,0.42,0.425,20000,0
2016-03-18,07:30:00,0.425,0.425,0.42,0.42,20000,0
2016-03-18,07:35:00,0.42,0.42,0.42,0.42,20000,0
2016-03-18,07:40:00,0.42,0.425,0.42,0.42,30000,0
2016-03-18,07:45:00,0.42,0.42,0.42,0.42,100000,0
2016-03-18,07:50:00,0.42,0.42,0.42,0.42,10000,0
2016-03-18,08:00:00,0.41,0.42,0.41,0.42,155000,0
2016-03-18,08:05:00,0.42,0.42,0.42,0.42,55000,0
2016-03-18,08:10:00,0.42,0.42,0.42,0.42,15000,0
2016-03-18,08:15:00,0.42,0.42,0.42,0.42,5000,0
2016-03-18,08:20:00,0.42,0.42,0.415,0.415,90000,0
2016-03-18,08:25:00,0.415,0.415,0.415,0.415,85000,0
2016-03-18,08:30:00,0.415,0.415,0.415,0.415,50000,0
2016-03-18,08:35:00,0.415,0.42,0.415,0.42,10000,0
2016-03-18,08:45:00,0.42,0.42,0.415,0.415,55000,0
2016-03-18,08:50:00,0.415,0.42,0.415,0.415,65000,0
2016-03-18,08:55:00,0.415,0.42,0.415,0.42,165000,0
2016-03-18,09:00:00,0.42,0.43,0.41,0.42,5195000,0
2016-03-21,03:00:00,0.42,0.42,0.42,0.42,35000,0
2016-03-21,03:10:00,0.42,0.42,0.42,0.42,5000,0
2016-03-21,04:20:00,0.42,0.42,0.42,0.42,315,0
2016-03-21,05:00:00,0.42,0.42,0.42,0.42,2605,0
2016-03-21,06:15:00,0.41,0.415,0.41,0.415,20000,0
2016-03-21,06:20:00,0.415,0.415,0.415,0.415,15000,0
2016-03-21,06:30:00,0.415,0.415,0.415,0.415,5000,0
2016-03-21,06:40:00,0.415,0.425,0.415,0.425,460105,0
2016-03-21,06:50:00,0.425,0.425,0.425,0.425,5000,0
2016-03-21,07:00:00,0.425,0.425,0.415,0.415,14000,0
2016-03-21,07:05:00,0.415,0.42,0.415,0.42,25000,0
2016-03-21,07:30:00,0.42,0.42,0.415,0.415,30000,0
2016-03-21,07:40:00,0.415,0.415,0.415,0.415,5000,0
2016-03-21,07:45:00,0.415,0.415,0.415,0.415,5210,0
2016-03-21,08:20:00,0.415,0.415,0.415,0.415,10000,0
2016-03-21,08:30:00,0.415,0.42,0.415,0.42,30000,0
2016-03-21,08:40:00,0.42,0.42,0.42,0.42,40000,0
2016-03-21,08:45:00,0.42,0.42,0.415,0.415,50000,0
2016-03-21,09:00:00,0.415,0.415,0.415,0.415,100000,0
2016-03-22,03:15:00,0.41,0.415,0.41,0.415,283,0
2016-03-22,06:40:00,0.41,0.415,0.41,0.415,30000,0
2016-03-22,07:30:00,0.415,0.415,0.415,0.415,10000,0
2016-03-22,07:50:00,0.415,0.42,0.415,0.42,165000,0
2016-03-22,08:15:00,0.42,0.42,0.42,0.42,5000,0
2016-03-22,08:20:00,0.42,0.42,0.42,0.42,10000,0
2016-03-22,08:30:00,0.42,0.425,0.42,0.425,28803,0
2016-03-22,08:45:00,0.425,0.425,0.42,0.42,22000,0
2016-03-22,09:00:00,0.42,0.42,0.42,0.42,5000,0
2016-03-23,02:50:00,0.41,0.42,0.41,0.41,30000,0
2016-03-23,03:30:00,0.41,0.42,0.41,0.42,145000,0
2016-03-23,03:35:00,0.42,0.42,0.42,0.42,2000,0
2016-03-23,04:05:00,0.42,0.42,0.41,0.41,200000,0
2016-03-23,04:15:00,0.41,0.435,0.41,0.435,25000,0
2016-03-23,05:00:00,0.42,0.42,0.42,0.42,80000,0
2016-03-23,06:15:00,0.42,0.42,0.415,0.415,110000,0
2016-03-23,06:20:00,0.41,0.41,0.41,0.41,3150,0
2016-03-23,06:25:00,0.41,0.41,0.41,0.41,25000,0
2016-03-23,06:45:00,0.41,0.41,0.405,0.405,32152,0
2016-03-23,07:00:00,0.405,0.405,0.405,0.405,5000,0
2016-03-23,07:10:00,0.405,0.405,0.405,0.405,55000,0
2016-03-23,07:25:00,0.405,0.405,0.405,0.405,10000,0
2016-03-23,07:30:00,0.405,0.415,0.405,0.415,130000,0
2016-03-23,07:35:00,0.415,0.415,0.415,0.415,30000,0
2016-03-23,07:40:00,0.415,0.415,0.415,0.415,15000,0
2016-03-23,07:50:00,0.415,0.415,0.4,0.4,490000,0
2016-03-23,07:55:00,0.4,0.4,0.39,0.39,10000,0
2016-03-23,08:00:00,0.39,0.4,0.39,0.4,10000,0
2016-03-23,08:05:00,0.4,0.4,0.38,0.385,475026,0
2016-03-23,08:10:00,0.39,0.39,0.385,0.385,490000,0
2016-03-23,08:15:00,0.385,0.39,0.365,0.385,1855000,0
2016-03-23,08:20:00,0.385,0.39,0.355,0.36,1365000,0
2016-03-23,08:25:00,0.36,0.375,0.36,0.375,465000,0
2016-03-23,08:30:00,0.375,0.375,0.37,0.375,325000,0
2016-03-23,08:40:00,0.375,0.38,0.375,0.38,220000,0
2016-03-23,08:45:00,0.38,0.38,0.38,0.38,30000,0
2016-03-23,08:50:00,0.38,0.38,0.38,0.38,10000,0
2016-03-23,08:55:00,0.38,0.39,0.38,0.39,160000,0
2016-03-23,09:00:00,0.39,0.39,0.375,0.385,595000,0
2016-03-24,03:05:00,0.375,0.38,0.375,0.38,10000,0
2016-03-24,03:10:00,0.38,0.38,0.38,0.38,5000,0
2016-03-24,03:15:00,0.38,0.385,0.38,0.385,10000,0
2016-03-24,03:20:00,0.385,0.39,0.385,0.385,60000,0
2016-03-24,03:30:00,0.385,0.39,0.385,0.39,30000,0
2016-03-24,04:00:00,0.39,0.39,0.38,0.38,36712,0
2016-03-24,04:05:00,0.38,0.38,0.38,0.38,179,0
2016-03-24,04:25:00,0.38,0.385,0.38,0.385,15000,0
2016-03-24,04:30:00,0.385,0.385,0.385,0.385,1890,0
2016-03-24,06:05:00,0.385,0.385,0.38,0.38,16529,0
2016-03-24,06:10:00,0.38,0.385,0.38,0.385,15000,0
2016-03-24,06:20:00,0.385,0.385,0.385,0.385,5000,0
2016-03-24,07:15:00,0.385,0.385,0.385,0.385,10000,0
2016-03-24,08:15:00,0.385,0.385,0.38,0.38,115000,0
2016-03-24,08:30:00,0.38,0.38,0.38,0.38,10000,0
2016-03-24,08:35:00,0.38,0.38,0.38,0.38,5000,0
2016-03-24,09:00:00,0.38,0.385,0.38,0.38,30000,0
2016-03-29,03:40:00,0.36,0.365,0.36,0.365,10000,0
2016-03-29,03:50:00,0.365,0.365,0.365,0.365,4000,0
2016-03-29,07:05:00,0.37,0.37,0.37,0.37,153,0
2016-03-29,08:50:00,0.37,0.375,0.37,0.375,16457,0
2016-03-29,09:05:00,0.375,0.375,0.375,0.375,5000,0
2016-03-29,09:15:00,0.375,0.375,0.375,0.375,2205,0
2016-03-29,10:00:00,0.38,0.385,0.38,0.385,120000,0
2016-03-30,07:30:00,0.375,0.38,0.375,0.38,10000,0
2016-03-30,07:55:00,0.38,0.38,0.38,0.38,3000,0
2016-03-30,08:05:00,0.38,0.38,0.38,0.38,50000,0
2016-03-30,08:40:00,0.385,0.39,0.385,0.39,20000,0
2016-03-30,08:45:00,0.39,0.39,0.39,0.39,9200,0
2016-03-30,09:10:00,0.39,0.39,0.39,0.39,2205,0
2016-03-30,09:30:00,0.39,0.39,0.39,0.39,1000,0
2016-03-30,10:00:00,0.39,0.39,0.385,0.39,230000,0
2016-03-31,06:00:00,0.385,0.385,0.385,0.385,16576,0
2016-03-31,08:20:00,0.385,0.385,0.385,0.385,49674,0
2016-03-31,10:00:00,0.385,0.395,0.385,0.395,105000,0
2016-04-01,03:55:00,0.39,0.395,0.39,0.395,402,0
2016-04-01,05:25:00,0.39,0.39,0.39,0.39,5000,0
2016-04-01,05:30:00,0.39,0.39,0.39,0.39,10000,0
2016-04-01,05:45:00,0.39,0.39,0.39,0.39,1984,0
2016-04-01,08:10:00,0.39,0.39,0.38,0.38,15000,0
2016-04-01,09:15:00,0.38,0.385,0.375,0.375,209500,0
2016-04-01,09:20:00,0.375,0.375,0.375,0.375,40000,0
2016-04-01,09:45:00,0.375,0.375,0.375,0.375,5000,0
2016-04-01,10:00:00,0.375,0.375,0.37,0.375,20000,0
2016-04-05,03:35:00,0.375,0.375,0.375,0.375,668,0
2016-04-05,04:05:00,0.375,0.375,0.36,0.36,10000,0
2016-04-05,04:10:00,0.36,0.36,0.36,0.36,10000,0
2016-04-05,04:20:00,0.36,0.36,0.36,0.36,9000,0
2016-04-05,04:25:00,0.36,0.36,0.36,0.36,190000,0
2016-04-05,04:35:00,0.36,0.36,0.36,0.36,52756,0
2016-04-05,04:40:00,0.355,0.36,0.355,0.36,100000,0
2016-04-05,04:55:00,0.36,0.36,0.36,0.36,25000,0
2016-04-05,05:20:00,0.36,0.36,0.36,0.36,50000,0
2016-04-05,05:45:00,0.36,0.36,0.36,0.36,30000,0
2016-04-05,07:05:00,0.36,0.36,0.36,0.36,10000,0
2016-04-05,08:05:00,0.36,0.36,0.36,0.36,25000,0
2016-04-05,08:10:00,0.36,0.36,0.36,0.36,30000,0
2016-04-05,08:20:00,0.36,0.375,0.36,0.375,100000,0
2016-04-05,08:25:00,0.375,0.38,0.375,0.38,50000,0
2016-04-06,03:55:00,0.36,0.375,0.36,0.36,240000,0
2016-04-06,04:15:00,0.355,0.36,0.355,0.36,110000,0
2016-04-06,04:30:00,0.36,0.36,0.36,0.36,1860,0
2016-04-06,04:40:00,0.36,0.36,0.36,0.36,5000,0
2016-04-06,05:25:00,0.36,0.36,0.36,0.36,30000,0
2016-04-06,05:55:00,0.36,0.36,0.36,0.36,2315,0
2016-04-06,07:05:00,0.36,0.36,0.36,0.36,10000,0
2016-04-06,07:15:00,0.36,0.365,0.36,0.365,10000,0
2016-04-06,07:30:00,0.365,0.365,0.365,0.365,51,0
2016-04-06,08:10:00,0.365,0.365,0.365,0.365,5000,0
2016-04-06,08:25:00,0.365,0.365,0.365,0.365,42,0
2016-04-06,09:30:00,0.365,0.37,0.365,0.37,135000,0
2016-04-06,09:40:00,0.37,0.37,0.37,0.37,100000,0
2016-04-06,09:45:00,0.37,0.37,0.37,0.37,1500,0
2016-04-06,10:00:00,0.37,0.37,0.36,0.36,10000,0
2016-04-07,05:15:00,0.36,0.365,0.36,0.365,200000,0
2016-04-07,08:05:00,0.36,0.365,0.36,0.365,60000,0
2016-04-07,08:10:00,0.365,0.365,0.365,0.365,18103,0
2016-04-07,08:40:00,0.365,0.365,0.365,0.365,25000,0
2016-04-07,08:45:00,0.365,0.365,0.365,0.365,7298,0
2016-04-07,09:00:00,0.365,0.365,0.365,0.365,20000,0
2016-04-07,09:05:00,0.365,0.365,0.365,0.365,15000,0
2016-04-07,09:30:00,0.365,0.365,0.365,0.365,35000,0
2016-04-07,10:00:00,0.365,0.365,0.365,0.365,1050,0
2016-04-08,03:45:00,0.365,0.365,0.365,0.365,25000,0
2016-04-08,04:00:00,0.365,0.365,0.365,0.365,10000,0
2016-04-08,04:55:00,0.365,0.365,0.365,0.365,20000,0
2016-04-08,05:35:00,0.365,0.365,0.365,0.365,10000,0
2016-04-08,05:50:00,0.365,0.365,0.365,0.365,1575,0
2016-04-08,06:00:00,0.36,0.365,0.36,0.365,40000,0
2016-04-08,07:15:00,0.365,0.375,0.365,0.375,135161,0
2016-04-08,07:35:00,0.375,0.375,0.375,0.375,3150,0
2016-04-08,07:45:00,0.375,0.375,0.37,0.37,13522,0
2016-04-08,08:10:00,0.37,0.37,0.365,0.365,70000,0
2016-04-08,08:15:00,0.365,0.365,0.365,0.365,4690,0
2016-04-08,09:15:00,0.365,0.365,0.365,0.365,15000,0
2016-04-08,09:55:00,0.365,0.365,0.365,0.365,5000,0
2016-04-11,06:00:00,0.37,0.39,0.37,0.39,250000,0
2016-04-11,07:05:00,0.375,0.375,0.375,0.375,20000,0
2016-04-11,07:10:00,0.375,0.375,0.375,0.375,2246,0
2016-04-11,07:30:00,0.375,0.375,0.375,0.375,50000,0
2016-04-11,08:20:00,0.375,0.375,0.375,0.375,367,0
2016-04-11,08:50:00,0.375,0.375,0.375,0.375,40000,0
2016-04-11,09:45:00,0.375,0.375,0.375,0.375,303,0
2016-04-11,09:55:00,0.375,0.375,0.375,0.375,96,0
2016-04-12,03:35:00,0.37,0.375,0.365,0.365,71157,0
2016-04-12,03:40:00,0.365,0.365,0.36,0.36,510000,0
2016-04-12,03:50:00,0.36,0.36,0.36,0.36,2000,0
2016-04-12,05:55:00,0.365,0.365,0.365,0.365,5000,0
2016-04-12,07:15:00,0.365,0.365,0.365,0.365,578,0
2016-04-12,08:05:00,0.365,0.37,0.365,0.37,130000,0
2016-04-12,08:30:00,0.37,0.38,0.37,0.38,30000,0
2016-04-12,09:35:00,0.38,0.38,0.38,0.38,55,0
2016-04-12,09:45:00,0.38,0.38,0.38,0.38,10000,0
2016-04-12,09:50:00,0.38,0.38,0.38,0.38,10000,0
2016-04-12,10:00:00,0.38,0.38,0.37,0.37,40000,0
2016-04-13,03:50:00,0.37,0.37,0.37,0.37,30000,0
2016-04-13,04:40:00,0.375,0.375,0.375,0.375,7875,0
2016-04-13,05:15:00,0.375,0.38,0.375,0.38,37000,0
2016-04-13,05:20:00,0.38,0.38,0.38,0.38,2945,0
2016-04-13,05:35:00,0.38,0.38,0.38,0.38,10000,0
2016-04-13,07:55:00,0.38,0.38,0.38,0.38,10000,0
2016-04-13,08:10:00,0.38,0.385,0.38,0.385,11000,0
2016-04-13,08:15:00,0.385,0.385,0.385,0.385,13268,0
2016-04-13,08:20:00,0.385,0.385,0.385,0.385,50000,0
2016-04-13,08:25:00,0.385,0.385,0.385,0.385,52,0
2016-04-13,08:35:00,0.385,0.385,0.385,0.385,10000,0
2016-04-13,08:45:00,0.385,0.385,0.385,0.385,5000,0
2016-04-13,09:00:00,0.385,0.385,0.385,0.385,5000,0
2016-04-13,09:05:00,0.385,0.385,0.385,0.385,2952,0
2016-04-13,09:10:00,0.385,0.385,0.385,0.385,60000,0
2016-04-13,09:20:00,0.385,0.385,0.385,0.385,30000,0
2016-04-13,09:25:00,0.385,0.385,0.385,0.385,40146,0
2016-04-13,09:30:00,0.385,0.385,0.38,0.38,12000,0
2016-04-13,09:45:00,0.38,0.38,0.38,0.38,50511,0
2016-04-13,09:55:00,0.38,0.385,0.38,0.385,177000,0
2016-04-13,10:00:00,0.385,0.385,0.385,0.385,2500,0
