Date,Time,Open,High,Low,Close,Volume,OpenInt
2016-03-14,02:50:00,11,11,10.86,11,8000,0
2016-03-14,03:00:00,11.1,11.1,11.08,11.08,1000,0
2016-03-14,03:20:00,11.08,11.08,11.08,11.08,500,0
2016-03-14,03:30:00,11.08,11.12,11.02,11.12,3000,0
2016-03-14,04:15:00,11.12,11.12,11,11.02,28000,0
2016-03-14,04:20:00,11.02,11.02,11,11,5500,0
2016-03-14,04:25:00,11.02,11.02,10.94,10.94,6000,0
2016-03-14,04:30:00,10.94,10.94,10.86,10.86,10000,0
2016-03-14,04:35:00,10.88,10.88,10.88,10.88,1500,0
2016-03-14,04:40:00,10.88,10.88,10.88,10.88,2000,0
2016-03-14,04:50:00,10.88,10.88,10.88,10.88,500,0
2016-03-14,04:55:00,10.88,10.88,10.88,10.88,500,0
2016-03-14,06:05:00,10.62,10.68,10.62,10.68,2000,0
2016-03-14,06:10:00,10.74,10.86,10.74,10.86,5500,0
2016-03-14,06:15:00,10.86,10.86,10.86,10.86,500,0
2016-03-14,06:40:00,10.72,10.76,10.68,10.76,10000,0
2016-03-14,06:50:00,10.76,10.88,10.76,10.88,46500,0
2016-03-14,06:55:00,10.88,10.88,10.8,10.86,11000,0
2016-03-14,07:00:00,10.86,10.86,10.86,10.86,3500,0
2016-03-14,07:05:00,10.88,10.94,10.88,10.88,4500,0
2016-03-14,07:10:00,10.88,10.88,10.86,10.86,7500,0
2016-03-14,07:20:00,10.86,10.86,10.76,10.78,15000,0
2016-03-14,07:30:00,10.78,10.86,10.78,10.86,11000,0
2016-03-14,07:35:00,10.86,10.86,10.78,10.78,12500,0
2016-03-14,07:40:00,10.78,10.78,10.72,10.72,4610,0
2016-03-14,07:45:00,10.72,10.72,10.68,10.68,8500,0
2016-03-14,07:50:00,10.68,10.7,10.68,10.7,2000,0
2016-03-14,07:55:00,10.7,10.7,10.68,10.68,1000,0
2016-03-14,08:00:00,10.68,10.76,10.68,10.76,34500,0
2016-03-14,08:10:00,10.76,10.76,10.68,10.68,11500,0
2016-03-14,08:15:00,10.68,10.72,10.68,10.7,4000,0
2016-03-14,08:30:00,10.7,10.7,10.7,10.7,2000,0
2016-03-14,08:35:00,10.7,10.7,10.68,10.7,8000,0
2016-03-14,08:40:00,10.7,10.7,10.68,10.7,2000,0
2016-03-14,08:50:00,10.7,10.7,10.7,10.7,500,0
2016-03-14,08:55:00,10.62,10.64,10.62,10.64,3000,0
2016-03-14,09:00:00,10.64,10.7,10.6,10.68,23500,0
2016-03-15,02:50:00,10.7,10.72,10.66,10.68,59500,0
2016-03-15,02:55:00,10.68,10.68,10.64,10.64,4500,0
2016-03-15,03:00:00,10.64,10.64,10.6,10.6,7500,0
2016-03-15,03:05:00,10.6,10.66,10.6,10.6,20000,0
2016-03-15,03:10:00,10.58,10.58,10.5,10.58,28500,0
2016-03-15,03:15:00,10.58,10.58,10.52,10.52,3000,0
2016-03-15,03:20:00,10.52,10.52,10.5,10.5,7000,0
2016-03-15,03:25:00,10.5,10.5,10.42,10.44,25500,0
2016-03-15,03:30:00,10.44,10.52,10.44,10.5,10000,0
2016-03-15,03:45:00,10.5,10.5,10.42,10.5,27000,0
2016-03-15,03:50:00,10.48,10.48,10.44,10.48,2000,0
2016-03-15,03:55:00,10.48,10.48,10.4,10.42,23500,0
2016-03-15,04:00:00,10.42,10.46,10.32,10.32,25000,0
2016-03-15,04:05:00,10.32,10.32,10.3,10.32,33000,0
2016-03-15,04:10:00,10.32,10.32,10.26,10.32,44000,0
2016-03-15,04:15:00,10.32,10.4,10.32,10.32,18000,0
2016-03-15,04:20:00,10.32,10.32,10.22,10.22,38000,0
2016-03-15,04:25:00,10.22,10.3,10.2,10.3,38500,0
2016-03-15,04:30:00,10.3,10.3,10.2,10.2,23500,0
2016-03-15,04:35:00,10.2,10.2,10.2,10.2,4500,0
2016-03-15,04:40:00,10.2,10.2,10.16,10.18,22000,0
2016-03-15,04:45:00,10.18,10.24,10.18,10.18,17500,0
2016-03-15,06:05:00,10.12,10.16,10.1,10.16,31500,0
2016-03-15,06:15:00,10.12,10.16,10.1,10.16,34000,0
2016-03-15,06:20:00,10.16,10.16,10.12,10.16,52000,0
2016-03-15,06:25:00,10.16,10.16,10.12,10.16,45000,0
2016-03-15,06:35:00,10.12,10.16,10.12,10.16,3500,0
2016-03-15,07:00:00,10.12,10.16,10.12,10.16,12500,0
2016-03-15,07:05:00,10.14,10.16,10.12,10.16,29000,0
2016-03-15,07:15:00,10.14,10.16,10.14,10.16,4000,0
2016-03-15,07:20:00,10.12,10.16,10.12,10.16,4500,0
2016-03-15,07:25:00,10.14,10.2,10.14,10.16,20000,0
2016-03-15,07:30:00,10.16,10.2,10.16,10.2,58500,0
2016-03-15,07:35:00,10.2,10.2,10.16,10.2,27000,0
2016-03-15,07:40:00,10.2,10.46,10.2,10.24,208000,0
2016-03-15,07:55:00,10.24,10.24,10.24,10.24,9000,0
2016-03-15,08:00:00,10.24,10.24,10.2,10.2,28000,0
2016-03-15,08:05:00,10.2,10.2,10.2,10.2,9000,0
2016-03-15,08:10:00,10.2,10.2,10.16,10.16,34000,0
2016-03-15,08:15:00,10.16,10.24,10.16,10.24,6000,0
2016-03-15,08:20:00,10.24,10.24,10.16,10.16,7000,0
2016-03-15,08:30:00,10.14,10.18,10.14,10.16,20000,0
2016-03-15,08:35:00,10.12,10.2,10.12,10.2,8000,0
2016-03-15,08:40:00,10.2,10.2,10.14,10.2,52500,0
2016-03-15,08:45:00,10.2,10.22,10.18,10.18,43500,0
2016-03-15,08:50:00,10.18,10.22,10.18,10.2,57500,0
2016-03-15,08:55:00,10.2,10.24,10.2,10.22,47000,0
2016-03-15,09:00:00,10.22,10.24,10.18,10.2,88500,0
2016-03-16,02:35:00,10.34,10.34,10.3,10.3,1000,0
2016-03-16,02:40:00,10.3,10.3,10.3,10.3,500,0
2016-03-16,02:45:00,10.3,10.3,10.24,10.24,7000,0
2016-03-16,02:50:00,10.24,10.24,10.22,10.22,16500,0
2016-03-16,02:55:00,10.26,10.26,10.26,10.26,2000,0
2016-03-16,03:00:00,10.26,10.26,10.24,10.24,11000,0
2016-03-16,03:10:00,10.24,10.3,10.24,10.3,29000,0
2016-03-16,03:20:00,10.3,10.3,10.26,10.28,4500,0
2016-03-16,03:35:00,10.28,10.28,10.26,10.26,2000,0
2016-03-16,03:40:00,10.26,10.26,10.26,10.26,5000,0
2016-03-16,03:45:00,10.26,10.3,10.24,10.3,5500,0
2016-03-16,04:00:00,10.26,10.26,10.22,10.22,15500,0
2016-03-16,04:05:00,10.22,10.22,10.22,10.22,4000,0
2016-03-16,04:10:00,10.2,10.24,10.2,10.22,9000,0
2016-03-16,04:15:00,10.22,10.3,10.22,10.22,6500,0
2016-03-16,04:20:00,10.22,10.22,10.22,10.22,5000,0
2016-03-16,04:25:00,10.22,10.26,10.22,10.24,8500,0
2016-03-16,04:30:00,10.24,10.24,10.24,10.24,5000,0
2016-03-16,04:35:00,10.24,10.26,10.24,10.26,3500,0
2016-03-16,04:40:00,10.26,10.26,10.26,10.26,1000,0
2016-03-16,04:45:00,10.26,10.26,10.24,10.26,8500,0
2016-03-16,04:50:00,10.26,10.26,10.26,10.26,500,0
2016-03-16,04:55:00,10.26,10.26,10.24,10.24,6500,0
2016-03-16,05:00:00,10.26,10.26,10.26,10.26,5500,0
2016-03-16,06:10:00,10.26,10.28,10.24,10.24,8500,0
2016-03-16,06:15:00,10.24,10.32,10.24,10.32,1000,0
2016-03-16,06:20:00,10.32,10.32,10.32,10.32,500,0
2016-03-16,06:30:00,10.3,10.3,10.3,10.3,500,0
2016-03-16,06:35:00,10.3,10.3,10.3,10.3,500,0
2016-03-16,06:40:00,10.3,10.3,10.3,10.3,5000,0
2016-03-16,06:45:00,10.28,10.28,10.28,10.28,500,0
2016-03-16,06:55:00,10.28,10.3,10.28,10.3,3000,0
2016-03-16,07:00:00,10.3,10.36,10.3,10.36,22000,0
2016-03-16,07:20:00,10.34,10.34,10.34,10.34,1000,0
2016-03-16,07:25:00,10.34,10.4,10.34,10.4,37500,0
2016-03-16,07:35:00,10.4,10.4,10.4,10.4,2000,0
2016-03-16,07:55:00,10.38,10.38,10.32,10.32,17500,0
2016-03-16,08:05:00,10.32,10.32,10.32,10.32,1000,0
2016-03-16,08:10:00,10.32,10.34,10.32,10.34,3500,0
2016-03-16,08:20:00,10.34,10.36,10.34,10.36,1500,0
2016-03-16,08:25:00,10.38,10.38,10.36,10.36,10500,0
2016-03-16,08:35:00,10.36,10.4,10.36,10.36,15500,0
2016-03-16,08:40:00,10.36,10.4,10.36,10.4,7000,0
2016-03-16,08:45:00,10.4,10.4,10.4,10.4,4000,0
2016-03-16,08:50:00,10.4,10.42,10.36,10.42,11000,0
2016-03-16,08:55:00,10.42,10.42,10.34,10.34,16500,0
2016-03-16,09:00:00,10.34,10.38,10.3,10.38,27000,0
2016-03-17,02:55:00,10.5,10.5,10.32,10.38,9000,0
2016-03-17,03:00:00,10.38,10.4,10.38,10.4,1000,0
2016-03-17,03:05:00,10.4,10.4,10.32,10.4,8500,0
2016-03-17,03:10:00,10.4,10.4,10.3,10.4,11000,0
2016-03-17,03:15:00,10.4,10.4,10.3,10.4,11000,0
2016-03-17,03:20:00,10.4,10.4,10.4,10.4,500,0
2016-03-17,03:25:00,10.4,10.4,10.32,10.4,2000,0
2016-03-17,03:30:00,10.4,10.4,10.36,10.36,6000,0
2016-03-17,03:35:00,10.36,10.44,10.36,10.44,20000,0
2016-03-17,03:45:00,10.4,10.4,10.4,10.4,500,0
2016-03-17,03:50:00,10.4,10.4,10.4,10.4,500,0
2016-03-17,04:10:00,10.42,10.44,10.4,10.44,14500,0
2016-03-17,04:20:00,10.44,10.44,10.44,10.44,500,0
2016-03-17,04:30:00,10.44,10.5,10.44,10.48,15000,0
2016-03-17,04:45:00,10.48,10.5,10.48,10.5,22000,0
2016-03-17,04:50:00,10.5,10.5,10.46,10.46,20500,0
2016-03-17,06:05:00,10.46,10.54,10.46,10.52,3500,0
2016-03-17,06:10:00,10.52,10.52,10.52,10.52,9000,0
2016-03-17,06:15:00,10.52,10.52,10.48,10.48,5500,0
2016-03-17,06:20:00,10.48,10.48,10.48,10.48,5500,0
2016-03-17,06:25:00,10.48,10.52,10.48,10.52,1000,0
2016-03-17,06:30:00,10.52,10.52,10.48,10.48,5500,0
2016-03-17,06:40:00,10.48,10.5,10.48,10.5,1500,0
2016-03-17,06:50:00,10.5,10.52,10.48,10.52,2500,0
2016-03-17,07:00:00,10.52,10.52,10.52,10.52,500,0
2016-03-17,07:05:00,10.52,10.52,10.48,10.48,4500,0
2016-03-17,07:15:00,10.48,10.52,10.48,10.52,1000,0
2016-03-17,07:20:00,10.52,10.52,10.48,10.48,22000,0
2016-03-17,07:25:00,10.48,10.54,10.48,10.54,1500,0
2016-03-17,07:30:00,10.54,10.54,10.46,10.48,6500,0
2016-03-17,07:40:00,10.48,10.48,10.48,10.48,10000,0
2016-03-17,07:45:00,10.48,10.52,10.42,10.52,27000,0
2016-03-17,07:50:00,10.52,10.52,10.48,10.48,3000,0
2016-03-17,07:55:00,10.48,10.52,10.48,10.48,4500,0
2016-03-17,08:00:00,10.48,10.5,10.46,10.5,4500,0
2016-03-17,08:05:00,10.5,10.5,10.46,10.46,1500,0
2016-03-17,08:15:00,10.46,10.46,10.44,10.44,4500,0
2016-03-17,08:20:00,10.44,10.5,10.42,10.44,22000,0
2016-03-17,08:25:00,10.44,10.44,10.42,10.44,16000,0
2016-03-17,08:30:00,10.44,10.44,10.44,10.44,2000,0
2016-03-17,08:45:00,10.44,10.48,10.44,10.48,6000,0
2016-03-17,08:55:00,10.48,10.48,10.46,10.46,2500,0
2016-03-17,09:00:00,10.46,10.48,10.46,10.48,4500,0
2016-03-18,02:35:00,10.36,10.36,10.32,10.36,32000,0
2016-03-18,02:45:00,10.36,10.36,10.32,10.36,30500,0
2016-03-18,02:50:00,10.36,10.46,10.36,10.36,76431,0
2016-03-18,02:55:00,10.36,10.4,10.34,10.34,149000,0
2016-03-18,03:00:00,10.34,10.38,10.28,10.3,95000,0
2016-03-18,03:05:00,10.3,10.3,10.3,10.3,16767,0
2016-03-18,03:10:00,10.3,10.3,10.28,10.3,17500,0
2016-03-18,03:15:00,10.3,10.3,10.24,10.28,56000,0
2016-03-18,03:20:00,10.28,10.28,10.18,10.28,53500,0
2016-03-18,03:25:00,10.28,10.3,10.24,10.26,103000,0
2016-03-18,03:30:00,10.26,10.26,10.24,10.26,55000,0
2016-03-18,03:35:00,10.26,10.32,10.26,10.26,81000,0
2016-03-18,03:40:00,10.26,10.3,10.24,10.28,32500,0
2016-03-18,03:45:00,10.28,10.28,10.24,10.28,64000,0
2016-03-18,03:50:00,10.28,10.28,10.2,10.28,85000,0
2016-03-18,03:55:00,10.28,10.34,10.2,10.28,64000,0
2016-03-18,04:00:00,10.28,10.3,10.2,10.3,132000,0
2016-03-18,04:05:00,10.3,10.3,10.2,10.24,139000,0
2016-03-18,04:10:00,10.24,10.26,10.18,10.26,81500,0
2016-03-18,04:15:00,10.26,10.28,10.26,10.28,17000,0
2016-03-18,04:20:00,10.28,10.28,10.2,10.2,64000,0
2016-03-18,04:25:00,10.2,10.22,10.2,10.22,46000,0
2016-03-18,04:30:00,10.22,10.24,10.22,10.22,47500,0
2016-03-18,04:35:00,10.22,10.24,10.2,10.2,62500,0
2016-03-18,04:40:00,10.2,10.22,10.18,10.18,49000,0
2016-03-18,04:45:00,10.18,10.2,10.18,10.18,25000,0
2016-03-18,04:50:00,10.18,10.18,10.12,10.18,46500,0
2016-03-18,04:55:00,10.18,10.18,10.1,10.1,104000,0
2016-03-18,05:00:00,10.1,10.12,10.06,10.1,51500,0
2016-03-18,06:05:00,10.1,10.12,10.08,10.08,8000,0
2016-03-18,06:10:00,10.08,10.1,10.06,10.06,36500,0
2016-03-18,06:15:00,10.06,10.08,10.06,10.06,46000,0
2016-03-18,06:20:00,10.06,10.08,10.04,10.06,45000,0
2016-03-18,06:25:00,10.06,10.06,10.04,10.06,13000,0
2016-03-18,06:30:00,10.06,10.08,10.06,10.08,18500,0
2016-03-18,06:35:00,10.08,10.08,10.06,10.08,13500,0
2016-03-18,06:40:00,10.08,10.1,10.06,10.1,86500,0
2016-03-18,06:45:00,10.1,10.1,10.06,10.06,63500,0
2016-03-18,06:50:00,10.06,10.08,10.06,10.06,38500,0
2016-03-18,06:55:00,10.06,10.08,10.06,10.08,73000,0
2016-03-18,07:00:00,10.08,10.08,10.06,10.06,17000,0
2016-03-18,07:05:00,10.06,10.1,10.04,10.04,84000,0
2016-03-18,07:10:00,10.04,10.1,10.02,10.08,82500,0
2016-03-18,07:15:00,10.08,10.1,10.08,10.1,59000,0
2016-03-18,07:20:00,10.1,10.1,10.1,10.1,4000,0
2016-03-18,07:25:00,10.1,10.1,10.06,10.06,113000,0
2016-03-18,07:30:00,10.06,10.1,10.06,10.1,33000,0
2016-03-18,07:35:00,10.1,10.1,10.06,10.06,23000,0
2016-03-18,07:40:00,10.06,10.08,10.06,10.06,20500,0
2016-03-18,07:45:00,10.06,10.08,10.06,10.08,2500,0
2016-03-18,07:50:00,10.08,10.08,10.06,10.06,40500,0
2016-03-18,07:55:00,10.06,10.08,10.06,10.06,7000,0
2016-03-18,08:00:00,10.06,10.08,10.06,10.06,52500,0
2016-03-18,08:05:00,10.06,10.08,10.04,10.04,55000,0
2016-03-18,08:10:00,10.04,10.08,10.04,10.08,57000,0
2016-03-18,08:15:00,10.08,10.08,10.06,10.06,72000,0
2016-03-18,08:20:00,10.06,10.06,10.04,10.04,28000,0
2016-03-18,08:25:00,10.06,10.06,10.04,10.04,44000,0
2016-03-18,08:30:00,10.02,10.04,10.02,10.04,36500,0
2016-03-18,08:35:00,10.02,10.08,10.02,10.04,49500,0
2016-03-18,08:40:00,10.06,10.08,10.04,10.04,45000,0
2016-03-18,08:45:00,10.02,10.08,10.02,10.08,77500,0
2016-03-18,08:50:00,10.08,10.08,10,10.04,93000,0
2016-03-18,08:55:00,10.02,10.08,10.02,10.08,112000,0
2016-03-18,09:00:00,10.08,10.34,10.02,10.08,6577500,0
2016-03-21,02:35:00,10.22,10.3,10.22,10.22,2500,0
2016-03-21,02:40:00,10.22,10.26,10.18,10.22,31000,0
2016-03-21,02:45:00,10.22,10.26,10.12,10.26,29000,0
2016-03-21,02:50:00,10.26,10.26,10.22,10.22,4500,0
2016-03-21,02:55:00,10.22,10.22,10.22,10.22,5500,0
2016-03-21,03:00:00,10.22,10.22,10.18,10.18,16500,0
2016-03-21,03:05:00,10.18,10.18,10.16,10.16,2000,0
2016-03-21,03:10:00,10.16,10.26,10.16,10.26,11500,0
2016-03-21,03:15:00,10.26,10.28,10.26,10.26,14000,0
2016-03-21,03:20:00,10.26,10.28,10.26,10.28,1500,0
2016-03-21,03:25:00,10.28,10.28,10.26,10.26,1000,0
2016-03-21,03:30:00,10.26,10.28,10.26,10.28,4000,0
2016-03-21,03:35:00,10.28,10.28,10.28,10.28,4500,0
2016-03-21,03:40:00,10.28,10.28,10.26,10.26,6000,0
2016-03-21,03:45:00,10.26,10.26,10.24,10.24,22000,0
2016-03-21,03:50:00,10.24,10.24,10.2,10.2,6500,0
2016-03-21,03:55:00,10.2,10.2,10.2,10.2,2000,0
2016-03-21,04:00:00,10.2,10.22,10.2,10.22,3000,0
2016-03-21,04:05:00,10.22,10.22,10.2,10.22,5500,0
2016-03-21,04:15:00,10.22,10.26,10.22,10.22,2500,0
2016-03-21,04:20:00,10.22,10.26,10.22,10.22,6000,0
2016-03-21,04:25:00,10.22,10.22,10.18,10.18,5500,0
2016-03-21,04:30:00,10.18,10.18,10.08,10.14,61000,0
2016-03-21,04:35:00,10.14,10.2,10.08,10.2,42000,0
2016-03-21,04:40:00,10.2,10.2,10.16,10.18,16500,0
2016-03-21,04:45:00,10.18,10.18,10.16,10.18,3500,0
2016-03-21,04:50:00,10.18,10.18,10.16,10.16,1000,0
2016-03-21,04:55:00,10.16,10.16,10.12,10.12,14500,0
2016-03-21,05:00:00,10.12,10.12,10.12,10.12,7000,0
2016-03-21,06:05:00,10.12,10.12,10.1,10.1,16000,0
2016-03-21,06:10:00,10.1,10.12,10.1,10.12,1500,0
2016-03-21,06:15:00,10.12,10.12,10.1,10.12,5000,0
2016-03-21,06:20:00,10.12,10.12,10.1,10.12,9000,0
2016-03-21,06:25:00,10.12,10.12,10.1,10.1,4000,0
2016-03-21,06:45:00,10.1,10.1,10.1,10.1,3000,0
2016-03-21,06:50:00,10.1,10.1,10.08,10.08,1000,0
2016-03-21,07:00:00,10.08,10.08,10.08,10.08,6000,0
2016-03-21,07:05:00,10.08,10.08,10.08,10.08,500,0
2016-03-21,07:20:00,10.08,10.08,10.08,10.08,500,0
2016-03-21,07:30:00,10,10.12,10,10.12,30500,0
2016-03-21,07:35:00,10.12,10.12,10.04,10.04,8000,0
2016-03-21,07:45:00,10.14,10.14,10.08,10.08,3500,0
2016-03-21,07:55:00,10.1,10.18,10.08,10.08,5500,0
2016-03-21,08:00:00,10.08,10.08,10.08,10.08,500,0
2016-03-21,08:05:00,10.1,10.1,10.1,10.1,500,0
2016-03-21,08:10:00,10.1,10.1,10.1,10.1,500,0
2016-03-21,08:15:00,10.1,10.1,10.08,10.08,1000,0
2016-03-21,08:20:00,10.08,10.12,10.08,10.12,7500,0
2016-03-21,08:30:00,10.12,10.14,10.12,10.14,8000,0
2016-03-21,08:35:00,10.14,10.14,10.12,10.14,3000,0
2016-03-21,08:45:00,10.14,10.14,10.12,10.14,5500,0
2016-03-21,08:50:00,10.14,10.18,10.12,10.18,25000,0
2016-03-21,08:55:00,10.18,10.2,10.18,10.2,13500,0
2016-03-21,09:00:00,10.2,10.22,10.16,10.22,28000,0
2016-03-22,02:45:00,10.22,10.3,10.22,10.28,115500,0
2016-03-22,02:50:00,10.26,10.28,10.26,10.28,2000,0
2016-03-22,02:55:00,10.26,10.3,10.26,10.3,19000,0
2016-03-22,03:00:00,10.3,10.36,10.3,10.36,10500,0
2016-03-22,03:05:00,10.36,10.36,10.36,10.36,10500,0
2016-03-22,03:10:00,10.32,10.34,10.32,10.34,22000,0
2016-03-22,03:15:00,10.34,10.36,10.3,10.32,12500,0
2016-03-22,03:20:00,10.32,10.32,10.32,10.32,1500,0
2016-03-22,03:25:00,10.32,10.32,10.3,10.32,2000,0
2016-03-22,03:30:00,10.32,10.32,10.3,10.3,3500,0
2016-03-22,03:35:00,10.3,10.32,10.3,10.32,5500,0
2016-03-22,03:40:00,10.32,10.32,10.3,10.32,17000,0
2016-03-22,03:45:00,10.3,10.34,10.3,10.34,4000,0
2016-03-22,03:50:00,10.34,10.34,10.32,10.32,6000,0
2016-03-22,03:55:00,10.32,10.32,10.32,10.32,5500,0
2016-03-22,04:05:00,10.32,10.32,10.3,10.32,32000,0
2016-03-22,04:10:00,10.32,10.34,10.32,10.32,12000,0
2016-03-22,04:20:00,10.32,10.34,10.32,10.34,2500,0
2016-03-22,04:25:00,10.34,10.34,10.32,10.32,3000,0
2016-03-22,04:30:00,10.32,10.32,10.32,10.32,3000,0
2016-03-22,04:35:00,10.32,10.34,10.32,10.34,3000,0
2016-03-22,04:40:00,10.34,10.34,10.32,10.32,3000,0
2016-03-22,04:45:00,10.32,10.34,10.32,10.32,14000,0
2016-03-22,04:55:00,10.34,10.34,10.3,10.3,5500,0
2016-03-22,06:05:00,10.3,10.36,10.3,10.36,1000,0
2016-03-22,06:15:00,10.36,10.36,10.3,10.3,6000,0
2016-03-22,06:20:00,10.3,10.32,10.3,10.3,21000,0
2016-03-22,06:25:00,10.3,10.36,10.28,10.28,21500,0
2016-03-22,06:30:00,10.28,10.3,10.28,10.3,10000,0
2016-03-22,06:35:00,10.3,10.32,10.28,10.32,8500,0
2016-03-22,06:40:00,10.32,10.32,10.28,10.28,10500,0
2016-03-22,06:45:00,10.28,10.36,10.28,10.28,23500,0
2016-03-22,06:50:00,10.28,10.32,10.28,10.28,22500,0
2016-03-22,06:55:00,10.28,10.3,10.28,10.3,6000,0
2016-03-22,07:00:00,10.3,10.34,10.28,10.28,14500,0
2016-03-22,07:05:00,10.28,10.3,10.28,10.28,10000,0
2016-03-22,07:10:00,10.28,10.32,10.28,10.3,27500,0
2016-03-22,07:15:00,10.3,10.32,10.28,10.28,18500,0
2016-03-22,07:20:00,10.28,10.32,10.28,10.28,8000,0
2016-03-22,07:25:00,10.28,10.3,10.28,10.28,46500,0
2016-03-22,07:30:00,10.28,10.3,10.28,10.28,9500,0
2016-03-22,07:35:00,10.28,10.32,10.28,10.28,9000,0
2016-03-22,07:45:00,10.28,10.28,10.28,10.28,500,0
2016-03-22,07:50:00,10.28,10.3,10.28,10.3,15500,0
2016-03-22,07:55:00,10.3,10.32,10.3,10.32,1000,0
2016-03-22,08:05:00,10.32,10.32,10.28,10.28,11500,0
2016-03-22,08:10:00,10.28,10.3,10.28,10.3,8000,0
2016-03-22,08:15:00,10.3,10.32,10.28,10.28,2000,0
2016-03-22,08:20:00,10.28,10.28,10.28,10.28,11000,0
2016-03-22,08:25:00,10.28,10.3,10.26,10.26,26500,0
2016-03-22,08:30:00,10.26,10.28,10.26,10.26,27500,0
2016-03-22,08:35:00,10.26,10.28,10.26,10.26,18500,0
2016-03-22,08:40:00,10.26,10.28,10.24,10.28,25000,0
2016-03-22,08:45:00,10.28,10.28,10.24,10.28,34500,0
2016-03-22,08:50:00,10.28,10.28,10.24,10.26,45500,0
2016-03-22,08:55:00,10.26,10.28,10.06,10.24,175500,0
2016-03-22,09:00:00,10.22,10.24,10.08,10.2,191000,0
2016-03-23,02:50:00,10.32,10.32,10.28,10.3,30500,0
2016-03-23,02:55:00,10.3,10.32,10.28,10.32,13500,0
2016-03-23,03:05:00,10.32,10.36,10.3,10.3,23500,0
2016-03-23,03:10:00,10.32,10.32,10.32,10.32,7000,0
2016-03-23,03:15:00,10.32,10.32,10.3,10.3,13500,0
2016-03-23,03:20:00,10.3,10.3,10.3,10.3,1000,0
2016-03-23,03:25:00,10.3,10.32,10.3,10.3,2500,0
2016-03-23,03:30:00,10.3,10.3,10.3,10.3,14500,0
2016-03-23,03:35:00,10.3,10.3,10.26,10.26,26000,0
2016-03-23,03:40:00,10.26,10.28,10.24,10.28,21000,0
2016-03-23,03:45:00,10.28,10.3,10.28,10.3,1000,0
2016-03-23,03:50:00,10.3,10.32,10.28,10.28,8500,0
2016-03-23,03:55:00,10.28,10.36,10.28,10.28,41000,0
2016-03-23,04:05:00,10.28,10.32,10.28,10.32,8000,0
2016-03-23,04:10:00,10.32,10.32,10.3,10.3,2500,0
2016-03-23,04:15:00,10.3,10.3,10.3,10.3,1500,0
2016-03-23,04:20:00,10.3,10.32,10.28,10.3,49500,0
2016-03-23,04:25:00,10.3,10.3,10.3,10.3,500,0
2016-03-23,04:30:00,10.3,10.32,10.3,10.3,5500,0
2016-03-23,04:35:00,10.3,10.32,10.3,10.3,3000,0
2016-03-23,04:40:00,10.3,10.3,10.28,10.28,36000,0
2016-03-23,04:45:00,10.28,10.3,10.28,10.3,17000,0
2016-03-23,04:50:00,10.3,10.3,10.3,10.3,500,0
2016-03-23,04:55:00,10.3,10.32,10.3,10.3,2500,0
2016-03-23,05:00:00,10.3,10.3,10.28,10.3,18000,0
2016-03-23,06:05:00,10.3,10.3,10.28,10.28,34000,0
2016-03-23,06:10:00,10.28,10.28,10.28,10.28,500,0
2016-03-23,06:15:00,10.28,10.28,10.28,10.28,1000,0
2016-03-23,06:20:00,10.28,10.3,10.28,10.28,3000,0
2016-03-23,06:25:00,10.28,10.3,10.28,10.3,19500,0
2016-03-23,06:30:00,10.3,10.3,10.28,10.3,16500,0
2016-03-23,06:35:00,10.3,10.3,10.28,10.28,1000,0
2016-03-23,06:40:00,10.28,10.3,10.28,10.3,8500,0
2016-03-23,06:45:00,10.3,10.3,10.28,10.3,16000,0
2016-03-23,06:50:00,10.3,10.3,10.3,10.3,5500,0
2016-03-23,06:55:00,10.3,10.3,10.3,10.3,500,0
2016-03-23,07:00:00,10.3,10.3,10.28,10.28,2500,0
2016-03-23,07:05:00,10.28,10.3,10.28,10.3,6000,0
2016-03-23,07:10:00,10.3,10.3,10.28,10.28,12000,0
2016-03-23,07:15:00,10.28,10.3,10.28,10.3,6500,0
2016-03-23,07:20:00,10.3,10.3,10.3,10.3,500,0
2016-03-23,07:25:00,10.3,10.3,10.28,10.3,16000,0
2016-03-23,07:30:00,10.3,10.3,10.28,10.28,5000,0
2016-03-23,07:35:00,10.28,10.3,10.28,10.3,9500,0
2016-03-23,07:40:00,10.3,10.3,10.28,10.28,16000,0
2016-03-23,07:45:00,10.28,10.28,10.28,10.28,1000,0
2016-03-23,07:50:00,10.28,10.3,10.28,10.3,2000,0
2016-03-23,07:55:00,10.3,10.3,10.3,10.3,3500,0
2016-03-23,08:00:00,10.3,10.3,10.28,10.3,19000,0
2016-03-23,08:05:00,10.3,10.3,10.3,10.3,7000,0
2016-03-23,08:10:00,10.3,10.34,10.3,10.32,22500,0
2016-03-23,08:15:00,10.32,10.32,10.32,10.32,5000,0
2016-03-23,08:20:00,10.32,10.32,10.32,10.32,5500,0
2016-03-23,08:25:00,10.32,10.32,10.32,10.32,500,0
2016-03-23,08:30:00,10.32,10.34,10.32,10.34,17500,0
2016-03-23,08:35:00,10.34,10.38,10.34,10.38,25000,0
2016-03-23,08:40:00,10.38,10.38,10.36,10.36,14500,0
2016-03-23,08:45:00,10.36,10.38,10.32,10.32,30000,0
2016-03-23,08:50:00,10.32,10.34,10.32,10.34,3500,0
2016-03-23,08:55:00,10.34,10.34,10.3,10.32,16000,0
2016-03-23,09:00:00,10.32,10.38,10.32,10.34,40500,0
2016-03-24,02:35:00,10.38,10.38,10.34,10.38,1000,0
2016-03-24,02:40:00,10.38,10.38,10.36,10.36,2500,0
2016-03-24,02:55:00,10.28,10.38,10.28,10.3,6000,0
2016-03-24,03:00:00,10.3,10.4,10.3,10.4,16500,0
2016-03-24,03:10:00,10.4,10.4,10.32,10.4,9500,0
2016-03-24,03:15:00,10.4,10.4,10.32,10.38,29000,0
2016-03-24,03:20:00,10.38,10.4,10.38,10.4,1500,0
2016-03-24,03:25:00,10.4,10.42,10.4,10.42,1000,0
2016-03-24,03:35:00,10.42,10.42,10.42,10.42,500,0
2016-03-24,03:40:00,10.42,10.42,10.34,10.36,14500,0
2016-03-24,03:45:00,10.36,10.4,10.36,10.4,1000,0
2016-03-24,04:00:00,10.4,10.4,10.4,10.4,500,0
2016-03-24,04:05:00,10.4,10.4,10.36,10.36,2000,0
2016-03-24,04:10:00,10.36,10.36,10.36,10.36,500,0
2016-03-24,04:15:00,10.36,10.36,10.3,10.3,11000,0
2016-03-24,04:20:00,10.28,10.36,10.28,10.36,1000,0
2016-03-24,04:35:00,10.3,10.32,10.3,10.32,5000,0
2016-03-24,04:50:00,10.32,10.4,10.32,10.38,24500,0
2016-03-24,04:55:00,10.38,10.4,10.36,10.36,3500,0
2016-03-24,06:05:00,10.36,10.36,10.36,10.36,1500,0
2016-03-24,06:10:00,10.36,10.36,10.34,10.34,2500,0
2016-03-24,06:15:00,10.34,10.34,10.3,10.32,9500,0
2016-03-24,06:20:00,10.32,10.32,10.32,10.32,1000,0
2016-03-24,06:25:00,10.32,10.4,10.32,10.4,32500,0
2016-03-24,06:35:00,10.4,10.4,10.38,10.4,5500,0
2016-03-24,06:45:00,10.38,10.4,10.38,10.4,7000,0
2016-03-24,06:55:00,10.4,10.4,10.36,10.4,75500,0
2016-03-24,07:00:00,10.4,10.4,10.4,10.4,4500,0
2016-03-24,07:05:00,10.4,10.66,10.4,10.48,277500,0
2016-03-24,07:10:00,10.48,10.56,10.48,10.56,6500,0
2016-03-24,07:15:00,10.56,10.56,10.52,10.56,7500,0
2016-03-24,07:20:00,10.56,10.68,10.54,10.68,75000,0
2016-03-24,07:25:00,10.68,10.7,10.66,10.7,29000,0
2016-03-24,07:30:00,10.7,10.8,10.7,10.8,81500,0
2016-03-24,07:35:00,10.8,11.14,10.8,11.14,204000,0
2016-03-24,07:40:00,11.14,11.5,11.12,11.5,71500,0
2016-03-24,07:45:00,11.5,11.6,11.4,11.4,156000,0
2016-03-24,07:50:00,11.4,11.42,11.4,11.42,3000,0
2016-03-24,07:55:00,11.42,11.42,11.3,11.34,42500,0
2016-03-24,08:00:00,11.34,11.4,11.26,11.28,44000,0
2016-03-24,08:05:00,11.28,11.34,11,11.08,51500,0
2016-03-24,08:10:00,11.08,11.34,11.08,11.32,85500,0
2016-03-24,08:15:00,11.32,11.32,11.24,11.24,33000,0
2016-03-24,08:20:00,11.24,11.24,11.14,11.14,5000,0
2016-03-24,08:25:00,11.14,11.16,10.92,11.04,22000,0
2016-03-24,08:30:00,11.04,11.12,11.02,11.02,11500,0
2016-03-24,08:35:00,10.98,10.98,10.82,10.9,7000,0
2016-03-24,08:40:00,10.9,11.04,10.9,11.04,37500,0
2016-03-24,08:45:00,11.04,11.04,10.92,10.94,26500,0
2016-03-24,08:50:00,10.94,10.94,10.82,10.86,32500,0
2016-03-24,08:55:00,10.86,10.98,10.84,10.94,33000,0
2016-03-24,09:00:00,10.94,10.94,10.82,10.9,45500,0
2016-03-29,03:35:00,10.86,10.86,10.56,10.72,93000,0
2016-03-29,03:40:00,10.72,10.76,10.66,10.66,34500,0
2016-03-29,03:45:00,10.66,10.74,10.6,10.6,61000,0
2016-03-29,03:55:00,10.52,10.56,10.52,10.56,11500,0
2016-03-29,04:00:00,10.56,10.66,10.56,10.64,31500,0
2016-03-29,04:05:00,10.64,10.66,10.56,10.56,87000,0
2016-03-29,04:10:00,10.56,10.9,10.56,10.68,266500,0
2016-03-29,04:15:00,10.68,10.68,10.66,10.68,6000,0
2016-03-29,04:20:00,10.66,10.66,10.58,10.66,2000,0
2016-03-29,04:25:00,10.62,10.62,10.56,10.56,16000,0
2016-03-29,04:30:00,10.56,10.58,10.54,10.58,20000,0
2016-03-29,04:35:00,10.58,10.58,10.54,10.54,13000,0
2016-03-29,04:40:00,10.54,10.54,10.52,10.54,2500,0
2016-03-29,04:45:00,10.52,10.52,10.5,10.52,5000,0
2016-03-29,04:50:00,10.52,10.52,10.42,10.44,40500,0
2016-03-29,04:55:00,10.44,10.44,10.42,10.44,3000,0
2016-03-29,05:00:00,10.44,10.44,10.42,10.42,6000,0
2016-03-29,05:05:00,10.42,10.44,10.38,10.4,15000,0
2016-03-29,05:10:00,10.4,10.44,10.38,10.44,7000,0
2016-03-29,05:15:00,10.44,10.44,10.38,10.4,7500,0
2016-03-29,05:20:00,10.4,10.4,10.38,10.4,3500,0
2016-03-29,05:25:00,10.4,10.4,10.34,10.4,15500,0
2016-03-29,05:30:00,10.4,10.4,10.34,10.34,4500,0
2016-03-29,05:35:00,10.34,10.44,10.34,10.44,24500,0
2016-03-29,05:40:00,10.44,10.46,10.44,10.46,2000,0
2016-03-29,05:45:00,10.44,10.44,10.44,10.44,1000,0
2016-03-29,05:50:00,10.42,10.42,10.32,10.34,20500,0
2016-03-29,05:55:00,10.34,10.34,10.28,10.34,16000,0
2016-03-29,06:00:00,10.34,10.34,10.28,10.34,2500,0
2016-03-29,07:05:00,10.34,10.34,10.28,10.3,26000,0
2016-03-29,07:10:00,10.3,10.3,10.28,10.3,7000,0
2016-03-29,07:15:00,10.3,10.3,10.3,10.3,500,0
2016-03-29,07:20:00,10.3,10.3,10.28,10.3,6500,0
2016-03-29,07:25:00,10.3,10.3,10.28,10.3,6000,0
2016-03-29,07:30:00,10.3,10.3,10.28,10.3,4500,0
2016-03-29,07:35:00,10.28,10.28,10.26,10.26,2000,0
2016-03-29,07:40:00,10.22,10.28,10.22,10.28,28000,0
2016-03-29,07:45:00,10.28,10.36,10.28,10.28,28500,0
2016-03-29,07:50:00,10.28,10.36,10.28,10.36,1500,0
2016-03-29,07:55:00,10.36,10.36,10.36,10.36,500,0
2016-03-29,08:00:00,10.36,10.36,10.28,10.28,12000,0
2016-03-29,08:05:00,10.24,10.32,10.24,10.32,20000,0
2016-03-29,08:10:00,10.32,10.34,10.32,10.34,1500,0
2016-03-29,08:15:00,10.32,10.32,10.26,10.32,7000,0
2016-03-29,08:20:00,10.3,10.3,10.28,10.28,1500,0
2016-03-29,08:25:00,10.28,10.28,10.26,10.28,7000,0
2016-03-29,08:30:00,10.28,10.36,10.26,10.36,58000,0
2016-03-29,08:35:00,10.36,10.36,10.26,10.34,38000,0
2016-03-29,08:40:00,10.34,10.34,10.26,10.28,9500,0
2016-03-29,08:45:00,10.28,10.28,10.28,10.28,500,0
2016-03-29,08:50:00,10.28,10.3,10.28,10.3,3000,0
2016-03-29,08:55:00,10.3,10.3,10.28,10.28,11000,0
2016-03-29,09:00:00,10.28,10.36,10.26,10.34,69500,0
2016-03-29,09:05:00,10.34,10.36,10.3,10.36,10500,0
2016-03-29,09:10:00,10.36,10.36,10.2,10.34,58000,0
2016-03-29,09:15:00,10.34,10.34,10.26,10.34,3000,0
2016-03-29,09:20:00,10.32,10.32,10.26,10.28,4000,0
2016-03-29,09:25:00,10.28,10.28,10.26,10.28,19000,0
2016-03-29,09:30:00,10.28,10.34,10.22,10.34,49000,0
2016-03-29,09:35:00,10.34,10.38,10.28,10.38,33000,0
2016-03-29,09:40:00,10.34,10.4,10.34,10.4,26500,0
2016-03-29,09:45:00,10.4,10.48,10.34,10.42,95500,0
2016-03-29,09:50:00,10.42,10.52,10.32,10.4,43000,0
2016-03-29,09:55:00,10.4,10.48,10.38,10.46,13500,0
2016-03-29,10:00:00,10.46,10.46,10.38,10.4,31500,0
2016-03-30,03:35:00,10.3,10.56,10.2,10.4,66500,0
2016-03-30,03:40:00,10.4,10.42,10.4,10.42,13000,0
2016-03-30,03:45:00,10.42,10.42,10.4,10.4,24000,0
2016-03-30,03:50:00,10.4,10.44,10.4,10.44,9000,0
2016-03-30,03:55:00,10.44,10.44,10.42,10.42,4000,0
2016-03-30,04:00:00,10.42,10.42,10.4,10.4,19000,0
2016-03-30,04:05:00,10.4,10.42,10.4,10.42,37000,0
2016-03-30,04:10:00,10.42,10.42,10.4,10.4,23000,0
2016-03-30,04:15:00,10.4,10.42,10.4,10.42,1500,0
2016-03-30,04:20:00,10.42,10.42,10.4,10.42,35500,0
2016-03-30,04:25:00,10.42,10.46,10.42,10.46,14000,0
2016-03-30,04:30:00,10.46,10.46,10.46,10.46,3500,0
2016-03-30,04:35:00,10.46,10.46,10.4,10.4,6500,0
2016-03-30,04:40:00,10.44,10.46,10.44,10.46,2000,0
2016-03-30,04:45:00,10.46,10.46,10.46,10.46,1000,0
2016-03-30,04:50:00,10.46,10.46,10.4,10.42,16500,0
2016-03-30,04:55:00,10.42,10.42,10.42,10.42,1500,0
2016-03-30,05:00:00,10.42,10.42,10.4,10.42,24000,0
2016-03-30,05:05:00,10.42,10.42,10.4,10.4,6500,0
2016-03-30,05:10:00,10.4,10.42,10.4,10.4,9000,0
2016-03-30,05:15:00,10.44,10.46,10.44,10.46,2000,0
2016-03-30,05:20:00,10.46,10.46,10.44,10.44,6500,0
2016-03-30,05:25:00,10.44,10.46,10.44,10.46,2000,0
2016-03-30,05:30:00,10.46,10.46,10.44,10.44,4500,0
2016-03-30,05:35:00,10.44,10.44,10.44,10.44,1500,0
2016-03-30,05:40:00,10.46,10.48,10.46,10.48,1500,0
2016-03-30,05:45:00,10.48,10.48,10.44,10.44,8000,0
2016-03-30,05:50:00,10.46,10.48,10.46,10.48,1500,0
2016-03-30,06:00:00,10.46,10.46,10.44,10.44,2500,0
2016-03-30,07:05:00,10.44,10.48,10.4,10.44,12500,0
2016-03-30,07:10:00,10.44,10.44,10.44,10.44,500,0
2016-03-30,07:20:00,10.44,10.44,10.44,10.44,1000,0
2016-03-30,07:25:00,10.44,10.48,10.44,10.46,17000,0
2016-03-30,07:30:00,10.46,10.46,10.46,10.46,1000,0
2016-03-30,07:35:00,10.46,10.46,10.46,10.46,7500,0
2016-03-30,07:40:00,10.46,10.46,10.46,10.46,3000,0
2016-03-30,07:45:00,10.46,10.48,10.44,10.44,13500,0
2016-03-30,07:50:00,10.44,10.52,10.44,10.48,63000,0
2016-03-30,07:55:00,10.48,10.54,10.48,10.52,8000,0
2016-03-30,08:00:00,10.52,10.54,10.52,10.52,2500,0
2016-03-30,08:05:00,10.52,10.58,10.52,10.58,15000,0
2016-03-30,08:10:00,10.58,10.64,10.58,10.6,24500,0
2016-03-30,08:15:00,10.62,10.64,10.58,10.58,7500,0
2016-03-30,08:20:00,10.6,10.64,10.6,10.6,6500,0
2016-03-30,08:25:00,10.62,10.62,10.62,10.62,1500,0
2016-03-30,08:30:00,10.62,10.62,10.6,10.6,2500,0
2016-03-30,08:35:00,10.62,10.64,10.62,10.62,8000,0
2016-03-30,08:40:00,10.62,10.66,10.62,10.62,5500,0
2016-03-30,08:45:00,10.62,10.62,10.6,10.6,12500,0
2016-03-30,08:50:00,10.6,10.62,10.6,10.62,3500,0
2016-03-30,09:00:00,10.6,10.64,10.58,10.64,9500,0
2016-03-30,09:05:00,10.64,10.64,10.52,10.52,23500,0
2016-03-30,09:15:00,10.52,10.54,10.52,10.54,1000,0
2016-03-30,09:20:00,10.54,10.58,10.52,10.58,4500,0
2016-03-30,09:25:00,10.58,10.6,10.52,10.54,12500,0
2016-03-30,09:30:00,10.54,10.56,10.52,10.56,3000,0
2016-03-30,09:35:00,10.56,10.56,10.54,10.54,1500,0
2016-03-30,09:40:00,10.54,10.56,10.52,10.52,26000,0
2016-03-30,09:45:00,10.54,10.56,10.52,10.52,6000,0
2016-03-30,09:50:00,10.52,10.58,10.52,10.58,9500,0
2016-03-30,09:55:00,10.58,10.58,10.54,10.58,37000,0
2016-03-30,10:00:00,10.58,10.62,10.54,10.6,153000,0
2016-03-31,03:35:00,10.6,10.62,10.52,10.62,29500,0
2016-03-31,03:40:00,10.62,10.62,10.62,10.62,5500,0
2016-03-31,03:45:00,10.62,10.62,10.5,10.52,52000,0
2016-03-31,03:50:00,10.52,10.58,10.42,10.58,21000,0
2016-03-31,03:55:00,10.58,10.6,10.54,10.56,33500,0
2016-03-31,04:00:00,10.56,10.62,10.56,10.56,9500,0
2016-03-31,04:05:00,10.56,10.58,10.56,10.56,11000,0
2016-03-31,04:10:00,10.56,10.58,10.5,10.58,42000,0
2016-03-31,04:15:00,10.58,10.58,10.58,10.58,500,0
2016-03-31,04:20:00,10.58,10.6,10.56,10.56,4000,0
2016-03-31,04:25:00,10.56,10.58,10.54,10.56,28500,0
2016-03-31,04:30:00,10.56,10.58,10.54,10.58,36000,0
2016-03-31,04:35:00,10.58,10.6,10.58,10.58,34000,0
2016-03-31,04:40:00,10.58,10.58,10.48,10.48,37500,0
2016-03-31,04:45:00,10.48,10.56,10.48,10.56,1000,0
2016-03-31,04:50:00,10.56,10.56,10.48,10.54,176000,0
2016-03-31,04:55:00,10.54,10.58,10.5,10.56,38500,0
2016-03-31,05:00:00,10.56,10.56,10.5,10.54,8000,0
2016-03-31,05:05:00,10.54,10.54,10.5,10.5,42000,0
2016-03-31,05:20:00,10.52,10.54,10.5,10.54,9000,0
2016-03-31,05:25:00,10.54,10.56,10.54,10.56,2000,0
2016-03-31,05:30:00,10.54,10.56,10.54,10.56,4000,0
2016-03-31,05:35:00,10.56,10.62,10.56,10.58,65500,0
2016-03-31,05:40:00,10.58,10.64,10.58,10.64,100500,0
2016-03-31,05:45:00,10.64,10.66,10.64,10.66,15500,0
2016-03-31,05:50:00,10.66,10.66,10.56,10.56,35500,0
2016-03-31,05:55:00,10.56,10.66,10.56,10.66,55000,0
2016-03-31,06:00:00,10.66,10.66,10.54,10.54,111500,0
2016-03-31,07:05:00,10.54,10.62,10.54,10.62,16000,0
2016-03-31,07:15:00,10.62,10.66,10.52,10.56,73500,0
2016-03-31,07:20:00,10.56,10.62,10.56,10.56,36000,0
2016-03-31,07:25:00,10.56,10.64,10.54,10.6,37000,0
2016-03-31,07:30:00,10.6,10.62,10.6,10.62,1000,0
2016-03-31,07:40:00,10.62,10.64,10.62,10.62,22500,0
2016-03-31,07:45:00,10.6,10.62,10.56,10.62,48000,0
2016-03-31,07:50:00,10.6,10.6,10.48,10.6,73000,0
2016-03-31,07:55:00,10.6,10.6,10.54,10.6,83000,0
2016-03-31,08:00:00,10.6,10.6,10.6,10.6,16000,0
2016-03-31,08:05:00,10.6,10.6,10.5,10.5,67500,0
2016-03-31,08:10:00,10.5,10.52,10.5,10.52,2000,0
2016-03-31,08:15:00,10.52,10.6,10.5,10.52,197000,0
2016-03-31,08:20:00,10.52,10.58,10.52,10.52,10500,0
2016-03-31,08:25:00,10.52,10.52,10.48,10.48,20500,0
2016-03-31,08:30:00,10.48,10.58,10.46,10.56,41000,0
2016-03-31,08:40:00,10.54,10.54,10.5,10.52,15500,0
2016-03-31,08:45:00,10.52,10.52,10.46,10.5,10000,0
2016-03-31,08:50:00,10.5,10.52,10.5,10.52,4000,0
2016-03-31,09:00:00,10.52,10.52,10.52,10.52,9000,0
2016-03-31,09:05:00,10.52,10.58,10.52,10.56,34500,0
2016-03-31,09:10:00,10.56,10.6,10.46,10.6,89000,0
2016-03-31,09:15:00,10.6,10.6,10.54,10.54,10000,0
2016-03-31,09:20:00,10.54,10.58,10.54,10.58,15500,0
2016-03-31,09:25:00,10.58,10.58,10.54,10.54,17500,0
2016-03-31,09:30:00,10.54,10.56,10.54,10.56,15500,0
2016-03-31,09:35:00,10.56,10.56,10.52,10.52,22500,0
2016-03-31,09:40:00,10.52,10.52,10.5,10.5,13500,0
2016-03-31,09:45:00,10.5,10.5,10.5,10.5,5500,0
2016-03-31,09:50:00,10.5,10.62,10.48,10.58,105500,0
2016-03-31,09:55:00,10.58,10.58,10.52,10.52,6500,0
2016-03-31,10:00:00,10.52,10.58,10.5,10.56,128500,0
2016-04-01,03:35:00,10.46,10.56,10.38,10.4,28500,0
2016-04-01,03:40:00,10.4,10.48,10.4,10.48,3000,0
2016-04-01,03:50:00,10.48,10.48,10.48,10.48,2500,0
2016-04-01,03:55:00,10.48,10.48,10.48,10.48,500,0
2016-04-01,04:05:00,10.46,10.48,10.42,10.48,32500,0
2016-04-01,04:10:00,10.48,10.48,10.4,10.4,5500,0
2016-04-01,04:15:00,10.4,10.4,10.4,10.4,1000,0
2016-04-01,04:20:00,10.4,10.42,10.4,10.4,2000,0
2016-04-01,04:25:00,10.4,10.4,10.34,10.34,1000,0
2016-04-01,04:35:00,10.34,10.34,10.34,10.34,500,0
2016-04-01,04:50:00,10.36,10.36,10.36,10.36,500,0
2016-04-01,04:55:00,10.36,10.38,10.36,10.38,1000,0
2016-04-01,05:00:00,10.38,10.4,10.38,10.4,2500,0
2016-04-01,05:05:00,10.4,10.4,10.38,10.38,2000,0
2016-04-01,05:10:00,10.38,10.44,10.36,10.44,3500,0
2016-04-01,05:20:00,10.42,10.42,10.36,10.38,6500,0
2016-04-01,05:25:00,10.38,10.38,10.38,10.38,500,0
2016-04-01,05:40:00,10.38,10.46,10.38,10.46,4500,0
2016-04-01,05:45:00,10.46,10.46,10.38,10.42,2000,0
2016-04-01,05:50:00,10.42,10.44,10.42,10.44,2000,0
2016-04-01,05:55:00,10.44,10.46,10.42,10.44,5500,0
2016-04-01,06:00:00,10.44,10.44,10.42,10.42,4000,0
2016-04-01,07:05:00,10.42,10.44,10.42,10.44,3000,0
2016-04-01,07:10:00,10.44,10.44,10.42,10.44,2500,0
2016-04-01,07:25:00,10.44,10.46,10.44,10.46,3500,0
2016-04-01,07:30:00,10.46,10.48,10.42,10.48,14000,0
2016-04-01,07:35:00,10.48,10.48,10.48,10.48,2000,0
2016-04-01,07:40:00,10.48,10.48,10.38,10.38,1000,0
2016-04-01,07:45:00,10.38,10.48,10.38,10.48,7000,0
2016-04-01,07:50:00,10.48,10.48,10.38,10.38,23500,0
2016-04-01,07:55:00,10.42,10.48,10.42,10.44,8500,0
2016-04-01,08:00:00,10.44,10.48,10.44,10.44,3500,0
2016-04-01,08:05:00,10.44,10.44,10.38,10.4,13500,0
2016-04-01,08:10:00,10.42,10.46,10.42,10.44,8000,0
2016-04-01,08:15:00,10.44,10.44,10.44,10.44,500,0
2016-04-01,08:20:00,10.44,10.48,10.42,10.48,13500,0
2016-04-01,08:25:00,10.48,10.48,10.42,10.46,7500,0
2016-04-01,08:30:00,10.46,10.5,10.44,10.5,14000,0
2016-04-01,08:35:00,10.5,10.5,10.48,10.48,13500,0
2016-04-01,08:40:00,10.48,10.5,10.48,10.5,5000,0
2016-04-01,08:45:00,10.5,10.52,10.5,10.52,17500,0
2016-04-01,08:50:00,10.52,10.52,10.5,10.52,6000,0
2016-04-01,08:55:00,10.52,10.52,10.52,10.52,2000,0
2016-04-01,09:00:00,10.52,10.52,10.5,10.5,21500,0
2016-04-01,09:05:00,10.5,10.5,10.48,10.48,4500,0
2016-04-01,09:15:00,10.48,10.52,10.48,10.52,4000,0
2016-04-01,09:20:00,10.52,10.52,10.44,10.44,33000,0
2016-04-01,09:25:00,10.44,10.44,10.44,10.44,1500,0
2016-04-01,09:30:00,10.44,10.46,10.44,10.44,7000,0
2016-04-01,09:35:00,10.44,10.5,10.44,10.48,11000,0
2016-04-01,09:40:00,10.48,10.5,10.46,10.46,23000,0
2016-04-01,09:45:00,10.46,10.46,10.46,10.46,12000,0
2016-04-01,09:50:00,10.46,10.5,10.44,10.48,9500,0
2016-04-01,09:55:00,10.48,10.5,10.48,10.5,20500,0
2016-04-01,10:00:00,10.5,10.5,10.42,10.5,86000,0
2016-04-05,03:35:00,10.5,10.5,10.34,10.36,2500,0
2016-04-05,03:40:00,10.36,10.38,10.36,10.36,2500,0
2016-04-05,03:55:00,10.36,10.44,10.3,10.42,45000,0
2016-04-05,04:00:00,10.42,10.42,10.34,10.34,2500,0
2016-04-05,04:05:00,10.34,10.34,10.3,10.3,9000,0
2016-04-05,04:10:00,10.3,10.32,10.3,10.32,6000,0
2016-04-05,04:15:00,10.32,10.32,10.28,10.32,26500,0
2016-04-05,04:20:00,10.32,10.32,10.28,10.3,9000,0
2016-04-05,04:25:00,10.3,10.32,10.28,10.32,16000,0
2016-04-05,04:30:00,10.32,10.32,10.3,10.3,5500,0
2016-04-05,04:35:00,10.3,10.3,10.3,10.3,10000,0
2016-04-05,04:40:00,10.3,10.32,10.28,10.32,5500,0
2016-04-05,04:45:00,10.32,10.32,10.28,10.3,2000,0
2016-04-05,04:50:00,10.3,10.3,10.28,10.28,20500,0
2016-04-05,04:55:00,10.28,10.28,10.28,10.28,2500,0
2016-04-05,05:00:00,10.28,10.3,10.28,10.28,25500,0
2016-04-05,05:05:00,10.28,10.3,10.28,10.3,1500,0
2016-04-05,05:10:00,10.3,10.3,10.28,10.3,18500,0
2016-04-05,05:15:00,10.3,10.3,10.28,10.28,4000,0
2016-04-05,05:20:00,10.28,10.3,10.28,10.3,6000,0
2016-04-05,05:25:00,10.3,10.3,10.28,10.3,8500,0
2016-04-05,05:30:00,10.3,10.32,10.3,10.32,3500,0
2016-04-05,05:35:00,10.32,10.32,10.28,10.3,8000,0
2016-04-05,05:40:00,10.3,10.32,10.28,10.32,19000,0
2016-04-05,05:45:00,10.32,10.32,10.32,10.32,1000,0
2016-04-05,05:50:00,10.32,10.38,10.28,10.38,16000,0
2016-04-05,05:55:00,10.38,10.4,10.38,10.4,3000,0
2016-04-05,06:00:00,10.4,10.4,10.32,10.34,5500,0
2016-04-05,07:05:00,10.34,10.36,10.32,10.36,2500,0
2016-04-05,07:10:00,10.36,10.36,10.32,10.32,8500,0
2016-04-05,07:15:00,10.32,10.32,10.3,10.3,5000,0
2016-04-05,07:20:00,10.3,10.32,10.3,10.3,4500,0
2016-04-05,07:25:00,10.3,10.36,10.3,10.36,13500,0
2016-04-05,07:30:00,10.36,10.38,10.36,10.38,1500,0
2016-04-05,07:35:00,10.38,10.38,10.3,10.32,15000,0
2016-04-05,07:40:00,10.32,10.36,10.32,10.34,1500,0
2016-04-05,07:45:00,10.34,10.34,10.32,10.32,12500,0
2016-04-05,07:50:00,10.32,10.34,10.32,10.32,8500,0
2016-04-05,07:55:00,10.32,10.34,10.28,10.34,9000,0
2016-04-05,08:00:00,10.34,10.34,10.34,10.34,500,0
2016-04-05,08:05:00,10.34,10.38,10.28,10.3,20000,0
2016-04-05,08:10:00,10.3,10.4,10.3,10.3,8000,0
2016-04-05,08:20:00,10.3,10.36,10.3,10.32,9000,0
2016-04-05,08:25:00,10.32,10.34,10.32,10.34,14000,0
2016-04-05,08:30:00,10.34,10.34,10.32,10.32,4500,0
2016-04-05,08:35:00,10.32,10.34,10.3,10.34,30000,0
2016-04-05,08:40:00,10.34,10.34,10.32,10.32,1000,0
2016-04-05,08:45:00,10.32,10.34,10.32,10.34,7500,0
2016-04-05,08:55:00,10.34,10.34,10.32,10.34,5500,0
2016-04-05,09:00:00,10.34,10.4,10.32,10.4,14500,0
2016-04-05,09:05:00,10.4,10.4,10.32,10.4,8000,0
2016-04-05,09:10:00,10.4,10.4,10.38,10.4,32000,0
2016-04-05,09:15:00,10.4,10.4,10.38,10.4,14000,0
2016-04-05,09:20:00,10.4,10.4,10.38,10.38,1000,0
2016-04-05,09:25:00,10.38,10.38,10.38,10.38,6500,0
2016-04-05,09:30:00,10.38,10.38,10.38,10.38,3000,0
2016-04-05,09:35:00,10.38,10.4,10.32,10.32,23500,0
2016-04-05,09:40:00,10.32,10.34,10.32,10.32,18500,0
2016-04-05,09:45:00,10.32,10.34,10.32,10.32,2500,0
2016-04-05,09:50:00,10.32,10.32,10.32,10.32,3500,0
2016-04-05,09:55:00,10.32,10.38,10.32,10.36,22500,0
2016-04-05,10:00:00,10.36,10.42,10.36,10.42,67000,0
2016-04-06,03:35:00,10.38,10.38,10.38,10.38,500,0
2016-04-06,03:50:00,10.38,10.4,10.38,10.4,7500,0
2016-04-06,03:55:00,10.4,10.4,10.38,10.38,7500,0
2016-04-06,04:00:00,10.38,10.38,10.38,10.38,500,0
2016-04-06,04:10:00,10.38,10.38,10.38,10.38,500,0
2016-04-06,04:25:00,10.38,10.4,10.38,10.4,5500,0
2016-04-06,04:30:00,10.4,10.4,10.38,10.38,13000,0
2016-04-06,04:35:00,10.38,10.38,10.32,10.36,2500,0
2016-04-06,04:45:00,10.36,10.36,10.36,10.36,1000,0
2016-04-06,04:50:00,10.36,10.38,10.36,10.38,2000,0
2016-04-06,04:55:00,10.38,10.38,10.36,10.36,12500,0
2016-04-06,05:05:00,10.36,10.38,10.36,10.38,2000,0
2016-04-06,05:20:00,10.38,10.38,10.38,10.38,1000,0
2016-04-06,05:30:00,10.38,10.38,10.38,10.38,500,0
2016-04-06,05:35:00,10.38,10.4,10.38,10.4,2500,0
2016-04-06,05:55:00,10.4,10.4,10.38,10.38,1000,0
2016-04-06,07:05:00,10.38,10.4,10.38,10.4,1500,0
2016-04-06,07:10:00,10.4,10.4,10.38,10.38,9500,0
2016-04-06,07:25:00,10.38,10.38,10.38,10.38,500,0
2016-04-06,07:35:00,10.38,10.48,10.38,10.42,31500,0
2016-04-06,07:40:00,10.42,10.5,10.42,10.5,2000,0
2016-04-06,07:55:00,10.46,10.46,10.44,10.44,8500,0
2016-04-06,08:05:00,10.44,10.44,10.44,10.44,500,0
2016-04-06,08:10:00,10.44,10.44,10.44,10.44,1500,0
2016-04-06,08:15:00,10.44,10.46,10.44,10.46,1000,0
2016-04-06,08:25:00,10.46,10.46,10.46,10.46,500,0
2016-04-06,08:30:00,10.46,10.46,10.46,10.46,500,0
2016-04-06,08:35:00,10.46,10.46,10.46,10.46,500,0
2016-04-06,08:45:00,10.46,10.46,10.46,10.46,3000,0
2016-04-06,09:15:00,10.46,10.46,10.46,10.46,2000,0
2016-04-06,09:20:00,10.48,10.5,10.46,10.48,19500,0
2016-04-06,09:25:00,10.48,10.5,10.46,10.46,5000,0
2016-04-06,09:30:00,10.46,10.48,10.46,10.46,5000,0
2016-04-06,09:35:00,10.46,10.46,10.46,10.46,4000,0
2016-04-06,09:40:00,10.46,10.56,10.46,10.48,34500,0
2016-04-06,09:45:00,10.48,10.54,10.48,10.5,3000,0
2016-04-06,09:55:00,10.5,10.5,10.48,10.48,11500,0
2016-04-06,10:00:00,10.48,10.56,10.44,10.48,51500,0
2016-04-07,03:35:00,10.4,10.48,10.4,10.4,1000,0
2016-04-07,03:40:00,10.4,10.48,10.4,10.48,1500,0
2016-04-07,03:55:00,10.46,10.46,10.38,10.38,2500,0
2016-04-07,04:05:00,10.36,10.38,10.36,10.38,2000,0
2016-04-07,04:10:00,10.38,10.38,10.32,10.34,8500,0
2016-04-07,04:20:00,10.34,10.36,10.34,10.36,1000,0
2016-04-07,04:25:00,10.36,10.38,10.36,10.36,3500,0
2016-04-07,04:30:00,10.36,10.4,10.34,10.34,23000,0
2016-04-07,04:40:00,10.34,10.36,10.3,10.36,4500,0
2016-04-07,04:50:00,10.34,10.36,10.3,10.36,30500,0
2016-04-07,05:00:00,10.36,10.36,10.34,10.34,1000,0
2016-04-07,05:05:00,10.34,10.36,10.34,10.36,5000,0
2016-04-07,05:25:00,10.36,10.36,10.34,10.34,1500,0
2016-04-07,05:30:00,10.34,10.36,10.3,10.36,4500,0
2016-04-07,05:35:00,10.36,10.36,10.3,10.3,1000,0
2016-04-07,05:40:00,10.3,10.36,10.3,10.32,5500,0
2016-04-07,06:00:00,10.22,10.36,10.22,10.36,3500,0
2016-04-07,07:05:00,10.36,10.36,10.3,10.3,481000,0
2016-04-07,07:10:00,10.3,10.36,10.3,10.34,3500,0
2016-04-07,07:15:00,10.34,10.34,10.34,10.34,500,0
2016-04-07,07:25:00,10.34,10.36,10.3,10.3,14000,0
2016-04-07,07:40:00,10.3,10.34,10.3,10.34,6000,0
2016-04-07,07:45:00,10.34,10.38,10.3,10.38,3500,0
2016-04-07,07:55:00,10.36,10.36,10.36,10.36,1500,0
2016-04-07,08:00:00,10.36,10.36,10.36,10.36,2000,0
2016-04-07,08:05:00,10.36,10.36,10.34,10.34,15000,0
2016-04-07,08:10:00,10.34,10.34,10.34,10.34,3500,0
2016-04-07,08:15:00,10.34,10.36,10.34,10.34,4000,0
2016-04-07,08:25:00,10.34,10.4,10.34,10.4,5000,0
2016-04-07,08:30:00,10.4,10.4,10.4,10.4,1500,0
2016-04-07,08:35:00,10.4,10.4,10.38,10.38,17500,0
2016-04-07,08:40:00,10.38,10.38,10.36,10.36,8500,0
2016-04-07,08:50:00,10.36,10.38,10.36,10.38,1000,0
2016-04-07,08:55:00,10.38,10.5,10.38,10.5,20500,0
2016-04-07,09:00:00,10.5,10.5,10.48,10.48,21500,0
2016-04-07,09:05:00,10.48,10.54,10.48,10.54,13000,0
2016-04-07,09:10:00,10.54,10.54,10.5,10.54,10500,0
2016-04-07,09:15:00,10.54,10.54,10.5,10.5,16500,0
2016-04-07,09:20:00,10.5,10.54,10.48,10.52,17500,0
2016-04-07,09:25:00,10.52,10.54,10.5,10.5,10000,0
2016-04-07,09:30:00,10.5,10.5,10.5,10.5,1000,0
2016-04-07,09:35:00,10.5,10.54,10.5,10.54,14500,0
2016-04-07,09:40:00,10.54,10.54,10.52,10.54,9000,0
2016-04-07,09:45:00,10.54,10.54,10.52,10.54,21000,0
2016-04-07,09:50:00,10.54,10.54,10.52,10.54,17000,0
2016-04-07,09:55:00,10.54,10.56,10.52,10.56,40500,0
2016-04-07,10:00:00,10.56,10.56,10.48,10.56,287500,0
2016-04-08,03:45:00,10.6,10.6,10.44,10.46,1500,0
2016-04-08,03:55:00,10.46,10.46,10.44,10.44,4000,0
2016-04-08,04:00:00,10.44,10.46,10.44,10.46,1000,0
2016-04-08,04:05:00,10.46,10.46,10.44,10.46,3500,0
2016-04-08,04:10:00,10.46,10.46,10.42,10.44,2000,0
2016-04-08,04:20:00,10.4,10.44,10.4,10.44,1000,0
2016-04-08,04:40:00,10.42,10.44,10.42,10.44,4500,0
2016-04-08,05:00:00,10.4,10.46,10.4,10.46,22000,0
2016-04-08,05:10:00,10.46,10.46,10.46,10.46,500,0
2016-04-08,05:15:00,10.46,10.46,10.4,10.46,12500,0
2016-04-08,05:20:00,10.46,10.46,10.44,10.44,1000,0
2016-04-08,05:25:00,10.44,10.46,10.44,10.46,2000,0
2016-04-08,05:30:00,10.46,10.5,10.46,10.5,15500,0
2016-04-08,05:35:00,10.5,10.58,10.5,10.58,1500,0
2016-04-08,05:40:00,10.58,10.58,10.58,10.58,1000,0
2016-04-08,05:45:00,10.58,10.58,10.54,10.54,7000,0
2016-04-08,05:50:00,10.56,10.58,10.56,10.58,1000,0
2016-04-08,05:55:00,10.58,10.6,10.56,10.56,3000,0
2016-04-08,06:00:00,10.56,10.6,10.56,10.56,37500,0
2016-04-08,07:05:00,10.56,10.6,10.56,10.56,12000,0
2016-04-08,07:10:00,10.56,10.56,10.56,10.56,2000,0
2016-04-08,07:15:00,10.56,10.56,10.56,10.56,2500,0
2016-04-08,07:20:00,10.56,10.56,10.56,10.56,1500,0
2016-04-08,07:25:00,10.56,10.6,10.52,10.52,4500,0
2016-04-08,07:30:00,10.52,10.52,10.52,10.52,1500,0
2016-04-08,07:35:00,10.52,10.52,10.46,10.46,2000,0
2016-04-08,07:45:00,10.48,10.48,10.48,10.48,1000,0
2016-04-08,07:50:00,10.48,10.56,10.48,10.56,3500,0
2016-04-08,07:55:00,10.56,10.66,10.56,10.58,88500,0
2016-04-08,08:00:00,10.58,10.66,10.58,10.66,16000,0
2016-04-08,08:05:00,10.66,10.66,10.54,10.54,123500,0
2016-04-08,08:10:00,10.54,10.56,10.54,10.56,4500,0
2016-04-08,08:15:00,10.56,10.68,10.52,10.68,30000,0
2016-04-08,08:20:00,10.68,10.7,10.6,10.7,22000,0
2016-04-08,08:25:00,10.7,10.7,10.6,10.7,12000,0
2016-04-08,08:30:00,10.7,10.72,10.64,10.7,21000,0
2016-04-08,08:35:00,10.7,10.72,10.7,10.72,3000,0
2016-04-08,08:40:00,10.72,10.72,10.68,10.68,47500,0
2016-04-08,08:50:00,10.68,10.72,10.68,10.72,12000,0
2016-04-08,08:55:00,10.72,10.72,10.68,10.72,13000,0
2016-04-08,09:00:00,10.72,10.72,10.72,10.72,500,0
2016-04-08,09:05:00,10.72,10.72,10.7,10.7,14000,0
2016-04-08,09:20:00,10.7,10.7,10.7,10.7,11000,0
2016-04-08,09:30:00,10.7,10.72,10.7,10.7,13000,0
2016-04-08,09:35:00,10.7,10.7,10.7,10.7,2500,0
2016-04-08,09:40:00,10.7,10.7,10.7,10.7,1000,0
2016-04-08,09:45:00,10.7,10.78,10.7,10.72,20500,0
2016-04-08,09:50:00,10.72,10.8,10.72,10.72,12500,0
2016-04-08,09:55:00,10.72,10.78,10.72,10.78,4500,0
2016-04-08,10:00:00,10.78,10.78,10.74,10.78,20000,0
2016-04-11,03:35:00,10.78,10.82,10.78,10.8,7000,0
2016-04-11,03:40:00,10.8,10.8,10.68,10.78,9500,0
2016-04-11,03:55:00,10.78,10.78,10.66,10.66,11000,0
2016-04-11,04:15:00,10.66,10.66,10.6,10.6,1500,0
2016-04-11,04:25:00,10.6,10.68,10.6,10.64,1500,0
2016-04-11,04:30:00,10.64,10.64,10.6,10.6,3000,0
2016-04-11,04:40:00,10.6,10.64,10.56,10.64,7000,0
2016-04-11,04:45:00,10.62,10.62,10.44,10.46,3500,0
2016-04-11,05:00:00,10.46,10.6,10.46,10.6,5500,0
2016-04-11,05:15:00,10.6,10.6,10.54,10.54,4500,0
2016-04-11,05:25:00,10.54,10.54,10.52,10.52,18000,0
2016-04-11,05:30:00,10.52,10.52,10.52,10.52,500,0
2016-04-11,05:35:00,10.54,10.56,10.52,10.52,14500,0
2016-04-11,05:40:00,10.52,10.56,10.52,10.56,1000,0
2016-04-11,05:55:00,10.56,10.6,10.56,10.6,1000,0
2016-04-11,06:00:00,10.6,10.6,10.6,10.6,1500,0
2016-04-11,07:05:00,10.6,10.6,10.6,10.6,1000,0
2016-04-11,07:20:00,10.6,10.6,10.58,10.58,6000,0
2016-04-11,07:25:00,10.58,10.6,10.52,10.6,12500,0
2016-04-11,07:30:00,10.6,10.6,10.52,10.52,1000,0
2016-04-11,07:35:00,10.52,10.6,10.52,10.6,6000,0
2016-04-11,07:45:00,10.6,10.6,10.48,10.5,18500,0
2016-04-11,07:50:00,10.5,10.5,10.5,10.5,3500,0
2016-04-11,07:55:00,10.5,10.5,10.48,10.48,3500,0
2016-04-11,08:00:00,10.48,10.48,10.46,10.46,3500,0
2016-04-11,08:15:00,10.46,10.46,10.46,10.46,1000,0
2016-04-11,08:30:00,10.46,10.54,10.46,10.48,46500,0
2016-04-11,08:35:00,10.48,10.52,10.42,10.52,103000,0
2016-04-11,08:40:00,10.52,10.56,10.46,10.56,123500,0
2016-04-11,08:45:00,10.56,10.56,10.56,10.56,500,0
2016-04-11,08:50:00,10.56,10.6,10.56,10.6,25000,0
2016-04-11,08:55:00,10.6,10.62,10.54,10.54,9000,0
2016-04-11,09:05:00,10.58,10.66,10.5,10.64,121500,0
2016-04-11,09:10:00,10.64,10.64,10.56,10.64,6000,0
2016-04-11,09:15:00,10.64,10.64,10.56,10.64,25000,0
2016-04-11,09:25:00,10.64,10.64,10.64,10.64,500,0
2016-04-11,09:30:00,10.62,10.62,10.6,10.6,3000,0
2016-04-11,09:35:00,10.6,10.6,10.54,10.54,2000,0
2016-04-11,09:40:00,10.54,10.54,10.54,10.54,2500,0
2016-04-11,09:45:00,10.54,10.62,10.52,10.52,18000,0
2016-04-11,09:50:00,10.52,10.6,10.52,10.6,14000,0
2016-04-11,09:55:00,10.6,10.6,10.52,10.54,5500,0
2016-04-11,10:00:00,10.54,10.62,10.52,10.58,14500,0
2016-04-12,04:15:00,10.48,10.5,10.48,10.48,1500,0
2016-04-12,04:20:00,10.48,10.48,10.48,10.48,500,0
2016-04-12,05:30:00,10.46,10.46,10.46,10.46,500,0
2016-04-12,07:15:00,10.46,10.46,10.44,10.44,1000,0
2016-04-12,07:30:00,10.44,10.44,10.44,10.44,356,0
2016-04-12,07:35:00,10.44,10.44,10.44,10.44,500,0
2016-04-12,07:40:00,10.44,10.44,10.42,10.44,29000,0
2016-04-12,07:45:00,10.44,10.5,10.44,10.5,3500,0
2016-04-12,07:50:00,10.5,10.5,10.46,10.5,5000,0
2016-04-12,07:55:00,10.5,10.5,10.48,10.5,5500,0
2016-04-12,08:15:00,10.5,10.5,10.5,10.5,500,0
2016-04-12,08:45:00,10.5,10.58,10.44,10.56,40500,0
2016-04-12,08:50:00,10.56,10.58,10.54,10.54,7000,0
2016-04-12,08:55:00,10.54,10.54,10.5,10.5,3000,0
2016-04-12,09:00:00,10.5,10.52,10.5,10.52,1000,0
2016-04-12,09:05:00,10.52,10.54,10.44,10.5,101000,0
2016-04-12,09:10:00,10.5,10.6,10.48,10.56,21000,0
2016-04-12,09:15:00,10.56,10.58,10.52,10.52,4500,0
2016-04-12,09:20:00,10.52,10.6,10.52,10.6,2500,0
2016-04-12,09:25:00,10.6,10.6,10.56,10.6,6500,0
2016-04-12,09:30:00,10.6,10.6,10.48,10.58,6500,0
2016-04-12,09:35:00,10.58,10.58,10.58,10.58,1000,0
2016-04-12,09:40:00,10.58,10.58,10.56,10.58,3500,0
2016-04-12,09:45:00,10.58,10.58,10.56,10.58,3000,0
2016-04-12,09:50:00,10.58,10.58,10.58,10.58,500,0
2016-04-12,09:55:00,10.58,10.58,10.56,10.56,2000,0
2016-04-12,10:00:00,10.56,10.58,10.54,10.58,31000,0
2016-04-13,04:00:00,10.64,10.94,10.6,10.88,90000,0
2016-04-13,04:05:00,10.88,10.9,10.82,10.82,46500,0
2016-04-13,04:10:00,10.82,10.82,10.68,10.7,13500,0
2016-04-13,04:15:00,10.7,10.7,10.64,10.64,6000,0
2016-04-13,04:20:00,10.64,10.64,10.64,10.64,500,0
2016-04-13,04:25:00,10.64,10.86,10.64,10.86,69500,0
2016-04-13,04:30:00,10.86,10.96,10.78,10.96,30000,0
2016-04-13,04:35:00,10.96,11,10.86,10.86,60500,0
2016-04-13,04:40:00,10.84,10.84,10.78,10.78,8500,0
2016-04-13,04:45:00,10.78,10.8,10.78,10.8,5000,0
2016-04-13,04:50:00,10.8,10.8,10.8,10.8,2000,0
2016-04-13,04:55:00,10.8,10.8,10.74,10.74,8000,0
2016-04-13,05:00:00,10.74,10.76,10.74,10.76,5500,0
2016-04-13,05:05:00,10.76,10.9,10.7,10.78,74000,0
2016-04-13,05:10:00,10.78,10.9,10.78,10.9,4500,0
2016-04-13,05:15:00,10.9,10.9,10.84,10.84,38000,0
2016-04-13,05:20:00,10.84,11,10.8,11,48000,0
2016-04-13,05:25:00,11,11,10.86,10.86,32500,0
2016-04-13,05:35:00,10.84,10.84,10.82,10.82,2000,0
2016-04-13,05:45:00,10.82,10.88,10.8,10.88,38500,0
2016-04-13,06:00:00,10.88,10.88,10.82,10.84,16500,0
2016-04-13,07:05:00,10.84,10.88,10.78,10.86,9000,0
2016-04-13,07:10:00,10.86,10.86,10.84,10.86,3000,0
2016-04-13,07:15:00,10.86,10.86,10.78,10.82,15000,0
2016-04-13,07:20:00,10.82,10.86,10.82,10.86,1000,0
2016-04-13,07:25:00,10.86,10.86,10.78,10.86,14000,0
2016-04-13,07:35:00,10.86,10.88,10.8,10.86,26000,0
2016-04-13,07:40:00,10.86,10.86,10.86,10.86,500,0
2016-04-13,07:45:00,10.86,10.86,10.82,10.82,2000,0
2016-04-13,07:50:00,10.82,10.86,10.82,10.86,5000,0
2016-04-13,08:05:00,10.86,10.86,10.78,10.78,16500,0
2016-04-13,08:10:00,10.78,10.78,10.78,10.78,500,0
2016-04-13,08:15:00,10.78,10.78,10.78,10.78,11500,0
2016-04-13,08:20:00,10.78,10.88,10.78,10.88,24500,0
2016-04-13,08:35:00,10.88,10.88,10.84,10.88,5500,0
2016-04-13,08:40:00,10.88,10.88,10.84,10.84,7500,0
2016-04-13,08:50:00,10.84,10.9,10.84,10.88,4000,0
2016-04-13,08:55:00,10.88,10.94,10.82,10.88,58000,0
2016-04-13,09:00:00,10.88,11.1,10.88,11.06,123000,0
2016-04-13,09:05:00,11.06,11.1,10.96,10.96,36500,0
2016-04-13,09:10:00,10.96,11.06,10.96,10.96,9000,0
2016-04-13,09:15:00,10.96,11.04,10.96,11.04,3000,0
2016-04-13,09:20:00,11.04,11.04,11.04,11.04,500,0
2016-04-13,09:25:00,11.04,11.04,11.02,11.02,14500,0
2016-04-13,09:30:00,11.02,11.2,11.02,11.04,114000,0
2016-04-13,09:35:00,11.04,11.1,11.04,11.1,8500,0
2016-04-13,09:40:00,11.1,11.1,11.06,11.06,13500,0
2016-04-13,09:45:00,11.06,11.18,11.06,11.16,20500,0
2016-04-13,09:50:00,11.16,11.16,11.1,11.12,4500,0
2016-04-13,09:55:00,11.12,11.12,11.1,11.1,5500,0
2016-04-13,10:00:00,11.1,11.1,11.04,11.06,31500,0
