Date,Time,Open,High,Low,Close,Volume,OpenInt
2016-02-19,08:00:00,0.175,0.175,0.175,0.175,195000,0
2016-02-19,08:05:00,0.175,0.175,0.175,0.175,10000,0
2016-02-19,08:55:00,0.175,0.175,0.175,0.175,5000,0
2016-02-22,08:20:00,0.175,0.175,0.17,0.171,135000,0
2016-02-23,02:40:00,0.19,0.19,0.189,0.189,505000,0
2016-02-23,03:10:00,0.184,0.184,0.184,0.184,100000,0
2016-02-24,02:40:00,0.182,0.182,0.182,0.182,5000,0
2016-02-24,07:40:00,0.181,0.182,0.181,0.182,290000,0
2016-02-26,07:30:00,0.19,0.19,0.19,0.19,40000,0
2016-02-29,04:20:00,0.18,0.19,0.18,0.183,1000000,0
2016-02-29,04:25:00,0.185,0.185,0.185,0.185,120000,0
2016-03-01,04:00:00,0.185,0.185,0.185,0.185,510,0
2016-03-03,03:50:00,0.185,0.185,0.185,0.185,300000,0
2016-03-04,06:05:00,0.18,0.185,0.18,0.185,400000,0
2016-03-07,08:00:00,0.19,0.19,0.185,0.19,100000,0
2016-03-08,08:10:00,0.19,0.19,0.19,0.19,45000,0
2016-03-11,06:40:00,0.195,0.195,0.187,0.193,300000,0
2016-03-14,04:05:00,0.182,0.191,0.182,0.183,30000,0
2016-03-15,04:25:00,0.183,0.183,0.183,0.183,100000,0
2016-03-15,08:40:00,0.182,0.183,0.182,0.183,340000,0
2016-03-15,08:55:00,0.181,0.183,0.181,0.183,80000,0
2016-03-16,03:20:00,0.184,0.184,0.184,0.184,1400,0
2016-03-16,07:25:00,0.186,0.186,0.186,0.186,50000,0
2016-03-18,03:45:00,0.19,0.19,0.19,0.19,225000,0
2016-03-22,06:10:00,0.19,0.19,0.19,0.19,190000,0
2016-03-30,09:50:00,0.19,0.19,0.19,0.19,10000,0
2016-04-01,07:35:00,0.188,0.193,0.188,0.193,275000,0
2016-04-01,08:10:00,0.193,0.194,0.193,0.194,20000,0
2016-04-06,04:55:00,0.181,0.186,0.18,0.181,215000,0
2016-04-07,09:10:00,0.185,0.185,0.185,0.185,100000,0
2016-04-12,05:05:00,0.183,0.183,0.183,0.183,200000,0
2016-04-12,05:10:00,0.183,0.185,0.183,0.185,100000,0
2016-04-13,04:10:00,0.19,0.19,0.19,0.19,70000,0
2016-04-13,08:15:00,0.19,0.195,0.19,0.19,330000,0
2016-04-13,08:20:00,0.191,0.191,0.19,0.19,120000,0
2016-04-13,08:55:00,0.19,0.19,0.19,0.19,190000,0
