Date,Time,Open,High,Low,Close,Volume,OpenInt
2016-02-04,03:35:00,0.5,0.51,0.5,0.51,4000,0
2016-02-04,03:40:00,0.51,0.51,0.51,0.51,20000,0
2016-02-04,08:00:00,0.51,0.54,0.51,0.54,398000,0
2016-02-04,08:45:00,0.53,0.54,0.52,0.52,102000,0
2016-02-05,02:45:00,0.51,0.52,0.51,0.52,4000,0
2016-02-05,02:50:00,0.52,0.52,0.52,0.52,1000,0
2016-02-05,03:30:00,0.51,0.53,0.51,0.53,2000,0
2016-02-11,03:10:00,0.51,0.51,0.51,0.51,30000,0
2016-02-12,03:50:00,0.48,0.5,0.48,0.48,2000,0
2016-02-12,03:55:00,0.48,0.48,0.47,0.47,6000,0
2016-02-12,07:20:00,0.47,0.47,0.47,0.47,53000,0
2016-02-12,08:35:00,0.47,0.495,0.47,0.495,8000,0
2016-02-15,06:20:00,0.5,0.5,0.495,0.5,700000,0
2016-02-16,03:10:00,0.5,0.5,0.495,0.5,221000,0
2016-02-16,03:25:00,0.51,0.51,0.51,0.51,31000,0
2016-02-16,03:30:00,0.51,0.51,0.51,0.51,143,0
2016-02-16,03:35:00,0.51,0.51,0.51,0.51,1000,0
2016-02-16,06:05:00,0.52,0.52,0.52,0.52,20000,0
2016-02-16,07:05:00,0.52,0.52,0.52,0.52,31000,0
2016-02-16,07:15:00,0.52,0.53,0.52,0.53,86000,0
2016-02-17,03:50:00,0.53,0.53,0.53,0.53,10000,0
2016-02-17,06:50:00,0.53,0.53,0.52,0.52,6000,0
2016-02-17,08:45:00,0.51,0.53,0.51,0.53,193000,0
2016-02-18,02:40:00,0.56,0.56,0.53,0.56,28000,0
2016-02-18,02:45:00,0.56,0.56,0.56,0.56,36000,0
2016-02-18,03:00:00,0.56,0.56,0.54,0.54,8000,0
2016-02-18,03:05:00,0.54,0.54,0.54,0.54,10000,0
2016-02-18,04:35:00,0.54,0.54,0.54,0.54,30000,0
2016-02-18,07:15:00,0.55,0.55,0.55,0.55,64000,0
2016-02-19,07:35:00,0.55,0.57,0.55,0.57,20000,0
2016-02-19,07:40:00,0.57,0.57,0.57,0.57,7000,0
2016-02-19,08:30:00,0.56,0.56,0.56,0.56,200000,0
2016-02-22,03:50:00,0.56,0.58,0.56,0.58,210000,0
2016-02-22,08:35:00,0.57,0.57,0.57,0.57,54000,0
2016-02-24,06:30:00,0.56,0.56,0.56,0.56,20000,0
2016-02-24,07:25:00,0.56,0.58,0.56,0.58,90000,0
2016-02-24,07:55:00,0.58,0.58,0.58,0.58,10000,0
2016-03-01,03:00:00,0.55,0.55,0.54,0.55,42000,0
2016-03-01,04:15:00,0.56,0.56,0.56,0.56,15000,0
2016-03-01,04:40:00,0.56,0.56,0.56,0.56,18000,0
2016-03-01,06:25:00,0.56,0.56,0.55,0.55,2714,0
2016-03-01,07:05:00,0.55,0.55,0.55,0.55,48000,0
2016-03-02,03:35:00,0.64,0.67,0.55,0.67,93000,0
2016-03-02,03:50:00,0.65,0.65,0.61,0.61,30000,0
2016-03-03,02:35:00,0.62,0.62,0.61,0.62,2000,0
2016-03-03,03:20:00,0.62,0.62,0.61,0.61,60000,0
2016-03-04,04:55:00,0.58,0.6,0.58,0.58,22000,0
2016-03-04,05:00:00,0.58,0.58,0.58,0.58,428,0
2016-03-04,06:10:00,0.58,0.58,0.58,0.58,10000,0
2016-03-04,08:00:00,0.58,0.58,0.58,0.58,5000,0
2016-03-04,08:15:00,0.57,0.58,0.57,0.58,8000,0
2016-03-07,06:05:00,0.6,0.6,0.6,0.6,1000,0
2016-03-07,06:15:00,0.6,0.6,0.59,0.59,12000,0
2016-03-07,06:45:00,0.59,0.6,0.59,0.6,8000,0
2016-03-07,07:15:00,0.6,0.61,0.6,0.61,40000,0
2016-03-07,07:35:00,0.61,0.61,0.61,0.61,9000,0
2016-03-07,07:45:00,0.61,0.61,0.61,0.61,8000,0
2016-03-07,07:55:00,0.61,0.61,0.6,0.6,32000,0
2016-03-07,08:20:00,0.6,0.6,0.6,0.6,4000,0
2016-03-07,08:45:00,0.6,0.6,0.6,0.6,46000,0
2016-03-07,08:55:00,0.6,0.6,0.59,0.59,308000,0
2016-03-08,04:20:00,0.61,0.62,0.6,0.61,60000,0
2016-03-08,06:05:00,0.62,0.62,0.62,0.62,3000,0
2016-03-08,06:15:00,0.62,0.62,0.61,0.61,74000,0
2016-03-08,06:25:00,0.61,0.61,0.61,0.61,7000,0
2016-03-08,06:30:00,0.61,0.61,0.6,0.6,2142,0
2016-03-09,02:35:00,0.58,0.59,0.58,0.59,12000,0
2016-03-09,04:50:00,0.59,0.59,0.59,0.59,71000,0
2016-03-10,03:30:00,0.57,0.58,0.57,0.57,2000,0
2016-03-10,03:35:00,0.57,0.57,0.57,0.57,3000,0
2016-03-10,03:50:00,0.57,0.57,0.57,0.57,2000,0
2016-03-10,04:15:00,0.57,0.57,0.57,0.57,11428,0
2016-03-10,06:25:00,0.57,0.57,0.57,0.57,7000,0
2016-03-11,02:35:00,0.58,0.59,0.58,0.59,80000,0
2016-03-11,02:55:00,0.59,0.59,0.58,0.58,44000,0
2016-03-11,03:05:00,0.58,0.59,0.58,0.59,4000,0
2016-03-11,04:20:00,0.58,0.58,0.58,0.58,32000,0
2016-03-11,04:30:00,0.58,0.58,0.58,0.58,8000,0
2016-03-11,04:55:00,0.58,0.58,0.52,0.53,100000,0
2016-03-11,06:05:00,0.53,0.53,0.53,0.53,10000,0
2016-03-11,07:10:00,0.55,0.57,0.55,0.57,20000,0
2016-03-11,07:25:00,0.57,0.57,0.57,0.57,20000,0
2016-03-14,03:35:00,0.59,0.59,0.57,0.59,60000,0
2016-03-16,06:10:00,0.55,0.61,0.55,0.58,122000,0
2016-03-17,03:05:00,0.57,0.58,0.57,0.57,32000,0
2016-03-17,04:20:00,0.56,0.57,0.56,0.57,27000,0
2016-03-17,07:35:00,0.57,0.57,0.57,0.57,1000,0
2016-03-21,04:55:00,0.53,0.57,0.51,0.52,380000,0
2016-03-21,05:00:00,0.53,0.55,0.53,0.55,95000,0
2016-03-21,06:05:00,0.55,0.55,0.53,0.53,26000,0
2016-03-21,06:20:00,0.53,0.55,0.53,0.55,48000,0
2016-03-21,07:10:00,0.55,0.55,0.55,0.55,30000,0
2016-03-21,08:35:00,0.55,0.55,0.53,0.53,528000,0
2016-03-21,08:45:00,0.53,0.54,0.53,0.54,4000,0
2016-03-22,07:40:00,0.54,0.55,0.54,0.55,40000,0
2016-03-22,08:55:00,0.55,0.55,0.55,0.55,123000,0
2016-03-24,02:50:00,0.52,0.56,0.52,0.56,231000,0
2016-03-24,08:35:00,0.54,0.54,0.53,0.53,3000,0
2016-03-29,05:50:00,0.55,0.59,0.53,0.59,142000,0
2016-03-29,05:55:00,0.59,0.59,0.57,0.57,1000,0
2016-03-31,09:00:00,0.53,0.55,0.53,0.55,105000,0
2016-03-31,09:35:00,0.55,0.55,0.55,0.55,10000,0
2016-04-01,04:55:00,0.55,0.56,0.55,0.56,24000,0
2016-04-01,05:15:00,0.56,0.56,0.55,0.55,116000,0
2016-04-01,08:00:00,0.55,0.55,0.55,0.55,10000,0
2016-04-01,08:10:00,0.55,0.55,0.55,0.55,90000,0
2016-04-01,08:50:00,0.53,0.55,0.53,0.55,113000,0
2016-04-01,09:05:00,0.53,0.55,0.53,0.55,102000,0
2016-04-01,09:45:00,0.55,0.55,0.54,0.54,4000,0
2016-04-01,10:00:00,0.54,0.56,0.54,0.56,2000,0
2016-04-05,03:35:00,0.55,0.6,0.55,0.56,17000,0
2016-04-05,08:10:00,0.55,0.56,0.55,0.56,101000,0
2016-04-06,04:40:00,0.52,0.55,0.52,0.52,2428,0
2016-04-06,05:20:00,0.53,0.53,0.5,0.51,1530000,0
2016-04-06,05:25:00,0.51,0.51,0.5,0.51,550000,0
2016-04-06,05:30:00,0.51,0.51,0.51,0.51,17000,0
2016-04-06,05:35:00,0.51,0.51,0.51,0.51,6000,0
2016-04-06,05:40:00,0.51,0.51,0.51,0.51,50000,0
2016-04-06,05:45:00,0.51,0.51,0.51,0.51,66000,0
2016-04-06,05:55:00,0.51,0.52,0.51,0.52,6000,0
2016-04-06,07:05:00,0.52,0.52,0.52,0.52,169000,0
2016-04-06,07:10:00,0.52,0.52,0.52,0.52,110000,0
2016-04-06,07:20:00,0.52,0.53,0.52,0.53,177000,0
2016-04-06,07:40:00,0.53,0.53,0.51,0.52,16000,0
2016-04-06,07:45:00,0.52,0.52,0.52,0.52,20000,0
2016-04-06,08:45:00,0.52,0.52,0.52,0.52,99000,0
2016-04-06,09:20:00,0.52,0.52,0.51,0.51,115000,0
2016-04-06,09:30:00,0.51,0.51,0.51,0.51,1000,0
2016-04-06,10:00:00,0.51,0.52,0.51,0.52,81000,0
2016-04-07,03:35:00,0.52,0.52,0.52,0.52,40000,0
2016-04-07,03:50:00,0.51,0.51,0.51,0.51,1000,0
2016-04-07,04:15:00,0.51,0.51,0.5,0.5,32000,0
2016-04-07,04:20:00,0.5,0.5,0.45,0.455,1491000,0
2016-04-07,04:25:00,0.455,0.465,0.455,0.465,28000,0
2016-04-07,04:30:00,0.465,0.49,0.465,0.48,602000,0
2016-04-07,04:35:00,0.48,0.485,0.48,0.485,20000,0
2016-04-07,04:40:00,0.485,0.485,0.485,0.485,15000,0
2016-04-07,05:00:00,0.485,0.49,0.485,0.485,102000,0
2016-04-07,05:05:00,0.485,0.485,0.475,0.475,20000,0
2016-04-07,05:15:00,0.475,0.485,0.475,0.485,132000,0
2016-04-07,05:25:00,0.485,0.49,0.485,0.485,164000,0
2016-04-07,05:35:00,0.485,0.49,0.485,0.485,140000,0
2016-04-07,07:20:00,0.485,0.5,0.485,0.495,143000,0
2016-04-07,07:50:00,0.495,0.51,0.495,0.51,355571,0
2016-04-07,08:05:00,0.5,0.5,0.495,0.495,15000,0
2016-04-07,08:30:00,0.495,0.495,0.49,0.495,83000,0
2016-04-07,08:45:00,0.495,0.5,0.495,0.5,40000,0
2016-04-07,09:20:00,0.495,0.495,0.495,0.495,8000,0
2016-04-07,09:25:00,0.495,0.495,0.495,0.495,10000,0
2016-04-07,09:40:00,0.495,0.5,0.49,0.49,146000,0
2016-04-07,09:50:00,0.49,0.49,0.49,0.49,10000,0
2016-04-07,09:55:00,0.49,0.49,0.49,0.49,10000,0
2016-04-07,10:00:00,0.49,0.49,0.49,0.49,10000,0
2016-04-08,03:35:00,0.51,0.51,0.49,0.51,2000,0
2016-04-08,04:00:00,0.51,0.51,0.51,0.51,1000,0
2016-04-08,04:15:00,0.51,0.51,0.49,0.5,7000,0
2016-04-08,04:20:00,0.5,0.5,0.495,0.495,4000,0
2016-04-08,04:25:00,0.495,0.495,0.49,0.49,175000,0
2016-04-08,04:40:00,0.49,0.49,0.49,0.49,1000,0
2016-04-08,07:15:00,0.485,0.49,0.485,0.49,8000,0
2016-04-08,07:35:00,0.49,0.49,0.49,0.49,20000,0
2016-04-08,08:15:00,0.49,0.49,0.49,0.49,16000,0
2016-04-08,09:15:00,0.49,0.49,0.49,0.49,12000,0
2016-04-08,09:35:00,0.49,0.49,0.49,0.49,88000,0
2016-04-08,09:50:00,0.49,0.49,0.49,0.49,40000,0
2016-04-08,10:00:00,0.49,0.49,0.49,0.49,10000,0
2016-04-12,04:35:00,0.5,0.5,0.49,0.5,129571,0
2016-04-12,05:00:00,0.5,0.5,0.495,0.495,60000,0
2016-04-12,10:00:00,0.495,0.495,0.495,0.495,20000,0
2016-04-13,03:50:00,0.51,0.52,0.5,0.52,45000,0
2016-04-13,04:00:00,0.52,0.53,0.52,0.53,3000,0
2016-04-13,04:05:00,0.53,0.54,0.53,0.54,11000,0
2016-04-13,04:10:00,0.54,0.55,0.54,0.55,22000,0
2016-04-13,04:20:00,0.54,0.55,0.54,0.55,102000,0
2016-04-13,04:25:00,0.55,0.56,0.54,0.54,452000,0
2016-04-13,04:40:00,0.54,0.54,0.54,0.54,18000,0
2016-04-13,05:20:00,0.54,0.56,0.54,0.56,20000,0
2016-04-13,05:50:00,0.55,0.55,0.55,0.55,40000,0
2016-04-13,07:25:00,0.55,0.55,0.54,0.54,21000,0
2016-04-13,07:55:00,0.54,0.56,0.54,0.56,212000,0
2016-04-13,08:45:00,0.56,0.56,0.54,0.54,6000,0
2016-04-13,08:55:00,0.54,0.56,0.54,0.56,101000,0
2016-04-13,09:20:00,0.56,0.56,0.56,0.56,1000,0
2016-04-13,09:55:00,0.55,0.55,0.55,0.55,5000,0
2016-04-13,10:00:00,0.55,0.55,0.55,0.55,41000,0
