Date,Time,Open,High,Low,Close,Volume,OpenInt
2016-02-04,07:55:00,2.65,2.75,2.62,2.63,64000,0
2016-02-04,08:05:00,2.6,2.68,2.6,2.68,32000,0
2016-02-04,08:55:00,2.68,2.76,2.68,2.76,12000,0
2016-02-05,08:45:00,2.79,2.8,2.76,2.79,36000,0
2016-02-11,03:35:00,2.78,2.78,2.58,2.58,48000,0
2016-02-11,04:50:00,2.57,2.57,2.57,2.57,8000,0
2016-02-11,06:10:00,2.57,2.65,2.57,2.65,16000,0
2016-02-11,07:40:00,2.65,2.65,2.62,2.62,8000,0
2016-02-11,07:50:00,2.62,2.62,2.62,2.62,4000,0
2016-02-11,07:55:00,2.62,2.68,2.62,2.68,24000,0
2016-02-11,08:25:00,2.68,2.68,2.63,2.63,60000,0
2016-02-11,08:40:00,2.63,2.71,2.63,2.71,20000,0
2016-02-11,09:00:00,2.69,2.7,2.69,2.7,56000,0
2016-02-12,03:15:00,2.7,2.7,2.7,2.7,8000,0
2016-02-12,03:25:00,2.7,2.7,2.65,2.65,76000,0
2016-02-12,03:30:00,2.65,2.65,2.62,2.62,16000,0
2016-02-12,03:40:00,2.62,2.62,2.62,2.62,12000,0
2016-02-12,04:00:00,2.62,2.62,2.62,2.62,4000,0
2016-02-12,06:10:00,2.63,2.63,2.62,2.62,48000,0
2016-02-12,06:30:00,2.62,2.62,2.62,2.62,4000,0
2016-02-12,06:55:00,2.62,2.62,2.62,2.62,24000,0
2016-02-12,07:00:00,2.62,2.69,2.62,2.67,16000,0
2016-02-12,08:15:00,2.66,2.66,2.66,2.66,12000,0
2016-02-12,08:30:00,2.66,2.66,2.6,2.6,120000,0
2016-02-12,08:35:00,2.6,2.65,2.6,2.65,12000,0
2016-02-12,08:40:00,2.64,2.64,2.6,2.6,60000,0
2016-02-12,08:50:00,2.6,2.6,2.6,2.6,4000,0
2016-02-12,08:55:00,2.61,2.61,2.61,2.61,8000,0
2016-02-12,09:00:00,2.61,2.67,2.61,2.66,44000,0
2016-02-15,03:35:00,2.7,2.7,2.7,2.7,12000,0
2016-02-15,04:05:00,2.7,2.71,2.7,2.71,12000,0
2016-02-15,04:20:00,2.71,2.71,2.71,2.71,16000,0
2016-02-15,04:50:00,2.71,2.72,2.71,2.72,68000,0
2016-02-15,06:50:00,2.72,2.72,2.66,2.66,164000,0
2016-02-15,08:20:00,2.67,2.67,2.67,2.67,4000,0
2016-02-15,08:45:00,2.68,2.69,2.68,2.69,28000,0
2016-02-15,09:00:00,2.69,2.69,2.69,2.69,4000,0
2016-02-16,07:40:00,2.72,2.75,2.72,2.75,16000,0
2016-02-16,07:45:00,2.75,2.75,2.75,2.75,4000,0
2016-02-16,08:30:00,2.75,2.75,2.72,2.72,24000,0
2016-02-16,08:55:00,2.72,2.74,2.72,2.74,12000,0
2016-02-16,09:00:00,2.74,2.75,2.74,2.74,36000,0
2016-02-17,03:25:00,2.74,2.74,2.74,2.74,8000,0
2016-02-17,03:50:00,2.74,2.74,2.74,2.74,4000,0
2016-02-17,04:30:00,2.74,2.74,2.72,2.72,40000,0
2016-02-17,08:20:00,2.7,2.72,2.7,2.72,40000,0
2016-02-17,08:55:00,2.7,2.73,2.7,2.73,8000,0
2016-02-18,03:10:00,2.7,2.73,2.68,2.68,32000,0
2016-02-18,03:30:00,2.68,2.7,2.66,2.68,248000,0
2016-02-18,04:00:00,2.68,2.68,2.68,2.68,12000,0
2016-02-18,08:00:00,2.67,2.67,2.67,2.67,8000,0
2016-02-18,08:35:00,2.67,2.68,2.67,2.68,24000,0
2016-02-19,03:25:00,2.65,2.68,2.65,2.65,20000,0
2016-02-19,03:50:00,2.65,2.65,2.64,2.64,12000,0
2016-02-19,04:00:00,2.64,2.64,2.64,2.64,4000,0
2016-02-19,04:25:00,2.64,2.64,2.63,2.63,8000,0
2016-02-19,04:35:00,2.63,2.63,2.61,2.61,8000,0
2016-02-19,04:40:00,2.61,2.61,2.6,2.6,16000,0
2016-02-19,04:55:00,2.59,2.59,2.58,2.58,20000,0
2016-02-19,05:00:00,2.58,2.58,2.55,2.55,56000,0
2016-02-19,06:05:00,2.55,2.57,2.55,2.57,96000,0
2016-02-19,06:15:00,2.63,2.63,2.63,2.63,4000,0
2016-02-19,06:20:00,2.63,2.63,2.62,2.62,32000,0
2016-02-19,07:00:00,2.6,2.6,2.6,2.6,56000,0
2016-02-19,07:55:00,2.63,2.65,2.63,2.65,36000,0
2016-02-19,08:35:00,2.65,2.65,2.65,2.65,28000,0
2016-02-19,08:45:00,2.65,2.68,2.65,2.65,16000,0
2016-02-19,08:55:00,2.65,2.65,2.65,2.65,8000,0
2016-02-19,09:00:00,2.65,2.68,2.65,2.68,84000,0
2016-02-22,02:50:00,2.68,2.78,2.68,2.77,20000,0
2016-02-22,04:20:00,2.68,2.68,2.68,2.68,8000,0
2016-02-22,04:40:00,2.68,2.68,2.66,2.66,16000,0
2016-02-22,07:15:00,2.66,2.66,2.65,2.65,8000,0
2016-02-22,07:35:00,2.65,2.65,2.65,2.65,4000,0
2016-02-22,07:55:00,2.65,2.65,2.65,2.65,4000,0
2016-02-22,08:25:00,2.65,2.66,2.65,2.66,24000,0
2016-02-22,08:50:00,2.66,2.67,2.66,2.67,28000,0
2016-02-22,08:55:00,2.67,2.7,2.67,2.7,28000,0
2016-02-22,09:00:00,2.7,2.7,2.7,2.7,4000,0
2016-02-23,03:00:00,2.69,2.69,2.69,2.69,12000,0
2016-02-23,03:05:00,2.69,2.69,2.68,2.68,16000,0
2016-02-23,04:00:00,2.68,2.68,2.68,2.68,12000,0
2016-02-23,04:40:00,2.68,2.68,2.68,2.68,20000,0
2016-02-23,06:25:00,2.66,2.68,2.66,2.68,16000,0
2016-02-23,07:15:00,2.68,2.69,2.66,2.69,80000,0
2016-02-25,03:55:00,2.65,2.66,2.65,2.66,116000,0
2016-02-25,04:15:00,2.66,2.66,2.65,2.65,8000,0
2016-02-25,04:40:00,2.65,2.65,2.63,2.63,8000,0
2016-02-25,06:15:00,2.63,2.63,2.62,2.62,64000,0
2016-02-25,06:25:00,2.62,2.62,2.62,2.62,4000,0
2016-02-25,07:20:00,2.62,2.62,2.62,2.62,8000,0
2016-02-25,07:50:00,2.63,2.63,2.62,2.62,60000,0
2016-02-25,09:00:00,2.62,2.62,2.6,2.62,8000,0
2016-02-26,03:30:00,2.67,2.68,2.64,2.68,152000,0
2016-02-26,04:05:00,2.68,2.68,2.65,2.65,8000,0
2016-02-26,04:45:00,2.61,2.61,2.6,2.6,108000,0
2016-02-26,08:10:00,2.6,2.6,2.6,2.6,16000,0
2016-02-26,08:50:00,2.61,2.61,2.61,2.61,4000,0
2016-02-26,09:00:00,2.61,2.64,2.61,2.64,8000,0
2016-02-29,02:35:00,2.65,2.65,2.65,2.65,40000,0
2016-02-29,07:45:00,2.65,2.65,2.62,2.62,24000,0
2016-02-29,07:50:00,2.62,2.62,2.61,2.61,8000,0
2016-02-29,08:55:00,2.61,2.64,2.61,2.64,8000,0
2016-03-01,02:35:00,2.65,2.65,2.64,2.65,68000,0
2016-03-01,04:45:00,2.64,2.64,2.61,2.61,8000,0
2016-03-01,07:45:00,2.61,2.61,2.6,2.6,8000,0
2016-03-01,08:15:00,2.6,2.63,2.52,2.63,64000,0
2016-03-01,08:40:00,2.63,2.65,2.6,2.65,64000,0
2016-03-01,08:45:00,2.65,2.65,2.65,2.65,32000,0
2016-03-01,09:00:00,2.65,2.65,2.64,2.64,8000,0
2016-03-02,03:05:00,2.64,2.64,2.64,2.64,20000,0
2016-03-02,03:30:00,2.64,2.64,2.64,2.64,8000,0
2016-03-02,04:35:00,2.64,2.65,2.64,2.65,40000,0
2016-03-02,07:10:00,2.62,2.62,2.62,2.62,20000,0
2016-03-02,08:55:00,2.61,2.64,2.61,2.64,8000,0
2016-03-03,08:05:00,2.6,2.61,2.6,2.61,60000,0
2016-03-03,09:00:00,2.6,2.68,2.6,2.68,60000,0
2016-03-04,03:20:00,2.6,2.66,2.57,2.63,136000,0
2016-03-04,04:35:00,2.64,2.64,2.64,2.64,8000,0
2016-03-04,07:20:00,2.63,2.63,2.63,2.63,16000,0
2016-03-04,07:40:00,2.63,2.63,2.61,2.61,8000,0
2016-03-04,08:45:00,2.61,2.64,2.61,2.63,8000,0
2016-03-07,02:50:00,2.63,2.64,2.63,2.64,84000,0
2016-03-07,06:20:00,2.63,2.63,2.63,2.63,8000,0
2016-03-07,06:40:00,2.63,2.63,2.62,2.62,8000,0
2016-03-07,06:45:00,2.62,2.62,2.62,2.62,4000,0
2016-03-07,06:55:00,2.62,2.62,2.62,2.62,8000,0
2016-03-07,08:30:00,2.62,2.62,2.62,2.62,4000,0
2016-03-07,08:55:00,2.62,2.63,2.62,2.63,8000,0
2016-03-07,09:00:00,2.63,2.63,2.63,2.63,12000,0
2016-03-09,08:55:00,2.58,2.61,2.5,2.61,128000,0
2016-03-09,09:00:00,2.61,2.62,2.61,2.62,12000,0
2016-03-10,06:55:00,2.6,2.63,2.6,2.63,40000,0
2016-03-10,08:00:00,2.63,2.63,2.63,2.63,20000,0
2016-03-10,08:20:00,2.63,2.63,2.63,2.63,28000,0
2016-03-10,08:25:00,2.63,2.63,2.62,2.62,8000,0
2016-03-11,06:20:00,2.61,2.62,2.61,2.61,8000,0
2016-03-11,06:55:00,2.61,2.62,2.61,2.62,24000,0
2016-03-11,07:35:00,2.62,2.62,2.61,2.61,12000,0
2016-03-11,08:50:00,2.59,2.6,2.59,2.6,16000,0
2016-03-14,04:15:00,2.59,2.6,2.59,2.59,16000,0
2016-03-14,04:25:00,2.59,2.59,2.59,2.59,16000,0
2016-03-14,04:50:00,2.59,2.59,2.59,2.59,4000,0
2016-03-14,06:40:00,2.58,2.59,2.58,2.59,8000,0
2016-03-14,06:45:00,2.59,2.6,2.59,2.6,32000,0
2016-03-14,06:50:00,2.6,2.6,2.6,2.6,4000,0
2016-03-15,02:45:00,2.59,2.6,2.59,2.59,16000,0
2016-03-15,08:40:00,2.59,2.6,2.59,2.6,24000,0
2016-03-15,08:50:00,2.6,2.61,2.6,2.61,12000,0
2016-03-16,08:35:00,2.58,2.61,2.58,2.61,16000,0
2016-03-17,07:50:00,2.61,2.63,2.61,2.63,168000,0
2016-03-17,08:40:00,2.6,2.6,2.6,2.6,20000,0
2016-03-18,03:25:00,2.59,2.6,2.59,2.59,8000,0
2016-03-18,03:30:00,2.59,2.59,2.58,2.58,48000,0
2016-03-18,03:40:00,2.58,2.58,2.53,2.56,24000,0
2016-03-18,04:15:00,2.57,2.57,2.57,2.57,8000,0
2016-03-18,04:40:00,2.57,2.57,2.56,2.56,8000,0
2016-03-18,05:00:00,2.56,2.57,2.56,2.57,16000,0
2016-03-18,06:05:00,2.57,2.58,2.57,2.58,8000,0
2016-03-18,07:10:00,2.58,2.59,2.58,2.59,16000,0
2016-03-18,07:25:00,2.59,2.59,2.58,2.58,32000,0
2016-03-18,07:35:00,2.58,2.58,2.58,2.58,12000,0
2016-03-18,08:40:00,2.58,2.58,2.57,2.57,8000,0
2016-03-18,08:45:00,2.57,2.58,2.57,2.58,48000,0
2016-03-18,08:50:00,2.58,2.58,2.56,2.56,16000,0
2016-03-18,08:55:00,2.56,2.59,2.56,2.57,28000,0
2016-03-21,02:50:00,2.6,2.6,2.6,2.6,4000,0
2016-03-21,02:55:00,2.6,2.6,2.6,2.6,20000,0
2016-03-21,03:00:00,2.6,2.6,2.6,2.6,16000,0
2016-03-21,03:05:00,2.6,2.6,2.58,2.58,20000,0
2016-03-21,03:10:00,2.58,2.58,2.58,2.58,16000,0
2016-03-21,04:15:00,2.58,2.58,2.58,2.58,4000,0
2016-03-21,08:45:00,2.57,2.58,2.57,2.58,12000,0
2016-03-21,08:55:00,2.58,2.6,2.58,2.6,16000,0
2016-03-22,03:15:00,2.6,2.6,2.57,2.6,36000,0
2016-03-22,03:35:00,2.6,2.6,2.59,2.59,16000,0
2016-03-22,03:45:00,2.59,2.59,2.59,2.59,8000,0
2016-03-22,04:25:00,2.59,2.59,2.59,2.59,12000,0
2016-03-22,06:25:00,2.59,2.59,2.59,2.59,12000,0
2016-03-22,06:35:00,2.59,2.59,2.59,2.59,12000,0
2016-03-22,06:40:00,2.59,2.59,2.59,2.59,12000,0
2016-03-22,07:35:00,2.59,2.59,2.59,2.59,8000,0
2016-03-22,08:00:00,2.59,2.59,2.59,2.59,60000,0
2016-03-22,08:15:00,2.59,2.6,2.59,2.6,40000,0
2016-03-22,08:30:00,2.6,2.6,2.6,2.6,12000,0
2016-03-22,08:40:00,2.6,2.6,2.59,2.59,32000,0
2016-03-23,06:10:00,2.59,2.59,2.59,2.59,4000,0
2016-03-23,06:15:00,2.59,2.59,2.58,2.58,40000,0
2016-03-23,06:55:00,2.58,2.59,2.58,2.59,8000,0
2016-03-23,07:00:00,2.59,2.6,2.59,2.6,36000,0
2016-03-23,07:05:00,2.6,2.6,2.6,2.6,20000,0
2016-03-23,07:15:00,2.6,2.6,2.59,2.59,44000,0
2016-03-23,08:45:00,2.59,2.59,2.58,2.58,24000,0
2016-03-23,08:50:00,2.58,2.58,2.57,2.58,24000,0
2016-03-23,08:55:00,2.58,2.58,2.58,2.58,8000,0
2016-03-24,02:35:00,2.63,2.63,2.6,2.63,68000,0
2016-03-24,02:45:00,2.6,2.6,2.59,2.59,8000,0
2016-03-24,02:50:00,2.59,2.59,2.59,2.59,8000,0
2016-03-24,02:55:00,2.59,2.6,2.59,2.6,48000,0
2016-03-24,03:00:00,2.6,2.6,2.6,2.6,100000,0
2016-03-24,03:05:00,2.6,2.6,2.6,2.6,20000,0
2016-03-24,03:20:00,2.6,2.6,2.58,2.58,40000,0
2016-03-24,03:25:00,2.58,2.59,2.58,2.59,12000,0
2016-03-24,03:30:00,2.59,2.59,2.57,2.57,8000,0
2016-03-24,03:50:00,2.58,2.6,2.58,2.6,40000,0
2016-03-24,04:30:00,2.59,2.59,2.59,2.59,4000,0
2016-03-24,07:10:00,2.59,2.59,2.59,2.59,12000,0
2016-03-24,07:15:00,2.59,2.59,2.58,2.58,40000,0
2016-03-24,08:00:00,2.57,2.57,2.56,2.56,28000,0
2016-03-24,08:50:00,2.56,2.59,2.56,2.59,8000,0
2016-03-24,08:55:00,2.59,2.59,2.59,2.59,4000,0
2016-03-29,03:40:00,2.56,2.6,2.56,2.59,196000,0
2016-03-29,03:45:00,2.59,2.59,2.57,2.59,272000,0
2016-03-29,03:55:00,2.59,2.61,2.59,2.61,96000,0
2016-03-29,04:00:00,2.61,2.62,2.61,2.62,28000,0
2016-03-29,04:05:00,2.62,2.62,2.59,2.59,160000,0
2016-03-29,04:10:00,2.6,2.6,2.59,2.59,52000,0
2016-03-29,04:20:00,2.59,2.59,2.57,2.57,60000,0
2016-03-29,05:00:00,2.57,2.57,2.57,2.57,4000,0
2016-03-29,07:40:00,2.56,2.57,2.56,2.57,32000,0
2016-03-29,07:45:00,2.57,2.57,2.57,2.57,76000,0
2016-03-29,07:50:00,2.57,2.6,2.57,2.6,16000,0
2016-03-29,08:00:00,2.6,2.6,2.6,2.6,20000,0
2016-03-29,08:10:00,2.61,2.61,2.6,2.6,32000,0
2016-03-29,08:40:00,2.6,2.6,2.58,2.58,8000,0
2016-03-29,09:15:00,2.58,2.61,2.58,2.61,24000,0
2016-03-29,09:55:00,2.61,2.62,2.61,2.62,16000,0
2016-03-29,10:00:00,2.61,2.62,2.61,2.62,12000,0
2016-03-30,03:35:00,2.6,2.62,2.6,2.6,44000,0
2016-03-30,03:50:00,2.6,2.63,2.6,2.63,16000,0
2016-03-30,04:30:00,2.63,2.65,2.63,2.65,16000,0
2016-03-30,04:55:00,2.65,2.65,2.6,2.6,8000,0
2016-03-30,05:10:00,2.61,2.65,2.61,2.65,24000,0
2016-03-30,05:15:00,2.65,2.65,2.62,2.62,36000,0
2016-03-30,05:20:00,2.62,2.65,2.62,2.65,16000,0
2016-03-30,07:10:00,2.65,2.65,2.62,2.62,8000,0
2016-03-30,07:20:00,2.62,2.62,2.6,2.6,80000,0
2016-03-30,07:35:00,2.6,2.64,2.6,2.64,24000,0
2016-03-30,08:50:00,2.63,2.64,2.63,2.64,32000,0
2016-03-30,09:20:00,2.64,2.65,2.64,2.64,28000,0
2016-03-30,09:45:00,2.65,2.65,2.61,2.61,8000,0
2016-03-30,09:55:00,2.61,2.65,2.61,2.65,12000,0
2016-03-31,04:00:00,2.66,2.66,2.66,2.66,16000,0
2016-03-31,04:20:00,2.66,2.66,2.66,2.66,8000,0
2016-03-31,04:25:00,2.66,2.68,2.66,2.68,24000,0
2016-03-31,04:35:00,2.66,2.66,2.66,2.66,12000,0
2016-03-31,04:45:00,2.66,2.66,2.66,2.66,24000,0
2016-03-31,05:30:00,2.66,2.68,2.66,2.68,36000,0
2016-03-31,07:05:00,2.68,2.7,2.67,2.67,88000,0
2016-03-31,07:40:00,2.67,2.7,2.67,2.7,48000,0
2016-03-31,07:45:00,2.7,2.72,2.7,2.72,44000,0
2016-03-31,07:50:00,2.72,2.72,2.72,2.72,20000,0
2016-03-31,07:55:00,2.72,2.74,2.72,2.74,24000,0
2016-03-31,08:00:00,2.74,2.77,2.74,2.76,96000,0
2016-03-31,08:40:00,2.76,2.76,2.72,2.72,20000,0
2016-03-31,08:45:00,2.72,2.72,2.7,2.7,24000,0
2016-03-31,10:00:00,2.7,2.75,2.7,2.75,12000,0
2016-04-01,03:40:00,2.76,2.76,2.76,2.76,12000,0
2016-04-01,03:55:00,2.77,2.77,2.77,2.77,12000,0
2016-04-01,04:00:00,2.77,2.77,2.76,2.76,16000,0
2016-04-01,04:10:00,2.77,2.79,2.77,2.79,24000,0
2016-04-01,04:15:00,2.79,2.8,2.79,2.8,8000,0
2016-04-01,04:20:00,2.8,2.8,2.8,2.8,44000,0
2016-04-01,04:25:00,2.8,2.8,2.8,2.8,20000,0
2016-04-01,04:30:00,2.8,2.8,2.8,2.8,36000,0
2016-04-01,04:50:00,2.8,2.82,2.8,2.82,24000,0
2016-04-01,04:55:00,2.82,2.88,2.82,2.88,212000,0
2016-04-01,05:00:00,2.88,2.9,2.88,2.88,68000,0
2016-04-01,05:05:00,2.88,2.88,2.88,2.88,64000,0
2016-04-01,05:15:00,2.88,2.9,2.88,2.9,52000,0
2016-04-01,05:30:00,2.89,2.89,2.87,2.87,28000,0
2016-04-01,05:50:00,2.87,2.87,2.85,2.85,24000,0
2016-04-01,07:05:00,2.85,2.85,2.83,2.83,92000,0
2016-04-01,07:25:00,2.83,2.88,2.83,2.88,48000,0
2016-04-01,08:00:00,2.87,2.9,2.87,2.9,140000,0
2016-04-01,08:10:00,2.9,2.9,2.9,2.9,32000,0
2016-04-01,08:20:00,2.9,2.9,2.9,2.9,16000,0
2016-04-01,09:00:00,2.88,2.88,2.88,2.88,4000,0
2016-04-01,09:05:00,2.88,2.89,2.82,2.89,40000,0
2016-04-01,09:10:00,2.89,2.9,2.89,2.89,16000,0
2016-04-01,09:50:00,2.89,2.89,2.89,2.89,4000,0
2016-04-01,09:55:00,2.89,2.9,2.89,2.9,100000,0
2016-04-05,03:40:00,2.9,2.9,2.89,2.89,16000,0
2016-04-05,03:45:00,2.89,2.89,2.86,2.86,28000,0
2016-04-05,03:50:00,2.86,2.9,2.86,2.9,52000,0
2016-04-05,04:35:00,2.9,2.9,2.86,2.89,112000,0
2016-04-05,04:50:00,2.89,2.89,2.85,2.85,68000,0
2016-04-05,05:05:00,2.85,2.85,2.85,2.85,16000,0
2016-04-05,05:20:00,2.85,2.85,2.85,2.85,64000,0
2016-04-05,05:55:00,2.85,2.85,2.83,2.83,84000,0
2016-04-05,07:55:00,2.82,2.85,2.82,2.85,72000,0
2016-04-05,09:15:00,2.85,2.85,2.83,2.83,96000,0
2016-04-06,03:40:00,2.82,2.83,2.81,2.81,12000,0
2016-04-06,04:20:00,2.84,2.84,2.84,2.84,20000,0
2016-04-06,05:10:00,2.84,2.84,2.8,2.8,152000,0
2016-04-06,05:30:00,2.8,2.8,2.8,2.8,4000,0
2016-04-06,07:10:00,2.8,2.8,2.8,2.8,24000,0
2016-04-06,07:15:00,2.8,2.8,2.8,2.8,48000,0
2016-04-06,08:05:00,2.8,2.8,2.78,2.78,56000,0
2016-04-06,08:20:00,2.78,2.78,2.76,2.76,16000,0
2016-04-06,08:35:00,2.76,2.76,2.75,2.75,32000,0
2016-04-06,09:35:00,2.74,2.76,2.74,2.76,8000,0
2016-04-07,05:40:00,2.75,2.75,2.75,2.75,4000,0
2016-04-07,08:40:00,2.76,2.76,2.76,2.76,12000,0
2016-04-07,09:05:00,2.76,2.76,2.75,2.75,56000,0
2016-04-07,09:10:00,2.75,2.75,2.75,2.75,4000,0
2016-04-07,09:40:00,2.75,2.76,2.75,2.76,8000,0
2016-04-08,04:35:00,2.78,2.78,2.78,2.78,8000,0
2016-04-08,05:10:00,2.78,2.78,2.78,2.78,8000,0
2016-04-08,07:05:00,2.78,2.78,2.77,2.77,8000,0
2016-04-08,09:45:00,2.76,2.78,2.76,2.78,8000,0
2016-04-11,03:35:00,2.75,2.75,2.75,2.75,8000,0
2016-04-11,03:55:00,2.75,2.75,2.7,2.7,24000,0
2016-04-11,04:05:00,2.69,2.69,2.62,2.62,44000,0
2016-04-11,04:10:00,2.62,2.65,2.58,2.65,104000,0
2016-04-11,04:15:00,2.65,2.65,2.62,2.62,68000,0
2016-04-11,04:30:00,2.56,2.57,2.56,2.57,28000,0
2016-04-11,04:35:00,2.57,2.6,2.57,2.6,104000,0
2016-04-11,04:40:00,2.6,2.6,2.57,2.57,28000,0
2016-04-11,04:45:00,2.57,2.58,2.56,2.58,60000,0
2016-04-11,04:50:00,2.58,2.58,2.57,2.57,20000,0
2016-04-11,05:00:00,2.57,2.57,2.57,2.57,4000,0
2016-04-11,05:05:00,2.57,2.57,2.57,2.57,16000,0
2016-04-11,05:20:00,2.56,2.58,2.56,2.58,64000,0
2016-04-11,07:45:00,2.56,2.59,2.56,2.59,20000,0
2016-04-11,08:10:00,2.56,2.58,2.56,2.58,24000,0
2016-04-11,08:45:00,2.59,2.59,2.59,2.59,4000,0
2016-04-11,08:55:00,2.59,2.59,2.59,2.59,4000,0
2016-04-11,09:05:00,2.59,2.59,2.59,2.59,12000,0
2016-04-11,09:10:00,2.59,2.6,2.59,2.6,72000,0
2016-04-11,09:25:00,2.6,2.6,2.6,2.6,4000,0
2016-04-11,09:40:00,2.6,2.6,2.58,2.58,8000,0
2016-04-11,09:50:00,2.58,2.6,2.58,2.59,40000,0
2016-04-12,04:00:00,2.57,2.59,2.56,2.56,24000,0
2016-04-12,04:05:00,2.56,2.56,2.55,2.55,124000,0
2016-04-12,04:30:00,2.55,2.55,2.55,2.55,20000,0
2016-04-12,04:35:00,2.55,2.55,2.55,2.55,8000,0
2016-04-12,04:40:00,2.55,2.56,2.54,2.56,52000,0
2016-04-12,04:45:00,2.56,2.56,2.56,2.56,8000,0
2016-04-12,04:50:00,2.57,2.57,2.57,2.57,8000,0
2016-04-12,05:15:00,2.57,2.57,2.56,2.56,8000,0
2016-04-12,05:20:00,2.56,2.56,2.56,2.56,4000,0
2016-04-12,05:25:00,2.56,2.58,2.56,2.58,44000,0
2016-04-12,06:00:00,2.58,2.58,2.58,2.58,5000,0
2016-04-12,07:10:00,2.58,2.58,2.58,2.58,8000,0
2016-04-12,08:00:00,2.58,2.58,2.56,2.56,28000,0
2016-04-12,09:35:00,2.56,2.56,2.56,2.56,16000,0
2016-04-12,09:45:00,2.57,2.58,2.57,2.58,24000,0
2016-04-12,09:55:00,2.58,2.6,2.57,2.6,52000,0
2016-04-12,10:00:00,2.6,2.6,2.6,2.6,28000,0
2016-04-13,07:20:00,2.6,2.6,2.6,2.6,8000,0
2016-04-13,08:00:00,2.6,2.68,2.6,2.68,8000,0
2016-04-13,08:15:00,2.68,2.68,2.68,2.68,20000,0
2016-04-13,08:35:00,2.68,2.68,2.62,2.62,16000,0
2016-04-13,08:50:00,2.68,2.68,2.68,2.68,12000,0
2016-04-13,09:20:00,2.68,2.71,2.68,2.71,40000,0
2016-04-13,09:25:00,2.71,2.71,2.65,2.65,16000,0
2016-04-13,09:50:00,2.65,2.71,2.65,2.71,8000,0
