Date,Time,Open,High,Low,Close,Volume,OpenInt
2016-02-04,04:05:00,0.83,0.84,0.83,0.83,118000,0
2016-02-04,04:15:00,0.83,0.83,0.83,0.83,3000,0
2016-02-04,04:25:00,0.83,0.83,0.83,0.83,1000,0
2016-02-04,04:30:00,0.83,0.85,0.83,0.84,45000,0
2016-02-04,06:45:00,0.84,0.84,0.84,0.84,3000,0
2016-02-04,07:20:00,0.84,0.84,0.83,0.83,137000,0
2016-02-04,08:10:00,0.83,0.83,0.83,0.83,21000,0
2016-02-04,08:30:00,0.82,0.83,0.82,0.83,20000,0
2016-02-05,02:35:00,0.82,0.82,0.82,0.82,35000,0
2016-02-05,02:45:00,0.83,0.84,0.83,0.84,2000,0
2016-02-05,03:20:00,0.84,0.84,0.83,0.83,78000,0
2016-02-05,03:35:00,0.83,0.83,0.82,0.82,15000,0
2016-02-05,04:05:00,0.82,0.82,0.82,0.82,22000,0
2016-02-05,04:30:00,0.82,0.82,0.82,0.82,6000,0
2016-02-05,04:45:00,0.82,0.82,0.82,0.82,3000,0
2016-02-05,04:55:00,0.82,0.82,0.82,0.82,1000,0
2016-02-05,06:05:00,0.82,0.83,0.82,0.83,9000,0
2016-02-05,06:50:00,0.83,0.83,0.83,0.83,33000,0
2016-02-05,07:05:00,0.83,0.83,0.83,0.83,1000,0
2016-02-05,07:10:00,0.83,0.83,0.83,0.83,7000,0
2016-02-05,07:40:00,0.83,0.83,0.82,0.82,556000,0
2016-02-05,08:10:00,0.82,0.82,0.82,0.82,200000,0
2016-02-05,08:15:00,0.82,0.82,0.81,0.82,379000,0
2016-02-05,09:00:00,0.81,0.82,0.81,0.82,54000,0
2016-02-11,02:45:00,0.79,0.79,0.77,0.79,92000,0
2016-02-11,02:50:00,0.79,0.79,0.79,0.79,37000,0
2016-02-11,03:05:00,0.79,0.8,0.79,0.8,6000,0
2016-02-11,03:35:00,0.8,0.8,0.8,0.8,31000,0
2016-02-11,03:45:00,0.8,0.8,0.8,0.8,22000,0
2016-02-11,04:10:00,0.8,0.81,0.8,0.81,117000,0
2016-02-11,04:20:00,0.81,0.81,0.81,0.81,1000,0
2016-02-11,04:25:00,0.81,0.81,0.81,0.81,4000,0
2016-02-11,04:30:00,0.81,0.81,0.8,0.8,35000,0
2016-02-11,04:40:00,0.8,0.8,0.79,0.79,117000,0
2016-02-11,04:50:00,0.79,0.8,0.79,0.79,26000,0
2016-02-11,06:05:00,0.79,0.8,0.78,0.8,90000,0
2016-02-11,06:20:00,0.8,0.8,0.8,0.8,1000,0
2016-02-11,06:25:00,0.8,0.8,0.8,0.8,1000,0
2016-02-11,07:00:00,0.8,0.8,0.78,0.8,134000,0
2016-02-11,07:10:00,0.8,0.8,0.8,0.8,2000,0
2016-02-11,08:05:00,0.8,0.8,0.78,0.78,68000,0
2016-02-11,08:10:00,0.78,0.8,0.77,0.78,492000,0
2016-02-11,08:15:00,0.78,0.78,0.78,0.78,23000,0
2016-02-11,08:20:00,0.78,0.8,0.77,0.77,210000,0
2016-02-11,08:25:00,0.77,0.78,0.76,0.77,358000,0
2016-02-11,08:50:00,0.77,0.78,0.76,0.78,44000,0
2016-02-11,08:55:00,0.77,0.77,0.77,0.77,4000,0
2016-02-11,09:00:00,0.77,0.78,0.77,0.77,5000,0
2016-02-12,02:35:00,0.76,0.79,0.76,0.79,12000,0
2016-02-12,02:40:00,0.79,0.8,0.79,0.8,25000,0
2016-02-12,02:45:00,0.8,0.8,0.77,0.78,299000,0
2016-02-12,02:50:00,0.78,0.78,0.78,0.78,2000,0
2016-02-12,03:30:00,0.78,0.78,0.77,0.77,14000,0
2016-02-12,04:00:00,0.77,0.78,0.77,0.78,203000,0
2016-02-12,04:05:00,0.78,0.78,0.78,0.78,5000,0
2016-02-12,04:10:00,0.78,0.78,0.78,0.78,6000,0
2016-02-12,04:20:00,0.78,0.79,0.78,0.79,14000,0
2016-02-12,04:40:00,0.79,0.79,0.78,0.78,148000,0
2016-02-12,08:35:00,0.77,0.77,0.77,0.77,12000,0
2016-02-12,08:40:00,0.77,0.78,0.77,0.78,2000,0
2016-02-12,09:00:00,0.78,0.78,0.77,0.78,36000,0
2016-02-15,02:35:00,0.79,0.79,0.78,0.79,31000,0
2016-02-15,02:40:00,0.79,0.79,0.79,0.79,2000,0
2016-02-15,03:00:00,0.79,0.79,0.77,0.78,214000,0
2016-02-15,03:20:00,0.78,0.78,0.78,0.78,1000,0
2016-02-15,03:35:00,0.78,0.78,0.78,0.78,2000,0
2016-02-15,03:45:00,0.78,0.78,0.78,0.78,1000,0
2016-02-15,04:40:00,0.78,0.78,0.77,0.77,122000,0
2016-02-15,04:50:00,0.77,0.78,0.77,0.78,603000,0
2016-02-15,04:55:00,0.78,0.78,0.77,0.77,194000,0
2016-02-15,05:00:00,0.77,0.77,0.77,0.77,197000,0
2016-02-15,06:05:00,0.76,0.77,0.76,0.77,44000,0
2016-02-15,06:10:00,0.77,0.77,0.77,0.77,10000,0
2016-02-15,06:20:00,0.77,0.79,0.76,0.79,496000,0
2016-02-15,06:25:00,0.79,0.79,0.77,0.78,4000,0
2016-02-15,06:30:00,0.78,0.78,0.77,0.77,5000,0
2016-02-15,06:55:00,0.78,0.78,0.78,0.78,20000,0
2016-02-15,07:45:00,0.78,0.78,0.78,0.78,1000,0
2016-02-15,07:50:00,0.78,0.78,0.77,0.77,221000,0
2016-02-15,07:55:00,0.77,0.77,0.77,0.77,244000,0
2016-02-15,08:00:00,0.77,0.77,0.77,0.77,2000,0
2016-02-15,08:05:00,0.77,0.77,0.77,0.77,2000,0
2016-02-15,08:25:00,0.77,0.77,0.77,0.77,2000,0
2016-02-15,08:35:00,0.77,0.77,0.76,0.77,31000,0
2016-02-15,08:40:00,0.77,0.78,0.77,0.78,39000,0
2016-02-15,09:00:00,0.78,0.78,0.77,0.77,134000,0
2016-02-16,02:40:00,0.79,0.79,0.77,0.77,4000,0
2016-02-16,03:00:00,0.78,0.79,0.78,0.79,20000,0
2016-02-16,03:15:00,0.79,0.79,0.78,0.78,16000,0
2016-02-16,03:20:00,0.78,0.78,0.78,0.78,1000,0
2016-02-16,03:30:00,0.78,0.78,0.78,0.78,4000,0
2016-02-16,04:05:00,0.78,0.79,0.78,0.79,33000,0
2016-02-16,04:15:00,0.79,0.79,0.78,0.78,28000,0
2016-02-16,04:20:00,0.78,0.78,0.78,0.78,5000,0
2016-02-16,04:35:00,0.78,0.78,0.77,0.77,274000,0
2016-02-16,04:40:00,0.77,0.77,0.77,0.77,8000,0
2016-02-16,04:55:00,0.77,0.77,0.77,0.77,88000,0
2016-02-16,05:00:00,0.77,0.77,0.77,0.77,133000,0
2016-02-16,06:05:00,0.77,0.77,0.76,0.76,51000,0
2016-02-16,06:10:00,0.76,0.76,0.76,0.76,1000,0
2016-02-16,06:20:00,0.76,0.77,0.76,0.77,44000,0
2016-02-16,06:35:00,0.77,0.79,0.77,0.78,473000,0
2016-02-16,06:45:00,0.78,0.78,0.77,0.77,343000,0
2016-02-16,06:50:00,0.77,0.78,0.77,0.78,11000,0
2016-02-16,07:50:00,0.78,0.78,0.77,0.77,89000,0
2016-02-16,08:15:00,0.77,0.78,0.76,0.76,183000,0
2016-02-16,08:25:00,0.76,0.76,0.75,0.76,858000,0
2016-02-16,08:30:00,0.75,0.76,0.75,0.76,40000,0
2016-02-16,08:35:00,0.76,0.76,0.76,0.76,8000,0
2016-02-16,08:55:00,0.75,0.76,0.75,0.76,121000,0
2016-02-16,09:00:00,0.76,0.76,0.75,0.76,188000,0
2016-02-17,02:50:00,0.76,0.77,0.76,0.77,47000,0
2016-02-17,03:20:00,0.77,0.77,0.77,0.77,1000,0
2016-02-17,03:55:00,0.77,0.77,0.77,0.77,16000,0
2016-02-17,04:35:00,0.77,0.77,0.76,0.76,23000,0
2016-02-17,06:05:00,0.76,0.76,0.75,0.76,36000,0
2016-02-17,06:10:00,0.76,0.76,0.76,0.76,1000,0
2016-02-17,06:40:00,0.76,0.76,0.76,0.76,11000,0
2016-02-17,07:45:00,0.75,0.76,0.75,0.76,118000,0
2016-02-17,08:30:00,0.76,0.76,0.75,0.76,61000,0
2016-02-17,09:00:00,0.76,0.76,0.76,0.76,3000,0
2016-02-18,02:35:00,0.77,0.77,0.77,0.77,1000,0
2016-02-18,02:45:00,0.76,0.78,0.76,0.77,204000,0
2016-02-18,02:50:00,0.77,0.77,0.77,0.77,3000,0
2016-02-18,02:55:00,0.77,0.77,0.77,0.77,2000,0
2016-02-18,03:00:00,0.77,0.77,0.77,0.77,3000,0
2016-02-18,03:05:00,0.77,0.77,0.77,0.77,2000,0
2016-02-18,03:10:00,0.77,0.78,0.77,0.77,5000,0
2016-02-18,03:15:00,0.77,0.77,0.77,0.77,2000,0
2016-02-18,03:20:00,0.77,0.77,0.77,0.77,22000,0
2016-02-18,03:25:00,0.77,0.77,0.77,0.77,2000,0
2016-02-18,03:30:00,0.77,0.77,0.77,0.77,2000,0
2016-02-18,03:35:00,0.77,0.77,0.77,0.77,2000,0
2016-02-18,03:40:00,0.77,0.77,0.77,0.77,51000,0
2016-02-18,03:55:00,0.76,0.77,0.76,0.77,20000,0
2016-02-18,04:00:00,0.77,0.77,0.77,0.77,1000,0
2016-02-18,04:05:00,0.77,0.77,0.77,0.77,2000,0
2016-02-18,04:10:00,0.77,0.77,0.77,0.77,21000,0
2016-02-18,04:15:00,0.77,0.77,0.77,0.77,1000,0
2016-02-18,04:20:00,0.77,0.77,0.77,0.77,1000,0
2016-02-18,04:25:00,0.77,0.77,0.77,0.77,2000,0
2016-02-18,04:30:00,0.77,0.77,0.77,0.77,1000,0
2016-02-18,04:35:00,0.77,0.77,0.77,0.77,1000,0
2016-02-18,04:40:00,0.77,0.77,0.77,0.77,1000,0
2016-02-18,04:45:00,0.77,0.77,0.77,0.77,1000,0
2016-02-18,04:50:00,0.77,0.77,0.77,0.77,1000,0
2016-02-18,05:00:00,0.77,0.79,0.77,0.79,737000,0
2016-02-18,06:05:00,0.79,0.79,0.77,0.77,21000,0
2016-02-18,06:10:00,0.77,0.79,0.77,0.77,6000,0
2016-02-18,06:15:00,0.77,0.77,0.77,0.77,2000,0
2016-02-18,06:20:00,0.77,0.77,0.77,0.77,1000,0
2016-02-18,06:25:00,0.77,0.78,0.77,0.78,135000,0
2016-02-18,06:30:00,0.78,0.8,0.78,0.8,417000,0
2016-02-18,06:35:00,0.8,0.8,0.79,0.79,10000,0
2016-02-18,06:40:00,0.79,0.79,0.79,0.79,1000,0
2016-02-18,06:45:00,0.79,0.8,0.79,0.8,124000,0
2016-02-18,06:50:00,0.8,0.8,0.79,0.79,3000,0
2016-02-18,06:55:00,0.79,0.79,0.79,0.79,11000,0
2016-02-18,07:00:00,0.79,0.79,0.79,0.79,1000,0
2016-02-18,07:05:00,0.79,0.8,0.78,0.8,124000,0
2016-02-18,07:10:00,0.8,0.8,0.79,0.79,2000,0
2016-02-18,07:15:00,0.79,0.79,0.79,0.79,2000,0
2016-02-18,07:20:00,0.79,0.79,0.79,0.79,2000,0
2016-02-18,07:25:00,0.79,0.79,0.79,0.79,2000,0
2016-02-18,07:30:00,0.79,0.8,0.79,0.79,10000,0
2016-02-18,07:35:00,0.79,0.79,0.79,0.79,2000,0
2016-02-18,07:40:00,0.79,0.79,0.79,0.79,2000,0
2016-02-18,07:45:00,0.79,0.79,0.79,0.79,5000,0
2016-02-18,07:50:00,0.79,0.79,0.79,0.79,2000,0
2016-02-18,07:55:00,0.79,0.79,0.79,0.79,2000,0
2016-02-18,08:00:00,0.79,0.79,0.79,0.79,2000,0
2016-02-18,08:05:00,0.79,0.79,0.79,0.79,1000,0
2016-02-18,08:10:00,0.79,0.79,0.79,0.79,3000,0
2016-02-18,08:15:00,0.79,0.79,0.79,0.79,2000,0
2016-02-18,08:20:00,0.79,0.79,0.79,0.79,2000,0
2016-02-18,08:25:00,0.79,0.79,0.79,0.79,1000,0
2016-02-18,08:30:00,0.79,0.79,0.79,0.79,3000,0
2016-02-18,08:35:00,0.79,0.8,0.79,0.8,583000,0
2016-02-18,08:40:00,0.8,0.81,0.8,0.8,20000,0
2016-02-18,08:45:00,0.8,0.8,0.8,0.8,3000,0
2016-02-18,08:50:00,0.8,0.8,0.8,0.8,3000,0
2016-02-18,08:55:00,0.8,0.8,0.8,0.8,4000,0
2016-02-18,09:00:00,0.8,0.8,0.79,0.79,17000,0
2016-02-19,03:05:00,0.79,0.79,0.79,0.79,12000,0
2016-02-19,03:15:00,0.79,0.8,0.79,0.8,46000,0
2016-02-19,03:20:00,0.8,0.8,0.8,0.8,57000,0
2016-02-19,03:25:00,0.8,0.8,0.79,0.8,20000,0
2016-02-19,04:05:00,0.8,0.8,0.79,0.8,46000,0
2016-02-19,04:15:00,0.8,0.8,0.79,0.8,12000,0
2016-02-19,04:40:00,0.8,0.8,0.8,0.8,12000,0
2016-02-19,06:10:00,0.8,0.8,0.8,0.8,12000,0
2016-02-19,06:30:00,0.8,0.8,0.78,0.79,288000,0
2016-02-19,06:45:00,0.78,0.8,0.78,0.8,180000,0
2016-02-19,06:50:00,0.8,0.8,0.8,0.8,11000,0
2016-02-19,07:05:00,0.8,0.8,0.79,0.8,128000,0
2016-02-19,07:35:00,0.8,0.8,0.8,0.8,5000,0
2016-02-19,08:00:00,0.8,0.8,0.8,0.8,437000,0
2016-02-19,08:15:00,0.8,0.8,0.8,0.8,20000,0
2016-02-19,08:20:00,0.8,0.8,0.8,0.8,49000,0
2016-02-19,08:25:00,0.8,0.8,0.8,0.8,50000,0
2016-02-19,08:30:00,0.8,0.8,0.79,0.8,107000,0
2016-02-22,03:15:00,0.8,0.81,0.8,0.81,220000,0
2016-02-22,04:15:00,0.8,0.81,0.8,0.81,56000,0
2016-02-22,04:35:00,0.81,0.81,0.81,0.81,7000,0
2016-02-22,04:40:00,0.81,0.81,0.81,0.81,2000,0
2016-02-22,04:50:00,0.8,0.81,0.8,0.81,8000,0
2016-02-22,04:55:00,0.81,0.81,0.81,0.81,3000,0
2016-02-22,06:05:00,0.81,0.81,0.81,0.81,33000,0
2016-02-22,06:10:00,0.81,0.81,0.81,0.81,6000,0
2016-02-22,06:15:00,0.8,0.81,0.8,0.81,80000,0
2016-02-22,06:40:00,0.81,0.83,0.81,0.83,45000,0
2016-02-22,06:45:00,0.83,0.83,0.83,0.83,28000,0
2016-02-22,06:50:00,0.83,0.83,0.81,0.81,168000,0
2016-02-22,07:05:00,0.81,0.81,0.81,0.81,40000,0
2016-02-22,07:15:00,0.81,0.82,0.81,0.82,8000,0
2016-02-22,08:00:00,0.82,0.82,0.82,0.82,5000,0
2016-02-22,08:50:00,0.82,0.82,0.82,0.82,89000,0
2016-02-22,09:00:00,0.82,0.82,0.82,0.82,5000,0
2016-02-23,02:40:00,0.81,0.82,0.81,0.81,40000,0
2016-02-23,02:50:00,0.81,0.81,0.81,0.81,3000,0
2016-02-23,03:20:00,0.81,0.83,0.81,0.83,2000,0
2016-02-23,03:35:00,0.82,0.82,0.81,0.81,46000,0
2016-02-23,03:40:00,0.81,0.82,0.81,0.82,51000,0
2016-02-23,03:45:00,0.82,0.82,0.81,0.81,4000,0
2016-02-23,03:55:00,0.81,0.81,0.81,0.81,2000,0
2016-02-23,04:10:00,0.81,0.82,0.81,0.82,55000,0
2016-02-23,04:15:00,0.82,0.82,0.81,0.82,10000,0
2016-02-23,04:35:00,0.82,0.82,0.8,0.81,110000,0
2016-02-23,04:55:00,0.8,0.81,0.8,0.81,6000,0
2016-02-23,06:40:00,0.8,0.81,0.8,0.81,21000,0
2016-02-23,06:50:00,0.8,0.81,0.8,0.81,11000,0
2016-02-23,08:20:00,0.8,0.81,0.8,0.81,19000,0
2016-02-23,08:35:00,0.81,0.81,0.8,0.81,144000,0
2016-02-23,09:00:00,0.8,0.82,0.8,0.81,154000,0
2016-02-24,02:50:00,0.81,0.81,0.81,0.81,20000,0
2016-02-24,03:05:00,0.81,0.82,0.81,0.82,66000,0
2016-02-24,03:40:00,0.81,0.81,0.8,0.8,2000,0
2016-02-24,04:05:00,0.8,0.8,0.8,0.8,53000,0
2016-02-24,04:20:00,0.8,0.8,0.8,0.8,122000,0
2016-02-24,06:10:00,0.79,0.8,0.79,0.8,353000,0
2016-02-24,08:10:00,0.79,0.8,0.79,0.8,114000,0
2016-02-24,08:30:00,0.8,0.8,0.8,0.8,5000,0
2016-02-24,09:00:00,0.8,0.8,0.79,0.8,98000,0
2016-02-25,03:00:00,0.8,0.8,0.8,0.8,2000,0
2016-02-25,04:20:00,0.79,0.8,0.79,0.8,22000,0
2016-02-25,05:00:00,0.79,0.8,0.79,0.8,59000,0
2016-02-25,06:30:00,0.79,0.8,0.79,0.8,328000,0
2016-02-26,02:35:00,0.8,0.8,0.77,0.78,318000,0
2016-02-26,03:15:00,0.78,0.78,0.78,0.78,100000,0
2016-02-26,03:35:00,0.78,0.79,0.78,0.79,46000,0
2016-02-26,04:35:00,0.79,0.79,0.79,0.79,20000,0
2016-02-26,07:15:00,0.79,0.79,0.79,0.79,10000,0
2016-02-26,07:45:00,0.79,0.79,0.79,0.79,10000,0
2016-02-26,08:10:00,0.79,0.79,0.79,0.79,23000,0
2016-02-26,09:00:00,0.79,0.79,0.79,0.79,15000,0
2016-02-29,03:15:00,0.79,0.79,0.79,0.79,1000,0
2016-02-29,04:00:00,0.78,0.8,0.78,0.8,13000,0
2016-02-29,06:10:00,0.8,0.8,0.78,0.78,14000,0
2016-02-29,06:50:00,0.78,0.79,0.78,0.79,2000,0
2016-02-29,07:10:00,0.79,0.79,0.78,0.78,138000,0
2016-02-29,07:15:00,0.78,0.8,0.78,0.8,89000,0
2016-02-29,08:30:00,0.8,0.8,0.79,0.8,141000,0
2016-02-29,08:40:00,0.8,0.8,0.79,0.79,4000,0
2016-02-29,08:45:00,0.79,0.79,0.78,0.79,74000,0
2016-02-29,08:55:00,0.79,0.8,0.78,0.78,585000,0
2016-02-29,09:00:00,0.79,0.79,0.79,0.79,6000,0
2016-03-01,03:40:00,0.79,0.79,0.79,0.79,2000,0
2016-03-01,04:30:00,0.79,0.79,0.79,0.79,1000,0
2016-03-01,06:05:00,0.79,0.79,0.79,0.79,2000,0
2016-03-01,06:20:00,0.79,0.79,0.77,0.79,4000,0
2016-03-01,06:40:00,0.79,0.79,0.77,0.79,24000,0
2016-03-01,06:55:00,0.78,0.78,0.78,0.78,7000,0
2016-03-01,07:30:00,0.78,0.79,0.78,0.79,5000,0
2016-03-01,07:45:00,0.79,0.79,0.79,0.79,542000,0
2016-03-01,07:50:00,0.79,0.79,0.79,0.79,1000,0
2016-03-01,08:10:00,0.79,0.79,0.79,0.79,3000,0
2016-03-01,08:15:00,0.79,0.79,0.79,0.79,6000,0
2016-03-01,08:30:00,0.79,0.79,0.79,0.79,15000,0
2016-03-01,08:40:00,0.79,0.8,0.79,0.8,32000,0
2016-03-01,08:55:00,0.8,0.81,0.8,0.81,2000,0
2016-03-02,02:50:00,0.8,0.8,0.8,0.8,27000,0
2016-03-02,02:55:00,0.8,0.8,0.8,0.8,69000,0
2016-03-02,03:15:00,0.8,0.8,0.8,0.8,30000,0
2016-03-02,03:30:00,0.8,0.8,0.8,0.8,42000,0
2016-03-02,04:10:00,0.8,0.8,0.79,0.8,459000,0
2016-03-02,04:15:00,0.8,0.81,0.8,0.81,2000,0
2016-03-02,04:30:00,0.81,0.81,0.8,0.81,44000,0
2016-03-02,04:35:00,0.81,0.81,0.81,0.81,119000,0
2016-03-02,04:40:00,0.81,0.81,0.81,0.81,20000,0
2016-03-02,04:45:00,0.81,0.82,0.81,0.81,18000,0
2016-03-02,04:50:00,0.81,0.81,0.8,0.8,112000,0
2016-03-02,06:05:00,0.8,0.81,0.8,0.81,16000,0
2016-03-02,06:15:00,0.81,0.81,0.8,0.8,40000,0
2016-03-02,06:20:00,0.8,0.8,0.8,0.8,30000,0
2016-03-02,06:25:00,0.8,0.8,0.8,0.8,18000,0
2016-03-02,06:40:00,0.8,0.8,0.8,0.8,50000,0
2016-03-02,06:45:00,0.8,0.8,0.8,0.8,80000,0
2016-03-02,06:50:00,0.8,0.8,0.8,0.8,50000,0
2016-03-02,06:55:00,0.8,0.8,0.8,0.8,20000,0
2016-03-02,07:00:00,0.8,0.8,0.8,0.8,200000,0
2016-03-02,07:15:00,0.8,0.8,0.8,0.8,50000,0
2016-03-02,07:30:00,0.8,0.8,0.8,0.8,20000,0
2016-03-02,07:35:00,0.8,0.81,0.8,0.81,89000,0
2016-03-02,07:40:00,0.81,0.81,0.81,0.81,49000,0
2016-03-02,07:45:00,0.81,0.82,0.81,0.82,217000,0
2016-03-02,07:50:00,0.82,0.82,0.81,0.81,20000,0
2016-03-02,08:00:00,0.81,0.81,0.81,0.81,4000,0
2016-03-02,08:10:00,0.81,0.82,0.81,0.82,94000,0
2016-03-02,08:15:00,0.82,0.82,0.82,0.82,30000,0
2016-03-02,08:20:00,0.82,0.83,0.82,0.83,98000,0
2016-03-02,08:25:00,0.83,0.83,0.83,0.83,60000,0
2016-03-02,08:45:00,0.83,0.83,0.82,0.82,16000,0
2016-03-02,08:50:00,0.82,0.82,0.81,0.81,116000,0
2016-03-02,08:55:00,0.81,0.81,0.81,0.81,19000,0
2016-03-02,09:00:00,0.81,0.81,0.81,0.81,66000,0
2016-03-03,03:15:00,0.83,0.83,0.81,0.83,40000,0
2016-03-03,03:40:00,0.83,0.83,0.82,0.82,20000,0
2016-03-03,04:00:00,0.82,0.82,0.81,0.81,5000,0
2016-03-03,05:00:00,0.81,0.82,0.81,0.82,120000,0
2016-03-03,06:05:00,0.82,0.82,0.81,0.81,195000,0
2016-03-03,06:30:00,0.81,0.81,0.81,0.81,146000,0
2016-03-03,06:35:00,0.81,0.81,0.81,0.81,11000,0
2016-03-03,06:55:00,0.81,0.81,0.8,0.81,180000,0
2016-03-03,07:00:00,0.81,0.81,0.81,0.81,128000,0
2016-03-03,07:15:00,0.81,0.81,0.81,0.81,393000,0
2016-03-03,07:20:00,0.81,0.81,0.81,0.81,3000,0
2016-03-03,07:35:00,0.81,0.81,0.81,0.81,4000,0
2016-03-03,07:40:00,0.81,0.81,0.81,0.81,15000,0
2016-03-04,02:40:00,0.81,0.81,0.8,0.81,39000,0
2016-03-04,02:45:00,0.81,0.81,0.81,0.81,31000,0
2016-03-04,02:55:00,0.81,0.81,0.81,0.81,7000,0
2016-03-04,03:10:00,0.8,0.82,0.8,0.82,2000,0
2016-03-04,03:15:00,0.8,0.81,0.8,0.81,20000,0
2016-03-04,03:30:00,0.8,0.81,0.8,0.81,3000,0
2016-03-04,04:00:00,0.8,0.81,0.8,0.81,6000,0
2016-03-04,04:05:00,0.81,0.81,0.8,0.81,26000,0
2016-03-04,06:05:00,0.8,0.81,0.8,0.81,53000,0
2016-03-04,06:10:00,0.81,0.81,0.8,0.81,78000,0
2016-03-04,06:35:00,0.81,0.81,0.81,0.81,617000,0
2016-03-04,06:40:00,0.81,0.81,0.81,0.81,5000,0
2016-03-04,06:50:00,0.81,0.82,0.81,0.82,446000,0
2016-03-04,06:55:00,0.82,0.82,0.82,0.82,39000,0
2016-03-04,07:00:00,0.82,0.82,0.82,0.82,5000,0
2016-03-04,07:20:00,0.82,0.82,0.81,0.81,4000,0
2016-03-04,07:25:00,0.81,0.81,0.81,0.81,200000,0
2016-03-04,07:35:00,0.81,0.81,0.81,0.81,20000,0
2016-03-04,07:45:00,0.81,0.81,0.81,0.81,20000,0
2016-03-04,07:55:00,0.81,0.81,0.81,0.81,14000,0
2016-03-04,08:05:00,0.8,0.81,0.8,0.81,231000,0
2016-03-04,08:10:00,0.81,0.81,0.81,0.81,8000,0
2016-03-04,08:35:00,0.81,0.81,0.81,0.81,82000,0
2016-03-04,08:45:00,0.81,0.81,0.81,0.81,3000,0
2016-03-04,08:50:00,0.81,0.81,0.81,0.81,54000,0
2016-03-04,08:55:00,0.81,0.81,0.81,0.81,9000,0
2016-03-07,02:40:00,0.8,0.81,0.8,0.81,115000,0
2016-03-07,02:55:00,0.81,0.82,0.81,0.82,84000,0
2016-03-07,03:00:00,0.82,0.82,0.81,0.81,11000,0
2016-03-07,03:05:00,0.81,0.81,0.81,0.81,23000,0
2016-03-07,03:10:00,0.81,0.82,0.81,0.82,12000,0
2016-03-07,03:25:00,0.82,0.82,0.81,0.82,148000,0
2016-03-07,03:40:00,0.82,0.82,0.82,0.82,153000,0
2016-03-07,04:05:00,0.82,0.82,0.82,0.82,131000,0
2016-03-07,04:25:00,0.82,0.82,0.8,0.82,129000,0
2016-03-07,06:20:00,0.82,0.82,0.8,0.82,139000,0
2016-03-07,06:25:00,0.81,0.81,0.81,0.81,17000,0
2016-03-07,06:45:00,0.81,0.81,0.8,0.81,31000,0
2016-03-07,07:15:00,0.81,0.81,0.8,0.81,351000,0
2016-03-07,07:20:00,0.81,0.81,0.8,0.8,59000,0
2016-03-07,08:10:00,0.8,0.8,0.8,0.8,342000,0
2016-03-07,08:15:00,0.8,0.81,0.8,0.8,329000,0
2016-03-07,08:20:00,0.8,0.8,0.8,0.8,4000,0
2016-03-07,08:25:00,0.8,0.8,0.8,0.8,82000,0
2016-03-07,08:30:00,0.8,0.8,0.8,0.8,11000,0
2016-03-07,08:45:00,0.8,0.81,0.8,0.81,57000,0
2016-03-07,08:55:00,0.81,0.81,0.8,0.8,102000,0
2016-03-07,09:00:00,0.8,0.8,0.79,0.8,149000,0
2016-03-08,06:10:00,0.8,0.81,0.8,0.81,2000,0
2016-03-08,08:00:00,0.8,0.81,0.8,0.81,8000,0
2016-03-10,07:05:00,0.79,0.8,0.79,0.8,159000,0
2016-03-10,07:20:00,0.8,0.8,0.8,0.8,114000,0
2016-03-10,07:30:00,0.8,0.8,0.8,0.8,135000,0
2016-03-10,08:00:00,0.8,0.8,0.8,0.8,5000,0
2016-03-10,08:15:00,0.8,0.8,0.8,0.8,2000,0
2016-03-10,08:20:00,0.8,0.8,0.8,0.8,108000,0
2016-03-10,08:40:00,0.8,0.8,0.8,0.8,20000,0
2016-03-10,08:55:00,0.8,0.8,0.8,0.8,30000,0
2016-03-10,09:00:00,0.8,0.8,0.8,0.8,106000,0
2016-03-11,02:35:00,0.8,0.8,0.8,0.8,5000,0
2016-03-11,02:40:00,0.8,0.8,0.8,0.8,29000,0
2016-03-11,02:50:00,0.8,0.8,0.79,0.79,130000,0
2016-03-11,03:50:00,0.78,0.8,0.78,0.8,280000,0
2016-03-11,04:10:00,0.8,0.8,0.79,0.79,100000,0
2016-03-11,04:20:00,0.79,0.79,0.79,0.79,2000,0
2016-03-11,04:25:00,0.79,0.79,0.79,0.79,1000,0
2016-03-11,04:45:00,0.79,0.8,0.79,0.8,3000,0
2016-03-11,06:05:00,0.8,0.8,0.79,0.79,34000,0
2016-03-11,06:45:00,0.79,0.79,0.79,0.79,1000,0
2016-03-11,07:00:00,0.79,0.79,0.79,0.79,15000,0
2016-03-11,07:10:00,0.79,0.8,0.79,0.8,362000,0
2016-03-11,07:25:00,0.8,0.8,0.8,0.8,30000,0
2016-03-11,08:10:00,0.8,0.8,0.8,0.8,100000,0
2016-03-11,08:40:00,0.8,0.8,0.8,0.8,10000,0
2016-03-11,09:00:00,0.8,0.8,0.8,0.8,259000,0
2016-03-14,02:40:00,0.8,0.81,0.8,0.81,61000,0
2016-03-14,02:45:00,0.81,0.81,0.81,0.81,79000,0
2016-03-14,03:00:00,0.81,0.82,0.81,0.82,48000,0
2016-03-14,03:15:00,0.82,0.82,0.82,0.82,145000,0
2016-03-14,03:20:00,0.82,0.82,0.82,0.82,10000,0
2016-03-14,03:25:00,0.82,0.83,0.82,0.83,172000,0
2016-03-14,03:30:00,0.83,0.83,0.82,0.82,22000,0
2016-03-14,03:35:00,0.82,0.83,0.82,0.83,46000,0
2016-03-14,03:40:00,0.83,0.83,0.82,0.82,2000,0
2016-03-14,03:45:00,0.82,0.82,0.82,0.82,10000,0
2016-03-14,03:55:00,0.82,0.83,0.82,0.82,77000,0
2016-03-14,04:00:00,0.82,0.82,0.82,0.82,4000,0
2016-03-14,04:10:00,0.82,0.82,0.82,0.82,17000,0
2016-03-14,04:25:00,0.82,0.82,0.82,0.82,10000,0
2016-03-14,04:30:00,0.82,0.82,0.82,0.82,29000,0
2016-03-14,04:35:00,0.82,0.82,0.81,0.81,2000,0
2016-03-14,04:40:00,0.81,0.82,0.81,0.82,190000,0
2016-03-14,04:45:00,0.82,0.82,0.81,0.81,2000,0
2016-03-14,04:50:00,0.81,0.81,0.81,0.81,120000,0
2016-03-14,04:55:00,0.81,0.82,0.81,0.82,39000,0
2016-03-14,06:15:00,0.82,0.82,0.81,0.81,2000,0
2016-03-14,06:20:00,0.81,0.82,0.81,0.82,46000,0
2016-03-14,06:30:00,0.82,0.83,0.82,0.83,247000,0
2016-03-14,06:35:00,0.83,0.83,0.83,0.83,18000,0
2016-03-14,06:40:00,0.83,0.83,0.83,0.83,13000,0
2016-03-14,06:45:00,0.83,0.83,0.83,0.83,178000,0
2016-03-14,06:50:00,0.83,0.83,0.83,0.83,98000,0
2016-03-14,06:55:00,0.83,0.83,0.83,0.83,19000,0
2016-03-14,07:00:00,0.83,0.83,0.82,0.83,82000,0
2016-03-14,07:05:00,0.83,0.83,0.82,0.82,26000,0
2016-03-14,07:15:00,0.82,0.82,0.82,0.82,15000,0
2016-03-14,07:25:00,0.82,0.82,0.82,0.82,12000,0
2016-03-14,07:45:00,0.82,0.82,0.82,0.82,31000,0
2016-03-14,08:00:00,0.82,0.83,0.82,0.82,31000,0
2016-03-14,08:10:00,0.82,0.82,0.82,0.82,15000,0
2016-03-14,08:20:00,0.82,0.82,0.82,0.82,9000,0
2016-03-14,08:25:00,0.82,0.82,0.82,0.82,20000,0
2016-03-14,08:30:00,0.82,0.82,0.81,0.82,150000,0
2016-03-14,08:35:00,0.82,0.82,0.81,0.81,394000,0
2016-03-14,08:40:00,0.81,0.81,0.81,0.81,700,0
2016-03-14,08:45:00,0.81,0.82,0.81,0.82,58000,0
2016-03-14,08:55:00,0.82,0.82,0.82,0.82,52000,0
2016-03-14,09:00:00,0.82,0.82,0.81,0.81,17000,0
2016-03-15,03:50:00,0.8,0.82,0.8,0.8,360000,0
2016-03-15,04:15:00,0.8,0.8,0.8,0.8,3000,0
2016-03-15,04:20:00,0.8,0.81,0.8,0.81,30000,0
2016-03-15,04:30:00,0.81,0.81,0.81,0.81,13000,0
2016-03-15,04:35:00,0.81,0.81,0.8,0.8,119000,0
2016-03-15,04:55:00,0.8,0.8,0.8,0.8,2000,0
2016-03-15,05:00:00,0.8,0.81,0.8,0.81,32000,0
2016-03-15,06:05:00,0.81,0.81,0.8,0.8,2000,0
2016-03-15,06:20:00,0.8,0.8,0.8,0.8,21000,0
2016-03-15,06:30:00,0.8,0.81,0.8,0.81,26000,0
2016-03-15,07:00:00,0.81,0.81,0.8,0.8,16000,0
2016-03-15,07:30:00,0.79,0.8,0.79,0.8,2000,0
2016-03-15,07:45:00,0.8,0.8,0.8,0.8,4000,0
2016-03-15,08:00:00,0.79,0.8,0.79,0.8,109000,0
2016-03-15,08:10:00,0.8,0.81,0.8,0.81,39000,0
2016-03-15,09:00:00,0.8,0.8,0.8,0.8,12000,0
2016-03-16,02:35:00,0.8,0.8,0.8,0.8,20000,0
2016-03-16,02:55:00,0.8,0.8,0.8,0.8,100000,0
2016-03-16,03:00:00,0.8,0.8,0.8,0.8,70000,0
2016-03-16,03:05:00,0.8,0.8,0.8,0.8,34000,0
2016-03-16,03:10:00,0.8,0.8,0.8,0.8,35000,0
2016-03-16,04:25:00,0.8,0.8,0.78,0.79,440000,0
2016-03-16,04:30:00,0.79,0.79,0.79,0.79,10000,0
2016-03-16,04:35:00,0.79,0.79,0.79,0.79,1000,0
2016-03-16,04:40:00,0.79,0.8,0.79,0.79,231000,0
2016-03-16,04:50:00,0.79,0.79,0.79,0.79,6000,0
2016-03-16,04:55:00,0.79,0.8,0.79,0.8,49000,0
2016-03-16,06:05:00,0.8,0.8,0.79,0.79,20000,0
2016-03-16,06:25:00,0.79,0.8,0.79,0.8,34000,0
2016-03-16,06:45:00,0.8,0.8,0.8,0.8,216000,0
2016-03-16,07:00:00,0.8,0.81,0.8,0.81,88000,0
2016-03-16,07:10:00,0.81,0.81,0.8,0.81,16000,0
2016-03-16,07:30:00,0.81,0.81,0.8,0.81,45000,0
2016-03-16,07:45:00,0.81,0.81,0.8,0.81,111000,0
2016-03-16,08:40:00,0.81,0.81,0.81,0.81,14000,0
2016-03-16,08:50:00,0.81,0.81,0.8,0.8,16000,0
2016-03-16,08:55:00,0.8,0.81,0.8,0.81,46000,0
2016-03-16,09:00:00,0.81,0.81,0.8,0.8,87000,0
2016-03-17,03:20:00,0.8,0.8,0.8,0.8,78000,0
2016-03-17,03:25:00,0.8,0.8,0.8,0.8,12000,0
2016-03-17,03:50:00,0.8,0.8,0.8,0.8,14000,0
2016-03-17,04:40:00,0.8,0.81,0.8,0.8,13000,0
2016-03-17,04:55:00,0.8,0.82,0.8,0.82,112000,0
2016-03-17,06:05:00,0.81,0.82,0.81,0.82,2000,0
2016-03-17,06:10:00,0.81,0.82,0.81,0.81,13000,0
2016-03-17,06:25:00,0.81,0.81,0.8,0.8,12000,0
2016-03-17,06:30:00,0.8,0.81,0.8,0.81,20000,0
2016-03-17,07:10:00,0.81,0.81,0.8,0.8,2000,0
2016-03-17,07:20:00,0.8,0.8,0.8,0.8,2000,0
2016-03-17,07:40:00,0.8,0.8,0.79,0.8,18000,0
2016-03-17,08:00:00,0.8,0.8,0.79,0.8,12000,0
2016-03-17,08:45:00,0.8,0.81,0.8,0.81,228000,0
2016-03-17,08:50:00,0.81,0.81,0.81,0.81,2000,0
2016-03-17,09:00:00,0.81,0.81,0.81,0.81,4000,0
2016-03-18,02:40:00,0.81,0.81,0.81,0.81,1000,0
2016-03-18,02:50:00,0.81,0.81,0.8,0.81,54000,0
2016-03-18,03:35:00,0.81,0.81,0.79,0.8,302000,0
2016-03-18,04:25:00,0.8,0.8,0.8,0.8,50000,0
2016-03-18,04:30:00,0.8,0.8,0.8,0.8,47000,0
2016-03-18,04:50:00,0.8,0.8,0.8,0.8,10000,0
2016-03-18,06:05:00,0.8,0.81,0.8,0.81,112000,0
2016-03-18,06:10:00,0.81,0.82,0.81,0.82,404000,0
2016-03-18,06:20:00,0.82,0.82,0.81,0.82,108000,0
2016-03-18,06:50:00,0.82,0.82,0.81,0.82,76000,0
2016-03-18,07:35:00,0.82,0.83,0.8,0.81,1006000,0
2016-03-18,07:55:00,0.81,0.81,0.81,0.81,32000,0
2016-03-18,08:20:00,0.81,0.81,0.81,0.81,10000,0
2016-03-18,08:25:00,0.81,0.81,0.81,0.81,3000,0
2016-03-18,09:00:00,0.81,0.82,0.81,0.82,25000,0
2016-03-21,02:45:00,0.82,0.82,0.82,0.82,1000,0
2016-03-21,02:55:00,0.82,0.82,0.81,0.81,68000,0
2016-03-21,03:00:00,0.81,0.81,0.81,0.81,1000,0
2016-03-21,03:05:00,0.81,0.81,0.81,0.81,1000,0
2016-03-21,03:10:00,0.81,0.81,0.81,0.81,1000,0
2016-03-21,03:15:00,0.81,0.81,0.81,0.81,37000,0
2016-03-21,03:30:00,0.8,0.81,0.8,0.81,167000,0
2016-03-21,03:35:00,0.81,0.81,0.81,0.81,3000,0
2016-03-21,03:40:00,0.81,0.81,0.81,0.81,1000,0
2016-03-21,03:45:00,0.81,0.81,0.81,0.81,26000,0
2016-03-21,04:00:00,0.8,0.81,0.8,0.81,186000,0
2016-03-21,04:05:00,0.81,0.81,0.81,0.81,1000,0
2016-03-21,04:15:00,0.81,0.81,0.81,0.81,1000,0
2016-03-21,04:20:00,0.81,0.81,0.81,0.81,21000,0
2016-03-21,04:25:00,0.81,0.81,0.81,0.81,21000,0
2016-03-21,04:30:00,0.81,0.82,0.81,0.82,83000,0
2016-03-21,04:35:00,0.82,0.82,0.81,0.81,3000,0
2016-03-21,04:40:00,0.81,0.81,0.81,0.81,52000,0
2016-03-21,04:45:00,0.81,0.81,0.81,0.81,1000,0
2016-03-21,04:50:00,0.81,0.81,0.81,0.81,11000,0
2016-03-21,04:55:00,0.81,0.81,0.81,0.81,1000,0
2016-03-21,05:00:00,0.81,0.81,0.81,0.81,1000,0
2016-03-21,06:05:00,0.81,0.81,0.81,0.81,3000,0
2016-03-21,06:10:00,0.81,0.81,0.81,0.81,3000,0
2016-03-21,06:15:00,0.81,0.81,0.81,0.81,3000,0
2016-03-21,06:20:00,0.81,0.81,0.81,0.81,3000,0
2016-03-21,06:25:00,0.81,0.81,0.81,0.81,2000,0
2016-03-21,06:30:00,0.81,0.81,0.81,0.81,3000,0
2016-03-21,06:35:00,0.81,0.81,0.81,0.81,2000,0
2016-03-21,06:40:00,0.81,0.81,0.8,0.81,61000,0
2016-03-21,06:45:00,0.81,0.81,0.81,0.81,1000,0
2016-03-21,06:50:00,0.81,0.81,0.81,0.81,2000,0
2016-03-21,06:55:00,0.81,0.81,0.81,0.81,2000,0
2016-03-21,07:00:00,0.81,0.81,0.81,0.81,3000,0
2016-03-21,07:05:00,0.81,0.81,0.81,0.81,17000,0
2016-03-21,07:10:00,0.8,0.81,0.8,0.81,249000,0
2016-03-21,07:45:00,0.8,0.81,0.8,0.81,88000,0
2016-03-21,07:50:00,0.81,0.81,0.81,0.81,2000,0
2016-03-21,07:55:00,0.81,0.81,0.81,0.81,2000,0
2016-03-21,08:00:00,0.81,0.81,0.81,0.81,2000,0
2016-03-21,08:05:00,0.81,0.81,0.81,0.81,2000,0
2016-03-21,08:10:00,0.81,0.81,0.81,0.81,7000,0
2016-03-21,08:15:00,0.81,0.81,0.81,0.81,2000,0
2016-03-21,08:20:00,0.81,0.81,0.81,0.81,2000,0
2016-03-21,08:25:00,0.81,0.81,0.81,0.81,76000,0
2016-03-21,08:30:00,0.8,0.81,0.8,0.81,628000,0
2016-03-21,08:35:00,0.81,0.81,0.8,0.81,63000,0
2016-03-21,08:40:00,0.81,0.81,0.81,0.81,4000,0
2016-03-21,08:45:00,0.81,0.81,0.81,0.81,2000,0
2016-03-21,08:50:00,0.8,0.82,0.8,0.81,5000,0
2016-03-21,08:55:00,0.81,0.81,0.8,0.81,4000,0
2016-03-21,09:00:00,0.81,0.82,0.8,0.82,36000,0
2016-03-22,03:20:00,0.82,0.82,0.81,0.81,2000,0
2016-03-22,04:30:00,0.81,0.81,0.8,0.81,266000,0
2016-03-22,05:00:00,0.8,0.81,0.8,0.81,79000,0
2016-03-22,06:25:00,0.8,0.81,0.8,0.81,7000,0
2016-03-22,06:55:00,0.81,0.81,0.81,0.81,8000,0
2016-03-22,07:30:00,0.81,0.81,0.81,0.81,51000,0
2016-03-22,07:50:00,0.8,0.81,0.8,0.81,24000,0
2016-03-22,08:45:00,0.8,0.81,0.8,0.81,127000,0
2016-03-22,09:00:00,0.8,0.81,0.8,0.81,27000,0
2016-03-23,03:35:00,0.8,0.81,0.79,0.79,12000,0
2016-03-23,04:30:00,0.79,0.8,0.79,0.8,230000,0
2016-03-23,04:35:00,0.8,0.8,0.79,0.8,224000,0
2016-03-23,06:50:00,0.79,0.79,0.79,0.79,20000,0
2016-03-23,07:00:00,0.78,0.8,0.78,0.8,13000,0
2016-03-23,07:40:00,0.8,0.8,0.79,0.79,2000,0
2016-03-23,08:45:00,0.79,0.83,0.79,0.82,1098000,0
2016-03-23,08:50:00,0.82,0.82,0.81,0.81,20000,0
2016-03-23,09:00:00,0.81,0.83,0.81,0.81,348000,0
2016-03-24,02:35:00,0.83,0.84,0.81,0.84,283000,0
2016-03-24,02:40:00,0.83,0.83,0.83,0.83,20000,0
2016-03-24,03:00:00,0.83,0.83,0.82,0.82,16000,0
2016-03-24,03:05:00,0.82,0.82,0.82,0.82,17000,0
2016-03-24,03:10:00,0.82,0.82,0.82,0.82,1000,0
2016-03-24,03:20:00,0.82,0.82,0.82,0.82,41000,0
2016-03-24,03:30:00,0.82,0.82,0.82,0.82,303000,0
2016-03-24,03:35:00,0.82,0.82,0.82,0.82,50000,0
2016-03-24,03:40:00,0.82,0.82,0.82,0.82,105000,0
2016-03-24,03:50:00,0.82,0.82,0.8,0.81,89000,0
2016-03-24,04:00:00,0.81,0.81,0.81,0.81,11000,0
2016-03-24,04:15:00,0.81,0.81,0.81,0.81,29000,0
2016-03-24,06:05:00,0.8,0.81,0.8,0.81,71000,0
2016-03-24,06:10:00,0.81,0.81,0.81,0.81,1000,0
2016-03-24,06:15:00,0.81,0.82,0.81,0.81,48000,0
2016-03-24,06:20:00,0.81,0.81,0.81,0.81,1000,0
2016-03-24,06:25:00,0.81,0.81,0.81,0.81,52000,0
2016-03-24,06:40:00,0.81,0.81,0.81,0.81,32000,0
2016-03-24,06:45:00,0.81,0.81,0.81,0.81,39000,0
2016-03-24,06:50:00,0.81,0.81,0.81,0.81,28000,0
2016-03-24,07:00:00,0.81,0.81,0.81,0.81,12000,0
2016-03-24,07:15:00,0.81,0.81,0.81,0.81,1000,0
2016-03-24,07:25:00,0.81,0.82,0.81,0.81,22000,0
2016-03-24,07:35:00,0.81,0.81,0.81,0.81,1000,0
2016-03-24,08:20:00,0.81,0.81,0.81,0.81,29000,0
2016-03-24,08:25:00,0.81,0.82,0.81,0.81,10000,0
2016-03-24,08:35:00,0.81,0.82,0.81,0.81,45000,0
2016-03-24,08:40:00,0.81,0.81,0.81,0.81,2000,0
2016-03-24,08:50:00,0.81,0.82,0.81,0.81,55000,0
2016-03-24,09:00:00,0.81,0.82,0.81,0.81,51000,0
2016-03-29,03:35:00,0.81,0.81,0.81,0.81,65000,0
2016-03-29,03:50:00,0.81,0.81,0.8,0.8,173000,0
2016-03-29,03:55:00,0.8,0.81,0.8,0.81,12000,0
2016-03-29,04:00:00,0.81,0.81,0.79,0.8,118000,0
2016-03-29,04:10:00,0.8,0.8,0.79,0.79,381000,0
2016-03-29,04:15:00,0.78,0.8,0.78,0.8,211000,0
2016-03-29,04:20:00,0.8,0.8,0.8,0.8,18000,0
2016-03-29,04:25:00,0.8,0.8,0.79,0.79,262000,0
2016-03-29,04:30:00,0.79,0.79,0.79,0.79,24000,0
2016-03-29,04:35:00,0.79,0.8,0.79,0.8,41000,0
2016-03-29,04:40:00,0.8,0.8,0.8,0.8,44000,0
2016-03-29,04:50:00,0.8,0.8,0.79,0.8,66000,0
2016-03-29,05:00:00,0.8,0.8,0.79,0.8,74000,0
2016-03-29,05:10:00,0.8,0.8,0.79,0.79,105000,0
2016-03-29,05:15:00,0.79,0.8,0.79,0.8,79000,0
2016-03-29,05:25:00,0.8,0.8,0.79,0.79,33000,0
2016-03-29,05:30:00,0.78,0.79,0.78,0.79,6000,0
2016-03-29,05:35:00,0.79,0.79,0.79,0.79,20000,0
2016-03-29,05:45:00,0.78,0.79,0.78,0.79,54000,0
2016-03-29,06:00:00,0.78,0.79,0.78,0.79,180000,0
2016-03-29,07:10:00,0.79,0.79,0.78,0.79,65000,0
2016-03-29,07:25:00,0.79,0.79,0.78,0.79,97000,0
2016-03-29,07:30:00,0.79,0.81,0.79,0.8,493000,0
2016-03-29,07:40:00,0.8,0.81,0.8,0.81,443000,0
2016-03-29,07:45:00,0.81,0.81,0.8,0.8,70000,0
2016-03-29,07:55:00,0.8,0.8,0.8,0.8,4000,0
2016-03-29,08:05:00,0.8,0.81,0.8,0.8,145000,0
2016-03-29,08:30:00,0.8,0.8,0.79,0.8,111000,0
2016-03-29,08:55:00,0.8,0.8,0.79,0.79,96000,0
2016-03-29,09:20:00,0.79,0.8,0.79,0.8,68000,0
2016-03-29,09:30:00,0.8,0.8,0.79,0.8,217000,0
2016-03-29,09:40:00,0.8,0.81,0.8,0.8,446000,0
2016-03-29,09:45:00,0.8,0.8,0.79,0.79,8000,0
2016-03-29,09:50:00,0.79,0.8,0.79,0.8,143000,0
2016-03-29,09:55:00,0.8,0.81,0.79,0.8,671000,0
2016-03-29,10:00:00,0.8,0.8,0.8,0.8,124000,0
2016-03-30,04:00:00,0.8,0.8,0.79,0.79,19000,0
2016-03-30,04:05:00,0.79,0.81,0.79,0.81,158000,0
2016-03-30,04:10:00,0.81,0.81,0.8,0.8,98000,0
2016-03-30,04:15:00,0.8,0.81,0.8,0.81,44000,0
2016-03-30,04:20:00,0.81,0.81,0.8,0.81,152000,0
2016-03-30,04:25:00,0.81,0.81,0.8,0.81,22000,0
2016-03-30,04:30:00,0.81,0.81,0.8,0.81,73000,0
2016-03-30,04:35:00,0.81,0.81,0.8,0.81,68000,0
2016-03-30,04:40:00,0.81,0.81,0.8,0.81,58000,0
2016-03-30,04:45:00,0.81,0.81,0.8,0.81,64000,0
2016-03-30,04:50:00,0.81,0.81,0.8,0.81,64000,0
2016-03-30,04:55:00,0.81,0.81,0.8,0.8,18000,0
2016-03-30,05:00:00,0.8,0.8,0.8,0.8,3000,0
2016-03-30,05:55:00,0.8,0.8,0.8,0.8,367000,0
2016-03-30,06:00:00,0.8,0.8,0.79,0.79,587000,0
2016-03-30,07:05:00,0.79,0.81,0.78,0.81,1492000,0
2016-03-30,07:10:00,0.81,0.82,0.81,0.81,15000,0
2016-03-30,07:15:00,0.81,0.81,0.81,0.81,120000,0
2016-03-30,07:20:00,0.81,0.81,0.81,0.81,38000,0
2016-03-30,07:25:00,0.81,0.81,0.8,0.81,67000,0
2016-03-30,07:30:00,0.81,0.81,0.8,0.81,62000,0
2016-03-30,07:35:00,0.81,0.81,0.8,0.8,106000,0
2016-03-30,07:40:00,0.8,0.81,0.8,0.81,67000,0
2016-03-30,07:45:00,0.81,0.81,0.8,0.81,67000,0
2016-03-30,07:50:00,0.81,0.81,0.8,0.81,55000,0
2016-03-30,07:55:00,0.81,0.81,0.81,0.81,41000,0
2016-03-30,08:00:00,0.81,0.81,0.8,0.81,45000,0
2016-03-30,08:05:00,0.81,0.81,0.8,0.81,45000,0
2016-03-30,08:10:00,0.81,0.81,0.8,0.81,57000,0
2016-03-30,08:15:00,0.81,0.81,0.8,0.81,68000,0
2016-03-30,08:20:00,0.81,0.86,0.8,0.84,2275000,0
2016-03-30,08:25:00,0.84,0.85,0.84,0.85,114000,0
2016-03-30,08:30:00,0.85,0.85,0.84,0.85,220000,0
2016-03-30,08:35:00,0.85,0.85,0.84,0.84,37000,0
2016-03-30,08:40:00,0.84,0.84,0.83,0.84,26000,0
2016-03-30,08:45:00,0.84,0.84,0.83,0.83,154000,0
2016-03-30,08:50:00,0.83,0.84,0.83,0.83,87000,0
2016-03-30,08:55:00,0.83,0.87,0.83,0.87,394000,0
2016-03-30,09:00:00,0.87,0.88,0.87,0.88,250000,0
2016-03-30,09:05:00,0.88,0.88,0.86,0.87,1602000,0
2016-03-30,09:10:00,0.87,0.88,0.86,0.87,3269000,0
2016-03-30,09:15:00,0.87,0.87,0.86,0.87,3195000,0
2016-03-30,09:20:00,0.87,0.88,0.87,0.87,55000,0
2016-03-30,09:25:00,0.87,0.87,0.87,0.87,19000,0
2016-03-30,09:30:00,0.87,0.91,0.87,0.91,1074000,0
2016-03-30,09:35:00,0.91,0.93,0.91,0.93,918000,0
2016-03-30,09:40:00,0.93,0.93,0.91,0.92,463000,0
2016-03-30,09:45:00,0.92,0.93,0.91,0.91,330000,0
2016-03-30,09:50:00,0.91,0.92,0.91,0.92,461000,0
2016-03-30,09:55:00,0.92,0.92,0.91,0.92,151000,0
2016-03-30,10:00:00,0.92,0.92,0.91,0.92,355000,0
2016-04-06,03:35:00,0.89,0.89,0.87,0.87,183000,0
2016-04-06,03:40:00,0.83,0.87,0.83,0.87,568000,0
2016-04-06,03:45:00,0.87,0.88,0.86,0.87,707000,0
2016-04-06,03:50:00,0.87,0.87,0.86,0.87,179000,0
2016-04-06,03:55:00,0.87,0.89,0.87,0.89,449000,0
2016-04-06,04:05:00,0.89,0.9,0.89,0.9,327000,0
2016-04-06,04:10:00,0.9,0.91,0.9,0.9,246000,0
2016-04-06,04:15:00,0.9,0.9,0.89,0.9,155000,0
2016-04-06,04:20:00,0.9,0.91,0.9,0.9,859000,0
2016-04-06,04:25:00,0.9,0.91,0.9,0.91,363000,0
2016-04-06,04:40:00,0.91,0.91,0.91,0.91,271000,0
2016-04-06,05:10:00,0.9,0.9,0.89,0.9,105000,0
2016-04-06,05:15:00,0.9,0.9,0.9,0.9,52000,0
2016-04-06,05:30:00,0.9,0.9,0.9,0.9,2000,0
2016-04-06,05:40:00,0.9,0.9,0.88,0.89,840000,0
2016-04-06,06:00:00,0.89,0.89,0.86,0.89,448000,0
2016-04-06,07:05:00,0.88,0.89,0.88,0.89,158000,0
2016-04-06,07:20:00,0.88,0.88,0.86,0.88,43000,0
2016-04-06,07:30:00,0.87,0.88,0.87,0.88,138000,0
2016-04-06,08:25:00,0.87,0.88,0.87,0.88,136000,0
2016-04-06,08:30:00,0.88,0.88,0.88,0.88,81000,0
2016-04-06,08:35:00,0.88,0.88,0.88,0.88,5000,0
2016-04-06,08:40:00,0.88,0.88,0.88,0.88,8000,0
2016-04-06,08:45:00,0.88,0.89,0.88,0.89,10000,0
2016-04-06,08:50:00,0.89,0.89,0.89,0.89,4000,0
2016-04-06,08:55:00,0.89,0.89,0.89,0.89,8000,0
2016-04-06,09:00:00,0.89,0.89,0.89,0.89,8000,0
2016-04-06,09:05:00,0.88,0.88,0.88,0.88,4000,0
2016-04-06,09:10:00,0.88,0.88,0.87,0.87,26000,0
2016-04-06,09:15:00,0.87,0.89,0.87,0.89,195000,0
2016-04-06,09:20:00,0.89,0.9,0.89,0.9,327000,0
2016-04-06,09:25:00,0.9,0.91,0.9,0.91,20000,0
2016-04-06,09:30:00,0.91,0.91,0.9,0.9,27000,0
2016-04-06,09:35:00,0.9,0.92,0.9,0.92,606000,0
2016-04-06,09:40:00,0.92,0.93,0.92,0.92,87000,0
2016-04-06,09:45:00,0.92,0.93,0.91,0.92,182000,0
2016-04-06,09:50:00,0.92,0.95,0.92,0.94,86000,0
2016-04-06,09:55:00,0.94,0.94,0.93,0.94,50000,0
2016-04-06,10:00:00,0.94,0.95,0.93,0.94,875000,0
2016-04-07,03:35:00,0.93,0.96,0.93,0.96,138000,0
2016-04-07,03:40:00,0.96,0.96,0.95,0.95,32000,0
2016-04-07,03:45:00,0.95,0.95,0.95,0.95,1000,0
2016-04-07,03:50:00,0.95,0.95,0.91,0.91,188000,0
2016-04-07,03:55:00,0.91,0.92,0.91,0.92,16000,0
2016-04-07,04:00:00,0.92,0.92,0.92,0.92,10000,0
2016-04-07,04:05:00,0.92,0.94,0.92,0.93,156000,0
2016-04-07,04:10:00,0.93,0.93,0.92,0.92,53000,0
2016-04-07,04:15:00,0.92,0.92,0.92,0.92,100000,0
2016-04-07,04:20:00,0.92,0.92,0.9,0.9,42000,0
2016-04-07,04:35:00,0.9,0.9,0.9,0.9,1000,0
2016-04-07,04:40:00,0.91,0.91,0.91,0.91,2000,0
2016-04-07,04:45:00,0.91,0.91,0.91,0.91,8000,0
2016-04-07,04:55:00,0.91,0.91,0.9,0.9,7000,0
2016-04-07,05:00:00,0.9,0.91,0.9,0.91,45000,0
2016-04-07,05:10:00,0.91,0.91,0.91,0.91,7000,0
2016-04-07,05:20:00,0.91,0.91,0.91,0.91,2000,0
2016-04-07,07:15:00,0.91,0.91,0.9,0.9,137000,0
2016-04-07,07:50:00,0.89,0.9,0.89,0.9,155000,0
2016-04-07,07:55:00,0.9,0.92,0.89,0.91,663000,0
2016-04-07,08:00:00,0.91,0.91,0.91,0.91,100000,0
2016-04-07,08:05:00,0.91,0.91,0.91,0.91,17000,0
2016-04-07,08:15:00,0.91,0.93,0.91,0.93,157000,0
2016-04-07,08:25:00,0.93,0.93,0.93,0.93,10000,0
2016-04-07,08:35:00,0.92,0.92,0.92,0.92,100000,0
2016-04-07,08:45:00,0.92,0.92,0.91,0.91,183000,0
2016-04-07,09:40:00,0.91,0.93,0.91,0.91,375000,0
2016-04-07,09:45:00,0.91,0.92,0.91,0.92,36000,0
2016-04-07,09:50:00,0.92,0.92,0.92,0.92,4000,0
2016-04-07,09:55:00,0.92,0.93,0.92,0.92,32000,0
2016-04-07,10:00:00,0.92,0.92,0.92,0.92,19000,0
2016-04-08,03:40:00,0.92,0.92,0.9,0.9,7000,0
2016-04-08,03:45:00,0.9,0.9,0.9,0.9,2000,0
2016-04-08,04:00:00,0.9,0.9,0.9,0.9,31000,0
2016-04-08,04:05:00,0.9,0.91,0.9,0.91,9000,0
2016-04-08,04:10:00,0.91,0.91,0.9,0.9,96000,0
2016-04-08,04:15:00,0.9,0.91,0.9,0.9,670000,0
2016-04-08,04:20:00,0.89,0.9,0.89,0.9,228000,0
2016-04-08,04:25:00,0.9,0.91,0.9,0.91,10000,0
2016-04-08,04:40:00,0.91,0.91,0.91,0.91,84000,0
2016-04-08,05:15:00,0.89,0.9,0.89,0.9,4000,0
2016-04-08,05:25:00,0.89,0.91,0.89,0.91,12000,0
2016-04-08,05:30:00,0.91,0.91,0.91,0.91,1000,0
2016-04-08,05:35:00,0.91,0.91,0.9,0.9,80000,0
2016-04-08,05:40:00,0.9,0.91,0.9,0.91,10000,0
2016-04-08,05:50:00,0.91,0.91,0.9,0.9,106000,0
2016-04-08,05:55:00,0.9,0.91,0.9,0.9,4000,0
2016-04-08,07:05:00,0.9,0.9,0.9,0.9,2000,0
2016-04-08,07:10:00,0.9,0.91,0.9,0.9,19000,0
2016-04-08,07:25:00,0.9,0.92,0.9,0.92,12000,0
2016-04-08,08:05:00,0.91,0.91,0.9,0.9,18000,0
2016-04-08,08:10:00,0.9,0.91,0.9,0.91,3000,0
2016-04-08,08:15:00,0.91,0.91,0.9,0.9,2000,0
2016-04-08,08:30:00,0.9,0.9,0.9,0.9,1000,0
2016-04-08,08:35:00,0.9,0.9,0.9,0.9,2000,0
2016-04-08,08:40:00,0.9,0.91,0.9,0.9,7000,0
2016-04-08,08:45:00,0.9,0.9,0.9,0.9,6000,0
2016-04-08,08:50:00,0.9,0.9,0.9,0.9,1000,0
2016-04-08,08:55:00,0.9,0.91,0.9,0.9,11000,0
2016-04-08,09:10:00,0.89,0.91,0.89,0.91,15000,0
2016-04-08,09:15:00,0.89,0.91,0.89,0.91,2000,0
2016-04-08,09:20:00,0.9,0.9,0.9,0.9,77000,0
2016-04-08,09:35:00,0.9,0.9,0.9,0.9,4000,0
2016-04-08,09:40:00,0.89,0.9,0.89,0.9,2000,0
2016-04-08,09:45:00,0.89,0.9,0.89,0.9,4000,0
2016-04-08,10:00:00,0.89,0.9,0.89,0.9,63000,0
2016-04-11,03:40:00,0.89,0.92,0.89,0.91,496000,0
2016-04-11,03:50:00,0.91,0.92,0.9,0.9,557000,0
2016-04-11,03:55:00,0.9,0.9,0.89,0.89,18000,0
2016-04-11,04:00:00,0.89,0.9,0.89,0.9,19000,0
2016-04-11,04:05:00,0.9,0.9,0.9,0.9,21000,0
2016-04-11,04:20:00,0.9,0.9,0.9,0.9,3000,0
2016-04-11,04:35:00,0.9,0.91,0.89,0.91,264000,0
2016-04-11,04:40:00,0.91,0.91,0.89,0.9,314000,0
2016-04-11,04:45:00,0.9,0.9,0.9,0.9,11000,0
2016-04-11,04:50:00,0.9,0.9,0.89,0.89,43000,0
2016-04-11,05:00:00,0.89,0.9,0.89,0.9,2000,0
2016-04-11,05:10:00,0.9,0.9,0.9,0.9,19000,0
2016-04-11,05:30:00,0.9,0.91,0.9,0.91,31000,0
2016-04-11,05:35:00,0.91,0.91,0.9,0.9,34000,0
2016-04-11,05:45:00,0.9,0.9,0.9,0.9,3000,0
2016-04-11,05:50:00,0.88,0.9,0.88,0.9,14000,0
2016-04-11,07:10:00,0.9,0.9,0.9,0.9,35000,0
2016-04-11,07:15:00,0.9,0.9,0.89,0.89,6000,0
2016-04-11,07:25:00,0.89,0.9,0.89,0.9,24000,0
2016-04-11,07:35:00,0.9,0.9,0.9,0.9,28000,0
2016-04-11,07:50:00,0.9,0.9,0.9,0.9,5000,0
2016-04-11,07:55:00,0.9,0.9,0.89,0.9,72000,0
2016-04-11,08:00:00,0.9,0.9,0.9,0.9,66000,0
2016-04-11,08:05:00,0.9,0.9,0.89,0.9,89000,0
2016-04-11,08:10:00,0.9,0.9,0.9,0.9,264000,0
2016-04-11,08:20:00,0.9,0.91,0.9,0.9,158000,0
2016-04-11,08:35:00,0.88,0.9,0.88,0.9,78000,0
2016-04-11,08:40:00,0.9,0.9,0.9,0.9,300000,0
2016-04-11,08:50:00,0.9,0.9,0.9,0.9,20000,0
2016-04-11,09:05:00,0.9,0.9,0.9,0.9,19000,0
2016-04-11,09:15:00,0.9,0.9,0.9,0.9,14000,0
2016-04-11,09:40:00,0.9,0.9,0.9,0.9,100000,0
2016-04-11,09:45:00,0.9,0.9,0.89,0.89,516000,0
2016-04-11,09:50:00,0.89,0.89,0.89,0.89,19000,0
2016-04-11,09:55:00,0.89,0.89,0.88,0.89,422000,0
2016-04-12,03:45:00,0.88,0.89,0.88,0.89,60000,0
2016-04-12,03:50:00,0.89,0.89,0.89,0.89,340000,0
2016-04-12,03:55:00,0.89,0.89,0.89,0.89,357000,0
2016-04-12,04:05:00,0.89,0.89,0.88,0.89,75000,0
2016-04-12,04:35:00,0.89,0.89,0.89,0.89,66000,0
2016-04-12,04:40:00,0.89,0.9,0.89,0.89,317000,0
2016-04-12,04:45:00,0.89,0.9,0.89,0.9,54000,0
2016-04-12,04:55:00,0.9,0.9,0.9,0.9,9000,0
2016-04-12,05:00:00,0.9,0.9,0.9,0.9,34000,0
2016-04-12,05:10:00,0.9,0.9,0.9,0.9,4000,0
2016-04-12,05:40:00,0.9,0.9,0.89,0.9,154000,0
2016-04-12,05:45:00,0.9,0.9,0.9,0.9,2000,0
2016-04-12,07:05:00,0.9,0.9,0.9,0.9,10000,0
2016-04-12,07:10:00,0.9,0.9,0.9,0.9,2000,0
2016-04-12,08:05:00,0.9,0.9,0.89,0.9,14000,0
2016-04-12,08:10:00,0.9,0.9,0.89,0.9,45000,0
2016-04-12,08:30:00,0.9,0.9,0.89,0.9,67000,0
2016-04-12,09:15:00,0.9,0.9,0.89,0.89,192000,0
2016-04-12,09:20:00,0.89,0.9,0.89,0.9,34000,0
2016-04-12,09:45:00,0.9,0.9,0.89,0.89,4000,0
2016-04-12,09:50:00,0.89,0.9,0.89,0.9,8000,0
2016-04-12,10:00:00,0.9,0.9,0.89,0.9,38000,0
2016-04-13,03:50:00,0.9,0.92,0.86,0.87,3121000,0
2016-04-13,04:05:00,0.87,0.87,0.87,0.87,1944,0
2016-04-13,04:10:00,0.87,0.9,0.87,0.88,742000,0
2016-04-13,04:20:00,0.88,0.89,0.88,0.89,13000,0
2016-04-13,04:25:00,0.89,0.89,0.89,0.89,13000,0
2016-04-13,04:30:00,0.89,0.89,0.89,0.89,6000,0
2016-04-13,04:35:00,0.89,0.89,0.88,0.88,718000,0
2016-04-13,04:40:00,0.88,0.88,0.88,0.88,192000,0
2016-04-13,04:45:00,0.88,0.89,0.88,0.88,22000,0
2016-04-13,04:50:00,0.88,0.89,0.88,0.88,187000,0
2016-04-13,04:55:00,0.88,0.89,0.88,0.88,11000,0
2016-04-13,05:00:00,0.88,0.89,0.88,0.88,84000,0
2016-04-13,05:05:00,0.88,0.89,0.88,0.88,60000,0
2016-04-13,05:10:00,0.88,0.9,0.88,0.89,260000,0
2016-04-13,05:25:00,0.89,0.89,0.88,0.89,63000,0
2016-04-13,05:40:00,0.89,0.89,0.88,0.88,68000,0
2016-04-13,05:55:00,0.88,0.9,0.88,0.9,616000,0
2016-04-13,06:00:00,0.9,0.9,0.88,0.9,623000,0
2016-04-13,07:05:00,0.9,0.9,0.9,0.9,62000,0
2016-04-13,07:10:00,0.9,0.9,0.88,0.88,89000,0
2016-04-13,07:20:00,0.88,0.89,0.88,0.88,23000,0
2016-04-13,07:25:00,0.88,0.88,0.88,0.88,1000,0
2016-04-13,07:35:00,0.88,0.89,0.88,0.89,2000,0
2016-04-13,08:20:00,0.89,0.9,0.89,0.9,100000,0
2016-04-13,08:25:00,0.9,0.9,0.89,0.89,3000,0
2016-04-13,08:35:00,0.89,0.9,0.89,0.9,4000,0
2016-04-13,08:50:00,0.9,0.9,0.89,0.89,52000,0
2016-04-13,09:00:00,0.89,0.9,0.89,0.9,101000,0
2016-04-13,09:20:00,0.9,0.9,0.9,0.9,1000,0
2016-04-13,09:45:00,0.9,0.9,0.89,0.9,4000,0
2016-04-13,09:50:00,0.9,0.9,0.89,0.9,162000,0
2016-04-13,09:55:00,0.9,0.9,0.89,0.89,497000,0
2016-04-13,10:00:00,0.89,0.9,0.88,0.88,281000,0
