Date,Time,Open,High,Low,Close,Volume,OpenInt
2016-03-02,02:35:00,0.73,0.74,0.72,0.74,270000,0
2016-03-02,02:40:00,0.74,0.74,0.73,0.73,30000,0
2016-03-02,02:45:00,0.73,0.73,0.73,0.73,48000,0
2016-03-02,02:50:00,0.72,0.74,0.72,0.74,27000,0
2016-03-02,03:00:00,0.74,0.74,0.73,0.73,159000,0
2016-03-02,03:05:00,0.73,0.74,0.72,0.73,87000,0
2016-03-02,03:15:00,0.72,0.73,0.72,0.73,6000,0
2016-03-02,03:20:00,0.73,0.74,0.73,0.74,12000,0
2016-03-02,03:25:00,0.74,0.74,0.74,0.74,27000,0
2016-03-02,03:40:00,0.74,0.75,0.74,0.75,75000,0
2016-03-02,03:55:00,0.75,0.75,0.73,0.75,27000,0
2016-03-02,04:00:00,0.74,0.74,0.74,0.74,72000,0
2016-03-02,04:10:00,0.74,0.74,0.73,0.74,150000,0
2016-03-02,04:15:00,0.74,0.74,0.73,0.73,186000,0
2016-03-02,04:20:00,0.73,0.74,0.73,0.74,255000,0
2016-03-02,04:25:00,0.74,0.75,0.74,0.74,96000,0
2016-03-02,04:35:00,0.74,0.74,0.73,0.73,48000,0
2016-03-02,04:40:00,0.73,0.73,0.73,0.73,30000,0
2016-03-02,04:45:00,0.73,0.74,0.73,0.74,6000,0
2016-03-02,04:50:00,0.74,0.74,0.73,0.73,39000,0
2016-03-02,04:55:00,0.73,0.73,0.73,0.73,63000,0
2016-03-02,05:00:00,0.73,0.74,0.73,0.74,162000,0
2016-03-02,06:05:00,0.74,0.74,0.73,0.73,6000,0
2016-03-02,06:15:00,0.73,0.74,0.73,0.74,60000,0
2016-03-02,06:20:00,0.74,0.74,0.73,0.73,6000,0
2016-03-02,06:25:00,0.73,0.73,0.73,0.73,114000,0
2016-03-02,06:30:00,0.73,0.73,0.73,0.73,3000,0
2016-03-02,06:55:00,0.72,0.73,0.72,0.73,9000,0
2016-03-02,07:15:00,0.72,0.73,0.72,0.73,6000,0
2016-03-02,07:25:00,0.72,0.73,0.72,0.73,12000,0
2016-03-02,07:30:00,0.73,0.73,0.73,0.73,3000,0
2016-03-02,07:55:00,0.72,0.73,0.72,0.73,6000,0
2016-03-02,08:00:00,0.73,0.73,0.72,0.73,9000,0
2016-03-02,08:05:00,0.73,0.73,0.73,0.73,69000,0
2016-03-02,08:10:00,0.73,0.73,0.73,0.73,45000,0
2016-03-02,08:35:00,0.72,0.73,0.72,0.73,69000,0
2016-03-02,08:40:00,0.73,0.73,0.73,0.73,3000,0
2016-03-02,08:45:00,0.72,0.73,0.72,0.73,87000,0
2016-03-02,08:50:00,0.73,0.73,0.73,0.73,3000,0
2016-03-02,08:55:00,0.73,0.73,0.73,0.73,3000,0
2016-03-02,09:00:00,0.73,0.73,0.72,0.73,114000,0
2016-03-03,02:35:00,0.73,0.74,0.73,0.73,168000,0
2016-03-03,02:40:00,0.73,0.73,0.73,0.73,111000,0
2016-03-03,02:45:00,0.73,0.74,0.72,0.74,246000,0
2016-03-03,02:55:00,0.73,0.74,0.73,0.74,9000,0
2016-03-03,03:05:00,0.74,0.74,0.74,0.74,69000,0
2016-03-03,03:10:00,0.74,0.76,0.74,0.76,126000,0
2016-03-03,03:20:00,0.75,0.75,0.74,0.74,345000,0
2016-03-03,03:25:00,0.74,0.74,0.74,0.74,12000,0
2016-03-03,03:40:00,0.74,0.74,0.73,0.73,90000,0
2016-03-03,03:45:00,0.73,0.74,0.73,0.74,18000,0
2016-03-03,03:55:00,0.74,0.74,0.73,0.73,36000,0
2016-03-03,04:00:00,0.73,0.73,0.73,0.73,6000,0
2016-03-03,04:10:00,0.73,0.74,0.73,0.74,120000,0
2016-03-03,04:40:00,0.74,0.74,0.73,0.73,6000,0
2016-03-03,04:50:00,0.73,0.74,0.73,0.74,39000,0
2016-03-03,04:55:00,0.74,0.74,0.74,0.74,63000,0
2016-03-03,05:00:00,0.74,0.74,0.74,0.74,84000,0
2016-03-03,06:05:00,0.74,0.74,0.73,0.73,42000,0
2016-03-03,06:10:00,0.73,0.75,0.73,0.74,243000,0
2016-03-03,06:15:00,0.74,0.74,0.74,0.74,21000,0
2016-03-03,06:25:00,0.74,0.74,0.74,0.74,66000,0
2016-03-03,06:30:00,0.74,0.74,0.74,0.74,6000,0
2016-03-03,06:35:00,0.74,0.74,0.74,0.74,102000,0
2016-03-03,06:40:00,0.74,0.75,0.74,0.75,18000,0
2016-03-03,06:45:00,0.75,0.75,0.75,0.75,3000,0
2016-03-03,06:55:00,0.75,0.75,0.75,0.75,75000,0
2016-03-03,07:00:00,0.75,0.75,0.74,0.74,18000,0
2016-03-03,07:05:00,0.74,0.75,0.74,0.74,210000,0
2016-03-03,07:10:00,0.74,0.74,0.74,0.74,702000,0
2016-03-03,07:15:00,0.74,0.74,0.74,0.74,33000,0
2016-03-03,07:20:00,0.74,0.74,0.74,0.74,42000,0
2016-03-03,07:25:00,0.74,0.74,0.74,0.74,663000,0
2016-03-03,07:30:00,0.74,0.74,0.74,0.74,96000,0
2016-03-03,07:35:00,0.74,0.74,0.74,0.74,18000,0
2016-03-03,07:45:00,0.74,0.74,0.74,0.74,54000,0
2016-03-03,07:50:00,0.74,0.74,0.74,0.74,3000,0
2016-03-03,07:55:00,0.74,0.74,0.73,0.73,12000,0
2016-03-03,08:00:00,0.73,0.74,0.73,0.74,66000,0
2016-03-03,08:05:00,0.74,0.74,0.73,0.74,111000,0
2016-03-03,08:15:00,0.74,0.74,0.73,0.74,117000,0
2016-03-03,08:20:00,0.74,0.74,0.73,0.73,15000,0
2016-03-03,08:25:00,0.73,0.74,0.73,0.74,60000,0
2016-03-03,08:30:00,0.74,0.74,0.73,0.74,105000,0
2016-03-03,08:35:00,0.74,0.74,0.74,0.74,60000,0
2016-03-03,08:40:00,0.74,0.74,0.74,0.74,72000,0
2016-03-03,08:45:00,0.74,0.74,0.73,0.74,36000,0
2016-03-03,08:50:00,0.74,0.74,0.74,0.74,3000,0
2016-03-03,08:55:00,0.74,0.74,0.73,0.73,6000,0
2016-03-03,09:00:00,0.73,0.74,0.73,0.74,123000,0
2016-03-04,02:35:00,0.74,0.75,0.74,0.74,339000,0
2016-03-04,02:40:00,0.74,0.75,0.74,0.75,81000,0
2016-03-04,02:45:00,0.75,0.75,0.74,0.75,39000,0
2016-03-04,02:55:00,0.75,0.75,0.74,0.74,9000,0
2016-03-04,03:05:00,0.74,0.75,0.74,0.75,9000,0
2016-03-04,03:10:00,0.75,0.75,0.74,0.75,216000,0
2016-03-04,03:15:00,0.75,0.76,0.75,0.76,18000,0
2016-03-04,03:20:00,0.76,0.76,0.75,0.75,57000,0
2016-03-04,03:25:00,0.75,0.76,0.74,0.74,210000,0
2016-03-04,03:30:00,0.74,0.74,0.74,0.74,3000,0
2016-03-04,03:35:00,0.74,0.75,0.74,0.75,12000,0
2016-03-04,03:40:00,0.75,0.76,0.74,0.75,147000,0
2016-03-04,03:45:00,0.75,0.75,0.75,0.75,15000,0
2016-03-04,03:50:00,0.75,0.75,0.75,0.75,72000,0
2016-03-04,04:00:00,0.75,0.75,0.74,0.74,6000,0
2016-03-04,04:15:00,0.74,0.75,0.74,0.75,102000,0
2016-03-04,04:25:00,0.75,0.75,0.74,0.74,6000,0
2016-03-04,04:30:00,0.74,0.75,0.74,0.75,192000,0
2016-03-04,04:35:00,0.75,0.75,0.74,0.75,24000,0
2016-03-04,04:40:00,0.75,0.75,0.75,0.75,6000,0
2016-03-04,04:50:00,0.75,0.75,0.74,0.75,15000,0
2016-03-04,04:55:00,0.75,0.75,0.74,0.74,6000,0
2016-03-04,05:00:00,0.74,0.75,0.74,0.75,84000,0
2016-03-04,06:05:00,0.75,0.75,0.74,0.74,9000,0
2016-03-04,06:10:00,0.74,0.74,0.74,0.74,276000,0
2016-03-04,06:20:00,0.74,0.74,0.74,0.74,9000,0
2016-03-04,06:25:00,0.74,0.74,0.74,0.74,3000,0
2016-03-04,06:30:00,0.74,0.74,0.74,0.74,60000,0
2016-03-04,06:35:00,0.74,0.74,0.74,0.74,9000,0
2016-03-04,06:50:00,0.74,0.74,0.74,0.74,81000,0
2016-03-04,06:55:00,0.74,0.74,0.74,0.74,15000,0
2016-03-04,07:00:00,0.74,0.74,0.74,0.74,3000,0
2016-03-04,07:05:00,0.74,0.74,0.74,0.74,33000,0
2016-03-04,07:10:00,0.74,0.74,0.74,0.74,30000,0
2016-03-04,07:15:00,0.74,0.74,0.74,0.74,6000,0
2016-03-04,07:35:00,0.73,0.74,0.73,0.74,6000,0
2016-03-04,07:40:00,0.74,0.75,0.74,0.75,159000,0
2016-03-04,07:45:00,0.75,0.75,0.75,0.75,6000,0
2016-03-04,07:55:00,0.75,0.75,0.74,0.74,231000,0
2016-03-04,08:00:00,0.74,0.74,0.74,0.74,60000,0
2016-03-04,08:05:00,0.74,0.75,0.74,0.75,72000,0
2016-03-04,08:10:00,0.75,0.75,0.74,0.74,207000,0
2016-03-04,08:15:00,0.74,0.74,0.73,0.74,54000,0
2016-03-04,08:20:00,0.74,0.74,0.74,0.74,51000,0
2016-03-04,08:25:00,0.74,0.75,0.74,0.75,102000,0
2016-03-04,08:30:00,0.75,0.76,0.75,0.76,498000,0
2016-03-04,08:35:00,0.76,0.76,0.76,0.76,39000,0
2016-03-04,08:40:00,0.76,0.76,0.74,0.76,465000,0
2016-03-04,08:45:00,0.76,0.76,0.75,0.75,15000,0
2016-03-04,08:50:00,0.75,0.75,0.74,0.74,906000,0
2016-03-04,08:55:00,0.74,0.75,0.74,0.75,99000,0
2016-03-04,09:00:00,0.75,0.75,0.74,0.75,63000,0
2016-03-07,02:35:00,0.75,0.75,0.75,0.75,60000,0
2016-03-07,02:40:00,0.75,0.75,0.75,0.75,114000,0
2016-03-07,02:45:00,0.75,0.75,0.74,0.75,138000,0
2016-03-07,02:50:00,0.75,0.78,0.75,0.78,201000,0
2016-03-07,03:00:00,0.78,0.78,0.77,0.77,87000,0
2016-03-07,03:10:00,0.77,0.77,0.77,0.77,48000,0
2016-03-07,03:20:00,0.77,0.77,0.76,0.76,213000,0
2016-03-07,03:25:00,0.76,0.77,0.76,0.76,66000,0
2016-03-07,03:30:00,0.76,0.76,0.76,0.76,30000,0
2016-03-07,03:35:00,0.76,0.76,0.76,0.76,57000,0
2016-03-07,03:40:00,0.76,0.76,0.76,0.76,30000,0
2016-03-07,03:45:00,0.76,0.77,0.76,0.77,6000,0
2016-03-07,03:50:00,0.77,0.77,0.77,0.77,3000,0
2016-03-07,03:55:00,0.77,0.77,0.77,0.77,3000,0
2016-03-07,04:00:00,0.77,0.77,0.77,0.77,3000,0
2016-03-07,04:05:00,0.77,0.77,0.75,0.76,1140000,0
2016-03-07,04:10:00,0.76,0.76,0.76,0.76,90000,0
2016-03-07,04:15:00,0.76,0.76,0.76,0.76,60000,0
2016-03-07,04:20:00,0.76,0.76,0.75,0.75,15000,0
2016-03-07,04:25:00,0.75,0.76,0.75,0.76,6000,0
2016-03-07,04:30:00,0.76,0.76,0.76,0.76,3000,0
2016-03-07,04:35:00,0.76,0.76,0.75,0.75,6000,0
2016-03-07,04:40:00,0.75,0.76,0.75,0.76,12000,0
2016-03-07,04:45:00,0.76,0.76,0.76,0.76,90000,0
2016-03-07,04:50:00,0.76,0.76,0.76,0.76,3000,0
2016-03-07,04:55:00,0.76,0.76,0.75,0.76,12000,0
2016-03-07,06:05:00,0.76,0.76,0.75,0.76,12000,0
2016-03-07,06:15:00,0.76,0.76,0.76,0.76,3000,0
2016-03-07,06:20:00,0.76,0.76,0.76,0.76,90000,0
2016-03-07,06:30:00,0.76,0.76,0.76,0.76,3000,0
2016-03-07,06:40:00,0.76,0.76,0.76,0.76,3000,0
2016-03-07,06:55:00,0.76,0.76,0.76,0.76,3000,0
2016-03-07,07:05:00,0.76,0.76,0.76,0.76,3000,0
2016-03-07,07:10:00,0.76,0.76,0.75,0.76,12000,0
2016-03-07,07:15:00,0.76,0.76,0.76,0.76,30000,0
2016-03-07,07:20:00,0.76,0.76,0.76,0.76,60000,0
2016-03-07,07:25:00,0.76,0.76,0.76,0.76,3000,0
2016-03-07,07:30:00,0.76,0.76,0.76,0.76,90000,0
2016-03-07,07:35:00,0.76,0.76,0.76,0.76,78000,0
2016-03-07,07:40:00,0.76,0.76,0.76,0.76,3000,0
2016-03-07,07:45:00,0.76,0.76,0.76,0.76,30000,0
2016-03-07,07:50:00,0.76,0.76,0.76,0.76,60000,0
2016-03-07,07:55:00,0.76,0.76,0.76,0.76,3000,0
2016-03-07,08:00:00,0.76,0.76,0.75,0.75,12000,0
2016-03-07,08:05:00,0.75,0.76,0.75,0.76,111000,0
2016-03-07,08:10:00,0.76,0.76,0.76,0.76,3000,0
2016-03-07,08:20:00,0.76,0.76,0.76,0.76,3000,0
2016-03-07,08:30:00,0.76,0.76,0.75,0.75,6000,0
2016-03-07,08:35:00,0.75,0.76,0.75,0.76,135000,0
2016-03-07,08:40:00,0.76,0.76,0.76,0.76,75000,0
2016-03-07,08:50:00,0.76,0.76,0.76,0.76,3000,0
2016-03-07,09:00:00,0.76,0.76,0.75,0.76,177000,0
2016-03-08,02:35:00,0.75,0.76,0.75,0.76,327000,0
2016-03-08,02:40:00,0.76,0.76,0.76,0.76,30000,0
2016-03-08,02:45:00,0.76,0.76,0.75,0.75,6000,0
2016-03-08,02:50:00,0.75,0.75,0.75,0.75,90000,0
2016-03-08,02:55:00,0.75,0.75,0.75,0.75,63000,0
2016-03-08,03:20:00,0.75,0.75,0.75,0.75,159000,0
2016-03-08,03:25:00,0.75,0.75,0.74,0.75,369000,0
2016-03-08,03:30:00,0.75,0.75,0.74,0.74,66000,0
2016-03-08,03:40:00,0.74,0.74,0.74,0.74,63000,0
2016-03-08,04:00:00,0.74,0.74,0.74,0.74,3000,0
2016-03-08,04:05:00,0.74,0.74,0.74,0.74,144000,0
2016-03-08,04:10:00,0.74,0.74,0.74,0.74,3000,0
2016-03-08,04:20:00,0.74,0.74,0.74,0.74,3000,0
2016-03-08,04:25:00,0.74,0.74,0.74,0.74,111000,0
2016-03-08,04:50:00,0.74,0.75,0.74,0.75,30000,0
2016-03-08,05:00:00,0.75,0.75,0.74,0.74,6000,0
2016-03-08,06:05:00,0.74,0.74,0.74,0.74,33000,0
2016-03-08,06:10:00,0.74,0.74,0.74,0.74,90000,0
2016-03-08,06:20:00,0.74,0.74,0.74,0.74,3000,0
2016-03-08,06:30:00,0.74,0.74,0.74,0.74,3000,0
2016-03-08,06:35:00,0.74,0.74,0.74,0.74,75000,0
2016-03-08,06:40:00,0.74,0.74,0.74,0.74,3000,0
2016-03-08,06:55:00,0.74,0.74,0.74,0.74,3000,0
2016-03-08,07:05:00,0.74,0.74,0.74,0.74,66000,0
2016-03-08,07:15:00,0.74,0.74,0.74,0.74,18000,0
2016-03-08,07:20:00,0.74,0.74,0.74,0.74,54000,0
2016-03-08,07:45:00,0.74,0.74,0.74,0.74,6000,0
2016-03-08,07:50:00,0.74,0.74,0.73,0.73,21000,0
2016-03-08,08:00:00,0.73,0.74,0.73,0.74,120000,0
2016-03-08,08:10:00,0.74,0.74,0.73,0.73,90000,0
2016-03-08,08:15:00,0.73,0.73,0.73,0.73,3000,0
2016-03-08,08:20:00,0.73,0.73,0.73,0.73,15000,0
2016-03-08,08:25:00,0.73,0.73,0.73,0.73,3000,0
2016-03-08,08:35:00,0.73,0.73,0.73,0.73,54000,0
2016-03-08,08:40:00,0.73,0.73,0.73,0.73,3000,0
2016-03-08,08:45:00,0.73,0.73,0.73,0.73,3000,0
2016-03-08,08:50:00,0.73,0.73,0.73,0.73,3000,0
2016-03-08,08:55:00,0.73,0.73,0.73,0.73,6000,0
2016-03-08,09:00:00,0.73,0.73,0.73,0.73,6000,0
2016-03-09,02:35:00,0.73,0.73,0.72,0.73,168000,0
2016-03-09,02:40:00,0.73,0.73,0.73,0.73,3000,0
2016-03-09,02:45:00,0.72,0.73,0.72,0.73,174000,0
2016-03-09,02:50:00,0.73,0.73,0.73,0.73,45000,0
2016-03-09,02:55:00,0.73,0.73,0.73,0.73,39000,0
2016-03-09,03:00:00,0.73,0.74,0.73,0.74,120000,0
2016-03-09,03:05:00,0.74,0.75,0.73,0.73,132000,0
2016-03-09,03:10:00,0.73,0.75,0.73,0.75,6000,0
2016-03-09,03:15:00,0.75,0.75,0.74,0.75,249000,0
2016-03-09,03:20:00,0.75,0.75,0.75,0.75,390000,0
2016-03-09,03:25:00,0.75,0.76,0.75,0.76,72000,0
2016-03-09,03:30:00,0.76,0.77,0.76,0.76,390000,0
2016-03-09,03:35:00,0.76,0.76,0.75,0.75,312000,0
2016-03-09,03:40:00,0.75,0.75,0.74,0.74,165000,0
2016-03-09,03:45:00,0.75,0.75,0.75,0.75,21000,0
2016-03-09,03:50:00,0.75,0.75,0.75,0.75,3000,0
2016-03-09,03:55:00,0.75,0.76,0.75,0.76,12000,0
2016-03-09,04:10:00,0.75,0.75,0.75,0.75,90000,0
2016-03-09,04:15:00,0.75,0.75,0.75,0.75,15000,0
2016-03-09,05:00:00,0.75,0.75,0.75,0.75,36000,0
2016-03-09,06:05:00,0.75,0.75,0.74,0.74,6000,0
2016-03-09,06:20:00,0.74,0.75,0.74,0.75,60000,0
2016-03-09,06:25:00,0.75,0.75,0.74,0.74,153000,0
2016-03-09,06:30:00,0.74,0.75,0.74,0.75,12000,0
2016-03-09,06:35:00,0.75,0.75,0.74,0.75,132000,0
2016-03-09,06:40:00,0.75,0.75,0.74,0.74,108000,0
2016-03-09,06:55:00,0.74,0.74,0.74,0.74,120000,0
2016-03-09,07:00:00,0.74,0.75,0.74,0.75,6000,0
2016-03-09,07:05:00,0.75,0.75,0.74,0.74,6000,0
2016-03-09,07:40:00,0.74,0.75,0.74,0.75,36000,0
2016-03-09,07:45:00,0.75,0.75,0.74,0.75,63000,0
2016-03-09,07:55:00,0.75,0.75,0.75,0.75,36000,0
2016-03-09,08:10:00,0.75,0.75,0.74,0.75,54000,0
2016-03-09,08:20:00,0.75,0.75,0.74,0.74,150000,0
2016-03-09,08:35:00,0.74,0.75,0.74,0.74,105000,0
2016-03-09,08:40:00,0.74,0.74,0.74,0.74,60000,0
2016-03-09,08:45:00,0.74,0.74,0.74,0.74,45000,0
2016-03-09,09:00:00,0.74,0.75,0.74,0.74,135000,0
2016-03-10,02:35:00,0.75,0.76,0.74,0.75,207000,0
2016-03-10,02:40:00,0.75,0.75,0.74,0.74,180000,0
2016-03-10,02:45:00,0.74,0.75,0.74,0.75,84000,0
2016-03-10,02:50:00,0.73,0.74,0.73,0.74,120000,0
2016-03-10,03:00:00,0.74,0.74,0.74,0.74,69000,0
2016-03-10,03:05:00,0.74,0.74,0.74,0.74,3000,0
2016-03-10,03:20:00,0.74,0.74,0.74,0.74,45000,0
2016-03-10,03:25:00,0.74,0.74,0.74,0.74,42000,0
2016-03-10,03:30:00,0.74,0.74,0.74,0.74,132000,0
2016-03-10,03:35:00,0.74,0.74,0.74,0.74,15000,0
2016-03-10,03:40:00,0.74,0.74,0.74,0.74,120000,0
2016-03-10,03:45:00,0.74,0.75,0.74,0.74,39000,0
2016-03-10,03:50:00,0.74,0.74,0.74,0.74,90000,0
2016-03-10,03:55:00,0.74,0.75,0.74,0.75,21000,0
2016-03-10,04:00:00,0.75,0.75,0.75,0.75,12000,0
2016-03-10,04:05:00,0.75,0.75,0.74,0.74,150000,0
2016-03-10,04:10:00,0.73,0.74,0.73,0.74,6000,0
2016-03-10,06:15:00,0.73,0.74,0.73,0.74,12000,0
2016-03-10,06:30:00,0.73,0.74,0.73,0.74,6000,0
2016-03-10,06:35:00,0.73,0.74,0.73,0.74,6000,0
2016-03-10,06:40:00,0.73,0.74,0.73,0.74,18000,0
2016-03-10,07:10:00,0.73,0.74,0.73,0.74,108000,0
2016-03-10,07:15:00,0.74,0.74,0.74,0.74,60000,0
2016-03-10,07:25:00,0.74,0.74,0.74,0.74,69000,0
2016-03-10,07:30:00,0.74,0.74,0.74,0.74,3000,0
2016-03-10,07:40:00,0.74,0.74,0.74,0.74,90000,0
2016-03-10,07:50:00,0.73,0.74,0.73,0.74,6000,0
2016-03-10,08:05:00,0.73,0.74,0.73,0.74,18000,0
2016-03-10,08:10:00,0.74,0.74,0.74,0.74,3000,0
2016-03-10,08:20:00,0.73,0.74,0.73,0.74,27000,0
2016-03-10,08:25:00,0.74,0.74,0.73,0.74,129000,0
2016-03-10,08:55:00,0.73,0.74,0.73,0.74,156000,0
2016-03-10,09:00:00,0.74,0.74,0.74,0.74,90000,0
2016-03-11,02:35:00,0.74,0.74,0.74,0.74,120000,0
2016-03-11,02:40:00,0.74,0.74,0.74,0.74,189000,0
2016-03-11,02:45:00,0.74,0.74,0.73,0.74,141000,0
2016-03-11,02:50:00,0.74,0.74,0.74,0.74,18000,0
2016-03-11,02:55:00,0.74,0.75,0.74,0.75,69000,0
2016-03-11,03:00:00,0.75,0.75,0.75,0.75,15000,0
2016-03-11,03:05:00,0.75,0.75,0.75,0.75,6000,0
2016-03-11,03:10:00,0.75,0.75,0.73,0.74,96000,0
2016-03-11,03:15:00,0.74,0.74,0.73,0.74,177000,0
2016-03-11,03:20:00,0.74,0.74,0.74,0.74,12000,0
2016-03-11,03:25:00,0.74,0.74,0.74,0.74,48000,0
2016-03-11,03:30:00,0.74,0.75,0.74,0.75,87000,0
2016-03-11,03:35:00,0.75,0.75,0.73,0.75,18000,0
2016-03-11,03:40:00,0.74,0.74,0.74,0.74,177000,0
2016-03-11,03:45:00,0.74,0.74,0.73,0.74,72000,0
2016-03-11,03:50:00,0.74,0.74,0.74,0.74,9000,0
2016-03-11,03:55:00,0.74,0.74,0.73,0.74,156000,0
2016-03-11,04:00:00,0.74,0.74,0.73,0.74,105000,0
2016-03-11,04:10:00,0.74,0.74,0.73,0.73,114000,0
2016-03-11,04:15:00,0.73,0.74,0.73,0.74,15000,0
2016-03-11,04:20:00,0.74,0.74,0.73,0.73,6000,0
2016-03-11,04:25:00,0.73,0.73,0.73,0.73,30000,0
2016-03-11,04:35:00,0.73,0.73,0.73,0.73,36000,0
2016-03-11,04:45:00,0.73,0.73,0.73,0.73,117000,0
2016-03-11,04:55:00,0.72,0.73,0.72,0.73,18000,0
2016-03-11,06:05:00,0.72,0.73,0.72,0.73,9000,0
2016-03-11,06:10:00,0.72,0.73,0.72,0.73,66000,0
2016-03-11,06:15:00,0.73,0.73,0.73,0.73,9000,0
2016-03-11,06:20:00,0.73,0.73,0.73,0.73,54000,0
2016-03-11,06:25:00,0.73,0.73,0.73,0.73,72000,0
2016-03-11,06:40:00,0.73,0.73,0.73,0.73,51000,0
2016-03-11,06:45:00,0.73,0.73,0.72,0.73,21000,0
2016-03-11,06:55:00,0.72,0.73,0.72,0.73,6000,0
2016-03-11,07:05:00,0.73,0.73,0.73,0.73,21000,0
2016-03-11,08:05:00,0.72,0.73,0.72,0.73,9000,0
2016-03-11,08:15:00,0.73,0.74,0.73,0.74,189000,0
2016-03-11,08:20:00,0.74,0.74,0.74,0.74,3000,0
2016-03-11,08:25:00,0.73,0.73,0.73,0.73,48000,0
2016-03-11,08:30:00,0.73,0.73,0.73,0.73,9000,0
2016-03-11,08:40:00,0.73,0.73,0.72,0.73,126000,0
2016-03-11,08:45:00,0.73,0.73,0.73,0.73,12000,0
2016-03-11,09:00:00,0.73,0.74,0.73,0.74,9000,0
2016-03-14,02:35:00,0.74,0.74,0.74,0.74,90000,0
2016-03-14,02:40:00,0.74,0.74,0.74,0.74,81000,0
2016-03-14,02:45:00,0.74,0.74,0.73,0.74,18000,0
2016-03-14,02:55:00,0.74,0.74,0.74,0.74,90000,0
2016-03-14,03:00:00,0.74,0.74,0.74,0.74,60000,0
2016-03-14,03:05:00,0.74,0.74,0.74,0.74,6000,0
2016-03-14,03:10:00,0.74,0.74,0.74,0.74,6000,0
2016-03-14,03:15:00,0.74,0.74,0.73,0.74,48000,0
2016-03-14,03:20:00,0.74,0.74,0.73,0.73,405000,0
2016-03-14,03:25:00,0.73,0.73,0.73,0.73,150000,0
2016-03-14,03:40:00,0.73,0.73,0.72,0.73,78000,0
2016-03-14,03:45:00,0.73,0.73,0.73,0.73,51000,0
2016-03-14,03:50:00,0.73,0.73,0.73,0.73,63000,0
2016-03-14,03:55:00,0.73,0.73,0.73,0.73,168000,0
2016-03-14,04:00:00,0.73,0.73,0.73,0.73,102000,0
2016-03-14,04:05:00,0.73,0.73,0.73,0.73,12000,0
2016-03-14,04:10:00,0.73,0.73,0.73,0.73,39000,0
2016-03-14,04:15:00,0.73,0.73,0.72,0.73,45000,0
2016-03-14,04:20:00,0.73,0.73,0.72,0.73,162000,0
2016-03-14,04:25:00,0.73,0.73,0.73,0.73,162000,0
2016-03-14,04:30:00,0.73,0.73,0.73,0.73,12000,0
2016-03-14,04:35:00,0.73,0.73,0.73,0.73,3000,0
2016-03-14,04:40:00,0.73,0.73,0.72,0.72,9000,0
2016-03-14,04:45:00,0.72,0.73,0.72,0.73,9000,0
2016-03-14,04:50:00,0.73,0.73,0.73,0.73,3000,0
2016-03-14,04:55:00,0.73,0.73,0.72,0.73,135000,0
2016-03-14,05:00:00,0.73,0.73,0.73,0.73,12000,0
2016-03-14,06:05:00,0.73,0.73,0.71,0.71,213000,0
2016-03-14,06:30:00,0.71,0.72,0.71,0.72,6000,0
2016-03-14,06:35:00,0.72,0.72,0.72,0.72,3000,0
2016-03-14,06:40:00,0.72,0.72,0.71,0.71,108000,0
2016-03-14,06:45:00,0.71,0.71,0.71,0.71,147000,0
2016-03-14,07:05:00,0.71,0.71,0.71,0.71,45000,0
2016-03-14,07:10:00,0.71,0.71,0.71,0.71,9000,0
2016-03-14,07:15:00,0.71,0.71,0.71,0.71,60000,0
2016-03-14,07:20:00,0.71,0.71,0.71,0.71,3000,0
2016-03-14,07:25:00,0.71,0.71,0.71,0.71,9000,0
2016-03-14,07:30:00,0.71,0.71,0.71,0.71,84000,0
2016-03-14,07:35:00,0.71,0.71,0.7,0.71,9000,0
2016-03-14,07:40:00,0.71,0.71,0.71,0.71,69000,0
2016-03-14,07:45:00,0.71,0.71,0.71,0.71,3000,0
2016-03-14,07:50:00,0.71,0.71,0.71,0.71,3000,0
2016-03-14,07:55:00,0.71,0.71,0.71,0.71,3000,0
2016-03-14,08:05:00,0.71,0.71,0.71,0.71,33000,0
2016-03-14,08:10:00,0.71,0.71,0.71,0.71,6000,0
2016-03-14,08:15:00,0.71,0.71,0.71,0.71,273000,0
2016-03-14,08:20:00,0.71,0.71,0.71,0.71,3000,0
2016-03-14,08:25:00,0.71,0.71,0.71,0.71,6000,0
2016-03-14,08:30:00,0.71,0.71,0.71,0.71,6000,0
2016-03-14,08:35:00,0.71,0.71,0.71,0.71,3000,0
2016-03-14,08:40:00,0.7,0.71,0.7,0.71,9000,0
2016-03-14,08:45:00,0.71,0.71,0.7,0.71,18000,0
2016-03-14,08:50:00,0.71,0.72,0.71,0.71,198000,0
2016-03-14,08:55:00,0.71,0.71,0.71,0.71,9000,0
2016-03-14,09:00:00,0.71,0.71,0.7,0.71,66000,0
2016-03-15,02:35:00,0.71,0.71,0.7,0.7,75000,0
2016-03-15,02:45:00,0.7,0.7,0.67,0.67,741000,0
2016-03-15,02:50:00,0.67,0.67,0.66,0.67,408000,0
2016-03-15,02:55:00,0.67,0.67,0.67,0.67,105000,0
2016-03-15,03:00:00,0.67,0.67,0.67,0.67,3000,0
2016-03-15,03:10:00,0.67,0.67,0.67,0.67,72000,0
2016-03-15,03:25:00,0.67,0.68,0.67,0.68,6000,0
2016-03-15,03:30:00,0.68,0.68,0.68,0.68,3000,0
2016-03-15,03:45:00,0.68,0.68,0.68,0.68,93000,0
2016-03-15,03:50:00,0.68,0.68,0.68,0.68,3000,0
2016-03-15,04:10:00,0.68,0.68,0.68,0.68,3000,0
2016-03-15,04:20:00,0.68,0.68,0.67,0.67,153000,0
2016-03-15,04:25:00,0.67,0.67,0.67,0.67,30000,0
2016-03-15,04:35:00,0.67,0.67,0.67,0.67,120000,0
2016-03-15,04:40:00,0.67,0.67,0.67,0.67,3000,0
2016-03-15,04:50:00,0.67,0.68,0.67,0.67,66000,0
2016-03-15,04:55:00,0.67,0.67,0.67,0.67,63000,0
2016-03-15,06:05:00,0.67,0.67,0.67,0.67,3000,0
2016-03-15,06:15:00,0.67,0.68,0.67,0.68,6000,0
2016-03-15,06:25:00,0.68,0.68,0.67,0.67,168000,0
2016-03-15,07:00:00,0.67,0.67,0.66,0.66,123000,0
2016-03-15,07:05:00,0.66,0.67,0.66,0.66,258000,0
2016-03-15,07:20:00,0.66,0.66,0.66,0.66,30000,0
2016-03-15,07:45:00,0.66,0.67,0.66,0.67,6000,0
2016-03-15,07:55:00,0.67,0.67,0.66,0.66,6000,0
2016-03-15,08:05:00,0.66,0.67,0.66,0.67,84000,0
2016-03-15,08:10:00,0.67,0.67,0.67,0.67,6000,0
2016-03-15,08:25:00,0.67,0.67,0.67,0.67,15000,0
2016-03-15,08:30:00,0.67,0.67,0.67,0.67,3000,0
2016-03-15,08:35:00,0.67,0.67,0.66,0.66,159000,0
2016-03-15,08:40:00,0.66,0.67,0.66,0.67,120000,0
2016-03-15,08:45:00,0.67,0.67,0.66,0.66,213000,0
2016-03-15,08:50:00,0.66,0.66,0.66,0.66,72000,0
2016-03-15,09:00:00,0.65,0.66,0.65,0.66,9000,0
2016-03-16,02:50:00,0.67,0.67,0.66,0.66,225000,0
2016-03-16,02:55:00,0.66,0.66,0.65,0.65,156000,0
2016-03-16,03:00:00,0.65,0.65,0.65,0.65,48000,0
2016-03-16,03:10:00,0.65,0.65,0.65,0.65,90000,0
2016-03-16,03:15:00,0.65,0.65,0.64,0.64,42000,0
2016-03-16,03:20:00,0.64,0.64,0.64,0.64,165000,0
2016-03-16,06:35:00,0.63,0.64,0.63,0.64,9000,0
2016-03-16,07:50:00,0.63,0.64,0.63,0.64,12000,0
2016-03-16,08:10:00,0.63,0.64,0.63,0.64,24000,0
2016-03-16,08:25:00,0.63,0.64,0.63,0.64,15000,0
2016-03-16,08:35:00,0.64,0.64,0.64,0.64,9000,0
2016-03-16,08:40:00,0.63,0.64,0.63,0.64,27000,0
2016-03-16,08:55:00,0.64,0.64,0.64,0.64,9000,0
2016-03-16,09:00:00,0.64,0.64,0.64,0.64,69000,0
2016-03-17,02:35:00,0.66,0.66,0.64,0.65,300000,0
2016-03-17,02:45:00,0.65,0.65,0.64,0.64,6000,0
2016-03-17,02:50:00,0.64,0.66,0.64,0.66,120000,0
2016-03-17,02:55:00,0.65,0.65,0.64,0.64,111000,0
2016-03-17,03:05:00,0.64,0.65,0.64,0.65,180000,0
2016-03-17,03:10:00,0.65,0.65,0.64,0.64,174000,0
2016-03-17,03:15:00,0.64,0.64,0.63,0.63,12000,0
2016-03-17,03:30:00,0.63,0.64,0.63,0.64,60000,0
2016-03-17,03:35:00,0.64,0.64,0.63,0.63,117000,0
2016-03-17,03:55:00,0.63,0.63,0.63,0.63,39000,0
2016-03-17,04:05:00,0.63,0.63,0.63,0.63,51000,0
2016-03-17,04:10:00,0.63,0.63,0.63,0.63,60000,0
2016-03-17,04:15:00,0.63,0.63,0.63,0.63,87000,0
2016-03-17,04:50:00,0.63,0.64,0.63,0.64,54000,0
2016-03-17,06:05:00,0.64,0.64,0.63,0.64,57000,0
2016-03-17,06:10:00,0.64,0.64,0.63,0.63,93000,0
2016-03-17,06:20:00,0.63,0.63,0.63,0.63,75000,0
2016-03-17,06:25:00,0.63,0.63,0.63,0.63,90000,0
2016-03-17,06:30:00,0.63,0.63,0.63,0.63,3000,0
2016-03-17,06:45:00,0.63,0.63,0.63,0.63,60000,0
2016-03-17,06:50:00,0.63,0.64,0.63,0.64,60000,0
2016-03-17,06:55:00,0.64,0.64,0.63,0.63,90000,0
2016-03-17,07:00:00,0.63,0.64,0.63,0.64,150000,0
2016-03-17,07:10:00,0.64,0.64,0.63,0.63,81000,0
2016-03-17,07:15:00,0.63,0.64,0.63,0.64,60000,0
2016-03-17,07:30:00,0.64,0.64,0.63,0.63,252000,0
2016-03-17,07:35:00,0.63,0.63,0.62,0.62,12000,0
2016-03-17,07:50:00,0.62,0.62,0.62,0.62,51000,0
2016-03-17,08:10:00,0.62,0.62,0.62,0.62,30000,0
2016-03-17,08:30:00,0.62,0.62,0.62,0.62,132000,0
2016-03-17,08:35:00,0.61,0.62,0.61,0.62,15000,0
2016-03-17,08:50:00,0.62,0.62,0.62,0.62,90000,0
2016-03-17,08:55:00,0.62,0.62,0.62,0.62,6000,0
2016-03-18,02:35:00,0.62,0.63,0.62,0.63,258000,0
2016-03-18,02:45:00,0.63,0.63,0.62,0.62,6000,0
2016-03-18,02:55:00,0.62,0.62,0.62,0.62,60000,0
2016-03-18,03:05:00,0.62,0.62,0.62,0.62,276000,0
2016-03-18,03:10:00,0.62,0.62,0.62,0.62,3000,0
2016-03-18,03:15:00,0.62,0.62,0.61,0.62,531000,0
2016-03-18,03:20:00,0.62,0.62,0.62,0.62,90000,0
2016-03-18,03:30:00,0.61,0.62,0.61,0.62,6000,0
2016-03-18,03:35:00,0.62,0.62,0.61,0.61,6000,0
2016-03-18,03:40:00,0.61,0.61,0.61,0.61,30000,0
2016-03-18,03:45:00,0.61,0.61,0.61,0.61,159000,0
2016-03-18,03:55:00,0.61,0.61,0.61,0.61,6000,0
2016-03-18,04:15:00,0.61,0.62,0.61,0.62,204000,0
2016-03-18,04:20:00,0.62,0.62,0.62,0.62,99000,0
2016-03-18,04:35:00,0.62,0.62,0.61,0.61,60000,0
2016-03-18,04:45:00,0.61,0.62,0.61,0.62,180000,0
2016-03-18,04:50:00,0.62,0.62,0.61,0.61,150000,0
2016-03-18,04:55:00,0.61,0.61,0.61,0.61,363000,0
2016-03-18,05:00:00,0.61,0.61,0.61,0.61,42000,0
2016-03-18,06:15:00,0.6,0.62,0.6,0.62,246000,0
2016-03-18,06:20:00,0.62,0.62,0.61,0.61,411000,0
2016-03-18,06:25:00,0.61,0.62,0.61,0.62,60000,0
2016-03-18,06:30:00,0.62,0.63,0.62,0.63,132000,0
2016-03-18,06:35:00,0.63,0.63,0.63,0.63,72000,0
2016-03-18,06:40:00,0.63,0.63,0.63,0.63,51000,0
2016-03-18,07:15:00,0.63,0.63,0.63,0.63,108000,0
2016-03-18,07:30:00,0.63,0.63,0.63,0.63,12000,0
2016-03-18,07:35:00,0.63,0.63,0.63,0.63,60000,0
2016-03-18,07:45:00,0.63,0.63,0.62,0.62,30000,0
2016-03-18,07:50:00,0.62,0.63,0.62,0.63,45000,0
2016-03-18,07:55:00,0.63,0.63,0.63,0.63,9000,0
2016-03-18,08:05:00,0.63,0.63,0.63,0.63,51000,0
2016-03-18,08:10:00,0.63,0.63,0.62,0.62,60000,0
2016-03-18,08:20:00,0.62,0.63,0.62,0.63,96000,0
2016-03-18,08:35:00,0.63,0.63,0.63,0.63,60000,0
2016-03-18,08:40:00,0.63,0.63,0.63,0.63,12000,0
2016-03-18,08:45:00,0.63,0.63,0.63,0.63,9000,0
2016-03-18,08:50:00,0.63,0.63,0.63,0.63,75000,0
2016-03-18,08:55:00,0.63,0.63,0.63,0.63,75000,0
2016-03-21,02:35:00,0.63,0.63,0.63,0.63,180000,0
2016-03-21,03:00:00,0.63,0.65,0.63,0.65,171000,0
2016-03-21,03:10:00,0.65,0.65,0.65,0.65,60000,0
2016-03-21,03:15:00,0.65,0.65,0.65,0.65,168000,0
2016-03-21,03:35:00,0.65,0.65,0.65,0.65,180000,0
2016-03-21,03:40:00,0.65,0.65,0.65,0.65,60000,0
2016-03-21,03:45:00,0.65,0.66,0.65,0.66,12000,0
2016-03-21,03:50:00,0.66,0.66,0.65,0.65,12000,0
2016-03-21,04:10:00,0.65,0.66,0.65,0.66,282000,0
2016-03-21,04:15:00,0.66,0.66,0.66,0.66,306000,0
2016-03-21,04:25:00,0.66,0.66,0.66,0.66,81000,0
2016-03-21,04:30:00,0.66,0.66,0.66,0.66,171000,0
2016-03-21,04:35:00,0.66,0.66,0.66,0.66,72000,0
2016-03-21,04:45:00,0.66,0.66,0.65,0.65,48000,0
2016-03-21,04:50:00,0.65,0.65,0.65,0.65,6000,0
2016-03-21,04:55:00,0.65,0.66,0.65,0.66,120000,0
2016-03-21,06:05:00,0.66,0.66,0.64,0.64,186000,0
2016-03-21,06:10:00,0.64,0.65,0.64,0.65,102000,0
2016-03-21,06:15:00,0.65,0.65,0.64,0.64,102000,0
2016-03-21,06:35:00,0.64,0.64,0.63,0.63,183000,0
2016-03-21,06:45:00,0.63,0.63,0.63,0.63,48000,0
2016-03-21,06:55:00,0.63,0.63,0.63,0.63,36000,0
2016-03-21,07:05:00,0.63,0.63,0.63,0.63,63000,0
2016-03-21,07:55:00,0.62,0.63,0.62,0.63,6000,0
2016-03-21,08:30:00,0.62,0.63,0.62,0.63,120000,0
2016-03-21,08:35:00,0.63,0.63,0.63,0.63,63000,0
2016-03-21,09:00:00,0.62,0.63,0.62,0.63,105000,0
2016-03-22,02:35:00,0.64,0.64,0.64,0.64,165000,0
2016-03-22,02:40:00,0.64,0.64,0.63,0.63,93000,0
2016-03-22,02:45:00,0.63,0.63,0.62,0.62,192000,0
2016-03-22,02:55:00,0.62,0.63,0.62,0.63,180000,0
2016-03-22,03:10:00,0.63,0.63,0.63,0.63,210000,0
2016-03-22,03:25:00,0.63,0.63,0.62,0.62,51000,0
2016-03-22,03:30:00,0.62,0.62,0.62,0.62,138000,0
2016-03-22,07:05:00,0.61,0.62,0.61,0.62,120000,0
2016-03-22,07:10:00,0.61,0.62,0.61,0.62,210000,0
2016-03-22,07:20:00,0.62,0.62,0.62,0.62,30000,0
2016-03-22,07:35:00,0.62,0.62,0.62,0.62,30000,0
2016-03-22,08:05:00,0.61,0.62,0.61,0.62,96000,0
2016-03-22,08:20:00,0.62,0.62,0.62,0.62,60000,0
2016-03-22,08:30:00,0.62,0.62,0.62,0.62,108000,0
2016-03-22,08:35:00,0.62,0.62,0.62,0.62,60000,0
2016-03-22,08:40:00,0.62,0.62,0.62,0.62,45000,0
2016-03-23,02:35:00,0.62,0.62,0.61,0.62,117000,0
2016-03-23,02:40:00,0.62,0.63,0.61,0.62,381000,0
2016-03-23,02:45:00,0.62,0.63,0.62,0.63,153000,0
2016-03-23,02:50:00,0.63,0.64,0.63,0.63,288000,0
2016-03-23,02:55:00,0.63,0.67,0.63,0.65,633000,0
2016-03-23,03:00:00,0.65,0.66,0.65,0.66,147000,0
2016-03-23,03:05:00,0.66,0.66,0.65,0.66,219000,0
2016-03-23,03:10:00,0.66,0.67,0.66,0.66,150000,0
2016-03-23,03:15:00,0.66,0.67,0.66,0.67,114000,0
2016-03-23,03:25:00,0.67,0.67,0.67,0.67,96000,0
2016-03-23,03:30:00,0.67,0.67,0.67,0.67,39000,0
2016-03-23,03:35:00,0.67,0.67,0.66,0.66,498000,0
2016-03-23,03:40:00,0.66,0.66,0.65,0.66,168000,0
2016-03-23,03:50:00,0.66,0.66,0.66,0.66,60000,0
2016-03-23,04:15:00,0.66,0.66,0.65,0.65,138000,0
2016-03-23,04:20:00,0.65,0.65,0.65,0.65,123000,0
2016-03-23,04:30:00,0.65,0.66,0.65,0.65,123000,0
2016-03-23,04:45:00,0.65,0.65,0.65,0.65,6000,0
2016-03-23,04:50:00,0.65,0.66,0.65,0.65,180000,0
2016-03-23,04:55:00,0.65,0.66,0.65,0.66,162000,0
2016-03-23,05:00:00,0.66,0.66,0.66,0.66,132000,0
2016-03-23,06:05:00,0.66,0.66,0.65,0.65,6000,0
2016-03-23,06:10:00,0.65,0.66,0.65,0.66,6000,0
2016-03-23,06:20:00,0.66,0.66,0.66,0.66,3000,0
2016-03-23,06:30:00,0.66,0.66,0.65,0.65,9000,0
2016-03-23,06:35:00,0.65,0.66,0.65,0.66,60000,0
2016-03-23,06:50:00,0.66,0.66,0.66,0.66,18000,0
2016-03-23,07:00:00,0.66,0.66,0.66,0.66,180000,0
2016-03-23,07:05:00,0.66,0.68,0.66,0.67,399000,0
2016-03-23,07:10:00,0.67,0.68,0.66,0.66,234000,0
2016-03-23,07:15:00,0.66,0.66,0.65,0.65,339000,0
2016-03-23,07:20:00,0.65,0.65,0.65,0.65,1000,0
2016-03-23,07:25:00,0.65,0.66,0.65,0.66,147000,0
2016-03-23,07:45:00,0.66,0.67,0.66,0.67,6000,0
2016-03-23,08:05:00,0.67,0.67,0.67,0.67,3000,0
2016-03-23,08:10:00,0.67,0.67,0.66,0.66,21000,0
2016-03-23,08:20:00,0.66,0.67,0.66,0.67,300000,0
2016-03-23,08:25:00,0.67,0.67,0.67,0.67,48000,0
2016-03-23,08:30:00,0.67,0.67,0.66,0.66,12000,0
2016-03-23,08:35:00,0.66,0.67,0.66,0.66,222000,0
2016-03-23,08:40:00,0.66,0.67,0.66,0.67,6000,0
2016-03-23,08:45:00,0.67,0.67,0.66,0.66,54000,0
2016-03-23,08:50:00,0.66,0.67,0.66,0.67,39000,0
2016-03-23,08:55:00,0.67,0.67,0.67,0.67,123000,0
2016-03-23,09:00:00,0.67,0.67,0.66,0.67,201000,0
2016-03-24,02:35:00,0.67,0.67,0.65,0.66,330000,0
2016-03-24,02:45:00,0.66,0.66,0.65,0.66,279000,0
2016-03-24,02:50:00,0.66,0.66,0.65,0.65,147000,0
2016-03-24,03:05:00,0.65,0.65,0.63,0.63,546000,0
2016-03-24,03:10:00,0.63,0.63,0.63,0.63,6000,0
2016-03-24,03:15:00,0.63,0.64,0.63,0.64,228000,0
2016-03-24,03:20:00,0.64,0.64,0.64,0.64,309000,0
2016-03-24,03:35:00,0.64,0.64,0.64,0.64,48000,0
2016-03-24,03:40:00,0.64,0.64,0.64,0.64,60000,0
2016-03-24,03:50:00,0.64,0.64,0.64,0.64,66000,0
2016-03-24,03:55:00,0.64,0.64,0.64,0.64,12000,0
2016-03-24,04:00:00,0.64,0.64,0.64,0.64,9000,0
2016-03-24,04:05:00,0.64,0.64,0.63,0.63,6000,0
2016-03-24,04:25:00,0.63,0.63,0.63,0.63,3000,0
2016-03-24,04:30:00,0.63,0.63,0.63,0.63,5000,0
2016-03-24,04:35:00,0.63,0.63,0.63,0.63,3000,0
2016-03-24,04:40:00,0.63,0.64,0.63,0.64,198000,0
2016-03-24,04:45:00,0.64,0.64,0.63,0.63,12000,0
2016-03-24,04:50:00,0.63,0.64,0.63,0.64,120000,0
2016-03-24,04:55:00,0.64,0.64,0.64,0.64,30000,0
2016-03-24,05:00:00,0.64,0.64,0.64,0.64,45000,0
2016-03-24,06:05:00,0.64,0.64,0.63,0.63,6000,0
2016-03-24,06:15:00,0.63,0.64,0.63,0.64,48000,0
2016-03-24,06:40:00,0.64,0.64,0.64,0.64,21000,0
2016-03-24,06:55:00,0.64,0.64,0.63,0.63,84000,0
2016-03-24,07:00:00,0.63,0.64,0.63,0.64,51000,0
2016-03-24,07:05:00,0.64,0.64,0.64,0.64,15000,0
2016-03-24,07:20:00,0.64,0.64,0.64,0.64,90000,0
2016-03-24,07:35:00,0.64,0.64,0.63,0.63,6000,0
2016-03-24,07:45:00,0.63,0.63,0.63,0.63,63000,0
2016-03-24,07:55:00,0.63,0.64,0.63,0.64,90000,0
2016-03-24,08:00:00,0.64,0.64,0.63,0.63,414000,0
2016-03-24,08:05:00,0.63,0.64,0.63,0.64,252000,0
2016-03-24,08:10:00,0.64,0.64,0.63,0.63,408000,0
2016-03-24,08:15:00,0.63,0.63,0.62,0.62,444000,0
2016-03-24,08:20:00,0.62,0.62,0.61,0.61,93000,0
2016-03-24,08:25:00,0.61,0.61,0.61,0.61,180000,0
2016-03-24,08:45:00,0.6,0.61,0.6,0.61,162000,0
2016-03-24,08:50:00,0.6,0.61,0.6,0.61,255000,0
2016-03-24,08:55:00,0.61,0.61,0.61,0.61,144000,0
2016-03-24,09:00:00,0.61,0.61,0.61,0.61,132000,0
2016-03-29,03:35:00,0.61,0.62,0.61,0.62,249000,0
2016-03-29,03:40:00,0.62,0.62,0.61,0.61,72000,0
2016-03-29,03:45:00,0.61,0.61,0.6,0.61,189000,0
2016-03-29,03:50:00,0.61,0.61,0.61,0.61,42000,0
2016-03-29,03:55:00,0.61,0.61,0.61,0.61,84000,0
2016-03-29,04:00:00,0.61,0.62,0.61,0.62,120000,0
2016-03-29,04:10:00,0.62,0.62,0.62,0.62,72000,0
2016-03-29,04:15:00,0.62,0.63,0.62,0.63,81000,0
2016-03-29,04:20:00,0.63,0.63,0.62,0.62,123000,0
2016-03-29,04:25:00,0.62,0.62,0.62,0.62,6000,0
2016-03-29,04:35:00,0.62,0.62,0.61,0.61,108000,0
2016-03-29,04:40:00,0.61,0.62,0.61,0.62,420000,0
2016-03-29,05:00:00,0.62,0.62,0.62,0.62,6000,0
2016-03-29,05:10:00,0.62,0.62,0.62,0.62,45000,0
2016-03-29,05:15:00,0.62,0.62,0.62,0.62,180000,0
2016-03-29,05:25:00,0.62,0.63,0.62,0.63,69000,0
2016-03-29,05:45:00,0.63,0.63,0.62,0.62,42000,0
2016-03-29,05:55:00,0.62,0.62,0.62,0.62,18000,0
2016-03-29,07:05:00,0.62,0.63,0.62,0.62,249000,0
2016-03-29,07:45:00,0.62,0.62,0.62,0.62,30000,0
2016-03-29,07:55:00,0.62,0.62,0.62,0.62,63000,0
2016-03-29,08:05:00,0.62,0.63,0.62,0.63,84000,0
2016-03-29,08:45:00,0.63,0.63,0.63,0.63,45000,0
2016-03-29,09:05:00,0.63,0.63,0.62,0.62,51000,0
2016-03-29,09:15:00,0.62,0.63,0.62,0.63,120000,0
2016-03-29,09:20:00,0.63,0.63,0.62,0.63,270000,0
2016-03-29,09:35:00,0.63,0.63,0.63,0.63,36000,0
2016-03-29,09:55:00,0.63,0.63,0.63,0.63,42000,0
2016-03-29,10:00:00,0.63,0.63,0.62,0.62,6000,0
2016-03-30,03:35:00,0.63,0.63,0.63,0.63,183000,0
2016-03-30,03:40:00,0.63,0.64,0.63,0.64,201000,0
2016-03-30,03:45:00,0.64,0.64,0.63,0.63,27000,0
2016-03-30,04:05:00,0.63,0.63,0.63,0.63,18000,0
2016-03-30,04:10:00,0.63,0.63,0.63,0.63,105000,0
2016-03-30,04:15:00,0.63,0.63,0.63,0.63,42000,0
2016-03-30,04:20:00,0.63,0.63,0.63,0.63,180000,0
2016-03-30,04:25:00,0.63,0.63,0.63,0.63,24000,0
2016-03-30,04:30:00,0.63,0.63,0.63,0.63,165000,0
2016-03-30,04:35:00,0.63,0.63,0.63,0.63,30000,0
2016-03-30,04:45:00,0.63,0.63,0.62,0.62,105000,0
2016-03-30,04:50:00,0.62,0.62,0.62,0.62,216000,0
2016-03-30,04:55:00,0.62,0.62,0.62,0.62,96000,0
2016-03-30,05:00:00,0.62,0.62,0.62,0.62,12000,0
2016-03-30,05:15:00,0.62,0.62,0.62,0.62,225000,0
2016-03-30,05:25:00,0.61,0.62,0.61,0.62,141000,0
2016-03-30,05:35:00,0.61,0.62,0.61,0.62,120000,0
2016-03-30,07:10:00,0.61,0.62,0.61,0.62,75000,0
2016-03-30,08:30:00,0.61,0.62,0.61,0.62,132000,0
2016-03-30,08:35:00,0.62,0.62,0.61,0.62,120000,0
2016-03-30,08:50:00,0.61,0.62,0.61,0.62,132000,0
2016-03-30,08:55:00,0.61,0.62,0.61,0.62,51000,0
2016-03-30,09:15:00,0.61,0.62,0.61,0.62,90000,0
2016-03-30,09:20:00,0.61,0.62,0.61,0.62,24000,0
2016-03-30,09:25:00,0.61,0.62,0.61,0.62,45000,0
2016-03-30,09:30:00,0.61,0.63,0.61,0.63,264000,0
2016-03-30,09:35:00,0.61,0.63,0.61,0.62,171000,0
2016-03-30,09:40:00,0.62,0.63,0.62,0.63,69000,0
2016-03-30,09:45:00,0.63,0.63,0.62,0.62,36000,0
2016-03-30,09:50:00,0.62,0.62,0.62,0.62,9000,0
2016-03-31,03:35:00,0.63,0.63,0.62,0.62,261000,0
2016-03-31,03:40:00,0.62,0.63,0.62,0.62,90000,0
2016-03-31,03:45:00,0.62,0.63,0.62,0.62,105000,0
2016-03-31,03:55:00,0.62,0.63,0.62,0.62,84000,0
2016-03-31,04:05:00,0.62,0.63,0.62,0.62,111000,0
2016-03-31,04:20:00,0.62,0.63,0.62,0.62,12000,0
2016-03-31,04:25:00,0.62,0.62,0.62,0.62,93000,0
2016-03-31,04:35:00,0.62,0.63,0.62,0.62,252000,0
2016-03-31,04:45:00,0.62,0.63,0.62,0.63,6000,0
2016-03-31,04:55:00,0.63,0.63,0.62,0.62,213000,0
2016-03-31,05:10:00,0.62,0.62,0.62,0.62,12000,0
2016-03-31,05:15:00,0.62,0.63,0.62,0.62,45000,0
2016-03-31,05:35:00,0.61,0.62,0.61,0.62,6000,0
2016-03-31,05:55:00,0.62,0.62,0.61,0.62,24000,0
2016-03-31,06:00:00,0.62,0.62,0.62,0.62,9000,0
2016-03-31,07:35:00,0.61,0.62,0.61,0.62,6000,0
2016-03-31,08:15:00,0.61,0.62,0.61,0.62,6000,0
2016-03-31,08:20:00,0.62,0.62,0.62,0.62,3000,0
2016-03-31,08:50:00,0.61,0.62,0.61,0.62,6000,0
2016-03-31,08:55:00,0.62,0.62,0.62,0.62,6000,0
2016-03-31,09:20:00,0.61,0.62,0.61,0.62,9000,0
2016-03-31,09:25:00,0.62,0.62,0.62,0.62,3000,0
2016-03-31,09:30:00,0.61,0.62,0.61,0.62,6000,0
2016-03-31,09:45:00,0.61,0.63,0.61,0.62,468000,0
2016-03-31,09:50:00,0.62,0.63,0.62,0.62,54000,0
2016-03-31,10:00:00,0.62,0.63,0.62,0.62,276000,0
2016-04-01,03:35:00,0.63,0.63,0.62,0.63,135000,0
2016-04-01,03:40:00,0.63,0.63,0.62,0.62,156000,0
2016-04-01,03:45:00,0.62,0.62,0.62,0.62,6000,0
2016-04-01,03:50:00,0.62,0.62,0.62,0.62,102000,0
2016-04-01,03:55:00,0.62,0.62,0.62,0.62,84000,0
2016-04-01,04:05:00,0.62,0.62,0.62,0.62,39000,0
2016-04-01,04:35:00,0.62,0.63,0.62,0.63,6000,0
2016-04-01,04:40:00,0.63,0.63,0.62,0.62,63000,0
2016-04-01,04:45:00,0.62,0.63,0.62,0.62,246000,0
2016-04-01,04:55:00,0.62,0.62,0.62,0.62,30000,0
2016-04-01,05:10:00,0.61,0.62,0.61,0.62,54000,0
2016-04-01,05:15:00,0.61,0.62,0.61,0.62,69000,0
2016-04-01,05:25:00,0.61,0.62,0.61,0.62,120000,0
2016-04-01,05:35:00,0.61,0.62,0.61,0.62,6000,0
2016-04-01,05:40:00,0.62,0.62,0.62,0.62,105000,0
2016-04-01,05:45:00,0.61,0.62,0.61,0.62,30000,0
2016-04-01,07:05:00,0.61,0.62,0.61,0.62,6000,0
2016-04-01,07:35:00,0.61,0.62,0.61,0.62,6000,0
2016-04-01,07:45:00,0.61,0.62,0.61,0.62,120000,0
2016-04-01,08:30:00,0.61,0.62,0.61,0.62,51000,0
2016-04-01,08:35:00,0.61,0.62,0.61,0.62,6000,0
2016-04-01,09:05:00,0.61,0.62,0.61,0.62,81000,0
2016-04-01,09:10:00,0.61,0.62,0.61,0.62,111000,0
2016-04-01,09:15:00,0.61,0.62,0.61,0.62,84000,0
2016-04-01,09:25:00,0.61,0.62,0.61,0.62,45000,0
2016-04-01,09:30:00,0.61,0.62,0.61,0.62,156000,0
2016-04-01,09:35:00,0.61,0.62,0.61,0.62,240000,0
2016-04-05,03:35:00,0.61,0.62,0.61,0.62,237000,0
2016-04-05,03:40:00,0.62,0.62,0.61,0.62,207000,0
2016-04-05,03:45:00,0.62,0.62,0.6,0.6,6000,0
2016-04-05,03:55:00,0.6,0.61,0.6,0.61,120000,0
2016-04-05,04:00:00,0.61,0.61,0.61,0.61,39000,0
2016-04-05,04:05:00,0.61,0.62,0.61,0.62,90000,0
2016-04-05,04:10:00,0.62,0.62,0.62,0.62,3000,0
2016-04-05,04:20:00,0.62,0.62,0.62,0.62,60000,0
2016-04-05,04:35:00,0.62,0.62,0.61,0.61,15000,0
2016-04-05,04:40:00,0.61,0.61,0.6,0.6,54000,0
2016-04-05,04:55:00,0.6,0.6,0.6,0.6,225000,0
2016-04-05,05:00:00,0.6,0.6,0.6,0.6,165000,0
2016-04-05,05:05:00,0.6,0.6,0.6,0.6,9000,0
2016-04-05,05:10:00,0.6,0.6,0.6,0.6,177000,0
2016-04-05,05:15:00,0.6,0.6,0.6,0.6,6000,0
2016-04-05,05:30:00,0.6,0.6,0.6,0.6,444000,0
2016-04-05,05:35:00,0.6,0.6,0.59,0.59,138000,0
2016-04-05,05:40:00,0.59,0.59,0.58,0.59,114000,0
2016-04-05,07:35:00,0.58,0.59,0.58,0.59,6000,0
2016-04-05,07:40:00,0.58,0.59,0.58,0.59,114000,0
2016-04-05,07:45:00,0.59,0.59,0.59,0.59,180000,0
2016-04-05,08:05:00,0.59,0.6,0.59,0.6,6000,0
2016-04-05,08:10:00,0.6,0.6,0.59,0.59,69000,0
2016-04-05,08:15:00,0.59,0.59,0.59,0.59,75000,0
2016-04-05,08:40:00,0.59,0.59,0.59,0.59,9000,0
2016-04-05,08:55:00,0.59,0.59,0.59,0.59,12000,0
2016-04-05,09:00:00,0.59,0.59,0.59,0.59,120000,0
2016-04-05,09:30:00,0.58,0.59,0.58,0.59,6000,0
2016-04-05,09:40:00,0.58,0.59,0.58,0.59,222000,0
2016-04-05,09:45:00,0.59,0.59,0.59,0.59,15000,0
2016-04-05,09:50:00,0.58,0.59,0.58,0.59,138000,0
2016-04-05,09:55:00,0.58,0.59,0.58,0.59,114000,0
2016-04-06,03:35:00,0.59,0.59,0.58,0.59,567000,0
2016-04-06,03:40:00,0.59,0.59,0.58,0.58,192000,0
2016-04-06,03:45:00,0.58,0.59,0.58,0.59,123000,0
2016-04-06,03:55:00,0.59,0.59,0.58,0.58,15000,0
2016-04-06,04:05:00,0.58,0.58,0.58,0.58,33000,0
2016-04-06,04:15:00,0.58,0.58,0.58,0.58,78000,0
2016-04-06,04:25:00,0.58,0.58,0.58,0.58,69000,0
2016-04-06,04:40:00,0.58,0.58,0.58,0.58,9000,0
2016-04-06,04:45:00,0.58,0.58,0.58,0.58,219000,0
2016-04-06,04:50:00,0.58,0.58,0.58,0.58,75000,0
2016-04-06,04:55:00,0.58,0.58,0.58,0.58,9000,0
2016-04-06,05:05:00,0.58,0.58,0.58,0.58,126000,0
2016-04-06,05:15:00,0.58,0.58,0.57,0.57,222000,0
2016-04-06,05:25:00,0.57,0.57,0.56,0.56,162000,0
2016-04-06,05:30:00,0.56,0.57,0.56,0.56,186000,0
2016-04-06,05:50:00,0.56,0.56,0.56,0.56,21000,0
2016-04-06,07:05:00,0.56,0.56,0.56,0.56,63000,0
2016-04-06,07:25:00,0.55,0.57,0.55,0.57,372000,0
2016-04-06,07:45:00,0.57,0.57,0.57,0.57,60000,0
2016-04-06,07:50:00,0.57,0.57,0.57,0.57,450000,0
2016-04-06,07:55:00,0.57,0.57,0.57,0.57,375000,0
2016-04-06,08:00:00,0.57,0.57,0.57,0.57,240000,0
2016-04-06,08:05:00,0.57,0.57,0.57,0.57,6000,0
2016-04-06,08:10:00,0.57,0.57,0.57,0.57,3000,0
2016-04-06,08:15:00,0.57,0.57,0.57,0.57,156000,0
2016-04-06,08:20:00,0.57,0.59,0.57,0.58,195000,0
2016-04-06,08:25:00,0.58,0.59,0.58,0.59,156000,0
2016-04-06,08:30:00,0.59,0.59,0.58,0.58,339000,0
2016-04-06,08:35:00,0.58,0.58,0.58,0.58,12000,0
2016-04-06,08:40:00,0.58,0.58,0.58,0.58,3000,0
2016-04-06,08:45:00,0.58,0.58,0.58,0.58,6000,0
2016-04-06,08:50:00,0.58,0.58,0.58,0.58,15000,0
2016-04-06,08:55:00,0.58,0.58,0.58,0.58,102000,0
2016-04-06,09:00:00,0.58,0.58,0.58,0.58,12000,0
2016-04-06,09:05:00,0.58,0.58,0.58,0.58,12000,0
2016-04-06,09:10:00,0.58,0.58,0.58,0.58,6000,0
2016-04-06,09:15:00,0.58,0.58,0.57,0.57,573000,0
2016-04-06,09:20:00,0.57,0.58,0.57,0.58,1443000,0
2016-04-06,09:25:00,0.58,0.59,0.58,0.59,39000,0
2016-04-06,09:30:00,0.59,0.59,0.58,0.58,612000,0
2016-04-06,09:35:00,0.58,0.58,0.57,0.57,306000,0
2016-04-06,09:40:00,0.57,0.57,0.57,0.57,9000,0
2016-04-06,09:45:00,0.57,0.57,0.57,0.57,21000,0
2016-04-06,09:50:00,0.57,0.57,0.57,0.57,42000,0
2016-04-06,09:55:00,0.57,0.57,0.57,0.57,15000,0
2016-04-06,10:00:00,0.57,0.58,0.57,0.58,936000,0
2016-04-07,04:00:00,0.57,0.58,0.57,0.58,60000,0
2016-04-07,04:15:00,0.57,0.58,0.57,0.58,357000,0
2016-04-07,04:20:00,0.58,0.58,0.58,0.58,210000,0
2016-04-07,04:40:00,0.57,0.58,0.57,0.58,42000,0
2016-04-07,04:50:00,0.58,0.58,0.58,0.58,30000,0
2016-04-07,06:00:00,0.57,0.58,0.57,0.58,225000,0
2016-04-07,07:05:00,0.58,0.58,0.58,0.58,3000,0
2016-04-07,07:20:00,0.57,0.58,0.57,0.58,174000,0
2016-04-07,07:40:00,0.57,0.58,0.57,0.58,78000,0
2016-04-07,08:25:00,0.57,0.58,0.57,0.58,486000,0
2016-04-07,08:30:00,0.58,0.58,0.58,0.58,78000,0
2016-04-07,08:40:00,0.58,0.58,0.58,0.58,198000,0
2016-04-07,08:55:00,0.58,0.58,0.58,0.58,9000,0
2016-04-07,09:00:00,0.58,0.59,0.58,0.59,63000,0
2016-04-07,09:20:00,0.59,0.59,0.59,0.59,48000,0
2016-04-07,09:25:00,0.59,0.59,0.58,0.59,138000,0
2016-04-07,09:35:00,0.59,0.61,0.59,0.6,144000,0
2016-04-07,09:40:00,0.6,0.62,0.6,0.61,363000,0
2016-04-07,09:50:00,0.61,0.62,0.61,0.62,12000,0
2016-04-07,09:55:00,0.62,0.62,0.61,0.61,36000,0
2016-04-07,10:00:00,0.61,0.62,0.61,0.62,93000,0
2016-04-08,03:35:00,0.62,0.62,0.61,0.61,318000,0
2016-04-08,03:40:00,0.61,0.61,0.61,0.61,78000,0
2016-04-08,03:50:00,0.6,0.61,0.6,0.61,219000,0
2016-04-08,03:55:00,0.61,0.61,0.61,0.61,9000,0
2016-04-08,04:00:00,0.61,0.62,0.61,0.61,54000,0
2016-04-08,04:05:00,0.61,0.62,0.61,0.61,129000,0
2016-04-08,04:15:00,0.6,0.61,0.6,0.61,39000,0
2016-04-08,04:20:00,0.61,0.63,0.61,0.62,525000,0
2016-04-08,04:25:00,0.62,0.62,0.62,0.62,9000,0
2016-04-08,04:30:00,0.62,0.62,0.62,0.62,9000,0
2016-04-08,04:35:00,0.62,0.62,0.62,0.62,12000,0
2016-04-08,04:40:00,0.62,0.62,0.61,0.62,39000,0
2016-04-08,04:45:00,0.62,0.62,0.62,0.62,21000,0
2016-04-08,04:50:00,0.62,0.62,0.61,0.62,39000,0
2016-04-08,04:55:00,0.62,0.62,0.62,0.62,21000,0
2016-04-08,05:00:00,0.62,0.62,0.62,0.62,21000,0
2016-04-08,05:05:00,0.62,0.62,0.62,0.62,36000,0
2016-04-08,05:10:00,0.62,0.62,0.61,0.62,48000,0
2016-04-08,05:15:00,0.62,0.62,0.62,0.62,9000,0
2016-04-08,05:20:00,0.62,0.62,0.62,0.62,105000,0
2016-04-08,05:25:00,0.62,0.63,0.62,0.62,171000,0
2016-04-08,05:30:00,0.62,0.62,0.61,0.62,159000,0
2016-04-08,05:35:00,0.62,0.63,0.61,0.63,243000,0
2016-04-08,05:40:00,0.63,0.63,0.62,0.63,39000,0
2016-04-08,05:45:00,0.63,0.63,0.62,0.63,162000,0
2016-04-08,05:50:00,0.63,0.63,0.62,0.63,21000,0
2016-04-08,05:55:00,0.63,0.63,0.62,0.63,189000,0
2016-04-08,06:00:00,0.63,0.63,0.63,0.63,21000,0
2016-04-08,07:05:00,0.63,0.63,0.62,0.62,300000,0
2016-04-08,07:10:00,0.62,0.63,0.62,0.62,249000,0
2016-04-08,07:15:00,0.62,0.64,0.62,0.63,279000,0
2016-04-08,07:20:00,0.63,0.65,0.63,0.64,267000,0
2016-04-08,07:25:00,0.64,0.65,0.64,0.65,237000,0
2016-04-08,07:30:00,0.64,0.65,0.64,0.65,66000,0
2016-04-08,07:35:00,0.65,0.65,0.64,0.65,24000,0
2016-04-08,07:40:00,0.65,0.65,0.65,0.65,3000,0
2016-04-08,07:50:00,0.65,0.65,0.64,0.65,333000,0
2016-04-08,07:55:00,0.65,0.65,0.64,0.64,273000,0
2016-04-08,08:05:00,0.64,0.64,0.63,0.63,174000,0
2016-04-08,08:10:00,0.63,0.63,0.63,0.63,15000,0
2016-04-08,08:20:00,0.63,0.63,0.63,0.63,6000,0
2016-04-08,08:25:00,0.63,0.63,0.62,0.62,6000,0
2016-04-08,08:35:00,0.62,0.64,0.62,0.62,330000,0
2016-04-08,08:40:00,0.62,0.63,0.62,0.63,6000,0
2016-04-08,08:45:00,0.63,0.63,0.63,0.63,9000,0
2016-04-08,08:55:00,0.63,0.64,0.62,0.64,420000,0
2016-04-08,09:05:00,0.63,0.64,0.63,0.64,90000,0
2016-04-08,09:10:00,0.64,0.64,0.63,0.63,132000,0
2016-04-08,09:15:00,0.63,0.63,0.63,0.63,24000,0
2016-04-08,09:20:00,0.63,0.63,0.62,0.62,12000,0
2016-04-08,09:30:00,0.62,0.63,0.62,0.63,33000,0
2016-04-08,09:35:00,0.63,0.63,0.62,0.63,162000,0
2016-04-08,09:40:00,0.63,0.64,0.63,0.64,222000,0
2016-04-08,09:45:00,0.64,0.64,0.64,0.64,12000,0
2016-04-08,09:50:00,0.64,0.64,0.64,0.64,3000,0
2016-04-08,09:55:00,0.64,0.64,0.63,0.63,201000,0
2016-04-08,10:00:00,0.63,0.64,0.63,0.64,108000,0
2016-04-11,03:35:00,0.64,0.64,0.63,0.63,357000,0
2016-04-11,03:40:00,0.62,0.63,0.62,0.63,150000,0
2016-04-11,03:45:00,0.63,0.63,0.63,0.63,48000,0
2016-04-11,04:05:00,0.62,0.63,0.62,0.63,180000,0
2016-04-11,04:10:00,0.63,0.63,0.63,0.63,90000,0
2016-04-11,04:25:00,0.62,0.63,0.62,0.63,135000,0
2016-04-11,04:35:00,0.63,0.64,0.63,0.64,279000,0
2016-04-11,04:45:00,0.64,0.64,0.63,0.63,66000,0
2016-04-11,04:50:00,0.63,0.63,0.63,0.63,18000,0
2016-04-11,05:00:00,0.63,0.63,0.63,0.63,3000,0
2016-04-11,05:05:00,0.63,0.63,0.63,0.63,12000,0
2016-04-11,05:10:00,0.63,0.63,0.63,0.63,141000,0
2016-04-11,05:30:00,0.62,0.63,0.62,0.63,126000,0
2016-04-11,05:50:00,0.62,0.63,0.62,0.63,174000,0
2016-04-11,07:10:00,0.62,0.63,0.62,0.63,147000,0
2016-04-11,07:35:00,0.62,0.64,0.62,0.64,183000,0
2016-04-11,07:40:00,0.64,0.64,0.64,0.64,288000,0
2016-04-11,07:50:00,0.64,0.64,0.64,0.64,18000,0
2016-04-11,08:05:00,0.64,0.64,0.64,0.64,6000,0
2016-04-11,08:10:00,0.64,0.64,0.64,0.64,30000,0
2016-04-11,08:15:00,0.64,0.64,0.64,0.64,102000,0
2016-04-11,08:20:00,0.64,0.64,0.63,0.63,18000,0
2016-04-11,08:35:00,0.63,0.65,0.63,0.64,210000,0
2016-04-11,08:40:00,0.64,0.64,0.64,0.64,60000,0
2016-04-11,08:45:00,0.64,0.65,0.64,0.65,243000,0
2016-04-11,08:50:00,0.65,0.65,0.65,0.65,96000,0
2016-04-11,09:05:00,0.65,0.65,0.65,0.65,48000,0
2016-04-11,09:10:00,0.65,0.65,0.65,0.65,72000,0
2016-04-11,09:20:00,0.65,0.65,0.65,0.65,30000,0
2016-04-11,09:25:00,0.65,0.65,0.65,0.65,12000,0
2016-04-11,09:30:00,0.65,0.65,0.65,0.65,72000,0
2016-04-11,09:35:00,0.65,0.65,0.65,0.65,6000,0
2016-04-11,09:45:00,0.65,0.66,0.65,0.66,66000,0
2016-04-11,09:50:00,0.66,0.66,0.65,0.66,282000,0
2016-04-11,09:55:00,0.66,0.67,0.65,0.67,72000,0
2016-04-11,10:00:00,0.67,0.67,0.65,0.67,285000,0
2016-04-12,03:35:00,0.66,0.67,0.66,0.66,273000,0
2016-04-12,03:40:00,0.66,0.66,0.65,0.65,504000,0
2016-04-12,03:45:00,0.65,0.66,0.65,0.65,138000,0
2016-04-12,03:50:00,0.65,0.65,0.65,0.65,3000,0
2016-04-12,03:55:00,0.65,0.66,0.65,0.65,141000,0
2016-04-12,04:00:00,0.65,0.66,0.65,0.65,450000,0
2016-04-12,04:10:00,0.65,0.65,0.65,0.65,12000,0
2016-04-12,04:15:00,0.65,0.66,0.65,0.65,204000,0
2016-04-12,04:20:00,0.65,0.65,0.65,0.65,18000,0
2016-04-12,04:30:00,0.65,0.66,0.65,0.66,69000,0
2016-04-12,04:35:00,0.66,0.66,0.65,0.65,135000,0
2016-04-12,04:40:00,0.65,0.65,0.65,0.65,18000,0
2016-04-12,04:45:00,0.65,0.65,0.65,0.65,93000,0
2016-04-12,04:50:00,0.65,0.65,0.64,0.64,18000,0
2016-04-12,04:55:00,0.64,0.64,0.64,0.64,21000,0
2016-04-12,05:05:00,0.64,0.65,0.64,0.65,150000,0
2016-04-12,05:10:00,0.65,0.65,0.64,0.65,234000,0
2016-04-12,05:15:00,0.65,0.65,0.65,0.65,420000,0
2016-04-12,05:20:00,0.65,0.66,0.65,0.66,138000,0
2016-04-12,05:25:00,0.66,0.66,0.65,0.65,18000,0
2016-04-12,05:35:00,0.65,0.65,0.65,0.65,6000,0
2016-04-12,05:40:00,0.65,0.65,0.65,0.65,69000,0
2016-04-12,05:45:00,0.65,0.65,0.65,0.65,60000,0
2016-04-12,05:55:00,0.65,0.65,0.64,0.64,18000,0
2016-04-12,07:05:00,0.65,0.65,0.65,0.65,9000,0
2016-04-12,07:20:00,0.65,0.65,0.65,0.65,66000,0
2016-04-12,07:25:00,0.65,0.65,0.65,0.65,42000,0
2016-04-12,07:55:00,0.65,0.65,0.65,0.65,9000,0
2016-04-12,08:00:00,0.65,0.65,0.65,0.65,129000,0
2016-04-12,08:05:00,0.65,0.65,0.65,0.65,30000,0
2016-04-12,08:15:00,0.65,0.65,0.65,0.65,6000,0
2016-04-12,08:20:00,0.65,0.65,0.64,0.64,18000,0
2016-04-12,08:35:00,0.64,0.65,0.64,0.65,126000,0
2016-04-12,08:40:00,0.65,0.65,0.64,0.65,27000,0
2016-04-12,08:55:00,0.65,0.65,0.65,0.65,9000,0
2016-04-12,09:10:00,0.65,0.65,0.65,0.65,90000,0
2016-04-12,09:15:00,0.65,0.69,0.65,0.69,678000,0
2016-04-12,09:20:00,0.69,0.69,0.68,0.68,210000,0
2016-04-12,09:25:00,0.68,0.68,0.66,0.66,18000,0
2016-04-12,09:40:00,0.67,0.67,0.67,0.67,15000,0
2016-04-12,09:55:00,0.67,0.67,0.67,0.67,15000,0
2016-04-12,10:00:00,0.67,0.69,0.67,0.69,704000,0
2016-04-13,03:40:00,0.69,0.69,0.67,0.69,288000,0
2016-04-13,03:45:00,0.69,0.69,0.69,0.69,126000,0
2016-04-13,03:50:00,0.69,0.69,0.68,0.68,48000,0
2016-04-13,03:55:00,0.68,0.68,0.68,0.68,144000,0
2016-04-13,04:05:00,0.68,0.68,0.68,0.68,192000,0
2016-04-13,04:10:00,0.68,0.68,0.67,0.68,111000,0
2016-04-13,04:15:00,0.68,0.68,0.67,0.67,6000,0
2016-04-13,04:20:00,0.67,0.68,0.67,0.68,120000,0
2016-04-13,04:25:00,0.68,0.68,0.67,0.67,18000,0
2016-04-13,04:30:00,0.67,0.69,0.67,0.69,267000,0
2016-04-13,04:50:00,0.69,0.69,0.68,0.69,87000,0
2016-04-13,04:55:00,0.69,0.7,0.68,0.69,345000,0
2016-04-13,05:05:00,0.69,0.69,0.69,0.69,252000,0
2016-04-13,05:10:00,0.69,0.69,0.68,0.69,222000,0
2016-04-13,05:15:00,0.69,0.69,0.69,0.69,108000,0
2016-04-13,05:20:00,0.69,0.7,0.69,0.7,285000,0
2016-04-13,05:25:00,0.7,0.7,0.68,0.7,24000,0
2016-04-13,05:30:00,0.69,0.69,0.69,0.69,6000,0
2016-04-13,05:35:00,0.69,0.69,0.69,0.69,3000,0
2016-04-13,05:40:00,0.69,0.69,0.68,0.68,6000,0
2016-04-13,05:45:00,0.68,0.69,0.68,0.69,396000,0
2016-04-13,05:50:00,0.69,0.69,0.68,0.69,72000,0
2016-04-13,05:55:00,0.69,0.69,0.69,0.69,78000,0
2016-04-13,06:00:00,0.69,0.7,0.69,0.7,78000,0
2016-04-13,07:05:00,0.7,0.7,0.69,0.7,189000,0
2016-04-13,07:10:00,0.7,0.7,0.69,0.69,141000,0
2016-04-13,07:20:00,0.69,0.7,0.69,0.7,6000,0
2016-04-13,07:25:00,0.7,0.7,0.69,0.69,6000,0
2016-04-13,07:30:00,0.69,0.7,0.69,0.7,150000,0
2016-04-13,07:40:00,0.7,0.7,0.69,0.7,135000,0
2016-04-13,07:45:00,0.7,0.7,0.69,0.69,33000,0
2016-04-13,07:55:00,0.69,0.69,0.68,0.68,9000,0
2016-04-13,08:00:00,0.68,0.69,0.68,0.69,9000,0
2016-04-13,08:05:00,0.69,0.69,0.69,0.69,21000,0
2016-04-13,08:20:00,0.69,0.7,0.69,0.69,9000,0
2016-04-13,08:25:00,0.69,0.69,0.69,0.69,90000,0
2016-04-13,08:40:00,0.69,0.69,0.68,0.69,54000,0
2016-04-13,08:55:00,0.69,0.69,0.68,0.69,42000,0
2016-04-13,09:00:00,0.69,0.69,0.68,0.68,6000,0
2016-04-13,09:05:00,0.68,0.69,0.68,0.69,96000,0
2016-04-13,09:10:00,0.69,0.69,0.68,0.69,303000,0
2016-04-13,09:25:00,0.69,0.69,0.69,0.69,51000,0
2016-04-13,09:35:00,0.69,0.69,0.67,0.67,6000,0
2016-04-13,09:40:00,0.67,0.69,0.67,0.67,33000,0
2016-04-13,09:45:00,0.67,0.67,0.67,0.67,3000,0
2016-04-13,09:50:00,0.67,0.67,0.67,0.67,21000,0
2016-04-13,09:55:00,0.67,0.67,0.67,0.67,3000,0
2016-04-13,10:00:00,0.67,0.69,0.67,0.67,69000,0
