Date,Time,Open,High,Low,Close,Volume,OpenInt
2016-03-07,02:35:00,1.62,1.63,1.62,1.63,608000,0
2016-03-07,02:50:00,1.62,1.63,1.62,1.63,16000,0
2016-03-07,02:55:00,1.63,1.63,1.63,1.63,128000,0
2016-03-07,03:00:00,1.63,1.63,1.62,1.63,278000,0
2016-03-07,03:05:00,1.62,1.63,1.62,1.63,16000,0
2016-03-07,03:20:00,1.62,1.63,1.62,1.63,76000,0
2016-03-07,03:25:00,1.62,1.63,1.62,1.63,8000,0
2016-03-07,03:30:00,1.63,1.63,1.62,1.63,116000,0
2016-03-07,03:45:00,1.62,1.63,1.62,1.63,4000,0
2016-03-07,03:50:00,1.62,1.63,1.62,1.63,190000,0
2016-03-07,03:55:00,1.63,1.63,1.62,1.63,376000,0
2016-03-07,04:00:00,1.62,1.63,1.62,1.63,370000,0
2016-03-07,04:05:00,1.63,1.63,1.62,1.63,398000,0
2016-03-07,04:10:00,1.63,1.63,1.62,1.63,10000,0
2016-03-07,04:20:00,1.62,1.63,1.62,1.63,48000,0
2016-03-07,04:35:00,1.62,1.63,1.62,1.63,180000,0
2016-03-07,04:55:00,1.62,1.63,1.62,1.63,16000,0
2016-03-07,05:00:00,1.63,1.63,1.62,1.63,34000,0
2016-03-07,06:05:00,1.63,1.63,1.62,1.63,60000,0
2016-03-07,06:10:00,1.63,1.63,1.62,1.63,30000,0
2016-03-07,06:15:00,1.63,1.63,1.62,1.63,46000,0
2016-03-07,06:20:00,1.63,1.63,1.63,1.63,62000,0
2016-03-07,06:25:00,1.62,1.63,1.62,1.63,148000,0
2016-03-07,06:30:00,1.63,1.63,1.62,1.63,30000,0
2016-03-07,06:35:00,1.63,1.63,1.62,1.63,152000,0
2016-03-07,06:40:00,1.62,1.63,1.62,1.63,70000,0
2016-03-07,06:45:00,1.63,1.63,1.62,1.63,24000,0
2016-03-07,06:50:00,1.62,1.63,1.62,1.63,24000,0
2016-03-07,06:55:00,1.63,1.63,1.63,1.63,50000,0
2016-03-07,07:00:00,1.63,1.63,1.62,1.63,32000,0
2016-03-07,07:05:00,1.63,1.63,1.62,1.63,250000,0
2016-03-07,07:10:00,1.63,1.63,1.62,1.63,146000,0
2016-03-07,07:15:00,1.63,1.63,1.62,1.63,28000,0
2016-03-07,07:20:00,1.63,1.63,1.63,1.63,74000,0
2016-03-07,07:25:00,1.62,1.63,1.62,1.63,36000,0
2016-03-07,07:30:00,1.63,1.63,1.62,1.63,192000,0
2016-03-07,07:35:00,1.63,1.63,1.63,1.63,48000,0
2016-03-07,07:40:00,1.63,1.63,1.62,1.63,60000,0
2016-03-07,07:45:00,1.62,1.63,1.62,1.63,28000,0
2016-03-07,07:50:00,1.63,1.63,1.62,1.63,94000,0
2016-03-07,07:55:00,1.63,1.63,1.62,1.63,46000,0
2016-03-07,08:00:00,1.63,1.63,1.62,1.63,30000,0
2016-03-07,08:05:00,1.62,1.63,1.62,1.63,20000,0
2016-03-07,08:10:00,1.63,1.63,1.63,1.63,28000,0
2016-03-07,08:15:00,1.63,1.63,1.62,1.63,198000,0
2016-03-07,08:20:00,1.63,1.63,1.62,1.63,22000,0
2016-03-07,08:25:00,1.62,1.63,1.62,1.63,24000,0
2016-03-07,08:30:00,1.62,1.63,1.62,1.63,266000,0
2016-03-07,08:35:00,1.62,1.63,1.62,1.63,108000,0
2016-03-07,08:40:00,1.62,1.63,1.62,1.63,362000,0
2016-03-07,08:45:00,1.63,1.63,1.62,1.63,172000,0
2016-03-07,08:50:00,1.63,1.63,1.62,1.63,146000,0
2016-03-07,08:55:00,1.63,1.63,1.62,1.63,284000,0
2016-03-07,09:00:00,1.63,1.63,1.62,1.63,222000,0
2016-03-08,02:35:00,1.62,1.63,1.62,1.63,112000,0
2016-03-08,02:40:00,1.62,1.63,1.62,1.63,40000,0
2016-03-08,02:45:00,1.63,1.63,1.63,1.63,10000,0
2016-03-08,02:50:00,1.62,1.63,1.62,1.63,44000,0
2016-03-08,02:55:00,1.63,1.63,1.62,1.63,584000,0
2016-03-08,03:00:00,1.63,1.63,1.63,1.63,20000,0
2016-03-08,03:10:00,1.63,1.63,1.63,1.63,16000,0
2016-03-08,03:15:00,1.63,1.63,1.63,1.63,24000,0
2016-03-08,03:25:00,1.63,1.63,1.63,1.63,26000,0
2016-03-08,03:30:00,1.63,1.63,1.63,1.63,60000,0
2016-03-08,03:35:00,1.63,1.63,1.63,1.63,4000,0
2016-03-08,03:45:00,1.62,1.63,1.62,1.63,38000,0
2016-03-08,03:50:00,1.63,1.63,1.63,1.63,4000,0
2016-03-08,03:55:00,1.63,1.63,1.63,1.63,10000,0
2016-03-08,04:05:00,1.63,1.63,1.63,1.63,6000,0
2016-03-08,04:10:00,1.62,1.63,1.62,1.63,34000,0
2016-03-08,04:15:00,1.63,1.63,1.63,1.63,2000,0
2016-03-08,04:25:00,1.63,1.64,1.63,1.64,3670000,0
2016-03-08,04:35:00,1.64,1.64,1.64,1.64,4000,0
2016-03-08,04:40:00,1.64,1.64,1.64,1.64,8000,0
2016-03-08,04:45:00,1.64,1.64,1.63,1.64,78000,0
2016-03-08,04:50:00,1.64,1.64,1.64,1.64,40000,0
2016-03-08,04:55:00,1.64,1.64,1.64,1.64,10000,0
2016-03-08,05:00:00,1.64,1.64,1.64,1.64,82000,0
2016-03-08,06:05:00,1.64,1.64,1.64,1.64,14000,0
2016-03-08,06:10:00,1.64,1.64,1.64,1.64,18000,0
2016-03-08,06:15:00,1.64,1.64,1.63,1.64,18000,0
2016-03-08,06:20:00,1.64,1.64,1.63,1.64,146000,0
2016-03-08,06:25:00,1.64,1.64,1.64,1.64,14000,0
2016-03-08,06:30:00,1.64,1.64,1.63,1.64,20000,0
2016-03-08,06:35:00,1.64,1.64,1.64,1.64,10000,0
2016-03-08,06:40:00,1.64,1.64,1.64,1.64,18000,0
2016-03-08,06:45:00,1.64,1.64,1.63,1.64,80000,0
2016-03-08,06:50:00,1.64,1.64,1.64,1.64,12000,0
2016-03-08,06:55:00,1.64,1.64,1.63,1.64,56000,0
2016-03-08,07:00:00,1.64,1.64,1.63,1.64,742000,0
2016-03-08,07:05:00,1.64,1.64,1.64,1.64,22000,0
2016-03-08,07:10:00,1.64,1.64,1.64,1.64,6000,0
2016-03-08,07:15:00,1.64,1.64,1.63,1.64,21950,0
2016-03-08,07:20:00,1.64,1.64,1.64,1.64,30000,0
2016-03-08,07:25:00,1.64,1.64,1.64,1.64,2000,0
2016-03-08,07:30:00,1.64,1.64,1.64,1.64,14000,0
2016-03-08,07:35:00,1.64,1.64,1.64,1.64,4000,0
2016-03-08,07:40:00,1.64,1.64,1.63,1.64,50000,0
2016-03-08,07:45:00,1.64,1.64,1.64,1.64,38000,0
2016-03-08,07:50:00,1.64,1.64,1.64,1.64,10000,0
2016-03-08,07:55:00,1.64,1.64,1.63,1.64,74000,0
2016-03-08,08:00:00,1.64,1.64,1.64,1.64,16000,0
2016-03-08,08:05:00,1.64,1.64,1.63,1.63,12000,0
2016-03-08,08:10:00,1.63,1.64,1.63,1.64,16000,0
2016-03-08,08:15:00,1.64,1.64,1.63,1.63,8000,0
2016-03-08,08:20:00,1.63,1.64,1.63,1.64,112000,0
2016-03-08,08:25:00,1.64,1.64,1.64,1.64,24000,0
2016-03-08,08:30:00,1.64,1.64,1.63,1.63,14000,0
2016-03-08,08:35:00,1.63,1.64,1.63,1.64,58000,0
2016-03-08,08:40:00,1.64,1.64,1.64,1.64,20000,0
2016-03-08,08:45:00,1.64,1.64,1.64,1.64,24000,0
2016-03-08,08:50:00,1.64,1.64,1.64,1.64,18000,0
2016-03-08,08:55:00,1.64,1.64,1.64,1.64,40000,0
2016-03-08,09:00:00,1.64,1.64,1.63,1.64,234000,0
2016-03-09,02:35:00,1.63,1.64,1.63,1.63,1054000,0
2016-03-09,02:40:00,1.63,1.63,1.63,1.63,40000,0
2016-03-09,02:45:00,1.63,1.63,1.63,1.63,98000,0
2016-03-09,02:55:00,1.63,1.64,1.63,1.64,36000,0
2016-03-09,03:00:00,1.64,1.64,1.64,1.64,6000,0
2016-03-09,03:05:00,1.64,1.64,1.63,1.63,26000,0
2016-03-09,03:10:00,1.63,1.64,1.63,1.64,18000,0
2016-03-09,03:15:00,1.64,1.64,1.63,1.63,44000,0
2016-03-09,03:20:00,1.63,1.64,1.63,1.64,56000,0
2016-03-09,03:25:00,1.64,1.64,1.64,1.64,8000,0
2016-03-09,03:30:00,1.64,1.64,1.63,1.63,56000,0
2016-03-09,03:35:00,1.63,1.64,1.63,1.64,8000,0
2016-03-09,03:40:00,1.64,1.64,1.63,1.63,36000,0
2016-03-09,03:45:00,1.63,1.63,1.63,1.63,10000,0
2016-03-09,03:55:00,1.63,1.64,1.63,1.64,56000,0
2016-03-09,04:00:00,1.64,1.64,1.63,1.63,42000,0
2016-03-09,04:10:00,1.63,1.64,1.63,1.64,200000,0
2016-03-09,04:20:00,1.64,1.64,1.63,1.64,184000,0
2016-03-09,04:35:00,1.64,1.64,1.63,1.63,84000,0
2016-03-09,04:40:00,1.63,1.64,1.63,1.64,58000,0
2016-03-09,04:45:00,1.64,1.64,1.63,1.63,18000,0
2016-03-09,04:55:00,1.63,1.63,1.63,1.63,34000,0
2016-03-09,05:00:00,1.63,1.64,1.63,1.64,70000,0
2016-03-09,06:05:00,1.64,1.64,1.63,1.63,12000,0
2016-03-09,06:10:00,1.63,1.63,1.63,1.63,2000,0
2016-03-09,06:15:00,1.63,1.63,1.63,1.63,2000,0
2016-03-09,06:20:00,1.63,1.63,1.63,1.63,8000,0
2016-03-09,06:25:00,1.63,1.64,1.63,1.64,60000,0
2016-03-09,06:35:00,1.64,1.64,1.64,1.64,2000,0
2016-03-09,06:40:00,1.64,1.64,1.63,1.63,40000,0
2016-03-09,06:45:00,1.63,1.63,1.63,1.63,14000,0
2016-03-09,06:50:00,1.63,1.63,1.63,1.63,150000,0
2016-03-09,06:55:00,1.63,1.63,1.63,1.63,80000,0
2016-03-09,07:00:00,1.63,1.63,1.63,1.63,4000,0
2016-03-09,07:05:00,1.63,1.63,1.63,1.63,8000,0
2016-03-09,07:20:00,1.63,1.63,1.63,1.63,38000,0
2016-03-09,07:25:00,1.63,1.63,1.63,1.63,2000,0
2016-03-09,07:30:00,1.63,1.63,1.63,1.63,16000,0
2016-03-09,07:35:00,1.63,1.63,1.63,1.63,2000,0
2016-03-09,07:45:00,1.63,1.64,1.63,1.63,206000,0
2016-03-09,07:50:00,1.63,1.63,1.63,1.63,166000,0
2016-03-09,08:00:00,1.63,1.63,1.62,1.63,534000,0
2016-03-09,08:15:00,1.62,1.63,1.62,1.63,502000,0
2016-03-09,08:25:00,1.63,1.63,1.63,1.63,2000,0
2016-03-09,08:35:00,1.62,1.63,1.62,1.63,184000,0
2016-03-09,08:40:00,1.63,1.63,1.63,1.63,230000,0
2016-03-09,08:45:00,1.63,1.63,1.63,1.63,340000,0
2016-03-09,08:50:00,1.63,1.63,1.63,1.63,200000,0
2016-03-09,08:55:00,1.63,1.63,1.62,1.63,68000,0
2016-03-10,02:35:00,1.63,1.63,1.63,1.63,2000,0
2016-03-10,02:45:00,1.63,1.63,1.63,1.63,112000,0
2016-03-10,02:55:00,1.63,1.63,1.63,1.63,34000,0
2016-03-10,03:05:00,1.63,1.63,1.63,1.63,10000,0
2016-03-10,03:10:00,1.63,1.64,1.63,1.63,170000,0
2016-03-10,03:15:00,1.63,1.63,1.63,1.63,4000,0
2016-03-10,03:20:00,1.63,1.63,1.63,1.63,2000,0
2016-03-10,03:25:00,1.63,1.63,1.63,1.63,2000,0
2016-03-10,03:30:00,1.63,1.63,1.63,1.63,54000,0
2016-03-10,03:40:00,1.63,1.64,1.63,1.64,4000,0
2016-03-10,03:45:00,1.64,1.64,1.64,1.64,4000,0
2016-03-10,03:55:00,1.64,1.64,1.64,1.64,8000,0
2016-03-10,04:00:00,1.64,1.64,1.63,1.63,4000,0
2016-03-10,04:05:00,1.63,1.64,1.63,1.64,4000,0
2016-03-10,04:15:00,1.64,1.64,1.63,1.63,82000,0
2016-03-10,04:30:00,1.63,1.63,1.63,1.63,2000,0
2016-03-10,04:40:00,1.63,1.63,1.63,1.63,4000,0
2016-03-10,04:50:00,1.63,1.64,1.63,1.63,8000,0
2016-03-10,04:55:00,1.63,1.64,1.63,1.64,4000,0
2016-03-10,05:00:00,1.64,1.64,1.63,1.63,4000,0
2016-03-10,06:05:00,1.63,1.63,1.63,1.63,4000,0
2016-03-10,06:15:00,1.63,1.63,1.63,1.63,2000,0
2016-03-10,06:25:00,1.63,1.63,1.63,1.63,10000,0
2016-03-10,06:30:00,1.63,1.64,1.63,1.63,10000,0
2016-03-10,06:35:00,1.63,1.64,1.63,1.64,4000,0
2016-03-10,06:50:00,1.64,1.64,1.64,1.64,2000,0
2016-03-10,07:00:00,1.64,1.64,1.64,1.64,4000,0
2016-03-10,07:10:00,1.64,1.64,1.63,1.63,22000,0
2016-03-10,07:20:00,1.63,1.63,1.63,1.63,22000,0
2016-03-10,07:25:00,1.63,1.63,1.63,1.63,20000,0
2016-03-10,07:50:00,1.63,1.63,1.63,1.63,14000,0
2016-03-10,07:55:00,1.63,1.63,1.63,1.63,12000,0
2016-03-10,08:05:00,1.63,1.63,1.63,1.63,128000,0
2016-03-10,08:20:00,1.63,1.63,1.63,1.63,38000,0
2016-03-10,08:25:00,1.63,1.63,1.63,1.63,4000,0
2016-03-10,08:35:00,1.63,1.64,1.63,1.63,272000,0
2016-03-10,08:40:00,1.63,1.63,1.63,1.63,90000,0
2016-03-10,08:45:00,1.63,1.63,1.63,1.63,48000,0
2016-03-10,08:50:00,1.63,1.63,1.63,1.63,16000,0
2016-03-10,08:55:00,1.63,1.64,1.63,1.63,336000,0
2016-03-10,09:00:00,1.63,1.63,1.63,1.63,74000,0
2016-03-11,03:10:00,1.63,1.64,1.63,1.64,22000,0
2016-03-11,03:25:00,1.64,1.64,1.64,1.64,2000,0
2016-03-11,03:30:00,1.64,1.64,1.64,1.64,86000,0
2016-03-11,03:45:00,1.63,1.64,1.63,1.64,64000,0
2016-03-11,04:10:00,1.63,1.64,1.63,1.64,8000,0
2016-03-11,04:15:00,1.64,1.64,1.64,1.64,4000,0
2016-03-11,04:20:00,1.64,1.64,1.64,1.64,2000,0
2016-03-11,04:30:00,1.64,1.64,1.64,1.64,2000,0
2016-03-11,04:35:00,1.63,1.64,1.63,1.64,4000,0
2016-03-11,06:05:00,1.63,1.64,1.63,1.64,4000,0
2016-03-11,06:10:00,1.64,1.64,1.64,1.64,4000,0
2016-03-11,06:15:00,1.64,1.64,1.64,1.64,2000,0
2016-03-11,07:00:00,1.63,1.64,1.63,1.64,4000,0
2016-03-11,07:05:00,1.64,1.64,1.64,1.64,2000,0
2016-03-11,07:10:00,1.63,1.64,1.63,1.64,4000,0
2016-03-11,07:15:00,1.64,1.64,1.64,1.64,4000,0
2016-03-11,07:20:00,1.63,1.64,1.63,1.64,8000,0
2016-03-11,07:25:00,1.64,1.64,1.64,1.64,6000,0
2016-03-11,07:35:00,1.63,1.64,1.63,1.64,6000,0
2016-03-11,07:45:00,1.63,1.64,1.63,1.64,6000,0
2016-03-11,07:50:00,1.64,1.64,1.64,1.64,2000,0
2016-03-11,07:55:00,1.64,1.64,1.64,1.64,6000,0
2016-03-11,08:00:00,1.64,1.64,1.63,1.64,16000,0
2016-03-11,08:10:00,1.63,1.64,1.63,1.64,4000,0
2016-03-11,08:15:00,1.64,1.64,1.63,1.64,12000,0
2016-03-11,08:20:00,1.64,1.64,1.63,1.64,8000,0
2016-03-11,08:25:00,1.64,1.64,1.64,1.64,2000,0
2016-03-11,08:30:00,1.63,1.64,1.63,1.64,4000,0
2016-03-11,08:35:00,1.63,1.64,1.63,1.64,12000,0
2016-03-11,08:45:00,1.63,1.64,1.63,1.64,12000,0
2016-03-11,08:50:00,1.64,1.64,1.64,1.64,4000,0
2016-03-11,08:55:00,1.64,1.64,1.63,1.64,24000,0
2016-03-14,02:40:00,1.63,1.64,1.63,1.64,114000,0
2016-03-14,02:50:00,1.63,1.64,1.63,1.64,4000,0
2016-03-14,03:00:00,1.63,1.64,1.63,1.64,4000,0
2016-03-14,03:05:00,1.63,1.64,1.63,1.64,4000,0
2016-03-14,03:10:00,1.64,1.64,1.64,1.64,8000,0
2016-03-14,03:20:00,1.63,1.64,1.63,1.64,10000,0
2016-03-14,03:30:00,1.63,1.64,1.63,1.64,6000,0
2016-03-14,03:35:00,1.63,1.64,1.63,1.64,4000,0
2016-03-14,03:40:00,1.64,1.64,1.64,1.64,6000,0
2016-03-14,03:45:00,1.64,1.64,1.64,1.64,2000,0
2016-03-14,03:55:00,1.63,1.64,1.63,1.64,8000,0
2016-03-14,04:05:00,1.63,1.64,1.63,1.64,4000,0
2016-03-14,04:10:00,1.63,1.64,1.63,1.64,4000,0
2016-03-14,04:15:00,1.63,1.64,1.63,1.64,4000,0
2016-03-14,04:20:00,1.63,1.64,1.63,1.64,68000,0
2016-03-14,04:25:00,1.64,1.64,1.63,1.64,12000,0
2016-03-14,04:30:00,1.63,1.64,1.63,1.64,40000,0
2016-03-14,04:35:00,1.63,1.64,1.63,1.64,6000,0
2016-03-14,04:40:00,1.63,1.64,1.63,1.64,4000,0
2016-03-14,04:45:00,1.64,1.64,1.64,1.64,4000,0
2016-03-14,04:55:00,1.63,1.64,1.63,1.64,24000,0
2016-03-14,05:00:00,1.63,1.64,1.63,1.64,6000,0
2016-03-14,06:10:00,1.63,1.64,1.63,1.64,6000,0
2016-03-14,06:15:00,1.64,1.64,1.64,1.64,2000,0
2016-03-14,06:20:00,1.63,1.64,1.63,1.64,4000,0
2016-03-14,06:25:00,1.64,1.64,1.63,1.64,12000,0
2016-03-14,06:30:00,1.63,1.64,1.63,1.64,6000,0
2016-03-14,06:35:00,1.64,1.64,1.63,1.64,28000,0
2016-03-14,06:40:00,1.63,1.64,1.63,1.64,4000,0
2016-03-14,06:50:00,1.63,1.64,1.63,1.64,4000,0
2016-03-14,07:05:00,1.63,1.64,1.63,1.64,6000,0
2016-03-14,07:10:00,1.64,1.64,1.64,1.64,6000,0
2016-03-14,07:15:00,1.63,1.64,1.63,1.64,6000,0
2016-03-14,07:20:00,1.63,1.64,1.63,1.64,4000,0
2016-03-14,07:25:00,1.64,1.64,1.63,1.64,6000,0
2016-03-14,07:30:00,1.64,1.64,1.64,1.64,2000,0
2016-03-14,07:35:00,1.63,1.64,1.63,1.64,4000,0
2016-03-14,07:40:00,1.64,1.64,1.63,1.64,6000,0
2016-03-14,07:45:00,1.63,1.64,1.63,1.64,4000,0
2016-03-14,07:50:00,1.63,1.64,1.63,1.64,6000,0
2016-03-14,07:55:00,1.63,1.64,1.63,1.64,4000,0
2016-03-14,08:00:00,1.63,1.64,1.63,1.64,8000,0
2016-03-14,08:05:00,1.64,1.64,1.64,1.64,2000,0
2016-03-14,08:10:00,1.64,1.64,1.64,1.64,2000,0
2016-03-14,08:15:00,1.63,1.64,1.63,1.64,48000,0
2016-03-14,08:20:00,1.64,1.64,1.64,1.64,4000,0
2016-03-14,08:25:00,1.64,1.64,1.64,1.64,4000,0
2016-03-14,08:30:00,1.64,1.64,1.64,1.64,2000,0
2016-03-14,08:35:00,1.63,1.64,1.63,1.64,10000,0
2016-03-14,08:50:00,1.63,1.64,1.63,1.64,4000,0
2016-03-14,08:55:00,1.63,1.64,1.63,1.64,4000,0
2016-03-14,09:00:00,1.63,1.64,1.63,1.64,12000,0
2016-03-15,02:35:00,1.63,1.64,1.63,1.64,430000,0
2016-03-15,02:55:00,1.63,1.64,1.63,1.64,116000,0
2016-03-15,03:00:00,1.64,1.64,1.63,1.64,1066000,0
2016-03-15,03:05:00,1.64,1.64,1.63,1.64,48000,0
2016-03-15,03:10:00,1.63,1.64,1.63,1.64,4000,0
2016-03-15,03:15:00,1.64,1.64,1.64,1.64,2000,0
2016-03-15,03:25:00,1.63,1.64,1.63,1.64,4000,0
2016-03-15,03:30:00,1.64,1.64,1.64,1.64,4000,0
2016-03-15,03:35:00,1.64,1.64,1.64,1.64,4000,0
2016-03-15,03:50:00,1.63,1.64,1.63,1.64,4000,0
2016-03-15,04:00:00,1.63,1.64,1.63,1.64,4000,0
2016-03-15,04:05:00,1.64,1.64,1.64,1.64,2000,0
2016-03-15,04:15:00,1.63,1.64,1.63,1.64,6000,0
2016-03-15,04:20:00,1.64,1.64,1.64,1.64,4000,0
2016-03-15,04:35:00,1.63,1.64,1.63,1.64,6000,0
2016-03-15,04:40:00,1.64,1.64,1.64,1.64,4000,0
2016-03-15,04:50:00,1.63,1.64,1.63,1.64,4000,0
2016-03-15,05:00:00,1.63,1.64,1.63,1.64,4000,0
2016-03-15,06:10:00,1.63,1.64,1.63,1.64,6000,0
2016-03-15,06:20:00,1.63,1.64,1.63,1.64,14000,0
2016-03-15,06:25:00,1.63,1.64,1.63,1.64,4000,0
2016-03-15,06:40:00,1.64,1.64,1.64,1.64,2000,0
2016-03-15,06:45:00,1.63,1.64,1.63,1.64,4000,0
2016-03-15,07:00:00,1.63,1.64,1.63,1.64,4000,0
2016-03-15,07:10:00,1.63,1.64,1.63,1.64,4000,0
2016-03-15,07:35:00,1.63,1.64,1.63,1.64,4000,0
2016-03-15,07:40:00,1.63,1.64,1.63,1.64,4000,0
2016-03-15,07:55:00,1.63,1.64,1.63,1.64,4000,0
2016-03-15,08:00:00,1.64,1.64,1.64,1.64,2000,0
2016-03-15,08:05:00,1.63,1.64,1.63,1.64,4000,0
2016-03-15,08:20:00,1.63,1.64,1.63,1.64,8000,0
2016-03-15,08:30:00,1.63,1.64,1.63,1.64,8000,0
2016-03-15,08:35:00,1.64,1.64,1.64,1.64,2000,0
2016-03-15,08:40:00,1.63,1.64,1.63,1.64,4000,0
2016-03-16,03:20:00,1.63,1.64,1.63,1.64,4000,0
2016-03-16,03:25:00,1.64,1.64,1.64,1.64,8000,0
2016-03-16,08:05:00,1.63,1.64,1.63,1.64,20000,0
2016-03-16,08:10:00,1.64,1.64,1.64,1.64,4000,0
2016-03-16,08:15:00,1.63,1.64,1.63,1.64,10000,0
2016-03-16,08:20:00,1.64,1.64,1.64,1.64,16000,0
2016-03-16,08:25:00,1.63,1.64,1.63,1.64,14000,0
2016-03-16,08:30:00,1.63,1.64,1.63,1.64,8000,0
2016-03-17,02:35:00,1.64,1.64,1.63,1.64,3318000,0
2016-03-17,02:40:00,1.64,1.64,1.64,1.64,16000,0
2016-03-17,02:45:00,1.64,1.64,1.64,1.64,4000,0
2016-03-17,02:50:00,1.64,1.64,1.64,1.64,8000,0
2016-03-17,03:00:00,1.63,1.64,1.63,1.64,8000,0
2016-03-17,03:05:00,1.64,1.64,1.64,1.64,2000,0
2016-03-17,03:10:00,1.63,1.64,1.63,1.64,4000,0
2016-03-17,03:15:00,1.64,1.64,1.64,1.64,2000,0
2016-03-17,03:20:00,1.64,1.64,1.64,1.64,2000,0
2016-03-17,04:25:00,1.63,1.64,1.63,1.64,28000,0
2016-03-17,04:30:00,1.64,1.64,1.64,1.64,10000,0
2016-03-17,04:40:00,1.63,1.64,1.63,1.64,18000,0
2016-03-17,04:45:00,1.64,1.64,1.64,1.64,8000,0
2016-03-17,04:55:00,1.63,1.64,1.63,1.64,4000,0
2016-03-17,05:00:00,1.64,1.64,1.64,1.64,4000,0
2016-03-17,06:05:00,1.63,1.64,1.63,1.64,10000,0
2016-03-17,06:15:00,1.64,1.64,1.64,1.64,4000,0
2016-03-17,06:20:00,1.64,1.64,1.64,1.64,4000,0
2016-03-17,06:25:00,1.64,1.64,1.64,1.64,2000,0
2016-03-17,06:30:00,1.63,1.64,1.63,1.64,10000,0
2016-03-17,06:40:00,1.63,1.64,1.63,1.64,4000,0
2016-03-17,06:50:00,1.64,1.64,1.64,1.64,8000,0
2016-03-17,06:55:00,1.64,1.64,1.64,1.64,4000,0
2016-03-17,07:05:00,1.63,1.64,1.63,1.64,20000,0
2016-03-17,07:10:00,1.63,1.64,1.63,1.64,4000,0
2016-03-17,07:15:00,1.64,1.64,1.64,1.64,2000,0
2016-03-17,07:20:00,1.63,1.64,1.63,1.64,18000,0
2016-03-17,07:25:00,1.64,1.64,1.64,1.64,12000,0
2016-03-17,07:30:00,1.64,1.64,1.64,1.64,6000,0
2016-03-17,07:35:00,1.64,1.64,1.64,1.64,2000,0
2016-03-17,07:40:00,1.63,1.64,1.63,1.64,6000,0
2016-03-17,07:45:00,1.64,1.64,1.64,1.64,6000,0
2016-03-17,07:50:00,1.63,1.64,1.63,1.64,8000,0
2016-03-17,07:55:00,1.64,1.64,1.64,1.64,12000,0
2016-03-17,08:00:00,1.64,1.64,1.64,1.64,8000,0
2016-03-17,08:05:00,1.64,1.64,1.64,1.64,6000,0
2016-03-17,08:10:00,1.64,1.64,1.64,1.64,6000,0
2016-03-17,08:15:00,1.63,1.64,1.63,1.64,4000,0
2016-03-17,08:45:00,1.63,1.64,1.63,1.64,4000,0
2016-03-17,08:55:00,1.63,1.64,1.63,1.64,12000,0
2016-03-17,09:00:00,1.63,1.64,1.63,1.64,10000,0
2016-03-18,02:50:00,1.63,1.63,1.63,1.63,119671,0
2016-03-18,02:55:00,1.63,1.63,1.63,1.63,12000,0
2016-03-18,03:00:00,1.63,1.63,1.63,1.63,12000,0
2016-03-18,03:05:00,1.63,1.63,1.63,1.63,24000,0
2016-03-18,03:10:00,1.63,1.63,1.63,1.63,258000,0
2016-03-18,03:15:00,1.63,1.63,1.63,1.63,456000,0
2016-03-18,03:20:00,1.63,1.63,1.63,1.63,10000,0
2016-03-18,03:25:00,1.63,1.63,1.62,1.63,16764000,0
2016-03-18,04:30:00,1.62,1.63,1.62,1.63,6000,0
2016-03-18,04:45:00,1.62,1.63,1.62,1.63,776000,0
2016-03-18,06:20:00,1.62,1.63,1.62,1.63,4000,0
2016-03-18,06:40:00,1.62,1.63,1.62,1.63,8000,0
2016-03-18,07:00:00,1.62,1.63,1.62,1.63,6000,0
2016-03-18,07:15:00,1.62,1.63,1.62,1.63,4000,0
2016-03-18,07:35:00,1.62,1.63,1.62,1.63,8000,0
2016-03-18,07:55:00,1.62,1.63,1.62,1.63,4000,0
2016-03-18,08:00:00,1.62,1.63,1.62,1.63,6000,0
2016-03-18,08:30:00,1.62,1.63,1.62,1.63,6000,0
2016-03-18,08:55:00,1.62,1.63,1.62,1.63,6000,0
2016-03-18,09:00:00,1.63,1.63,1.63,1.63,200000,0
2016-03-21,02:45:00,1.62,1.63,1.62,1.63,4000,0
2016-03-21,02:55:00,1.62,1.63,1.62,1.63,54000,0
2016-03-21,03:00:00,1.62,1.63,1.62,1.63,116000,0
2016-03-21,03:05:00,1.63,1.63,1.63,1.63,54000,0
2016-03-21,03:10:00,1.63,1.63,1.62,1.63,84000,0
2016-03-21,03:15:00,1.63,1.63,1.62,1.63,3182000,0
2016-03-21,03:25:00,1.63,1.63,1.63,1.63,8000,0
2016-03-21,03:30:00,1.63,1.63,1.62,1.63,182000,0
2016-03-21,03:35:00,1.63,1.63,1.62,1.63,80000,0
2016-03-21,03:40:00,1.62,1.63,1.62,1.63,162000,0
2016-03-21,03:45:00,1.63,1.63,1.62,1.63,22000,0
2016-03-21,03:50:00,1.63,1.63,1.62,1.63,36000,0
2016-03-21,03:55:00,1.62,1.63,1.62,1.63,76000,0
2016-03-21,04:00:00,1.63,1.63,1.62,1.63,124000,0
2016-03-21,04:05:00,1.63,1.63,1.62,1.63,34000,0
2016-03-21,04:10:00,1.62,1.63,1.62,1.63,526000,0
2016-03-21,04:15:00,1.62,1.63,1.62,1.63,980000,0
2016-03-21,04:20:00,1.62,1.63,1.62,1.63,20000,0
2016-03-21,04:25:00,1.63,1.63,1.62,1.63,94000,0
2016-03-21,04:30:00,1.62,1.63,1.62,1.63,106000,0
2016-03-21,04:35:00,1.63,1.63,1.62,1.63,29595,0
2016-03-21,04:40:00,1.62,1.63,1.62,1.63,164000,0
2016-03-21,04:45:00,1.63,1.63,1.62,1.63,70000,0
2016-03-21,04:50:00,1.63,1.63,1.62,1.63,26000,0
2016-03-21,04:55:00,1.62,1.63,1.62,1.63,54000,0
2016-03-21,05:00:00,1.62,1.63,1.62,1.63,136000,0
2016-03-21,06:05:00,1.62,1.63,1.62,1.63,66000,0
2016-03-21,06:10:00,1.62,1.63,1.62,1.63,138000,0
2016-03-21,06:20:00,1.63,1.63,1.63,1.63,2000,0
2016-03-21,06:30:00,1.62,1.63,1.62,1.63,4000,0
2016-03-21,06:40:00,1.62,1.63,1.62,1.63,112000,0
2016-03-21,06:45:00,1.63,1.63,1.62,1.63,114000,0
2016-03-21,06:50:00,1.63,1.63,1.62,1.63,26000,0
2016-03-21,06:55:00,1.62,1.63,1.62,1.63,90000,0
2016-03-21,07:00:00,1.63,1.63,1.62,1.63,190000,0
2016-03-21,07:05:00,1.63,1.63,1.62,1.63,44000,0
2016-03-21,07:10:00,1.63,1.63,1.62,1.63,576000,0
2016-03-21,07:15:00,1.63,1.63,1.62,1.63,12000,0
2016-03-21,07:20:00,1.63,1.63,1.62,1.63,110000,0
2016-03-21,07:25:00,1.62,1.63,1.62,1.63,154000,0
2016-03-21,07:30:00,1.62,1.63,1.62,1.63,84000,0
2016-03-21,07:40:00,1.62,1.63,1.62,1.63,128000,0
2016-03-21,07:45:00,1.63,1.63,1.62,1.63,146000,0
2016-03-21,07:50:00,1.62,1.63,1.62,1.63,38000,0
2016-03-21,07:55:00,1.63,1.63,1.62,1.63,136000,0
2016-03-21,08:00:00,1.63,1.63,1.62,1.63,82000,0
2016-03-21,08:05:00,1.62,1.63,1.62,1.63,26000,0
2016-03-21,08:10:00,1.62,1.63,1.62,1.63,64000,0
2016-03-21,08:15:00,1.63,1.63,1.62,1.63,32000,0
2016-03-21,08:20:00,1.62,1.63,1.62,1.63,72000,0
2016-03-21,08:25:00,1.62,1.63,1.62,1.63,158000,0
2016-03-21,08:30:00,1.63,1.63,1.62,1.63,98000,0
2016-03-21,08:35:00,1.62,1.63,1.62,1.63,84000,0
2016-03-21,08:40:00,1.62,1.63,1.62,1.63,180000,0
2016-03-21,08:45:00,1.63,1.63,1.62,1.63,190000,0
2016-03-21,08:50:00,1.63,1.63,1.62,1.63,124000,0
2016-03-21,08:55:00,1.62,1.63,1.62,1.63,106000,0
2016-03-21,09:00:00,1.63,1.63,1.62,1.63,828000,0
2016-03-22,02:35:00,1.62,1.63,1.62,1.63,136000,0
2016-03-22,02:40:00,1.63,1.63,1.63,1.63,28000,0
2016-03-22,02:50:00,1.62,1.63,1.62,1.63,14000,0
2016-03-22,02:55:00,1.62,1.63,1.62,1.63,25978,0
2016-03-22,03:00:00,1.63,1.63,1.62,1.63,16000,0
2016-03-22,03:05:00,1.62,1.63,1.62,1.63,36000,0
2016-03-22,03:10:00,1.62,1.63,1.62,1.63,12000,0
2016-03-22,03:30:00,1.62,1.63,1.62,1.63,4000,0
2016-03-22,03:35:00,1.62,1.63,1.62,1.63,100000,0
2016-03-22,04:10:00,1.62,1.63,1.62,1.63,20000,0
2016-03-22,04:15:00,1.62,1.63,1.62,1.63,6000,0
2016-03-22,04:20:00,1.62,1.63,1.62,1.63,8000,0
2016-03-22,04:25:00,1.63,1.63,1.63,1.63,12000,0
2016-03-22,04:30:00,1.63,1.63,1.62,1.63,16000,0
2016-03-22,04:35:00,1.63,1.63,1.62,1.63,480000,0
2016-03-22,04:40:00,1.62,1.63,1.62,1.63,4000,0
2016-03-22,04:45:00,1.62,1.63,1.62,1.63,4000,0
2016-03-22,04:50:00,1.63,1.63,1.63,1.63,2000,0
2016-03-22,04:55:00,1.62,1.63,1.62,1.63,4000,0
2016-03-22,05:00:00,1.63,1.63,1.62,1.63,20000,0
2016-03-22,06:05:00,1.62,1.63,1.62,1.63,22000,0
2016-03-22,06:10:00,1.63,1.63,1.63,1.63,2000,0
2016-03-22,06:20:00,1.62,1.63,1.62,1.63,4000,0
2016-03-22,06:25:00,1.62,1.63,1.62,1.63,16000,0
2016-03-22,06:30:00,1.63,1.63,1.62,1.63,16000,0
2016-03-22,06:35:00,1.63,1.63,1.63,1.63,2000,0
2016-03-22,06:40:00,1.62,1.63,1.62,1.63,6000,0
2016-03-22,06:45:00,1.62,1.63,1.62,1.63,4000,0
2016-03-22,06:55:00,1.62,1.63,1.62,1.63,4000,0
2016-03-22,07:00:00,1.63,1.63,1.63,1.63,2000,0
2016-03-22,07:05:00,1.62,1.63,1.62,1.63,4000,0
2016-03-22,07:10:00,1.62,1.63,1.62,1.63,4000,0
2016-03-22,07:15:00,1.63,1.63,1.63,1.63,4000,0
2016-03-22,07:20:00,1.62,1.63,1.62,1.63,18000,0
2016-03-22,07:25:00,1.63,1.63,1.62,1.63,10000,0
2016-03-22,07:30:00,1.63,1.63,1.62,1.63,8000,0
2016-03-22,07:35:00,1.63,1.63,1.62,1.63,6000,0
2016-03-22,07:40:00,1.63,1.63,1.63,1.63,4000,0
2016-03-22,07:45:00,1.62,1.63,1.62,1.63,4000,0
2016-03-22,07:50:00,1.62,1.63,1.62,1.63,12000,0
2016-03-22,07:55:00,1.63,1.63,1.62,1.63,18000,0
2016-03-22,08:00:00,1.63,1.63,1.62,1.63,6000,0
2016-03-22,08:10:00,1.62,1.63,1.62,1.63,12000,0
2016-03-22,08:15:00,1.63,1.63,1.62,1.63,2684000,0
2016-03-22,08:20:00,1.62,1.63,1.62,1.63,4000,0
2016-03-22,08:25:00,1.62,1.63,1.62,1.63,4000,0
2016-03-22,08:30:00,1.62,1.63,1.62,1.63,8000,0
2016-03-22,08:35:00,1.62,1.63,1.62,1.63,16000,0
2016-03-22,08:40:00,1.63,1.63,1.62,1.63,40000,0
2016-03-22,08:45:00,1.62,1.63,1.62,1.63,32000,0
2016-03-22,09:00:00,1.62,1.63,1.62,1.63,144000,0
2016-03-23,02:35:00,1.63,1.63,1.62,1.63,784000,0
2016-03-23,02:40:00,1.63,1.63,1.62,1.62,36000,0
2016-03-23,02:45:00,1.62,1.62,1.62,1.62,32000,0
2016-03-23,02:50:00,1.62,1.63,1.62,1.63,74000,0
2016-03-23,02:55:00,1.63,1.63,1.62,1.62,1720000,0
2016-03-23,03:00:00,1.62,1.63,1.62,1.62,42000,0
2016-03-23,03:05:00,1.62,1.63,1.62,1.62,44000,0
2016-03-23,03:10:00,1.62,1.63,1.62,1.63,108000,0
2016-03-23,03:15:00,1.63,1.63,1.62,1.62,42000,0
2016-03-23,03:20:00,1.62,1.63,1.62,1.62,148000,0
2016-03-23,03:25:00,1.62,1.63,1.62,1.62,34000,0
2016-03-23,03:30:00,1.62,1.63,1.62,1.62,56000,0
2016-03-23,03:35:00,1.62,1.63,1.62,1.63,42000,0
2016-03-23,03:40:00,1.63,1.63,1.62,1.62,1840000,0
2016-03-23,03:45:00,1.62,1.63,1.62,1.62,3810000,0
2016-03-23,03:50:00,1.62,1.63,1.62,1.62,48000,0
2016-03-23,03:55:00,1.62,1.63,1.62,1.62,30000,0
2016-03-23,04:00:00,1.62,1.63,1.62,1.62,702000,0
2016-03-23,04:05:00,1.62,1.63,1.62,1.62,48000,0
2016-03-23,04:10:00,1.62,1.63,1.62,1.62,62000,0
2016-03-23,04:15:00,1.62,1.63,1.62,1.62,110000,0
2016-03-23,04:20:00,1.62,1.63,1.62,1.62,24000,0
2016-03-23,04:25:00,1.62,1.63,1.62,1.62,76000,0
2016-03-23,04:30:00,1.62,1.63,1.62,1.62,538000,0
2016-03-23,04:35:00,1.62,1.63,1.62,1.62,14000,0
2016-03-23,04:40:00,1.62,1.63,1.62,1.62,70000,0
2016-03-23,04:45:00,1.62,1.63,1.62,1.63,300000,0
2016-03-23,04:50:00,1.63,1.63,1.61,1.61,8624000,0
2016-03-23,04:55:00,1.61,1.62,1.61,1.61,16000,0
2016-03-23,05:00:00,1.61,1.62,1.61,1.61,80000,0
2016-03-23,06:05:00,1.61,1.61,1.6,1.6,5396000,0
2016-03-23,06:10:00,1.6,1.6,1.59,1.59,1468000,0
2016-03-23,06:15:00,1.59,1.59,1.59,1.59,4000,0
2016-03-23,06:20:00,1.59,1.6,1.59,1.59,134000,0
2016-03-23,06:25:00,1.59,1.6,1.59,1.59,62000,0
2016-03-23,06:30:00,1.59,1.6,1.59,1.59,414000,0
2016-03-23,06:35:00,1.59,1.6,1.59,1.59,84000,0
2016-03-23,06:40:00,1.59,1.6,1.59,1.59,106000,0
2016-03-23,06:45:00,1.59,1.6,1.59,1.6,196000,0
2016-03-23,06:50:00,1.6,1.6,1.59,1.59,86000,0
2016-03-23,06:55:00,1.59,1.6,1.59,1.59,4100000,0
2016-03-23,07:00:00,1.55,1.59,1.55,1.58,8548000,0
2016-03-23,07:05:00,1.58,1.59,1.58,1.58,1262000,0
2016-03-23,07:10:00,1.58,1.59,1.58,1.58,74000,0
2016-03-23,07:15:00,1.58,1.59,1.58,1.58,654000,0
2016-03-23,07:20:00,1.58,1.59,1.58,1.59,616000,0
2016-03-23,07:25:00,1.59,1.59,1.58,1.59,210000,0
2016-03-23,07:30:00,1.59,1.59,1.58,1.58,1068000,0
2016-03-23,07:35:00,1.58,1.59,1.58,1.58,414000,0
2016-03-23,07:40:00,1.58,1.59,1.58,1.58,322000,0
2016-03-23,07:45:00,1.58,1.59,1.57,1.59,7608000,0
2016-03-23,07:50:00,1.59,1.6,1.58,1.59,3562000,0
2016-03-23,07:55:00,1.59,1.6,1.59,1.59,310000,0
2016-03-23,08:00:00,1.59,1.6,1.59,1.6,1662000,0
2016-03-23,08:10:00,1.6,1.6,1.6,1.6,1004000,0
2016-03-23,08:15:00,1.6,1.61,1.6,1.6,788000,0
2016-03-23,08:20:00,1.6,1.6,1.59,1.6,1626000,0
2016-03-23,08:25:00,1.6,1.61,1.6,1.61,42000,0
2016-03-23,08:30:00,1.61,1.61,1.6,1.6,76000,0
2016-03-23,08:35:00,1.6,1.61,1.6,1.61,168000,0
2016-03-23,08:40:00,1.61,1.61,1.6,1.61,120000,0
2016-03-23,08:45:00,1.61,1.61,1.6,1.6,304000,0
2016-03-23,08:50:00,1.6,1.61,1.6,1.6,436000,0
2016-03-23,08:55:00,1.6,1.61,1.6,1.6,2060000,0
2016-03-23,09:00:00,1.6,1.61,1.6,1.61,1582000,0
2016-03-24,02:35:00,1.61,1.61,1.61,1.61,2040000,0
2016-03-24,02:45:00,1.61,1.62,1.61,1.62,496000,0
2016-03-24,02:55:00,1.6,1.61,1.6,1.61,34000,0
2016-03-24,03:00:00,1.61,1.61,1.6,1.61,118000,0
2016-03-24,03:05:00,1.61,1.61,1.61,1.61,32000,0
2016-03-24,03:10:00,1.6,1.61,1.6,1.61,34000,0
2016-03-24,03:15:00,1.61,1.61,1.61,1.61,30000,0
2016-03-24,03:20:00,1.61,1.61,1.6,1.61,222000,0
2016-03-24,03:25:00,1.61,1.61,1.61,1.61,18000,0
2016-03-24,03:30:00,1.61,1.61,1.61,1.61,30000,0
2016-03-24,03:35:00,1.61,1.61,1.6,1.61,26000,0
2016-03-24,03:40:00,1.61,1.61,1.6,1.61,160000,0
2016-03-24,03:45:00,1.61,1.61,1.61,1.61,24000,0
2016-03-24,03:50:00,1.61,1.61,1.61,1.61,32000,0
2016-03-24,03:55:00,1.61,1.61,1.6,1.61,32000,0
2016-03-24,04:00:00,1.61,1.61,1.6,1.61,32000,0
2016-03-24,04:05:00,1.6,1.61,1.6,1.61,28000,0
2016-03-24,04:10:00,1.61,1.61,1.6,1.61,92000,0
2016-03-24,04:15:00,1.61,1.61,1.61,1.61,30000,0
2016-03-24,04:20:00,1.6,1.61,1.6,1.61,24000,0
2016-03-24,04:25:00,1.61,1.61,1.6,1.61,104000,0
2016-03-24,04:30:00,1.61,1.61,1.6,1.61,38000,0
2016-03-24,04:35:00,1.6,1.61,1.6,1.61,130000,0
2016-03-24,04:40:00,1.61,1.61,1.6,1.61,220000,0
2016-03-24,04:45:00,1.6,1.61,1.6,1.61,34000,0
2016-03-24,04:50:00,1.6,1.61,1.6,1.61,120000,0
2016-03-24,04:55:00,1.6,1.61,1.6,1.61,20000,0
2016-03-24,05:00:00,1.6,1.61,1.6,1.61,118000,0
2016-03-24,06:05:00,1.6,1.61,1.6,1.61,120000,0
2016-03-24,06:10:00,1.6,1.61,1.6,1.61,72000,0
2016-03-24,06:15:00,1.61,1.61,1.6,1.61,514000,0
2016-03-24,06:20:00,1.6,1.61,1.6,1.61,8000,0
2016-03-24,06:25:00,1.6,1.61,1.6,1.61,668000,0
2016-03-24,06:30:00,1.6,1.61,1.6,1.61,86000,0
2016-03-24,06:35:00,1.6,1.61,1.6,1.61,390000,0
2016-03-24,06:40:00,1.6,1.61,1.6,1.61,84000,0
2016-03-24,06:45:00,1.6,1.61,1.6,1.61,64000,0
2016-03-24,06:50:00,1.6,1.61,1.6,1.61,162000,0
2016-03-24,06:55:00,1.6,1.61,1.6,1.61,48000,0
2016-03-24,07:00:00,1.6,1.61,1.6,1.61,656000,0
2016-03-24,07:05:00,1.6,1.61,1.6,1.61,62000,0
2016-03-24,07:10:00,1.6,1.61,1.6,1.61,52000,0
2016-03-24,07:15:00,1.6,1.61,1.6,1.61,96000,0
2016-03-24,07:20:00,1.61,1.61,1.6,1.61,202000,0
2016-03-24,07:25:00,1.6,1.61,1.6,1.61,126000,0
2016-03-24,07:30:00,1.6,1.61,1.6,1.61,166000,0
2016-03-24,07:35:00,1.61,1.61,1.6,1.61,638000,0
2016-03-24,07:40:00,1.6,1.61,1.6,1.61,140000,0
2016-03-24,07:45:00,1.61,1.61,1.6,1.61,124000,0
2016-03-24,07:50:00,1.6,1.61,1.6,1.61,186000,0
2016-03-24,07:55:00,1.61,1.61,1.6,1.61,80000,0
2016-03-24,08:00:00,1.61,1.61,1.6,1.61,204000,0
2016-03-24,08:10:00,1.6,1.61,1.6,1.61,192000,0
2016-03-24,08:15:00,1.61,1.61,1.6,1.61,82000,0
2016-03-24,08:20:00,1.6,1.61,1.6,1.61,90000,0
2016-03-24,08:25:00,1.6,1.61,1.6,1.61,1140000,0
2016-03-24,08:30:00,1.6,1.61,1.6,1.61,148000,0
2016-03-24,08:35:00,1.6,1.61,1.6,1.61,118000,0
2016-03-24,08:45:00,1.6,1.61,1.6,1.61,3118000,0
2016-03-24,08:50:00,1.6,1.61,1.6,1.61,44000,0
2016-03-24,09:00:00,1.6,1.61,1.6,1.61,62000,0
2016-03-29,03:35:00,1.6,1.6,1.6,1.6,82000,0
2016-03-29,03:45:00,1.6,1.61,1.6,1.61,4000,0
2016-03-29,03:50:00,1.61,1.61,1.6,1.6,192000,0
2016-03-29,03:55:00,1.6,1.6,1.6,1.6,22000,0
2016-03-29,04:05:00,1.6,1.6,1.6,1.6,50000,0
2016-03-29,04:10:00,1.6,1.6,1.6,1.6,2950000,0
2016-03-29,04:15:00,1.59,1.6,1.59,1.6,5024000,0
2016-03-29,04:20:00,1.6,1.6,1.6,1.6,2000000,0
2016-03-29,04:25:00,1.6,1.6,1.6,1.6,32000,0
2016-03-29,04:30:00,1.6,1.6,1.6,1.6,32000,0
2016-03-29,04:50:00,1.6,1.61,1.6,1.6,114000,0
2016-03-29,05:00:00,1.6,1.6,1.6,1.6,2000,0
2016-03-29,05:05:00,1.6,1.6,1.6,1.6,42000,0
2016-03-29,05:10:00,1.6,1.6,1.6,1.6,24000,0
2016-03-29,05:15:00,1.6,1.6,1.6,1.6,8000,0
2016-03-29,05:20:00,1.6,1.6,1.6,1.6,10000,0
2016-03-29,05:25:00,1.6,1.6,1.6,1.6,4000,0
2016-03-29,05:35:00,1.6,1.6,1.6,1.6,22000,0
2016-03-29,05:55:00,1.6,1.6,1.6,1.6,6000,0
2016-03-29,06:00:00,1.6,1.61,1.6,1.6,130000,0
2016-03-29,07:05:00,1.6,1.6,1.6,1.6,14504000,0
2016-03-29,07:15:00,1.6,1.61,1.6,1.61,26000,0
2016-03-29,07:20:00,1.61,1.61,1.6,1.6,1334000,0
2016-03-29,07:25:00,1.6,1.6,1.6,1.6,60000,0
2016-03-29,07:30:00,1.6,1.6,1.6,1.6,12000,0
2016-03-29,07:35:00,1.6,1.6,1.59,1.6,566000,0
2016-03-29,07:50:00,1.59,1.6,1.59,1.6,76000,0
2016-03-29,08:00:00,1.59,1.6,1.59,1.6,60000,0
2016-03-29,08:05:00,1.6,1.6,1.6,1.6,84000,0
2016-03-29,08:10:00,1.59,1.6,1.59,1.6,50000,0
2016-03-29,08:25:00,1.59,1.6,1.59,1.6,180000,0
2016-03-29,08:30:00,1.59,1.6,1.59,1.6,22000,0
2016-03-29,08:35:00,1.59,1.6,1.59,1.6,2222000,0
2016-03-29,08:45:00,1.6,1.61,1.6,1.6,64000,0
2016-03-29,08:50:00,1.6,1.6,1.6,1.6,16000,0
2016-03-29,08:55:00,1.6,1.6,1.6,1.6,24000,0
2016-03-29,09:00:00,1.6,1.6,1.6,1.6,70000,0
2016-03-29,09:05:00,1.6,1.61,1.6,1.6,116000,0
2016-03-29,09:10:00,1.6,1.6,1.6,1.6,40000,0
2016-03-29,09:15:00,1.6,1.6,1.6,1.6,190000,0
2016-03-29,09:20:00,1.6,1.6,1.6,1.6,24000,0
2016-03-29,09:25:00,1.59,1.6,1.59,1.6,2284000,0
2016-03-29,09:30:00,1.6,1.6,1.6,1.6,110000,0
2016-03-29,09:35:00,1.6,1.61,1.6,1.61,44000,0
2016-03-29,09:40:00,1.61,1.61,1.6,1.6,4000,0
2016-03-29,09:45:00,1.6,1.6,1.6,1.6,130000,0
2016-03-29,09:50:00,1.6,1.61,1.6,1.6,158000,0
2016-03-29,09:55:00,1.6,1.6,1.6,1.6,1082000,0
2016-03-29,10:00:00,1.6,1.61,1.6,1.6,484000,0
2016-03-30,04:55:00,1.6,1.61,1.6,1.61,50000,0
2016-03-30,05:10:00,1.61,1.61,1.61,1.61,4000,0
2016-03-30,05:15:00,1.61,1.61,1.61,1.61,6000,0
2016-03-30,05:35:00,1.61,1.61,1.6,1.61,124000,0
2016-03-30,05:40:00,1.61,1.61,1.61,1.61,230000,0
2016-03-30,05:45:00,1.61,1.61,1.61,1.61,184000,0
2016-03-30,05:50:00,1.61,1.61,1.61,1.61,112000,0
2016-03-30,05:55:00,1.61,1.61,1.61,1.61,182000,0
2016-03-30,06:00:00,1.61,1.61,1.61,1.61,118000,0
2016-03-30,07:05:00,1.61,1.61,1.6,1.61,944000,0
2016-03-30,07:10:00,1.61,1.61,1.61,1.61,112000,0
2016-03-30,07:15:00,1.61,1.61,1.61,1.61,114000,0
2016-03-30,07:20:00,1.61,1.61,1.61,1.61,194000,0
2016-03-30,07:25:00,1.61,1.61,1.6,1.61,236000,0
2016-03-30,07:30:00,1.61,1.61,1.61,1.61,130000,0
2016-03-30,07:35:00,1.61,1.61,1.61,1.61,172000,0
2016-03-30,07:40:00,1.61,1.61,1.61,1.61,250000,0
2016-03-30,07:45:00,1.61,1.61,1.61,1.61,374000,0
2016-03-30,07:50:00,1.61,1.61,1.61,1.61,118000,0
2016-03-30,07:55:00,1.61,1.61,1.61,1.61,172000,0
2016-03-30,08:00:00,1.61,1.61,1.61,1.61,216000,0
2016-03-30,08:05:00,1.61,1.61,1.61,1.61,102000,0
2016-03-30,08:10:00,1.61,1.61,1.61,1.61,130000,0
2016-03-30,08:15:00,1.61,1.61,1.61,1.61,156000,0
2016-03-30,08:20:00,1.61,1.61,1.61,1.61,168000,0
2016-03-30,08:25:00,1.61,1.61,1.61,1.61,160000,0
2016-03-30,08:30:00,1.61,1.61,1.61,1.61,162000,0
2016-03-30,08:35:00,1.61,1.61,1.61,1.61,736000,0
2016-03-30,08:40:00,1.61,1.61,1.61,1.61,126000,0
2016-03-30,08:45:00,1.61,1.61,1.6,1.61,724000,0
2016-03-30,08:50:00,1.61,1.61,1.6,1.61,142000,0
2016-03-30,08:55:00,1.61,1.61,1.61,1.61,126000,0
2016-03-30,09:00:00,1.61,1.61,1.6,1.61,634000,0
2016-03-30,09:05:00,1.61,1.61,1.6,1.61,148000,0
2016-03-30,09:10:00,1.61,1.61,1.61,1.61,94000,0
2016-03-30,09:15:00,1.6,1.61,1.6,1.61,164000,0
2016-03-30,09:20:00,1.61,1.61,1.6,1.61,128000,0
2016-03-30,09:25:00,1.61,1.61,1.6,1.61,692000,0
2016-03-30,09:30:00,1.61,1.61,1.6,1.61,216000,0
2016-03-30,09:35:00,1.61,1.61,1.6,1.61,114000,0
2016-03-30,09:40:00,1.61,1.61,1.6,1.61,120000,0
2016-03-30,09:45:00,1.61,1.61,1.6,1.61,128000,0
2016-03-30,09:50:00,1.61,1.61,1.61,1.61,118000,0
2016-03-30,09:55:00,1.61,1.61,1.6,1.61,206000,0
2016-03-30,10:00:00,1.61,1.61,1.6,1.61,10236000,0
2016-03-31,03:45:00,1.61,1.61,1.61,1.61,20000,0
2016-03-31,03:50:00,1.61,1.61,1.6,1.61,1840000,0
2016-03-31,04:05:00,1.6,1.61,1.6,1.61,4000,0
2016-03-31,05:25:00,1.6,1.61,1.6,1.61,8000,0
2016-03-31,05:40:00,1.6,1.61,1.6,1.61,4000,0
2016-03-31,05:50:00,1.61,1.61,1.61,1.61,2000,0
2016-03-31,07:05:00,1.61,1.61,1.61,1.61,6000,0
2016-03-31,08:05:00,1.6,1.61,1.6,1.61,3532000,0
2016-03-31,08:10:00,1.61,1.61,1.61,1.61,50000,0
2016-03-31,08:15:00,1.6,1.61,1.6,1.61,4000,0
2016-03-31,08:30:00,1.6,1.61,1.6,1.61,12000,0
2016-03-31,09:00:00,1.6,1.61,1.6,1.61,8000,0
2016-03-31,09:30:00,1.6,1.61,1.6,1.61,6000,0
2016-03-31,09:40:00,1.61,1.61,1.61,1.61,2000,0
2016-03-31,09:50:00,1.6,1.61,1.6,1.61,4000,0
2016-03-31,10:00:00,1.6,1.61,1.6,1.61,218000,0
2016-04-01,03:35:00,1.61,1.61,1.61,1.61,1006000,0
2016-04-01,03:40:00,1.61,1.61,1.61,1.61,22000,0
2016-04-01,03:45:00,1.61,1.61,1.61,1.61,2000,0
2016-04-01,03:50:00,1.61,1.61,1.61,1.61,4000,0
2016-04-01,03:55:00,1.61,1.61,1.61,1.61,2000,0
2016-04-01,04:05:00,1.61,1.61,1.61,1.61,4000,0
2016-04-01,04:15:00,1.61,1.61,1.61,1.61,4000,0
2016-04-01,04:25:00,1.6,1.61,1.6,1.61,12000,0
2016-04-01,04:35:00,1.6,1.61,1.6,1.61,4000,0
2016-04-01,04:50:00,1.6,1.61,1.6,1.61,4000,0
2016-04-01,05:10:00,1.6,1.61,1.6,1.61,4000,0
2016-04-01,05:25:00,1.61,1.61,1.61,1.61,2000,0
2016-04-01,05:30:00,1.6,1.61,1.6,1.61,4000,0
2016-04-01,05:50:00,1.6,1.61,1.6,1.61,4679,0
2016-04-01,07:10:00,1.6,1.61,1.6,1.61,4000,0
2016-04-01,07:15:00,1.61,1.61,1.61,1.61,2000,0
2016-04-01,07:25:00,1.61,1.61,1.61,1.61,2000,0
2016-04-01,07:40:00,1.61,1.61,1.61,1.61,2000,0
2016-04-01,07:50:00,1.6,1.61,1.6,1.61,8000,0
2016-04-01,07:55:00,1.6,1.61,1.6,1.61,4000,0
2016-04-01,08:10:00,1.61,1.61,1.61,1.61,2000,0
2016-04-01,08:15:00,1.61,1.61,1.61,1.61,2000,0
2016-04-01,08:20:00,1.61,1.61,1.61,1.61,5502000,0
2016-04-01,08:30:00,1.61,1.61,1.61,1.61,2000,0
2016-04-01,08:35:00,1.61,1.61,1.61,1.61,2000,0
2016-04-01,08:40:00,1.61,1.61,1.61,1.61,1524000,0
2016-04-01,08:50:00,1.61,1.61,1.61,1.61,2000,0
2016-04-01,09:00:00,1.61,1.61,1.61,1.61,150000,0
2016-04-01,09:05:00,1.61,1.61,1.61,1.61,758000,0
2016-04-01,09:15:00,1.6,1.61,1.6,1.61,4000,0
2016-04-01,09:25:00,1.61,1.61,1.6,1.61,132000,0
2016-04-01,09:30:00,1.6,1.61,1.6,1.61,106000,0
2016-04-01,09:40:00,1.61,1.61,1.61,1.61,8000,0
2016-04-01,09:45:00,1.61,1.61,1.61,1.61,4000,0
2016-04-01,09:50:00,1.61,1.61,1.6,1.61,462000,0
2016-04-01,09:55:00,1.61,1.61,1.61,1.61,102000,0
2016-04-01,10:00:00,1.61,1.61,1.6,1.61,134000,0
2016-04-05,03:35:00,1.61,1.61,1.6,1.61,364000,0
2016-04-05,03:40:00,1.61,1.61,1.61,1.61,119950,0
2016-04-05,03:45:00,1.61,1.61,1.61,1.61,2000,0
2016-04-05,03:55:00,1.6,1.61,1.6,1.61,120000,0
2016-04-05,04:00:00,1.61,1.61,1.61,1.61,10000,0
2016-04-05,04:05:00,1.61,1.61,1.61,1.61,58000,0
2016-04-05,04:10:00,1.61,1.61,1.61,1.61,40000,0
2016-04-05,04:15:00,1.61,1.61,1.61,1.61,14000,0
2016-04-05,04:20:00,1.61,1.61,1.61,1.61,48000,0
2016-04-05,04:25:00,1.61,1.61,1.61,1.61,28000,0
2016-04-05,04:30:00,1.61,1.61,1.61,1.61,4000,0
2016-04-05,04:35:00,1.6,1.61,1.6,1.61,146566,0
2016-04-05,04:40:00,1.61,1.61,1.61,1.61,40000,0
2016-04-05,04:45:00,1.61,1.61,1.61,1.61,25532,0
2016-04-05,04:50:00,1.61,1.61,1.61,1.61,42000,0
2016-04-05,04:55:00,1.61,1.61,1.61,1.61,16000,0
2016-04-05,05:00:00,1.61,1.61,1.6,1.61,60000,0
2016-04-05,05:05:00,1.61,1.61,1.61,1.61,66000,0
2016-04-05,05:10:00,1.61,1.61,1.61,1.61,24000,0
2016-04-05,05:15:00,1.61,1.61,1.61,1.61,48000,0
2016-04-05,05:20:00,1.61,1.61,1.61,1.61,8000,0
2016-04-05,05:25:00,1.6,1.61,1.6,1.61,106000,0
2016-04-05,05:30:00,1.61,1.61,1.61,1.61,54000,0
2016-04-05,05:35:00,1.61,1.61,1.6,1.61,256000,0
2016-04-05,05:40:00,1.61,1.61,1.61,1.61,230000,0
2016-04-05,05:45:00,1.61,1.61,1.61,1.61,32000,0
2016-04-05,05:50:00,1.61,1.61,1.61,1.61,32000,0
2016-04-05,05:55:00,1.61,1.61,1.61,1.61,20000,0
2016-04-05,06:00:00,1.61,1.61,1.61,1.61,44000,0
2016-04-05,07:05:00,1.61,1.61,1.61,1.61,22000,0
2016-04-05,07:10:00,1.61,1.61,1.61,1.61,34000,0
2016-04-05,07:15:00,1.61,1.61,1.61,1.61,12000,0
2016-04-05,07:20:00,1.61,1.61,1.61,1.61,38000,0
2016-04-05,07:25:00,1.61,1.61,1.61,1.61,76000,0
2016-04-05,07:30:00,1.61,1.61,1.61,1.61,28000,0
2016-04-05,07:35:00,1.61,1.61,1.61,1.61,56000,0
2016-04-05,07:40:00,1.61,1.61,1.61,1.61,52000,0
2016-04-05,07:45:00,1.6,1.61,1.6,1.61,408000,0
2016-04-05,07:50:00,1.61,1.61,1.61,1.61,12000,0
2016-04-05,07:55:00,1.61,1.61,1.61,1.61,28000,0
2016-04-05,08:00:00,1.61,1.61,1.61,1.61,62000,0
2016-04-05,08:05:00,1.61,1.61,1.61,1.61,34000,0
2016-04-05,08:10:00,1.61,1.61,1.61,1.61,42000,0
2016-04-05,08:15:00,1.61,1.61,1.61,1.61,38000,0
2016-04-05,08:20:00,1.61,1.61,1.61,1.61,90000,0
2016-04-05,08:25:00,1.61,1.61,1.61,1.61,74000,0
2016-04-05,08:30:00,1.61,1.61,1.61,1.61,40000,0
2016-04-05,08:35:00,1.61,1.61,1.61,1.61,72000,0
2016-04-05,08:40:00,1.61,1.61,1.6,1.61,104000,0
2016-04-05,08:45:00,1.61,1.61,1.6,1.61,94000,0
2016-04-05,08:50:00,1.61,1.61,1.61,1.61,8000,0
2016-04-05,08:55:00,1.6,1.61,1.6,1.61,64000,0
2016-04-05,09:00:00,1.61,1.61,1.61,1.61,140000,0
2016-04-05,09:05:00,1.61,1.61,1.61,1.61,22000,0
2016-04-05,09:10:00,1.61,1.61,1.61,1.61,30000,0
2016-04-05,09:15:00,1.61,1.61,1.6,1.61,450000,0
2016-04-05,09:20:00,1.61,1.61,1.61,1.61,30000,0
2016-04-05,09:25:00,1.61,1.61,1.61,1.61,56000,0
2016-04-05,09:30:00,1.61,1.61,1.61,1.61,38000,0
2016-04-05,09:35:00,1.61,1.61,1.61,1.61,54000,0
2016-04-05,09:40:00,1.61,1.61,1.61,1.61,100000,0
2016-04-05,09:45:00,1.61,1.61,1.61,1.61,122000,0
2016-04-05,09:50:00,1.6,1.61,1.6,1.61,54000,0
2016-04-05,09:55:00,1.61,1.61,1.61,1.61,26000,0
2016-04-05,10:00:00,1.61,1.61,1.6,1.61,394000,0
2016-04-06,03:45:00,1.6,1.61,1.6,1.61,14000,0
2016-04-06,03:50:00,1.61,1.61,1.6,1.61,28000,0
2016-04-06,03:55:00,1.61,1.61,1.61,1.61,18000,0
2016-04-06,04:00:00,1.6,1.61,1.6,1.61,8000,0
2016-04-06,04:05:00,1.61,1.61,1.61,1.61,18000,0
2016-04-06,04:10:00,1.61,1.61,1.61,1.61,14000,0
2016-04-06,04:15:00,1.61,1.61,1.61,1.61,16000,0
2016-04-06,04:20:00,1.61,1.61,1.61,1.61,6000,0
2016-04-06,04:25:00,1.61,1.61,1.61,1.61,10000,0
2016-04-06,04:30:00,1.61,1.61,1.6,1.61,24000,0
2016-04-06,04:35:00,1.61,1.61,1.61,1.61,6000,0
2016-04-06,04:40:00,1.61,1.61,1.6,1.61,46000,0
2016-04-06,04:45:00,1.61,1.61,1.61,1.61,4000,0
2016-04-06,04:50:00,1.61,1.61,1.61,1.61,2000,0
2016-04-06,04:55:00,1.6,1.61,1.6,1.61,6000,0
2016-04-06,05:00:00,1.61,1.61,1.6,1.61,10000,0
2016-04-06,05:05:00,1.61,1.61,1.61,1.61,8000,0
2016-04-06,05:10:00,1.61,1.61,1.61,1.61,28000,0
2016-04-06,05:15:00,1.6,1.61,1.6,1.61,4000,0
2016-04-06,05:20:00,1.6,1.61,1.6,1.61,4000,0
2016-04-06,05:25:00,1.61,1.61,1.61,1.61,68000,0
2016-04-06,05:30:00,1.6,1.61,1.6,1.61,18000,0
2016-04-06,05:35:00,1.61,1.61,1.61,1.61,2000,0
2016-04-06,05:40:00,1.6,1.62,1.6,1.62,526000,0
2016-04-06,05:45:00,1.62,1.62,1.61,1.61,40000,0
2016-04-06,05:50:00,1.61,1.62,1.61,1.62,4000,0
2016-04-06,07:10:00,1.62,1.62,1.61,1.61,12000,0
2016-04-06,07:20:00,1.61,1.61,1.61,1.61,20787,0
2016-04-06,07:50:00,1.61,1.62,1.61,1.61,78000,0
2016-04-06,08:10:00,1.61,1.62,1.61,1.61,64000,0
2016-04-06,08:15:00,1.61,1.61,1.61,1.61,106000,0
2016-04-06,08:20:00,1.61,1.61,1.61,1.61,30000,0
2016-04-06,08:25:00,1.61,1.61,1.61,1.61,42000,0
2016-04-06,08:35:00,1.61,1.61,1.61,1.61,50000,0
2016-04-06,08:40:00,1.61,1.62,1.61,1.62,4000,0
2016-04-06,08:45:00,1.62,1.62,1.61,1.61,40000,0
2016-04-06,08:55:00,1.61,1.61,1.61,1.61,4000,0
2016-04-06,09:10:00,1.61,1.62,1.61,1.62,4000,0
2016-04-06,09:20:00,1.62,1.62,1.61,1.61,20000,0
2016-04-06,09:30:00,1.61,1.62,1.61,1.62,16000,0
2016-04-06,09:35:00,1.62,1.62,1.61,1.62,120000,0
2016-04-06,09:40:00,1.62,1.62,1.61,1.62,132000,0
2016-04-06,09:50:00,1.62,1.62,1.61,1.61,106000,0
2016-04-06,10:00:00,1.61,1.62,1.61,1.62,74000,0
2016-04-07,04:00:00,1.62,1.62,1.61,1.62,44000,0
2016-04-07,04:25:00,1.61,1.62,1.61,1.62,60000,0
2016-04-07,04:35:00,1.62,1.62,1.62,1.62,30000,0
2016-04-07,07:40:00,1.61,1.62,1.61,1.62,4000,0
2016-04-07,08:20:00,1.61,1.62,1.61,1.62,4000,0
2016-04-07,08:25:00,1.62,1.62,1.62,1.62,4000,0
2016-04-07,09:00:00,1.61,1.62,1.61,1.62,120000,0
2016-04-07,09:20:00,1.62,1.62,1.62,1.62,48000,0
2016-04-07,09:25:00,1.62,1.62,1.61,1.62,24000,0
2016-04-07,09:40:00,1.61,1.62,1.61,1.62,4000,0
2016-04-07,10:00:00,1.61,1.62,1.61,1.62,6000,0
2016-04-08,03:35:00,1.61,1.61,1.61,1.61,204000,0
2016-04-08,03:45:00,1.61,1.61,1.61,1.61,232000,0
2016-04-08,04:00:00,1.61,1.61,1.61,1.61,3290000,0
2016-04-08,04:10:00,1.61,1.61,1.6,1.61,412000,0
2016-04-08,04:20:00,1.61,1.61,1.61,1.61,10000,0
2016-04-08,04:30:00,1.61,1.61,1.61,1.61,10000,0
2016-04-08,04:35:00,1.61,1.61,1.61,1.61,144000,0
2016-04-08,04:45:00,1.61,1.61,1.61,1.61,20000,0
2016-04-08,04:50:00,1.61,1.62,1.61,1.61,104000,0
2016-04-08,04:55:00,1.61,1.61,1.61,1.61,24000,0
2016-04-08,05:10:00,1.61,1.61,1.61,1.61,540000,0
2016-04-08,05:15:00,1.61,1.61,1.61,1.61,8000,0
2016-04-08,05:30:00,1.61,1.61,1.61,1.61,100000,0
2016-04-08,05:35:00,1.61,1.61,1.61,1.61,20000,0
2016-04-08,06:00:00,1.61,1.61,1.61,1.61,26000,0
2016-04-08,07:05:00,1.61,1.61,1.6,1.61,122000,0
2016-04-08,07:15:00,1.61,1.61,1.61,1.61,30000,0
2016-04-08,07:30:00,1.6,1.61,1.6,1.61,236000,0
2016-04-08,07:40:00,1.6,1.61,1.6,1.61,30000,0
2016-04-08,07:55:00,1.61,1.61,1.61,1.61,20000,0
2016-04-08,08:05:00,1.61,1.61,1.61,1.61,20000,0
2016-04-08,08:10:00,1.61,1.61,1.61,1.61,12000,0
2016-04-08,08:15:00,1.6,1.61,1.6,1.61,38000,0
2016-04-08,08:25:00,1.61,1.61,1.61,1.61,18000,0
2016-04-08,08:30:00,1.61,1.61,1.61,1.61,4000,0
2016-04-08,08:35:00,1.61,1.61,1.61,1.61,18000,0
2016-04-08,08:40:00,1.61,1.61,1.61,1.61,34000,0
2016-04-08,08:45:00,1.61,1.61,1.61,1.61,200000,0
2016-04-08,08:50:00,1.61,1.61,1.61,1.61,28000,0
2016-04-08,09:00:00,1.61,1.61,1.61,1.61,18000,0
2016-04-08,09:05:00,1.61,1.61,1.61,1.61,28000,0
2016-04-08,09:15:00,1.61,1.61,1.61,1.61,38000,0
2016-04-08,09:20:00,1.61,1.61,1.6,1.61,42000,0
2016-04-08,09:25:00,1.61,1.61,1.6,1.61,90000,0
2016-04-08,09:30:00,1.61,1.61,1.61,1.61,114000,0
2016-04-08,09:35:00,1.61,1.61,1.61,1.61,186000,0
2016-04-08,09:40:00,1.61,1.61,1.61,1.61,114000,0
2016-04-08,09:45:00,1.61,1.61,1.61,1.61,78000,0
2016-04-08,09:50:00,1.61,1.61,1.61,1.61,20000,0
2016-04-08,09:55:00,1.61,1.61,1.61,1.61,960000,0
2016-04-08,10:00:00,1.61,1.61,1.61,1.61,674000,0
2016-04-11,05:10:00,1.6,1.61,1.6,1.61,100000,0
2016-04-11,05:15:00,1.61,1.61,1.61,1.61,50000,0
2016-04-11,05:20:00,1.6,1.61,1.6,1.61,54000,0
2016-04-11,05:50:00,1.6,1.61,1.6,1.61,52000,0
2016-04-11,07:05:00,1.61,1.61,1.61,1.61,826000,0
2016-04-11,09:15:00,1.6,1.61,1.6,1.61,50000,0
2016-04-11,09:25:00,1.61,1.61,1.6,1.61,128000,0
2016-04-11,09:35:00,1.6,1.61,1.6,1.61,40000,0
2016-04-11,09:45:00,1.61,1.61,1.61,1.61,24000,0
2016-04-11,09:50:00,1.61,1.61,1.61,1.61,28000,0
2016-04-11,09:55:00,1.61,1.61,1.61,1.61,54000,0
2016-04-11,10:00:00,1.61,1.61,1.6,1.61,4502000,0
2016-04-12,03:35:00,1.6,1.61,1.6,1.61,172000,0
2016-04-12,03:45:00,1.61,1.61,1.61,1.61,88000,0
2016-04-12,03:50:00,1.61,1.61,1.61,1.61,86000,0
2016-04-12,04:00:00,1.61,1.61,1.61,1.61,664000,0
2016-04-12,04:30:00,1.61,1.61,1.6,1.61,126000,0
2016-04-12,04:35:00,1.61,1.61,1.6,1.61,112000,0
2016-04-12,04:45:00,1.61,1.61,1.61,1.61,60000,0
2016-04-12,04:50:00,1.61,1.61,1.61,1.61,32000,0
2016-04-12,04:55:00,1.61,1.61,1.61,1.61,6000,0
2016-04-12,05:10:00,1.61,1.61,1.6,1.61,136000,0
2016-04-12,05:20:00,1.61,1.61,1.6,1.61,100000,0
2016-04-12,05:25:00,1.61,1.61,1.6,1.61,740000,0
2016-04-12,05:30:00,1.61,1.61,1.6,1.6,4000,0
2016-04-12,05:40:00,1.6,1.61,1.6,1.61,894000,0
2016-04-12,05:45:00,1.61,1.61,1.61,1.61,46000,0
2016-04-12,05:50:00,1.61,1.61,1.61,1.61,32000,0
2016-04-12,05:55:00,1.61,1.61,1.61,1.61,40000,0
2016-04-12,06:00:00,1.61,1.61,1.6,1.6,2374000,0
2016-04-12,07:05:00,1.6,1.61,1.6,1.61,64000,0
2016-04-12,07:10:00,1.61,1.61,1.61,1.61,32000,0
2016-04-12,07:15:00,1.61,1.61,1.61,1.61,30000,0
2016-04-12,07:20:00,1.61,1.61,1.6,1.6,188000,0
2016-04-12,07:25:00,1.6,1.61,1.6,1.61,48000,0
2016-04-12,07:30:00,1.61,1.61,1.61,1.61,4000,0
2016-04-12,07:35:00,1.61,1.61,1.61,1.61,2036000,0
2016-04-12,07:40:00,1.61,1.61,1.61,1.61,30000,0
2016-04-12,07:45:00,1.61,1.61,1.61,1.61,22000,0
2016-04-12,07:55:00,1.61,1.61,1.61,1.61,26000,0
2016-04-12,08:00:00,1.61,1.61,1.6,1.6,74000,0
2016-04-12,08:15:00,1.59,1.6,1.59,1.6,138000,0
2016-04-12,08:20:00,1.6,1.6,1.6,1.6,52000,0
2016-04-12,08:25:00,1.6,1.6,1.6,1.6,4000,0
2016-04-12,08:30:00,1.59,1.6,1.59,1.6,108000,0
2016-04-12,08:35:00,1.6,1.6,1.6,1.6,362000,0
2016-04-12,08:40:00,1.6,1.6,1.6,1.6,282000,0
2016-04-12,08:45:00,1.6,1.6,1.6,1.6,58000,0
2016-04-12,08:50:00,1.6,1.6,1.6,1.6,162000,0
2016-04-12,08:55:00,1.6,1.6,1.59,1.6,352000,0
2016-04-12,09:00:00,1.6,1.6,1.6,1.6,60000,0
2016-04-12,09:05:00,1.6,1.6,1.6,1.6,494000,0
2016-04-12,09:10:00,1.6,1.6,1.6,1.6,300000,0
2016-04-12,09:15:00,1.6,1.6,1.6,1.6,40000,0
2016-04-12,09:20:00,1.6,1.6,1.6,1.6,368000,0
2016-04-12,09:25:00,1.6,1.6,1.6,1.6,786000,0
2016-04-12,09:30:00,1.6,1.6,1.6,1.6,824000,0
2016-04-12,09:35:00,1.6,1.6,1.6,1.6,226000,0
2016-04-12,09:40:00,1.6,1.6,1.6,1.6,472000,0
2016-04-12,09:45:00,1.59,1.6,1.59,1.6,558000,0
2016-04-12,09:50:00,1.6,1.6,1.59,1.6,1130000,0
2016-04-12,09:55:00,1.6,1.6,1.59,1.6,998000,0
2016-04-12,10:00:00,1.6,1.6,1.59,1.6,1448000,0
2016-04-13,03:35:00,1.6,1.6,1.6,1.6,4000,0
2016-04-13,03:45:00,1.59,1.6,1.59,1.6,4000,0
2016-04-13,03:55:00,1.6,1.6,1.6,1.6,100000,0
2016-04-13,04:05:00,1.59,1.6,1.59,1.6,152000,0
2016-04-13,04:10:00,1.6,1.6,1.6,1.6,210000,0
2016-04-13,04:20:00,1.6,1.6,1.6,1.6,400000,0
2016-04-13,04:25:00,1.6,1.6,1.6,1.6,64000,0
2016-04-13,04:30:00,1.59,1.6,1.59,1.6,136000,0
2016-04-13,04:35:00,1.6,1.6,1.6,1.6,290000,0
2016-04-13,04:40:00,1.6,1.6,1.6,1.6,46000,0
2016-04-13,04:45:00,1.6,1.6,1.6,1.6,88000,0
2016-04-13,04:50:00,1.6,1.61,1.6,1.61,3448000,0
2016-04-13,04:55:00,1.61,1.61,1.6,1.6,60000,0
2016-04-13,05:10:00,1.6,1.61,1.6,1.61,24000,0
2016-04-13,05:15:00,1.61,1.61,1.61,1.61,2000,0
2016-04-13,05:20:00,1.61,1.61,1.6,1.6,20000,0
2016-04-13,05:30:00,1.6,1.6,1.6,1.6,4000,0
2016-04-13,05:35:00,1.6,1.6,1.6,1.6,10000,0
2016-04-13,05:40:00,1.6,1.61,1.6,1.6,220000,0
2016-04-13,05:50:00,1.6,1.6,1.6,1.6,3006000,0
2016-04-13,05:55:00,1.6,1.61,1.6,1.61,130000,0
2016-04-13,06:00:00,1.61,1.61,1.61,1.61,138000,0
2016-04-13,07:05:00,1.61,1.61,1.61,1.61,42000,0
2016-04-13,07:15:00,1.61,1.61,1.61,1.61,4000,0
2016-04-13,07:25:00,1.61,1.61,1.6,1.61,20000,0
2016-04-13,07:30:00,1.61,1.61,1.61,1.61,32000,0
2016-04-13,07:40:00,1.61,1.61,1.61,1.61,2000,0
2016-04-13,07:45:00,1.61,1.61,1.61,1.61,96000,0
2016-04-13,07:55:00,1.61,1.61,1.61,1.61,98000,0
2016-04-13,08:15:00,1.61,1.61,1.61,1.61,322000,0
2016-04-13,08:20:00,1.61,1.61,1.6,1.61,80000,0
2016-04-13,08:25:00,1.61,1.61,1.6,1.6,66000,0
2016-04-13,08:30:00,1.6,1.61,1.6,1.6,134000,0
2016-04-13,08:40:00,1.6,1.61,1.6,1.6,126000,0
2016-04-13,08:45:00,1.6,1.6,1.6,1.6,10000,0
2016-04-13,09:00:00,1.6,1.61,1.6,1.61,214000,0
2016-04-13,09:05:00,1.61,1.61,1.6,1.61,40000,0
2016-04-13,09:10:00,1.61,1.61,1.6,1.61,58000,0
2016-04-13,09:15:00,1.61,1.61,1.61,1.61,4000,0
2016-04-13,09:20:00,1.61,1.61,1.6,1.61,48000,0
2016-04-13,09:25:00,1.61,1.61,1.61,1.61,50000,0
2016-04-13,09:30:00,1.61,1.61,1.61,1.61,440000,0
2016-04-13,09:35:00,1.61,1.61,1.6,1.6,24000,0
2016-04-13,09:40:00,1.6,1.61,1.6,1.61,78000,0
2016-04-13,09:45:00,1.61,1.61,1.61,1.61,30000,0
2016-04-13,09:50:00,1.61,1.61,1.6,1.61,276000,0
2016-04-13,09:55:00,1.61,1.61,1.6,1.61,1398000,0
2016-04-13,10:00:00,1.61,1.61,1.6,1.61,2824000,0
