Date,Time,Open,High,Low,Close,Volume,OpenInt
2016-02-04,06:05:00,1.77,1.78,1.77,1.78,6000,0
2016-02-05,02:45:00,1.77,1.78,1.77,1.78,6000,0
2016-02-05,03:15:00,1.78,1.78,1.78,1.78,6000,0
2016-02-05,03:20:00,1.78,1.78,1.78,1.78,6000,0
2016-02-05,03:30:00,1.78,1.78,1.78,1.78,8000,0
2016-02-05,04:10:00,1.78,1.78,1.78,1.78,40000,0
2016-02-05,06:05:00,1.78,1.78,1.78,1.78,2000,0
2016-02-05,06:35:00,1.79,1.79,1.79,1.79,4000,0
2016-02-11,02:35:00,1.72,1.79,1.72,1.78,78000,0
2016-02-11,02:45:00,1.78,1.78,1.78,1.78,2000,0
2016-02-11,04:20:00,1.77,1.77,1.72,1.72,4000,0
2016-02-11,04:25:00,1.72,1.72,1.72,1.72,2000,0
2016-02-11,04:50:00,1.72,1.72,1.72,1.72,2000,0
2016-02-11,04:55:00,1.72,1.72,1.71,1.71,30000,0
2016-02-11,06:05:00,1.71,1.71,1.71,1.71,10000,0
2016-02-11,06:35:00,1.72,1.72,1.72,1.72,2000,0
2016-02-11,06:50:00,1.72,1.72,1.72,1.72,2000,0
2016-02-11,07:05:00,1.72,1.72,1.72,1.72,2000,0
2016-02-11,07:15:00,1.72,1.72,1.72,1.72,2000,0
2016-02-11,07:35:00,1.69,1.69,1.69,1.69,2000,0
2016-02-11,07:55:00,1.69,1.69,1.69,1.69,4000,0
2016-02-11,08:20:00,1.69,1.72,1.69,1.72,38000,0
2016-02-11,08:55:00,1.72,1.72,1.71,1.72,18000,0
2016-02-11,09:00:00,1.72,1.74,1.7,1.7,24000,0
2016-02-12,02:50:00,1.7,1.71,1.7,1.7,6000,0
2016-02-12,02:55:00,1.7,1.71,1.7,1.71,12000,0
2016-02-12,03:00:00,1.71,1.71,1.7,1.7,4000,0
2016-02-12,03:30:00,1.69,1.69,1.67,1.67,6000,0
2016-02-12,03:55:00,1.67,1.67,1.67,1.67,6000,0
2016-02-12,04:20:00,1.67,1.67,1.67,1.67,2000,0
2016-02-12,04:25:00,1.67,1.67,1.67,1.67,4000,0
2016-02-12,04:30:00,1.67,1.67,1.66,1.66,4000,0
2016-02-12,04:40:00,1.66,1.66,1.66,1.66,4000,0
2016-02-12,04:50:00,1.66,1.66,1.66,1.66,2000,0
2016-02-12,04:55:00,1.66,1.66,1.66,1.66,2000,0
2016-02-12,05:00:00,1.66,1.66,1.66,1.66,2000,0
2016-02-12,06:05:00,1.66,1.66,1.66,1.66,20000,0
2016-02-12,06:10:00,1.66,1.66,1.66,1.66,4000,0
2016-02-12,06:15:00,1.66,1.66,1.66,1.66,2000,0
2016-02-12,06:25:00,1.66,1.66,1.66,1.66,4000,0
2016-02-12,06:30:00,1.66,1.66,1.66,1.66,2000,0
2016-02-12,06:40:00,1.66,1.66,1.66,1.66,2000,0
2016-02-12,06:50:00,1.66,1.66,1.66,1.66,2000,0
2016-02-12,06:55:00,1.66,1.66,1.66,1.66,4000,0
2016-02-12,07:05:00,1.66,1.66,1.66,1.66,2000,0
2016-02-12,07:10:00,1.66,1.66,1.66,1.66,2000,0
2016-02-12,07:20:00,1.66,1.66,1.66,1.66,2000,0
2016-02-12,07:25:00,1.66,1.66,1.66,1.66,2000,0
2016-02-12,07:30:00,1.66,1.66,1.66,1.66,2000,0
2016-02-12,07:35:00,1.66,1.67,1.66,1.66,18000,0
2016-02-12,07:40:00,1.66,1.66,1.65,1.65,106000,0
2016-02-12,07:45:00,1.65,1.65,1.65,1.65,2000,0
2016-02-12,07:55:00,1.65,1.65,1.65,1.65,4000,0
2016-02-12,08:00:00,1.65,1.65,1.65,1.65,2000,0
2016-02-12,08:10:00,1.65,1.65,1.65,1.65,2000,0
2016-02-12,08:20:00,1.65,1.65,1.65,1.65,4000,0
2016-02-12,08:25:00,1.65,1.65,1.65,1.65,2000,0
2016-02-12,08:30:00,1.65,1.65,1.65,1.65,2000,0
2016-02-12,08:40:00,1.65,1.65,1.65,1.65,4000,0
2016-02-12,08:50:00,1.65,1.65,1.65,1.65,2000,0
2016-02-12,08:55:00,1.65,1.65,1.64,1.65,12000,0
2016-02-15,03:10:00,1.7,1.7,1.7,1.7,10000,0
2016-02-15,03:25:00,1.7,1.7,1.7,1.7,40000,0
2016-02-15,03:40:00,1.7,1.7,1.66,1.66,8000,0
2016-02-15,04:50:00,1.67,1.67,1.67,1.67,2000,0
2016-02-15,06:05:00,1.67,1.67,1.67,1.67,4000,0
2016-02-15,06:20:00,1.67,1.67,1.67,1.67,2000,0
2016-02-15,06:50:00,1.67,1.67,1.67,1.67,4000,0
2016-02-15,07:40:00,1.67,1.67,1.66,1.66,4000,0
2016-02-15,08:10:00,1.66,1.66,1.66,1.66,2000,0
2016-02-15,08:25:00,1.66,1.66,1.66,1.66,2000,0
2016-02-15,08:40:00,1.66,1.66,1.66,1.66,26000,0
2016-02-15,08:55:00,1.66,1.66,1.64,1.64,6000,0
2016-02-16,06:25:00,1.63,1.63,1.63,1.63,2000,0
2016-02-16,06:55:00,1.63,1.65,1.63,1.65,4000,0
2016-02-16,07:10:00,1.65,1.65,1.65,1.65,2000,0
2016-02-16,07:25:00,1.65,1.65,1.65,1.65,2000,0
2016-02-16,07:35:00,1.66,1.66,1.66,1.66,30000,0
2016-02-16,07:40:00,1.66,1.66,1.65,1.65,8000,0
2016-02-16,07:55:00,1.65,1.65,1.65,1.65,2000,0
2016-02-16,08:10:00,1.66,1.66,1.66,1.66,2000,0
2016-02-16,08:25:00,1.66,1.66,1.66,1.66,18000,0
2016-02-16,08:55:00,1.66,1.66,1.65,1.65,4000,0
2016-02-17,02:35:00,1.65,1.65,1.65,1.65,2000,0
2016-02-17,02:45:00,1.65,1.65,1.63,1.63,6000,0
2016-02-17,02:50:00,1.65,1.65,1.65,1.65,26000,0
2016-02-17,02:55:00,1.65,1.68,1.65,1.68,8000,0
2016-02-17,03:10:00,1.68,1.68,1.65,1.65,8000,0
2016-02-17,03:25:00,1.65,1.65,1.65,1.65,68000,0
2016-02-17,03:35:00,1.65,1.65,1.65,1.65,2000,0
2016-02-17,04:05:00,1.65,1.65,1.65,1.65,2000,0
2016-02-17,04:35:00,1.66,1.66,1.66,1.66,2000,0
2016-02-17,06:05:00,1.66,1.66,1.66,1.66,4000,0
2016-02-17,06:25:00,1.66,1.71,1.66,1.71,66000,0
2016-02-17,06:35:00,1.71,1.71,1.71,1.71,38000,0
2016-02-17,07:05:00,1.71,1.71,1.69,1.69,4000,0
2016-02-17,07:15:00,1.69,1.73,1.69,1.73,14000,0
2016-02-17,07:20:00,1.73,1.73,1.71,1.71,4000,0
2016-02-17,07:40:00,1.71,1.71,1.71,1.71,2000,0
2016-02-17,07:55:00,1.71,1.71,1.71,1.71,2000,0
2016-02-17,08:10:00,1.71,1.71,1.71,1.71,2000,0
2016-02-17,08:25:00,1.71,1.71,1.71,1.71,2000,0
2016-02-17,08:40:00,1.71,1.71,1.71,1.71,2000,0
2016-02-18,02:45:00,1.69,1.8,1.69,1.8,348000,0
2016-02-18,02:55:00,1.8,1.8,1.74,1.8,12000,0
2016-02-18,03:00:00,1.8,1.8,1.8,1.8,2000,0
2016-02-18,03:05:00,1.8,1.8,1.75,1.79,16000,0
2016-02-18,03:25:00,1.79,1.79,1.76,1.76,24000,0
2016-02-18,03:30:00,1.76,1.76,1.76,1.76,2000,0
2016-02-18,03:40:00,1.76,1.76,1.76,1.76,2000,0
2016-02-18,04:05:00,1.76,1.76,1.76,1.76,2000,0
2016-02-18,04:20:00,1.76,1.76,1.76,1.76,2000,0
2016-02-18,04:40:00,1.76,1.78,1.76,1.78,26000,0
2016-02-18,04:45:00,1.78,1.8,1.78,1.8,46000,0
2016-02-18,04:50:00,1.8,1.8,1.8,1.8,2000,0
2016-02-18,06:05:00,1.8,1.8,1.8,1.8,4000,0
2016-02-18,06:20:00,1.8,1.8,1.8,1.8,2000,0
2016-02-18,06:40:00,1.8,1.8,1.8,1.8,52000,0
2016-02-18,06:50:00,1.8,1.8,1.78,1.79,6000,0
2016-02-18,07:05:00,1.79,1.79,1.79,1.79,2000,0
2016-02-18,07:20:00,1.79,1.79,1.79,1.79,6000,0
2016-02-18,07:35:00,1.79,1.79,1.78,1.78,14000,0
2016-02-18,07:50:00,1.78,1.78,1.78,1.78,2000,0
2016-02-18,08:20:00,1.78,1.79,1.78,1.79,16000,0
2016-02-18,08:35:00,1.79,1.79,1.79,1.79,2000,0
2016-02-18,08:40:00,1.79,1.79,1.79,1.79,8000,0
2016-02-18,08:55:00,1.79,1.79,1.78,1.78,4000,0
2016-02-18,09:00:00,1.78,1.8,1.77,1.77,120000,0
2016-02-19,02:45:00,1.75,1.77,1.75,1.75,4000,0
2016-02-19,02:50:00,1.75,1.75,1.75,1.75,2000,0
2016-02-22,02:45:00,1.74,1.74,1.73,1.73,4000,0
2016-02-22,02:55:00,1.73,1.73,1.73,1.73,2000,0
2016-02-22,03:10:00,1.73,1.73,1.73,1.73,2000,0
2016-02-22,03:25:00,1.73,1.74,1.73,1.73,12000,0
2016-02-22,03:40:00,1.74,1.74,1.74,1.74,2000,0
2016-02-22,04:10:00,1.74,1.74,1.74,1.74,2000,0
2016-02-22,04:40:00,1.74,1.74,1.74,1.74,2000,0
2016-02-22,06:05:00,1.74,1.74,1.74,1.74,2000,0
2016-02-22,06:10:00,1.74,1.74,1.74,1.74,2000,0
2016-02-22,06:40:00,1.75,1.75,1.75,1.75,2000,0
2016-02-22,07:05:00,1.75,1.75,1.75,1.75,2000,0
2016-02-22,07:25:00,1.75,1.75,1.75,1.75,2000,0
2016-02-22,07:40:00,1.75,1.75,1.75,1.75,2000,0
2016-02-22,08:10:00,1.76,1.76,1.76,1.76,2000,0
2016-02-22,08:25:00,1.76,1.76,1.76,1.76,2000,0
2016-02-22,08:45:00,1.76,1.8,1.76,1.8,10000,0
2016-02-22,08:55:00,1.8,1.8,1.76,1.76,4000,0
2016-02-22,09:00:00,1.76,1.83,1.76,1.83,12000,0
2016-02-23,02:45:00,1.79,1.83,1.79,1.79,4000,0
2016-02-23,02:55:00,1.79,1.79,1.79,1.79,2000,0
2016-02-23,03:25:00,1.79,1.79,1.79,1.79,2000,0
2016-02-23,04:10:00,1.79,1.79,1.79,1.79,2000,0
2016-02-23,04:25:00,1.79,1.79,1.79,1.79,2000,0
2016-02-23,04:50:00,1.79,1.79,1.79,1.79,2000,0
2016-02-23,06:05:00,1.79,1.79,1.79,1.79,4000,0
2016-02-23,06:25:00,1.79,1.79,1.79,1.79,2000,0
2016-02-23,06:50:00,1.79,1.79,1.79,1.79,2000,0
2016-02-23,07:05:00,1.79,1.79,1.79,1.79,2000,0
2016-02-23,07:25:00,1.79,1.79,1.79,1.79,2000,0
2016-02-23,07:40:00,1.79,1.79,1.79,1.79,2000,0
2016-02-23,08:05:00,1.79,1.79,1.79,1.79,2000,0
2016-02-23,08:25:00,1.79,1.79,1.79,1.79,2000,0
2016-02-23,08:40:00,1.79,1.79,1.79,1.79,2000,0
2016-02-24,03:20:00,1.78,1.79,1.78,1.79,24000,0
2016-02-24,03:35:00,1.78,1.79,1.78,1.79,92000,0
2016-02-24,05:00:00,1.78,1.79,1.78,1.79,6000,0
2016-02-24,08:20:00,1.78,1.79,1.78,1.79,14000,0
2016-02-24,09:00:00,1.78,1.79,1.78,1.79,48000,0
2016-02-25,04:55:00,1.79,1.79,1.79,1.79,2000,0
2016-02-25,06:05:00,1.79,1.79,1.79,1.79,16000,0
2016-02-25,06:25:00,1.79,1.79,1.79,1.79,2000,0
2016-02-25,06:55:00,1.79,1.79,1.79,1.79,2000,0
2016-02-25,07:15:00,1.79,1.79,1.79,1.79,20000,0
2016-02-25,07:25:00,1.79,1.79,1.79,1.79,2000,0
2016-02-25,07:35:00,1.79,1.79,1.79,1.79,10000,0
2016-02-25,07:55:00,1.79,1.79,1.79,1.79,4000,0
2016-02-25,08:25:00,1.79,1.79,1.79,1.79,4000,0
2016-02-26,02:45:00,1.79,1.79,1.79,1.79,2000,0
2016-02-26,02:55:00,1.79,1.79,1.79,1.79,2000,0
2016-02-26,03:05:00,1.79,1.79,1.79,1.79,2000,0
2016-02-26,03:40:00,1.78,1.79,1.78,1.79,4000,0
2016-02-26,04:40:00,1.79,1.79,1.79,1.79,2000,0
2016-02-26,06:05:00,1.79,1.79,1.79,1.79,2000,0
2016-02-26,06:10:00,1.79,1.79,1.79,1.79,2000,0
2016-02-26,06:25:00,1.79,1.79,1.79,1.79,2000,0
2016-02-26,06:40:00,1.79,1.79,1.79,1.79,2000,0
2016-02-26,07:10:00,1.79,1.79,1.79,1.79,2000,0
2016-02-26,07:25:00,1.79,1.79,1.79,1.79,2000,0
2016-02-26,07:50:00,1.79,1.82,1.79,1.82,4000,0
2016-02-26,07:55:00,1.82,1.82,1.82,1.82,6000,0
2016-02-26,08:25:00,1.82,1.82,1.82,1.82,2000,0
2016-02-26,08:45:00,1.82,1.83,1.82,1.83,4000,0
2016-02-26,08:50:00,1.83,1.86,1.83,1.86,28000,0
2016-02-26,08:55:00,1.86,1.86,1.79,1.79,4000,0
2016-02-26,09:00:00,1.79,1.79,1.79,1.79,2000,0
2016-02-29,02:45:00,1.78,1.8,1.78,1.8,96000,0
2016-02-29,02:50:00,1.8,1.8,1.8,1.8,2000,0
2016-02-29,03:05:00,1.8,1.8,1.79,1.79,16000,0
2016-02-29,03:10:00,1.79,1.79,1.79,1.79,2000,0
2016-02-29,03:15:00,1.79,1.83,1.79,1.83,62000,0
2016-02-29,03:25:00,1.83,1.83,1.8,1.8,4000,0
2016-02-29,03:40:00,1.8,1.8,1.8,1.8,2000,0
2016-02-29,04:05:00,1.8,1.8,1.78,1.78,4000,0
2016-02-29,04:35:00,1.79,1.79,1.79,1.79,2000,0
2016-02-29,04:50:00,1.79,1.79,1.78,1.78,174000,0
2016-02-29,06:05:00,1.78,1.78,1.78,1.78,2000,0
2016-02-29,06:10:00,1.78,1.78,1.78,1.78,2000,0
2016-02-29,06:40:00,1.78,1.78,1.78,1.78,2000,0
2016-02-29,07:10:00,1.79,1.79,1.79,1.79,2000,0
2016-02-29,07:15:00,1.79,1.79,1.79,1.79,8000,0
2016-02-29,07:25:00,1.79,1.79,1.78,1.78,4000,0
2016-02-29,07:55:00,1.78,1.78,1.78,1.78,2000,0
2016-02-29,08:00:00,1.78,1.79,1.78,1.79,4000,0
2016-02-29,08:10:00,1.79,1.79,1.78,1.78,4000,0
2016-02-29,08:15:00,1.78,1.8,1.78,1.8,12000,0
2016-02-29,08:40:00,1.8,1.8,1.78,1.78,4000,0
2016-02-29,08:55:00,1.78,1.82,1.78,1.8,18000,0
2016-02-29,09:00:00,1.82,1.82,1.76,1.8,8000,0
2016-03-01,02:45:00,1.76,1.8,1.76,1.76,4000,0
2016-03-01,02:55:00,1.76,1.76,1.76,1.76,2000,0
2016-03-01,03:10:00,1.76,1.76,1.76,1.76,2000,0
2016-03-01,03:25:00,1.76,1.76,1.76,1.76,2000,0
2016-03-01,03:55:00,1.77,1.77,1.77,1.77,2000,0
2016-03-01,04:25:00,1.77,1.77,1.77,1.77,2000,0
2016-03-01,04:40:00,1.77,1.77,1.77,1.77,2000,0
2016-03-01,06:05:00,1.77,1.77,1.77,1.77,6000,0
2016-03-01,06:35:00,1.77,1.77,1.76,1.76,4000,0
2016-03-01,07:05:00,1.76,1.76,1.76,1.76,4000,0
2016-03-01,07:15:00,1.76,1.77,1.76,1.76,12000,0
2016-03-01,07:20:00,1.76,1.76,1.76,1.76,2000,0
2016-03-01,07:35:00,1.76,1.76,1.76,1.76,2000,0
2016-03-01,07:40:00,1.76,1.76,1.76,1.76,6000,0
2016-03-01,08:05:00,1.76,1.76,1.76,1.76,2000,0
2016-03-01,08:10:00,1.76,1.81,1.76,1.77,68000,0
2016-03-01,08:20:00,1.77,1.77,1.77,1.77,2000,0
2016-03-01,08:35:00,1.75,1.76,1.75,1.76,134000,0
2016-03-01,08:40:00,1.76,1.76,1.76,1.76,2000,0
2016-03-01,08:55:00,1.76,1.76,1.76,1.76,2000,0
2016-03-01,09:00:00,1.76,1.76,1.76,1.76,8000,0
2016-03-02,02:45:00,1.77,1.77,1.77,1.77,2000,0
2016-03-02,02:55:00,1.77,1.77,1.77,1.77,2000,0
2016-03-02,03:00:00,1.77,1.78,1.77,1.78,6000,0
2016-03-02,03:10:00,1.78,1.78,1.78,1.78,4000,0
2016-03-02,03:40:00,1.78,1.78,1.78,1.78,2000,0
2016-03-02,04:10:00,1.79,1.79,1.79,1.79,2000,0
2016-03-02,04:25:00,1.79,1.79,1.79,1.79,2000,0
2016-03-02,04:40:00,1.79,1.79,1.78,1.78,4000,0
2016-03-02,06:05:00,1.78,1.78,1.78,1.78,4000,0
2016-03-02,06:35:00,1.78,1.78,1.78,1.78,2000,0
2016-03-02,06:55:00,1.78,1.78,1.78,1.78,2000,0
2016-03-02,07:20:00,1.79,1.79,1.79,1.79,2000,0
2016-03-02,07:40:00,1.79,1.79,1.79,1.79,2000,0
2016-03-02,08:10:00,1.79,1.79,1.79,1.79,2000,0
2016-03-02,08:25:00,1.79,1.79,1.79,1.79,2000,0
2016-03-02,08:55:00,1.79,1.79,1.79,1.79,8000,0
2016-03-03,02:45:00,1.77,1.79,1.77,1.78,6000,0
2016-03-03,02:55:00,1.78,1.78,1.78,1.78,2000,0
2016-03-03,03:20:00,1.78,1.78,1.78,1.78,2000,0
2016-03-03,03:30:00,1.78,1.78,1.78,1.78,10000,0
2016-03-03,03:40:00,1.78,1.78,1.78,1.78,2000,0
2016-03-03,03:55:00,1.79,1.8,1.79,1.8,60000,0
2016-03-03,04:05:00,1.8,1.8,1.79,1.79,4000,0
2016-03-03,04:25:00,1.79,1.79,1.79,1.79,2000,0
2016-03-03,04:40:00,1.79,1.79,1.79,1.79,2000,0
2016-03-03,04:55:00,1.79,1.82,1.79,1.82,112000,0
2016-03-03,06:05:00,1.82,1.82,1.8,1.8,4000,0
2016-03-03,06:10:00,1.8,1.8,1.8,1.8,2000,0
2016-03-03,06:35:00,1.8,1.8,1.8,1.8,2000,0
2016-03-03,06:55:00,1.8,1.8,1.8,1.8,2000,0
2016-03-03,07:25:00,1.8,1.8,1.8,1.8,2000,0
2016-03-03,07:35:00,1.8,1.8,1.8,1.8,2000,0
2016-03-03,08:05:00,1.8,1.8,1.8,1.8,2000,0
2016-03-03,08:20:00,1.8,1.8,1.8,1.8,2000,0
2016-03-03,08:55:00,1.8,1.8,1.79,1.79,4000,0
2016-03-03,09:00:00,1.79,1.79,1.79,1.79,4000,0
2016-03-04,02:35:00,1.77,1.79,1.77,1.78,12000,0
2016-03-04,02:40:00,1.78,1.8,1.78,1.8,6000,0
2016-03-04,02:45:00,1.8,1.8,1.8,1.8,2000,0
2016-03-04,02:50:00,1.8,1.8,1.8,1.8,160000,0
2016-03-04,02:55:00,1.8,1.81,1.8,1.81,22000,0
2016-03-04,03:00:00,1.81,1.81,1.81,1.81,12000,0
2016-03-04,03:25:00,1.81,1.81,1.8,1.81,6000,0
2016-03-04,03:30:00,1.81,1.82,1.81,1.82,18000,0
2016-03-04,03:50:00,1.82,1.82,1.81,1.81,14000,0
2016-03-04,04:25:00,1.81,1.81,1.81,1.81,146000,0
2016-03-04,04:40:00,1.81,1.81,1.81,1.81,2000,0
2016-03-04,04:55:00,1.81,1.81,1.81,1.81,2000,0
2016-03-04,06:05:00,1.81,1.81,1.81,1.81,2000,0
2016-03-04,06:10:00,1.81,1.81,1.81,1.81,2000,0
2016-03-04,06:40:00,1.82,1.82,1.82,1.82,32000,0
2016-03-04,07:10:00,1.82,1.82,1.82,1.82,2000,0
2016-03-04,07:35:00,1.82,1.82,1.82,1.82,2000,0
2016-03-04,07:55:00,1.82,1.82,1.82,1.82,2000,0
2016-03-04,08:00:00,1.82,1.83,1.82,1.83,14000,0
2016-03-04,08:10:00,1.83,1.83,1.83,1.83,2000,0
2016-03-04,08:25:00,1.83,1.83,1.82,1.82,4000,0
2016-03-04,08:35:00,1.82,1.83,1.82,1.83,16000,0
2016-03-04,08:55:00,1.83,1.84,1.82,1.83,46000,0
2016-03-04,09:00:00,1.83,1.85,1.83,1.85,53000,0
2016-03-07,02:45:00,1.86,1.86,1.86,1.86,2000,0
2016-03-07,02:55:00,1.86,1.86,1.86,1.86,2000,0
2016-03-07,03:00:00,1.86,1.86,1.85,1.85,16000,0
2016-03-07,03:10:00,1.85,1.85,1.84,1.84,18000,0
2016-03-07,03:20:00,1.84,1.84,1.82,1.82,4000,0
2016-03-07,03:50:00,1.83,1.83,1.83,1.83,2000,0
2016-03-07,04:20:00,1.83,1.83,1.83,1.83,2000,0
2016-03-07,04:35:00,1.83,1.83,1.83,1.83,2000,0
2016-03-07,04:50:00,1.83,1.83,1.83,1.83,6000,0
2016-03-07,06:05:00,1.83,1.83,1.82,1.82,42000,0
2016-03-07,06:10:00,1.82,1.83,1.82,1.83,6000,0
2016-03-07,06:35:00,1.83,1.83,1.82,1.82,4000,0
2016-03-07,07:05:00,1.82,1.82,1.82,1.82,2000,0
2016-03-07,07:20:00,1.82,1.82,1.82,1.82,244000,0
2016-03-07,07:25:00,1.82,1.83,1.82,1.83,34000,0
2016-03-07,07:35:00,1.83,1.83,1.82,1.82,4000,0
2016-03-07,07:55:00,1.82,1.82,1.82,1.82,2000,0
2016-03-07,08:10:00,1.82,1.82,1.82,1.82,2000,0
2016-03-07,08:20:00,1.82,1.82,1.82,1.82,62000,0
2016-03-07,08:35:00,1.81,1.82,1.81,1.82,8000,0
2016-03-07,09:00:00,1.81,1.83,1.81,1.83,28000,0
2016-03-08,02:45:00,1.82,1.83,1.82,1.83,6000,0
2016-03-08,02:55:00,1.83,1.83,1.83,1.83,4000,0
2016-03-08,03:25:00,1.83,1.83,1.83,1.83,4000,0
2016-03-08,03:40:00,1.83,1.83,1.82,1.82,4000,0
2016-03-08,03:45:00,1.82,1.82,1.82,1.82,30000,0
2016-03-08,04:10:00,1.82,1.82,1.82,1.82,2000,0
2016-03-08,04:15:00,1.82,1.82,1.82,1.82,2000,0
2016-03-08,04:30:00,1.83,1.83,1.83,1.83,62000,0
2016-03-08,04:35:00,1.83,1.83,1.82,1.82,4000,0
2016-03-08,04:45:00,1.82,1.82,1.82,1.82,26000,0
2016-03-08,08:15:00,1.81,1.82,1.81,1.82,58000,0
2016-03-08,09:00:00,1.81,1.82,1.81,1.82,20000,0
2016-03-09,02:35:00,1.82,1.83,1.82,1.83,4000,0
2016-03-09,02:40:00,1.83,1.83,1.83,1.83,2000,0
2016-03-09,02:45:00,1.83,1.83,1.83,1.83,2000,0
2016-03-09,02:55:00,1.83,1.83,1.83,1.83,48000,0
2016-03-09,03:00:00,1.83,1.83,1.83,1.83,8000,0
2016-03-09,03:10:00,1.83,1.83,1.82,1.82,4000,0
2016-03-09,03:40:00,1.82,1.82,1.82,1.82,2000,0
2016-03-09,03:55:00,1.82,1.82,1.82,1.82,2000,0
2016-03-09,04:05:00,1.82,1.82,1.82,1.82,26000,0
2016-03-09,04:10:00,1.82,1.82,1.82,1.82,2000,0
2016-03-09,04:40:00,1.82,1.82,1.82,1.82,2000,0
2016-03-09,06:05:00,1.82,1.82,1.82,1.82,4000,0
2016-03-09,08:25:00,1.81,1.82,1.81,1.82,34000,0
2016-03-10,02:45:00,1.81,1.82,1.81,1.82,4000,0
2016-03-10,02:55:00,1.82,1.82,1.81,1.81,4000,0
2016-03-10,03:10:00,1.81,1.81,1.81,1.81,2000,0
2016-03-10,03:35:00,1.81,1.81,1.81,1.81,2000,0
2016-03-10,04:05:00,1.81,1.82,1.81,1.82,4000,0
2016-03-10,04:30:00,1.82,1.82,1.82,1.82,2000,0
2016-03-10,04:35:00,1.82,1.82,1.81,1.81,4000,0
2016-03-10,04:50:00,1.81,1.81,1.81,1.81,2000,0
2016-03-10,06:05:00,1.81,1.81,1.81,1.81,2000,0
2016-03-10,06:10:00,1.81,1.81,1.81,1.81,2000,0
2016-03-10,06:20:00,1.81,1.81,1.81,1.81,26000,0
2016-03-10,06:25:00,1.81,1.81,1.81,1.81,2000,0
2016-03-10,06:45:00,1.81,1.81,1.81,1.81,18000,0
2016-03-10,07:20:00,1.8,1.81,1.8,1.81,64000,0
2016-03-10,07:25:00,1.81,1.81,1.81,1.81,2000,0
2016-03-10,07:55:00,1.81,1.81,1.81,1.81,2000,0
2016-03-10,08:25:00,1.81,1.81,1.81,1.81,2000,0
2016-03-10,08:55:00,1.81,1.81,1.81,1.81,2000,0
2016-03-11,02:45:00,1.79,1.81,1.79,1.81,2000,0
2016-03-11,03:25:00,1.8,1.8,1.8,1.8,2000,0
2016-03-11,03:40:00,1.81,1.81,1.81,1.81,2000,0
2016-03-11,04:05:00,1.81,1.81,1.8,1.8,4000,0
2016-03-11,04:35:00,1.8,1.8,1.8,1.8,2000,0
2016-03-11,04:50:00,1.8,1.8,1.8,1.8,2000,0
2016-03-11,06:05:00,1.8,1.8,1.8,1.8,2000,0
2016-03-11,06:10:00,1.8,1.8,1.8,1.8,2000,0
2016-03-11,06:25:00,1.8,1.8,1.8,1.8,2000,0
2016-03-11,06:30:00,1.8,1.8,1.8,1.8,14000,0
2016-03-11,06:40:00,1.8,1.8,1.8,1.8,2000,0
2016-03-11,07:05:00,1.8,1.8,1.8,1.8,2000,0
2016-03-11,08:45:00,1.81,1.81,1.81,1.81,10000,0
2016-03-14,04:50:00,1.82,1.82,1.82,1.82,80000,0
2016-03-14,05:00:00,1.82,1.82,1.82,1.82,2000,0
2016-03-14,06:05:00,1.82,1.82,1.82,1.82,2000,0
2016-03-14,07:45:00,1.82,1.82,1.82,1.82,42000,0
2016-03-14,08:40:00,1.82,1.82,1.82,1.82,18000,0
2016-03-14,08:45:00,1.82,1.82,1.82,1.82,38000,0
2016-03-14,08:50:00,1.82,1.82,1.82,1.82,2000,0
2016-03-15,03:55:00,1.81,1.85,1.81,1.85,40000,0
2016-03-15,04:05:00,1.85,1.85,1.85,1.85,2000,0
2016-03-15,04:10:00,1.85,1.85,1.81,1.81,10000,0
2016-03-15,06:05:00,1.82,1.82,1.82,1.82,2000,0
2016-03-15,06:30:00,1.85,1.85,1.85,1.85,6000,0
2016-03-15,06:35:00,1.85,1.85,1.85,1.85,4000,0
2016-03-15,07:20:00,1.85,1.85,1.85,1.85,6000,0
2016-03-15,07:25:00,1.85,1.85,1.85,1.85,12000,0
2016-03-15,08:05:00,1.86,1.86,1.86,1.86,1000,0
2016-03-15,08:15:00,1.86,1.89,1.86,1.89,40000,0
2016-03-15,08:30:00,1.89,1.89,1.88,1.89,24000,0
2016-03-15,08:55:00,1.89,1.89,1.89,1.89,10000,0
2016-03-16,02:35:00,1.94,1.98,1.94,1.98,64000,0
2016-03-16,02:40:00,1.99,2.01,1.99,2.01,16000,0
2016-03-16,02:45:00,2.01,2.02,1.99,2.01,134000,0
2016-03-16,02:50:00,2.01,2.05,2.01,2.05,60000,0
2016-03-16,02:55:00,2.05,2.05,2.05,2.05,26000,0
2016-03-16,03:10:00,2.05,2.05,2.05,2.05,14000,0
2016-03-16,03:15:00,2.05,2.06,2.05,2.06,26000,0
2016-03-16,03:20:00,2.06,2.06,2,2,148000,0
2016-03-16,03:25:00,2,2.02,2,2.01,74000,0
2016-03-16,03:30:00,2.01,2.01,2,2,38000,0
2016-03-16,03:35:00,2,2,2,2,40000,0
2016-03-16,03:40:00,2,2.01,2,2,66000,0
2016-03-16,03:45:00,2,2.01,2,2,30000,0
2016-03-16,03:50:00,2,2,1.98,1.98,30000,0
2016-03-16,04:00:00,1.98,2,1.98,2,68000,0
2016-03-16,04:05:00,2,2.01,2,2.01,4000,0
2016-03-16,04:15:00,2.01,2.01,1.99,1.99,18000,0
2016-03-16,04:20:00,1.99,1.99,1.98,1.98,8000,0
2016-03-16,04:25:00,1.98,2,1.98,1.98,12000,0
2016-03-16,04:30:00,1.98,1.98,1.98,1.98,2000,0
2016-03-16,04:40:00,1.98,2,1.96,1.99,34000,0
2016-03-16,04:45:00,1.99,2,1.96,2,22000,0
2016-03-16,04:50:00,2,2.01,2,2,10000,0
2016-03-16,04:55:00,2,2,1.96,1.96,4000,0
2016-03-16,06:05:00,1.98,1.98,1.98,1.98,2000,0
2016-03-16,06:40:00,1.98,2,1.98,2,54000,0
2016-03-16,06:45:00,2,2,2,2,32000,0
2016-03-16,06:50:00,2,2,2,2,10000,0
2016-03-16,07:05:00,2,2,2,2,54000,0
2016-03-16,07:50:00,2,2,2,2,510000,0
2016-03-16,08:05:00,2,2,1.99,1.99,12000,0
2016-03-16,08:25:00,1.99,2,1.99,2,162000,0
2016-03-16,08:30:00,2,2,2,2,30000,0
2016-03-16,08:40:00,2,2,1.98,1.98,6000,0
2016-03-16,09:00:00,1.99,2,1.99,2,96000,0
2016-03-17,02:35:00,2.03,2.03,2,2.03,20000,0
2016-03-17,02:40:00,2.03,2.05,2.03,2.05,50000,0
2016-03-17,02:45:00,2.05,2.05,2.01,2.01,24000,0
2016-03-17,02:50:00,2.01,2.02,2.01,2.02,4000,0
2016-03-17,02:55:00,2.02,2.02,2.01,2.01,34000,0
2016-03-17,04:15:00,2.01,2.02,2.01,2.02,14000,0
2016-03-17,05:00:00,2.02,2.06,2.02,2.06,128000,0
2016-03-17,06:05:00,2.06,2.06,2.05,2.05,4000,0
2016-03-17,07:00:00,2.05,2.06,2.05,2.06,58000,0
2016-03-17,07:25:00,2.06,2.06,2.06,2.06,10000,0
2016-03-17,07:30:00,2.06,2.06,2.06,2.06,200000,0
2016-03-17,07:35:00,2.06,2.06,2.06,2.06,52000,0
2016-03-17,08:20:00,2.06,2.06,2.06,2.06,4000,0
2016-03-17,08:40:00,2.06,2.06,1.99,2.02,522000,0
2016-03-17,08:55:00,2.02,2.02,2.02,2.02,2000,0
2016-03-17,09:00:00,2.02,2.02,2.02,2.02,118000,0
2016-03-18,02:55:00,2.01,2.02,2.01,2.02,18000,0
2016-03-18,04:20:00,2.02,2.02,2.02,2.02,500000,0
2016-03-18,04:35:00,2.02,2.02,2.02,2.02,18000,0
2016-03-18,04:45:00,2.02,2.02,2.02,2.02,2000,0
2016-03-18,04:50:00,2.04,2.04,2.04,2.04,4000,0
2016-03-18,04:55:00,2.04,2.05,2.04,2.05,14000,0
2016-03-18,06:05:00,2.05,2.05,2.03,2.03,54000,0
2016-03-18,06:10:00,2.03,2.05,2.03,2.05,50000,0
2016-03-18,06:25:00,2.05,2.05,2.05,2.05,20000,0
2016-03-18,08:10:00,2.04,2.04,2.04,2.04,140000,0
2016-03-18,08:15:00,2.04,2.04,2.04,2.04,10000,0
2016-03-18,08:35:00,2.04,2.04,2.04,2.04,6000,0
2016-03-18,08:45:00,2.04,2.04,2.04,2.04,10000,0
2016-03-18,08:55:00,2.04,2.04,2.03,2.03,44000,0
2016-03-18,09:00:00,2.03,2.03,2.02,2.02,4000,0
2016-03-21,02:35:00,2.03,2.03,2.02,2.02,26000,0
2016-03-21,02:45:00,1.99,2.04,1.99,2.04,30000,0
2016-03-21,03:05:00,2.04,2.04,2.01,2.01,12000,0
2016-03-21,03:20:00,2.01,2.01,2,2,26000,0
2016-03-21,03:30:00,2,2,2,2,360000,0
2016-03-21,03:40:00,2.01,2.01,2.01,2.01,20000,0
2016-03-21,04:00:00,2,2,1.99,2,26000,0
2016-03-21,04:10:00,2,2,2,2,2000,0
2016-03-21,04:15:00,2,2,2,2,4000,0
2016-03-21,06:05:00,2,2,2,2,2000,0
2016-03-21,06:30:00,2,2,2,2,2000,0
2016-03-21,06:35:00,2,2,2,2,300000,0
2016-03-21,07:35:00,1.99,2,1.99,2,18000,0
2016-03-21,08:25:00,2,2,2,2,14000,0
2016-03-21,08:50:00,2,2,2,2,20000,0
2016-03-21,08:55:00,2,2,2,2,40000,0
2016-03-22,02:45:00,2,2,2,2,2000,0
2016-03-22,02:50:00,2,2,2,2,4000,0
2016-03-22,03:05:00,2,2,2,2,6000,0
2016-03-22,04:40:00,2,2,2,2,106000,0
2016-03-22,04:50:00,2,2,2,2,8000,0
2016-03-22,04:55:00,2,2,2,2,2000,0
2016-03-22,06:05:00,2,2,1.99,1.99,4000,0
2016-03-22,06:25:00,1.99,1.99,1.99,1.99,2000,0
2016-03-22,06:40:00,1.99,2,1.99,2,28000,0
2016-03-22,07:20:00,2,2,1.99,1.99,14000,0
2016-03-22,08:25:00,1.99,1.99,1.99,1.99,50000,0
2016-03-22,08:45:00,1.99,1.99,1.99,1.99,2000,0
2016-03-22,09:00:00,1.99,1.99,1.98,1.99,4000,0
2016-03-23,03:10:00,1.97,1.99,1.97,1.99,24000,0
2016-03-23,03:45:00,1.97,1.98,1.97,1.98,20000,0
2016-03-23,04:55:00,1.97,1.98,1.97,1.98,18000,0
2016-03-23,05:00:00,1.98,1.99,1.98,1.98,102000,0
2016-03-23,06:05:00,1.98,1.98,1.98,1.98,2000,0
2016-03-23,06:40:00,1.98,1.99,1.98,1.99,12000,0
2016-03-23,07:15:00,1.99,2,1.99,2,8000,0
2016-03-23,07:20:00,2,2,1.99,1.99,10000,0
2016-03-23,07:25:00,1.99,2,1.99,1.99,8000,0
2016-03-23,07:30:00,1.99,2,1.99,2,6000,0
2016-03-23,07:35:00,2,2,1.99,2,10000,0
2016-03-23,07:40:00,2,2,1.99,2,10000,0
2016-03-23,07:45:00,2,2,2,2,6000,0
2016-03-23,07:50:00,2,2,2,2,8000,0
2016-03-23,07:55:00,2,2,1.99,2,86000,0
2016-03-23,08:00:00,2,2,2,2,20000,0
2016-03-23,08:05:00,2,2,2,2,14000,0
2016-03-23,08:10:00,2,2,2,2,36000,0
2016-03-23,08:15:00,2,2,2,2,2000,0
2016-03-23,08:20:00,2,2,2,2,68000,0
2016-03-23,08:25:00,2,2,2,2,30000,0
2016-03-23,08:30:00,2,2,2,2,14000,0
2016-03-23,08:35:00,2,2,2,2,30000,0
2016-03-23,08:40:00,2,2,2,2,66000,0
2016-03-23,08:45:00,2,2,2,2,6000,0
2016-03-23,08:50:00,2,2,2,2,18000,0
2016-03-23,08:55:00,2,2,2,2,14000,0
2016-03-23,09:00:00,2,2,1.99,1.99,70000,0
2016-03-24,03:20:00,1.96,1.99,1.96,1.99,8000,0
2016-03-24,06:05:00,1.99,1.99,1.98,1.98,4000,0
2016-03-24,06:35:00,1.98,2,1.98,2,18000,0
2016-03-29,03:45:00,1.98,2,1.98,1.98,4000,0
2016-03-29,04:05:00,1.98,1.98,1.98,1.98,2000,0
2016-03-29,04:40:00,1.98,1.98,1.98,1.98,8000,0
2016-03-29,07:05:00,1.98,1.98,1.95,1.95,4000,0
2016-03-29,08:55:00,1.98,1.98,1.98,1.98,10000,0
2016-03-30,03:40:00,1.97,1.98,1.97,1.97,4000,0
2016-03-30,03:45:00,1.97,1.97,1.93,1.93,4000,0
2016-03-30,05:35:00,1.95,1.95,1.95,1.95,46000,0
2016-03-30,07:05:00,1.96,1.98,1.96,1.97,42000,0
2016-03-30,07:10:00,1.97,1.98,1.97,1.98,4000,0
2016-03-30,07:15:00,1.98,1.98,1.98,1.98,4000,0
2016-03-30,07:40:00,1.99,1.99,1.99,1.99,2000,0
2016-03-30,07:50:00,1.99,1.99,1.98,1.98,24000,0
2016-03-30,08:15:00,1.98,1.99,1.98,1.99,26000,0
2016-03-30,08:30:00,1.99,1.99,1.99,1.99,12000,0
2016-03-30,09:00:00,1.99,1.99,1.99,1.99,2000,0
2016-03-30,09:25:00,1.99,1.99,1.98,1.98,14000,0
2016-03-30,09:55:00,1.98,1.99,1.98,1.99,38000,0
2016-03-30,10:00:00,1.99,2.03,1.99,2.03,32000,0
2016-03-31,03:45:00,2.02,2.05,2.02,2.05,30000,0
2016-03-31,07:05:00,2.04,2.04,1.96,1.98,46000,0
2016-03-31,09:15:00,2.01,2.01,2,2,572000,0
2016-03-31,10:00:00,2,2.01,2,2,120000,0
2016-04-01,03:45:00,1.94,2,1.94,1.95,6000,0
2016-04-01,05:50:00,1.98,1.98,1.98,1.98,4000,0
2016-04-01,07:05:00,1.98,1.98,1.98,1.98,2000,0
2016-04-01,08:15:00,1.98,2,1.96,1.99,66000,0
2016-04-01,08:50:00,1.99,2,1.99,2,20000,0
2016-04-01,09:50:00,2,2.04,2,2.04,80000,0
2016-04-05,03:45:00,2.04,2.04,2,2.01,6000,0
2016-04-05,04:15:00,2.01,2.01,2,2,38000,0
2016-04-05,04:45:00,2,2,2,2,8000,0
2016-04-05,05:15:00,2,2,2,2,42000,0
2016-04-05,05:25:00,2,2,2,2,10000,0
2016-04-05,05:40:00,2,2.03,2,2,18000,0
2016-04-06,05:15:00,1.97,1.97,1.97,1.97,32000,0
2016-04-06,07:05:00,1.97,1.97,1.97,1.97,2000,0
2016-04-06,09:40:00,1.97,1.97,1.97,1.97,10000,0
2016-04-06,10:00:00,1.97,1.97,1.97,1.97,4000,0
2016-04-07,03:40:00,1.96,1.97,1.96,1.97,24000,0
2016-04-07,03:45:00,1.97,1.97,1.97,1.97,8000,0
2016-04-07,04:25:00,1.97,1.97,1.97,1.97,2000,0
2016-04-07,06:00:00,1.96,1.97,1.96,1.97,4000,0
2016-04-07,07:05:00,1.97,1.97,1.97,1.97,2000,0
2016-04-07,08:05:00,1.97,1.97,1.97,1.97,18000,0
2016-04-07,09:50:00,1.97,1.98,1.97,1.98,70000,0
2016-04-07,09:55:00,1.98,1.98,1.98,1.98,2000,0
2016-04-07,10:00:00,1.98,1.99,1.98,1.99,6000,0
2016-04-08,07:35:00,1.96,1.98,1.96,1.98,4000,0
2016-04-08,08:20:00,1.98,1.99,1.98,1.99,32000,0
2016-04-08,09:55:00,1.98,1.98,1.98,1.98,4000,0
2016-04-11,03:45:00,1.96,1.99,1.96,1.98,12000,0
2016-04-11,05:20:00,1.98,2.02,1.98,2.02,42000,0
2016-04-11,05:25:00,2.02,2.02,2.01,2.01,4000,0
2016-04-11,07:05:00,2.01,2.01,1.99,1.99,4000,0
2016-04-11,07:20:00,1.99,2,1.99,2,12000,0
2016-04-11,08:45:00,2,2,1.99,1.99,8000,0
2016-04-11,09:10:00,1.99,2,1.99,2,20000,0
2016-04-11,10:00:00,2,2,2,2,2000,0
2016-04-12,03:40:00,2.03,2.03,2,2,118000,0
2016-04-12,03:45:00,2,2,1.98,1.98,4000,0
2016-04-12,05:00:00,2,2,2,2,16000,0
2016-04-12,05:05:00,2,2,2,2,16000,0
2016-04-12,05:15:00,2,2,2,2,70000,0
2016-04-12,05:55:00,2,2,2,2,40000,0
2016-04-12,07:05:00,2,2,1.99,1.99,16000,0
2016-04-13,03:35:00,2.01,2.01,2.01,2.01,10000,0
2016-04-13,03:45:00,2.01,2.01,2,2,90000,0
2016-04-13,03:50:00,2,2,2,2,10000,0
2016-04-13,04:50:00,2,2,2,2,50000,0
2016-04-13,05:05:00,2,2.02,2,2.02,112000,0
2016-04-13,05:10:00,2.02,2.02,2,2.02,146000,0
2016-04-13,05:25:00,2.01,2.02,2.01,2.02,54000,0
2016-04-13,05:45:00,2.02,2.02,2.01,2.01,4000,0
2016-04-13,06:00:00,2.01,2.01,2,2,106000,0
2016-04-13,07:05:00,2,2,2,2,2000,0
2016-04-13,07:35:00,2.02,2.03,2.02,2.03,26000,0
2016-04-13,07:45:00,2.03,2.03,2.03,2.03,10000,0
2016-04-13,07:55:00,2.03,2.04,2.03,2.04,38000,0
2016-04-13,08:40:00,2.04,2.04,2.04,2.04,4000,0
2016-04-13,08:45:00,2.04,2.05,2.04,2.05,26000,0
2016-04-13,09:05:00,2.05,2.06,2.05,2.06,100000,0
2016-04-13,09:30:00,2.06,2.06,2.03,2.05,190000,0
2016-04-13,09:45:00,2.05,2.05,2.04,2.04,56000,0
2016-04-13,09:50:00,2.04,2.05,2.04,2.05,130000,0
