Date,Time,Open,High,Low,Close,Volume,OpenInt
2016-02-04,02:50:00,0.55,0.55,0.54,0.55,120000,0
2016-02-04,03:15:00,0.55,0.56,0.55,0.56,40000,0
2016-02-04,03:40:00,0.56,0.56,0.56,0.56,250000,0
2016-02-04,03:45:00,0.56,0.56,0.56,0.56,100000,0
2016-02-04,04:05:00,0.56,0.56,0.56,0.56,90000,0
2016-02-04,04:25:00,0.56,0.56,0.55,0.55,50000,0
2016-02-04,07:40:00,0.55,0.55,0.55,0.55,5000,0
2016-02-04,08:15:00,0.55,0.56,0.55,0.56,70000,0
2016-02-04,08:50:00,0.56,0.56,0.56,0.56,15000,0
2016-02-04,09:00:00,0.56,0.57,0.56,0.57,1055000,0
2016-02-05,03:15:00,0.55,0.57,0.55,0.57,210000,0
2016-02-05,03:35:00,0.57,0.58,0.57,0.58,30000,0
2016-02-05,03:55:00,0.58,0.58,0.57,0.57,200000,0
2016-02-05,04:00:00,0.56,0.56,0.56,0.56,80000,0
2016-02-05,04:10:00,0.56,0.56,0.56,0.56,120000,0
2016-02-05,04:15:00,0.56,0.57,0.56,0.57,140000,0
2016-02-05,06:05:00,0.57,0.58,0.57,0.58,210000,0
2016-02-05,06:10:00,0.58,0.58,0.58,0.58,100000,0
2016-02-05,06:20:00,0.58,0.59,0.58,0.59,10000,0
2016-02-05,06:35:00,0.58,0.58,0.58,0.58,100000,0
2016-02-05,06:40:00,0.58,0.59,0.58,0.59,10000,0
2016-02-05,06:50:00,0.59,0.59,0.56,0.56,1500000,0
2016-02-05,07:45:00,0.57,0.57,0.57,0.57,15000,0
2016-02-05,08:05:00,0.57,0.57,0.57,0.57,15000,0
2016-02-05,08:10:00,0.57,0.57,0.57,0.57,5000,0
2016-02-05,08:30:00,0.57,0.57,0.57,0.57,10000,0
2016-02-05,08:45:00,0.57,0.57,0.56,0.56,60000,0
2016-02-05,09:00:00,0.56,0.57,0.56,0.57,80000,0
2016-02-11,02:50:00,0.56,0.57,0.56,0.56,8000,0
2016-02-11,04:05:00,0.56,0.56,0.56,0.56,20000,0
2016-02-11,09:00:00,0.56,0.56,0.55,0.56,20000,0
2016-02-12,03:50:00,0.55,0.56,0.55,0.55,20000,0
2016-02-12,04:20:00,0.55,0.55,0.55,0.55,150000,0
2016-02-12,04:30:00,0.55,0.55,0.55,0.55,45000,0
2016-02-12,04:50:00,0.55,0.55,0.55,0.55,5000,0
2016-02-12,06:40:00,0.55,0.55,0.55,0.55,95000,0
2016-02-12,09:00:00,0.55,0.55,0.55,0.55,10000,0
2016-02-15,04:45:00,0.55,0.57,0.55,0.57,10000,0
2016-02-15,04:50:00,0.57,0.57,0.56,0.57,35000,0
2016-02-15,06:15:00,0.57,0.57,0.57,0.57,100000,0
2016-02-15,06:55:00,0.57,0.58,0.57,0.58,165000,0
2016-02-15,07:05:00,0.58,0.58,0.58,0.58,170000,0
2016-02-15,07:40:00,0.58,0.58,0.57,0.57,10000,0
2016-02-15,08:00:00,0.57,0.59,0.57,0.59,615000,0
2016-02-15,08:20:00,0.59,0.59,0.58,0.58,50000,0
2016-02-15,08:25:00,0.58,0.58,0.58,0.58,50000,0
2016-02-15,08:35:00,0.58,0.58,0.58,0.58,165000,0
2016-02-15,08:55:00,0.58,0.58,0.58,0.58,10000,0
2016-02-15,09:00:00,0.58,0.59,0.58,0.59,75000,0
2016-02-16,03:20:00,0.59,0.59,0.59,0.59,30000,0
2016-02-16,03:35:00,0.59,0.61,0.59,0.61,530000,0
2016-02-16,03:40:00,0.61,0.61,0.61,0.61,50000,0
2016-02-16,03:45:00,0.61,0.62,0.6,0.6,120000,0
2016-02-16,03:55:00,0.6,0.6,0.6,0.6,60000,0
2016-02-16,04:15:00,0.6,0.6,0.6,0.6,100,0
2016-02-16,04:35:00,0.6,0.6,0.6,0.6,100000,0
2016-02-16,04:50:00,0.6,0.6,0.6,0.6,50000,0
2016-02-16,06:05:00,0.6,0.6,0.59,0.59,10000,0
2016-02-16,06:30:00,0.59,0.59,0.59,0.59,190000,0
2016-02-16,08:05:00,0.58,0.59,0.58,0.59,70000,0
2016-02-16,08:25:00,0.59,0.59,0.59,0.59,100000,0
2016-02-16,08:30:00,0.59,0.61,0.59,0.61,1460000,0
2016-02-16,08:35:00,0.61,0.61,0.6,0.6,300000,0
2016-02-16,08:45:00,0.6,0.6,0.59,0.59,90000,0
2016-02-16,08:50:00,0.59,0.6,0.59,0.6,80000,0
2016-02-16,08:55:00,0.6,0.6,0.6,0.6,120000,0
2016-02-16,09:00:00,0.6,0.61,0.6,0.61,10000,0
2016-02-17,02:35:00,0.62,0.64,0.61,0.64,1255000,0
2016-02-17,02:40:00,0.64,0.66,0.64,0.65,995000,0
2016-02-17,02:45:00,0.65,0.65,0.64,0.64,280000,0
2016-02-17,02:50:00,0.64,0.64,0.64,0.64,50000,0
2016-02-17,02:55:00,0.64,0.66,0.64,0.66,940000,0
2016-02-17,03:00:00,0.66,0.67,0.65,0.67,1855000,0
2016-02-17,03:05:00,0.67,0.67,0.66,0.66,510000,0
2016-02-17,03:10:00,0.66,0.66,0.65,0.65,440000,0
2016-02-17,03:15:00,0.65,0.66,0.65,0.66,50000,0
2016-02-17,03:20:00,0.66,0.66,0.65,0.65,275000,0
2016-02-17,03:25:00,0.65,0.65,0.64,0.64,1095000,0
2016-02-17,03:30:00,0.64,0.64,0.64,0.64,275000,0
2016-02-17,03:40:00,0.64,0.64,0.64,0.64,100000,0
2016-02-17,03:45:00,0.64,0.64,0.64,0.64,30000,0
2016-02-17,03:50:00,0.64,0.64,0.64,0.64,10000,0
2016-02-17,04:00:00,0.64,0.65,0.64,0.65,10000,0
2016-02-17,04:05:00,0.65,0.65,0.65,0.65,5000,0
2016-02-17,04:10:00,0.65,0.65,0.64,0.64,20000,0
2016-02-17,04:15:00,0.64,0.64,0.64,0.64,158000,0
2016-02-17,04:20:00,0.64,0.64,0.64,0.64,5000,0
2016-02-17,04:25:00,0.64,0.64,0.64,0.64,140000,0
2016-02-17,04:30:00,0.64,0.65,0.64,0.65,180000,0
2016-02-17,04:35:00,0.65,0.65,0.65,0.65,10000,0
2016-02-17,04:50:00,0.65,0.65,0.63,0.63,80000,0
2016-02-17,06:05:00,0.63,0.64,0.63,0.64,300000,0
2016-02-17,06:10:00,0.64,0.64,0.64,0.64,135000,0
2016-02-17,06:15:00,0.64,0.64,0.63,0.63,305000,0
2016-02-17,06:25:00,0.63,0.63,0.63,0.63,205000,0
2016-02-17,06:30:00,0.63,0.63,0.63,0.63,45000,0
2016-02-17,06:35:00,0.63,0.64,0.63,0.64,280000,0
2016-02-17,06:45:00,0.64,0.64,0.64,0.64,100000,0
2016-02-17,06:50:00,0.64,0.64,0.64,0.64,265000,0
2016-02-17,07:15:00,0.64,0.64,0.64,0.64,40000,0
2016-02-17,07:20:00,0.64,0.65,0.64,0.65,705000,0
2016-02-17,07:30:00,0.65,0.65,0.65,0.65,190000,0
2016-02-17,07:35:00,0.65,0.66,0.65,0.66,10000,0
2016-02-17,07:40:00,0.66,0.66,0.66,0.66,195000,0
2016-02-17,07:45:00,0.66,0.66,0.65,0.65,10000,0
2016-02-17,08:10:00,0.65,0.65,0.65,0.65,100000,0
2016-02-17,08:15:00,0.65,0.66,0.65,0.66,160000,0
2016-02-17,08:25:00,0.66,0.67,0.66,0.67,7840000,0
2016-02-17,08:30:00,0.67,0.71,0.67,0.7,2815000,0
2016-02-17,08:35:00,0.7,0.7,0.7,0.7,265000,0
2016-02-17,08:40:00,0.7,0.71,0.7,0.7,155000,0
2016-02-17,08:45:00,0.7,0.7,0.69,0.7,1880000,0
2016-02-17,08:50:00,0.7,0.71,0.7,0.7,395000,0
2016-02-17,08:55:00,0.7,0.7,0.69,0.7,520000,0
2016-02-17,09:00:00,0.7,0.7,0.7,0.7,1465000,0
2016-02-18,02:35:00,0.74,0.74,0.72,0.72,1400000,0
2016-02-18,02:40:00,0.72,0.72,0.71,0.71,120000,0
2016-02-18,02:45:00,0.71,0.71,0.7,0.7,570000,0
2016-02-18,02:55:00,0.7,0.7,0.69,0.7,140000,0
2016-02-18,03:00:00,0.7,0.7,0.7,0.7,40000,0
2016-02-18,03:05:00,0.7,0.7,0.7,0.7,30000,0
2016-02-18,03:10:00,0.7,0.71,0.7,0.71,150000,0
2016-02-18,03:15:00,0.71,0.71,0.7,0.7,370000,0
2016-02-18,03:20:00,0.7,0.7,0.69,0.69,180000,0
2016-02-18,03:25:00,0.69,0.69,0.69,0.69,40000,0
2016-02-18,03:30:00,0.69,0.69,0.69,0.69,40000,0
2016-02-18,03:35:00,0.69,0.69,0.69,0.69,60000,0
2016-02-18,04:20:00,0.68,0.69,0.68,0.69,315000,0
2016-02-18,04:25:00,0.69,0.69,0.69,0.69,40000,0
2016-02-18,04:35:00,0.69,0.7,0.69,0.69,510000,0
2016-02-18,05:00:00,0.69,0.69,0.69,0.69,10000,0
2016-02-18,06:30:00,0.68,0.69,0.68,0.69,440000,0
2016-02-18,06:35:00,0.69,0.69,0.69,0.69,445000,0
2016-02-18,06:40:00,0.69,0.69,0.69,0.69,10000,0
2016-02-18,06:50:00,0.69,0.69,0.69,0.69,105000,0
2016-02-18,07:40:00,0.69,0.7,0.69,0.7,10000,0
2016-02-18,07:45:00,0.7,0.7,0.69,0.69,1050000,0
2016-02-18,07:50:00,0.69,0.69,0.69,0.69,30000,0
2016-02-18,08:15:00,0.69,0.69,0.69,0.69,20000,0
2016-02-18,08:40:00,0.69,0.7,0.69,0.7,480000,0
2016-02-18,08:50:00,0.7,0.7,0.69,0.69,500000,0
2016-02-18,08:55:00,0.69,0.69,0.69,0.69,120000,0
2016-02-18,09:00:00,0.68,0.7,0.68,0.7,285000,0
2016-02-19,02:45:00,0.69,0.7,0.69,0.69,40000,0
2016-02-19,02:50:00,0.69,0.71,0.69,0.7,105000,0
2016-02-19,03:00:00,0.7,0.7,0.69,0.69,105000,0
2016-02-19,03:45:00,0.68,0.69,0.68,0.69,170000,0
2016-02-19,03:55:00,0.69,0.69,0.69,0.69,100000,0
2016-02-19,04:20:00,0.69,0.69,0.69,0.69,460000,0
2016-02-19,04:45:00,0.69,0.69,0.69,0.69,45000,0
2016-02-19,04:50:00,0.69,0.69,0.69,0.69,400000,0
2016-02-19,05:00:00,0.68,0.69,0.68,0.69,260000,0
2016-02-19,06:05:00,0.68,0.69,0.68,0.69,320000,0
2016-02-19,06:10:00,0.69,0.69,0.69,0.69,85000,0
2016-02-19,06:15:00,0.69,0.69,0.69,0.69,195000,0
2016-02-19,06:20:00,0.69,0.7,0.69,0.7,50000,0
2016-02-19,07:55:00,0.7,0.7,0.7,0.7,30000,0
2016-02-19,08:10:00,0.69,0.69,0.69,0.69,75000,0
2016-02-19,08:40:00,0.68,0.69,0.68,0.69,50000,0
2016-02-19,08:45:00,0.69,0.69,0.69,0.69,745000,0
2016-02-19,08:50:00,0.69,0.69,0.69,0.69,315000,0
2016-02-19,08:55:00,0.69,0.69,0.69,0.69,5000,0
2016-02-19,09:00:00,0.69,0.7,0.69,0.7,290000,0
2016-02-22,02:55:00,0.69,0.72,0.69,0.72,625000,0
2016-02-22,03:00:00,0.72,0.73,0.72,0.72,710000,0
2016-02-22,03:05:00,0.72,0.72,0.72,0.72,10000,0
2016-02-22,03:10:00,0.72,0.72,0.72,0.72,50000,0
2016-02-22,03:20:00,0.72,0.72,0.71,0.71,400000,0
2016-02-22,03:30:00,0.71,0.71,0.71,0.71,30000,0
2016-02-22,03:35:00,0.71,0.71,0.71,0.71,200000,0
2016-02-22,03:40:00,0.71,0.72,0.71,0.72,780000,0
2016-02-22,03:45:00,0.72,0.72,0.71,0.71,210000,0
2016-02-22,03:50:00,0.71,0.72,0.71,0.72,15000,0
2016-02-22,04:00:00,0.72,0.72,0.72,0.72,35000,0
2016-02-22,04:05:00,0.72,0.72,0.72,0.72,10000,0
2016-02-22,04:15:00,0.72,0.72,0.71,0.71,290000,0
2016-02-22,04:20:00,0.71,0.71,0.71,0.71,120000,0
2016-02-22,04:25:00,0.71,0.71,0.71,0.71,620000,0
2016-02-22,04:40:00,0.71,0.71,0.71,0.71,335000,0
2016-02-22,04:45:00,0.71,0.71,0.71,0.71,50000,0
2016-02-22,04:50:00,0.71,0.71,0.71,0.71,105000,0
2016-02-22,05:00:00,0.71,0.71,0.71,0.71,10000,0
2016-02-22,06:05:00,0.71,0.71,0.71,0.71,20000,0
2016-02-22,06:10:00,0.71,0.71,0.71,0.71,240000,0
2016-02-22,06:20:00,0.71,0.71,0.7,0.7,565000,0
2016-02-22,06:45:00,0.7,0.71,0.7,0.71,460000,0
2016-02-22,07:20:00,0.71,0.71,0.71,0.71,20000,0
2016-02-22,07:35:00,0.71,0.71,0.71,0.71,50000,0
2016-02-22,07:40:00,0.71,0.71,0.71,0.71,35000,0
2016-02-22,07:45:00,0.71,0.71,0.71,0.71,20000,0
2016-02-22,07:50:00,0.71,0.71,0.71,0.71,10000,0
2016-02-22,08:00:00,0.71,0.71,0.71,0.71,385000,0
2016-02-22,08:05:00,0.71,0.71,0.71,0.71,165000,0
2016-02-22,08:25:00,0.71,0.71,0.71,0.71,80000,0
2016-02-22,08:30:00,0.71,0.71,0.7,0.7,40000,0
2016-02-22,08:45:00,0.7,0.71,0.7,0.71,20000,0
2016-02-22,08:50:00,0.71,0.71,0.7,0.71,380000,0
2016-02-22,08:55:00,0.71,0.71,0.71,0.71,78000,0
2016-02-22,09:00:00,0.71,0.73,0.71,0.73,3930000,0
2016-02-23,02:45:00,0.73,0.73,0.73,0.73,120000,0
2016-02-23,02:50:00,0.73,0.73,0.73,0.73,90000,0
2016-02-23,03:00:00,0.73,0.74,0.73,0.74,100000,0
2016-02-23,03:05:00,0.74,0.74,0.74,0.74,70000,0
2016-02-23,03:10:00,0.74,0.74,0.74,0.74,60000,0
2016-02-23,03:15:00,0.74,0.75,0.74,0.75,45000,0
2016-02-23,03:20:00,0.75,0.76,0.75,0.76,1045000,0
2016-02-23,03:25:00,0.76,0.77,0.75,0.75,1245000,0
2016-02-23,03:30:00,0.75,0.75,0.74,0.74,560000,0
2016-02-23,03:35:00,0.74,0.74,0.74,0.74,95000,0
2016-02-23,03:40:00,0.74,0.74,0.74,0.74,300000,0
2016-02-23,03:45:00,0.74,0.74,0.74,0.74,100000,0
2016-02-23,03:50:00,0.74,0.74,0.74,0.74,300000,0
2016-02-23,03:55:00,0.74,0.74,0.74,0.74,250000,0
2016-02-23,04:00:00,0.74,0.74,0.74,0.74,235000,0
2016-02-23,04:05:00,0.74,0.75,0.73,0.74,840000,0
2016-02-23,04:10:00,0.74,0.74,0.72,0.72,495000,0
2016-02-23,04:15:00,0.72,0.73,0.72,0.73,350000,0
2016-02-23,04:20:00,0.73,0.73,0.73,0.73,10000,0
2016-02-23,04:25:00,0.73,0.73,0.73,0.73,50000,0
2016-02-23,04:35:00,0.73,0.73,0.73,0.73,15000,0
2016-02-23,04:55:00,0.73,0.73,0.73,0.73,235000,0
2016-02-23,05:00:00,0.73,0.73,0.73,0.73,20000,0
2016-02-23,06:05:00,0.73,0.73,0.72,0.72,1070000,0
2016-02-23,06:10:00,0.72,0.72,0.72,0.72,100000,0
2016-02-23,06:15:00,0.72,0.72,0.72,0.72,200000,0
2016-02-23,06:40:00,0.72,0.73,0.72,0.72,890000,0
2016-02-23,06:45:00,0.72,0.74,0.72,0.73,840000,0
2016-02-23,06:55:00,0.73,0.73,0.73,0.73,130000,0
2016-02-23,07:05:00,0.73,0.73,0.73,0.73,245000,0
2016-02-23,07:15:00,0.73,0.73,0.73,0.73,230000,0
2016-02-23,07:20:00,0.73,0.73,0.73,0.73,10000,0
2016-02-23,07:30:00,0.73,0.73,0.72,0.72,105000,0
2016-02-23,07:45:00,0.72,0.73,0.72,0.73,20000,0
2016-02-23,07:50:00,0.73,0.73,0.72,0.72,35000,0
2016-02-23,08:10:00,0.72,0.72,0.72,0.72,205000,0
2016-02-23,08:15:00,0.72,0.72,0.7,0.71,1530000,0
2016-02-23,08:20:00,0.71,0.71,0.71,0.71,105000,0
2016-02-23,08:25:00,0.71,0.71,0.71,0.71,5000,0
2016-02-23,08:30:00,0.71,0.71,0.7,0.7,780000,0
2016-02-23,08:35:00,0.7,0.7,0.69,0.7,130000,0
2016-02-23,08:45:00,0.7,0.7,0.7,0.7,150000,0
2016-02-23,09:00:00,0.69,0.73,0.69,0.72,665000,0
2016-02-24,03:00:00,0.7,0.71,0.7,0.7,60000,0
2016-02-24,03:05:00,0.7,0.71,0.7,0.71,150000,0
2016-02-24,03:10:00,0.71,0.71,0.71,0.71,20000,0
2016-02-24,03:25:00,0.71,0.71,0.71,0.71,50000,0
2016-02-24,03:40:00,0.71,0.71,0.7,0.71,60000,0
2016-02-24,03:55:00,0.71,0.71,0.71,0.71,25000,0
2016-02-24,04:05:00,0.71,0.71,0.69,0.69,955000,0
2016-02-24,04:10:00,0.69,0.69,0.69,0.69,20000,0
2016-02-24,04:20:00,0.69,0.69,0.69,0.69,65000,0
2016-02-24,04:30:00,0.69,0.69,0.69,0.69,25000,0
2016-02-24,06:05:00,0.69,0.69,0.69,0.69,105000,0
2016-02-24,06:45:00,0.69,0.69,0.68,0.69,530000,0
2016-02-24,06:55:00,0.69,0.69,0.69,0.69,10000,0
2016-02-24,07:55:00,0.69,0.7,0.69,0.7,30000,0
2016-02-24,08:10:00,0.7,0.7,0.69,0.69,40000,0
2016-02-24,08:40:00,0.69,0.69,0.69,0.69,200000,0
2016-02-24,08:55:00,0.69,0.69,0.69,0.69,110000,0
2016-02-24,09:00:00,0.69,0.7,0.68,0.69,195000,0
2016-02-25,02:35:00,0.69,0.69,0.69,0.69,50000,0
2016-02-25,03:00:00,0.69,0.69,0.69,0.69,75616,0
2016-02-25,03:05:00,0.69,0.7,0.69,0.7,60000,0
2016-02-25,03:15:00,0.7,0.7,0.7,0.7,250000,0
2016-02-25,03:30:00,0.7,0.7,0.69,0.69,130000,0
2016-02-25,03:40:00,0.69,0.69,0.69,0.69,1000,0
2016-02-25,03:45:00,0.69,0.69,0.69,0.69,25000,0
2016-02-25,04:05:00,0.69,0.69,0.69,0.69,10000,0
2016-02-25,04:20:00,0.69,0.7,0.69,0.7,155000,0
2016-02-25,04:35:00,0.7,0.7,0.69,0.69,235000,0
2016-02-25,06:15:00,0.69,0.69,0.68,0.68,425000,0
2016-02-25,06:20:00,0.68,0.68,0.68,0.68,40000,0
2016-02-25,06:40:00,0.68,0.68,0.68,0.68,5000,0
2016-02-25,07:05:00,0.67,0.68,0.67,0.68,30000,0
2016-02-25,07:10:00,0.68,0.68,0.68,0.68,10000,0
2016-02-26,02:50:00,0.67,0.67,0.67,0.67,100000,0
2016-02-26,02:55:00,0.67,0.68,0.67,0.68,420000,0
2016-02-26,03:15:00,0.68,0.68,0.68,0.68,5000,0
2016-02-26,03:20:00,0.68,0.68,0.68,0.68,20000,0
2016-02-26,03:50:00,0.68,0.69,0.68,0.69,165000,0
2016-02-26,03:55:00,0.69,0.69,0.68,0.68,30000,0
2016-02-26,04:15:00,0.68,0.68,0.68,0.68,600,0
2016-02-26,04:50:00,0.68,0.68,0.67,0.67,260000,0
2016-02-26,04:55:00,0.67,0.67,0.67,0.67,100000,0
2016-02-26,05:00:00,0.67,0.67,0.67,0.67,200000,0
2016-02-26,06:05:00,0.67,0.67,0.66,0.67,75000,0
2016-02-26,06:50:00,0.67,0.67,0.67,0.67,10000,0
2016-02-26,08:25:00,0.66,0.67,0.66,0.67,90000,0
2016-02-26,08:30:00,0.67,0.67,0.67,0.67,25000,0
2016-02-26,08:35:00,0.67,0.68,0.67,0.68,700000,0
2016-02-26,08:40:00,0.68,0.68,0.68,0.68,100000,0
2016-02-26,08:50:00,0.68,0.68,0.68,0.68,55000,0
2016-02-29,06:05:00,0.67,0.67,0.63,0.64,15000,0
2016-02-29,06:35:00,0.65,0.65,0.65,0.65,200000,0
2016-02-29,07:00:00,0.65,0.65,0.64,0.64,95000,0
2016-02-29,07:05:00,0.64,0.64,0.64,0.64,100000,0
2016-02-29,08:00:00,0.64,0.65,0.64,0.65,120000,0
2016-02-29,08:30:00,0.65,0.65,0.65,0.65,45000,0
2016-02-29,08:35:00,0.65,0.66,0.65,0.66,385000,0
2016-02-29,08:45:00,0.66,0.66,0.66,0.66,30000,0
2016-02-29,09:00:00,0.66,0.66,0.65,0.65,60000,0
2016-03-01,02:55:00,0.65,0.65,0.65,0.65,5000,0
2016-03-01,03:00:00,0.64,0.64,0.64,0.64,10000,0
2016-03-01,03:15:00,0.64,0.64,0.64,0.64,20000,0
2016-03-01,03:20:00,0.64,0.64,0.64,0.64,10000,0
2016-03-01,04:05:00,0.64,0.65,0.64,0.65,190000,0
2016-03-01,06:20:00,0.65,0.65,0.64,0.64,200000,0
2016-03-01,07:05:00,0.64,0.64,0.64,0.64,20000,0
2016-03-01,07:10:00,0.64,0.65,0.64,0.65,130000,0
2016-03-01,07:45:00,0.65,0.65,0.65,0.65,50000,0
2016-03-01,08:00:00,0.65,0.65,0.64,0.64,165000,0
2016-03-01,08:05:00,0.63,0.64,0.63,0.64,2000000,0
2016-03-01,08:15:00,0.64,0.64,0.64,0.64,100000,0
2016-03-01,08:20:00,0.64,0.65,0.64,0.65,155000,0
2016-03-01,08:25:00,0.65,0.65,0.65,0.65,200000,0
2016-03-01,08:30:00,0.65,0.65,0.65,0.65,30000,0
2016-03-01,08:35:00,0.65,0.65,0.65,0.65,30000,0
2016-03-01,08:45:00,0.65,0.66,0.65,0.66,255000,0
2016-03-01,08:55:00,0.66,0.67,0.66,0.66,365000,0
2016-03-01,09:00:00,0.66,0.66,0.64,0.66,1340000,0
2016-03-02,03:20:00,0.66,0.66,0.66,0.66,195000,0
2016-03-02,03:25:00,0.66,0.66,0.66,0.66,25000,0
2016-03-02,03:30:00,0.65,0.66,0.65,0.66,135000,0
2016-03-02,03:35:00,0.66,0.66,0.66,0.66,50000,0
2016-03-02,03:55:00,0.66,0.66,0.66,0.66,50000,0
2016-03-02,04:05:00,0.66,0.66,0.66,0.66,85000,0
2016-03-02,04:10:00,0.66,0.66,0.66,0.66,25000,0
2016-03-02,04:15:00,0.66,0.67,0.66,0.66,170000,0
2016-03-02,04:20:00,0.66,0.66,0.66,0.66,10000,0
2016-03-02,04:25:00,0.66,0.66,0.66,0.66,430000,0
2016-03-02,04:30:00,0.66,0.66,0.66,0.66,10000,0
2016-03-02,06:05:00,0.65,0.66,0.65,0.66,340000,0
2016-03-02,06:20:00,0.66,0.66,0.66,0.66,10000,0
2016-03-02,06:25:00,0.66,0.66,0.66,0.66,50000,0
2016-03-02,06:30:00,0.66,0.66,0.66,0.66,60000,0
2016-03-02,06:35:00,0.66,0.66,0.66,0.66,30000,0
2016-03-02,06:55:00,0.66,0.66,0.66,0.66,100000,0
2016-03-02,07:10:00,0.66,0.66,0.66,0.66,100000,0
2016-03-02,07:35:00,0.66,0.66,0.66,0.66,50000,0
2016-03-02,07:50:00,0.66,0.67,0.66,0.67,130000,0
2016-03-02,08:00:00,0.67,0.67,0.67,0.67,20000,0
2016-03-02,08:35:00,0.66,0.66,0.66,0.66,35000,0
2016-03-02,09:00:00,0.65,0.66,0.65,0.66,85000,0
2016-03-03,03:55:00,0.63,0.64,0.63,0.64,300000,0
2016-03-03,04:05:00,0.63,0.64,0.63,0.64,235000,0
2016-03-03,04:10:00,0.64,0.64,0.64,0.64,80000,0
2016-03-03,04:25:00,0.64,0.64,0.64,0.64,10000,0
2016-03-03,04:30:00,0.64,0.64,0.64,0.64,200000,0
2016-03-03,04:35:00,0.64,0.64,0.64,0.64,20000,0
2016-03-03,08:00:00,0.63,0.65,0.63,0.64,990000,0
2016-03-03,08:25:00,0.64,0.64,0.64,0.64,350000,0
2016-03-03,08:30:00,0.64,0.64,0.64,0.64,50000,0
2016-03-03,08:35:00,0.64,0.64,0.64,0.64,100000,0
2016-03-03,08:40:00,0.64,0.64,0.64,0.64,50000,0
2016-03-03,09:00:00,0.64,0.65,0.64,0.65,360000,0
2016-03-04,03:15:00,0.63,0.65,0.63,0.65,1100,0
2016-03-04,04:05:00,0.65,0.65,0.63,0.63,15000,0
2016-03-04,04:10:00,0.64,0.64,0.64,0.64,90000,0
2016-03-04,04:15:00,0.64,0.64,0.64,0.64,10000,0
2016-03-04,04:20:00,0.64,0.64,0.64,0.64,10000,0
2016-03-04,04:35:00,0.64,0.64,0.64,0.64,100000,0
2016-03-04,06:35:00,0.64,0.64,0.63,0.63,435000,0
2016-03-04,06:40:00,0.63,0.63,0.63,0.63,50000,0
2016-03-04,06:45:00,0.63,0.63,0.63,0.63,20000,0
2016-03-04,07:15:00,0.62,0.63,0.62,0.63,420000,0
2016-03-04,07:20:00,0.63,0.63,0.63,0.63,75000,0
2016-03-04,07:50:00,0.63,0.63,0.63,0.63,5000,0
2016-03-04,08:05:00,0.63,0.63,0.63,0.63,5000,0
2016-03-04,08:15:00,0.63,0.63,0.63,0.63,60000,0
2016-03-04,08:25:00,0.63,0.63,0.63,0.63,35000,0
2016-03-04,08:30:00,0.63,0.63,0.63,0.63,30000,0
2016-03-04,08:55:00,0.63,0.63,0.63,0.63,35000,0
2016-03-04,09:00:00,0.63,0.64,0.62,0.64,75000,0
2016-03-07,03:00:00,0.64,0.64,0.64,0.64,10000,0
2016-03-07,03:05:00,0.64,0.64,0.64,0.64,220000,0
2016-03-07,03:15:00,0.64,0.64,0.64,0.64,310000,0
2016-03-07,04:00:00,0.62,0.63,0.62,0.63,280000,0
2016-03-07,04:05:00,0.63,0.63,0.63,0.63,285000,0
2016-03-07,04:40:00,0.63,0.63,0.63,0.63,250000,0
2016-03-07,06:25:00,0.63,0.63,0.63,0.63,70000,0
2016-03-07,06:35:00,0.63,0.63,0.63,0.63,135000,0
2016-03-07,06:45:00,0.63,0.63,0.63,0.63,200000,0
2016-03-07,07:25:00,0.63,0.63,0.63,0.63,30000,0
2016-03-07,07:30:00,0.63,0.63,0.63,0.63,100000,0
2016-03-07,07:50:00,0.63,0.63,0.63,0.63,1020000,0
2016-03-07,07:55:00,0.63,0.63,0.63,0.63,460000,0
2016-03-07,08:00:00,0.63,0.63,0.63,0.63,1300000,0
2016-03-07,08:15:00,0.63,0.63,0.63,0.63,40000,0
2016-03-07,08:20:00,0.63,0.63,0.63,0.63,10000,0
2016-03-07,08:30:00,0.63,0.63,0.63,0.63,300000,0
2016-03-07,08:35:00,0.63,0.63,0.63,0.63,500000,0
2016-03-07,08:45:00,0.63,0.63,0.63,0.63,5000,0
2016-03-07,08:50:00,0.63,0.63,0.63,0.63,495000,0
2016-03-07,09:00:00,0.63,0.64,0.62,0.64,190000,0
2016-03-08,02:35:00,0.65,0.67,0.65,0.66,645000,0
2016-03-08,02:40:00,0.66,0.66,0.65,0.65,610000,0
2016-03-08,02:55:00,0.65,0.65,0.65,0.65,15000,0
2016-03-08,03:00:00,0.65,0.65,0.65,0.65,85000,0
2016-03-08,03:05:00,0.65,0.65,0.65,0.65,35000,0
2016-03-08,03:20:00,0.65,0.65,0.64,0.64,650000,0
2016-03-08,03:25:00,0.64,0.64,0.64,0.64,170000,0
2016-03-08,03:50:00,0.64,0.64,0.63,0.63,100000,0
2016-03-08,04:20:00,0.63,0.63,0.63,0.63,100000,0
2016-03-08,04:25:00,0.63,0.64,0.63,0.64,100000,0
2016-03-08,04:35:00,0.64,0.64,0.64,0.64,10000,0
2016-03-08,04:55:00,0.64,0.64,0.62,0.62,2085000,0
2016-03-08,05:00:00,0.62,0.62,0.62,0.62,100000,0
2016-03-08,06:05:00,0.62,0.62,0.61,0.61,815000,0
2016-03-08,06:10:00,0.61,0.61,0.61,0.61,20000,0
2016-03-08,06:15:00,0.6,0.61,0.6,0.61,525000,0
2016-03-08,06:20:00,0.61,0.61,0.61,0.61,200000,0
2016-03-08,06:25:00,0.61,0.61,0.61,0.61,55000,0
2016-03-08,06:30:00,0.61,0.61,0.61,0.61,475000,0
2016-03-08,06:35:00,0.61,0.61,0.61,0.61,55000,0
2016-03-08,06:45:00,0.61,0.61,0.61,0.61,60000,0
2016-03-08,06:50:00,0.61,0.62,0.61,0.62,635000,0
2016-03-08,06:55:00,0.62,0.62,0.62,0.62,520000,0
2016-03-08,07:10:00,0.62,0.62,0.62,0.62,40000,0
2016-03-08,07:30:00,0.62,0.62,0.62,0.62,50000,0
2016-03-08,07:45:00,0.62,0.62,0.61,0.61,170000,0
2016-03-08,07:50:00,0.61,0.61,0.61,0.61,50000,0
2016-03-08,08:00:00,0.61,0.61,0.61,0.61,20000,0
2016-03-08,08:10:00,0.61,0.61,0.61,0.61,190000,0
2016-03-08,08:15:00,0.61,0.61,0.61,0.61,70000,0
2016-03-08,08:50:00,0.6,0.61,0.6,0.61,90000,0
2016-03-08,08:55:00,0.61,0.61,0.61,0.61,200000,0
2016-03-08,09:00:00,0.61,0.62,0.6,0.61,575000,0
2016-03-09,02:50:00,0.6,0.61,0.6,0.6,115000,0
2016-03-09,03:05:00,0.6,0.6,0.6,0.6,5000,0
2016-03-09,03:10:00,0.6,0.6,0.59,0.6,145000,0
2016-03-09,03:30:00,0.6,0.6,0.6,0.6,100000,0
2016-03-09,03:50:00,0.6,0.6,0.6,0.6,100000,0
2016-03-09,07:10:00,0.6,0.6,0.6,0.6,10000,0
2016-03-09,07:15:00,0.6,0.6,0.6,0.6,50000,0
2016-03-09,07:25:00,0.6,0.6,0.6,0.6,100000,0
2016-03-09,07:35:00,0.6,0.6,0.6,0.6,50000,0
2016-03-09,07:45:00,0.6,0.6,0.6,0.6,100000,0
2016-03-09,07:50:00,0.6,0.6,0.6,0.6,50000,0
2016-03-09,08:00:00,0.6,0.6,0.6,0.6,10000,0
2016-03-09,08:15:00,0.6,0.6,0.6,0.6,15000,0
2016-03-09,08:40:00,0.6,0.6,0.6,0.6,15000,0
2016-03-09,08:50:00,0.6,0.6,0.6,0.6,100000,0
2016-03-09,08:55:00,0.6,0.6,0.6,0.6,100000,0
2016-03-09,09:00:00,0.6,0.61,0.59,0.61,130000,0
2016-03-10,02:45:00,0.61,0.61,0.61,0.61,25000,0
2016-03-10,03:05:00,0.61,0.61,0.61,0.61,15000,0
2016-03-10,03:40:00,0.61,0.61,0.6,0.6,275000,0
2016-03-10,03:50:00,0.6,0.6,0.6,0.6,5000,0
2016-03-10,05:00:00,0.59,0.6,0.59,0.6,100000,0
2016-03-10,06:40:00,0.6,0.6,0.6,0.6,80000,0
2016-03-10,06:45:00,0.6,0.6,0.6,0.6,50000,0
2016-03-10,06:55:00,0.6,0.6,0.6,0.6,500000,0
2016-03-10,08:55:00,0.59,0.6,0.59,0.6,205000,0
2016-03-11,04:15:00,0.59,0.6,0.59,0.59,30000,0
2016-03-11,04:30:00,0.59,0.6,0.59,0.6,155000,0
2016-03-11,04:35:00,0.6,0.6,0.6,0.6,190000,0
2016-03-11,06:25:00,0.6,0.61,0.6,0.61,160000,0
2016-03-11,07:40:00,0.6,0.6,0.59,0.59,65000,0
2016-03-11,07:50:00,0.59,0.59,0.59,0.59,15000,0
2016-03-11,08:00:00,0.59,0.59,0.59,0.59,20000,0
2016-03-11,08:20:00,0.59,0.59,0.59,0.59,20000,0
2016-03-11,08:30:00,0.59,0.6,0.59,0.6,180000,0
2016-03-11,08:40:00,0.6,0.6,0.59,0.59,100000,0
2016-03-11,08:50:00,0.59,0.59,0.59,0.59,100000,0
2016-03-11,09:00:00,0.58,0.59,0.58,0.59,220000,0
2016-03-14,02:35:00,0.59,0.59,0.59,0.59,35000,0
2016-03-14,02:45:00,0.59,0.6,0.58,0.58,455000,0
2016-03-14,02:50:00,0.58,0.59,0.58,0.59,60000,0
2016-03-14,03:00:00,0.59,0.59,0.58,0.58,15000,0
2016-03-14,03:05:00,0.58,0.58,0.58,0.58,105000,0
2016-03-14,03:30:00,0.57,0.58,0.57,0.58,1300000,0
2016-03-14,03:40:00,0.58,0.58,0.58,0.58,85000,0
2016-03-14,03:50:00,0.58,0.58,0.58,0.58,515000,0
2016-03-14,03:55:00,0.58,0.58,0.58,0.58,80000,0
2016-03-14,04:00:00,0.58,0.58,0.58,0.58,310000,0
2016-03-14,04:05:00,0.58,0.58,0.58,0.58,40000,0
2016-03-14,04:15:00,0.58,0.58,0.58,0.58,70000,0
2016-03-14,04:25:00,0.58,0.58,0.58,0.58,40000,0
2016-03-14,04:35:00,0.58,0.58,0.58,0.58,600000,0
2016-03-14,06:10:00,0.58,0.58,0.58,0.58,50000,0
2016-03-14,06:40:00,0.58,0.58,0.58,0.58,2010000,0
2016-03-14,07:00:00,0.58,0.58,0.58,0.58,5000,0
2016-03-14,07:05:00,0.58,0.58,0.58,0.58,10000,0
2016-03-14,07:25:00,0.58,0.58,0.58,0.58,20000,0
2016-03-14,07:40:00,0.58,0.58,0.58,0.58,30000,0
2016-03-14,08:05:00,0.58,0.58,0.58,0.58,60000,0
2016-03-14,08:15:00,0.58,0.58,0.58,0.58,35000,0
2016-03-14,09:00:00,0.58,0.58,0.58,0.58,150000,0
2016-03-15,07:15:00,0.58,0.58,0.58,0.58,20000,0
2016-03-15,09:00:00,0.57,0.59,0.57,0.59,40000,0
2016-03-16,03:00:00,0.58,0.58,0.58,0.58,240000,0
2016-03-16,03:05:00,0.58,0.59,0.58,0.59,210000,0
2016-03-16,03:35:00,0.59,0.59,0.58,0.58,40000,0
2016-03-16,03:40:00,0.58,0.58,0.58,0.58,5000,0
2016-03-16,03:45:00,0.58,0.58,0.57,0.57,255000,0
2016-03-16,06:15:00,0.56,0.57,0.56,0.57,45000,0
2016-03-16,06:30:00,0.57,0.57,0.57,0.57,120000,0
2016-03-16,07:05:00,0.57,0.57,0.57,0.57,780,0
2016-03-16,07:20:00,0.57,0.57,0.57,0.57,280000,0
2016-03-16,07:25:00,0.57,0.58,0.57,0.58,75000,0
2016-03-16,07:30:00,0.58,0.58,0.58,0.58,50000,0
2016-03-16,07:45:00,0.58,0.58,0.58,0.58,720000,0
2016-03-16,08:50:00,0.58,0.58,0.57,0.57,225000,0
2016-03-16,09:00:00,0.57,0.58,0.57,0.58,20000,0
2016-03-17,03:30:00,0.56,0.57,0.56,0.57,1080000,0
2016-03-17,03:45:00,0.57,0.57,0.57,0.57,205000,0
2016-03-17,03:50:00,0.57,0.57,0.57,0.57,160000,0
2016-03-17,04:15:00,0.57,0.57,0.57,0.57,35000,0
2016-03-17,04:50:00,0.57,0.57,0.57,0.57,160000,0
2016-03-17,05:00:00,0.57,0.57,0.57,0.57,5000,0
2016-03-17,06:05:00,0.56,0.57,0.56,0.57,100000,0
2016-03-17,06:25:00,0.57,0.57,0.57,0.57,5000,0
2016-03-17,07:15:00,0.57,0.57,0.56,0.57,45000,0
2016-03-17,07:50:00,0.56,0.57,0.56,0.57,10000,0
2016-03-17,08:00:00,0.56,0.57,0.56,0.57,110000,0
2016-03-17,08:05:00,0.57,0.57,0.57,0.57,40000,0
2016-03-17,08:10:00,0.57,0.57,0.57,0.57,10000,0
2016-03-17,08:55:00,0.57,0.57,0.57,0.57,650000,0
2016-03-17,09:00:00,0.57,0.58,0.57,0.58,170000,0
2016-03-18,04:05:00,0.57,0.59,0.57,0.59,470000,0
2016-03-18,04:10:00,0.59,0.59,0.58,0.58,530000,0
2016-03-18,04:15:00,0.58,0.58,0.58,0.58,50000,0
2016-03-18,06:05:00,0.58,0.58,0.58,0.58,160000,0
2016-03-18,06:10:00,0.58,0.58,0.58,0.58,90000,0
2016-03-18,06:15:00,0.58,0.59,0.58,0.59,140000,0
2016-03-18,06:40:00,0.59,0.59,0.59,0.59,200000,0
2016-03-18,06:50:00,0.59,0.59,0.59,0.59,100000,0
2016-03-18,07:35:00,0.59,0.59,0.58,0.58,80000,0
2016-03-18,07:40:00,0.58,0.58,0.58,0.58,5000,0
2016-03-18,08:40:00,0.58,0.59,0.58,0.58,300000,0
2016-03-18,08:55:00,0.58,0.59,0.58,0.59,365000,0
2016-03-21,02:35:00,0.61,0.61,0.59,0.61,100000,0
2016-03-21,06:10:00,0.59,0.6,0.59,0.6,395000,0
2016-03-21,06:20:00,0.6,0.6,0.6,0.6,200000,0
2016-03-21,06:35:00,0.6,0.6,0.6,0.6,185000,0
2016-03-21,06:40:00,0.6,0.6,0.6,0.6,120000,0
2016-03-21,06:45:00,0.6,0.6,0.6,0.6,180000,0
2016-03-21,07:05:00,0.6,0.6,0.6,0.6,20000,0
2016-03-21,07:25:00,0.6,0.6,0.6,0.6,20000,0
2016-03-21,07:40:00,0.6,0.6,0.6,0.6,150000,0
2016-03-21,07:45:00,0.6,0.6,0.6,0.6,100000,0
2016-03-21,07:50:00,0.6,0.6,0.6,0.6,50000,0
2016-03-21,08:15:00,0.6,0.6,0.6,0.6,60000,0
2016-03-21,08:20:00,0.6,0.6,0.6,0.6,15000,0
2016-03-21,08:25:00,0.6,0.6,0.6,0.6,25000,0
2016-03-21,08:30:00,0.6,0.6,0.6,0.6,15000,0
2016-03-21,08:45:00,0.6,0.6,0.6,0.6,10000,0
2016-03-21,08:50:00,0.6,0.6,0.6,0.6,240000,0
2016-03-21,09:00:00,0.6,0.62,0.59,0.62,550000,0
2016-03-22,02:45:00,0.61,0.62,0.61,0.61,20000,0
2016-03-22,03:00:00,0.6,0.62,0.6,0.62,605000,0
2016-03-22,07:30:00,0.61,0.61,0.61,0.61,5000,0
2016-03-22,07:45:00,0.61,0.61,0.61,0.61,30000,0
2016-03-22,07:50:00,0.61,0.61,0.61,0.61,10000,0
2016-03-22,08:15:00,0.61,0.61,0.61,0.61,20000,0
2016-03-23,03:00:00,0.6,0.6,0.6,0.6,75000,0
2016-03-23,04:10:00,0.6,0.6,0.6,0.6,80000,0
2016-03-23,04:20:00,0.6,0.6,0.6,0.6,120000,0
2016-03-24,03:30:00,0.58,0.59,0.58,0.59,200000,0
2016-03-24,04:40:00,0.59,0.6,0.59,0.6,160000,0
2016-03-24,09:00:00,0.58,0.59,0.58,0.59,20000,0
2016-03-29,03:45:00,0.55,0.56,0.55,0.56,655000,0
2016-03-29,03:50:00,0.56,0.56,0.56,0.56,100000,0
2016-03-29,03:55:00,0.56,0.56,0.56,0.56,150000,0
2016-03-29,04:05:00,0.55,0.56,0.55,0.56,100000,0
2016-03-29,04:15:00,0.55,0.56,0.55,0.56,10000,0
2016-03-29,04:20:00,0.56,0.56,0.56,0.56,10000,0
2016-03-29,04:25:00,0.56,0.56,0.56,0.56,200000,0
2016-03-29,04:35:00,0.55,0.56,0.55,0.56,100000,0
2016-03-29,04:45:00,0.56,0.56,0.56,0.56,140000,0
2016-03-29,04:55:00,0.56,0.56,0.56,0.56,50000,0
2016-03-29,05:10:00,0.56,0.57,0.56,0.56,825000,0
2016-03-29,05:15:00,0.56,0.56,0.56,0.56,30000,0
2016-03-29,05:25:00,0.56,0.56,0.56,0.56,10000,0
2016-03-29,05:30:00,0.56,0.56,0.56,0.56,40000,0
2016-03-29,05:40:00,0.56,0.56,0.56,0.56,20000,0
2016-03-29,05:45:00,0.56,0.56,0.56,0.56,30000,0
2016-03-29,05:50:00,0.56,0.56,0.56,0.56,10000,0
2016-03-29,05:55:00,0.56,0.56,0.56,0.56,5000,0
2016-03-29,07:05:00,0.55,0.56,0.55,0.56,240000,0
2016-03-29,07:10:00,0.56,0.56,0.56,0.56,20000,0
2016-03-29,07:15:00,0.56,0.56,0.56,0.56,20000,0
2016-03-29,07:20:00,0.56,0.56,0.56,0.56,30000,0
2016-03-29,07:35:00,0.56,0.56,0.56,0.56,220000,0
2016-03-29,07:40:00,0.56,0.56,0.56,0.56,280000,0
2016-03-29,07:45:00,0.56,0.57,0.56,0.57,230000,0
2016-03-29,07:50:00,0.57,0.57,0.57,0.57,30000,0
2016-03-29,08:05:00,0.57,0.57,0.57,0.57,245000,0
2016-03-29,08:10:00,0.57,0.58,0.57,0.58,315000,0
2016-03-29,08:15:00,0.58,0.59,0.58,0.59,640000,0
2016-03-29,08:20:00,0.59,0.6,0.59,0.59,565000,0
2016-03-29,08:30:00,0.59,0.59,0.59,0.59,100000,0
2016-03-29,08:35:00,0.59,0.59,0.59,0.59,30000,0
2016-03-29,08:40:00,0.59,0.59,0.58,0.58,200000,0
2016-03-29,08:45:00,0.58,0.58,0.58,0.58,30000,0
2016-03-29,08:50:00,0.58,0.58,0.58,0.58,30000,0
2016-03-29,09:00:00,0.58,0.59,0.58,0.59,40000,0
2016-03-29,09:05:00,0.59,0.59,0.58,0.58,20000,0
2016-03-29,09:10:00,0.58,0.59,0.58,0.58,50000,0
2016-03-29,09:20:00,0.58,0.58,0.58,0.58,385000,0
2016-03-29,09:25:00,0.58,0.58,0.58,0.58,80000,0
2016-03-29,09:30:00,0.58,0.58,0.58,0.58,45000,0
2016-03-29,09:35:00,0.58,0.58,0.58,0.58,455000,0
2016-03-29,09:40:00,0.58,0.58,0.58,0.58,45000,0
2016-03-29,09:50:00,0.58,0.59,0.58,0.59,130000,0
2016-03-29,09:55:00,0.59,0.59,0.59,0.59,120000,0
2016-03-29,10:00:00,0.59,0.59,0.58,0.59,250000,0
2016-03-30,03:35:00,0.57,0.59,0.57,0.59,130000,0
2016-03-30,03:40:00,0.57,0.59,0.57,0.59,289770,0
2016-03-30,03:45:00,0.59,0.59,0.58,0.58,760000,0
2016-03-30,04:30:00,0.57,0.58,0.57,0.58,200000,0
2016-03-30,04:35:00,0.57,0.58,0.57,0.58,290000,0
2016-03-30,04:40:00,0.58,0.58,0.58,0.58,30000,0
2016-03-30,04:55:00,0.58,0.58,0.58,0.58,15000,0
2016-03-30,05:10:00,0.58,0.58,0.58,0.58,105000,0
2016-03-30,05:25:00,0.58,0.58,0.58,0.58,200000,0
2016-03-30,05:30:00,0.58,0.58,0.58,0.58,30000,0
2016-03-30,05:40:00,0.58,0.58,0.58,0.58,225000,0
2016-03-30,05:45:00,0.58,0.58,0.58,0.58,150000,0
2016-03-30,05:55:00,0.58,0.58,0.58,0.58,100000,0
2016-03-30,06:00:00,0.58,0.58,0.58,0.58,40000,0
2016-03-30,07:05:00,0.58,0.58,0.58,0.58,20000,0
2016-03-30,07:15:00,0.58,0.58,0.58,0.58,200000,0
2016-03-30,07:25:00,0.58,0.58,0.58,0.58,255000,0
2016-03-30,07:30:00,0.58,0.58,0.58,0.58,215000,0
2016-03-30,07:35:00,0.58,0.58,0.58,0.58,45000,0
2016-03-30,07:45:00,0.58,0.58,0.58,0.58,20000,0
2016-03-30,07:55:00,0.58,0.58,0.58,0.58,380000,0
2016-03-30,08:05:00,0.58,0.58,0.58,0.58,220000,0
2016-03-30,08:10:00,0.58,0.58,0.58,0.58,120000,0
2016-03-30,08:25:00,0.58,0.58,0.58,0.58,400000,0
2016-03-30,08:30:00,0.58,0.58,0.58,0.58,30000,0
2016-03-30,08:40:00,0.58,0.58,0.58,0.58,260000,0
2016-03-30,08:50:00,0.58,0.58,0.58,0.58,230000,0
2016-03-30,09:05:00,0.58,0.58,0.58,0.58,100000,0
2016-03-30,09:10:00,0.58,0.58,0.57,0.58,560000,0
2016-03-30,09:20:00,0.58,0.58,0.58,0.58,120000,0
2016-03-30,09:40:00,0.58,0.58,0.58,0.58,120000,0
2016-03-30,09:50:00,0.58,0.58,0.58,0.58,20000,0
2016-03-30,09:55:00,0.58,0.58,0.58,0.58,10000,0
2016-03-30,10:00:00,0.58,0.59,0.58,0.58,630000,0
2016-03-31,03:35:00,0.58,0.61,0.58,0.61,1485000,0
2016-03-31,03:40:00,0.61,0.61,0.61,0.61,50000,0
2016-03-31,03:45:00,0.61,0.61,0.59,0.59,1010000,0
2016-03-31,03:50:00,0.59,0.6,0.59,0.6,40000,0
2016-03-31,04:10:00,0.6,0.6,0.6,0.6,25000,0
2016-03-31,04:25:00,0.6,0.6,0.59,0.59,810000,0
2016-03-31,04:30:00,0.59,0.6,0.59,0.59,50000,0
2016-03-31,04:35:00,0.59,0.59,0.59,0.59,25000,0
2016-03-31,04:40:00,0.59,0.59,0.59,0.59,620000,0
2016-03-31,04:45:00,0.59,0.59,0.59,0.59,165000,0
2016-03-31,05:00:00,0.59,0.59,0.59,0.59,40000,0
2016-03-31,05:10:00,0.59,0.59,0.58,0.58,60000,0
2016-03-31,05:25:00,0.58,0.59,0.58,0.58,100000,0
2016-03-31,05:30:00,0.58,0.59,0.58,0.59,30000,0
2016-03-31,05:45:00,0.59,0.59,0.59,0.59,20000,0
2016-03-31,05:55:00,0.59,0.59,0.59,0.59,55000,0
2016-03-31,06:00:00,0.59,0.59,0.59,0.59,30000,0
2016-03-31,07:10:00,0.59,0.59,0.59,0.59,660000,0
2016-03-31,07:20:00,0.59,0.59,0.59,0.59,160000,0
2016-03-31,07:35:00,0.59,0.59,0.59,0.59,40000,0
2016-03-31,07:40:00,0.59,0.59,0.58,0.58,255000,0
2016-03-31,07:55:00,0.58,0.59,0.58,0.59,220000,0
2016-03-31,08:10:00,0.59,0.59,0.59,0.59,40000,0
2016-03-31,08:15:00,0.59,0.59,0.58,0.58,145000,0
2016-03-31,08:20:00,0.58,0.58,0.58,0.58,110000,0
2016-03-31,08:30:00,0.58,0.58,0.58,0.58,180000,0
2016-03-31,08:35:00,0.58,0.58,0.58,0.58,352,0
2016-03-31,08:40:00,0.58,0.58,0.58,0.58,240000,0
2016-03-31,08:55:00,0.58,0.58,0.58,0.58,600000,0
2016-03-31,09:00:00,0.58,0.58,0.58,0.58,120000,0
2016-03-31,09:10:00,0.58,0.58,0.58,0.58,40000,0
2016-03-31,09:15:00,0.58,0.58,0.58,0.58,270000,0
2016-03-31,09:25:00,0.58,0.58,0.57,0.58,760000,0
2016-03-31,09:30:00,0.58,0.58,0.57,0.57,45000,0
2016-03-31,09:35:00,0.56,0.57,0.56,0.57,100000,0
2016-03-31,09:40:00,0.57,0.57,0.57,0.57,100000,0
2016-03-31,10:00:00,0.56,0.57,0.56,0.57,115000,0
2016-04-01,03:35:00,0.56,0.57,0.56,0.57,840000,0
2016-04-01,03:40:00,0.57,0.58,0.57,0.57,195000,0
2016-04-01,03:45:00,0.57,0.57,0.56,0.56,645000,0
2016-04-01,03:50:00,0.56,0.56,0.55,0.55,210000,0
2016-04-01,03:55:00,0.55,0.57,0.55,0.56,2755000,0
2016-04-01,04:00:00,0.56,0.56,0.56,0.56,20000,0
2016-04-01,04:10:00,0.56,0.58,0.56,0.57,750000,0
2016-04-01,04:25:00,0.57,0.57,0.57,0.57,7000,0
2016-04-01,04:35:00,0.57,0.58,0.57,0.57,795000,0
2016-04-01,04:40:00,0.57,0.57,0.57,0.57,630000,0
2016-04-01,04:45:00,0.57,0.57,0.57,0.57,50000,0
2016-04-01,04:55:00,0.57,0.57,0.57,0.57,330000,0
2016-04-01,05:15:00,0.57,0.57,0.57,0.57,100000,0
2016-04-01,05:30:00,0.57,0.57,0.56,0.56,70000,0
2016-04-01,05:45:00,0.56,0.57,0.56,0.57,30000,0
2016-04-01,05:50:00,0.57,0.57,0.56,0.56,10000,0
2016-04-01,06:00:00,0.56,0.57,0.56,0.57,25000,0
2016-04-01,07:10:00,0.57,0.57,0.57,0.57,20000,0
2016-04-01,07:35:00,0.57,0.57,0.57,0.57,10000,0
2016-04-01,07:50:00,0.57,0.57,0.56,0.56,160000,0
2016-04-01,07:55:00,0.56,0.56,0.56,0.56,50000,0
2016-04-01,08:05:00,0.56,0.57,0.56,0.56,120000,0
2016-04-01,08:10:00,0.56,0.56,0.55,0.55,245000,0
2016-04-01,08:20:00,0.55,0.55,0.55,0.55,300000,0
2016-04-01,08:25:00,0.55,0.55,0.55,0.55,70000,0
2016-04-01,08:30:00,0.55,0.55,0.55,0.55,350000,0
2016-04-01,08:35:00,0.55,0.55,0.55,0.55,100000,0
2016-04-01,08:40:00,0.55,0.55,0.55,0.55,85000,0
2016-04-01,08:50:00,0.54,0.55,0.54,0.55,80000,0
2016-04-01,08:55:00,0.54,0.55,0.54,0.55,50000,0
2016-04-01,09:00:00,0.55,0.55,0.55,0.55,80000,0
2016-04-01,09:20:00,0.55,0.56,0.55,0.56,695000,0
2016-04-01,09:35:00,0.56,0.56,0.56,0.56,150000,0
2016-04-01,09:40:00,0.56,0.56,0.56,0.56,210000,0
2016-04-01,09:45:00,0.56,0.56,0.56,0.56,150000,0
2016-04-01,09:50:00,0.56,0.56,0.56,0.56,5000,0
2016-04-01,09:55:00,0.56,0.56,0.56,0.56,20000,0
2016-04-01,10:00:00,0.56,0.61,0.56,0.6,3780000,0
2016-04-05,03:35:00,0.58,0.6,0.58,0.6,400000,0
2016-04-05,03:40:00,0.6,0.6,0.6,0.6,120000,0
2016-04-05,03:45:00,0.6,0.6,0.6,0.6,80000,0
2016-04-05,03:50:00,0.6,0.6,0.59,0.59,390000,0
2016-04-05,03:55:00,0.59,0.6,0.59,0.6,125000,0
2016-04-05,04:00:00,0.6,0.62,0.6,0.62,2045000,0
2016-04-05,04:05:00,0.62,0.62,0.61,0.62,470000,0
2016-04-05,04:10:00,0.62,0.63,0.62,0.63,355000,0
2016-04-05,04:15:00,0.63,0.64,0.63,0.64,895000,0
2016-04-05,04:20:00,0.64,0.64,0.64,0.64,425000,0
2016-04-05,04:25:00,0.64,0.65,0.63,0.65,1695000,0
2016-04-05,04:30:00,0.65,0.65,0.65,0.65,450000,0
2016-04-05,04:35:00,0.65,0.65,0.65,0.65,170000,0
2016-04-05,04:40:00,0.65,0.65,0.65,0.65,990000,0
2016-04-05,04:45:00,0.65,0.65,0.65,0.65,730000,0
2016-04-05,04:50:00,0.65,0.65,0.65,0.65,650000,0
2016-04-05,04:55:00,0.65,0.65,0.64,0.65,200000,0
2016-04-05,05:00:00,0.65,0.65,0.65,0.65,635000,0
2016-04-05,05:05:00,0.65,0.65,0.65,0.65,450000,0
2016-04-05,05:10:00,0.65,0.66,0.65,0.66,180000,0
2016-04-05,05:25:00,0.65,0.65,0.65,0.65,5000,0
2016-04-05,05:30:00,0.65,0.66,0.65,0.66,80000,0
2016-04-05,05:35:00,0.66,0.66,0.65,0.65,240000,0
2016-04-05,05:50:00,0.65,0.65,0.65,0.65,65000,0
2016-04-05,07:05:00,0.65,0.65,0.65,0.65,225000,0
2016-04-05,07:10:00,0.65,0.65,0.65,0.65,15000,0
2016-04-05,07:15:00,0.65,0.65,0.65,0.65,110000,0
2016-04-05,07:25:00,0.65,0.65,0.65,0.65,45000,0
2016-04-05,07:30:00,0.65,0.65,0.65,0.65,20000,0
2016-04-05,07:35:00,0.65,0.65,0.65,0.65,20000,0
2016-04-05,07:40:00,0.65,0.65,0.64,0.64,60000,0
2016-04-05,07:45:00,0.64,0.64,0.63,0.63,30000,0
2016-04-05,07:50:00,0.63,0.63,0.63,0.63,102177,0
2016-04-05,08:05:00,0.63,0.63,0.62,0.62,705000,0
2016-04-05,08:10:00,0.62,0.63,0.62,0.63,125000,0
2016-04-05,08:15:00,0.63,0.63,0.63,0.63,160000,0
2016-04-05,08:25:00,0.63,0.63,0.62,0.62,615000,0
2016-04-05,08:30:00,0.62,0.62,0.61,0.61,1620000,0
2016-04-05,08:35:00,0.61,0.61,0.61,0.61,175000,0
2016-04-05,08:40:00,0.61,0.61,0.61,0.61,35000,0
2016-04-05,08:45:00,0.61,0.61,0.61,0.61,10000,0
2016-04-05,08:50:00,0.61,0.61,0.61,0.61,370000,0
2016-04-05,09:00:00,0.61,0.61,0.61,0.61,30000,0
2016-04-05,09:05:00,0.61,0.61,0.61,0.61,110000,0
2016-04-05,09:10:00,0.61,0.61,0.61,0.61,175000,0
2016-04-05,09:15:00,0.61,0.61,0.61,0.61,20000,0
2016-04-05,09:20:00,0.61,0.61,0.6,0.6,605000,0
2016-04-05,09:25:00,0.6,0.6,0.6,0.6,90000,0
2016-04-05,09:30:00,0.6,0.6,0.6,0.6,20000,0
2016-04-05,09:35:00,0.6,0.6,0.6,0.6,185000,0
2016-04-05,09:40:00,0.6,0.6,0.6,0.6,300000,0
2016-04-05,09:55:00,0.6,0.6,0.59,0.59,1630000,0
2016-04-05,10:00:00,0.59,0.59,0.59,0.59,475000,0
2016-04-06,03:35:00,0.59,0.59,0.59,0.59,130000,0
2016-04-06,03:40:00,0.59,0.6,0.59,0.6,1375000,0
2016-04-06,03:45:00,0.6,0.6,0.6,0.6,690000,0
2016-04-06,03:50:00,0.6,0.6,0.6,0.6,100000,0
2016-04-06,03:55:00,0.6,0.6,0.6,0.6,490000,0
2016-04-06,04:00:00,0.6,0.61,0.6,0.6,970000,0
2016-04-06,04:15:00,0.6,0.6,0.6,0.6,360000,0
2016-04-06,04:25:00,0.6,0.6,0.6,0.6,1030000,0
2016-04-06,04:30:00,0.6,0.6,0.6,0.6,120000,0
2016-04-06,05:05:00,0.6,0.6,0.6,0.6,20000,0
2016-04-06,05:15:00,0.6,0.6,0.59,0.59,350000,0
2016-04-06,05:20:00,0.59,0.59,0.59,0.59,20000,0
2016-04-06,05:25:00,0.59,0.59,0.57,0.58,3420000,0
2016-04-06,05:30:00,0.58,0.58,0.57,0.57,325000,0
2016-04-06,05:35:00,0.57,0.58,0.57,0.58,585000,0
2016-04-06,05:40:00,0.58,0.58,0.58,0.58,450000,0
2016-04-06,05:45:00,0.58,0.58,0.58,0.58,5000,0
2016-04-06,05:55:00,0.58,0.58,0.57,0.57,795000,0
2016-04-06,06:00:00,0.57,0.57,0.56,0.56,2130000,0
2016-04-06,07:05:00,0.56,0.56,0.56,0.56,140000,0
2016-04-06,07:15:00,0.56,0.57,0.56,0.57,160000,0
2016-04-06,07:20:00,0.57,0.57,0.57,0.57,30000,0
2016-04-06,07:25:00,0.57,0.57,0.57,0.57,10000,0
2016-04-06,07:30:00,0.57,0.57,0.56,0.57,2090000,0
2016-04-06,07:35:00,0.57,0.58,0.57,0.58,230000,0
2016-04-06,07:40:00,0.57,0.57,0.57,0.57,50000,0
2016-04-06,07:50:00,0.57,0.57,0.56,0.56,1410000,0
2016-04-06,07:55:00,0.56,0.56,0.56,0.56,190000,0
2016-04-06,08:00:00,0.56,0.56,0.56,0.56,80000,0
2016-04-06,08:05:00,0.56,0.56,0.56,0.56,100000,0
2016-04-06,08:10:00,0.56,0.56,0.55,0.56,1485000,0
2016-04-06,08:15:00,0.56,0.56,0.56,0.56,370000,0
2016-04-06,08:20:00,0.56,0.56,0.56,0.56,20000,0
2016-04-06,08:25:00,0.56,0.56,0.56,0.56,25000,0
2016-04-06,08:35:00,0.56,0.56,0.56,0.56,155000,0
2016-04-06,08:40:00,0.56,0.56,0.56,0.56,500000,0
2016-04-06,08:45:00,0.56,0.56,0.56,0.56,110000,0
2016-04-06,08:50:00,0.56,0.56,0.56,0.56,120000,0
2016-04-06,08:55:00,0.56,0.56,0.56,0.56,80000,0
2016-04-06,09:00:00,0.56,0.57,0.56,0.56,1765000,0
2016-04-06,09:05:00,0.56,0.57,0.56,0.57,520000,0
2016-04-06,09:10:00,0.57,0.57,0.57,0.57,150000,0
2016-04-06,09:15:00,0.57,0.58,0.57,0.58,700000,0
2016-04-06,09:40:00,0.58,0.58,0.58,0.58,100000,0
2016-04-06,09:55:00,0.58,0.58,0.57,0.57,340000,0
2016-04-06,10:00:00,0.57,0.61,0.57,0.6,2985000,0
2016-04-07,03:45:00,0.58,0.6,0.58,0.6,990000,0
2016-04-07,03:50:00,0.6,0.6,0.59,0.59,350000,0
2016-04-07,03:55:00,0.59,0.6,0.59,0.6,190000,0
2016-04-07,04:00:00,0.6,0.6,0.59,0.59,500000,0
2016-04-07,04:05:00,0.59,0.6,0.59,0.6,240000,0
2016-04-07,04:25:00,0.59,0.59,0.58,0.59,1440000,0
2016-04-07,04:40:00,0.58,0.59,0.58,0.59,330000,0
2016-04-07,04:45:00,0.59,0.59,0.59,0.59,390000,0
2016-04-07,04:50:00,0.59,0.59,0.59,0.59,810000,0
2016-04-07,05:10:00,0.59,0.59,0.59,0.59,315000,0
2016-04-07,05:25:00,0.59,0.59,0.59,0.59,50000,0
2016-04-07,05:30:00,0.59,0.59,0.59,0.59,450000,0
2016-04-07,05:35:00,0.59,0.59,0.59,0.59,50000,0
2016-04-07,05:40:00,0.59,0.59,0.59,0.59,660000,0
2016-04-07,05:45:00,0.59,0.59,0.59,0.59,40000,0
2016-04-07,07:05:00,0.59,0.59,0.59,0.59,10000,0
2016-04-07,07:15:00,0.59,0.59,0.59,0.59,100000,0
2016-04-07,07:30:00,0.59,0.6,0.59,0.6,100000,0
2016-04-07,07:35:00,0.6,0.6,0.6,0.6,50000,0
2016-04-07,07:40:00,0.6,0.6,0.59,0.59,100000,0
2016-04-07,07:45:00,0.59,0.59,0.58,0.59,1255000,0
2016-04-07,07:50:00,0.59,0.59,0.59,0.59,20000,0
2016-04-07,08:00:00,0.59,0.59,0.59,0.59,50000,0
2016-04-07,08:10:00,0.59,0.59,0.59,0.59,50000,0
2016-04-07,08:20:00,0.59,0.59,0.59,0.59,1000,0
2016-04-07,08:35:00,0.59,0.59,0.59,0.59,100000,0
2016-04-07,08:40:00,0.59,0.59,0.59,0.59,465000,0
2016-04-07,08:55:00,0.58,0.59,0.58,0.59,80000,0
2016-04-07,09:15:00,0.59,0.59,0.59,0.59,50000,0
2016-04-07,09:55:00,0.58,0.59,0.58,0.59,4510000,0
2016-04-07,10:00:00,0.59,0.61,0.59,0.61,2760000,0
2016-04-08,03:35:00,0.6,0.6,0.58,0.59,610000,0
2016-04-08,03:40:00,0.59,0.59,0.59,0.59,415000,0
2016-04-08,03:50:00,0.59,0.59,0.59,0.59,450000,0
2016-04-08,04:00:00,0.59,0.59,0.59,0.59,350000,0
2016-04-08,04:15:00,0.59,0.59,0.59,0.59,100000,0
2016-04-08,04:30:00,0.59,0.59,0.59,0.59,385000,0
2016-04-08,04:35:00,0.59,0.59,0.59,0.59,100000,0
2016-04-08,04:40:00,0.59,0.59,0.59,0.59,20000,0
2016-04-08,05:00:00,0.59,0.6,0.59,0.6,1075000,0
2016-04-08,05:05:00,0.6,0.6,0.6,0.6,25000,0
2016-04-08,05:10:00,0.6,0.6,0.6,0.6,150000,0
2016-04-08,05:25:00,0.6,0.6,0.6,0.6,375000,0
2016-04-08,05:35:00,0.6,0.6,0.6,0.6,330000,0
2016-04-08,05:40:00,0.6,0.6,0.6,0.6,340000,0
2016-04-08,05:45:00,0.6,0.6,0.6,0.6,230000,0
2016-04-08,07:05:00,0.6,0.61,0.6,0.61,220000,0
2016-04-08,07:15:00,0.61,0.62,0.61,0.62,360000,0
2016-04-08,07:20:00,0.62,0.62,0.62,0.62,15000,0
2016-04-08,07:25:00,0.62,0.62,0.62,0.62,100000,0
2016-04-08,07:30:00,0.62,0.62,0.62,0.62,50000,0
2016-04-08,07:35:00,0.62,0.62,0.62,0.62,80000,0
2016-04-08,07:40:00,0.62,0.62,0.61,0.62,160000,0
2016-04-08,07:45:00,0.62,0.62,0.61,0.61,60000,0
2016-04-08,07:55:00,0.61,0.61,0.61,0.61,640000,0
2016-04-08,08:00:00,0.61,0.61,0.61,0.61,20000,0
2016-04-08,08:15:00,0.61,0.61,0.61,0.61,690000,0
2016-04-08,08:45:00,0.61,0.61,0.61,0.61,10000,0
2016-04-08,09:00:00,0.61,0.61,0.61,0.61,20000,0
2016-04-08,09:05:00,0.61,0.61,0.61,0.61,25000,0
2016-04-08,09:35:00,0.61,0.61,0.61,0.61,50000,0
2016-04-08,10:00:00,0.61,0.63,0.61,0.63,445000,0
2016-04-11,03:35:00,0.63,0.63,0.62,0.62,20000,0
2016-04-11,04:35:00,0.61,0.62,0.61,0.62,405000,0
2016-04-11,04:45:00,0.62,0.62,0.62,0.62,115000,0
2016-04-11,05:10:00,0.62,0.62,0.62,0.62,130000,0
2016-04-11,05:15:00,0.62,0.62,0.62,0.62,5000,0
2016-04-11,07:10:00,0.61,0.62,0.61,0.62,595000,0
2016-04-11,07:15:00,0.62,0.62,0.62,0.62,125000,0
2016-04-11,07:20:00,0.62,0.62,0.62,0.62,340000,0
2016-04-11,07:55:00,0.62,0.62,0.62,0.62,80000,0
2016-04-11,08:00:00,0.62,0.62,0.62,0.62,5000,0
2016-04-11,08:10:00,0.62,0.62,0.62,0.62,1210000,0
2016-04-11,08:15:00,0.62,0.62,0.62,0.62,100000,0
2016-04-11,08:45:00,0.62,0.62,0.62,0.62,20000,0
2016-04-11,08:55:00,0.62,0.62,0.62,0.62,1380000,0
2016-04-11,09:00:00,0.62,0.62,0.62,0.62,680000,0
2016-04-11,09:20:00,0.62,0.62,0.62,0.62,405000,0
2016-04-11,09:30:00,0.62,0.62,0.62,0.62,85000,0
2016-04-11,09:45:00,0.61,0.62,0.61,0.62,40000,0
2016-04-11,09:55:00,0.62,0.62,0.62,0.62,430000,0
2016-04-11,10:00:00,0.62,0.63,0.62,0.63,345000,0
2016-04-12,03:35:00,0.63,0.63,0.63,0.63,20000,0
2016-04-12,03:40:00,0.63,0.63,0.62,0.62,390000,0
2016-04-12,03:45:00,0.62,0.62,0.62,0.62,70000,0
2016-04-12,03:50:00,0.62,0.62,0.61,0.61,990000,0
2016-04-12,03:55:00,0.61,0.61,0.61,0.61,400000,0
2016-04-12,04:00:00,0.61,0.61,0.61,0.61,10000,0
2016-04-12,04:05:00,0.61,0.61,0.6,0.61,60000,0
2016-04-12,04:10:00,0.61,0.61,0.61,0.61,640000,0
2016-04-12,04:15:00,0.61,0.61,0.61,0.61,50000,0
2016-04-12,04:25:00,0.61,0.61,0.61,0.61,100000,0
2016-04-12,04:30:00,0.61,0.61,0.61,0.61,1050000,0
2016-04-12,04:55:00,0.61,0.61,0.61,0.61,5000,0
2016-04-12,05:15:00,0.61,0.61,0.61,0.61,30000,0
2016-04-12,05:55:00,0.61,0.61,0.61,0.61,200000,0
2016-04-12,07:05:00,0.61,0.62,0.61,0.61,775000,0
2016-04-12,07:10:00,0.61,0.61,0.61,0.61,500000,0
2016-04-12,07:15:00,0.61,0.61,0.61,0.61,100000,0
2016-04-12,07:20:00,0.61,0.61,0.61,0.61,490000,0
2016-04-12,07:25:00,0.61,0.61,0.61,0.61,160000,0
2016-04-12,07:40:00,0.61,0.61,0.61,0.61,400000,0
2016-04-12,07:45:00,0.61,0.61,0.61,0.61,100000,0
2016-04-12,08:00:00,0.61,0.61,0.61,0.61,710000,0
2016-04-12,08:05:00,0.61,0.61,0.61,0.61,22,0
2016-04-12,08:25:00,0.61,0.61,0.61,0.61,600000,0
2016-04-12,08:45:00,0.61,0.61,0.61,0.61,40000,0
2016-04-12,09:00:00,0.61,0.61,0.61,0.61,300000,0
2016-04-12,09:05:00,0.61,0.61,0.61,0.61,50000,0
2016-04-12,09:30:00,0.61,0.62,0.61,0.62,40000,0
2016-04-12,09:40:00,0.62,0.62,0.61,0.61,80000,0
2016-04-12,09:45:00,0.61,0.61,0.61,0.61,30000,0
2016-04-12,10:00:00,0.61,0.61,0.6,0.61,1045000,0
2016-04-13,03:35:00,0.61,0.61,0.61,0.61,150000,0
2016-04-13,03:40:00,0.61,0.61,0.61,0.61,250000,0
2016-04-13,03:45:00,0.61,0.61,0.61,0.61,420000,0
2016-04-13,03:50:00,0.61,0.61,0.61,0.61,105000,0
2016-04-13,03:55:00,0.61,0.61,0.61,0.61,820000,0
2016-04-13,04:05:00,0.61,0.61,0.61,0.61,30000,0
2016-04-13,04:30:00,0.61,0.61,0.61,0.61,50000,0
2016-04-13,05:05:00,0.61,0.62,0.61,0.62,15000,0
2016-04-13,05:15:00,0.62,0.62,0.62,0.62,1480000,0
2016-04-13,05:35:00,0.62,0.62,0.61,0.61,10000,0
2016-04-13,06:00:00,0.61,0.62,0.61,0.62,10000,0
2016-04-13,07:05:00,0.62,0.62,0.62,0.62,10000,0
2016-04-13,07:25:00,0.62,0.62,0.61,0.62,865000,0
2016-04-13,07:30:00,0.62,0.62,0.61,0.62,435000,0
2016-04-13,07:35:00,0.62,0.62,0.62,0.62,100000,0
2016-04-13,07:45:00,0.62,0.62,0.61,0.61,595000,0
2016-04-13,07:50:00,0.61,0.61,0.6,0.6,400000,0
2016-04-13,08:50:00,0.6,0.6,0.6,0.6,20000,0
2016-04-13,08:55:00,0.6,0.6,0.6,0.6,1530000,0
2016-04-13,09:00:00,0.6,0.6,0.6,0.6,115000,0
2016-04-13,09:05:00,0.6,0.6,0.6,0.6,20000,0
2016-04-13,09:45:00,0.6,0.6,0.6,0.6,40000,0
2016-04-13,10:00:00,0.6,0.61,0.6,0.61,270000,0
