Date,Time,Open,High,Low,Close,Volume,OpenInt
2016-02-04,03:25:00,1.66,1.68,1.66,1.67,56000,0
2016-02-04,03:40:00,1.67,1.68,1.67,1.67,12000,0
2016-02-04,03:50:00,1.67,1.68,1.67,1.68,4000,0
2016-02-04,07:50:00,1.67,1.68,1.67,1.67,98000,0
2016-02-04,08:15:00,1.69,1.69,1.69,1.69,2000,0
2016-02-04,08:45:00,1.69,1.7,1.69,1.7,40000,0
2016-02-04,08:55:00,1.7,1.7,1.68,1.68,30000,0
2016-02-04,09:00:00,1.68,1.7,1.67,1.67,22000,0
2016-02-05,02:45:00,1.69,1.7,1.67,1.7,48000,0
2016-02-05,02:50:00,1.7,1.73,1.7,1.73,56000,0
2016-02-05,02:55:00,1.72,1.72,1.7,1.7,32000,0
2016-02-05,03:05:00,1.7,1.7,1.68,1.68,82000,0
2016-02-05,03:15:00,1.68,1.7,1.68,1.7,16000,0
2016-02-05,03:35:00,1.7,1.7,1.7,1.7,14000,0
2016-02-05,03:45:00,1.7,1.7,1.7,1.7,4000,0
2016-02-05,03:55:00,1.7,1.7,1.7,1.7,2000,0
2016-02-05,04:00:00,1.7,1.7,1.68,1.68,28000,0
2016-02-05,04:10:00,1.68,1.68,1.68,1.68,16000,0
2016-02-05,04:15:00,1.68,1.69,1.68,1.69,14000,0
2016-02-05,04:25:00,1.69,1.7,1.69,1.7,16000,0
2016-02-05,04:35:00,1.7,1.71,1.7,1.71,20000,0
2016-02-05,04:45:00,1.71,1.71,1.7,1.7,22000,0
2016-02-05,05:00:00,1.7,1.71,1.69,1.69,26000,0
2016-02-05,06:45:00,1.69,1.69,1.69,1.69,2000,0
2016-02-05,06:50:00,1.69,1.69,1.69,1.69,28000,0
2016-02-05,07:15:00,1.69,1.69,1.69,1.69,18000,0
2016-02-05,07:40:00,1.69,1.69,1.68,1.68,24000,0
2016-02-05,07:50:00,1.68,1.68,1.68,1.68,16000,0
2016-02-05,07:55:00,1.68,1.68,1.68,1.68,16000,0
2016-02-05,08:15:00,1.68,1.68,1.68,1.68,14000,0
2016-02-05,08:25:00,1.68,1.68,1.68,1.68,10000,0
2016-02-05,08:45:00,1.68,1.68,1.68,1.68,12000,0
2016-02-05,08:55:00,1.68,1.68,1.68,1.68,16000,0
2016-02-05,09:00:00,1.68,1.69,1.68,1.69,12000,0
2016-02-11,02:40:00,1.62,1.62,1.62,1.62,6000,0
2016-02-11,03:05:00,1.62,1.62,1.59,1.59,10000,0
2016-02-11,03:20:00,1.59,1.61,1.59,1.59,34000,0
2016-02-11,03:25:00,1.59,1.61,1.59,1.61,106000,0
2016-02-11,03:40:00,1.61,1.61,1.59,1.59,28000,0
2016-02-11,04:00:00,1.59,1.59,1.59,1.59,6000,0
2016-02-11,04:10:00,1.59,1.6,1.59,1.6,14000,0
2016-02-11,04:15:00,1.6,1.69,1.6,1.61,40000,0
2016-02-11,04:30:00,1.61,1.61,1.61,1.61,4000,0
2016-02-11,04:50:00,1.61,1.63,1.61,1.63,26000,0
2016-02-11,05:00:00,1.63,1.63,1.63,1.63,4000,0
2016-02-11,06:25:00,1.62,1.62,1.62,1.62,4000,0
2016-02-11,06:50:00,1.62,1.62,1.62,1.62,2000,0
2016-02-11,07:00:00,1.62,1.62,1.62,1.62,2000,0
2016-02-11,07:05:00,1.62,1.62,1.62,1.62,2000,0
2016-02-11,07:25:00,1.62,1.62,1.61,1.61,4000,0
2016-02-11,07:30:00,1.61,1.61,1.61,1.61,2000,0
2016-02-11,07:40:00,1.61,1.61,1.61,1.61,4000,0
2016-02-11,07:45:00,1.61,1.61,1.61,1.61,4000,0
2016-02-11,07:50:00,1.61,1.61,1.61,1.61,2000,0
2016-02-11,07:55:00,1.61,1.61,1.61,1.61,2000,0
2016-02-11,08:00:00,1.61,1.62,1.61,1.61,26000,0
2016-02-11,08:20:00,1.61,1.61,1.61,1.61,2000,0
2016-02-11,08:30:00,1.61,1.61,1.61,1.61,4000,0
2016-02-11,08:40:00,1.61,1.62,1.61,1.61,52000,0
2016-02-11,08:45:00,1.61,1.61,1.61,1.61,2000,0
2016-02-11,08:50:00,1.61,1.61,1.61,1.61,2000,0
2016-02-11,08:55:00,1.61,1.62,1.61,1.62,18000,0
2016-02-11,09:00:00,1.62,1.64,1.62,1.62,44000,0
2016-02-12,02:40:00,1.58,1.62,1.58,1.59,30000,0
2016-02-12,02:45:00,1.59,1.61,1.59,1.59,68000,0
2016-02-12,02:50:00,1.59,1.61,1.59,1.61,8000,0
2016-02-12,02:55:00,1.58,1.61,1.58,1.61,8000,0
2016-02-12,03:10:00,1.58,1.61,1.58,1.61,4000,0
2016-02-12,04:05:00,1.58,1.6,1.58,1.6,22000,0
2016-02-12,04:40:00,1.58,1.6,1.58,1.6,4000,0
2016-02-12,04:45:00,1.6,1.6,1.59,1.59,4000,0
2016-02-12,06:10:00,1.59,1.59,1.59,1.59,2000,0
2016-02-12,06:40:00,1.59,1.59,1.59,1.59,2000,0
2016-02-12,06:45:00,1.59,1.6,1.59,1.6,116000,0
2016-02-12,06:50:00,1.6,1.6,1.6,1.6,2000,0
2016-02-12,06:55:00,1.6,1.6,1.6,1.6,2000,0
2016-02-12,07:00:00,1.6,1.62,1.6,1.62,22000,0
2016-02-12,07:05:00,1.62,1.62,1.62,1.62,6000,0
2016-02-12,07:15:00,1.62,1.62,1.62,1.62,8000,0
2016-02-12,07:25:00,1.62,1.62,1.62,1.62,4000,0
2016-02-12,07:40:00,1.62,1.62,1.6,1.6,8000,0
2016-02-12,07:50:00,1.6,1.6,1.6,1.6,2000,0
2016-02-12,08:00:00,1.61,1.61,1.61,1.61,2000,0
2016-02-12,08:10:00,1.61,1.61,1.61,1.61,2000,0
2016-02-12,08:40:00,1.61,1.62,1.61,1.62,10000,0
2016-02-12,08:55:00,1.62,1.63,1.62,1.63,32000,0
2016-02-12,09:00:00,1.62,1.62,1.6,1.62,10000,0
2016-02-15,04:30:00,1.67,1.68,1.63,1.64,156000,0
2016-02-15,04:35:00,1.64,1.66,1.64,1.66,24000,0
2016-02-15,04:40:00,1.66,1.67,1.66,1.67,10000,0
2016-02-15,05:00:00,1.67,1.67,1.65,1.65,30000,0
2016-02-15,06:15:00,1.65,1.65,1.65,1.65,22000,0
2016-02-15,06:20:00,1.65,1.65,1.65,1.65,20000,0
2016-02-15,06:30:00,1.65,1.65,1.65,1.65,6000,0
2016-02-15,06:45:00,1.65,1.66,1.65,1.65,68000,0
2016-02-15,07:00:00,1.65,1.66,1.65,1.66,4000,0
2016-02-15,07:20:00,1.66,1.66,1.66,1.66,30000,0
2016-02-15,07:45:00,1.66,1.66,1.66,1.66,1000,0
2016-02-15,07:55:00,1.65,1.65,1.65,1.65,6000,0
2016-02-15,08:05:00,1.65,1.65,1.64,1.64,4000,0
2016-02-15,08:10:00,1.64,1.65,1.64,1.65,4000,0
2016-02-15,08:15:00,1.65,1.65,1.65,1.65,2000,0
2016-02-15,08:25:00,1.65,1.65,1.65,1.65,12000,0
2016-02-15,08:30:00,1.65,1.65,1.65,1.65,28000,0
2016-02-15,08:50:00,1.65,1.65,1.65,1.65,2000,0
2016-02-15,09:00:00,1.65,1.66,1.64,1.64,78000,0
2016-02-16,02:35:00,1.66,1.7,1.66,1.7,114000,0
2016-02-16,02:40:00,1.7,1.71,1.7,1.71,22000,0
2016-02-16,03:00:00,1.71,1.71,1.71,1.71,2000,0
2016-02-16,03:05:00,1.71,1.71,1.68,1.69,50000,0
2016-02-16,03:10:00,1.69,1.69,1.69,1.69,20000,0
2016-02-16,03:30:00,1.69,1.71,1.69,1.71,24000,0
2016-02-16,03:55:00,1.71,1.71,1.7,1.7,4000,0
2016-02-16,04:00:00,1.7,1.7,1.69,1.69,14000,0
2016-02-16,04:35:00,1.69,1.69,1.69,1.69,10000,0
2016-02-16,06:45:00,1.69,1.69,1.69,1.69,2000,0
2016-02-16,07:15:00,1.69,1.69,1.68,1.68,6000,0
2016-02-16,07:25:00,1.68,1.69,1.68,1.68,28000,0
2016-02-16,08:05:00,1.68,1.68,1.68,1.68,4000,0
2016-02-16,08:35:00,1.68,1.68,1.67,1.67,32000,0
2016-02-16,08:40:00,1.67,1.69,1.67,1.68,28000,0
2016-02-16,09:00:00,1.68,1.68,1.68,1.68,4000,0
2016-02-17,03:20:00,1.7,1.7,1.68,1.7,46000,0
2016-02-17,03:25:00,1.7,1.7,1.7,1.7,20000,0
2016-02-17,03:30:00,1.7,1.7,1.69,1.7,14000,0
2016-02-17,03:35:00,1.7,1.7,1.7,1.7,14000,0
2016-02-17,03:50:00,1.7,1.7,1.69,1.7,6000,0
2016-02-17,03:55:00,1.7,1.7,1.7,1.7,6000,0
2016-02-17,04:00:00,1.7,1.7,1.68,1.7,24000,0
2016-02-17,04:05:00,1.7,1.7,1.68,1.69,30000,0
2016-02-17,04:35:00,1.69,1.69,1.69,1.69,2000,0
2016-02-17,04:40:00,1.69,1.69,1.69,1.69,2000,0
2016-02-17,06:10:00,1.69,1.7,1.69,1.7,12000,0
2016-02-17,06:15:00,1.7,1.7,1.7,1.7,2000,0
2016-02-17,06:20:00,1.7,1.7,1.7,1.7,2000,0
2016-02-17,07:05:00,1.7,1.7,1.7,1.7,4000,0
2016-02-17,07:50:00,1.68,1.7,1.68,1.7,20000,0
2016-02-17,09:00:00,1.69,1.71,1.69,1.7,78000,0
2016-02-18,02:35:00,1.73,1.73,1.73,1.73,24000,0
2016-02-18,03:15:00,1.73,1.73,1.73,1.73,44000,0
2016-02-18,03:45:00,1.73,1.74,1.72,1.73,64000,0
2016-02-18,03:55:00,1.73,1.73,1.73,1.73,2000,0
2016-02-18,04:00:00,1.73,1.73,1.73,1.73,4000,0
2016-02-18,04:05:00,1.73,1.73,1.73,1.73,2000,0
2016-02-18,04:20:00,1.73,1.75,1.73,1.75,516000,0
2016-02-18,04:35:00,1.75,1.75,1.74,1.74,4000,0
2016-02-18,04:45:00,1.74,1.74,1.74,1.74,2000,0
2016-02-18,04:50:00,1.74,1.74,1.74,1.74,2000,0
2016-02-18,05:00:00,1.74,1.74,1.74,1.74,2000,0
2016-02-18,06:15:00,1.74,1.74,1.73,1.73,4000,0
2016-02-18,06:20:00,1.73,1.73,1.73,1.73,2000,0
2016-02-18,06:30:00,1.73,1.75,1.73,1.75,18000,0
2016-02-18,06:40:00,1.75,1.75,1.75,1.75,10000,0
2016-02-18,06:45:00,1.75,1.75,1.73,1.74,98000,0
2016-02-18,06:50:00,1.74,1.76,1.74,1.76,56000,0
2016-02-18,06:55:00,1.76,1.77,1.76,1.77,20000,0
2016-02-18,07:00:00,1.77,1.77,1.77,1.77,10000,0
2016-02-18,07:10:00,1.77,1.77,1.76,1.76,4000,0
2016-02-18,07:15:00,1.76,1.76,1.76,1.76,8000,0
2016-02-18,07:20:00,1.76,1.76,1.75,1.75,4000,0
2016-02-18,07:25:00,1.75,1.75,1.75,1.75,2000,0
2016-02-18,07:30:00,1.75,1.75,1.75,1.75,2000,0
2016-02-18,07:35:00,1.75,1.75,1.75,1.75,2000,0
2016-02-18,07:40:00,1.75,1.75,1.74,1.74,12000,0
2016-02-18,07:45:00,1.74,1.74,1.74,1.74,2000,0
2016-02-18,07:50:00,1.74,1.74,1.74,1.74,2000,0
2016-02-18,08:00:00,1.74,1.74,1.74,1.74,4000,0
2016-02-18,08:05:00,1.74,1.74,1.74,1.74,2000,0
2016-02-18,08:10:00,1.74,1.74,1.74,1.74,2000,0
2016-02-18,08:15:00,1.74,1.74,1.74,1.74,2000,0
2016-02-18,08:20:00,1.74,1.75,1.74,1.75,26000,0
2016-02-18,08:25:00,1.75,1.75,1.74,1.74,4000,0
2016-02-18,08:30:00,1.74,1.74,1.74,1.74,2000,0
2016-02-18,08:40:00,1.74,1.74,1.74,1.74,4000,0
2016-02-18,08:45:00,1.74,1.74,1.74,1.74,2000,0
2016-02-18,08:50:00,1.74,1.74,1.74,1.74,4000,0
2016-02-18,08:55:00,1.74,1.74,1.74,1.74,6000,0
2016-02-18,09:00:00,1.74,1.74,1.73,1.73,58000,0
2016-02-19,08:30:00,1.74,1.76,1.74,1.76,42000,0
2016-02-19,08:35:00,1.76,1.76,1.76,1.76,2000,0
2016-02-19,08:45:00,1.76,1.76,1.76,1.76,4000,0
2016-02-19,08:55:00,1.76,1.76,1.76,1.76,6000,0
2016-02-19,09:00:00,1.76,1.78,1.74,1.76,80000,0
2016-02-22,04:00:00,1.76,1.79,1.76,1.79,24000,0
2016-02-22,04:05:00,1.79,1.8,1.79,1.79,12000,0
2016-02-22,04:15:00,1.79,1.8,1.79,1.8,84000,0
2016-02-22,04:30:00,1.8,1.8,1.79,1.79,4000,0
2016-02-22,04:45:00,1.79,1.79,1.77,1.77,26000,0
2016-02-22,06:15:00,1.8,1.8,1.8,1.8,2000,0
2016-02-22,06:30:00,1.8,1.8,1.76,1.76,106000,0
2016-02-22,07:10:00,1.77,1.77,1.76,1.76,44000,0
2016-02-22,07:15:00,1.76,1.76,1.75,1.75,62000,0
2016-02-22,07:35:00,1.75,1.75,1.75,1.75,12000,0
2016-02-22,07:40:00,1.75,1.75,1.75,1.75,4000,0
2016-02-22,07:45:00,1.75,1.75,1.75,1.75,2000,0
2016-02-22,08:25:00,1.77,1.79,1.77,1.79,46000,0
2016-02-22,08:30:00,1.79,1.8,1.79,1.8,36000,0
2016-02-22,08:45:00,1.8,1.81,1.8,1.8,124000,0
2016-02-22,08:55:00,1.8,1.81,1.8,1.81,4000,0
2016-02-22,09:00:00,1.81,1.85,1.79,1.81,170000,0
2016-02-23,02:40:00,1.8,1.82,1.79,1.82,278000,0
2016-02-23,02:45:00,1.82,1.84,1.82,1.84,50000,0
2016-02-23,03:00:00,1.84,1.85,1.84,1.85,90000,0
2016-02-23,03:05:00,1.85,1.85,1.84,1.84,80000,0
2016-02-23,03:35:00,1.84,1.84,1.83,1.83,16000,0
2016-02-23,03:40:00,1.83,1.83,1.83,1.83,2000,0
2016-02-23,03:50:00,1.83,1.83,1.83,1.83,10000,0
2016-02-23,06:25:00,1.83,1.83,1.82,1.82,4000,0
2016-02-23,07:10:00,1.82,1.82,1.81,1.81,12000,0
2016-02-23,08:00:00,1.81,1.81,1.81,1.81,2000,0
2016-02-23,08:15:00,1.81,1.81,1.8,1.8,12000,0
2016-02-23,08:20:00,1.8,1.8,1.78,1.8,26000,0
2016-02-23,08:35:00,1.8,1.81,1.8,1.81,42000,0
2016-02-23,08:50:00,1.81,1.81,1.81,1.81,2000,0
2016-02-23,09:00:00,1.81,1.81,1.79,1.8,12000,0
2016-02-24,03:55:00,1.79,1.81,1.78,1.81,128000,0
2016-02-24,04:00:00,1.81,1.81,1.78,1.79,60000,0
2016-02-24,04:25:00,1.78,1.79,1.78,1.79,10000,0
2016-02-24,04:35:00,1.79,1.79,1.79,1.79,4000,0
2016-02-24,04:45:00,1.79,1.79,1.79,1.79,10000,0
2016-02-24,04:50:00,1.79,1.8,1.79,1.8,18000,0
2016-02-24,05:00:00,1.8,1.8,1.79,1.79,6000,0
2016-02-24,06:10:00,1.79,1.8,1.79,1.8,4000,0
2016-02-24,06:15:00,1.8,1.8,1.79,1.79,10000,0
2016-02-24,06:25:00,1.79,1.8,1.79,1.8,8000,0
2016-02-24,06:40:00,1.8,1.8,1.8,1.8,2000,0
2016-02-24,06:45:00,1.8,1.82,1.8,1.82,14000,0
2016-02-24,06:50:00,1.82,1.82,1.81,1.81,4000,0
2016-02-24,06:55:00,1.81,1.81,1.81,1.81,6000,0
2016-02-24,07:15:00,1.81,1.81,1.8,1.8,8000,0
2016-02-24,07:25:00,1.8,1.81,1.8,1.81,56000,0
2016-02-24,07:45:00,1.81,1.81,1.81,1.81,6000,0
2016-02-24,07:50:00,1.81,1.82,1.81,1.82,4000,0
2016-02-24,07:55:00,1.82,1.82,1.81,1.81,8000,0
2016-02-24,08:00:00,1.81,1.82,1.81,1.82,14000,0
2016-02-24,08:05:00,1.82,1.82,1.82,1.82,10000,0
2016-02-24,08:15:00,1.82,1.82,1.82,1.82,4000,0
2016-02-24,08:25:00,1.82,1.82,1.82,1.82,10000,0
2016-02-24,08:45:00,1.82,1.82,1.82,1.82,6000,0
2016-02-24,08:50:00,1.82,1.83,1.82,1.83,4000,0
2016-02-24,08:55:00,1.83,1.83,1.82,1.82,6000,0
2016-02-24,09:00:00,1.82,1.83,1.82,1.82,94000,0
2016-02-25,02:35:00,1.84,1.84,1.8,1.8,66000,0
2016-02-25,02:40:00,1.8,1.8,1.79,1.79,28000,0
2016-02-25,02:45:00,1.79,1.79,1.79,1.79,4000,0
2016-02-25,03:00:00,1.8,1.82,1.8,1.82,6000,0
2016-02-25,03:15:00,1.82,1.82,1.82,1.82,2000,0
2016-02-25,03:55:00,1.82,1.82,1.8,1.8,4000,0
2016-02-25,04:15:00,1.8,1.8,1.8,1.8,4000,0
2016-02-25,04:20:00,1.8,1.8,1.79,1.79,4000,0
2016-02-25,04:25:00,1.79,1.81,1.79,1.79,8000,0
2016-02-25,04:40:00,1.79,1.79,1.79,1.79,14000,0
2016-02-25,04:45:00,1.78,1.8,1.78,1.8,4000,0
2016-02-25,05:00:00,1.78,1.8,1.78,1.8,8000,0
2016-02-25,06:05:00,1.8,1.81,1.8,1.81,6000,0
2016-02-25,06:10:00,1.81,1.81,1.81,1.81,2000,0
2016-02-25,06:20:00,1.81,1.81,1.81,1.81,2000,0
2016-02-25,07:30:00,1.81,1.81,1.79,1.79,6000,0
2016-02-25,07:55:00,1.78,1.8,1.78,1.8,8000,0
2016-02-25,08:00:00,1.8,1.8,1.8,1.8,4000,0
2016-02-25,08:15:00,1.8,1.8,1.8,1.8,2000,0
2016-02-25,08:20:00,1.8,1.8,1.8,1.8,22000,0
2016-02-25,08:25:00,1.8,1.8,1.78,1.79,26000,0
2016-02-25,08:30:00,1.79,1.8,1.79,1.8,4000,0
2016-02-25,08:35:00,1.79,1.8,1.79,1.8,28000,0
2016-02-25,08:40:00,1.8,1.8,1.8,1.8,2000,0
2016-02-25,08:50:00,1.8,1.8,1.78,1.8,70000,0
2016-02-25,08:55:00,1.8,1.81,1.8,1.8,20000,0
2016-02-25,09:00:00,1.8,1.82,1.8,1.8,168000,0
2016-02-26,03:25:00,1.82,1.82,1.82,1.82,2000,0
2016-02-26,03:45:00,1.82,1.82,1.82,1.82,24000,0
2016-02-26,04:00:00,1.82,1.85,1.82,1.82,24000,0
2016-02-26,04:10:00,1.82,1.85,1.82,1.85,4000,0
2016-02-26,04:15:00,1.85,1.85,1.85,1.85,2000,0
2016-02-26,04:25:00,1.85,1.85,1.85,1.85,20000,0
2016-02-26,04:30:00,1.85,1.85,1.84,1.84,4000,0
2016-02-26,04:35:00,1.84,1.84,1.84,1.84,2000,0
2016-02-26,04:50:00,1.84,1.85,1.84,1.85,4000,0
2016-02-26,06:40:00,1.84,1.84,1.8,1.84,14000,0
2016-02-26,08:25:00,1.8,1.83,1.8,1.82,192000,0
2016-02-26,08:30:00,1.82,1.83,1.82,1.83,18000,0
2016-02-26,08:45:00,1.83,1.83,1.82,1.82,18000,0
2016-02-26,08:50:00,1.82,1.83,1.82,1.83,8000,0
2016-02-26,08:55:00,1.83,1.83,1.8,1.82,54000,0
2016-02-26,09:00:00,1.82,1.83,1.81,1.81,52000,0
2016-02-29,02:55:00,1.81,1.84,1.81,1.84,22000,0
2016-02-29,03:10:00,1.84,1.84,1.84,1.84,8000,0
2016-02-29,03:30:00,1.84,1.84,1.8,1.84,104000,0
2016-02-29,03:35:00,1.84,1.84,1.79,1.79,8000,0
2016-02-29,04:20:00,1.79,1.79,1.79,1.79,10000,0
2016-02-29,04:25:00,1.79,1.8,1.79,1.8,14000,0
2016-02-29,04:30:00,1.78,1.79,1.78,1.79,4000,0
2016-02-29,04:40:00,1.79,1.8,1.79,1.8,6000,0
2016-02-29,04:45:00,1.8,1.82,1.8,1.82,44000,0
2016-02-29,05:00:00,1.82,1.83,1.8,1.8,16000,0
2016-02-29,06:05:00,1.8,1.83,1.8,1.83,8000,0
2016-02-29,06:15:00,1.82,1.82,1.8,1.8,4000,0
2016-02-29,06:30:00,1.8,1.8,1.79,1.79,40000,0
2016-02-29,06:35:00,1.79,1.8,1.79,1.8,4000,0
2016-02-29,06:55:00,1.8,1.8,1.8,1.8,2000,0
2016-02-29,07:00:00,1.8,1.8,1.8,1.8,2000,0
2016-02-29,07:10:00,1.8,1.8,1.8,1.8,2000,0
2016-02-29,07:20:00,1.8,1.8,1.8,1.8,2000,0
2016-02-29,07:30:00,1.8,1.8,1.8,1.8,8000,0
2016-02-29,07:35:00,1.8,1.8,1.8,1.8,10000,0
2016-02-29,07:40:00,1.8,1.83,1.8,1.83,20000,0
2016-02-29,07:45:00,1.83,1.83,1.81,1.81,8000,0
2016-02-29,07:50:00,1.81,1.81,1.81,1.81,2000,0
2016-02-29,07:55:00,1.81,1.81,1.81,1.81,2000,0
2016-02-29,08:00:00,1.81,1.81,1.79,1.79,22000,0
2016-02-29,08:05:00,1.79,1.79,1.79,1.79,10000,0
2016-02-29,08:10:00,1.79,1.8,1.79,1.8,6000,0
2016-02-29,08:15:00,1.8,1.8,1.8,1.8,2000,0
2016-02-29,08:30:00,1.8,1.8,1.8,1.8,4000,0
2016-02-29,08:35:00,1.8,1.8,1.79,1.8,8000,0
2016-02-29,08:45:00,1.8,1.8,1.8,1.8,2000,0
2016-02-29,08:50:00,1.8,1.8,1.8,1.8,4000,0
2016-02-29,08:55:00,1.8,1.8,1.8,1.8,4000,0
2016-02-29,09:00:00,1.8,1.82,1.79,1.8,50000,0
2016-03-01,02:35:00,1.83,1.83,1.81,1.82,8000,0
2016-03-01,02:50:00,1.82,1.82,1.8,1.8,12000,0
2016-03-01,03:05:00,1.8,1.8,1.79,1.8,8000,0
2016-03-01,03:45:00,1.81,1.81,1.81,1.81,16000,0
2016-03-01,03:50:00,1.81,1.82,1.81,1.82,24000,0
2016-03-01,04:05:00,1.82,1.82,1.82,1.82,2000,0
2016-03-01,04:25:00,1.82,1.82,1.82,1.82,2000,0
2016-03-01,04:50:00,1.82,1.83,1.82,1.83,38000,0
2016-03-01,06:05:00,1.83,1.83,1.83,1.83,6000,0
2016-03-01,06:40:00,1.83,1.85,1.83,1.85,50000,0
2016-03-01,06:50:00,1.85,1.88,1.84,1.88,12000,0
2016-03-01,06:55:00,1.88,1.88,1.84,1.84,36000,0
2016-03-01,07:00:00,1.85,1.88,1.85,1.85,12000,0
2016-03-01,07:20:00,1.85,1.85,1.85,1.85,10000,0
2016-03-01,07:55:00,1.85,1.85,1.85,1.85,8000,0
2016-03-01,08:05:00,1.85,1.87,1.85,1.87,16000,0
2016-03-01,08:20:00,1.85,1.85,1.85,1.85,50000,0
2016-03-01,08:40:00,1.85,1.85,1.85,1.85,2000,0
2016-03-01,08:50:00,1.85,1.85,1.85,1.85,2000,0
2016-03-01,09:00:00,1.85,1.86,1.84,1.85,126000,0
2016-03-02,02:40:00,1.88,1.88,1.88,1.88,40000,0
2016-03-02,02:45:00,1.88,1.89,1.88,1.88,138000,0
2016-03-02,02:55:00,1.87,1.87,1.86,1.87,58000,0
2016-03-02,03:00:00,1.87,1.87,1.86,1.86,6000,0
2016-03-02,03:10:00,1.86,1.87,1.86,1.86,58000,0
2016-03-02,03:25:00,1.86,1.86,1.86,1.86,2000,0
2016-03-02,03:30:00,1.86,1.88,1.86,1.88,54000,0
2016-03-02,03:40:00,1.88,1.88,1.88,1.88,2000,0
2016-03-02,03:45:00,1.88,1.88,1.88,1.88,2000,0
2016-03-02,03:55:00,1.88,1.88,1.88,1.88,2000,0
2016-03-02,04:00:00,1.88,1.88,1.88,1.88,2000,0
2016-03-02,04:05:00,1.88,1.88,1.88,1.88,2000,0
2016-03-02,04:10:00,1.88,1.88,1.87,1.87,4000,0
2016-03-02,04:20:00,1.87,1.88,1.87,1.87,8000,0
2016-03-02,04:25:00,1.87,1.88,1.87,1.88,4000,0
2016-03-02,04:30:00,1.88,1.89,1.88,1.89,178000,0
2016-03-02,04:40:00,1.89,1.89,1.89,1.89,4000,0
2016-03-02,04:45:00,1.89,1.89,1.89,1.89,18000,0
2016-03-02,04:55:00,1.89,1.89,1.89,1.89,2000,0
2016-03-02,05:00:00,1.89,1.89,1.89,1.89,30000,0
2016-03-02,06:05:00,1.89,1.89,1.89,1.89,4000,0
2016-03-02,06:10:00,1.89,1.89,1.89,1.89,8000,0
2016-03-02,06:25:00,1.89,1.91,1.89,1.91,468000,0
2016-03-02,06:30:00,1.92,1.94,1.92,1.94,64000,0
2016-03-02,06:35:00,1.93,1.93,1.92,1.92,14000,0
2016-03-02,06:40:00,1.92,1.92,1.92,1.92,8000,0
2016-03-02,06:45:00,1.92,1.92,1.91,1.91,16000,0
2016-03-02,06:55:00,1.91,1.92,1.91,1.92,4000,0
2016-03-02,07:00:00,1.92,1.92,1.92,1.92,2000,0
2016-03-02,07:05:00,1.92,1.92,1.91,1.91,12000,0
2016-03-02,07:15:00,1.91,1.91,1.9,1.9,4000,0
2016-03-02,07:25:00,1.9,1.91,1.9,1.91,4000,0
2016-03-02,07:30:00,1.91,1.91,1.91,1.91,2000,0
2016-03-02,07:40:00,1.91,1.91,1.91,1.91,4000,0
2016-03-02,07:50:00,1.91,1.91,1.9,1.9,14000,0
2016-03-02,07:55:00,1.9,1.9,1.9,1.9,2000,0
2016-03-02,08:05:00,1.9,1.91,1.9,1.91,6000,0
2016-03-02,08:10:00,1.91,1.91,1.9,1.9,18000,0
2016-03-02,08:20:00,1.9,1.9,1.9,1.9,2000,0
2016-03-02,08:25:00,1.9,1.91,1.9,1.91,4000,0
2016-03-02,08:30:00,1.91,1.91,1.9,1.9,6000,0
2016-03-02,08:35:00,1.9,1.9,1.9,1.9,32000,0
2016-03-02,08:40:00,1.9,1.91,1.9,1.91,26000,0
2016-03-02,08:45:00,1.91,1.92,1.91,1.92,6000,0
2016-03-02,08:55:00,1.92,1.92,1.92,1.92,4000,0
2016-03-02,09:00:00,1.92,1.92,1.91,1.92,66000,0
2016-03-03,02:35:00,1.91,1.92,1.91,1.91,4000,0
2016-03-03,03:40:00,1.89,1.9,1.89,1.9,20000,0
2016-03-03,03:50:00,1.9,1.9,1.9,1.9,10000,0
2016-03-03,04:00:00,1.9,1.9,1.89,1.89,28000,0
2016-03-03,04:15:00,1.89,1.91,1.89,1.91,278000,0
2016-03-03,04:30:00,1.91,1.92,1.91,1.92,4000,0
2016-03-03,06:40:00,1.92,1.92,1.91,1.91,22000,0
2016-03-03,08:20:00,1.91,1.91,1.91,1.91,10000,0
2016-03-03,09:00:00,1.91,1.91,1.91,1.91,10000,0
2016-03-04,03:05:00,1.93,1.93,1.93,1.93,6000,0
2016-03-04,03:40:00,1.93,1.93,1.93,1.93,2000,0
2016-03-04,07:15:00,1.93,1.95,1.92,1.95,96000,0
2016-03-04,07:20:00,1.95,1.95,1.94,1.94,4000,0
2016-03-04,07:25:00,1.94,1.95,1.94,1.95,20000,0
2016-03-04,07:30:00,1.95,1.95,1.94,1.94,4000,0
2016-03-04,07:35:00,1.94,1.95,1.94,1.95,28000,0
2016-03-04,07:40:00,1.95,1.95,1.95,1.95,2000,0
2016-03-04,07:45:00,1.95,1.95,1.94,1.94,4000,0
2016-03-04,07:50:00,1.94,1.95,1.94,1.95,26000,0
2016-03-04,07:55:00,1.95,1.96,1.94,1.96,60000,0
2016-03-04,08:05:00,1.96,1.96,1.96,1.96,28000,0
2016-03-04,08:10:00,1.96,1.97,1.96,1.97,4000,0
2016-03-04,08:15:00,1.97,1.97,1.96,1.96,60000,0
2016-03-04,08:25:00,1.96,1.96,1.95,1.95,8000,0
2016-03-04,08:30:00,1.95,1.95,1.95,1.95,8000,0
2016-03-04,08:35:00,1.95,1.95,1.94,1.94,24000,0
2016-03-04,08:40:00,1.94,1.94,1.94,1.94,4000,0
2016-03-04,08:45:00,1.94,1.94,1.94,1.94,4000,0
2016-03-04,08:50:00,1.94,1.94,1.94,1.94,6000,0
2016-03-04,08:55:00,1.94,1.95,1.94,1.95,80000,0
2016-03-04,09:00:00,1.95,1.98,1.95,1.96,194000,0
2016-03-07,02:35:00,1.98,2,1.98,2,40000,0
2016-03-07,02:40:00,2,2.02,2,2.02,56000,0
2016-03-07,02:45:00,2.02,2.05,2.02,2.05,1644000,0
2016-03-07,02:50:00,2.05,2.11,2.05,2.11,260000,0
2016-03-07,02:55:00,2.11,2.11,2.09,2.11,202000,0
2016-03-07,03:00:00,2.11,2.11,2.09,2.1,262000,0
2016-03-07,03:05:00,2.1,2.1,2.07,2.07,60000,0
2016-03-07,03:10:00,2.07,2.07,2.07,2.07,22000,0
2016-03-07,03:20:00,2.07,2.07,2.07,2.07,32000,0
2016-03-07,03:25:00,2.07,2.09,2.06,2.06,64000,0
2016-03-07,03:30:00,2.06,2.06,2.06,2.06,44000,0
2016-03-07,03:40:00,2.06,2.06,2.06,2.06,10000,0
2016-03-07,03:45:00,2.06,2.07,2.06,2.07,6000,0
2016-03-07,03:50:00,2.07,2.07,2.06,2.07,6000,0
2016-03-07,04:00:00,2.07,2.08,2.07,2.08,4000,0
2016-03-07,04:15:00,2.08,2.08,2.07,2.07,8000,0
2016-03-07,04:20:00,2.07,2.07,2.07,2.07,6000,0
2016-03-07,04:30:00,2.07,2.07,2.07,2.07,14000,0
2016-03-07,04:45:00,2.07,2.08,2.07,2.07,26000,0
2016-03-07,05:00:00,2.07,2.07,2.07,2.07,28000,0
2016-03-07,06:05:00,2.07,2.07,2.07,2.07,30000,0
2016-03-07,06:15:00,2.07,2.07,2.07,2.07,30000,0
2016-03-07,06:20:00,2.07,2.07,2.07,2.07,10000,0
2016-03-07,06:25:00,2.07,2.07,2.06,2.06,80000,0
2016-03-07,06:40:00,2.06,2.07,2.06,2.06,24000,0
2016-03-07,06:45:00,2.06,2.07,2.06,2.07,6000,0
2016-03-07,06:50:00,2.07,2.07,2.07,2.07,2000,0
2016-03-07,06:55:00,2.07,2.07,2.07,2.07,2000,0
2016-03-07,07:00:00,2.07,2.07,2.07,2.07,2000,0
2016-03-07,07:05:00,2.07,2.07,2.06,2.06,24000,0
2016-03-07,07:10:00,2.06,2.06,2.06,2.06,2000,0
2016-03-07,07:20:00,2.06,2.06,2.06,2.06,4000,0
2016-03-07,07:35:00,2.06,2.06,2.05,2.05,16000,0
2016-03-07,07:40:00,2.06,2.06,2.06,2.06,6000,0
2016-03-07,08:00:00,2.06,2.06,2.06,2.06,2000,0
2016-03-07,08:05:00,2.06,2.06,2.05,2.05,126000,0
2016-03-07,08:20:00,2.05,2.05,2.04,2.04,20000,0
2016-03-07,08:25:00,2.04,2.05,2.04,2.05,4000,0
2016-03-07,08:30:00,2.05,2.05,2.05,2.05,4000,0
2016-03-07,08:35:00,2.05,2.05,2.04,2.04,12000,0
2016-03-07,08:40:00,2.04,2.05,2.02,2.05,72000,0
2016-03-07,08:45:00,2.05,2.05,2.05,2.05,4000,0
2016-03-07,08:50:00,2.05,2.05,2.04,2.04,10000,0
2016-03-07,08:55:00,2.04,2.04,2.04,2.04,2000,0
2016-03-07,09:00:00,2.04,2.05,2.04,2.05,20000,0
2016-03-08,02:45:00,2.05,2.06,2.05,2.06,58000,0
2016-03-08,02:50:00,2.06,2.06,2.05,2.05,4000,0
2016-03-08,03:00:00,2.05,2.06,2.05,2.05,94000,0
2016-03-08,03:05:00,2.05,2.05,2.05,2.05,52000,0
2016-03-08,03:15:00,2.06,2.08,2.06,2.08,62000,0
2016-03-08,03:20:00,2.08,2.15,2.08,2.13,408000,0
2016-03-08,03:25:00,2.13,2.13,2.1,2.1,118000,0
2016-03-08,03:30:00,2.1,2.1,2.1,2.1,12000,0
2016-03-08,03:35:00,2.1,2.1,2.09,2.09,82000,0
2016-03-08,03:40:00,2.09,2.09,2.08,2.08,24000,0
2016-03-08,03:45:00,2.08,2.08,2.07,2.07,40000,0
2016-03-08,03:50:00,2.07,2.1,2.07,2.1,20000,0
2016-03-08,04:05:00,2.1,2.1,2.07,2.09,64000,0
2016-03-08,04:15:00,2.09,2.09,2.03,2.04,296000,0
2016-03-08,04:30:00,2.04,2.05,2.04,2.05,32000,0
2016-03-08,04:35:00,2.05,2.05,2.05,2.05,2000,0
2016-03-08,04:55:00,2.05,2.05,2.04,2.04,200000,0
2016-03-08,05:00:00,2.04,2.04,2.04,2.04,50000,0
2016-03-08,06:05:00,2.04,2.04,2.04,2.04,148000,0
2016-03-08,06:10:00,2.04,2.04,2.04,2.04,10000,0
2016-03-08,06:20:00,2.04,2.05,2.04,2.05,62000,0
2016-03-08,06:30:00,2.05,2.05,2.05,2.05,8467,0
2016-03-08,06:40:00,2.05,2.06,2.05,2.06,18000,0
2016-03-08,06:45:00,2.06,2.06,2.04,2.04,18000,0
2016-03-08,06:55:00,2.04,2.06,2.04,2.04,16000,0
2016-03-08,07:05:00,2.04,2.07,2.04,2.07,124000,0
2016-03-08,07:10:00,2.07,2.07,2.07,2.07,10000,0
2016-03-08,07:15:00,2.07,2.08,2.07,2.07,20000,0
2016-03-08,07:30:00,2.08,2.08,2.08,2.08,2000,0
2016-03-08,07:45:00,2.08,2.08,2.06,2.06,110000,0
2016-03-08,07:50:00,2.06,2.07,2.06,2.07,4000,0
2016-03-08,08:00:00,2.07,2.08,2.07,2.08,4000,0
2016-03-08,08:05:00,2.07,2.07,2.05,2.06,86000,0
2016-03-08,08:10:00,2.06,2.06,2.06,2.06,20000,0
2016-03-08,08:25:00,2.06,2.07,2.06,2.07,12000,0
2016-03-08,08:30:00,2.07,2.07,2.07,2.07,2000,0
2016-03-08,08:40:00,2.07,2.07,2.07,2.07,2000,0
2016-03-08,08:45:00,2.07,2.07,2.07,2.07,2000,0
2016-03-08,08:50:00,2.07,2.07,2.05,2.07,20000,0
2016-03-08,08:55:00,2.07,2.07,2.05,2.07,208000,0
2016-03-08,09:00:00,2.07,2.07,2.07,2.07,6000,0
2016-03-09,02:35:00,2.11,2.11,2.07,2.09,150000,0
2016-03-09,02:45:00,2.08,2.08,2.05,2.06,60000,0
2016-03-09,03:00:00,2.06,2.06,2.06,2.06,24000,0
2016-03-09,03:20:00,2.06,2.06,2.04,2.04,32000,0
2016-03-09,03:35:00,2.04,2.04,2.04,2.04,108000,0
2016-03-09,03:55:00,2.03,2.05,2.03,2.05,18000,0
2016-03-09,04:20:00,2.05,2.05,2.05,2.05,24000,0
2016-03-09,04:30:00,2.05,2.05,2.05,2.05,10000,0
2016-03-09,06:15:00,2.05,2.06,2.05,2.06,8000,0
2016-03-09,06:20:00,2.06,2.06,2.05,2.05,4000,0
2016-03-09,07:05:00,2.05,2.05,2.05,2.05,6000,0
2016-03-09,07:50:00,2.05,2.05,2.05,2.05,20000,0
2016-03-09,08:00:00,2.05,2.06,2.05,2.06,32000,0
2016-03-09,08:15:00,2.06,2.06,2.06,2.06,4000,0
2016-03-09,08:20:00,2.06,2.06,2.06,2.06,6000,0
2016-03-09,08:35:00,2.06,2.06,2.06,2.06,2000,0
2016-03-09,08:45:00,2.06,2.07,2.06,2.07,8000,0
2016-03-09,08:50:00,2.07,2.07,2.06,2.06,14000,0
2016-03-09,09:00:00,2.06,2.07,2.06,2.06,90000,0
2016-03-10,02:45:00,2.1,2.1,2.09,2.09,10000,0
2016-03-10,03:30:00,2.08,2.08,2.08,2.08,10000,0
2016-03-10,03:35:00,2.08,2.08,2.05,2.08,72000,0
2016-03-10,03:55:00,2.08,2.08,2.06,2.07,46000,0
2016-03-10,04:00:00,2.07,2.09,2.07,2.09,4000,0
2016-03-10,04:55:00,2.08,2.08,2.05,2.05,32000,0
2016-03-10,06:05:00,2.05,2.05,2.05,2.05,4000,0
2016-03-10,06:40:00,2.05,2.06,2.05,2.06,22000,0
2016-03-10,06:45:00,2.06,2.07,2.06,2.07,24000,0
2016-03-10,07:00:00,2.07,2.07,2.06,2.06,14000,0
2016-03-10,07:05:00,2.06,2.06,2.04,2.05,412000,0
2016-03-10,07:10:00,2.05,2.06,2.02,2.06,380000,0
2016-03-10,07:15:00,2.06,2.06,2.06,2.06,2000,0
2016-03-10,07:45:00,2.05,2.05,2.02,2.02,148000,0
2016-03-10,07:55:00,2.02,2.02,2.02,2.02,6000,0
2016-03-10,08:10:00,2.02,2.02,2.01,2.01,74000,0
2016-03-10,08:15:00,2.01,2.02,2.01,2.02,114000,0
2016-03-10,08:20:00,2.02,2.03,2.02,2.02,10000,0
2016-03-10,08:35:00,2.02,2.02,2,2.02,54000,0
2016-03-10,08:40:00,2.02,2.02,2.02,2.02,4000,0
2016-03-10,08:45:00,2.02,2.02,2.01,2.01,32000,0
2016-03-10,09:00:00,2.01,2.01,2,2.01,148000,0
2016-03-11,02:35:00,2.01,2.01,1.88,1.92,156000,0
2016-03-11,02:40:00,1.92,1.95,1.92,1.92,92000,0
2016-03-11,02:45:00,1.92,1.93,1.92,1.92,42000,0
2016-03-11,02:50:00,1.92,1.96,1.92,1.96,82000,0
2016-03-11,02:55:00,1.96,1.99,1.96,1.98,32000,0
2016-03-11,03:00:00,1.98,1.99,1.98,1.99,24000,0
2016-03-11,03:10:00,1.99,1.99,1.96,1.97,62000,0
2016-03-11,03:15:00,1.97,1.97,1.96,1.96,16000,0
2016-03-11,03:25:00,1.95,1.95,1.95,1.95,6000,0
2016-03-11,03:40:00,1.95,1.95,1.94,1.94,26000,0
2016-03-11,03:45:00,1.94,1.95,1.94,1.95,12000,0
2016-03-11,04:00:00,1.95,1.98,1.95,1.96,68000,0
2016-03-11,04:15:00,1.94,1.96,1.94,1.96,116000,0
2016-03-11,04:25:00,1.96,1.96,1.96,1.96,34000,0
2016-03-11,04:35:00,1.97,1.97,1.96,1.97,40000,0
2016-03-11,04:45:00,1.97,1.98,1.97,1.98,90000,0
2016-03-11,04:50:00,1.98,1.98,1.98,1.98,38000,0
2016-03-11,05:00:00,1.98,2,1.98,2,66000,0
2016-03-11,06:05:00,2,2,1.99,1.99,22000,0
2016-03-11,06:35:00,1.99,1.99,1.97,1.97,22000,0
2016-03-11,06:40:00,1.97,1.97,1.97,1.97,6000,0
2016-03-11,07:15:00,1.97,2,1.97,2,22000,0
2016-03-11,07:45:00,1.99,1.99,1.99,1.99,2000,0
2016-03-11,07:55:00,1.99,1.99,1.99,1.99,6000,0
2016-03-11,08:00:00,1.99,1.99,1.99,1.99,2000,0
2016-03-11,08:05:00,1.99,1.99,1.97,1.97,28500,0
2016-03-11,08:40:00,1.97,1.98,1.97,1.98,4000,0
2016-03-11,08:45:00,1.98,2,1.98,2,28000,0
2016-03-11,08:50:00,2,2,2,2,4000,0
2016-03-11,09:00:00,1.99,2,1.99,2,62000,0
2016-03-14,02:35:00,2.02,2.02,2,2,42000,0
2016-03-14,02:45:00,2,2,2,2,10000,0
2016-03-14,02:55:00,2,2.05,2,2.05,200000,0
2016-03-14,03:00:00,2.05,2.05,2.05,2.05,14000,0
2016-03-14,03:05:00,2.05,2.05,2.02,2.02,32000,0
2016-03-14,03:15:00,2.02,2.03,2.02,2.03,60000,0
2016-03-14,03:25:00,2.03,2.03,2.01,2.02,38000,0
2016-03-14,03:45:00,2.02,2.03,2.02,2.03,48000,0
2016-03-14,03:50:00,2.03,2.03,2.02,2.02,26000,0
2016-03-14,03:55:00,2.02,2.06,2.02,2.06,72000,0
2016-03-14,04:00:00,2.06,2.07,2.06,2.07,8000,0
2016-03-14,04:05:00,2.07,2.07,2.07,2.07,14000,0
2016-03-14,04:10:00,2.07,2.07,2.06,2.06,22000,0
2016-03-14,04:15:00,2.06,2.07,2.06,2.07,16000,0
2016-03-14,04:30:00,2.06,2.06,2.03,2.03,72000,0
2016-03-14,04:35:00,2.03,2.03,2.01,2.01,54000,0
2016-03-14,04:50:00,2.01,2.01,2,2,18000,0
2016-03-14,05:00:00,2,2,1.98,2,82000,0
2016-03-14,06:05:00,2,2,2,2,4000,0
2016-03-14,06:15:00,2,2,1.98,1.98,24000,0
2016-03-14,06:20:00,1.98,1.98,1.98,1.98,8000,0
2016-03-14,06:25:00,1.98,1.99,1.98,1.99,11400,0
2016-03-14,06:30:00,1.99,1.99,1.98,1.98,22000,0
2016-03-14,06:45:00,1.98,1.98,1.97,1.97,20000,0
2016-03-14,06:50:00,1.97,1.99,1.97,1.99,22000,0
2016-03-14,06:55:00,1.99,1.99,1.97,1.97,32000,0
2016-03-14,07:00:00,1.97,1.97,1.97,1.97,20000,0
2016-03-14,07:05:00,1.97,1.99,1.97,1.99,26000,0
2016-03-14,07:15:00,1.99,1.99,1.98,1.98,32000,0
2016-03-14,07:30:00,1.98,1.99,1.98,1.99,96000,0
2016-03-14,07:35:00,1.99,1.99,1.97,1.97,114000,0
2016-03-14,07:40:00,1.97,1.97,1.96,1.97,146000,0
2016-03-14,07:45:00,1.97,1.97,1.95,1.95,60000,0
2016-03-14,07:50:00,1.95,1.96,1.95,1.95,92000,0
2016-03-14,07:55:00,1.95,1.95,1.95,1.95,28000,0
2016-03-14,08:05:00,1.95,1.95,1.94,1.95,62000,0
2016-03-14,08:10:00,1.95,1.96,1.95,1.96,6000,0
2016-03-14,08:15:00,1.96,1.96,1.95,1.95,18000,0
2016-03-14,08:20:00,1.95,1.96,1.95,1.96,4000,0
2016-03-14,08:25:00,1.96,1.96,1.96,1.96,32000,0
2016-03-14,08:35:00,1.96,1.97,1.96,1.96,24000,0
2016-03-14,08:40:00,1.96,1.97,1.96,1.97,90000,0
2016-03-14,08:45:00,1.97,1.97,1.94,1.94,54000,0
2016-03-14,08:50:00,1.94,1.94,1.94,1.94,6000,0
2016-03-14,08:55:00,1.94,1.96,1.94,1.94,36000,0
2016-03-14,09:00:00,1.94,1.94,1.9,1.93,242000,0
2016-03-15,02:45:00,1.86,1.87,1.86,1.86,6000,0
2016-03-15,02:50:00,1.86,1.86,1.85,1.86,34000,0
2016-03-15,02:55:00,1.86,1.87,1.86,1.87,24000,0
2016-03-15,03:10:00,1.87,1.87,1.87,1.87,2000,0
2016-03-15,03:15:00,1.87,1.87,1.87,1.87,100000,0
2016-03-15,03:20:00,1.87,1.87,1.86,1.86,60000,0
2016-03-15,03:35:00,1.87,1.87,1.87,1.87,4000,0
2016-03-15,03:50:00,1.87,1.88,1.87,1.88,74000,0
2016-03-15,03:55:00,1.88,1.89,1.87,1.89,18000,0
2016-03-15,04:00:00,1.89,1.89,1.88,1.88,8000,0
2016-03-15,04:05:00,1.88,1.88,1.88,1.88,6000,0
2016-03-15,04:35:00,1.88,1.89,1.88,1.89,4000,0
2016-03-15,06:05:00,1.89,1.89,1.89,1.89,2000,0
2016-03-15,06:40:00,1.89,1.89,1.89,1.89,2000,0
2016-03-15,06:50:00,1.89,1.89,1.88,1.88,8000,0
2016-03-15,07:05:00,1.88,1.88,1.88,1.88,2000,0
2016-03-15,07:15:00,1.88,1.89,1.88,1.89,4000,0
2016-03-15,07:20:00,1.89,1.89,1.88,1.88,12000,0
2016-03-15,07:45:00,1.88,1.89,1.88,1.89,4000,0
2016-03-15,07:50:00,1.89,1.89,1.89,1.89,2000,0
2016-03-15,07:55:00,1.89,1.89,1.89,1.89,12000,0
2016-03-15,08:05:00,1.89,1.92,1.89,1.91,146000,0
2016-03-15,08:15:00,1.91,1.92,1.91,1.91,14000,0
2016-03-15,08:25:00,1.91,1.91,1.91,1.91,12000,0
2016-03-15,08:30:00,1.91,1.91,1.91,1.91,2000,0
2016-03-15,08:40:00,1.91,1.91,1.88,1.89,162000,0
2016-03-15,08:50:00,1.89,1.89,1.87,1.89,20000,0
2016-03-15,08:55:00,1.89,1.89,1.87,1.89,62000,0
2016-03-15,09:00:00,1.89,1.91,1.89,1.91,4000,0
2016-03-16,02:55:00,1.93,1.96,1.91,1.96,10000,0
2016-03-16,03:30:00,1.93,1.93,1.93,1.93,12000,0
2016-03-16,03:35:00,1.93,1.94,1.93,1.94,4000,0
2016-03-16,03:40:00,1.94,1.94,1.93,1.93,46000,0
2016-03-16,03:45:00,1.93,1.93,1.93,1.93,26000,0
2016-03-16,03:50:00,1.93,1.93,1.91,1.92,18000,0
2016-03-16,04:00:00,1.92,1.92,1.92,1.92,18000,0
2016-03-16,04:05:00,1.92,1.92,1.9,1.91,20000,0
2016-03-16,04:10:00,1.91,1.91,1.9,1.9,12000,0
2016-03-16,04:15:00,1.91,1.91,1.91,1.91,2000,0
2016-03-16,04:20:00,1.91,1.91,1.9,1.9,12000,0
2016-03-16,04:25:00,1.9,1.91,1.9,1.91,10000,0
2016-03-16,04:30:00,1.91,1.91,1.9,1.9,4000,0
2016-03-16,04:35:00,1.9,1.9,1.89,1.89,16000,0
2016-03-16,04:40:00,1.9,1.9,1.9,1.9,4000,0
2016-03-16,04:50:00,1.9,1.91,1.9,1.9,10000,0
2016-03-16,04:55:00,1.9,1.9,1.89,1.89,20000,0
2016-03-16,06:10:00,1.89,1.9,1.89,1.9,4000,0
2016-03-16,06:15:00,1.9,1.9,1.89,1.89,12000,0
2016-03-16,06:20:00,1.89,1.89,1.89,1.89,2000,0
2016-03-16,06:35:00,1.89,1.89,1.89,1.89,2000,0
2016-03-16,06:45:00,1.89,1.89,1.89,1.89,2000,0
2016-03-16,06:50:00,1.89,1.9,1.89,1.9,4000,0
2016-03-16,06:55:00,1.9,1.9,1.9,1.9,2000,0
2016-03-16,07:00:00,1.9,1.9,1.9,1.9,28000,0
2016-03-16,07:10:00,1.9,1.9,1.9,1.9,2000,0
2016-03-16,07:20:00,1.9,1.9,1.89,1.89,50000,0
2016-03-16,07:25:00,1.89,1.89,1.89,1.89,2000,0
2016-03-16,07:35:00,1.89,1.89,1.89,1.89,2000,0
2016-03-16,07:50:00,1.89,1.89,1.89,1.89,2000,0
2016-03-16,07:55:00,1.89,1.89,1.88,1.89,18000,0
2016-03-16,08:00:00,1.89,1.89,1.89,1.89,2000,0
2016-03-16,08:10:00,1.89,1.89,1.89,1.89,2000,0
2016-03-16,08:20:00,1.89,1.89,1.89,1.89,2000,0
2016-03-16,08:35:00,1.89,1.9,1.89,1.9,4000,0
2016-03-16,08:45:00,1.9,1.9,1.9,1.9,2000,0
2016-03-16,08:55:00,1.89,1.89,1.89,1.89,2000,0
2016-03-16,09:00:00,1.88,1.89,1.88,1.89,18000,0
2016-03-17,02:45:00,1.92,1.92,1.9,1.92,12000,0
2016-03-17,03:10:00,1.92,1.93,1.92,1.93,44000,0
2016-03-17,03:15:00,1.93,1.94,1.93,1.94,58000,0
2016-03-17,03:25:00,1.94,1.94,1.93,1.93,12000,0
2016-03-17,03:40:00,1.93,1.93,1.93,1.93,8000,0
2016-03-17,03:55:00,1.93,1.94,1.93,1.94,34000,0
2016-03-17,04:00:00,1.94,1.95,1.94,1.95,112000,0
2016-03-17,04:05:00,1.95,1.95,1.94,1.94,52000,0
2016-03-17,04:10:00,1.94,1.94,1.94,1.94,26000,0
2016-03-17,04:35:00,1.94,1.94,1.91,1.91,12000,0
2016-03-17,04:40:00,1.91,1.91,1.91,1.91,2000,0
2016-03-17,04:45:00,1.91,1.91,1.91,1.91,2000,0
2016-03-17,04:50:00,1.91,1.91,1.91,1.91,8000,0
2016-03-17,04:55:00,1.91,1.91,1.91,1.91,6000,0
2016-03-17,05:00:00,1.91,1.91,1.91,1.91,8000,0
2016-03-17,06:05:00,1.91,1.91,1.9,1.9,10000,0
2016-03-17,06:15:00,1.9,1.9,1.9,1.9,4000,0
2016-03-17,06:20:00,1.9,1.9,1.9,1.9,8000,0
2016-03-17,06:35:00,1.9,1.9,1.9,1.9,8000,0
2016-03-17,06:45:00,1.91,1.91,1.91,1.91,2000,0
2016-03-17,06:50:00,1.91,1.91,1.9,1.9,12000,0
2016-03-17,07:10:00,1.9,1.9,1.9,1.9,6000,0
2016-03-17,08:25:00,1.9,1.9,1.9,1.9,2000,0
2016-03-17,08:45:00,1.9,1.9,1.9,1.9,10000,0
2016-03-17,08:50:00,1.9,1.9,1.9,1.9,8000,0
2016-03-17,09:00:00,1.9,1.9,1.9,1.9,22000,0
2016-03-18,02:40:00,1.89,1.91,1.89,1.91,42000,0
2016-03-18,02:45:00,1.91,1.91,1.91,1.91,10000,0
2016-03-18,02:50:00,1.9,1.91,1.9,1.9,28000,0
2016-03-18,02:55:00,1.9,1.92,1.9,1.92,16000,0
2016-03-18,03:00:00,1.92,1.93,1.92,1.92,86000,0
2016-03-18,03:05:00,1.92,1.92,1.92,1.92,28000,0
2016-03-18,03:15:00,1.91,1.91,1.91,1.91,2000,0
2016-03-18,03:20:00,1.91,1.92,1.91,1.92,4000,0
2016-03-18,03:30:00,1.92,1.93,1.92,1.93,132000,0
2016-03-18,03:35:00,1.93,1.93,1.93,1.93,4000,0
2016-03-18,03:40:00,1.92,1.92,1.92,1.92,8000,0
2016-03-18,03:50:00,1.92,1.92,1.91,1.91,8000,0
2016-03-18,04:00:00,1.91,1.91,1.91,1.91,2000,0
2016-03-18,04:05:00,1.91,1.93,1.91,1.93,6000,0
2016-03-18,04:10:00,1.93,1.94,1.93,1.94,54000,0
2016-03-18,04:15:00,1.94,1.94,1.93,1.93,14000,0
2016-03-18,04:20:00,1.93,1.94,1.93,1.94,40000,0
2016-03-18,04:30:00,1.94,1.94,1.94,1.94,2000,0
2016-03-18,04:45:00,1.94,1.94,1.94,1.94,6000,0
2016-03-18,04:50:00,1.94,1.94,1.94,1.94,18000,0
2016-03-18,04:55:00,1.94,1.94,1.94,1.94,2000,0
2016-03-18,06:05:00,1.94,1.94,1.94,1.94,12000,0
2016-03-18,06:10:00,1.94,1.94,1.93,1.94,24000,0
2016-03-18,06:15:00,1.94,1.96,1.94,1.96,170000,0
2016-03-18,06:25:00,1.96,1.96,1.94,1.94,4000,0
2016-03-18,06:35:00,1.94,1.95,1.94,1.95,4000,0
2016-03-18,06:40:00,1.95,1.95,1.95,1.95,2000,0
2016-03-18,06:45:00,1.95,1.95,1.94,1.94,4000,0
2016-03-18,06:55:00,1.94,1.94,1.94,1.94,54000,0
2016-03-18,07:00:00,1.94,1.94,1.94,1.94,12000,0
2016-03-18,07:05:00,1.94,1.94,1.94,1.94,2000,0
2016-03-18,07:10:00,1.94,1.96,1.94,1.96,10000,0
2016-03-18,07:15:00,1.96,1.96,1.95,1.96,22000,0
2016-03-18,07:20:00,1.96,1.96,1.96,1.96,4000,0
2016-03-18,07:25:00,1.96,1.96,1.96,1.96,6000,0
2016-03-18,07:30:00,1.96,1.96,1.95,1.95,8000,0
2016-03-18,07:35:00,1.95,1.96,1.95,1.96,6000,0
2016-03-18,07:40:00,1.96,1.96,1.96,1.96,6000,0
2016-03-18,07:45:00,1.96,1.96,1.96,1.96,8000,0
2016-03-18,07:50:00,1.96,1.96,1.95,1.95,8000,0
2016-03-18,07:55:00,1.95,1.96,1.95,1.96,6000,0
2016-03-18,08:00:00,1.96,1.96,1.96,1.96,16000,0
2016-03-18,08:05:00,1.96,1.96,1.95,1.95,8000,0
2016-03-18,08:10:00,1.95,1.95,1.94,1.94,14000,0
2016-03-18,08:15:00,1.94,1.95,1.94,1.95,16000,0
2016-03-18,08:20:00,1.95,1.95,1.95,1.95,4000,0
2016-03-18,08:25:00,1.95,1.95,1.94,1.95,12000,0
2016-03-18,08:30:00,1.95,1.95,1.94,1.95,16000,0
2016-03-18,08:35:00,1.95,1.95,1.95,1.95,2000,0
2016-03-18,08:40:00,1.95,1.95,1.95,1.95,16000,0
2016-03-18,08:45:00,1.95,1.95,1.95,1.95,8000,0
2016-03-18,08:50:00,1.95,1.95,1.95,1.95,12000,0
2016-03-18,08:55:00,1.95,1.95,1.95,1.95,16000,0
2016-03-18,09:00:00,1.95,2,1.95,1.99,586000,0
2016-03-21,02:35:00,1.99,1.99,1.96,1.96,42000,0
2016-03-21,02:40:00,1.96,1.96,1.96,1.96,4000,0
2016-03-21,02:45:00,1.96,1.97,1.96,1.97,94000,0
2016-03-21,02:50:00,1.97,1.97,1.97,1.97,20000,0
2016-03-21,03:50:00,1.97,1.98,1.97,1.98,40000,0
2016-03-21,04:00:00,1.98,2.01,1.98,2.01,14000,0
2016-03-21,04:25:00,2,2.01,2,2.01,12000,0
2016-03-21,04:30:00,2.01,2.01,2.01,2.01,20000,0
2016-03-21,04:35:00,2.01,2.01,2.01,2.01,10000,0
2016-03-21,04:55:00,2,2,2,2,16000,0
2016-03-21,05:00:00,2,2,1.99,1.99,218000,0
2016-03-21,06:50:00,1.99,1.99,1.98,1.98,392000,0
2016-03-21,06:55:00,1.98,1.98,1.97,1.97,94000,0
2016-03-21,07:00:00,1.97,1.97,1.95,1.95,68000,0
2016-03-21,07:10:00,1.95,1.95,1.93,1.93,62000,0
2016-03-21,08:40:00,1.94,1.96,1.94,1.96,68000,0
2016-03-21,08:50:00,1.96,1.97,1.96,1.97,16000,0
2016-03-21,09:00:00,1.97,1.97,1.95,1.95,14000,0
2016-03-22,03:05:00,1.97,1.97,1.95,1.95,116000,0
2016-03-22,03:35:00,1.96,1.98,1.96,1.96,86000,0
2016-03-22,03:45:00,1.96,1.98,1.96,1.98,394000,0
2016-03-22,03:55:00,1.98,1.98,1.96,1.98,104000,0
2016-03-22,04:00:00,1.98,1.98,1.96,1.96,18000,0
2016-03-22,04:05:00,1.96,1.96,1.95,1.95,12000,0
2016-03-22,04:15:00,1.95,1.96,1.95,1.96,72000,0
2016-03-22,04:35:00,1.96,1.96,1.96,1.96,34000,0
2016-03-22,04:40:00,1.96,1.96,1.95,1.95,22000,0
2016-03-22,06:10:00,1.95,1.97,1.95,1.97,4000,0
2016-03-22,06:40:00,1.97,1.97,1.97,1.97,2000,0
2016-03-22,07:15:00,1.97,1.97,1.95,1.95,6000,0
2016-03-22,07:45:00,1.95,1.97,1.95,1.95,8000,0
2016-03-22,08:20:00,1.95,1.97,1.95,1.97,4000,0
2016-03-22,08:35:00,1.97,1.97,1.97,1.97,30000,0
2016-03-22,08:45:00,1.97,1.97,1.95,1.95,10000,0
2016-03-22,09:00:00,1.95,1.97,1.95,1.97,22000,0
2016-03-23,02:40:00,1.95,1.96,1.95,1.96,80000,0
2016-03-23,02:45:00,1.96,1.96,1.96,1.96,4000,0
2016-03-23,03:40:00,1.97,1.97,1.97,1.97,12000,0
2016-03-23,03:45:00,1.97,1.97,1.97,1.97,10000,0
2016-03-23,03:50:00,1.97,1.97,1.97,1.97,10000,0
2016-03-23,04:00:00,1.96,1.96,1.96,1.96,10000,0
2016-03-23,07:05:00,1.96,1.96,1.96,1.96,6000,0
2016-03-23,07:55:00,1.96,1.96,1.96,1.96,4000,0
2016-03-23,08:10:00,1.96,1.96,1.96,1.96,34000,0
2016-03-23,08:20:00,1.96,1.97,1.96,1.96,16000,0
2016-03-24,02:45:00,1.92,1.96,1.92,1.92,170000,0
2016-03-24,02:50:00,1.92,1.92,1.9,1.92,404000,0
2016-03-24,02:55:00,1.92,1.92,1.92,1.92,10000,0
2016-03-24,03:00:00,1.92,1.92,1.9,1.9,102000,0
2016-03-24,03:10:00,1.9,1.92,1.9,1.91,56000,0
2016-03-24,03:30:00,1.91,1.91,1.9,1.9,4000,0
2016-03-24,03:40:00,1.9,1.91,1.9,1.91,62000,0
2016-03-24,04:05:00,1.91,1.91,1.91,1.91,2000,0
2016-03-24,04:35:00,1.91,1.91,1.91,1.91,8000,0
2016-03-24,04:45:00,1.91,1.91,1.9,1.9,28000,0
2016-03-24,06:05:00,1.9,1.9,1.9,1.9,32000,0
2016-03-24,06:20:00,1.9,1.9,1.89,1.89,78000,0
2016-03-24,06:40:00,1.89,1.89,1.89,1.89,10000,0
2016-03-24,06:50:00,1.89,1.89,1.89,1.89,18000,0
2016-03-24,06:55:00,1.89,1.91,1.86,1.86,344000,0
2016-03-24,07:00:00,1.86,1.86,1.86,1.86,4000,0
2016-03-24,07:50:00,1.86,1.86,1.86,1.86,2000,0
2016-03-24,08:00:00,1.86,1.88,1.85,1.87,308000,0
2016-03-24,08:45:00,1.86,1.86,1.86,1.86,8000,0
2016-03-24,09:00:00,1.86,1.86,1.86,1.86,30000,0
2016-03-29,03:35:00,1.86,1.86,1.86,1.86,4000,0
2016-03-29,03:50:00,1.85,1.86,1.85,1.86,46000,0
2016-03-29,03:55:00,1.86,1.86,1.86,1.86,30000,0
2016-03-29,04:00:00,1.86,1.88,1.86,1.88,78000,0
2016-03-29,04:05:00,1.88,1.89,1.88,1.89,104000,0
2016-03-29,04:20:00,1.9,1.9,1.87,1.87,34000,0
2016-03-29,04:40:00,1.88,1.89,1.88,1.89,4000,0
2016-03-29,05:00:00,1.89,1.89,1.88,1.88,30000,0
2016-03-29,05:30:00,1.88,1.89,1.88,1.89,4000,0
2016-03-29,06:00:00,1.89,1.89,1.89,1.89,2000,0
2016-03-29,07:15:00,1.9,1.91,1.9,1.91,10000,0
2016-03-29,07:40:00,1.91,1.91,1.9,1.9,72000,0
2016-03-29,08:30:00,1.9,1.9,1.89,1.89,12000,0
2016-03-29,08:35:00,1.89,1.89,1.89,1.89,8000,0
2016-03-29,08:50:00,1.89,1.89,1.89,1.89,4000,0
2016-03-29,09:15:00,1.89,1.89,1.89,1.89,4000,0
2016-03-30,04:05:00,1.9,1.9,1.9,1.9,8000,0
2016-03-30,05:10:00,1.91,1.92,1.91,1.92,26000,0
2016-03-30,05:15:00,1.92,1.92,1.92,1.92,20000,0
2016-03-30,05:35:00,1.92,1.92,1.91,1.91,4000,0
2016-03-30,05:50:00,1.91,1.91,1.91,1.91,2000,0
2016-03-30,06:00:00,1.91,1.93,1.91,1.93,76000,0
2016-03-30,07:10:00,1.93,1.93,1.91,1.91,8000,0
2016-03-30,08:00:00,1.91,1.91,1.91,1.91,2000,0
2016-03-30,08:40:00,1.91,1.93,1.91,1.93,46000,0
2016-03-30,08:45:00,1.93,1.93,1.92,1.92,4000,0
2016-03-30,08:50:00,1.92,1.93,1.91,1.93,124000,0
2016-03-30,09:00:00,1.93,1.93,1.93,1.93,12000,0
2016-03-30,09:10:00,1.93,1.93,1.91,1.91,8000,0
2016-03-30,10:00:00,1.91,1.93,1.91,1.91,6000,0
2016-03-31,04:10:00,1.94,1.94,1.93,1.94,20000,0
2016-03-31,04:15:00,1.94,1.95,1.94,1.95,42000,0
2016-03-31,04:20:00,1.95,1.95,1.94,1.94,4000,0
2016-03-31,04:25:00,1.94,1.95,1.94,1.95,60000,0
2016-03-31,04:55:00,1.94,1.94,1.93,1.94,34000,0
2016-03-31,05:05:00,1.94,1.95,1.94,1.95,22000,0
2016-03-31,05:10:00,1.95,1.95,1.93,1.93,4000,0
2016-03-31,05:15:00,1.93,1.94,1.93,1.94,8000,0
2016-03-31,05:35:00,1.94,1.94,1.93,1.94,10000,0
2016-03-31,05:40:00,1.94,1.95,1.94,1.94,44000,0
2016-03-31,07:05:00,1.94,1.94,1.94,1.94,4000,0
2016-03-31,07:10:00,1.94,1.94,1.94,1.94,2000,0
2016-03-31,07:20:00,1.94,1.94,1.94,1.94,2000,0
2016-03-31,07:30:00,1.94,1.94,1.94,1.94,2000,0
2016-03-31,07:40:00,1.94,1.94,1.94,1.94,2000,0
2016-03-31,07:50:00,1.94,1.94,1.94,1.94,2000,0
2016-03-31,07:55:00,1.94,1.94,1.94,1.94,2000,0
2016-03-31,08:00:00,1.94,1.94,1.94,1.94,14000,0
2016-03-31,08:15:00,1.94,1.94,1.94,1.94,2000,0
2016-03-31,08:25:00,1.94,1.94,1.93,1.93,4000,0
2016-03-31,08:30:00,1.94,1.94,1.94,1.94,2000,0
2016-03-31,08:35:00,1.94,1.94,1.94,1.94,2000,0
2016-03-31,08:40:00,1.94,1.94,1.94,1.94,2000,0
2016-03-31,08:45:00,1.94,1.94,1.93,1.94,190000,0
2016-03-31,08:50:00,1.93,1.93,1.93,1.93,2000,0
2016-03-31,09:05:00,1.93,1.93,1.93,1.93,2000,0
2016-03-31,09:20:00,1.93,1.94,1.93,1.94,112000,0
2016-03-31,09:30:00,1.93,1.93,1.93,1.93,106000,0
2016-03-31,09:35:00,1.93,1.93,1.93,1.93,22000,0
2016-03-31,09:55:00,1.93,1.93,1.93,1.93,8000,0
2016-03-31,10:00:00,1.93,1.93,1.92,1.92,104000,0
2016-04-01,04:10:00,1.92,1.93,1.92,1.93,4000,0
2016-04-01,04:15:00,1.93,1.93,1.93,1.93,52000,0
2016-04-01,04:20:00,1.93,1.93,1.93,1.93,50000,0
2016-04-01,04:25:00,1.93,1.94,1.93,1.94,60000,0
2016-04-01,04:30:00,1.94,1.94,1.94,1.94,2000,0
2016-04-01,04:40:00,1.94,1.94,1.94,1.94,2000,0
2016-04-01,06:00:00,1.92,1.93,1.92,1.93,4000,0
2016-04-01,07:20:00,1.93,1.93,1.93,1.93,10000,0
2016-04-01,07:55:00,1.92,1.93,1.92,1.93,4000,0
2016-04-01,08:35:00,1.92,1.93,1.92,1.93,4000,0
2016-04-01,09:05:00,1.93,1.93,1.93,1.93,2000,0
2016-04-01,09:35:00,1.92,1.93,1.92,1.93,4000,0
2016-04-01,10:00:00,1.92,1.93,1.92,1.93,6000,0
2016-04-05,03:55:00,1.93,1.93,1.92,1.92,16000,0
2016-04-05,04:00:00,1.92,1.92,1.92,1.92,4000,0
2016-04-05,04:15:00,1.92,1.93,1.92,1.93,38000,0
2016-04-05,04:25:00,1.93,1.94,1.93,1.94,38000,0
2016-04-05,04:45:00,1.94,1.94,1.93,1.93,52000,0
2016-04-05,04:50:00,1.93,1.94,1.93,1.94,8000,0
2016-04-05,05:30:00,1.93,1.93,1.93,1.93,2000,0
2016-04-05,05:40:00,1.93,1.93,1.93,1.93,8000,0
2016-04-05,07:05:00,1.93,1.94,1.93,1.94,4000,0
2016-04-05,07:40:00,1.93,1.93,1.93,1.93,16000,0
2016-04-05,07:45:00,1.93,1.93,1.93,1.93,2000,0
2016-04-05,07:50:00,1.93,1.93,1.93,1.93,12000,0
2016-04-05,07:55:00,1.93,1.93,1.92,1.92,6000,0
2016-04-05,08:00:00,1.92,1.93,1.92,1.93,8000,0
2016-04-05,08:25:00,1.93,1.93,1.93,1.93,2000,0
2016-04-05,09:05:00,1.91,1.92,1.91,1.92,4000,0
2016-04-05,09:35:00,1.91,1.92,1.91,1.92,4000,0
2016-04-05,09:40:00,1.92,1.93,1.92,1.93,56000,0
2016-04-05,10:00:00,1.93,1.93,1.93,1.93,2000,0
2016-04-06,08:50:00,1.9,1.9,1.89,1.89,30000,0
2016-04-06,09:30:00,1.88,1.89,1.88,1.89,30000,0
2016-04-06,10:00:00,1.89,1.89,1.89,1.89,8000,0
2016-04-07,03:55:00,1.89,1.89,1.89,1.89,8000,0
2016-04-07,04:15:00,1.89,1.89,1.88,1.89,22000,0
2016-04-07,05:20:00,1.89,1.89,1.89,1.89,2000,0
2016-04-07,05:40:00,1.89,1.89,1.88,1.89,8000,0
2016-04-07,05:50:00,1.89,1.89,1.89,1.89,10000,0
2016-04-07,07:05:00,1.89,1.9,1.89,1.9,44000,0
2016-04-07,07:45:00,1.9,1.9,1.89,1.89,8000,0
2016-04-07,07:50:00,1.89,1.89,1.89,1.89,6000,0
2016-04-07,09:25:00,1.88,1.92,1.88,1.91,264000,0
2016-04-07,09:50:00,1.91,1.91,1.9,1.9,6000,0
2016-04-07,10:00:00,1.9,1.92,1.9,1.91,128000,0
2016-04-08,08:25:00,1.89,1.91,1.89,1.9,24000,0
2016-04-08,08:30:00,1.9,1.92,1.9,1.92,46000,0
2016-04-08,08:40:00,1.92,1.92,1.92,1.92,2000,0
2016-04-08,09:00:00,1.92,1.92,1.9,1.92,128000,0
2016-04-08,09:10:00,1.91,1.91,1.91,1.91,2000,0
2016-04-08,09:15:00,1.91,1.91,1.9,1.9,44000,0
2016-04-08,09:35:00,1.9,1.9,1.9,1.9,2000,0
2016-04-08,09:40:00,1.9,1.9,1.9,1.9,2000,0
2016-04-08,09:55:00,1.9,1.91,1.9,1.91,64000,0
2016-04-08,10:00:00,1.91,1.92,1.91,1.92,128000,0
2016-04-11,04:55:00,1.92,1.96,1.92,1.96,144000,0
2016-04-11,05:00:00,1.95,1.95,1.93,1.93,68000,0
2016-04-11,05:05:00,1.93,1.93,1.93,1.93,6000,0
2016-04-11,05:25:00,1.93,1.93,1.93,1.93,2000,0
2016-04-11,09:55:00,1.92,1.93,1.92,1.93,8000,0
2016-04-12,03:50:00,1.92,1.93,1.92,1.92,14000,0
2016-04-12,03:55:00,1.92,1.92,1.91,1.91,4000,0
2016-04-12,04:00:00,1.91,1.92,1.91,1.92,54000,0
2016-04-12,04:15:00,1.92,1.92,1.92,1.92,10000,0
2016-04-12,04:20:00,1.92,1.93,1.92,1.93,52000,0
2016-04-12,04:25:00,1.93,1.93,1.93,1.93,52000,0
2016-04-12,04:35:00,1.93,1.93,1.93,1.93,26000,0
2016-04-12,04:50:00,1.93,1.93,1.93,1.93,2000,0
2016-04-12,05:15:00,1.93,1.93,1.92,1.92,108000,0
2016-04-12,05:20:00,1.92,1.92,1.92,1.92,8000,0
2016-04-12,05:35:00,1.92,1.92,1.92,1.92,8000,0
2016-04-12,07:10:00,1.92,1.92,1.9,1.9,112000,0
2016-04-12,07:15:00,1.9,1.92,1.9,1.92,20000,0
2016-04-12,07:25:00,1.91,1.91,1.91,1.91,4000,0
2016-04-12,07:55:00,1.91,1.91,1.91,1.91,2000,0
2016-04-12,08:00:00,1.91,1.91,1.89,1.91,34000,0
2016-04-12,08:25:00,1.91,1.91,1.91,1.91,6000,0
2016-04-12,08:30:00,1.91,1.91,1.89,1.89,4000,0
2016-04-12,08:35:00,1.89,1.9,1.88,1.9,342000,0
2016-04-12,08:50:00,1.9,1.91,1.9,1.91,16000,0
2016-04-12,08:55:00,1.91,1.91,1.91,1.91,2000,0
2016-04-12,09:00:00,1.9,1.9,1.9,1.9,12000,0
2016-04-12,09:15:00,1.9,1.91,1.9,1.91,30000,0
2016-04-12,09:25:00,1.91,1.91,1.91,1.91,8000,0
2016-04-12,09:40:00,1.91,1.91,1.91,1.91,2000,0
2016-04-12,09:45:00,1.91,1.91,1.9,1.9,12000,0
2016-04-12,10:00:00,1.9,1.91,1.88,1.91,44000,0
2016-04-13,03:45:00,1.92,1.92,1.92,1.92,18000,0
2016-04-13,04:45:00,1.92,1.92,1.92,1.92,6000,0
2016-04-13,05:05:00,1.92,1.92,1.92,1.92,2000,0
2016-04-13,05:10:00,1.92,1.92,1.9,1.9,70000,0
2016-04-13,05:15:00,1.9,1.9,1.9,1.9,4000,0
2016-04-13,05:35:00,1.91,1.92,1.91,1.92,4000,0
2016-04-13,05:40:00,1.92,1.94,1.92,1.94,434000,0
2016-04-13,05:45:00,1.94,1.94,1.93,1.93,80000,0
2016-04-13,06:00:00,1.94,1.94,1.94,1.94,16000,0
2016-04-13,07:05:00,1.94,1.95,1.93,1.95,124000,0
2016-04-13,07:10:00,1.95,1.95,1.94,1.94,58000,0
2016-04-13,07:15:00,1.94,1.94,1.94,1.94,2000,0
2016-04-13,07:20:00,1.94,1.94,1.94,1.94,2000,0
2016-04-13,07:30:00,1.94,1.96,1.94,1.95,192000,0
2016-04-13,07:35:00,1.95,1.95,1.95,1.95,8000,0
2016-04-13,07:55:00,1.95,1.95,1.95,1.95,2000,0
2016-04-13,08:00:00,1.95,1.95,1.95,1.95,6000,0
2016-04-13,08:05:00,1.95,1.95,1.95,1.95,6000,0
2016-04-13,08:10:00,1.95,1.95,1.94,1.94,56000,0
2016-04-13,08:35:00,1.94,1.94,1.93,1.93,20000,0
2016-04-13,08:50:00,1.93,1.93,1.93,1.93,2000,0
2016-04-13,09:10:00,1.93,1.93,1.93,1.93,26000,0
2016-04-13,09:15:00,1.93,1.93,1.93,1.93,52000,0
2016-04-13,09:35:00,1.93,1.93,1.93,1.93,16000,0
2016-04-13,09:40:00,1.93,1.93,1.93,1.93,2000,0
2016-04-13,09:50:00,1.93,1.93,1.93,1.93,2000,0
2016-04-13,09:55:00,1.93,1.93,1.93,1.93,12000,0
2016-04-13,10:00:00,1.93,1.94,1.93,1.93,128000,0
