Date,Time,Open,High,Low,Close,Volume,OpenInt
2016-02-04,02:35:00,0.325,0.33,0.325,0.33,60000,0
2016-02-04,03:20:00,0.33,0.33,0.325,0.325,80000,0
2016-02-04,03:45:00,0.325,0.325,0.325,0.325,10000,0
2016-02-04,03:55:00,0.325,0.325,0.32,0.325,80000,0
2016-02-04,04:00:00,0.325,0.325,0.325,0.325,100000,0
2016-02-04,06:05:00,0.325,0.325,0.325,0.325,50000,0
2016-02-04,06:15:00,0.325,0.33,0.325,0.33,300000,0
2016-02-04,06:40:00,0.33,0.33,0.33,0.33,30000,0
2016-02-04,06:45:00,0.33,0.33,0.33,0.33,20000,0
2016-02-04,06:55:00,0.33,0.33,0.33,0.33,110000,0
2016-02-04,07:05:00,0.33,0.33,0.33,0.33,100000,0
2016-02-04,07:30:00,0.33,0.33,0.33,0.33,40000,0
2016-02-04,08:50:00,0.33,0.33,0.33,0.33,60000,0
2016-02-05,02:35:00,0.335,0.335,0.33,0.33,90000,0
2016-02-05,02:40:00,0.33,0.335,0.33,0.335,40000,0
2016-02-05,02:55:00,0.335,0.335,0.335,0.335,310645,0
2016-02-05,03:05:00,0.335,0.335,0.335,0.335,100000,0
2016-02-05,04:10:00,0.335,0.335,0.33,0.33,120000,0
2016-02-05,04:15:00,0.33,0.33,0.33,0.33,400000,0
2016-02-05,07:25:00,0.33,0.33,0.33,0.33,40000,0
2016-02-05,07:40:00,0.33,0.33,0.33,0.33,30000,0
2016-02-05,07:45:00,0.33,0.33,0.33,0.33,10000,0
2016-02-05,07:50:00,0.33,0.33,0.33,0.33,10000,0
2016-02-05,08:25:00,0.33,0.33,0.33,0.33,300000,0
2016-02-12,08:10:00,0.315,0.32,0.315,0.32,130000,0
2016-02-15,06:45:00,0.325,0.325,0.32,0.325,100000,0
2016-02-16,07:45:00,0.33,0.33,0.325,0.33,300000,0
2016-02-16,08:00:00,0.33,0.33,0.325,0.325,300000,0
2016-02-16,08:05:00,0.325,0.325,0.325,0.325,220000,0
2016-02-16,09:00:00,0.325,0.325,0.32,0.325,30000,0
2016-02-18,04:50:00,0.325,0.325,0.325,0.325,100000,0
2016-02-18,06:10:00,0.325,0.325,0.325,0.325,150000,0
2016-02-18,06:25:00,0.325,0.33,0.325,0.33,180000,0
2016-02-18,07:05:00,0.33,0.33,0.325,0.325,200000,0
2016-02-19,03:25:00,0.33,0.33,0.33,0.33,50000,0
2016-02-19,03:30:00,0.33,0.33,0.33,0.33,80000,0
2016-02-19,03:50:00,0.33,0.33,0.33,0.33,20000,0
2016-02-19,03:55:00,0.33,0.33,0.33,0.33,100000,0
2016-02-19,04:05:00,0.33,0.335,0.33,0.335,20000,0
2016-02-19,04:10:00,0.335,0.335,0.335,0.335,50000,0
2016-02-19,04:15:00,0.335,0.335,0.335,0.335,40000,0
2016-02-19,04:20:00,0.335,0.335,0.33,0.33,580000,0
2016-02-19,04:30:00,0.33,0.335,0.33,0.335,80000,0
2016-02-19,04:45:00,0.335,0.335,0.335,0.335,50000,0
2016-02-19,06:40:00,0.335,0.335,0.33,0.33,30000,0
2016-02-19,07:00:00,0.33,0.335,0.33,0.335,200000,0
2016-02-19,07:50:00,0.335,0.335,0.33,0.33,200000,0
2016-02-19,07:55:00,0.33,0.33,0.33,0.33,240000,0
2016-02-19,08:00:00,0.33,0.33,0.33,0.33,260000,0
2016-02-19,08:05:00,0.33,0.335,0.33,0.33,160000,0
2016-02-22,02:35:00,0.335,0.335,0.335,0.335,20000,0
2016-02-22,03:00:00,0.335,0.335,0.335,0.335,500,0
2016-02-22,03:10:00,0.335,0.35,0.335,0.35,1030000,0
2016-02-22,03:25:00,0.35,0.35,0.345,0.345,220000,0
2016-02-22,03:30:00,0.345,0.345,0.34,0.34,70000,0
2016-02-22,03:50:00,0.34,0.34,0.335,0.335,70000,0
2016-02-22,04:00:00,0.335,0.335,0.335,0.335,30000,0
2016-02-22,04:10:00,0.335,0.335,0.335,0.335,30000,0
2016-02-22,04:15:00,0.335,0.335,0.335,0.335,310000,0
2016-02-22,04:20:00,0.335,0.335,0.335,0.335,90000,0
2016-02-22,04:25:00,0.335,0.335,0.335,0.335,70000,0
2016-02-22,04:55:00,0.335,0.335,0.335,0.335,10000,0
2016-02-22,08:45:00,0.335,0.335,0.335,0.335,10000,0
2016-02-23,02:40:00,0.335,0.335,0.335,0.335,30000,0
2016-02-23,03:50:00,0.335,0.335,0.335,0.335,70000,0
2016-02-23,04:50:00,0.33,0.34,0.33,0.34,190000,0
2016-02-24,08:35:00,0.33,0.335,0.33,0.335,20000,0
2016-02-24,08:55:00,0.335,0.335,0.335,0.335,90000,0
2016-02-24,09:00:00,0.335,0.335,0.335,0.335,3333,0
2016-02-25,02:40:00,0.33,0.335,0.33,0.335,20000,0
2016-02-25,03:00:00,0.335,0.335,0.335,0.335,280000,0
2016-02-25,03:20:00,0.335,0.335,0.335,0.335,20000,0
2016-02-25,04:15:00,0.335,0.335,0.335,0.335,20000,0
2016-02-25,06:05:00,0.335,0.34,0.335,0.34,110000,0
2016-02-25,07:50:00,0.34,0.34,0.335,0.335,220000,0
2016-02-26,03:20:00,0.335,0.335,0.335,0.335,80000,0
2016-02-26,03:50:00,0.335,0.335,0.335,0.335,100000,0
2016-02-26,06:45:00,0.335,0.335,0.335,0.335,100000,0
2016-02-29,03:50:00,0.33,0.335,0.33,0.335,2500,0
2016-02-29,04:30:00,0.33,0.335,0.33,0.335,110000,0
2016-02-29,06:10:00,0.335,0.335,0.335,0.335,100000,0
2016-02-29,06:50:00,0.335,0.345,0.335,0.34,220000,0
2016-03-01,02:40:00,0.345,0.345,0.34,0.345,20000,0
2016-03-02,02:40:00,0.35,0.35,0.34,0.35,200000,0
2016-03-02,02:50:00,0.35,0.35,0.35,0.35,120000,0
2016-03-02,03:10:00,0.35,0.35,0.35,0.35,20000,0
2016-03-02,03:15:00,0.35,0.35,0.35,0.35,350000,0
2016-03-02,03:25:00,0.35,0.35,0.35,0.35,90000,0
2016-03-02,04:00:00,0.35,0.35,0.345,0.345,40000,0
2016-03-02,04:05:00,0.345,0.345,0.345,0.345,80000,0
2016-03-02,05:00:00,0.345,0.345,0.345,0.345,220000,0
2016-03-02,06:05:00,0.345,0.35,0.345,0.35,290000,0
2016-03-02,06:45:00,0.345,0.345,0.345,0.345,200000,0
2016-03-03,04:40:00,0.34,0.34,0.34,0.34,50000,0
2016-03-03,07:15:00,0.335,0.34,0.335,0.34,50000,0
2016-03-04,08:55:00,0.34,0.345,0.34,0.345,140000,0
2016-03-07,04:20:00,0.345,0.345,0.345,0.345,10000,0
2016-03-07,06:20:00,0.345,0.345,0.345,0.345,260,0
2016-03-07,06:40:00,0.345,0.35,0.345,0.35,110000,0
2016-03-07,07:45:00,0.35,0.35,0.35,0.35,50000,0
2016-03-07,07:50:00,0.35,0.35,0.35,0.35,10000,0
2016-03-07,07:55:00,0.35,0.35,0.35,0.35,50000,0
2016-03-07,08:20:00,0.34,0.35,0.34,0.35,110000,0
2016-03-08,02:40:00,0.345,0.35,0.345,0.35,10000,0
2016-03-08,06:50:00,0.345,0.345,0.345,0.345,120000,0
2016-03-08,07:10:00,0.345,0.345,0.345,0.345,30000,0
2016-03-08,07:20:00,0.345,0.345,0.345,0.345,10000,0
2016-03-08,07:50:00,0.345,0.345,0.345,0.345,10000,0
2016-03-08,08:20:00,0.345,0.345,0.345,0.345,10000,0
2016-03-08,08:55:00,0.34,0.345,0.34,0.345,20000,0
2016-03-09,02:35:00,0.35,0.35,0.345,0.345,70000,0
2016-03-09,04:30:00,0.345,0.345,0.345,0.345,30000,0
2016-03-09,04:40:00,0.345,0.345,0.345,0.345,20000,0
2016-03-09,06:55:00,0.34,0.35,0.34,0.35,700000,0
2016-03-09,07:00:00,0.35,0.35,0.35,0.35,60000,0
2016-03-09,07:15:00,0.35,0.35,0.35,0.35,30000,0
2016-03-09,07:50:00,0.345,0.345,0.345,0.345,100000,0
2016-03-10,04:20:00,0.345,0.345,0.345,0.345,30000,0
2016-03-10,04:45:00,0.345,0.345,0.345,0.345,70000,0
2016-03-10,04:55:00,0.345,0.345,0.345,0.345,10000,0
2016-03-10,06:05:00,0.345,0.345,0.345,0.345,150000,0
2016-03-10,06:10:00,0.345,0.35,0.345,0.35,210000,0
2016-03-10,06:15:00,0.35,0.35,0.345,0.345,200000,0
2016-03-10,06:20:00,0.35,0.35,0.35,0.35,50000,0
2016-03-10,06:25:00,0.35,0.35,0.35,0.35,50000,0
2016-03-10,07:00:00,0.35,0.35,0.345,0.345,200000,0
2016-03-10,07:20:00,0.345,0.35,0.345,0.35,150000,0
2016-03-10,07:30:00,0.35,0.35,0.35,0.35,20000,0
2016-03-10,07:35:00,0.35,0.35,0.35,0.35,80000,0
2016-03-10,07:40:00,0.35,0.35,0.35,0.35,100000,0
2016-03-10,07:45:00,0.35,0.35,0.35,0.35,30000,0
2016-03-10,08:15:00,0.35,0.35,0.345,0.345,200000,0
2016-03-10,08:45:00,0.345,0.345,0.345,0.345,100000,0
2016-03-10,08:50:00,0.345,0.345,0.345,0.345,10000,0
2016-03-11,02:35:00,0.34,0.345,0.34,0.345,7500,0
2016-03-11,04:15:00,0.345,0.345,0.345,0.345,80000,0
2016-03-11,07:30:00,0.34,0.345,0.34,0.345,80000,0
2016-03-11,07:55:00,0.345,0.345,0.345,0.345,100000,0
2016-03-11,08:35:00,0.345,0.365,0.345,0.365,1380000,0
2016-03-11,08:40:00,0.365,0.365,0.365,0.365,490000,0
2016-03-11,08:45:00,0.365,0.365,0.36,0.36,240000,0
2016-03-11,08:55:00,0.36,0.36,0.355,0.355,750000,0
2016-03-11,09:00:00,0.355,0.365,0.355,0.365,360000,0
2016-03-14,02:40:00,0.37,0.37,0.36,0.36,340000,0
2016-03-14,04:00:00,0.355,0.36,0.355,0.36,590000,0
2016-03-14,04:10:00,0.36,0.36,0.36,0.36,10000,0
2016-03-14,04:15:00,0.36,0.37,0.36,0.37,1370000,0
2016-03-14,04:20:00,0.37,0.37,0.37,0.37,100000,0
2016-03-14,04:25:00,0.37,0.37,0.37,0.37,10000,0
2016-03-14,04:30:00,0.37,0.37,0.365,0.365,90000,0
2016-03-14,04:40:00,0.365,0.365,0.365,0.365,10000,0
2016-03-14,04:45:00,0.365,0.37,0.365,0.37,220000,0
2016-03-14,04:50:00,0.37,0.37,0.37,0.37,240000,0
2016-03-14,06:05:00,0.37,0.37,0.37,0.37,360000,0
2016-03-14,06:30:00,0.37,0.37,0.37,0.37,60000,0
2016-03-14,08:25:00,0.37,0.37,0.37,0.37,70000,0
2016-03-14,08:50:00,0.37,0.37,0.37,0.37,100000,0
2016-03-14,08:55:00,0.37,0.37,0.37,0.37,50000,0
2016-03-14,09:00:00,0.37,0.37,0.37,0.37,50000,0
2016-03-15,03:35:00,0.36,0.37,0.36,0.37,60000,0
2016-03-15,03:45:00,0.37,0.37,0.37,0.37,100000,0
2016-03-16,03:55:00,0.36,0.36,0.36,0.36,50000,0
2016-03-16,04:00:00,0.36,0.36,0.36,0.36,50000,0
2016-03-16,08:40:00,0.355,0.36,0.355,0.36,400000,0
2016-03-16,09:00:00,0.36,0.365,0.36,0.36,40000,0
2016-03-17,03:30:00,0.35,0.36,0.35,0.36,20000,0
2016-03-17,04:40:00,0.36,0.36,0.36,0.36,20000,0
2016-03-17,06:05:00,0.36,0.36,0.36,0.36,20000,0
2016-03-17,06:40:00,0.36,0.36,0.36,0.36,10000,0
2016-03-17,07:05:00,0.36,0.36,0.36,0.36,120000,0
2016-03-17,07:10:00,0.36,0.365,0.36,0.365,160000,0
2016-03-17,07:20:00,0.365,0.365,0.365,0.365,10000,0
2016-03-17,07:35:00,0.365,0.365,0.365,0.365,20000,0
2016-03-17,07:45:00,0.365,0.365,0.365,0.365,20000,0
2016-03-17,07:50:00,0.365,0.365,0.365,0.365,60000,0
2016-03-17,08:25:00,0.365,0.365,0.365,0.365,100000,0
2016-03-17,08:30:00,0.365,0.365,0.365,0.365,60000,0
2016-03-17,09:00:00,0.365,0.365,0.365,0.365,20000,0
2016-03-18,03:40:00,0.37,0.37,0.365,0.37,140000,0
2016-03-18,03:55:00,0.37,0.37,0.37,0.37,100000,0
2016-03-18,04:00:00,0.37,0.37,0.355,0.365,220000,0
2016-03-18,04:30:00,0.365,0.37,0.365,0.37,70000,0
2016-03-18,04:35:00,0.37,0.37,0.37,0.37,10000,0
2016-03-18,06:05:00,0.37,0.37,0.37,0.37,150000,0
2016-03-18,06:25:00,0.37,0.37,0.365,0.365,20000,0
2016-03-18,06:35:00,0.365,0.37,0.365,0.37,20000,0
2016-03-18,06:40:00,0.37,0.37,0.37,0.37,400000,0
2016-03-18,06:45:00,0.37,0.37,0.37,0.37,20000,0
2016-03-18,07:15:00,0.37,0.37,0.37,0.37,170000,0
2016-03-18,07:45:00,0.37,0.37,0.37,0.37,30000,0
2016-03-18,08:10:00,0.37,0.37,0.37,0.37,20000,0
2016-03-18,08:35:00,0.37,0.37,0.37,0.37,50000,0
2016-03-18,08:50:00,0.37,0.37,0.37,0.37,90000,0
2016-03-18,08:55:00,0.37,0.37,0.37,0.37,40000,0
2016-03-18,09:00:00,0.37,0.375,0.37,0.375,140000,0
2016-03-21,02:35:00,0.375,0.385,0.36,0.37,660000,0
2016-03-21,02:40:00,0.37,0.37,0.36,0.365,200000,0
2016-03-21,02:45:00,0.365,0.365,0.355,0.355,200000,0
2016-03-21,02:50:00,0.355,0.355,0.35,0.35,200000,0
2016-03-21,03:05:00,0.35,0.35,0.35,0.35,40000,0
2016-03-21,03:10:00,0.35,0.35,0.35,0.35,80000,0
2016-03-21,03:15:00,0.35,0.35,0.345,0.345,190000,0
2016-03-21,03:25:00,0.345,0.35,0.345,0.35,340000,0
2016-03-21,03:40:00,0.35,0.35,0.35,0.35,100000,0
2016-03-21,03:50:00,0.35,0.35,0.35,0.35,540000,0
2016-03-21,03:55:00,0.35,0.35,0.35,0.35,210000,0
2016-03-21,04:15:00,0.35,0.355,0.35,0.355,20000,0
2016-03-21,06:45:00,0.355,0.355,0.355,0.355,150000,0
2016-03-21,07:05:00,0.355,0.355,0.35,0.35,110000,0
2016-03-21,09:00:00,0.35,0.35,0.35,0.35,240000,0
2016-03-22,03:15:00,0.345,0.35,0.345,0.345,200000,0
2016-03-22,03:35:00,0.345,0.345,0.34,0.34,110000,0
2016-03-22,03:50:00,0.34,0.34,0.335,0.335,570000,0
2016-03-22,04:05:00,0.33,0.335,0.33,0.335,130000,0
2016-03-22,04:15:00,0.33,0.335,0.33,0.335,40000,0
2016-03-22,04:35:00,0.335,0.335,0.335,0.335,60000,0
2016-03-22,04:50:00,0.335,0.335,0.335,0.335,20000,0
2016-03-22,06:50:00,0.335,0.34,0.335,0.34,200000,0
2016-03-22,07:00:00,0.34,0.34,0.335,0.335,50000,0
2016-03-22,07:10:00,0.335,0.335,0.335,0.335,20000,0
2016-03-22,07:30:00,0.335,0.34,0.335,0.34,270000,0
2016-03-22,08:05:00,0.34,0.34,0.335,0.335,300000,0
2016-03-22,08:55:00,0.335,0.335,0.335,0.335,200000,0
2016-03-22,09:00:00,0.335,0.34,0.335,0.34,140000,0
2016-03-23,04:10:00,0.33,0.34,0.33,0.33,450000,0
2016-03-23,04:15:00,0.33,0.33,0.33,0.33,100000,0
2016-03-23,04:20:00,0.33,0.33,0.33,0.33,80000,0
2016-03-23,04:30:00,0.33,0.33,0.33,0.33,20000,0
2016-03-23,04:35:00,0.33,0.33,0.33,0.33,300000,0
2016-03-23,04:40:00,0.33,0.33,0.33,0.33,120000,0
2016-03-23,04:55:00,0.33,0.33,0.33,0.33,80000,0
2016-03-23,05:00:00,0.33,0.33,0.33,0.33,100000,0
2016-03-23,07:15:00,0.325,0.33,0.325,0.33,100000,0
2016-03-23,07:50:00,0.33,0.33,0.33,0.33,40000,0
2016-03-23,08:00:00,0.33,0.33,0.33,0.33,100000,0
2016-03-23,08:45:00,0.33,0.33,0.33,0.33,250000,0
2016-03-23,09:00:00,0.33,0.33,0.33,0.33,80000,0
2016-03-24,02:50:00,0.325,0.325,0.325,0.325,10000,0
2016-03-24,03:10:00,0.32,0.325,0.32,0.325,380000,0
2016-03-24,03:15:00,0.325,0.325,0.325,0.325,10000,0
2016-03-24,03:50:00,0.325,0.325,0.325,0.325,40000,0
2016-03-24,04:10:00,0.325,0.325,0.325,0.325,50000,0
2016-03-24,08:45:00,0.325,0.325,0.325,0.325,10000,0
2016-03-29,03:45:00,0.31,0.315,0.31,0.315,120000,0
2016-03-29,05:05:00,0.32,0.32,0.32,0.32,60000,0
2016-03-29,05:30:00,0.32,0.32,0.32,0.32,60000,0
2016-03-29,07:45:00,0.32,0.32,0.32,0.32,50000,0
2016-03-29,08:10:00,0.32,0.32,0.32,0.32,50000,0
2016-03-29,08:25:00,0.32,0.32,0.32,0.32,50000,0
2016-03-29,10:00:00,0.32,0.32,0.32,0.32,200000,0
2016-03-30,07:05:00,0.32,0.33,0.32,0.33,40000,0
2016-03-31,04:25:00,0.335,0.335,0.325,0.325,20000,0
2016-03-31,05:05:00,0.325,0.325,0.325,0.325,140000,0
2016-03-31,05:15:00,0.325,0.325,0.325,0.325,280000,0
2016-03-31,05:40:00,0.325,0.325,0.325,0.325,20000,0
2016-03-31,05:45:00,0.325,0.325,0.325,0.325,80000,0
2016-04-01,04:05:00,0.325,0.325,0.32,0.325,40000,0
2016-04-01,05:20:00,0.325,0.325,0.325,0.325,100000,0
2016-04-01,09:20:00,0.32,0.325,0.32,0.325,40000,0
2016-04-06,03:55:00,0.315,0.32,0.315,0.315,290000,0
2016-04-06,04:10:00,0.315,0.315,0.315,0.315,60000,0
2016-04-06,05:20:00,0.315,0.315,0.315,0.315,60000,0
2016-04-06,05:30:00,0.315,0.315,0.315,0.315,40000,0
2016-04-06,05:45:00,0.315,0.315,0.315,0.315,20000,0
2016-04-06,09:45:00,0.315,0.32,0.315,0.32,180000,0
2016-04-07,07:45:00,0.32,0.32,0.32,0.32,30000,0
2016-04-07,08:45:00,0.32,0.32,0.32,0.32,30000,0
2016-04-07,08:50:00,0.32,0.32,0.32,0.32,40000,0
2016-04-08,04:50:00,0.32,0.32,0.32,0.32,90000,0
2016-04-08,08:20:00,0.315,0.32,0.315,0.32,60000,0
2016-04-08,09:40:00,0.32,0.32,0.32,0.32,80000,0
2016-04-11,07:20:00,0.32,0.32,0.32,0.32,100000,0
2016-04-12,04:20:00,0.325,0.325,0.32,0.325,220000,0
2016-04-12,05:00:00,0.325,0.325,0.325,0.325,10000,0
2016-04-12,05:10:00,0.325,0.325,0.32,0.32,250000,0
2016-04-12,05:25:00,0.32,0.32,0.32,0.32,50000,0
2016-04-12,07:30:00,0.32,0.325,0.32,0.325,80000,0
2016-04-12,07:35:00,0.325,0.325,0.325,0.325,60000,0
2016-04-12,07:55:00,0.325,0.325,0.325,0.325,20000,0
2016-04-12,08:35:00,0.325,0.325,0.325,0.325,60000,0
