Date,Time,Open,High,Low,Close,Volume,OpenInt
2016-02-15,02:40:00,0.3774,0.3842,0.3706,0.3808,32353,0
2016-02-15,03:30:00,0.374,0.374,0.3672,0.3672,137647,0
2016-02-15,03:35:00,0.3672,0.3672,0.3672,0.3672,19412,0
2016-02-15,03:40:00,0.3672,0.3672,0.3604,0.3672,10588,0
2016-02-15,03:50:00,0.3672,0.3672,0.3672,0.3672,11765,0
2016-02-15,03:55:00,0.3672,0.3706,0.3672,0.3706,44118,0
2016-02-15,04:25:00,0.3706,0.3706,0.3672,0.3672,105882,0
2016-02-15,04:35:00,0.3672,0.3672,0.3672,0.3672,11765,0
2016-02-15,06:10:00,0.3672,0.3672,0.3672,0.3672,2941,0
2016-02-15,06:40:00,0.3672,0.3672,0.3672,0.3672,19118,0
2016-02-15,06:55:00,0.3672,0.3672,0.3672,0.3672,10000,0
2016-02-15,07:00:00,0.3672,0.3672,0.3672,0.3672,18824,0
2016-02-15,07:10:00,0.3672,0.3672,0.3672,0.3672,29412,0
2016-02-15,07:35:00,0.3672,0.3672,0.3672,0.3672,5882,0
2016-02-15,08:00:00,0.3672,0.3672,0.3672,0.3672,7941,0
2016-02-15,08:10:00,0.3672,0.374,0.3672,0.374,224118,0
2016-02-15,08:20:00,0.374,0.374,0.374,0.374,111765,0
2016-02-15,08:25:00,0.374,0.3808,0.374,0.3808,55294,0
2016-02-15,08:35:00,0.3808,0.408,0.3808,0.408,513529,0
2016-02-15,08:45:00,0.3944,0.3944,0.3944,0.3944,58824,0
2016-02-15,08:55:00,0.391,0.391,0.3808,0.3876,53824,0
2016-02-16,02:35:00,0.408,0.408,0.3876,0.408,588,0
2016-02-16,02:40:00,0.408,0.408,0.374,0.3774,38824,0
2016-02-16,02:45:00,0.374,0.3978,0.374,0.3978,588,0
2016-02-16,03:05:00,0.3978,0.3978,0.3808,0.3808,176471,0
2016-02-16,03:10:00,0.3808,0.3808,0.3706,0.3706,207647,0
2016-02-16,03:50:00,0.374,0.374,0.374,0.374,11765,0
2016-02-16,03:55:00,0.374,0.3842,0.374,0.3842,348824,0
2016-02-16,04:20:00,0.3842,0.391,0.3842,0.391,11176,0
2016-02-16,04:25:00,0.391,0.391,0.391,0.391,33235,0
2016-02-16,04:45:00,0.391,0.3944,0.391,0.3944,15294,0
2016-02-16,06:05:00,0.3944,0.3944,0.391,0.391,17647,0
2016-02-16,06:10:00,0.391,0.4114,0.391,0.4114,737353,0
2016-02-16,06:25:00,0.4114,0.4216,0.4114,0.4216,102941,0
2016-02-16,06:45:00,0.4216,0.4216,0.4114,0.4114,147059,0
2016-02-16,06:50:00,0.4114,0.4114,0.4046,0.4046,138235,0
2016-02-16,06:55:00,0.4046,0.4046,0.4046,0.4046,38235,0
2016-02-16,07:00:00,0.4046,0.4046,0.3978,0.3978,139412,0
2016-02-16,07:05:00,0.3978,0.3978,0.3978,0.3978,2059,0
2016-02-16,07:10:00,0.3978,0.3978,0.3978,0.3978,2941,0
2016-02-16,08:40:00,0.3978,0.3978,0.3978,0.3978,29412,0
2016-02-16,08:55:00,0.3978,0.3978,0.3978,0.3978,1176,0
2016-02-17,03:15:00,0.408,0.408,0.3978,0.408,23529,0
2016-02-17,03:30:00,0.408,0.408,0.3978,0.3978,17647,0
2016-02-17,03:50:00,0.3978,0.3978,0.3978,0.3978,41176,0
2016-02-17,04:05:00,0.3978,0.3978,0.391,0.391,11765,0
2016-02-17,04:25:00,0.391,0.391,0.3638,0.3672,104118,0
2016-02-17,07:00:00,0.374,0.374,0.374,0.374,44118,0
2016-02-17,08:00:00,0.3842,0.391,0.3842,0.391,111471,0
2016-02-17,08:05:00,0.391,0.391,0.391,0.391,29412,0
2016-02-17,08:10:00,0.391,0.391,0.3876,0.3876,58824,0
2016-02-17,08:25:00,0.391,0.391,0.391,0.391,3529,0
2016-02-17,08:45:00,0.391,0.391,0.3876,0.3876,58824,0
2016-02-17,08:55:00,0.3876,0.391,0.3876,0.391,15882,0
2016-02-18,02:45:00,0.4046,0.4046,0.391,0.4012,30000,0
2016-02-18,02:55:00,0.4012,0.4046,0.4012,0.4046,88235,0
2016-02-18,03:25:00,0.4046,0.4046,0.4046,0.4046,29412,0
2016-02-18,03:35:00,0.4046,0.4046,0.4012,0.4046,50294,0
2016-02-18,06:25:00,0.391,0.3944,0.391,0.3944,20000,0
2016-02-18,06:30:00,0.3944,0.3944,0.3944,0.3944,48824,0
2016-02-18,06:45:00,0.3944,0.3944,0.3944,0.3944,3529,0
2016-02-18,07:20:00,0.3944,0.3944,0.3944,0.3944,5882,0
2016-02-18,08:10:00,0.3944,0.4012,0.3944,0.4012,6471,0
2016-02-18,08:15:00,0.4012,0.4012,0.4012,0.4012,11765,0
2016-02-18,08:20:00,0.4012,0.4012,0.4012,0.4012,5294,0
2016-02-18,08:25:00,0.4012,0.4046,0.4012,0.4012,116471,0
2016-02-18,08:30:00,0.4012,0.4012,0.4012,0.4012,5882,0
2016-02-19,03:05:00,0.4012,0.4012,0.391,0.391,2647,0
2016-02-19,03:50:00,0.391,0.391,0.391,0.391,28235,0
2016-02-19,03:55:00,0.391,0.391,0.391,0.391,30294,0
2016-02-19,04:35:00,0.3876,0.4012,0.3876,0.4012,53235,0
2016-02-19,07:50:00,0.3876,0.391,0.3876,0.391,117647,0
2016-02-22,02:35:00,0.391,0.391,0.3808,0.3808,11765,0
2016-02-22,03:00:00,0.3808,0.3944,0.3808,0.3944,15882,0
2016-02-22,03:05:00,0.3944,0.3944,0.3876,0.3876,76471,0
2016-02-22,03:20:00,0.3876,0.3876,0.3842,0.3842,2941,0
2016-02-22,03:45:00,0.3842,0.3876,0.3842,0.3876,5882,0
2016-02-22,03:50:00,0.3876,0.3876,0.3876,0.3876,5882,0
2016-02-22,03:55:00,0.3876,0.3876,0.3842,0.3842,45882,0
2016-02-22,04:10:00,0.3842,0.3842,0.3842,0.3842,70000,0
2016-02-22,04:15:00,0.3842,0.3842,0.3808,0.3808,10294,0
2016-02-22,04:30:00,0.3808,0.3808,0.3808,0.3808,882,0
2016-02-22,04:35:00,0.3808,0.3808,0.3808,0.3808,5882,0
2016-02-22,06:40:00,0.374,0.3842,0.374,0.3842,61765,0
2016-02-22,06:45:00,0.3842,0.3842,0.3774,0.3774,588,0
2016-02-22,06:50:00,0.3774,0.3842,0.3774,0.3842,2353,0
2016-02-22,07:00:00,0.3842,0.3842,0.3774,0.3774,30588,0
2016-02-22,07:10:00,0.3808,0.3808,0.3808,0.3808,58824,0
2016-02-22,07:20:00,0.3808,0.3808,0.3774,0.3774,5882,0
2016-02-22,07:40:00,0.3774,0.3774,0.3774,0.3774,5882,0
2016-02-22,07:50:00,0.3774,0.3774,0.3774,0.3774,7059,0
2016-02-22,07:55:00,0.3774,0.3774,0.3774,0.3774,8824,0
2016-02-22,08:05:00,0.3808,0.3808,0.3808,0.3808,52941,0
2016-02-22,08:25:00,0.3808,0.3808,0.3808,0.3808,2941,0
2016-02-22,08:30:00,0.3808,0.3808,0.3808,0.3808,2353,0
2016-02-22,08:50:00,0.3808,0.3808,0.3808,0.3808,3824,0
2016-02-22,08:55:00,0.3808,0.3808,0.3808,0.3808,42941,0
2016-02-22,09:00:00,0.3808,0.3808,0.3808,0.3808,15882,0
2016-02-23,02:55:00,0.3774,0.3808,0.3774,0.3774,112941,0
2016-02-23,03:25:00,0.3774,0.3774,0.3604,0.3638,75294,0
2016-02-23,03:35:00,0.3638,0.3638,0.3638,0.3638,4412,0
2016-02-23,03:55:00,0.3706,0.3876,0.3706,0.3876,189412,0
2016-02-23,04:00:00,0.3876,0.3876,0.3876,0.3876,77647,0
2016-02-23,04:10:00,0.3876,0.3876,0.3876,0.3876,10588,0
2016-02-23,04:15:00,0.3876,0.3876,0.374,0.374,17647,0
2016-02-23,04:40:00,0.3808,0.3808,0.3774,0.3774,35294,0
2016-02-23,04:45:00,0.3774,0.3774,0.3774,0.3774,588,0
2016-02-23,07:15:00,0.3808,0.3808,0.3774,0.3774,9412,0
2016-02-23,07:25:00,0.3774,0.3774,0.3774,0.3774,2941,0
2016-02-23,07:35:00,0.3774,0.3774,0.3774,0.3774,5882,0
2016-02-23,07:40:00,0.3774,0.3774,0.3774,0.3774,2941,0
2016-02-23,07:55:00,0.3774,0.3774,0.3774,0.3774,11765,0
2016-02-23,08:00:00,0.3774,0.3774,0.3774,0.3774,29118,0
2016-02-23,08:20:00,0.3774,0.3774,0.374,0.374,2353,0
2016-02-23,08:25:00,0.374,0.3774,0.374,0.3774,23529,0
2016-02-23,08:30:00,0.3774,0.3774,0.374,0.374,58235,0
2016-02-23,08:45:00,0.374,0.374,0.374,0.374,32647,0
2016-02-23,08:50:00,0.374,0.3774,0.374,0.3774,34412,0
2016-02-23,09:00:00,0.3774,0.3774,0.374,0.374,60294,0
2016-02-24,03:05:00,0.374,0.374,0.374,0.374,16176,0
2016-02-24,03:25:00,0.374,0.374,0.3638,0.3638,160000,0
2016-02-24,04:00:00,0.3638,0.3638,0.3604,0.3604,136765,0
2016-02-24,04:05:00,0.3604,0.3604,0.3604,0.3604,41176,0
2016-02-24,06:15:00,0.3604,0.3604,0.3604,0.3604,6471,0
2016-02-24,06:20:00,0.3604,0.3604,0.3604,0.3604,29412,0
2016-02-24,06:25:00,0.3604,0.3604,0.3604,0.3604,14706,0
2016-02-24,07:35:00,0.357,0.3604,0.357,0.3604,2353,0
2016-02-24,07:45:00,0.3604,0.3638,0.3604,0.3638,29412,0
2016-02-24,07:50:00,0.3638,0.3638,0.3638,0.3638,68529,0
2016-02-24,08:10:00,0.3638,0.3706,0.3638,0.3638,25294,0
2016-02-24,08:20:00,0.3638,0.3638,0.3604,0.3604,1765,0
2016-02-24,08:40:00,0.3604,0.3604,0.3604,0.3604,150588,0
2016-02-24,08:50:00,0.357,0.3604,0.357,0.3604,16471,0
2016-02-24,08:55:00,0.3604,0.3672,0.3604,0.3672,11765,0
2016-02-25,02:35:00,0.3604,0.391,0.3604,0.3706,42353,0
2016-02-25,02:40:00,0.3706,0.3706,0.3638,0.3638,5882,0
2016-02-25,02:45:00,0.3638,0.3638,0.3604,0.3604,32353,0
2016-02-25,02:50:00,0.3604,0.3604,0.3604,0.3604,8824,0
2016-02-25,02:55:00,0.3638,0.3638,0.3638,0.3638,29412,0
2016-02-25,03:00:00,0.3638,0.3638,0.3604,0.3638,41176,0
2016-02-25,03:55:00,0.3638,0.3638,0.3604,0.3604,29412,0
2016-02-25,04:00:00,0.3604,0.3604,0.3604,0.3604,8235,0
2016-02-25,04:10:00,0.3604,0.3638,0.3604,0.3604,41765,0
2016-02-25,04:25:00,0.3604,0.3604,0.3604,0.3604,4412,0
2016-02-25,04:45:00,0.3604,0.3604,0.3604,0.3604,335000,0
2016-02-25,04:50:00,0.3604,0.3604,0.3604,0.3604,29412,0
2016-02-25,06:15:00,0.3604,0.3604,0.3604,0.3604,58824,0
2016-02-25,06:20:00,0.3604,0.3604,0.3604,0.3604,26176,0
2016-02-25,06:50:00,0.3604,0.3604,0.3604,0.3604,5882,0
2016-02-25,06:55:00,0.3604,0.3604,0.3604,0.3604,106176,0
2016-02-25,07:05:00,0.3604,0.3638,0.3604,0.3638,588,0
2016-02-25,07:20:00,0.3638,0.3638,0.3604,0.3604,8235,0
2016-02-25,07:30:00,0.3604,0.3604,0.3604,0.3604,1765,0
2016-02-25,07:35:00,0.3604,0.3604,0.3604,0.3604,170588,0
2016-02-25,07:40:00,0.3604,0.3604,0.3604,0.3604,94706,0
2016-02-25,07:45:00,0.3604,0.3604,0.3604,0.3604,149118,0
2016-02-25,07:55:00,0.3604,0.3604,0.3604,0.3604,8824,0
2016-02-25,08:00:00,0.3604,0.3604,0.3604,0.3604,118824,0
2016-02-25,08:20:00,0.3604,0.3604,0.3604,0.3604,2941,0
2016-02-25,08:25:00,0.3604,0.3604,0.3604,0.3604,23529,0
2016-02-25,08:35:00,0.3604,0.3604,0.3604,0.3604,17647,0
2016-02-25,08:40:00,0.3604,0.3604,0.3604,0.3604,23529,0
2016-02-25,08:45:00,0.3604,0.3604,0.3604,0.3604,41176,0
2016-02-25,08:50:00,0.3604,0.3604,0.3604,0.3604,73529,0
2016-02-25,08:55:00,0.3604,0.3638,0.3604,0.3638,82941,0
2016-02-25,09:00:00,0.3638,0.3638,0.3604,0.3604,123529,0
2016-02-26,02:35:00,0.3604,0.3604,0.3604,0.3604,1471,0
2016-02-26,02:45:00,0.3604,0.3604,0.3604,0.3604,24118,0
2016-02-26,03:10:00,0.3604,0.3604,0.3604,0.3604,88235,0
2016-02-26,03:35:00,0.3604,0.3604,0.357,0.357,58824,0
2016-02-26,03:40:00,0.357,0.357,0.357,0.357,8824,0
2016-02-26,03:45:00,0.357,0.3604,0.357,0.357,67059,0
2016-02-26,03:55:00,0.357,0.357,0.357,0.357,20588,0
2016-02-26,04:05:00,0.3536,0.357,0.3536,0.357,5882,0
2016-02-26,04:10:00,0.357,0.357,0.357,0.357,2941,0
2016-02-26,04:15:00,0.357,0.3604,0.357,0.3604,176471,0
2016-02-26,04:20:00,0.3604,0.3604,0.357,0.357,88235,0
2016-02-26,04:35:00,0.357,0.357,0.357,0.357,88235,0
2016-02-26,04:40:00,0.357,0.3604,0.357,0.3604,1176,0
2016-02-26,05:00:00,0.3604,0.3604,0.3604,0.3604,78235,0
2016-02-26,06:05:00,0.3604,0.3604,0.3604,0.3604,58824,0
2016-02-26,06:30:00,0.3604,0.3604,0.3604,0.3604,8824,0
2016-02-26,06:45:00,0.3604,0.3604,0.3604,0.3604,10588,0
2016-02-26,06:55:00,0.3604,0.3638,0.3604,0.3638,13529,0
2016-02-26,07:10:00,0.3638,0.3638,0.3638,0.3638,882,0
2016-02-26,07:20:00,0.3638,0.3638,0.3604,0.3604,14706,0
2016-02-26,07:40:00,0.3604,0.3604,0.3604,0.3604,29412,0
2016-02-26,07:45:00,0.3604,0.3604,0.3604,0.3604,8824,0
2016-02-26,07:50:00,0.3604,0.3604,0.357,0.357,216176,0
2016-02-26,08:00:00,0.357,0.357,0.357,0.357,88824,0
2016-02-26,08:05:00,0.357,0.357,0.357,0.357,4118,0
2016-02-26,08:10:00,0.357,0.357,0.357,0.357,14412,0
2016-02-26,08:15:00,0.357,0.3604,0.357,0.3604,82059,0
2016-02-26,08:20:00,0.3604,0.3638,0.3604,0.3638,22353,0
2016-02-26,08:35:00,0.3638,0.3638,0.357,0.357,49412,0
2016-02-26,08:45:00,0.357,0.357,0.3536,0.357,62941,0
2016-02-26,08:55:00,0.357,0.357,0.357,0.357,58824,0
2016-02-26,09:00:00,0.357,0.357,0.357,0.357,16471,0
2016-03-14,02:40:00,0.37,0.37,0.37,0.37,1000,0
2016-03-14,03:20:00,0.36,0.385,0.36,0.385,18000,0
2016-03-14,03:30:00,0.38,0.38,0.38,0.38,500,0
2016-03-14,03:55:00,0.37,0.37,0.37,0.37,2500,0
2016-03-14,04:20:00,0.37,0.37,0.37,0.37,62000,0
2016-03-14,04:55:00,0.36,0.365,0.36,0.365,118000,0
2016-03-14,06:05:00,0.365,0.365,0.365,0.365,5000,0
2016-03-14,06:20:00,0.365,0.365,0.365,0.365,18000,0
2016-03-14,06:25:00,0.365,0.365,0.365,0.365,16000,0
2016-03-14,06:50:00,0.365,0.365,0.365,0.365,1250,0
2016-03-14,07:00:00,0.365,0.375,0.365,0.375,117000,0
2016-03-14,07:05:00,0.375,0.375,0.375,0.375,3500,0
2016-03-14,07:20:00,0.375,0.375,0.375,0.375,21500,0
2016-03-14,07:30:00,0.375,0.375,0.375,0.375,22500,0
2016-03-14,07:35:00,0.375,0.375,0.375,0.375,9000,0
2016-03-14,07:45:00,0.375,0.375,0.375,0.375,47000,0
2016-03-14,07:55:00,0.375,0.375,0.375,0.375,21500,0
2016-03-14,08:05:00,0.375,0.38,0.375,0.38,36000,0
2016-03-14,08:10:00,0.38,0.38,0.375,0.375,33000,0
2016-03-14,08:15:00,0.375,0.375,0.375,0.375,99000,0
2016-03-14,08:20:00,0.375,0.375,0.375,0.375,18150,0
2016-03-14,08:25:00,0.375,0.38,0.375,0.38,144000,0
2016-03-14,08:30:00,0.38,0.38,0.38,0.38,45000,0
2016-03-14,08:35:00,0.38,0.38,0.38,0.38,7500,0
2016-03-14,08:40:00,0.38,0.38,0.38,0.38,9000,0
2016-03-14,08:50:00,0.38,0.38,0.38,0.38,9000,0
2016-03-14,08:55:00,0.38,0.38,0.375,0.375,281500,0
2016-03-14,09:00:00,0.375,0.375,0.375,0.375,103750,0
2016-03-15,02:40:00,0.375,0.375,0.375,0.375,2500,0
2016-03-15,02:45:00,0.375,0.375,0.375,0.375,9000,0
2016-03-15,02:50:00,0.375,0.375,0.375,0.375,47000,0
2016-03-15,02:55:00,0.375,0.375,0.375,0.375,9000,0
2016-03-15,03:00:00,0.375,0.375,0.375,0.375,5000,0
2016-03-15,03:10:00,0.375,0.375,0.375,0.375,2500,0
2016-03-15,03:15:00,0.375,0.375,0.375,0.375,3000,0
2016-03-15,03:20:00,0.375,0.375,0.375,0.375,9000,0
2016-03-15,03:25:00,0.375,0.375,0.375,0.375,217000,0
2016-03-15,03:30:00,0.375,0.375,0.375,0.375,27000,0
2016-03-15,03:35:00,0.375,0.375,0.375,0.375,5000,0
2016-03-15,03:40:00,0.375,0.375,0.37,0.37,18000,0
2016-03-15,03:45:00,0.37,0.37,0.365,0.365,132000,0
2016-03-15,03:55:00,0.365,0.365,0.365,0.365,21500,0
2016-03-15,04:10:00,0.365,0.365,0.365,0.365,16000,0
2016-03-15,04:25:00,0.365,0.365,0.365,0.365,2500,0
2016-03-15,04:35:00,0.365,0.365,0.365,0.365,18000,0
2016-03-15,04:40:00,0.365,0.365,0.365,0.365,5000,0
2016-03-15,04:50:00,0.365,0.365,0.365,0.365,18000,0
2016-03-15,05:00:00,0.365,0.365,0.36,0.36,163000,0
2016-03-15,06:05:00,0.36,0.37,0.36,0.37,218500,0
2016-03-15,06:30:00,0.37,0.37,0.37,0.37,2000,0
2016-03-15,06:40:00,0.37,0.37,0.365,0.365,227000,0
2016-03-15,06:55:00,0.365,0.365,0.36,0.365,44500,0
2016-03-15,07:00:00,0.365,0.365,0.365,0.365,27000,0
2016-03-15,07:10:00,0.365,0.365,0.365,0.365,2500,0
2016-03-15,07:15:00,0.365,0.365,0.365,0.365,45000,0
2016-03-15,07:35:00,0.365,0.365,0.365,0.365,2500,0
2016-03-15,07:40:00,0.365,0.365,0.36,0.36,108000,0
2016-03-15,08:05:00,0.36,0.36,0.36,0.36,100000,0
2016-03-15,08:15:00,0.36,0.36,0.36,0.36,1250,0
2016-03-15,08:20:00,0.36,0.36,0.36,0.36,401000,0
2016-03-16,02:35:00,0.36,0.36,0.355,0.36,26250,0
2016-03-16,02:40:00,0.36,0.36,0.36,0.36,5000,0
2016-03-16,02:50:00,0.36,0.36,0.36,0.36,1250,0
2016-03-16,03:10:00,0.36,0.36,0.355,0.355,126000,0
2016-03-16,03:15:00,0.355,0.355,0.355,0.355,4500,0
2016-03-16,03:20:00,0.355,0.355,0.355,0.355,29000,0
2016-03-16,03:35:00,0.35,0.355,0.35,0.355,10000,0
2016-03-16,03:40:00,0.355,0.365,0.355,0.365,45000,0
2016-03-16,03:50:00,0.365,0.365,0.365,0.365,1500,0
2016-03-16,04:00:00,0.36,0.36,0.36,0.36,750,0
2016-03-16,04:15:00,0.36,0.36,0.355,0.355,20500,0
2016-03-16,04:20:00,0.355,0.355,0.355,0.355,180000,0
2016-03-16,04:50:00,0.355,0.355,0.355,0.355,3750,0
2016-03-16,04:55:00,0.355,0.355,0.355,0.355,18000,0
2016-03-16,05:00:00,0.355,0.355,0.355,0.355,7500,0
2016-03-16,06:15:00,0.355,0.355,0.355,0.355,58500,0
2016-03-16,06:20:00,0.355,0.355,0.355,0.355,12750,0
2016-03-16,06:45:00,0.355,0.355,0.355,0.355,500,0
2016-03-16,06:50:00,0.355,0.355,0.355,0.355,45000,0
2016-03-16,06:55:00,0.355,0.355,0.355,0.355,7000,0
2016-03-16,07:05:00,0.355,0.355,0.355,0.355,9000,0
2016-03-16,07:35:00,0.35,0.355,0.35,0.355,25000,0
2016-03-16,08:15:00,0.35,0.355,0.35,0.355,144000,0
2016-03-16,08:20:00,0.355,0.355,0.355,0.355,12750,0
2016-03-16,08:30:00,0.355,0.36,0.355,0.36,216000,0
2016-03-16,08:35:00,0.36,0.36,0.355,0.355,21000,0
2016-03-16,08:45:00,0.355,0.355,0.355,0.355,12000,0
2016-03-16,08:50:00,0.355,0.355,0.355,0.355,90000,0
2016-03-16,09:00:00,0.355,0.36,0.355,0.36,108000,0
2016-03-17,02:35:00,0.365,0.365,0.365,0.365,5000,0
2016-03-17,03:10:00,0.36,0.36,0.355,0.355,180000,0
2016-03-17,03:15:00,0.355,0.355,0.355,0.355,182500,0
2016-03-17,03:20:00,0.355,0.355,0.35,0.35,38500,0
2016-03-17,03:25:00,0.35,0.355,0.35,0.355,120000,0
2016-03-17,03:30:00,0.355,0.36,0.355,0.355,269000,0
2016-03-17,03:45:00,0.355,0.355,0.35,0.35,54000,0
2016-03-17,03:50:00,0.35,0.35,0.35,0.35,500,0
2016-03-17,04:00:00,0.35,0.35,0.35,0.35,216000,0
2016-03-17,04:05:00,0.35,0.35,0.35,0.35,335500,0
2016-03-17,04:10:00,0.35,0.35,0.35,0.35,47500,0
2016-03-17,04:15:00,0.35,0.355,0.35,0.35,68500,0
2016-03-17,04:20:00,0.35,0.35,0.35,0.35,5000,0
2016-03-17,04:40:00,0.35,0.355,0.35,0.355,144000,0
2016-03-17,04:45:00,0.355,0.355,0.355,0.355,45000,0
2016-03-17,04:50:00,0.355,0.36,0.355,0.36,18000,0
2016-03-17,06:25:00,0.36,0.36,0.36,0.36,500,0
2016-03-17,06:50:00,0.36,0.36,0.355,0.36,151000,0
2016-03-17,06:55:00,0.36,0.36,0.355,0.355,181250,0
2016-03-17,07:00:00,0.355,0.355,0.355,0.355,23000,0
2016-03-17,07:05:00,0.355,0.355,0.35,0.35,181750,0
2016-03-17,07:15:00,0.35,0.355,0.35,0.35,405000,0
2016-03-17,07:30:00,0.35,0.35,0.35,0.35,18000,0
2016-03-17,08:05:00,0.345,0.35,0.345,0.35,27000,0
2016-03-17,08:45:00,0.345,0.36,0.345,0.36,407000,0
2016-03-17,08:50:00,0.36,0.36,0.36,0.36,4250,0
2016-03-17,08:55:00,0.355,0.355,0.35,0.35,20115,0
2016-03-17,09:00:00,0.35,0.355,0.35,0.355,27000,0
2016-03-18,02:40:00,0.36,0.36,0.35,0.35,98750,0
2016-03-18,02:50:00,0.35,0.35,0.35,0.35,3000,0
2016-03-18,02:55:00,0.35,0.355,0.35,0.355,144000,0
2016-03-18,03:00:00,0.355,0.355,0.355,0.355,45000,0
2016-03-18,03:05:00,0.355,0.355,0.35,0.35,326500,0
2016-03-18,03:10:00,0.35,0.35,0.35,0.35,17750,0
2016-03-18,03:30:00,0.35,0.35,0.35,0.35,117000,0
2016-03-18,03:50:00,0.35,0.35,0.35,0.35,29500,0
2016-03-18,03:55:00,0.35,0.35,0.35,0.35,2500,0
2016-03-18,04:10:00,0.35,0.35,0.345,0.345,18000,0
2016-03-18,04:25:00,0.345,0.345,0.345,0.345,54000,0
2016-03-18,04:30:00,0.345,0.345,0.345,0.345,17500,0
2016-03-18,04:55:00,0.345,0.35,0.345,0.35,180000,0
2016-03-18,06:15:00,0.35,0.35,0.345,0.345,18000,0
2016-03-18,06:20:00,0.345,0.345,0.345,0.345,15000,0
2016-03-18,06:30:00,0.345,0.345,0.345,0.345,7500,0
2016-03-18,06:35:00,0.345,0.345,0.345,0.345,10500,0
2016-03-18,06:40:00,0.345,0.345,0.345,0.345,18500,0
2016-03-18,06:45:00,0.345,0.35,0.345,0.35,468000,0
2016-03-18,07:20:00,0.35,0.35,0.345,0.345,20250,0
2016-03-18,07:35:00,0.345,0.345,0.345,0.345,12000,0
2016-03-18,07:40:00,0.345,0.345,0.345,0.345,18250,0
2016-03-18,08:15:00,0.345,0.345,0.345,0.345,3500,0
2016-03-18,08:20:00,0.345,0.35,0.345,0.35,211500,0
2016-03-18,08:30:00,0.35,0.35,0.345,0.345,95000,0
2016-03-18,08:35:00,0.345,0.345,0.345,0.345,117000,0
2016-03-18,08:40:00,0.345,0.345,0.345,0.345,27000,0
2016-03-18,08:45:00,0.345,0.345,0.345,0.345,22000,0
2016-03-18,08:50:00,0.345,0.345,0.345,0.345,97500,0
2016-03-18,09:00:00,0.34,0.345,0.34,0.345,369000,0
2016-03-21,02:35:00,0.345,0.345,0.345,0.345,5000,0
2016-03-21,02:55:00,0.345,0.345,0.34,0.34,306000,0
2016-03-21,03:40:00,0.34,0.34,0.34,0.34,45000,0
2016-03-21,03:45:00,0.34,0.34,0.34,0.34,86000,0
2016-03-21,03:55:00,0.34,0.34,0.34,0.34,212,0
2016-03-21,04:05:00,0.34,0.34,0.34,0.34,83000,0
2016-03-21,04:20:00,0.34,0.34,0.34,0.34,250000,0
2016-03-21,04:25:00,0.34,0.34,0.34,0.34,27000,0
2016-03-21,04:30:00,0.34,0.34,0.34,0.34,18000,0
2016-03-21,04:40:00,0.34,0.34,0.34,0.34,54000,0
2016-03-21,04:45:00,0.34,0.34,0.34,0.34,45000,0
2016-03-21,04:55:00,0.34,0.34,0.34,0.34,27000,0
2016-03-21,06:05:00,0.335,0.34,0.335,0.34,5000,0
2016-03-21,06:10:00,0.34,0.34,0.34,0.34,11500,0
2016-03-21,06:15:00,0.34,0.345,0.34,0.345,43000,0
2016-03-21,06:30:00,0.345,0.345,0.345,0.345,1500,0
2016-03-21,06:45:00,0.345,0.345,0.345,0.345,500,0
2016-03-21,06:50:00,0.345,0.345,0.345,0.345,4500,0
2016-03-21,07:10:00,0.345,0.345,0.345,0.345,2500,0
2016-03-21,07:15:00,0.345,0.345,0.34,0.34,324000,0
2016-03-21,07:45:00,0.34,0.34,0.34,0.34,7000,0
2016-03-21,08:10:00,0.335,0.34,0.335,0.34,54000,0
2016-03-21,08:15:00,0.34,0.34,0.34,0.34,18000,0
2016-03-21,08:20:00,0.335,0.34,0.335,0.34,234000,0
2016-03-21,08:40:00,0.34,0.34,0.34,0.34,2500,0
2016-03-22,02:40:00,0.34,0.34,0.335,0.34,18000,0
2016-03-22,02:50:00,0.34,0.345,0.34,0.345,216000,0
2016-03-22,03:00:00,0.345,0.345,0.345,0.345,185500,0
2016-03-22,03:15:00,0.345,0.345,0.345,0.345,2000,0
2016-03-22,03:30:00,0.345,0.345,0.345,0.345,45000,0
2016-03-22,03:35:00,0.345,0.35,0.345,0.35,315000,0
2016-03-22,03:40:00,0.35,0.36,0.35,0.36,323250,0
2016-03-22,03:45:00,0.36,0.365,0.36,0.36,288000,0
2016-03-22,03:50:00,0.365,0.385,0.365,0.375,1472700,0
2016-03-22,03:55:00,0.375,0.38,0.375,0.38,437500,0
2016-03-22,04:00:00,0.38,0.38,0.375,0.375,180000,0
2016-03-22,04:05:00,0.375,0.375,0.37,0.37,269000,0
2016-03-22,04:10:00,0.37,0.37,0.37,0.37,22000,0
2016-03-22,04:15:00,0.37,0.37,0.37,0.37,198000,0
2016-03-22,04:20:00,0.37,0.37,0.37,0.37,126000,0
2016-03-22,04:30:00,0.37,0.37,0.37,0.37,198000,0
2016-03-22,04:35:00,0.37,0.37,0.365,0.37,110000,0
2016-03-22,04:40:00,0.37,0.37,0.37,0.37,23500,0
2016-03-22,04:45:00,0.37,0.37,0.37,0.37,1500,0
2016-03-22,04:55:00,0.37,0.37,0.365,0.365,400250,0
2016-03-22,05:00:00,0.365,0.365,0.36,0.36,243000,0
2016-03-22,06:05:00,0.36,0.36,0.36,0.36,74500,0
2016-03-22,06:15:00,0.36,0.36,0.36,0.36,9000,0
2016-03-22,06:25:00,0.36,0.36,0.36,0.36,387000,0
2016-03-22,06:35:00,0.36,0.36,0.36,0.36,162000,0
2016-03-22,06:45:00,0.36,0.36,0.355,0.355,36000,0
2016-03-22,06:50:00,0.355,0.36,0.355,0.36,198000,0
2016-03-22,06:55:00,0.36,0.36,0.355,0.355,342000,0
2016-03-22,07:00:00,0.355,0.355,0.355,0.355,363000,0
2016-03-22,07:25:00,0.355,0.355,0.355,0.355,126500,0
2016-03-22,07:40:00,0.355,0.355,0.355,0.355,18000,0
2016-03-22,08:00:00,0.355,0.36,0.355,0.36,495000,0
2016-03-22,08:05:00,0.36,0.36,0.36,0.36,9000,0
2016-03-22,08:10:00,0.36,0.36,0.36,0.36,18000,0
2016-03-22,08:15:00,0.36,0.365,0.36,0.365,198000,0
2016-03-22,08:20:00,0.365,0.365,0.36,0.36,58000,0
2016-03-22,08:35:00,0.36,0.36,0.36,0.36,9000,0
2016-03-22,08:45:00,0.36,0.36,0.36,0.36,21500,0
2016-03-22,08:50:00,0.36,0.36,0.36,0.36,250,0
2016-03-22,08:55:00,0.36,0.365,0.36,0.365,390500,0
2016-03-22,09:00:00,0.365,0.37,0.36,0.365,270000,0
2016-03-23,03:35:00,0.365,0.37,0.365,0.37,153000,0
2016-03-23,03:45:00,0.37,0.375,0.37,0.375,216000,0
2016-03-23,03:50:00,0.375,0.38,0.37,0.37,60250,0
2016-03-23,03:55:00,0.37,0.37,0.37,0.37,155100,0
2016-03-23,04:00:00,0.37,0.37,0.37,0.37,72000,0
2016-03-23,09:00:00,0.365,0.37,0.365,0.37,81000,0
2016-03-24,03:20:00,0.375,0.375,0.37,0.375,45000,0
2016-03-24,03:25:00,0.375,0.375,0.375,0.375,9000,0
2016-03-24,03:30:00,0.375,0.375,0.375,0.375,36000,0
2016-03-24,03:40:00,0.37,0.37,0.365,0.365,171000,0
2016-03-24,03:45:00,0.365,0.37,0.365,0.365,306000,0
2016-03-24,04:35:00,0.36,0.365,0.36,0.365,234000,0
2016-03-24,06:10:00,0.365,0.365,0.365,0.365,9000,0
2016-03-24,06:15:00,0.365,0.365,0.365,0.365,6750,0
2016-03-24,06:20:00,0.365,0.37,0.365,0.37,72000,0
2016-03-24,06:35:00,0.37,0.37,0.37,0.37,411000,0
2016-03-24,06:40:00,0.37,0.375,0.37,0.375,55000,0
2016-03-24,06:45:00,0.375,0.375,0.37,0.37,18000,0
2016-03-24,07:05:00,0.37,0.37,0.37,0.37,72000,0
2016-03-24,07:10:00,0.37,0.375,0.37,0.375,108000,0
2016-03-24,07:55:00,0.375,0.375,0.37,0.37,234000,0
2016-03-24,08:00:00,0.37,0.375,0.37,0.375,54000,0
2016-03-24,08:10:00,0.375,0.38,0.37,0.375,1566000,0
2016-03-24,08:15:00,0.375,0.375,0.375,0.375,99000,0
2016-03-24,08:25:00,0.375,0.375,0.37,0.37,79500,0
2016-03-24,08:30:00,0.37,0.375,0.37,0.375,117000,0
2016-03-24,08:35:00,0.375,0.375,0.37,0.37,68000,0
2016-03-24,08:50:00,0.37,0.375,0.37,0.375,18000,0
2016-03-24,08:55:00,0.375,0.38,0.375,0.38,63000,0
2016-03-24,09:00:00,0.38,0.38,0.38,0.38,108000,0
2016-03-29,03:35:00,0.385,0.425,0.38,0.405,2405000,0
2016-03-29,03:40:00,0.405,0.455,0.405,0.45,4599000,0
2016-03-29,03:45:00,0.45,0.465,0.45,0.46,1554000,0
2016-03-29,03:50:00,0.46,0.46,0.435,0.455,1455300,0
2016-03-29,03:55:00,0.455,0.49,0.45,0.48,3521500,0
2016-03-29,04:00:00,0.48,0.5,0.47,0.47,4647000,0
2016-03-29,04:05:00,0.47,0.48,0.46,0.475,1303000,0
2016-03-29,04:10:00,0.475,0.48,0.465,0.48,1853000,0
2016-03-29,04:15:00,0.48,0.51,0.48,0.5,3668250,0
2016-03-29,04:20:00,0.5,0.51,0.5,0.5,2003500,0
2016-03-29,04:25:00,0.5,0.5,0.495,0.5,652750,0
2016-03-29,04:30:00,0.5,0.51,0.5,0.5,454000,0
2016-03-29,04:35:00,0.5,0.5,0.495,0.5,441000,0
2016-03-29,04:40:00,0.5,0.5,0.5,0.5,300500,0
2016-03-29,04:45:00,0.5,0.51,0.5,0.51,536750,0
2016-03-29,04:50:00,0.51,0.51,0.5,0.5,912000,0
2016-03-29,04:55:00,0.5,0.5,0.5,0.5,236000,0
2016-03-29,05:00:00,0.5,0.51,0.5,0.51,840500,0
2016-03-29,05:05:00,0.51,0.52,0.51,0.51,217000,0
2016-03-29,05:10:00,0.51,0.51,0.51,0.51,138500,0
2016-03-29,05:15:00,0.51,0.51,0.51,0.51,127500,0
2016-03-29,05:20:00,0.51,0.51,0.5,0.5,73500,0
2016-03-29,05:25:00,0.5,0.5,0.5,0.5,81000,0
2016-03-29,05:30:00,0.5,0.5,0.49,0.49,367000,0
2016-03-29,05:35:00,0.495,0.495,0.49,0.49,145750,0
2016-03-29,05:40:00,0.49,0.49,0.485,0.485,219500,0
2016-03-29,05:45:00,0.485,0.485,0.485,0.485,162000,0
2016-03-29,05:50:00,0.485,0.485,0.485,0.485,217500,0
2016-03-29,05:55:00,0.485,0.485,0.48,0.48,86000,0
2016-03-29,06:00:00,0.48,0.485,0.48,0.48,354500,0
2016-03-29,07:05:00,0.48,0.48,0.48,0.48,23000,0
2016-03-29,07:10:00,0.48,0.48,0.48,0.48,96700,0
2016-03-29,07:15:00,0.48,0.48,0.48,0.48,146000,0
2016-03-29,07:20:00,0.48,0.48,0.48,0.48,18000,0
2016-03-29,07:25:00,0.48,0.485,0.48,0.485,558000,0
2016-03-29,07:30:00,0.485,0.485,0.48,0.48,30500,0
2016-03-29,07:35:00,0.48,0.485,0.48,0.485,36000,0
2016-03-29,07:40:00,0.485,0.485,0.485,0.485,108000,0
2016-03-29,07:45:00,0.485,0.485,0.48,0.48,216000,0
2016-03-29,07:50:00,0.48,0.48,0.48,0.48,9000,0
2016-03-29,08:10:00,0.48,0.48,0.48,0.48,126000,0
2016-03-29,08:15:00,0.48,0.485,0.48,0.485,100000,0
2016-03-29,08:25:00,0.485,0.485,0.485,0.485,1500,0
2016-03-29,08:30:00,0.485,0.485,0.485,0.485,18000,0
2016-03-29,08:35:00,0.485,0.485,0.485,0.485,9000,0
2016-03-29,08:40:00,0.485,0.49,0.485,0.485,90000,0
2016-03-29,08:45:00,0.485,0.5,0.485,0.495,423000,0
2016-03-29,08:50:00,0.495,0.495,0.49,0.49,70500,0
2016-03-29,08:55:00,0.49,0.49,0.49,0.49,9000,0
2016-03-29,09:00:00,0.49,0.495,0.49,0.495,54000,0
2016-03-29,09:10:00,0.495,0.5,0.495,0.5,117000,0
2016-03-29,09:15:00,0.5,0.5,0.5,0.5,2500,0
2016-03-29,09:20:00,0.5,0.5,0.495,0.495,126000,0
2016-03-29,09:30:00,0.495,0.495,0.48,0.48,585000,0
2016-03-29,09:35:00,0.48,0.48,0.475,0.48,213000,0
2016-03-29,09:40:00,0.48,0.48,0.48,0.48,182000,0
2016-03-29,09:45:00,0.48,0.48,0.48,0.48,1000,0
2016-03-29,09:50:00,0.48,0.49,0.48,0.49,585000,0
2016-03-29,09:55:00,0.49,0.495,0.49,0.495,324000,0
2016-03-29,10:00:00,0.495,0.5,0.49,0.495,1260000,0
2016-03-30,03:35:00,0.52,0.52,0.51,0.51,198000,0
2016-03-30,03:40:00,0.51,0.51,0.51,0.51,500,0
2016-03-30,03:45:00,0.51,0.51,0.49,0.49,396000,0
2016-03-30,03:50:00,0.49,0.49,0.48,0.48,439000,0
2016-03-30,03:55:00,0.48,0.48,0.475,0.475,801000,0
2016-03-30,04:00:00,0.475,0.475,0.46,0.475,1449000,0
2016-03-30,04:10:00,0.475,0.475,0.475,0.475,90000,0
2016-03-30,04:15:00,0.475,0.475,0.47,0.475,369000,0
2016-03-30,04:20:00,0.475,0.48,0.475,0.48,126000,0
2016-03-30,04:30:00,0.48,0.48,0.48,0.48,7500,0
2016-03-30,04:35:00,0.48,0.48,0.48,0.48,11250,0
2016-03-30,04:40:00,0.48,0.48,0.475,0.475,31500,0
2016-03-30,04:45:00,0.475,0.475,0.47,0.47,72000,0
2016-03-30,04:50:00,0.47,0.47,0.47,0.47,90000,0
2016-03-30,04:55:00,0.47,0.47,0.465,0.465,585000,0
2016-03-30,05:00:00,0.465,0.465,0.45,0.455,369000,0
2016-03-30,05:05:00,0.455,0.46,0.455,0.46,117000,0
2016-03-30,05:10:00,0.46,0.465,0.46,0.465,513000,0
2016-03-30,05:15:00,0.465,0.47,0.465,0.47,423000,0
2016-03-30,05:20:00,0.47,0.47,0.47,0.47,18000,0
2016-03-30,05:25:00,0.47,0.475,0.47,0.475,270000,0
2016-03-30,05:30:00,0.475,0.475,0.47,0.475,201000,0
2016-03-30,06:00:00,0.475,0.475,0.475,0.475,36000,0
2016-03-30,07:05:00,0.475,0.48,0.475,0.48,36000,0
2016-03-30,07:10:00,0.48,0.48,0.48,0.48,296500,0
2016-03-30,07:25:00,0.48,0.48,0.475,0.475,495000,0
2016-03-30,07:35:00,0.475,0.475,0.475,0.475,540000,0
2016-03-30,07:40:00,0.475,0.475,0.475,0.475,54000,0
2016-03-30,07:50:00,0.475,0.475,0.475,0.475,126000,0
2016-03-30,07:55:00,0.475,0.475,0.475,0.475,216000,0
2016-03-30,08:05:00,0.475,0.475,0.475,0.475,1500,0
2016-03-30,08:10:00,0.475,0.475,0.475,0.475,45000,0
2016-03-30,08:20:00,0.475,0.475,0.475,0.475,38500,0
2016-03-30,08:25:00,0.475,0.475,0.475,0.475,18000,0
2016-03-30,08:45:00,0.475,0.475,0.475,0.475,9000,0
2016-03-30,08:55:00,0.475,0.475,0.475,0.475,2500,0
2016-03-30,09:05:00,0.475,0.475,0.475,0.475,252000,0
2016-03-30,09:10:00,0.475,0.475,0.475,0.475,117000,0
2016-03-30,09:15:00,0.475,0.48,0.475,0.48,176250,0
2016-03-30,09:50:00,0.48,0.48,0.475,0.475,360000,0
2016-03-30,09:55:00,0.475,0.475,0.475,0.475,288000,0
2016-03-30,10:00:00,0.475,0.475,0.475,0.475,5000,0
2016-03-31,04:00:00,0.475,0.485,0.475,0.485,207000,0
2016-03-31,04:05:00,0.485,0.485,0.485,0.485,3500,0
2016-03-31,04:10:00,0.485,0.49,0.47,0.475,693000,0
2016-03-31,04:15:00,0.475,0.48,0.475,0.475,135000,0
2016-03-31,04:20:00,0.475,0.49,0.475,0.49,99000,0
2016-03-31,04:25:00,0.49,0.495,0.49,0.495,228750,0
2016-03-31,04:30:00,0.495,0.495,0.49,0.495,212000,0
2016-03-31,04:40:00,0.495,0.495,0.49,0.49,279000,0
2016-03-31,04:45:00,0.49,0.49,0.485,0.485,162000,0
2016-03-31,04:55:00,0.485,0.485,0.48,0.48,36000,0
2016-03-31,05:05:00,0.485,0.49,0.485,0.49,18000,0
2016-03-31,05:10:00,0.49,0.5,0.49,0.5,345500,0
2016-03-31,05:15:00,0.5,0.53,0.5,0.53,2405000,0
2016-03-31,05:20:00,0.53,0.55,0.53,0.55,1026000,0
2016-03-31,05:25:00,0.55,0.55,0.55,0.55,327500,0
2016-03-31,05:30:00,0.55,0.55,0.54,0.54,33000,0
2016-03-31,05:35:00,0.54,0.55,0.54,0.54,207000,0
2016-03-31,05:40:00,0.54,0.55,0.54,0.55,277400,0
2016-03-31,05:45:00,0.55,0.56,0.55,0.56,585000,0
2016-03-31,05:50:00,0.56,0.56,0.56,0.56,147000,0
2016-03-31,05:55:00,0.56,0.57,0.56,0.57,292000,0
2016-03-31,06:00:00,0.57,0.57,0.56,0.56,115000,0
2016-03-31,07:05:00,0.56,0.56,0.55,0.55,219000,0
2016-03-31,07:10:00,0.55,0.55,0.54,0.54,275000,0
2016-03-31,07:15:00,0.54,0.54,0.54,0.54,63000,0
2016-03-31,07:20:00,0.54,0.54,0.54,0.54,63000,0
2016-03-31,07:30:00,0.54,0.54,0.54,0.54,81000,0
2016-03-31,07:35:00,0.54,0.54,0.54,0.54,27000,0
2016-03-31,07:50:00,0.54,0.57,0.54,0.57,433000,0
2016-03-31,07:55:00,0.57,0.57,0.57,0.57,297000,0
2016-03-31,08:00:00,0.57,0.58,0.57,0.58,390500,0
2016-03-31,08:05:00,0.58,0.59,0.58,0.58,510000,0
2016-03-31,08:10:00,0.58,0.59,0.58,0.59,108000,0
2016-03-31,08:15:00,0.59,0.59,0.58,0.59,216000,0
2016-03-31,08:20:00,0.59,0.59,0.58,0.59,1059000,0
2016-03-31,08:25:00,0.59,0.6,0.59,0.59,162000,0
2016-03-31,08:30:00,0.59,0.6,0.58,0.58,455000,0
2016-03-31,08:35:00,0.58,0.6,0.58,0.6,565000,0
2016-03-31,08:40:00,0.6,0.6,0.6,0.6,81000,0
2016-03-31,08:45:00,0.6,0.6,0.59,0.59,18000,0
2016-03-31,08:50:00,0.59,0.61,0.59,0.61,1163500,0
2016-03-31,08:55:00,0.61,0.64,0.6,0.64,2176500,0
2016-03-31,09:00:00,0.64,0.64,0.62,0.63,567000,0
2016-03-31,09:05:00,0.63,0.63,0.6,0.61,402500,0
2016-03-31,09:10:00,0.61,0.62,0.61,0.62,165000,0
2016-03-31,09:15:00,0.62,0.63,0.62,0.63,620500,0
2016-03-31,09:20:00,0.63,0.64,0.62,0.62,990000,0
2016-03-31,09:25:00,0.62,0.62,0.61,0.61,184500,0
2016-03-31,09:30:00,0.61,0.62,0.61,0.61,167000,0
2016-03-31,09:35:00,0.61,0.62,0.61,0.61,269750,0
2016-03-31,09:40:00,0.61,0.62,0.61,0.62,45000,0
2016-03-31,09:45:00,0.62,0.62,0.58,0.58,985000,0
2016-03-31,09:50:00,0.58,0.59,0.58,0.59,36000,0
2016-03-31,09:55:00,0.59,0.59,0.57,0.57,459000,0
2016-03-31,10:00:00,0.57,0.6,0.57,0.58,508000,0
2016-04-01,03:35:00,0.57,0.58,0.57,0.57,198000,0
2016-04-01,03:40:00,0.57,0.57,0.57,0.57,90000,0
2016-04-01,03:45:00,0.56,0.57,0.56,0.57,108000,0
2016-04-01,03:50:00,0.57,0.63,0.57,0.63,1045500,0
2016-04-01,03:55:00,0.63,0.74,0.62,0.71,5423000,0
2016-04-01,04:00:00,0.71,0.71,0.67,0.69,1870250,0
2016-04-01,04:05:00,0.69,0.69,0.66,0.68,1226500,0
2016-04-01,04:10:00,0.68,0.69,0.68,0.69,810250,0
2016-04-01,04:15:00,0.69,0.69,0.67,0.68,713000,0
2016-04-01,04:20:00,0.68,0.68,0.67,0.67,547000,0
2016-04-01,04:25:00,0.67,0.68,0.66,0.66,369000,0
2016-04-01,04:30:00,0.66,0.67,0.66,0.67,416850,0
2016-04-01,04:35:00,0.67,0.68,0.65,0.68,972000,0
2016-04-01,04:40:00,0.68,0.68,0.67,0.67,441000,0
2016-04-01,04:45:00,0.67,0.69,0.66,0.69,468000,0
2016-04-01,04:50:00,0.69,0.69,0.68,0.68,314250,0
2016-04-01,04:55:00,0.68,0.68,0.68,0.68,272250,0
2016-04-01,05:00:00,0.68,0.68,0.68,0.68,216000,0
2016-04-01,05:05:00,0.68,0.69,0.67,0.68,398000,0
2016-04-01,05:10:00,0.68,0.69,0.68,0.68,322000,0
2016-04-01,05:15:00,0.68,0.68,0.67,0.67,270000,0
2016-04-01,05:20:00,0.67,0.68,0.67,0.67,1518500,0
2016-04-01,05:25:00,0.67,0.68,0.66,0.68,306000,0
2016-04-01,05:30:00,0.68,0.68,0.66,0.67,369000,0
2016-04-01,05:35:00,0.67,0.67,0.67,0.67,117000,0
2016-04-01,05:40:00,0.67,0.67,0.67,0.67,45000,0
2016-04-01,05:45:00,0.67,0.67,0.66,0.67,106000,0
2016-04-01,05:50:00,0.67,0.67,0.65,0.65,803000,0
2016-04-01,05:55:00,0.65,0.65,0.61,0.61,1548000,0
2016-04-01,06:00:00,0.61,0.67,0.61,0.66,1359000,0
2016-04-01,07:05:00,0.66,0.67,0.64,0.64,945000,0
2016-04-01,07:10:00,0.64,0.65,0.63,0.64,144000,0
2016-04-01,07:15:00,0.64,0.64,0.64,0.64,190500,0
2016-04-01,07:20:00,0.64,0.64,0.63,0.63,515000,0
2016-04-01,07:25:00,0.63,0.63,0.62,0.63,162000,0
2016-04-01,07:30:00,0.63,0.63,0.62,0.63,108000,0
2016-04-01,07:35:00,0.63,0.63,0.62,0.63,54000,0
2016-04-01,07:40:00,0.63,0.63,0.62,0.63,297000,0
2016-04-01,07:50:00,0.62,0.62,0.62,0.62,99000,0
2016-04-01,07:55:00,0.62,0.63,0.62,0.63,27000,0
2016-04-01,08:00:00,0.63,0.63,0.61,0.61,1008000,0
2016-04-01,08:05:00,0.61,0.62,0.6,0.62,243000,0
2016-04-01,08:15:00,0.62,0.62,0.6,0.62,180000,0
2016-04-01,08:20:00,0.62,0.62,0.61,0.62,106000,0
2016-04-01,08:30:00,0.61,0.61,0.61,0.61,54000,0
2016-04-01,08:35:00,0.61,0.62,0.61,0.62,18000,0
2016-04-01,08:40:00,0.62,0.62,0.6,0.6,311000,0
2016-04-01,08:45:00,0.6,0.6,0.6,0.6,9000,0
2016-04-01,08:50:00,0.6,0.61,0.6,0.61,189000,0
2016-04-01,08:55:00,0.61,0.61,0.6,0.6,36000,0
2016-04-01,09:00:00,0.6,0.6,0.6,0.6,115000,0
2016-04-01,09:05:00,0.6,0.61,0.6,0.61,36000,0
2016-04-01,09:10:00,0.61,0.61,0.61,0.61,216000,0
2016-04-01,09:15:00,0.61,0.61,0.61,0.61,18000,0
2016-04-01,09:20:00,0.61,0.61,0.6,0.61,306000,0
2016-04-01,09:25:00,0.6,0.6,0.59,0.6,306000,0
2016-04-01,09:30:00,0.6,0.61,0.6,0.61,270000,0
2016-04-01,09:35:00,0.61,0.61,0.6,0.61,954000,0
2016-04-01,09:40:00,0.61,0.61,0.59,0.59,612000,0
2016-04-01,09:45:00,0.59,0.59,0.59,0.59,18000,0
2016-04-01,09:50:00,0.59,0.59,0.58,0.58,410500,0
2016-04-01,09:55:00,0.58,0.63,0.58,0.63,1443000,0
2016-04-01,10:00:00,0.63,0.63,0.61,0.63,1053000,0
2016-04-05,03:35:00,0.58,0.63,0.57,0.59,1017000,0
2016-04-05,03:40:00,0.59,0.62,0.58,0.61,711000,0
2016-04-05,03:45:00,0.61,0.61,0.61,0.61,9000,0
2016-04-05,03:50:00,0.61,0.61,0.59,0.59,441000,0
2016-04-05,03:55:00,0.59,0.59,0.59,0.59,27000,0
2016-04-05,04:00:00,0.59,0.59,0.59,0.59,99000,0
2016-04-05,04:05:00,0.59,0.59,0.59,0.59,36000,0
2016-04-05,04:10:00,0.59,0.59,0.59,0.59,9000,0
2016-04-05,04:15:00,0.59,0.59,0.59,0.59,117000,0
2016-04-05,04:20:00,0.59,0.59,0.58,0.58,450000,0
2016-04-05,04:25:00,0.58,0.58,0.58,0.58,271500,0
2016-04-05,04:30:00,0.58,0.58,0.58,0.58,90000,0
2016-04-05,04:40:00,0.58,0.59,0.58,0.58,198000,0
2016-04-05,04:45:00,0.58,0.59,0.58,0.59,459000,0
2016-04-05,04:50:00,0.59,0.59,0.58,0.58,25000,0
2016-04-05,04:55:00,0.58,0.58,0.58,0.58,45000,0
2016-04-05,05:00:00,0.58,0.58,0.58,0.58,153000,0
2016-04-05,05:05:00,0.58,0.58,0.58,0.58,306000,0
2016-04-05,05:10:00,0.58,0.58,0.57,0.58,927000,0
2016-04-05,05:15:00,0.58,0.59,0.58,0.58,756000,0
2016-04-05,05:20:00,0.58,0.59,0.56,0.56,567000,0
2016-04-05,05:25:00,0.56,0.56,0.55,0.55,243000,0
2016-04-05,05:30:00,0.55,0.55,0.52,0.54,1044000,0
2016-04-05,05:35:00,0.54,0.54,0.53,0.53,171000,0
2016-04-05,05:40:00,0.53,0.53,0.52,0.53,324000,0
2016-04-05,05:45:00,0.53,0.53,0.52,0.53,234000,0
2016-04-05,05:50:00,0.53,0.53,0.52,0.53,306000,0
2016-04-05,05:55:00,0.53,0.53,0.53,0.53,9000,0
2016-04-05,06:00:00,0.53,0.53,0.53,0.53,18000,0
2016-04-05,07:05:00,0.53,0.53,0.53,0.53,18000,0
2016-04-05,07:10:00,0.53,0.54,0.52,0.52,306000,0
2016-04-05,07:15:00,0.52,0.52,0.52,0.52,144000,0
2016-04-05,07:20:00,0.52,0.52,0.52,0.52,36000,0
2016-04-05,07:25:00,0.52,0.54,0.51,0.54,1341000,0
2016-04-05,07:30:00,0.54,0.54,0.54,0.54,3500,0
2016-04-05,07:35:00,0.54,0.54,0.53,0.53,162000,0
2016-04-05,07:40:00,0.53,0.54,0.53,0.53,36000,0
2016-04-05,07:45:00,0.53,0.53,0.52,0.52,846000,0
2016-04-05,07:55:00,0.52,0.52,0.52,0.52,153000,0
2016-04-05,08:05:00,0.52,0.52,0.51,0.51,90000,0
2016-04-05,08:10:00,0.51,0.51,0.5,0.5,486000,0
2016-04-05,08:15:00,0.5,0.51,0.5,0.51,171000,0
2016-04-05,08:20:00,0.51,0.51,0.51,0.51,45000,0
2016-04-05,08:25:00,0.51,0.51,0.51,0.51,18000,0
2016-04-05,08:30:00,0.51,0.51,0.51,0.51,180000,0
2016-04-05,08:35:00,0.51,0.51,0.495,0.495,900000,0
2016-04-05,08:40:00,0.495,0.5,0.485,0.49,837000,0
2016-04-05,08:45:00,0.49,0.495,0.49,0.495,108000,0
2016-04-05,08:50:00,0.495,0.495,0.49,0.49,162000,0
2016-04-05,08:55:00,0.49,0.49,0.48,0.48,306000,0
2016-04-05,09:00:00,0.48,0.485,0.48,0.485,380500,0
2016-04-05,09:05:00,0.485,0.485,0.48,0.48,225000,0
2016-04-05,09:15:00,0.48,0.485,0.48,0.485,18000,0
2016-04-05,09:20:00,0.485,0.485,0.485,0.485,117000,0
2016-04-05,09:25:00,0.485,0.49,0.485,0.49,360000,0
2016-04-05,09:30:00,0.49,0.495,0.49,0.495,234000,0
2016-04-05,09:35:00,0.495,0.495,0.49,0.49,36000,0
2016-04-05,09:40:00,0.49,0.49,0.49,0.49,45000,0
2016-04-05,09:50:00,0.49,0.49,0.49,0.49,81000,0
2016-04-05,09:55:00,0.49,0.49,0.48,0.48,468000,0
2016-04-05,10:00:00,0.48,0.48,0.475,0.475,90000,0
2016-04-06,03:35:00,0.47,0.47,0.45,0.45,342750,0
2016-04-06,03:40:00,0.45,0.465,0.44,0.465,1108000,0
2016-04-06,03:45:00,0.465,0.475,0.465,0.465,1170000,0
2016-04-06,03:50:00,0.465,0.47,0.465,0.465,414000,0
2016-04-06,03:55:00,0.465,0.465,0.46,0.46,360000,0
2016-04-06,04:00:00,0.46,0.46,0.46,0.46,108000,0
2016-04-06,04:05:00,0.46,0.47,0.46,0.465,180000,0
2016-04-06,04:10:00,0.465,0.465,0.465,0.465,110500,0
2016-04-06,04:15:00,0.465,0.48,0.465,0.48,396000,0
2016-04-06,04:20:00,0.48,0.485,0.475,0.485,288000,0
2016-04-06,04:25:00,0.485,0.5,0.485,0.5,866500,0
2016-04-06,04:30:00,0.5,0.5,0.49,0.49,234000,0
2016-04-06,04:35:00,0.49,0.49,0.485,0.485,459000,0
2016-04-06,04:40:00,0.485,0.485,0.48,0.48,306000,0
2016-04-06,04:45:00,0.48,0.485,0.475,0.475,792000,0
2016-04-06,04:50:00,0.475,0.485,0.47,0.475,486000,0
2016-04-06,04:55:00,0.47,0.47,0.455,0.455,999000,0
2016-04-06,05:00:00,0.455,0.46,0.43,0.43,1854000,0
2016-04-06,05:05:00,0.43,0.43,0.39,0.395,4806000,0
2016-04-06,05:10:00,0.395,0.4,0.365,0.385,6678000,0
2016-04-06,05:15:00,0.385,0.395,0.37,0.37,2421000,0
2016-04-06,05:20:00,0.37,0.37,0.345,0.355,4032000,0
2016-04-06,05:25:00,0.355,0.37,0.355,0.37,2489000,0
2016-04-06,05:30:00,0.37,0.375,0.37,0.375,963000,0
2016-04-06,05:35:00,0.375,0.385,0.375,0.38,1188000,0
2016-04-06,05:40:00,0.38,0.38,0.375,0.375,504000,0
2016-04-06,05:45:00,0.375,0.375,0.37,0.375,144000,0
2016-04-06,05:50:00,0.375,0.375,0.375,0.375,171000,0
2016-04-06,05:55:00,0.375,0.375,0.37,0.37,162000,0
2016-04-06,06:00:00,0.37,0.375,0.37,0.375,516000,0
2016-04-06,07:05:00,0.375,0.38,0.375,0.38,342000,0
2016-04-06,07:10:00,0.38,0.385,0.38,0.385,513000,0
2016-04-06,07:15:00,0.385,0.39,0.38,0.385,396000,0
2016-04-06,07:20:00,0.385,0.385,0.385,0.385,90000,0
2016-04-06,07:25:00,0.385,0.385,0.385,0.385,135000,0
2016-04-06,07:30:00,0.385,0.39,0.385,0.39,441000,0
2016-04-06,07:35:00,0.39,0.405,0.38,0.385,3348000,0
2016-04-06,07:40:00,0.385,0.39,0.375,0.375,1917000,0
2016-04-06,07:45:00,0.375,0.375,0.37,0.375,477000,0
2016-04-06,07:50:00,0.375,0.385,0.375,0.385,495000,0
2016-04-06,07:55:00,0.385,0.385,0.38,0.38,234000,0
2016-04-06,08:00:00,0.38,0.38,0.37,0.37,1449000,0
2016-04-06,08:05:00,0.37,0.37,0.37,0.37,63000,0
2016-04-06,08:10:00,0.37,0.38,0.37,0.375,810000,0
2016-04-06,08:15:00,0.375,0.375,0.375,0.375,72000,0
2016-04-06,08:20:00,0.375,0.375,0.375,0.375,198000,0
2016-04-06,08:25:00,0.375,0.38,0.375,0.38,693000,0
2016-04-06,08:30:00,0.38,0.38,0.38,0.38,270000,0
2016-04-06,08:35:00,0.38,0.385,0.38,0.38,309750,0
2016-04-06,08:40:00,0.38,0.38,0.38,0.38,378000,0
2016-04-06,08:50:00,0.38,0.38,0.38,0.38,612000,0
2016-04-06,08:55:00,0.38,0.38,0.375,0.38,477000,0
2016-04-06,09:15:00,0.38,0.38,0.375,0.375,81000,0
2016-04-06,09:25:00,0.375,0.375,0.375,0.375,81000,0
2016-04-06,09:35:00,0.375,0.375,0.375,0.375,99000,0
2016-04-06,09:40:00,0.375,0.38,0.375,0.38,72000,0
2016-04-06,09:45:00,0.38,0.385,0.38,0.385,504000,0
2016-04-06,09:50:00,0.385,0.385,0.38,0.38,1359000,0
2016-04-06,09:55:00,0.38,0.385,0.38,0.38,1989000,0
2016-04-06,10:00:00,0.38,0.38,0.37,0.375,603000,0
2016-04-07,03:35:00,0.365,0.39,0.365,0.38,2761000,0
2016-04-07,03:40:00,0.38,0.38,0.375,0.38,1001000,0
2016-04-07,03:45:00,0.38,0.38,0.375,0.38,738000,0
2016-04-07,03:50:00,0.38,0.395,0.38,0.39,1418000,0
2016-04-07,03:55:00,0.39,0.39,0.385,0.385,162000,0
2016-04-07,04:00:00,0.385,0.395,0.385,0.39,2376000,0
2016-04-07,04:05:00,0.39,0.39,0.39,0.39,493500,0
2016-04-07,04:10:00,0.39,0.39,0.39,0.39,225000,0
2016-04-07,04:15:00,0.39,0.41,0.39,0.405,5247000,0
2016-04-07,04:20:00,0.405,0.42,0.4,0.405,4540000,0
2016-04-07,04:25:00,0.405,0.41,0.405,0.41,1419250,0
2016-04-07,04:30:00,0.41,0.41,0.4,0.4,1006000,0
2016-04-07,04:35:00,0.4,0.4,0.39,0.395,1188000,0
2016-04-07,04:40:00,0.395,0.395,0.39,0.395,924000,0
2016-04-07,04:45:00,0.395,0.395,0.39,0.395,900000,0
2016-04-07,04:50:00,0.395,0.4,0.395,0.4,648000,0
2016-04-07,04:55:00,0.4,0.41,0.4,0.405,1134000,0
2016-04-07,05:00:00,0.405,0.405,0.4,0.405,333000,0
2016-04-07,05:05:00,0.405,0.41,0.405,0.41,633000,0
2016-04-07,05:10:00,0.41,0.41,0.41,0.41,144000,0
2016-04-07,05:15:00,0.41,0.425,0.41,0.42,3429750,0
2016-04-07,05:20:00,0.42,0.43,0.42,0.425,3143000,0
2016-04-07,05:25:00,0.425,0.425,0.42,0.42,783000,0
2016-04-07,05:30:00,0.42,0.42,0.41,0.41,2232000,0
2016-04-07,05:35:00,0.41,0.415,0.41,0.415,612000,0
2016-04-07,05:40:00,0.415,0.415,0.415,0.415,351000,0
2016-04-07,05:45:00,0.415,0.43,0.41,0.42,1980000,0
2016-04-07,05:50:00,0.42,0.42,0.41,0.415,1674000,0
2016-04-07,05:55:00,0.415,0.415,0.415,0.415,396000,0
2016-04-07,06:00:00,0.415,0.415,0.41,0.415,630000,0
2016-04-07,07:05:00,0.415,0.415,0.41,0.41,768750,0
2016-04-07,07:10:00,0.41,0.41,0.405,0.405,459000,0
2016-04-07,07:15:00,0.405,0.405,0.405,0.405,225000,0
2016-04-07,07:20:00,0.405,0.405,0.405,0.405,225000,0
2016-04-07,07:25:00,0.405,0.41,0.405,0.41,135000,0
2016-04-07,07:30:00,0.41,0.41,0.41,0.41,279000,0
2016-04-07,07:35:00,0.41,0.41,0.41,0.41,36000,0
2016-04-07,07:40:00,0.41,0.41,0.41,0.41,54000,0
2016-04-07,07:55:00,0.41,0.41,0.41,0.41,541000,0
2016-04-07,08:00:00,0.41,0.41,0.41,0.41,270000,0
2016-04-07,08:05:00,0.41,0.41,0.41,0.41,63000,0
2016-04-07,08:10:00,0.41,0.41,0.405,0.41,554000,0
2016-04-07,08:15:00,0.41,0.41,0.405,0.405,324000,0
2016-04-07,08:20:00,0.405,0.405,0.405,0.405,90000,0
2016-04-07,08:25:00,0.405,0.405,0.405,0.405,24000,0
2016-04-07,08:30:00,0.405,0.405,0.405,0.405,126000,0
2016-04-07,08:35:00,0.405,0.405,0.405,0.405,45000,0
2016-04-07,08:40:00,0.405,0.405,0.4,0.4,190000,0
2016-04-07,08:45:00,0.4,0.405,0.4,0.405,162000,0
2016-04-07,08:50:00,0.405,0.405,0.405,0.405,54000,0
2016-04-07,08:55:00,0.405,0.405,0.405,0.405,99500,0
2016-04-07,09:00:00,0.405,0.405,0.4,0.4,594000,0
2016-04-07,09:05:00,0.4,0.4,0.4,0.4,72000,0
2016-04-07,09:10:00,0.4,0.4,0.4,0.4,270000,0
2016-04-07,09:20:00,0.4,0.4,0.4,0.4,27000,0
2016-04-07,09:25:00,0.4,0.4,0.4,0.4,153500,0
2016-04-07,09:30:00,0.4,0.4,0.4,0.4,21000,0
2016-04-07,09:35:00,0.4,0.4,0.4,0.4,36000,0
2016-04-07,09:40:00,0.4,0.4,0.4,0.4,198000,0
2016-04-07,09:55:00,0.4,0.4,0.4,0.4,459000,0
2016-04-07,10:00:00,0.4,0.4,0.395,0.395,665000,0
2016-04-08,03:35:00,0.395,0.395,0.395,0.395,207000,0
2016-04-08,03:40:00,0.395,0.395,0.39,0.39,351000,0
2016-04-08,03:45:00,0.39,0.39,0.38,0.39,1152000,0
2016-04-08,03:50:00,0.39,0.395,0.39,0.395,54000,0
2016-04-08,03:55:00,0.395,0.395,0.395,0.395,90000,0
2016-04-08,04:00:00,0.395,0.395,0.395,0.395,288000,0
2016-04-08,04:05:00,0.395,0.395,0.39,0.395,120500,0
2016-04-08,04:10:00,0.395,0.4,0.395,0.4,297000,0
2016-04-08,04:25:00,0.4,0.4,0.4,0.4,27000,0
2016-04-08,04:30:00,0.4,0.4,0.4,0.4,135000,0
2016-04-08,04:35:00,0.4,0.405,0.4,0.405,252000,0
2016-04-08,04:40:00,0.405,0.41,0.405,0.405,234000,0
2016-04-08,04:45:00,0.405,0.41,0.405,0.41,396000,0
2016-04-08,04:50:00,0.41,0.41,0.41,0.41,236875,0
2016-04-08,04:55:00,0.41,0.41,0.41,0.41,18000,0
2016-04-08,05:00:00,0.41,0.41,0.405,0.405,828000,0
2016-04-08,05:05:00,0.405,0.41,0.405,0.41,126000,0
2016-04-08,05:20:00,0.405,0.405,0.4,0.4,90000,0
2016-04-08,05:25:00,0.4,0.4,0.4,0.4,9000,0
2016-04-08,05:40:00,0.4,0.405,0.4,0.405,189000,0
2016-04-08,05:50:00,0.405,0.405,0.405,0.405,99000,0
2016-04-08,05:55:00,0.405,0.405,0.405,0.405,99000,0
2016-04-08,06:00:00,0.405,0.405,0.405,0.405,162000,0
2016-04-08,07:10:00,0.405,0.405,0.405,0.405,9000,0
2016-04-08,07:20:00,0.405,0.405,0.4,0.4,549000,0
2016-04-08,07:25:00,0.4,0.4,0.4,0.4,189000,0
2016-04-08,07:40:00,0.4,0.4,0.4,0.4,378000,0
2016-04-08,07:50:00,0.4,0.4,0.4,0.4,189000,0
2016-04-08,08:00:00,0.4,0.4,0.395,0.395,603000,0
2016-04-08,08:05:00,0.395,0.395,0.39,0.39,774000,0
2016-04-08,08:10:00,0.39,0.39,0.385,0.385,378000,0
2016-04-08,08:15:00,0.385,0.39,0.385,0.39,477000,0
2016-04-08,08:20:00,0.39,0.395,0.39,0.395,378000,0
2016-04-08,08:25:00,0.395,0.395,0.385,0.39,414000,0
2016-04-08,08:35:00,0.39,0.39,0.39,0.39,36000,0
2016-04-08,08:40:00,0.39,0.39,0.39,0.39,117000,0
2016-04-08,08:45:00,0.39,0.39,0.385,0.385,279000,0
2016-04-08,08:55:00,0.385,0.385,0.385,0.385,99000,0
2016-04-08,09:00:00,0.385,0.385,0.385,0.385,216000,0
2016-04-08,09:05:00,0.385,0.385,0.385,0.385,54000,0
2016-04-08,09:10:00,0.385,0.385,0.385,0.385,27000,0
2016-04-08,09:45:00,0.385,0.385,0.385,0.385,9000,0
2016-04-08,09:50:00,0.385,0.385,0.385,0.385,180000,0
2016-04-08,09:55:00,0.385,0.39,0.385,0.39,135000,0
2016-04-08,10:00:00,0.39,0.39,0.39,0.39,261000,0
2016-04-11,03:45:00,0.39,0.4,0.39,0.4,675000,0
2016-04-11,03:50:00,0.4,0.4,0.4,0.4,324000,0
2016-04-11,03:55:00,0.4,0.4,0.395,0.4,432000,0
2016-04-11,04:00:00,0.4,0.4,0.4,0.4,297000,0
2016-04-11,04:05:00,0.4,0.405,0.395,0.405,342000,0
2016-04-11,04:10:00,0.405,0.405,0.395,0.4,702000,0
2016-04-11,04:15:00,0.4,0.4,0.4,0.4,90000,0
2016-04-11,04:20:00,0.4,0.4,0.4,0.4,27000,0
2016-04-11,04:25:00,0.4,0.4,0.395,0.395,63000,0
2016-04-11,04:30:00,0.395,0.395,0.395,0.395,234000,0
2016-04-11,04:35:00,0.395,0.395,0.395,0.395,144000,0
2016-04-11,04:45:00,0.395,0.395,0.395,0.395,18000,0
2016-04-11,04:50:00,0.395,0.395,0.395,0.395,135000,0
2016-04-11,04:55:00,0.395,0.395,0.395,0.395,36000,0
2016-04-11,05:00:00,0.395,0.395,0.395,0.395,297000,0
2016-04-11,05:05:00,0.395,0.395,0.395,0.395,27000,0
2016-04-11,05:10:00,0.395,0.395,0.395,0.395,17000,0
2016-04-11,05:35:00,0.395,0.405,0.395,0.4,810000,0
2016-04-11,05:50:00,0.4,0.4,0.4,0.4,27000,0
2016-04-11,06:00:00,0.4,0.4,0.4,0.4,90000,0
2016-04-11,07:05:00,0.4,0.4,0.4,0.4,45000,0
2016-04-11,07:15:00,0.4,0.4,0.4,0.4,90000,0
2016-04-11,07:20:00,0.4,0.4,0.4,0.4,99000,0
2016-04-11,07:30:00,0.4,0.4,0.4,0.4,99000,0
2016-04-11,07:40:00,0.4,0.4,0.4,0.4,2500,0
2016-04-11,07:45:00,0.4,0.4,0.4,0.4,225000,0
2016-04-11,07:50:00,0.4,0.4,0.395,0.395,50000,0
2016-04-11,07:55:00,0.395,0.395,0.395,0.395,252000,0
2016-04-11,08:00:00,0.395,0.395,0.395,0.395,750,0
2016-04-11,08:05:00,0.395,0.395,0.395,0.395,27000,0
2016-04-11,08:10:00,0.395,0.395,0.395,0.395,90000,0
2016-04-11,08:15:00,0.395,0.395,0.395,0.395,90000,0
2016-04-11,08:20:00,0.395,0.395,0.395,0.395,252000,0
2016-04-11,08:25:00,0.395,0.395,0.395,0.395,108000,0
2016-04-11,08:30:00,0.395,0.395,0.395,0.395,369000,0
2016-04-11,08:35:00,0.395,0.395,0.395,0.395,108000,0
2016-04-11,08:55:00,0.395,0.395,0.395,0.395,216000,0
2016-04-11,09:00:00,0.395,0.395,0.395,0.395,216000,0
2016-04-11,09:05:00,0.395,0.395,0.395,0.395,99000,0
2016-04-11,09:10:00,0.395,0.395,0.395,0.395,117000,0
2016-04-11,09:15:00,0.395,0.395,0.395,0.395,198000,0
2016-04-11,09:20:00,0.395,0.395,0.395,0.395,360000,0
2016-04-11,09:35:00,0.395,0.395,0.395,0.395,18000,0
2016-04-11,09:45:00,0.395,0.395,0.395,0.395,29500,0
2016-04-11,09:50:00,0.395,0.395,0.395,0.395,288000,0
2016-04-11,09:55:00,0.395,0.395,0.395,0.395,126000,0
2016-04-11,10:00:00,0.395,0.4,0.395,0.4,378000,0
2016-04-12,03:35:00,0.4,0.4,0.4,0.4,18000,0
2016-04-12,03:40:00,0.4,0.405,0.4,0.405,72000,0
2016-04-12,03:45:00,0.405,0.405,0.405,0.405,63000,0
2016-04-12,03:50:00,0.405,0.41,0.405,0.41,720000,0
2016-04-12,03:55:00,0.41,0.41,0.405,0.405,231000,0
2016-04-12,04:00:00,0.405,0.41,0.405,0.41,279000,0
2016-04-12,04:05:00,0.41,0.43,0.41,0.43,2799000,0
2016-04-12,04:10:00,0.43,0.48,0.43,0.475,7374000,0
2016-04-12,04:15:00,0.475,0.48,0.46,0.47,2808000,0
2016-04-12,04:20:00,0.47,0.48,0.47,0.47,1797500,0
2016-04-12,04:25:00,0.47,0.485,0.465,0.485,2458000,0
2016-04-12,04:30:00,0.485,0.485,0.48,0.48,594000,0
2016-04-12,04:35:00,0.48,0.48,0.475,0.48,693000,0
2016-04-12,04:40:00,0.48,0.48,0.475,0.48,432000,0
2016-04-12,04:45:00,0.475,0.48,0.47,0.47,180000,0
2016-04-12,04:50:00,0.47,0.47,0.47,0.47,774000,0
2016-04-12,04:55:00,0.47,0.47,0.47,0.47,72000,0
2016-04-12,05:00:00,0.47,0.475,0.47,0.47,360000,0
2016-04-12,05:05:00,0.47,0.47,0.47,0.47,198000,0
2016-04-12,05:10:00,0.47,0.495,0.47,0.49,4397000,0
2016-04-12,05:15:00,0.49,0.5,0.485,0.5,5586000,0
2016-04-12,05:20:00,0.5,0.51,0.495,0.5,3419500,0
2016-04-12,05:25:00,0.5,0.51,0.5,0.51,3973000,0
2016-04-12,05:30:00,0.51,0.51,0.5,0.5,2439000,0
2016-04-12,05:35:00,0.5,0.51,0.495,0.5,3176000,0
2016-04-12,05:40:00,0.5,0.5,0.495,0.495,1441000,0
2016-04-12,05:45:00,0.495,0.495,0.49,0.495,675000,0
2016-04-12,05:50:00,0.495,0.495,0.49,0.49,621000,0
2016-04-12,05:55:00,0.49,0.495,0.49,0.495,135000,0
2016-04-12,06:00:00,0.495,0.495,0.495,0.495,180000,0
2016-04-12,07:05:00,0.495,0.495,0.49,0.49,513000,0
2016-04-12,07:10:00,0.49,0.49,0.485,0.49,531000,0
2016-04-12,07:15:00,0.49,0.49,0.49,0.49,144000,0
2016-04-12,07:20:00,0.49,0.49,0.485,0.49,855000,0
2016-04-12,07:25:00,0.49,0.49,0.49,0.49,90000,0
2016-04-12,07:35:00,0.49,0.49,0.49,0.49,39000,0
2016-04-12,07:40:00,0.49,0.49,0.485,0.485,567000,0
2016-04-12,07:45:00,0.485,0.485,0.485,0.485,36000,0
2016-04-12,07:50:00,0.485,0.485,0.48,0.485,1053000,0
2016-04-12,07:55:00,0.485,0.49,0.485,0.49,459000,0
2016-04-12,08:00:00,0.49,0.49,0.49,0.49,4537250,0
2016-04-12,08:05:00,0.49,0.49,0.49,0.49,4527000,0
2016-04-12,08:10:00,0.49,0.495,0.49,0.495,63000,0
2016-04-12,08:15:00,0.495,0.495,0.49,0.49,90000,0
2016-04-12,08:20:00,0.49,0.49,0.485,0.485,79000,0
2016-04-12,08:25:00,0.485,0.485,0.48,0.48,297000,0
2016-04-12,08:30:00,0.48,0.485,0.48,0.485,117000,0
2016-04-12,08:35:00,0.485,0.485,0.48,0.48,153000,0
2016-04-12,08:40:00,0.48,0.48,0.48,0.48,999000,0
2016-04-12,08:45:00,0.48,0.48,0.48,0.48,126000,0
2016-04-12,08:50:00,0.48,0.48,0.475,0.48,72000,0
2016-04-12,09:10:00,0.48,0.485,0.48,0.485,99000,0
2016-04-12,09:15:00,0.485,0.485,0.485,0.485,180000,0
2016-04-12,09:25:00,0.485,0.49,0.485,0.485,72000,0
2016-04-12,09:35:00,0.49,0.49,0.49,0.49,594000,0
2016-04-12,09:40:00,0.49,0.52,0.49,0.52,5616000,0
2016-04-12,09:45:00,0.52,0.52,0.5,0.52,3550000,0
2016-04-12,09:50:00,0.52,0.52,0.51,0.51,667000,0
2016-04-12,09:55:00,0.51,0.53,0.51,0.52,3365950,0
2016-04-12,10:00:00,0.52,0.53,0.51,0.52,3035750,0
2016-04-13,03:35:00,0.54,0.54,0.51,0.52,2889000,0
2016-04-13,03:40:00,0.52,0.52,0.51,0.51,324000,0
2016-04-13,03:45:00,0.51,0.51,0.485,0.495,3936000,0
2016-04-13,03:50:00,0.495,0.51,0.495,0.51,1182000,0
2016-04-13,03:55:00,0.51,0.52,0.51,0.51,1188000,0
2016-04-13,04:00:00,0.51,0.51,0.51,0.51,549000,0
2016-04-13,04:05:00,0.51,0.53,0.5,0.53,774000,0
2016-04-13,04:10:00,0.53,0.53,0.51,0.51,729000,0
2016-04-13,04:15:00,0.51,0.51,0.51,0.51,22500,0
2016-04-13,04:20:00,0.51,0.52,0.5,0.52,741000,0
2016-04-13,04:25:00,0.52,0.55,0.52,0.55,4459500,0
2016-04-13,04:30:00,0.55,0.56,0.54,0.54,3681000,0
2016-04-13,04:35:00,0.54,0.54,0.53,0.53,745000,0
2016-04-13,04:40:00,0.53,0.54,0.53,0.53,351000,0
2016-04-13,04:45:00,0.53,0.53,0.53,0.53,54000,0
2016-04-13,04:50:00,0.53,0.53,0.53,0.53,2500,0
2016-04-13,04:55:00,0.53,0.54,0.53,0.54,315000,0
2016-04-13,05:00:00,0.54,0.54,0.53,0.54,387000,0
2016-04-13,05:10:00,0.54,0.54,0.53,0.53,261000,0
2016-04-13,05:15:00,0.53,0.54,0.53,0.54,585000,0
2016-04-13,05:20:00,0.54,0.54,0.54,0.54,368000,0
2016-04-13,05:25:00,0.54,0.54,0.54,0.54,18000,0
2016-04-13,05:30:00,0.54,0.54,0.54,0.54,450000,0
2016-04-13,05:35:00,0.54,0.54,0.54,0.54,387250,0
2016-04-13,05:40:00,0.54,0.55,0.54,0.54,72000,0
2016-04-13,05:45:00,0.54,0.54,0.54,0.54,234000,0
2016-04-13,05:50:00,0.54,0.54,0.54,0.54,306000,0
2016-04-13,05:55:00,0.54,0.54,0.54,0.54,27000,0
2016-04-13,06:00:00,0.54,0.56,0.54,0.56,1791000,0
2016-04-13,07:05:00,0.56,0.56,0.55,0.55,1080000,0
2016-04-13,07:15:00,0.55,0.55,0.54,0.54,837000,0
2016-04-13,07:20:00,0.54,0.57,0.54,0.56,3339000,0
2016-04-13,07:25:00,0.56,0.56,0.55,0.55,1479000,0
2016-04-13,07:30:00,0.55,0.55,0.54,0.54,396000,0
2016-04-13,07:35:00,0.54,0.55,0.54,0.55,72000,0
2016-04-13,07:40:00,0.55,0.55,0.55,0.55,180000,0
2016-04-13,07:45:00,0.55,0.55,0.54,0.55,108000,0
2016-04-13,07:50:00,0.55,0.55,0.55,0.55,108000,0
2016-04-13,07:55:00,0.55,0.55,0.54,0.54,1071000,0
2016-04-13,08:00:00,0.54,0.54,0.53,0.54,1918000,0
2016-04-13,08:05:00,0.54,0.55,0.54,0.54,378000,0
2016-04-13,08:10:00,0.54,0.55,0.54,0.55,18000,0
2016-04-13,08:15:00,0.55,0.55,0.54,0.54,216000,0
2016-04-13,08:20:00,0.54,0.55,0.54,0.54,252000,0
2016-04-13,08:25:00,0.54,0.54,0.53,0.53,966000,0
2016-04-13,08:30:00,0.53,0.54,0.53,0.54,288000,0
2016-04-13,08:40:00,0.54,0.54,0.53,0.54,720000,0
2016-04-13,08:45:00,0.54,0.55,0.54,0.55,1260000,0
2016-04-13,08:50:00,0.55,0.59,0.55,0.58,6982000,0
2016-04-13,08:55:00,0.58,0.6,0.57,0.6,6670750,0
2016-04-13,09:00:00,0.6,0.61,0.59,0.59,4588000,0
2016-04-13,09:05:00,0.59,0.59,0.59,0.59,726000,0
2016-04-13,09:10:00,0.59,0.59,0.59,0.59,63000,0
2016-04-13,09:15:00,0.59,0.59,0.59,0.59,45000,0
2016-04-13,09:20:00,0.59,0.59,0.59,0.59,315000,0
2016-04-13,09:25:00,0.59,0.6,0.59,0.6,1763750,0
2016-04-13,09:30:00,0.6,0.61,0.59,0.59,2610000,0
2016-04-13,09:35:00,0.59,0.6,0.59,0.6,1221000,0
2016-04-13,09:40:00,0.6,0.61,0.59,0.59,1447750,0
2016-04-13,09:45:00,0.59,0.6,0.59,0.6,1866000,0
2016-04-13,09:50:00,0.6,0.6,0.6,0.6,96000,0
2016-04-13,09:55:00,0.6,0.6,0.59,0.6,1224000,0
2016-04-13,10:00:00,0.6,0.6,0.59,0.6,2837000,0
