Date,Time,Open,High,Low,Close,Volume,OpenInt
2016-02-04,03:20:00,1.93,1.93,1.91,1.91,3,0
2016-02-04,07:00:00,1.93,1.93,1.9,1.9,138000,0
2016-02-04,07:20:00,1.9,1.9,1.9,1.9,2000,0
2016-02-04,08:35:00,1.89,1.9,1.89,1.9,52000,0
2016-02-04,08:40:00,1.9,1.9,1.9,1.9,8000,0
2016-02-12,03:25:00,1.9,1.91,1.9,1.91,20000,0
2016-02-12,03:50:00,1.93,1.93,1.92,1.92,106000,0
2016-02-12,03:55:00,1.9,1.93,1.9,1.93,12000,0
2016-02-12,04:35:00,1.93,1.93,1.91,1.91,28000,0
2016-02-15,03:45:00,1.9,1.9,1.9,1.9,6000,0
2016-02-15,03:50:00,1.9,1.9,1.9,1.9,30000,0
2016-02-15,04:20:00,1.89,1.89,1.89,1.89,2000,0
2016-02-15,04:40:00,1.89,1.9,1.89,1.9,4000,0
2016-02-15,06:05:00,1.9,1.9,1.9,1.9,8000,0
2016-02-15,06:25:00,1.9,1.9,1.9,1.9,10000,0
2016-02-15,07:10:00,1.9,1.9,1.89,1.89,108000,0
2016-02-15,07:20:00,1.89,1.89,1.89,1.89,10000,0
2016-02-15,07:25:00,1.89,1.89,1.89,1.89,62000,0
2016-02-15,07:40:00,1.89,1.89,1.89,1.89,30000,0
2016-02-15,08:20:00,1.88,1.89,1.88,1.89,60000,0
2016-02-15,08:25:00,1.89,1.89,1.89,1.89,8000,0
2016-02-15,09:00:00,1.89,1.89,1.89,1.89,84000,0
2016-02-16,03:50:00,1.9,1.9,1.9,1.9,12000,0
2016-02-16,03:55:00,1.9,1.9,1.9,1.9,58000,0
2016-02-16,04:00:00,1.9,1.9,1.9,1.9,12000,0
2016-02-16,04:10:00,1.9,1.9,1.9,1.9,4000,0
2016-02-16,04:20:00,1.9,1.9,1.9,1.9,26000,0
2016-02-16,04:50:00,1.9,1.94,1.9,1.94,32000,0
2016-02-16,06:40:00,1.94,1.94,1.9,1.9,72000,0
2016-02-16,06:50:00,1.9,1.9,1.9,1.9,2000,0
2016-02-16,07:20:00,1.9,1.9,1.9,1.9,2000,0
2016-02-16,07:30:00,1.9,1.9,1.9,1.9,6000,0
2016-02-16,07:35:00,1.9,1.9,1.9,1.9,52000,0
2016-02-16,07:55:00,1.9,1.9,1.9,1.9,2000,0
2016-02-17,04:20:00,1.9,1.9,1.9,1.9,50000,0
2016-02-17,04:45:00,1.9,1.9,1.9,1.9,20000,0
2016-02-17,07:05:00,1.9,1.9,1.89,1.89,150000,0
2016-02-17,07:10:00,1.88,1.89,1.88,1.89,40000,0
2016-02-17,08:30:00,1.89,1.89,1.89,1.89,400000,0
2016-02-17,08:35:00,1.89,1.89,1.89,1.89,288000,0
2016-02-17,08:50:00,1.9,1.9,1.89,1.89,52000,0
2016-02-18,03:05:00,1.92,1.92,1.9,1.92,4000,0
2016-02-18,03:20:00,1.92,1.92,1.92,1.92,2000,0
2016-02-18,03:25:00,1.92,1.92,1.92,1.92,2000,0
2016-02-18,03:30:00,1.92,1.92,1.9,1.9,64000,0
2016-02-18,03:40:00,1.9,1.9,1.89,1.89,8000,0
2016-02-18,03:45:00,1.89,1.89,1.89,1.89,20000,0
2016-02-18,03:50:00,1.89,1.89,1.89,1.89,4000,0
2016-02-18,03:55:00,1.89,1.89,1.89,1.89,4000,0
2016-02-18,04:00:00,1.89,1.89,1.89,1.89,22000,0
2016-02-18,04:05:00,1.89,1.89,1.89,1.89,4000,0
2016-02-18,04:35:00,1.89,1.89,1.89,1.89,44000,0
2016-02-18,04:55:00,1.89,1.89,1.89,1.89,26000,0
2016-02-18,06:05:00,1.89,1.89,1.89,1.89,2000,0
2016-02-18,06:55:00,1.89,1.89,1.89,1.89,12000,0
2016-02-18,07:10:00,1.89,1.89,1.89,1.89,4000,0
2016-02-18,08:40:00,1.88,1.89,1.88,1.89,20000,0
2016-02-18,08:45:00,1.89,1.89,1.89,1.89,30000,0
2016-02-18,08:50:00,1.89,1.89,1.89,1.89,4000,0
2016-02-19,03:30:00,1.89,1.89,1.89,1.89,30000,0
2016-02-19,04:30:00,1.89,1.94,1.89,1.94,10000,0
2016-02-19,06:15:00,1.88,1.9,1.88,1.9,12000,0
2016-02-22,02:45:00,1.88,1.89,1.88,1.89,4000,0
2016-02-22,02:55:00,1.89,1.89,1.87,1.87,114000,0
2016-02-22,03:00:00,1.87,1.87,1.86,1.86,4000,0
2016-02-22,03:10:00,1.86,1.86,1.86,1.86,10000,0
2016-02-22,03:45:00,1.86,1.88,1.86,1.88,4000,0
2016-02-22,04:00:00,1.88,1.88,1.86,1.86,52000,0
2016-02-22,06:25:00,1.87,1.87,1.86,1.86,146000,0
2016-02-22,06:30:00,1.86,1.86,1.86,1.86,22000,0
2016-02-22,07:20:00,1.86,1.86,1.86,1.86,68000,0
2016-02-22,07:25:00,1.86,1.86,1.86,1.86,2000,0
2016-02-23,02:55:00,1.86,1.86,1.85,1.86,4000,0
2016-02-23,03:00:00,1.86,1.86,1.86,1.86,12000,0
2016-02-23,03:40:00,1.86,1.86,1.86,1.86,14000,0
2016-02-23,03:55:00,1.86,1.86,1.86,1.86,6000,0
2016-02-23,04:15:00,1.86,1.86,1.86,1.86,36000,0
2016-02-23,06:25:00,1.86,1.86,1.86,1.86,226000,0
2016-02-23,06:35:00,1.86,1.86,1.86,1.86,6000,0
2016-02-23,07:10:00,1.86,1.86,1.86,1.86,12000,0
2016-02-23,07:15:00,1.86,1.86,1.86,1.86,20000,0
2016-02-23,07:25:00,1.86,1.86,1.86,1.86,30000,0
2016-02-23,07:55:00,1.84,1.85,1.84,1.85,104000,0
2016-02-23,08:00:00,1.85,1.85,1.85,1.85,74000,0
2016-02-23,08:50:00,1.84,1.85,1.84,1.85,4000,0
2016-02-24,02:35:00,1.85,1.85,1.85,1.85,6000,0
2016-02-24,03:55:00,1.85,1.85,1.85,1.85,36000,0
2016-02-24,06:15:00,1.85,1.86,1.85,1.86,100000,0
2016-02-24,08:15:00,1.86,1.86,1.85,1.85,110000,0
2016-02-24,08:45:00,1.85,1.85,1.85,1.85,50000,0
2016-02-24,08:50:00,1.85,1.85,1.85,1.85,18000,0
2016-02-25,04:05:00,1.86,1.86,1.86,1.86,10000,0
2016-02-25,06:55:00,1.86,1.87,1.86,1.87,40000,0
2016-02-25,07:35:00,1.87,1.87,1.87,1.87,8000,0
2016-02-25,07:40:00,1.87,1.87,1.86,1.86,4000,0
2016-02-25,08:10:00,1.86,1.86,1.86,1.86,10000,0
2016-02-25,08:30:00,1.86,1.86,1.86,1.86,86000,0
2016-02-25,08:35:00,1.86,1.86,1.86,1.86,58000,0
2016-02-25,08:40:00,1.86,1.87,1.86,1.87,108000,0
2016-02-25,08:50:00,1.86,1.86,1.86,1.86,30000,0
2016-02-26,06:10:00,1.88,1.88,1.86,1.88,4000,0
2016-03-01,06:35:00,1.92,1.92,1.89,1.92,8000,0
2016-03-01,07:40:00,1.92,1.92,1.9,1.9,4000,0
2016-03-01,07:55:00,1.9,1.9,1.89,1.89,46000,0
2016-03-02,07:25:00,1.9,1.9,1.9,1.9,38000,0
2016-03-02,08:40:00,1.9,1.9,1.9,1.9,2000,0
2016-03-03,02:45:00,1.9,1.91,1.9,1.91,12000,0
2016-03-04,03:05:00,1.93,1.93,1.93,1.93,20000,0
2016-03-04,08:15:00,1.93,1.96,1.93,1.96,134000,0
2016-03-04,08:25:00,1.96,1.96,1.96,1.96,6000,0
2016-03-04,08:30:00,1.96,1.96,1.96,1.96,38000,0
2016-03-04,08:40:00,1.96,1.96,1.96,1.96,6000,0
2016-03-04,08:55:00,1.96,1.96,1.96,1.96,10000,0
2016-03-07,03:00:00,2.02,2.02,1.98,2.02,12000,0
2016-03-07,03:35:00,2,2,1.98,1.98,216000,0
2016-03-07,04:10:00,1.98,1.99,1.98,1.99,4000,0
2016-03-07,04:40:00,1.99,1.99,1.98,1.98,4000,0
2016-03-07,04:55:00,1.98,1.98,1.98,1.98,2000,0
2016-03-07,06:55:00,1.98,1.99,1.98,1.99,4000,0
2016-03-07,08:40:00,1.99,1.99,1.94,1.95,4000,0
2016-03-08,03:55:00,1.94,1.96,1.94,1.96,2000,0
2016-03-09,07:50:00,1.97,1.97,1.97,1.97,22000,0
2016-03-10,06:05:00,1.96,1.96,1.96,1.96,26000,0
2016-03-10,08:45:00,1.96,1.96,1.96,1.96,28000,0
2016-03-11,06:55:00,1.96,2,1.96,2,136000,0
2016-03-14,03:40:00,2,2,2,2,10000,0
2016-03-14,07:35:00,2,2,2,2,20000,0
2016-03-14,07:40:00,2,2,2,2,30000,0
2016-03-15,04:15:00,1.96,1.98,1.96,1.98,38000,0
2016-03-15,04:20:00,1.98,1.98,1.98,1.98,30000,0
2016-03-15,06:05:00,1.98,1.98,1.98,1.98,10000,0
2016-03-15,07:00:00,1.98,1.98,1.97,1.97,52000,0
2016-03-15,08:50:00,1.97,1.97,1.97,1.97,24000,0
2016-03-16,03:40:00,2,2,2,2,10000,0
2016-03-16,04:25:00,2,2,2,2,30000,0
2016-03-16,06:25:00,2,2.02,2,2.02,70000,0
2016-03-16,06:35:00,2.02,2.02,1.99,1.99,20000,0
2016-03-16,08:40:00,1.99,1.99,1.99,1.99,2000,0
2016-03-17,03:00:00,2,2,1.99,2,8000,0
2016-03-17,07:00:00,1.99,2.01,1.99,2.01,26000,0
2016-03-17,07:20:00,2.01,2.02,2.01,2.02,90000,0
2016-03-17,07:30:00,2.02,2.02,2.02,2.02,70000,0
2016-03-17,08:10:00,2.02,2.03,2.02,2.03,14000,0
2016-03-17,08:25:00,2.03,2.03,2.02,2.02,32000,0
2016-03-17,08:35:00,2.02,2.02,2.01,2.01,62000,0
2016-03-18,04:10:00,2.04,2.04,2.02,2.04,4000,0
2016-03-18,04:20:00,2.04,2.04,2.04,2.04,8000,0
2016-03-18,04:35:00,2.04,2.04,2.02,2.02,20000,0
2016-03-18,04:40:00,2.02,2.04,2.02,2.04,8000,0
2016-03-18,04:45:00,2.04,2.04,2.04,2.04,16000,0
2016-03-18,04:50:00,2.04,2.04,2.04,2.04,36000,0
2016-03-18,08:00:00,2.04,2.05,2.04,2.04,156000,0
2016-03-18,08:20:00,2.04,2.05,2.04,2.04,20000,0
2016-03-18,08:30:00,2.04,2.05,2.04,2.05,30000,0
2016-03-18,08:40:00,2.05,2.05,2.05,2.05,6000,0
2016-03-18,08:45:00,2.05,2.05,2.05,2.05,4000,0
2016-03-18,08:50:00,2.05,2.05,2.05,2.05,2000,0
2016-03-21,02:40:00,2.05,2.1,2.05,2.1,20000,0
2016-03-21,03:35:00,2.06,2.06,2.06,2.06,20000,0
2016-03-21,03:40:00,2.06,2.06,2.06,2.06,4000,0
2016-03-21,04:20:00,2.07,2.07,2.07,2.07,2000,0
2016-03-21,04:25:00,2.07,2.09,2.07,2.09,46000,0
2016-03-21,04:35:00,2.09,2.09,2.08,2.08,20000,0
2016-03-21,04:55:00,2.08,2.08,2.08,2.08,20000,0
2016-03-21,06:05:00,2.08,2.1,2.08,2.1,26000,0
2016-03-21,06:25:00,2.1,2.12,2.1,2.12,80000,0
2016-03-21,06:30:00,2.12,2.13,2.12,2.13,20000,0
2016-03-21,06:40:00,2.12,2.12,2.12,2.12,20000,0
2016-03-21,06:55:00,2.12,2.12,2.12,2.12,32000,0
2016-03-21,07:00:00,2.11,2.11,2.11,2.11,10000,0
2016-03-21,07:35:00,2.11,2.11,2.1,2.1,44000,0
2016-03-21,07:55:00,2.1,2.1,2.1,2.1,10000,0
2016-03-21,08:00:00,2.1,2.1,2.1,2.1,20000,0
2016-03-21,08:30:00,2.1,2.1,2.1,2.1,20000,0
2016-03-21,08:55:00,2.1,2.1,2.1,2.1,70000,0
2016-03-22,02:35:00,2.1,2.1,2.1,2.1,40000,0
2016-03-22,03:05:00,2.1,2.13,2.1,2.13,40000,0
2016-03-22,03:10:00,2.14,2.14,2.14,2.14,8000,0
2016-03-22,03:25:00,2.13,2.13,2.09,2.1,98000,0
2016-03-22,04:20:00,2.08,2.09,2.08,2.09,4000,0
2016-03-22,04:35:00,2.09,2.09,2.09,2.09,16000,0
2016-03-22,04:40:00,2.09,2.1,2.09,2.1,70000,0
2016-03-22,04:55:00,2.1,2.1,2.1,2.1,10000,0
2016-03-22,06:05:00,2.1,2.1,2.1,2.1,20000,0
2016-03-22,06:10:00,2.1,2.1,2.1,2.1,120000,0
2016-03-22,06:25:00,2.1,2.12,2.1,2.12,20000,0
2016-03-22,07:00:00,2.12,2.12,2.12,2.12,10000,0
2016-03-22,07:20:00,2.12,2.12,2.12,2.12,50000,0
2016-03-22,08:05:00,2.12,2.12,2.11,2.11,20000,0
2016-03-22,08:10:00,2.11,2.12,2.11,2.12,70000,0
2016-03-22,08:15:00,2.12,2.12,2.12,2.12,80000,0
2016-03-22,08:25:00,2.12,2.12,2.12,2.12,10000,0
2016-03-22,08:35:00,2.12,2.12,2.12,2.12,42000,0
2016-03-22,08:50:00,2.12,2.12,2.1,2.1,20000,0
2016-03-23,02:45:00,2.11,2.13,2.1,2.13,38000,0
2016-03-23,03:40:00,2.13,2.13,2.13,2.13,20000,0
2016-03-23,04:10:00,2.13,2.13,2.13,2.13,34000,0
2016-03-23,04:30:00,2.13,2.13,2.13,2.13,16000,0
2016-03-23,04:45:00,2.13,2.15,2.13,2.15,180000,0
2016-03-23,06:30:00,2.15,2.15,2.15,2.15,20000,0
2016-03-23,06:35:00,2.15,2.15,2.12,2.12,80000,0
2016-03-23,07:05:00,2.12,2.12,2.12,2.12,10000,0
2016-03-23,08:10:00,2.13,2.13,2.13,2.13,40000,0
2016-03-23,08:20:00,2.13,2.13,2.13,2.13,60000,0
2016-03-23,08:30:00,2.13,2.13,2.12,2.12,84000,0
2016-03-23,08:45:00,2.12,2.12,2.12,2.12,30000,0
2016-03-23,08:50:00,2.12,2.13,2.12,2.13,36000,0
2016-03-23,08:55:00,2.13,2.13,2.13,2.13,10000,0
2016-03-23,09:00:00,2.13,2.14,2.12,2.14,84000,0
2016-03-24,03:10:00,2.14,2.15,2.14,2.15,54000,0
2016-03-24,03:20:00,2.15,2.15,2.15,2.15,2000,0
2016-03-24,06:15:00,2.15,2.15,2.15,2.15,6000,0
2016-03-24,07:00:00,2.15,2.15,2.14,2.14,20000,0
2016-03-29,03:35:00,2.11,2.12,2.1,2.1,4000,0
2016-03-29,07:15:00,2.11,2.11,2.11,2.11,6000,0
2016-03-29,08:20:00,2.12,2.12,2.12,2.12,10000,0
2016-03-29,09:05:00,2.12,2.12,2.12,2.12,10000,0
2016-03-29,09:15:00,2.12,2.12,2.12,2.12,20000,0
2016-03-29,09:25:00,2.12,2.12,2.12,2.12,50000,0
2016-03-29,09:30:00,2.12,2.12,2.12,2.12,6000,0
2016-03-29,09:35:00,2.12,2.12,2.12,2.12,24000,0
2016-03-30,04:10:00,2.13,2.13,2.13,2.13,4000,0
2016-03-30,04:30:00,2.13,2.13,2.13,2.13,6000,0
2016-03-30,04:40:00,2.13,2.15,2.13,2.15,30000,0
2016-03-30,05:20:00,2.15,2.21,2.15,2.21,44000,0
2016-03-30,07:25:00,2.19,2.19,2.19,2.19,2000,0
2016-03-30,07:30:00,2.17,2.17,2.13,2.13,8000,0
2016-03-30,07:50:00,2.13,2.13,2.13,2.13,2000,0
2016-03-30,08:00:00,2.13,2.13,2.13,2.13,8000,0
2016-03-30,08:30:00,2.14,2.14,2.14,2.14,8000,0
2016-03-30,08:40:00,2.14,2.14,2.14,2.14,8000,0
2016-03-30,09:10:00,2.14,2.17,2.14,2.17,12000,0
2016-03-30,09:35:00,2.17,2.17,2.17,2.17,10000,0
2016-03-30,09:40:00,2.17,2.17,2.15,2.15,138000,0
2016-03-30,09:45:00,2.15,2.15,2.15,2.15,12000,0
2016-03-30,10:00:00,2.15,2.15,2.15,2.15,50000,0
2016-03-31,04:50:00,2.16,2.16,2.16,2.16,70000,0
2016-03-31,05:00:00,2.16,2.16,2.16,2.16,20000,0
2016-04-01,03:40:00,2.15,2.15,2.15,2.15,12000,0
2016-04-01,05:00:00,2.15,2.19,2.15,2.19,42000,0
2016-04-01,07:15:00,2.19,2.19,2.19,2.19,32000,0
2016-04-01,07:30:00,2.19,2.19,2.15,2.15,104000,0
2016-04-05,03:35:00,2.12,2.13,2.12,2.13,4000,0
2016-04-05,03:45:00,2.13,2.18,2.13,2.18,4000,0
2016-04-05,06:00:00,2.18,2.19,2.18,2.19,24000,0
2016-04-05,07:10:00,2.19,2.21,2.19,2.21,30000,0
2016-04-05,07:20:00,2.21,2.21,2.18,2.18,60000,0
2016-04-05,09:55:00,2.18,2.18,2.18,2.18,6000,0
2016-04-06,07:45:00,2.18,2.19,2.18,2.19,4000,0
2016-04-06,07:50:00,2.19,2.19,2.19,2.19,38000,0
2016-04-06,08:30:00,2.19,2.19,2.19,2.19,12000,0
2016-04-06,09:20:00,2.19,2.19,2.19,2.19,10000,0
2016-04-07,05:55:00,2.2,2.2,2.2,2.2,10000,0
2016-04-07,07:05:00,2.2,2.2,2.2,2.2,12000,0
2016-04-07,09:10:00,2.2,2.2,2.2,2.2,8000,0
2016-04-08,05:00:00,2.2,2.2,2.2,2.2,10000,0
2016-04-08,09:30:00,2.2,2.2,2.2,2.2,4000,0
2016-04-08,09:45:00,2.2,2.2,2.2,2.2,20000,0
2016-04-11,07:05:00,2.2,2.2,2.2,2.2,14000,0
2016-04-11,07:55:00,2.2,2.2,2.2,2.2,6000,0
2016-04-11,08:00:00,2.2,2.2,2.2,2.2,4000,0
2016-04-12,05:00:00,2.21,2.21,2.21,2.21,24000,0
2016-04-12,05:50:00,2.21,2.21,2.21,2.21,150,0
2016-04-12,07:45:00,2.21,2.22,2.21,2.22,12000,0
2016-04-12,08:45:00,2.22,2.22,2.22,2.22,32000,0
2016-04-13,05:20:00,2.25,2.25,2.22,2.25,56000,0
2016-04-13,05:35:00,2.23,2.23,2.23,2.23,40000,0
2016-04-13,07:40:00,2.23,2.23,2.23,2.23,10000,0
2016-04-13,08:00:00,2.23,2.23,2.23,2.23,40000,0
2016-04-13,08:05:00,2.23,2.23,2.23,2.23,50000,0
2016-04-13,09:00:00,2.23,2.23,2.23,2.23,2000,0
2016-04-13,09:20:00,2.23,2.23,2.22,2.22,20000,0
2016-04-13,09:30:00,2.22,2.22,2.22,2.22,10000,0
2016-04-13,09:50:00,2.22,2.23,2.22,2.23,86000,0
