Date,Time,Open,High,Low,Close,Volume,OpenInt
2016-03-17,02:35:00,1.17,1.18,1.15,1.16,7878999,0
2016-03-17,02:40:00,1.16,1.17,1.15,1.17,2425000,0
2016-03-17,02:45:00,1.17,1.17,1.16,1.16,4605000,0
2016-03-17,02:50:00,1.16,1.16,1.14,1.15,3340666,0
2016-03-17,02:55:00,1.15,1.15,1.14,1.15,115000,0
2016-03-17,03:00:00,1.14,1.15,1.14,1.15,135000,0
2016-03-17,03:05:00,1.14,1.16,1.14,1.16,2545000,0
2016-03-17,03:10:00,1.16,1.17,1.15,1.15,1912900,0
2016-03-17,03:15:00,1.15,1.15,1.14,1.15,1325000,0
2016-03-17,03:20:00,1.14,1.16,1.14,1.15,414308,0
2016-03-17,03:25:00,1.15,1.16,1.15,1.15,670000,0
2016-03-17,03:30:00,1.15,1.15,1.14,1.15,320000,0
2016-03-17,03:35:00,1.14,1.15,1.14,1.15,640000,0
2016-03-17,03:40:00,1.14,1.16,1.14,1.15,410000,0
2016-03-17,03:45:00,1.15,1.15,1.15,1.15,270000,0
2016-03-17,03:50:00,1.15,1.16,1.15,1.16,590000,0
2016-03-17,03:55:00,1.16,1.17,1.16,1.16,876666,0
2016-03-17,04:00:00,1.16,1.17,1.16,1.16,555667,0
2016-03-17,04:05:00,1.16,1.16,1.16,1.16,405000,0
2016-03-17,04:10:00,1.16,1.16,1.15,1.16,145000,0
2016-03-17,04:15:00,1.16,1.16,1.16,1.16,340000,0
2016-03-17,04:20:00,1.16,1.17,1.16,1.16,225000,0
2016-03-17,04:25:00,1.16,1.17,1.16,1.16,406333,0
2016-03-17,04:30:00,1.16,1.16,1.16,1.16,230000,0
2016-03-17,04:35:00,1.16,1.17,1.16,1.16,85000,0
2016-03-17,04:40:00,1.16,1.17,1.16,1.16,408666,0
2016-03-17,04:45:00,1.16,1.16,1.16,1.16,185000,0
2016-03-17,04:50:00,1.16,1.16,1.16,1.16,100000,0
2016-03-17,04:55:00,1.16,1.16,1.16,1.16,670000,0
2016-03-17,05:00:00,1.16,1.17,1.15,1.17,363333,0
2016-03-17,06:05:00,1.17,1.17,1.15,1.15,465000,0
2016-03-17,06:10:00,1.15,1.15,1.15,1.15,25000,0
2016-03-17,06:15:00,1.15,1.16,1.15,1.16,495000,0
2016-03-17,06:20:00,1.16,1.16,1.15,1.16,85000,0
2016-03-17,06:25:00,1.16,1.16,1.16,1.16,3333,0
2016-03-17,06:30:00,1.16,1.16,1.16,1.16,80000,0
2016-03-17,06:35:00,1.16,1.16,1.16,1.16,55000,0
2016-03-17,06:40:00,1.16,1.16,1.15,1.15,2390000,0
2016-03-17,06:45:00,1.14,1.15,1.14,1.15,120000,0
2016-03-17,06:50:00,1.14,1.15,1.14,1.15,785000,0
2016-03-17,06:55:00,1.15,1.15,1.15,1.15,115000,0
2016-03-17,07:00:00,1.15,1.16,1.15,1.16,35000,0
2016-03-17,07:05:00,1.16,1.16,1.15,1.16,1542000,0
2016-03-17,07:10:00,1.16,1.17,1.16,1.16,605666,0
2016-03-17,07:15:00,1.16,1.16,1.16,1.16,295000,0
2016-03-17,07:20:00,1.16,1.18,1.16,1.18,5550000,0
2016-03-17,07:25:00,1.18,1.18,1.17,1.17,1170452,0
2016-03-17,07:30:00,1.17,1.17,1.16,1.17,433491,0
2016-03-17,07:35:00,1.17,1.18,1.17,1.17,920000,0
2016-03-17,07:40:00,1.17,1.17,1.17,1.17,100000,0
2016-03-17,07:45:00,1.17,1.17,1.16,1.17,90000,0
2016-03-17,07:50:00,1.17,1.17,1.17,1.17,165000,0
2016-03-17,07:55:00,1.17,1.18,1.17,1.18,960000,0
2016-03-17,08:00:00,1.18,1.18,1.17,1.17,195000,0
2016-03-17,08:05:00,1.17,1.18,1.17,1.17,265000,0
2016-03-17,08:10:00,1.17,1.18,1.17,1.17,329333,0
2016-03-17,08:15:00,1.17,1.17,1.17,1.17,949000,0
2016-03-17,08:20:00,1.17,1.17,1.17,1.17,895000,0
2016-03-17,08:25:00,1.17,1.17,1.16,1.17,130000,0
2016-03-17,08:30:00,1.17,1.17,1.16,1.17,120000,0
2016-03-17,08:35:00,1.17,1.17,1.16,1.17,160000,0
2016-03-17,08:40:00,1.17,1.17,1.16,1.17,365000,0
2016-03-17,08:45:00,1.17,1.19,1.17,1.18,2655000,0
2016-03-17,08:50:00,1.18,1.2,1.18,1.19,5730667,0
2016-03-17,08:55:00,1.19,1.2,1.18,1.2,1295000,0
2016-03-17,09:00:00,1.2,1.21,1.19,1.21,11296000,0
2016-03-18,02:35:00,1.18,1.18,1.14,1.15,11765000,0
2016-03-18,02:40:00,1.15,1.16,1.15,1.16,3140000,0
2016-03-18,02:45:00,1.16,1.17,1.16,1.17,1770000,0
2016-03-18,02:50:00,1.17,1.18,1.17,1.18,1179000,0
2016-03-18,02:55:00,1.18,1.19,1.17,1.19,6525000,0
2016-03-18,03:00:00,1.19,1.2,1.19,1.19,2040000,0
2016-03-18,03:05:00,1.19,1.19,1.18,1.19,3840000,0
2016-03-18,03:10:00,1.19,1.19,1.18,1.19,1520000,0
2016-03-18,03:15:00,1.19,1.19,1.17,1.17,350000,0
2016-03-18,03:20:00,1.17,1.18,1.17,1.18,155000,0
2016-03-18,03:25:00,1.18,1.19,1.18,1.19,1455000,0
2016-03-18,03:30:00,1.19,1.21,1.19,1.2,3294666,0
2016-03-18,03:35:00,1.2,1.2,1.19,1.19,820000,0
2016-03-18,03:40:00,1.19,1.19,1.18,1.19,215000,0
2016-03-18,03:45:00,1.19,1.19,1.19,1.19,305000,0
2016-03-18,03:50:00,1.19,1.19,1.19,1.19,250000,0
2016-03-18,03:55:00,1.19,1.19,1.19,1.19,400000,0
2016-03-18,04:00:00,1.19,1.19,1.18,1.18,1760000,0
2016-03-18,04:05:00,1.18,1.18,1.17,1.17,55000,0
2016-03-18,04:10:00,1.17,1.18,1.17,1.18,1577000,0
2016-03-18,04:15:00,1.18,1.18,1.18,1.18,85000,0
2016-03-18,04:20:00,1.18,1.18,1.18,1.18,195000,0
2016-03-18,04:25:00,1.18,1.18,1.17,1.18,440000,0
2016-03-18,04:30:00,1.18,1.18,1.18,1.18,365000,0
2016-03-18,04:35:00,1.18,1.18,1.18,1.18,190000,0
2016-03-18,04:40:00,1.18,1.18,1.18,1.18,806333,0
2016-03-18,04:45:00,1.18,1.18,1.18,1.18,310000,0
2016-03-18,04:50:00,1.18,1.19,1.18,1.19,1220000,0
2016-03-18,04:55:00,1.19,1.19,1.18,1.18,50000,0
2016-03-18,05:00:00,1.18,1.19,1.18,1.19,69776,0
2016-03-18,06:05:00,1.19,1.19,1.19,1.19,295666,0
2016-03-18,06:10:00,1.19,1.19,1.19,1.19,265000,0
2016-03-18,06:15:00,1.19,1.2,1.18,1.18,210000,0
2016-03-18,06:20:00,1.18,1.19,1.18,1.19,230000,0
2016-03-18,06:25:00,1.19,1.19,1.18,1.18,275000,0
2016-03-18,06:30:00,1.18,1.19,1.18,1.19,44794,0
2016-03-18,06:35:00,1.19,1.19,1.18,1.18,126000,0
2016-03-18,06:40:00,1.18,1.18,1.18,1.18,40000,0
2016-03-18,06:45:00,1.18,1.18,1.18,1.18,2315000,0
2016-03-18,06:50:00,1.18,1.18,1.17,1.18,679000,0
2016-03-18,06:55:00,1.18,1.18,1.17,1.17,145000,0
2016-03-18,07:00:00,1.17,1.18,1.17,1.17,2210000,0
2016-03-18,07:05:00,1.17,1.18,1.17,1.18,346666,0
2016-03-18,07:10:00,1.18,1.18,1.17,1.18,100000,0
2016-03-18,07:15:00,1.18,1.18,1.17,1.17,193332,0
2016-03-18,07:20:00,1.17,1.18,1.17,1.17,73333,0
2016-03-18,07:25:00,1.17,1.18,1.17,1.17,40666,0
2016-03-18,07:30:00,1.17,1.18,1.17,1.18,70000,0
2016-03-18,07:35:00,1.18,1.18,1.17,1.17,270000,0
2016-03-18,07:40:00,1.17,1.18,1.16,1.16,3670333,0
2016-03-18,07:45:00,1.16,1.16,1.16,1.16,1851667,0
2016-03-18,07:50:00,1.16,1.17,1.16,1.16,380000,0
2016-03-18,07:55:00,1.16,1.17,1.16,1.16,374666,0
2016-03-18,08:00:00,1.16,1.17,1.16,1.16,330666,0
2016-03-18,08:05:00,1.16,1.17,1.16,1.16,965000,0
2016-03-18,08:10:00,1.16,1.16,1.16,1.16,780000,0
2016-03-18,08:15:00,1.16,1.17,1.16,1.16,105000,0
2016-03-18,08:20:00,1.16,1.16,1.16,1.16,545000,0
2016-03-18,08:25:00,1.16,1.16,1.15,1.15,930000,0
2016-03-18,08:30:00,1.15,1.16,1.15,1.16,250000,0
2016-03-18,08:35:00,1.16,1.16,1.15,1.16,320000,0
2016-03-18,08:40:00,1.16,1.16,1.16,1.16,160800,0
2016-03-18,08:45:00,1.16,1.16,1.15,1.16,205000,0
2016-03-18,08:50:00,1.16,1.16,1.15,1.16,580000,0
2016-03-18,08:55:00,1.16,1.16,1.15,1.15,1575000,0
2016-03-18,09:00:00,1.15,1.16,1.14,1.15,5725000,0
2016-03-21,02:35:00,1.17,1.17,1.17,1.17,720000,0
2016-03-21,02:40:00,1.17,1.18,1.16,1.18,2381333,0
2016-03-21,02:45:00,1.18,1.18,1.17,1.17,960000,0
2016-03-21,02:50:00,1.17,1.17,1.16,1.16,240000,0
2016-03-21,02:55:00,1.16,1.18,1.16,1.17,2275000,0
2016-03-21,03:00:00,1.17,1.18,1.17,1.18,240000,0
2016-03-21,03:05:00,1.18,1.18,1.17,1.17,135000,0
2016-03-21,03:10:00,1.17,1.17,1.16,1.16,695000,0
2016-03-21,03:15:00,1.16,1.16,1.16,1.16,100000,0
2016-03-21,03:20:00,1.16,1.17,1.16,1.16,600000,0
2016-03-21,03:25:00,1.16,1.17,1.16,1.16,220000,0
2016-03-21,03:30:00,1.16,1.17,1.16,1.17,1105000,0
2016-03-21,03:35:00,1.17,1.17,1.16,1.16,40667,0
2016-03-21,03:40:00,1.16,1.17,1.16,1.16,335000,0
2016-03-21,03:45:00,1.16,1.16,1.16,1.16,1745000,0
2016-03-21,03:50:00,1.16,1.16,1.15,1.15,404666,0
2016-03-21,03:55:00,1.15,1.15,1.13,1.14,3955000,0
2016-03-21,04:00:00,1.14,1.14,1.13,1.13,1536333,0
2016-03-21,04:05:00,1.12,1.14,1.12,1.14,1900000,0
2016-03-21,04:10:00,1.14,1.14,1.14,1.14,225000,0
2016-03-21,04:15:00,1.14,1.15,1.14,1.14,375000,0
2016-03-21,04:20:00,1.14,1.14,1.14,1.14,136333,0
2016-03-21,04:25:00,1.14,1.14,1.13,1.14,210000,0
2016-03-21,04:30:00,1.14,1.14,1.13,1.13,1125000,0
2016-03-21,04:35:00,1.13,1.13,1.13,1.13,209666,0
2016-03-21,04:40:00,1.13,1.14,1.13,1.14,960000,0
2016-03-21,04:45:00,1.14,1.14,1.13,1.13,35000,0
2016-03-21,04:50:00,1.13,1.14,1.13,1.13,215000,0
2016-03-21,04:55:00,1.13,1.14,1.13,1.13,70000,0
2016-03-21,05:00:00,1.13,1.14,1.13,1.14,130000,0
2016-03-21,06:05:00,1.14,1.14,1.13,1.14,279666,0
2016-03-21,06:10:00,1.14,1.14,1.13,1.14,230000,0
2016-03-21,06:15:00,1.14,1.14,1.14,1.14,1333,0
2016-03-21,06:20:00,1.14,1.15,1.14,1.14,160666,0
2016-03-21,06:25:00,1.14,1.14,1.13,1.14,245000,0
2016-03-21,06:30:00,1.14,1.14,1.14,1.14,45000,0
2016-03-21,06:35:00,1.14,1.14,1.14,1.14,145000,0
2016-03-21,06:40:00,1.14,1.14,1.14,1.14,125000,0
2016-03-21,06:45:00,1.14,1.15,1.14,1.14,230000,0
2016-03-21,06:50:00,1.14,1.14,1.13,1.13,123333,0
2016-03-21,06:55:00,1.13,1.13,1.13,1.13,150666,0
2016-03-21,07:00:00,1.13,1.14,1.13,1.14,90000,0
2016-03-21,07:05:00,1.14,1.14,1.14,1.14,40000,0
2016-03-21,07:10:00,1.14,1.14,1.13,1.13,675000,0
2016-03-21,07:15:00,1.13,1.13,1.13,1.13,25000,0
2016-03-21,07:20:00,1.13,1.14,1.13,1.13,655000,0
2016-03-21,07:25:00,1.13,1.13,1.13,1.13,5000,0
2016-03-21,07:30:00,1.13,1.13,1.13,1.13,95000,0
2016-03-21,07:35:00,1.13,1.13,1.13,1.13,560000,0
2016-03-21,07:40:00,1.13,1.13,1.13,1.13,35000,0
2016-03-21,07:45:00,1.13,1.13,1.13,1.13,10000,0
2016-03-21,07:50:00,1.13,1.13,1.13,1.13,270000,0
2016-03-21,07:55:00,1.13,1.13,1.13,1.13,305000,0
2016-03-21,08:00:00,1.13,1.13,1.13,1.13,70000,0
2016-03-21,08:05:00,1.13,1.14,1.13,1.13,160333,0
2016-03-21,08:10:00,1.13,1.13,1.13,1.13,5000,0
2016-03-21,08:15:00,1.13,1.13,1.13,1.13,30000,0
2016-03-21,08:20:00,1.13,1.13,1.13,1.13,65000,0
2016-03-21,08:25:00,1.13,1.13,1.13,1.13,50000,0
2016-03-21,08:30:00,1.13,1.14,1.13,1.14,475000,0
2016-03-21,08:35:00,1.14,1.14,1.14,1.14,270000,0
2016-03-21,08:40:00,1.14,1.14,1.13,1.14,460000,0
2016-03-21,08:45:00,1.14,1.14,1.13,1.13,85666,0
2016-03-21,08:50:00,1.13,1.14,1.13,1.13,833333,0
2016-03-21,08:55:00,1.13,1.14,1.13,1.13,245000,0
2016-03-21,09:00:00,1.13,1.14,1.13,1.13,920000,0
2016-03-22,02:35:00,1.13,1.14,1.13,1.13,475064,0
2016-03-22,02:40:00,1.13,1.14,1.13,1.14,1185000,0
2016-03-22,02:45:00,1.14,1.17,1.14,1.16,3630000,0
2016-03-22,02:50:00,1.16,1.16,1.15,1.16,574334,0
2016-03-22,02:55:00,1.16,1.16,1.15,1.15,955666,0
2016-03-22,03:00:00,1.15,1.16,1.15,1.16,305000,0
2016-03-22,03:05:00,1.16,1.16,1.15,1.15,81143,0
2016-03-22,03:10:00,1.15,1.15,1.15,1.15,815667,0
2016-03-22,03:15:00,1.15,1.15,1.14,1.14,1029666,0
2016-03-22,03:20:00,1.14,1.14,1.14,1.14,10000,0
2016-03-22,03:25:00,1.14,1.14,1.14,1.14,45333,0
2016-03-22,03:30:00,1.14,1.14,1.14,1.14,120000,0
2016-03-22,03:35:00,1.14,1.14,1.14,1.14,531333,0
2016-03-22,03:45:00,1.14,1.15,1.14,1.14,75000,0
2016-03-22,03:50:00,1.14,1.14,1.14,1.14,200000,0
2016-03-22,03:55:00,1.14,1.14,1.14,1.14,230000,0
2016-03-22,04:00:00,1.14,1.14,1.13,1.13,316666,0
2016-03-22,04:05:00,1.13,1.13,1.13,1.13,325000,0
2016-03-22,04:10:00,1.13,1.13,1.13,1.13,655000,0
2016-03-22,04:15:00,1.13,1.14,1.13,1.13,173000,0
2016-03-22,04:20:00,1.13,1.14,1.13,1.14,93667,0
2016-03-22,04:25:00,1.14,1.14,1.14,1.14,70000,0
2016-03-22,04:30:00,1.14,1.14,1.14,1.14,270000,0
2016-03-22,04:35:00,1.14,1.14,1.13,1.13,270000,0
2016-03-22,04:40:00,1.13,1.13,1.13,1.13,110000,0
2016-03-22,04:45:00,1.13,1.13,1.13,1.13,1333,0
2016-03-22,04:50:00,1.13,1.14,1.13,1.14,289667,0
2016-03-22,04:55:00,1.14,1.14,1.13,1.13,135000,0
2016-03-22,05:00:00,1.13,1.14,1.13,1.14,75000,0
2016-03-22,06:05:00,1.14,1.14,1.14,1.14,50000,0
2016-03-22,06:10:00,1.14,1.14,1.14,1.14,305000,0
2016-03-22,06:15:00,1.14,1.14,1.14,1.14,50000,0
2016-03-22,06:20:00,1.14,1.14,1.13,1.14,225000,0
2016-03-22,06:25:00,1.14,1.14,1.14,1.14,2507,0
2016-03-22,06:30:00,1.14,1.14,1.14,1.14,100000,0
2016-03-22,06:35:00,1.14,1.14,1.14,1.14,205000,0
2016-03-22,06:40:00,1.14,1.14,1.14,1.14,25000,0
2016-03-22,06:45:00,1.14,1.14,1.14,1.14,206792,0
2016-03-22,06:50:00,1.14,1.15,1.14,1.14,200000,0
2016-03-22,06:55:00,1.14,1.14,1.14,1.14,60000,0
2016-03-22,07:00:00,1.14,1.15,1.14,1.14,700666,0
2016-03-22,07:05:00,1.14,1.14,1.14,1.14,245000,0
2016-03-22,07:10:00,1.14,1.15,1.14,1.15,30000,0
2016-03-22,07:15:00,1.15,1.15,1.14,1.14,70000,0
2016-03-22,07:20:00,1.14,1.15,1.14,1.14,220000,0
2016-03-22,07:25:00,1.14,1.14,1.14,1.14,25000,0
2016-03-22,07:30:00,1.14,1.14,1.14,1.14,20000,0
2016-03-22,07:35:00,1.14,1.15,1.14,1.14,565000,0
2016-03-22,07:40:00,1.14,1.14,1.14,1.14,440000,0
2016-03-22,07:45:00,1.14,1.14,1.13,1.14,401667,0
2016-03-22,07:50:00,1.14,1.14,1.13,1.13,785000,0
2016-03-22,07:55:00,1.13,1.14,1.13,1.13,185000,0
2016-03-22,08:00:00,1.13,1.14,1.13,1.13,80000,0
2016-03-22,08:05:00,1.13,1.14,1.13,1.13,330666,0
2016-03-22,08:10:00,1.13,1.13,1.13,1.13,260000,0
2016-03-22,08:15:00,1.13,1.13,1.12,1.12,1770666,0
2016-03-22,08:20:00,1.12,1.13,1.12,1.12,145000,0
2016-03-22,08:25:00,1.12,1.12,1.12,1.12,60000,0
2016-03-22,08:30:00,1.12,1.13,1.12,1.13,260000,0
2016-03-22,08:35:00,1.13,1.13,1.12,1.12,215000,0
2016-03-22,08:40:00,1.12,1.13,1.12,1.13,870000,0
2016-03-22,08:45:00,1.13,1.13,1.13,1.13,165000,0
2016-03-22,08:50:00,1.13,1.13,1.13,1.13,665000,0
2016-03-22,08:55:00,1.13,1.14,1.12,1.12,225646,0
2016-03-22,09:00:00,1.12,1.12,1.12,1.12,2795000,0
2016-03-23,02:35:00,1.11,1.12,1.11,1.11,2484875,0
2016-03-23,02:40:00,1.11,1.12,1.11,1.12,560000,0
2016-03-23,02:45:00,1.12,1.12,1.12,1.12,175000,0
2016-03-23,02:50:00,1.12,1.13,1.12,1.13,1530000,0
2016-03-23,02:55:00,1.13,1.14,1.12,1.12,1009357,0
2016-03-23,03:00:00,1.12,1.13,1.12,1.13,533666,0
2016-03-23,03:05:00,1.13,1.13,1.13,1.13,20000,0
2016-03-23,03:10:00,1.13,1.13,1.12,1.12,815000,0
2016-03-23,03:15:00,1.12,1.12,1.11,1.12,575000,0
2016-03-23,03:20:00,1.12,1.12,1.11,1.12,82667,0
2016-03-23,03:25:00,1.12,1.12,1.11,1.11,1065000,0
2016-03-23,03:30:00,1.11,1.11,1.1,1.11,945000,0
2016-03-23,03:35:00,1.11,1.11,1.1,1.11,490000,0
2016-03-23,03:40:00,1.11,1.11,1.1,1.1,120000,0
2016-03-23,03:45:00,1.1,1.1,1.09,1.1,1230000,0
2016-03-23,03:50:00,1.09,1.1,1.09,1.1,720000,0
2016-03-23,03:55:00,1.09,1.1,1.09,1.1,50000,0
2016-03-23,04:00:00,1.1,1.1,1.1,1.1,1090000,0
2016-03-23,04:05:00,1.1,1.11,1.1,1.11,435000,0
2016-03-23,04:10:00,1.11,1.11,1.1,1.1,220000,0
2016-03-23,04:15:00,1.1,1.1,1.1,1.1,510000,0
2016-03-23,04:20:00,1.1,1.11,1.1,1.11,195000,0
2016-03-23,04:25:00,1.11,1.11,1.1,1.11,160000,0
2016-03-23,04:30:00,1.11,1.11,1.1,1.11,290000,0
2016-03-23,04:35:00,1.11,1.11,1.1,1.11,60000,0
2016-03-23,04:40:00,1.11,1.11,1.1,1.1,626999,0
2016-03-23,04:45:00,1.1,1.1,1.1,1.1,60000,0
2016-03-23,04:50:00,1.09,1.1,1.09,1.1,90000,0
2016-03-23,04:55:00,1.1,1.1,1.1,1.1,685000,0
2016-03-23,05:00:00,1.1,1.1,1.1,1.1,80000,0
2016-03-23,06:05:00,1.1,1.1,1.1,1.1,40000,0
2016-03-23,06:10:00,1.09,1.1,1.09,1.1,20000,0
2016-03-23,06:35:00,1.09,1.1,1.09,1.1,1175000,0
2016-03-23,06:40:00,1.1,1.1,1.1,1.1,80000,0
2016-03-23,07:00:00,1.09,1.1,1.09,1.1,35000,0
2016-03-23,07:20:00,1.09,1.1,1.09,1.1,60000,0
2016-03-23,07:30:00,1.09,1.1,1.09,1.1,40000,0
2016-03-23,07:50:00,1.09,1.1,1.09,1.1,70000,0
2016-03-23,07:55:00,1.1,1.1,1.09,1.1,982115,0
2016-03-23,08:00:00,1.1,1.1,1.1,1.1,11467,0
2016-03-23,08:05:00,1.1,1.1,1.1,1.1,105666,0
2016-03-23,08:10:00,1.1,1.11,1.1,1.11,135000,0
2016-03-23,08:15:00,1.11,1.11,1.11,1.11,2600000,0
2016-03-23,08:20:00,1.11,1.11,1.11,1.11,120000,0
2016-03-23,08:25:00,1.11,1.12,1.1,1.12,1995000,0
2016-03-23,08:30:00,1.12,1.13,1.12,1.12,1200666,0
2016-03-23,08:35:00,1.12,1.12,1.12,1.12,38000,0
2016-03-23,08:40:00,1.12,1.12,1.12,1.12,75000,0
2016-03-23,08:45:00,1.12,1.12,1.12,1.12,35666,0
2016-03-23,08:50:00,1.12,1.12,1.11,1.11,300000,0
2016-03-23,08:55:00,1.11,1.12,1.11,1.12,2145000,0
2016-03-23,09:00:00,1.12,1.13,1.12,1.12,535000,0
2016-03-24,02:35:00,1.11,1.11,1.1,1.1,760000,0
2016-03-24,02:40:00,1.1,1.11,1.09,1.1,1620000,0
2016-03-24,02:45:00,1.1,1.11,1.1,1.1,85000,0
2016-03-24,02:55:00,1.1,1.11,1.1,1.11,720000,0
2016-03-24,03:00:00,1.11,1.11,1.11,1.11,50000,0
2016-03-24,03:05:00,1.11,1.13,1.11,1.12,3200000,0
2016-03-24,03:10:00,1.12,1.13,1.12,1.13,980000,0
2016-03-24,03:15:00,1.13,1.13,1.11,1.11,1000000,0
2016-03-24,03:20:00,1.11,1.13,1.11,1.12,605001,0
2016-03-24,03:25:00,1.12,1.12,1.12,1.12,320000,0
2016-03-24,03:30:00,1.12,1.13,1.11,1.12,8120000,0
2016-03-24,03:35:00,1.12,1.13,1.12,1.12,960000,0
2016-03-24,03:40:00,1.12,1.12,1.12,1.12,980000,0
2016-03-24,03:45:00,1.12,1.12,1.11,1.11,2435000,0
2016-03-24,03:50:00,1.11,1.11,1.11,1.11,235000,0
2016-03-24,03:55:00,1.11,1.11,1.11,1.11,25000,0
2016-03-24,04:00:00,1.11,1.11,1.11,1.11,50000,0
2016-03-24,04:05:00,1.11,1.11,1.09,1.09,2410000,0
2016-03-24,04:10:00,1.09,1.1,1.09,1.1,40667,0
2016-03-24,04:15:00,1.1,1.1,1.09,1.09,110000,0
2016-03-24,04:20:00,1.09,1.09,1.09,1.09,64,0
2016-03-24,04:25:00,1.09,1.09,1.09,1.09,50000,0
2016-03-24,04:30:00,1.09,1.1,1.09,1.1,141333,0
2016-03-24,04:35:00,1.1,1.1,1.1,1.1,135000,0
2016-03-24,04:40:00,1.1,1.1,1.1,1.1,50000,0
2016-03-24,04:45:00,1.1,1.1,1.1,1.1,5000,0
2016-03-24,04:50:00,1.1,1.1,1.09,1.09,925000,0
2016-03-24,04:55:00,1.09,1.09,1.09,1.09,5000,0
2016-03-24,06:05:00,1.09,1.1,1.09,1.09,635000,0
2016-03-24,06:10:00,1.09,1.09,1.09,1.09,10666,0
2016-03-24,06:15:00,1.09,1.1,1.09,1.09,50000,0
2016-03-24,06:20:00,1.09,1.1,1.09,1.09,135000,0
2016-03-24,06:25:00,1.09,1.09,1.09,1.09,6834,0
2016-03-24,06:30:00,1.09,1.1,1.09,1.1,90000,0
2016-03-24,06:35:00,1.1,1.1,1.1,1.1,50000,0
2016-03-24,06:40:00,1.1,1.1,1.1,1.1,65000,0
2016-03-24,06:45:00,1.1,1.1,1.1,1.1,35000,0
2016-03-24,06:50:00,1.1,1.1,1.1,1.1,20000,0
2016-03-24,06:55:00,1.1,1.1,1.1,1.1,50000,0
2016-03-24,07:00:00,1.1,1.1,1.09,1.09,120000,0
2016-03-24,07:05:00,1.09,1.1,1.09,1.09,140000,0
2016-03-24,07:10:00,1.09,1.09,1.09,1.09,50000,0
2016-03-24,07:15:00,1.09,1.09,1.09,1.09,140000,0
2016-03-24,07:20:00,1.09,1.09,1.09,1.09,120000,0
2016-03-24,07:25:00,1.09,1.1,1.09,1.1,355000,0
2016-03-24,07:30:00,1.1,1.1,1.09,1.09,380000,0
2016-03-24,07:35:00,1.09,1.1,1.09,1.09,100000,0
2016-03-24,07:40:00,1.09,1.09,1.09,1.09,120000,0
2016-03-24,07:45:00,1.09,1.1,1.09,1.09,210000,0
2016-03-24,07:50:00,1.09,1.09,1.09,1.09,95000,0
2016-03-24,07:55:00,1.09,1.09,1.09,1.09,110666,0
2016-03-24,08:00:00,1.09,1.09,1.08,1.08,1950000,0
2016-03-24,08:05:00,1.08,1.09,1.08,1.08,200000,0
2016-03-24,08:10:00,1.08,1.08,1.06,1.07,2870000,0
2016-03-24,08:15:00,1.07,1.07,1.06,1.07,635000,0
2016-03-24,08:20:00,1.07,1.07,1.07,1.07,100000,0
2016-03-24,08:25:00,1.07,1.07,1.06,1.07,630000,0
2016-03-24,08:30:00,1.07,1.07,1.06,1.07,345000,0
2016-03-24,08:35:00,1.07,1.07,1.06,1.07,590000,0
2016-03-24,08:40:00,1.07,1.07,1.04,1.06,5295000,0
2016-03-24,08:45:00,1.06,1.06,1.05,1.06,267000,0
2016-03-24,08:50:00,1.06,1.07,1.05,1.06,3255000,0
2016-03-24,08:55:00,1.06,1.06,1.05,1.05,995000,0
2016-03-24,09:00:00,1.05,1.06,1.05,1.06,1335666,0
2016-03-29,03:35:00,1.06,1.06,1.05,1.05,645000,0
2016-03-29,03:40:00,1.05,1.05,1.04,1.04,630333,0
2016-03-29,03:45:00,1.04,1.04,1.03,1.03,440000,0
2016-03-29,03:50:00,1.02,1.04,1.02,1.04,725000,0
2016-03-29,03:55:00,1.04,1.04,1.03,1.04,130000,0
2016-03-29,04:00:00,1.04,1.04,1.03,1.03,470000,0
2016-03-29,04:05:00,1.03,1.04,1.03,1.03,500000,0
2016-03-29,04:10:00,1.03,1.04,1.03,1.04,250000,0
2016-03-29,04:15:00,1.04,1.05,1.04,1.05,835000,0
2016-03-29,04:20:00,1.05,1.05,1.04,1.04,283333,0
2016-03-29,04:25:00,1.04,1.04,1.04,1.04,510000,0
2016-03-29,04:35:00,1.04,1.05,1.04,1.04,310000,0
2016-03-29,04:40:00,1.04,1.04,1.04,1.04,2667,0
2016-03-29,04:45:00,1.04,1.04,1.04,1.04,115000,0
2016-03-29,05:00:00,1.04,1.04,1.04,1.04,10000,0
2016-03-29,05:20:00,1.04,1.04,1.04,1.04,10000,0
2016-03-29,05:25:00,1.04,1.04,1.04,1.04,30000,0
2016-03-29,05:30:00,1.04,1.04,1.03,1.03,50000,0
2016-03-29,05:35:00,1.03,1.03,1.03,1.03,210000,0
2016-03-29,05:40:00,1.03,1.04,1.03,1.04,115000,0
2016-03-29,05:45:00,1.04,1.04,1.04,1.04,2666,0
2016-03-29,05:50:00,1.04,1.04,1.03,1.03,90000,0
2016-03-29,05:55:00,1.03,1.03,1.03,1.03,70000,0
2016-03-29,06:00:00,1.03,1.03,1.03,1.03,25000,0
2016-03-29,07:05:00,1.03,1.03,1.03,1.03,20000,0
2016-03-29,07:10:00,1.03,1.04,1.03,1.04,20000,0
2016-03-29,07:15:00,1.04,1.04,1.03,1.04,60000,0
2016-03-29,07:20:00,1.04,1.04,1.03,1.04,25000,0
2016-03-29,07:25:00,1.04,1.04,1.03,1.03,455000,0
2016-03-29,07:35:00,1.03,1.03,1.03,1.03,15000,0
2016-03-29,07:40:00,1.03,1.04,1.03,1.04,290000,0
2016-03-29,07:55:00,1.04,1.04,1.03,1.03,221421,0
2016-03-29,08:00:00,1.03,1.04,1.03,1.04,55000,0
2016-03-29,08:15:00,1.04,1.04,1.03,1.03,210000,0
2016-03-29,08:20:00,1.03,1.03,1.03,1.03,120000,0
2016-03-29,08:25:00,1.03,1.03,1.03,1.03,100000,0
2016-03-29,08:35:00,1.03,1.04,1.03,1.04,100000,0
2016-03-29,08:55:00,1.04,1.04,1.04,1.04,14667,0
2016-03-29,09:00:00,1.04,1.04,1.04,1.04,15000,0
2016-03-29,09:05:00,1.04,1.04,1.03,1.03,82000,0
2016-03-29,09:10:00,1.03,1.04,1.03,1.03,305000,0
2016-03-29,09:15:00,1.03,1.03,1.03,1.03,5000,0
2016-03-29,09:20:00,1.03,1.04,1.03,1.03,45000,0
2016-03-29,09:25:00,1.03,1.03,1.03,1.03,152800,0
2016-03-29,09:30:00,1.03,1.03,1.03,1.03,65000,0
2016-03-29,09:35:00,1.03,1.03,1.03,1.03,225000,0
2016-03-29,09:40:00,1.03,1.04,1.03,1.03,270000,0
2016-03-29,09:45:00,1.03,1.03,1.03,1.03,35000,0
2016-03-29,09:50:00,1.03,1.03,1.03,1.03,343333,0
2016-03-29,09:55:00,1.03,1.03,1.03,1.03,600000,0
2016-03-29,10:00:00,1.03,1.04,1.03,1.03,575000,0
2016-03-30,03:35:00,1.05,1.06,1.04,1.06,1150000,0
2016-03-30,03:40:00,1.06,1.07,1.06,1.07,1045000,0
2016-03-30,03:45:00,1.07,1.07,1.05,1.05,1350000,0
2016-03-30,03:50:00,1.05,1.06,1.05,1.06,265000,0
2016-03-30,03:55:00,1.06,1.06,1.05,1.05,150667,0
2016-03-30,04:00:00,1.05,1.05,1.05,1.05,355666,0
2016-03-30,04:05:00,1.05,1.05,1.05,1.05,175000,0
2016-03-30,04:10:00,1.05,1.06,1.05,1.05,95000,0
2016-03-30,04:15:00,1.05,1.07,1.05,1.07,1500000,0
2016-03-30,04:20:00,1.07,1.07,1.06,1.07,595000,0
2016-03-30,04:25:00,1.07,1.07,1.07,1.07,145000,0
2016-03-30,04:30:00,1.07,1.07,1.06,1.06,238333,0
2016-03-30,04:35:00,1.06,1.07,1.06,1.06,85000,0
2016-03-30,04:40:00,1.06,1.07,1.06,1.06,230000,0
2016-03-30,04:45:00,1.06,1.06,1.06,1.06,333333,0
2016-03-30,04:50:00,1.06,1.06,1.06,1.06,25000,0
2016-03-30,04:55:00,1.06,1.06,1.06,1.06,950000,0
2016-03-30,05:00:00,1.06,1.06,1.06,1.06,20000,0
2016-03-30,05:05:00,1.06,1.06,1.05,1.05,610000,0
2016-03-30,05:10:00,1.05,1.05,1.05,1.05,165000,0
2016-03-30,05:15:00,1.05,1.05,1.04,1.05,105000,0
2016-03-30,05:20:00,1.05,1.05,1.05,1.05,165000,0
2016-03-30,05:25:00,1.05,1.06,1.05,1.06,45000,0
2016-03-30,05:30:00,1.06,1.06,1.05,1.06,460000,0
2016-03-30,05:35:00,1.06,1.06,1.05,1.05,140333,0
2016-03-30,05:40:00,1.05,1.06,1.05,1.06,830000,0
2016-03-30,05:45:00,1.06,1.06,1.06,1.06,190000,0
2016-03-30,05:50:00,1.06,1.06,1.06,1.06,245000,0
2016-03-30,05:55:00,1.06,1.07,1.06,1.07,95000,0
2016-03-30,06:00:00,1.07,1.07,1.06,1.06,320000,0
2016-03-30,07:05:00,1.06,1.07,1.06,1.06,200000,0
2016-03-30,07:10:00,1.06,1.06,1.06,1.06,55000,0
2016-03-30,07:15:00,1.06,1.06,1.06,1.06,110000,0
2016-03-30,07:20:00,1.06,1.06,1.06,1.06,170000,0
2016-03-30,07:25:00,1.06,1.07,1.06,1.06,260000,0
2016-03-30,07:30:00,1.06,1.06,1.06,1.06,5061,0
2016-03-30,07:35:00,1.06,1.07,1.06,1.06,170000,0
2016-03-30,07:40:00,1.06,1.07,1.06,1.06,145000,0
2016-03-30,07:45:00,1.06,1.07,1.06,1.06,175000,0
2016-03-30,07:50:00,1.06,1.07,1.06,1.06,200000,0
2016-03-30,07:55:00,1.06,1.07,1.06,1.06,160000,0
2016-03-30,08:00:00,1.06,1.07,1.06,1.06,335000,0
2016-03-30,08:05:00,1.06,1.06,1.05,1.05,170000,0
2016-03-30,08:10:00,1.06,1.06,1.06,1.06,65000,0
2016-03-30,08:15:00,1.06,1.07,1.06,1.06,235000,0
2016-03-30,08:20:00,1.06,1.07,1.06,1.07,1195000,0
2016-03-30,08:25:00,1.07,1.11,1.07,1.1,7815666,0
2016-03-30,08:30:00,1.1,1.1,1.1,1.1,1785666,0
2016-03-30,08:35:00,1.1,1.12,1.1,1.12,1785000,0
2016-03-30,08:40:00,1.12,1.12,1.11,1.11,1793333,0
2016-03-30,08:45:00,1.11,1.12,1.11,1.11,313332,0
2016-03-30,08:50:00,1.11,1.14,1.11,1.14,4611333,0
2016-03-30,08:55:00,1.14,1.14,1.12,1.13,3716093,0
2016-03-30,09:00:00,1.13,1.13,1.13,1.13,963332,0
2016-03-30,09:05:00,1.13,1.14,1.13,1.14,415000,0
2016-03-30,09:10:00,1.14,1.14,1.13,1.14,380000,0
2016-03-30,09:15:00,1.14,1.14,1.13,1.14,565000,0
2016-03-30,09:20:00,1.14,1.14,1.13,1.14,780000,0
2016-03-30,09:25:00,1.14,1.14,1.13,1.13,518333,0
2016-03-30,09:30:00,1.13,1.14,1.13,1.14,4136666,0
2016-03-30,09:35:00,1.14,1.15,1.14,1.15,2535000,0
2016-03-30,09:40:00,1.15,1.16,1.14,1.16,4646999,0
2016-03-30,09:45:00,1.16,1.18,1.15,1.18,7160198,0
2016-03-30,09:50:00,1.18,1.19,1.17,1.18,7483333,0
2016-03-30,09:55:00,1.18,1.19,1.16,1.17,4146333,0
2016-03-30,10:00:00,1.17,1.18,1.16,1.18,6733333,0
2016-03-31,03:35:00,1.17,1.17,1.15,1.16,1795000,0
2016-03-31,03:40:00,1.16,1.19,1.16,1.17,3600000,0
2016-03-31,03:45:00,1.17,1.17,1.15,1.15,465000,0
2016-03-31,03:50:00,1.15,1.17,1.15,1.17,3070000,0
2016-03-31,03:55:00,1.17,1.17,1.16,1.17,1035667,0
2016-03-31,04:00:00,1.17,1.17,1.16,1.16,185000,0
2016-03-31,04:05:00,1.16,1.16,1.15,1.15,955000,0
2016-03-31,04:10:00,1.15,1.16,1.14,1.15,2100000,0
2016-03-31,04:15:00,1.15,1.15,1.14,1.14,238333,0
2016-03-31,04:20:00,1.14,1.14,1.14,1.14,215000,0
2016-03-31,04:25:00,1.14,1.15,1.14,1.15,886333,0
2016-03-31,04:30:00,1.15,1.15,1.14,1.15,500000,0
2016-03-31,04:35:00,1.15,1.15,1.14,1.14,380000,0
2016-03-31,04:40:00,1.14,1.14,1.14,1.14,100000,0
2016-03-31,04:45:00,1.14,1.14,1.13,1.14,1565666,0
2016-03-31,04:50:00,1.14,1.15,1.14,1.14,230000,0
2016-03-31,04:55:00,1.14,1.14,1.14,1.14,70000,0
2016-03-31,05:00:00,1.14,1.14,1.14,1.14,165667,0
2016-03-31,05:05:00,1.14,1.14,1.14,1.14,80000,0
2016-03-31,05:10:00,1.14,1.14,1.14,1.14,101699,0
2016-03-31,05:15:00,1.14,1.15,1.14,1.15,150000,0
2016-03-31,05:20:00,1.15,1.15,1.15,1.15,45000,0
2016-03-31,05:25:00,1.15,1.15,1.14,1.14,60000,0
2016-03-31,05:30:00,1.14,1.15,1.14,1.15,20000,0
2016-03-31,05:35:00,1.15,1.15,1.14,1.14,90000,0
2016-03-31,05:40:00,1.14,1.14,1.14,1.14,140000,0
2016-03-31,05:45:00,1.14,1.14,1.14,1.14,56334,0
2016-03-31,05:50:00,1.14,1.15,1.14,1.15,625000,0
2016-03-31,05:55:00,1.15,1.15,1.14,1.14,50000,0
2016-03-31,07:05:00,1.14,1.15,1.14,1.14,151999,0
2016-03-31,07:10:00,1.14,1.14,1.14,1.14,35000,0
2016-03-31,07:15:00,1.14,1.14,1.14,1.14,85000,0
2016-03-31,07:20:00,1.14,1.14,1.14,1.14,40000,0
2016-03-31,07:25:00,1.14,1.16,1.14,1.16,2210000,0
2016-03-31,07:30:00,1.16,1.17,1.15,1.16,3905666,0
2016-03-31,07:35:00,1.16,1.16,1.15,1.15,423998,0
2016-03-31,07:45:00,1.15,1.15,1.15,1.15,30000,0
2016-03-31,07:50:00,1.15,1.15,1.15,1.15,70000,0
2016-03-31,07:55:00,1.15,1.15,1.15,1.15,130000,0
2016-03-31,08:00:00,1.15,1.15,1.15,1.15,210000,0
2016-03-31,08:05:00,1.15,1.15,1.15,1.15,55000,0
2016-03-31,08:10:00,1.15,1.16,1.15,1.15,340667,0
2016-03-31,08:15:00,1.15,1.15,1.15,1.15,940000,0
2016-03-31,08:20:00,1.15,1.15,1.14,1.14,50000,0
2016-03-31,08:25:00,1.14,1.14,1.14,1.14,45000,0
2016-03-31,08:30:00,1.14,1.15,1.14,1.14,45000,0
2016-03-31,08:35:00,1.14,1.14,1.14,1.14,165000,0
2016-03-31,08:45:00,1.14,1.14,1.14,1.14,55000,0
2016-03-31,08:50:00,1.14,1.15,1.14,1.14,235000,0
2016-03-31,08:55:00,1.14,1.14,1.14,1.14,80000,0
2016-03-31,09:00:00,1.14,1.14,1.14,1.14,245000,0
2016-03-31,09:05:00,1.14,1.15,1.14,1.14,237000,0
2016-03-31,09:10:00,1.14,1.14,1.14,1.14,125000,0
2016-03-31,09:15:00,1.14,1.14,1.14,1.14,120000,0
2016-03-31,09:20:00,1.14,1.15,1.14,1.14,350000,0
2016-03-31,09:25:00,1.14,1.14,1.14,1.14,125000,0
2016-03-31,09:30:00,1.14,1.14,1.14,1.14,1115000,0
2016-03-31,09:35:00,1.14,1.14,1.14,1.14,90000,0
2016-03-31,09:40:00,1.13,1.14,1.13,1.14,25000,0
2016-03-31,09:55:00,1.13,1.14,1.13,1.14,535666,0
2016-03-31,10:00:00,1.14,1.14,1.13,1.14,115000,0
2016-04-01,03:35:00,1.13,1.13,1.12,1.12,140000,0
2016-04-01,03:40:00,1.12,1.13,1.12,1.12,720000,0
2016-04-01,03:45:00,1.12,1.14,1.12,1.14,1175000,0
2016-04-01,03:50:00,1.14,1.14,1.13,1.13,545000,0
2016-04-01,03:55:00,1.13,1.13,1.12,1.13,170000,0
2016-04-01,04:00:00,1.13,1.13,1.11,1.11,475000,0
2016-04-01,04:05:00,1.11,1.12,1.11,1.12,115000,0
2016-04-01,04:10:00,1.12,1.12,1.12,1.12,25000,0
2016-04-01,04:15:00,1.12,1.12,1.12,1.12,105000,0
2016-04-01,04:20:00,1.12,1.12,1.12,1.12,500000,0
2016-04-01,04:25:00,1.12,1.12,1.12,1.12,455000,0
2016-04-01,04:30:00,1.12,1.13,1.12,1.12,102845,0
2016-04-01,04:35:00,1.12,1.12,1.11,1.11,500000,0
2016-04-01,04:40:00,1.11,1.13,1.11,1.12,525000,0
2016-04-01,04:45:00,1.12,1.13,1.12,1.12,175000,0
2016-04-01,04:50:00,1.12,1.12,1.12,1.12,20000,0
2016-04-01,04:55:00,1.12,1.13,1.12,1.13,475000,0
2016-04-01,05:00:00,1.13,1.13,1.11,1.11,510000,0
2016-04-01,05:10:00,1.11,1.12,1.11,1.12,10000,0
2016-04-01,05:15:00,1.12,1.12,1.11,1.11,75000,0
2016-04-01,05:20:00,1.11,1.11,1.11,1.11,150000,0
2016-04-01,05:25:00,1.11,1.12,1.1,1.1,2600000,0
2016-04-01,05:30:00,1.1,1.1,1.09,1.1,1120000,0
2016-04-01,05:35:00,1.1,1.11,1.09,1.11,705000,0
2016-04-01,05:40:00,1.11,1.11,1.1,1.1,294000,0
2016-04-01,05:45:00,1.1,1.1,1.09,1.09,130000,0
2016-04-01,05:50:00,1.09,1.11,1.09,1.1,797999,0
2016-04-01,05:55:00,1.1,1.11,1.1,1.1,864000,0
2016-04-01,06:00:00,1.1,1.1,1.1,1.1,150000,0
2016-04-01,07:05:00,1.1,1.1,1.09,1.1,336667,0
2016-04-01,07:10:00,1.1,1.1,1.1,1.1,35388,0
2016-04-01,07:15:00,1.1,1.1,1.1,1.1,10000,0
2016-04-01,07:20:00,1.1,1.1,1.1,1.1,165000,0
2016-04-01,07:30:00,1.1,1.11,1.1,1.11,1040000,0
2016-04-01,07:35:00,1.11,1.11,1.1,1.1,15000,0
2016-04-01,07:40:00,1.1,1.11,1.1,1.11,130000,0
2016-04-01,07:45:00,1.11,1.11,1.1,1.1,420000,0
2016-04-01,07:50:00,1.1,1.1,1.1,1.1,75000,0
2016-04-01,07:55:00,1.1,1.1,1.09,1.1,35000,0
2016-04-01,08:00:00,1.1,1.11,1.1,1.11,235000,0
2016-04-01,08:05:00,1.11,1.11,1.1,1.1,270000,0
2016-04-01,08:10:00,1.1,1.11,1.1,1.1,360000,0
2016-04-01,08:20:00,1.1,1.11,1.1,1.1,325000,0
2016-04-01,08:25:00,1.1,1.1,1.09,1.09,55000,0
2016-04-01,08:30:00,1.09,1.1,1.09,1.1,55000,0
2016-04-01,08:35:00,1.1,1.1,1.09,1.1,357052,0
2016-04-01,08:40:00,1.1,1.11,1.1,1.11,1295000,0
2016-04-01,08:45:00,1.11,1.11,1.1,1.11,90000,0
2016-04-01,08:50:00,1.11,1.11,1.11,1.11,70000,0
2016-04-01,08:55:00,1.11,1.11,1.1,1.11,85000,0
2016-04-01,09:00:00,1.11,1.11,1.1,1.11,20000,0
2016-04-01,09:05:00,1.11,1.11,1.1,1.1,85000,0
2016-04-01,09:10:00,1.1,1.11,1.1,1.11,1540000,0
2016-04-01,09:15:00,1.11,1.11,1.1,1.1,255000,0
2016-04-01,09:20:00,1.1,1.1,1.1,1.1,25000,0
2016-04-01,09:25:00,1.1,1.1,1.1,1.1,635000,0
2016-04-01,09:30:00,1.1,1.1,1.09,1.09,270000,0
2016-04-01,09:35:00,1.09,1.1,1.09,1.09,3080000,0
2016-04-01,09:40:00,1.08,1.09,1.08,1.09,20000,0
2016-04-01,09:45:00,1.09,1.09,1.09,1.09,160000,0
2016-04-01,09:50:00,1.08,1.09,1.08,1.09,155000,0
2016-04-01,09:55:00,1.09,1.09,1.08,1.09,50000,0
2016-04-01,10:00:00,1.09,1.09,1.08,1.09,1335000,0
2016-04-05,03:35:00,1.08,1.08,1.07,1.07,550000,0
2016-04-05,03:40:00,1.07,1.07,1.07,1.07,351333,0
2016-04-05,03:45:00,1.07,1.07,1.07,1.07,200000,0
2016-04-05,03:50:00,1.07,1.08,1.07,1.07,210000,0
2016-04-05,03:55:00,1.07,1.07,1.07,1.07,360000,0
2016-04-05,04:00:00,1.07,1.07,1.06,1.07,455000,0
2016-04-05,04:05:00,1.07,1.07,1.07,1.07,60000,0
2016-04-05,04:10:00,1.07,1.07,1.07,1.07,10000,0
2016-04-05,04:15:00,1.07,1.08,1.07,1.08,1245000,0
2016-04-05,04:20:00,1.08,1.09,1.08,1.09,1122666,0
2016-04-05,04:25:00,1.09,1.09,1.09,1.09,500000,0
2016-04-05,04:30:00,1.09,1.09,1.07,1.07,1005000,0
2016-04-05,04:40:00,1.07,1.08,1.07,1.08,140000,0
2016-04-05,04:45:00,1.08,1.08,1.07,1.07,15000,0
2016-04-05,04:50:00,1.07,1.07,1.07,1.07,5000,0
2016-04-05,04:55:00,1.07,1.08,1.07,1.07,170000,0
2016-04-05,05:00:00,1.07,1.07,1.06,1.07,545000,0
2016-04-05,05:05:00,1.07,1.07,1.07,1.07,820000,0
2016-04-05,05:10:00,1.07,1.08,1.07,1.08,1265000,0
2016-04-05,05:15:00,1.08,1.09,1.08,1.09,395000,0
2016-04-05,05:20:00,1.09,1.09,1.09,1.09,615000,0
2016-04-05,05:25:00,1.09,1.09,1.09,1.09,130000,0
2016-04-05,05:30:00,1.09,1.09,1.08,1.08,277333,0
2016-04-05,05:45:00,1.08,1.08,1.08,1.08,475000,0
2016-04-05,05:50:00,1.08,1.08,1.08,1.08,40000,0
2016-04-05,06:00:00,1.08,1.08,1.08,1.08,10000,0
2016-04-05,07:05:00,1.08,1.08,1.08,1.08,20000,0
2016-04-05,07:10:00,1.08,1.08,1.08,1.08,97000,0
2016-04-05,07:15:00,1.08,1.08,1.08,1.08,150000,0
2016-04-05,07:20:00,1.08,1.08,1.08,1.08,280,0
2016-04-05,07:25:00,1.08,1.08,1.08,1.08,70000,0
2016-04-05,07:40:00,1.08,1.08,1.08,1.08,200000,0
2016-04-05,07:45:00,1.08,1.08,1.08,1.08,55000,0
2016-04-05,08:00:00,1.08,1.09,1.08,1.09,10000,0
2016-04-05,08:05:00,1.09,1.09,1.09,1.09,30000,0
2016-04-05,08:15:00,1.09,1.09,1.09,1.09,35000,0
2016-04-05,08:20:00,1.09,1.09,1.08,1.08,210000,0
2016-04-05,08:25:00,1.08,1.09,1.08,1.09,75000,0
2016-04-05,08:30:00,1.09,1.09,1.09,1.09,230000,0
2016-04-05,08:35:00,1.09,1.09,1.09,1.09,90000,0
2016-04-05,08:40:00,1.09,1.09,1.09,1.09,40000,0
2016-04-05,08:45:00,1.09,1.09,1.08,1.08,1130000,0
2016-04-05,08:50:00,1.08,1.08,1.08,1.08,46332,0
2016-04-05,08:55:00,1.08,1.08,1.08,1.08,23333,0
2016-04-05,09:00:00,1.08,1.08,1.07,1.08,210000,0
2016-04-05,09:05:00,1.08,1.08,1.08,1.08,30000,0
2016-04-05,09:15:00,1.08,1.08,1.08,1.08,110000,0
2016-04-05,09:20:00,1.08,1.08,1.08,1.08,225000,0
2016-04-05,09:25:00,1.08,1.08,1.07,1.07,55000,0
2016-04-05,09:30:00,1.07,1.07,1.07,1.07,5000,0
2016-04-05,09:35:00,1.07,1.08,1.07,1.08,75000,0
2016-04-05,09:40:00,1.08,1.08,1.07,1.07,35000,0
2016-04-05,09:50:00,1.07,1.08,1.07,1.07,50000,0
2016-04-05,09:55:00,1.07,1.08,1.07,1.07,695000,0
2016-04-05,10:00:00,1.07,1.08,1.07,1.08,245000,0
2016-04-06,03:35:00,1.07,1.07,1.07,1.07,27000,0
2016-04-06,03:40:00,1.07,1.09,1.07,1.08,740000,0
2016-04-06,03:45:00,1.08,1.09,1.08,1.08,267000,0
2016-04-06,03:50:00,1.08,1.09,1.08,1.09,1810000,0
2016-04-06,03:55:00,1.09,1.11,1.09,1.11,2639594,0
2016-04-06,04:00:00,1.11,1.12,1.11,1.11,1470000,0
2016-04-06,04:05:00,1.11,1.15,1.11,1.14,3990000,0
2016-04-06,04:10:00,1.14,1.17,1.14,1.15,4565000,0
2016-04-06,04:15:00,1.15,1.16,1.15,1.16,770000,0
2016-04-06,04:20:00,1.16,1.16,1.14,1.14,2055000,0
2016-04-06,04:25:00,1.14,1.14,1.13,1.13,485000,0
2016-04-06,04:30:00,1.13,1.13,1.12,1.12,935000,0
2016-04-06,04:35:00,1.12,1.12,1.12,1.12,210000,0
2016-04-06,04:40:00,1.12,1.13,1.12,1.13,105000,0
2016-04-06,04:45:00,1.13,1.14,1.13,1.14,670000,0
2016-04-06,04:50:00,1.14,1.14,1.13,1.13,1385000,0
2016-04-06,04:55:00,1.13,1.13,1.13,1.13,45000,0
2016-04-06,05:00:00,1.13,1.13,1.13,1.13,415000,0
2016-04-06,05:05:00,1.13,1.14,1.13,1.13,340000,0
2016-04-06,05:10:00,1.13,1.14,1.13,1.14,2350000,0
2016-04-06,05:15:00,1.14,1.14,1.14,1.14,55000,0
2016-04-06,05:20:00,1.14,1.15,1.14,1.15,2535000,0
2016-04-06,05:25:00,1.15,1.15,1.15,1.15,1105000,0
2016-04-06,05:30:00,1.15,1.16,1.15,1.15,357386,0
2016-04-06,05:35:00,1.15,1.15,1.14,1.15,155000,0
2016-04-06,05:40:00,1.15,1.15,1.14,1.14,205666,0
2016-04-06,05:45:00,1.14,1.14,1.14,1.14,65000,0
2016-04-06,05:50:00,1.14,1.14,1.14,1.14,165000,0
2016-04-06,05:55:00,1.14,1.15,1.14,1.15,320000,0
2016-04-06,06:00:00,1.15,1.15,1.14,1.14,40000,0
2016-04-06,07:05:00,1.14,1.15,1.14,1.14,2430000,0
2016-04-06,07:10:00,1.14,1.14,1.14,1.14,85000,0
2016-04-06,07:15:00,1.14,1.14,1.13,1.13,230000,0
2016-04-06,07:20:00,1.13,1.13,1.13,1.13,5666,0
2016-04-06,07:25:00,1.13,1.14,1.13,1.14,895000,0
2016-04-06,07:30:00,1.14,1.14,1.14,1.14,645000,0
2016-04-06,07:35:00,1.14,1.14,1.14,1.14,50000,0
2016-04-06,07:40:00,1.14,1.14,1.13,1.14,205000,0
2016-04-06,07:45:00,1.14,1.14,1.13,1.13,210000,0
2016-04-06,07:50:00,1.13,1.13,1.13,1.13,135000,0
2016-04-06,07:55:00,1.13,1.13,1.13,1.13,198333,0
2016-04-06,08:00:00,1.13,1.13,1.13,1.13,215000,0
2016-04-06,08:05:00,1.13,1.13,1.13,1.13,1175000,0
2016-04-06,08:10:00,1.13,1.13,1.12,1.12,110000,0
2016-04-06,08:15:00,1.12,1.13,1.12,1.12,385000,0
2016-04-06,08:20:00,1.12,1.13,1.12,1.13,60000,0
2016-04-06,08:25:00,1.13,1.13,1.12,1.12,90001,0
2016-04-06,08:30:00,1.12,1.12,1.12,1.12,5000,0
2016-04-06,08:35:00,1.12,1.12,1.12,1.12,665000,0
2016-04-06,08:40:00,1.12,1.13,1.12,1.13,1205000,0
2016-04-06,08:45:00,1.13,1.13,1.13,1.13,120350,0
2016-04-06,08:55:00,1.13,1.13,1.13,1.13,285000,0
2016-04-06,09:00:00,1.13,1.14,1.13,1.14,20000,0
2016-04-06,09:05:00,1.14,1.14,1.13,1.13,210666,0
2016-04-06,09:10:00,1.13,1.14,1.13,1.14,2120000,0
2016-04-06,09:15:00,1.14,1.15,1.14,1.15,430000,0
2016-04-06,09:20:00,1.15,1.15,1.14,1.14,850000,0
2016-04-06,09:25:00,1.14,1.15,1.14,1.14,349700,0
2016-04-06,09:30:00,1.14,1.14,1.14,1.14,245000,0
2016-04-06,09:35:00,1.14,1.14,1.14,1.14,70000,0
2016-04-06,09:40:00,1.14,1.15,1.14,1.14,805000,0
2016-04-06,09:45:00,1.14,1.15,1.14,1.14,420000,0
2016-04-06,09:50:00,1.14,1.15,1.14,1.15,475000,0
2016-04-06,09:55:00,1.15,1.15,1.14,1.15,485000,0
2016-04-06,10:00:00,1.15,1.15,1.14,1.15,1195000,0
2016-04-07,03:35:00,1.16,1.17,1.16,1.16,2575000,0
2016-04-07,03:40:00,1.16,1.16,1.14,1.15,1820000,0
2016-04-07,03:45:00,1.15,1.16,1.15,1.16,275000,0
2016-04-07,03:50:00,1.16,1.16,1.15,1.15,75000,0
2016-04-07,03:55:00,1.15,1.16,1.15,1.15,370000,0
2016-04-07,04:00:00,1.15,1.15,1.14,1.14,955007,0
2016-04-07,04:05:00,1.14,1.15,1.14,1.14,415000,0
2016-04-07,04:10:00,1.14,1.15,1.14,1.15,53333,0
2016-04-07,04:15:00,1.15,1.15,1.14,1.15,130000,0
2016-04-07,04:20:00,1.15,1.15,1.15,1.15,40000,0
2016-04-07,04:25:00,1.15,1.15,1.14,1.14,55000,0
2016-04-07,04:30:00,1.14,1.14,1.14,1.14,996333,0
2016-04-07,04:35:00,1.14,1.14,1.14,1.14,80000,0
2016-04-07,04:40:00,1.14,1.14,1.13,1.14,90000,0
2016-04-07,04:45:00,1.14,1.14,1.14,1.14,550000,0
2016-04-07,04:50:00,1.13,1.14,1.13,1.14,245000,0
2016-04-07,04:55:00,1.14,1.14,1.13,1.14,255000,0
2016-04-07,05:00:00,1.14,1.14,1.14,1.14,27666,0
2016-04-07,05:05:00,1.14,1.15,1.14,1.15,250000,0
2016-04-07,05:10:00,1.15,1.15,1.14,1.14,14666,0
2016-04-07,05:15:00,1.14,1.14,1.14,1.14,55000,0
2016-04-07,05:20:00,1.14,1.15,1.14,1.15,110000,0
2016-04-07,05:25:00,1.15,1.15,1.15,1.15,5000,0
2016-04-07,05:30:00,1.15,1.15,1.14,1.14,2125000,0
2016-04-07,05:35:00,1.14,1.15,1.14,1.14,130000,0
2016-04-07,05:40:00,1.14,1.14,1.14,1.14,5000,0
2016-04-07,05:45:00,1.14,1.14,1.14,1.14,935666,0
2016-04-07,05:50:00,1.14,1.14,1.14,1.14,57666,0
2016-04-07,05:55:00,1.14,1.14,1.14,1.14,110000,0
2016-04-07,07:05:00,1.13,1.14,1.13,1.14,65000,0
2016-04-07,07:10:00,1.14,1.14,1.14,1.14,330000,0
2016-04-07,07:20:00,1.14,1.15,1.14,1.14,30000,0
2016-04-07,07:30:00,1.14,1.14,1.14,1.14,190000,0
2016-04-07,07:35:00,1.14,1.14,1.14,1.14,20000,0
2016-04-07,07:40:00,1.13,1.14,1.13,1.14,25000,0
2016-04-07,07:50:00,1.13,1.14,1.13,1.14,10000,0
2016-04-07,07:55:00,1.14,1.14,1.14,1.14,70000,0
2016-04-07,08:00:00,1.14,1.14,1.14,1.14,80000,0
2016-04-07,08:05:00,1.14,1.15,1.14,1.14,150000,0
2016-04-07,08:10:00,1.14,1.14,1.14,1.14,260000,0
2016-04-07,08:15:00,1.14,1.14,1.14,1.14,5666,0
2016-04-07,08:20:00,1.14,1.15,1.14,1.15,20000,0
2016-04-07,08:30:00,1.15,1.15,1.15,1.15,666,0
2016-04-07,08:35:00,1.15,1.15,1.14,1.14,20000,0
2016-04-07,08:40:00,1.14,1.14,1.14,1.14,110000,0
2016-04-07,08:45:00,1.14,1.15,1.14,1.14,70000,0
2016-04-07,08:50:00,1.14,1.14,1.14,1.14,240000,0
2016-04-07,08:55:00,1.14,1.14,1.14,1.14,10000,0
2016-04-07,09:00:00,1.14,1.14,1.14,1.14,135000,0
2016-04-07,09:05:00,1.13,1.14,1.13,1.14,65000,0
2016-04-07,09:10:00,1.13,1.14,1.13,1.14,10000,0
2016-04-07,09:20:00,1.13,1.14,1.13,1.14,30000,0
2016-04-07,09:25:00,1.14,1.14,1.14,1.14,45000,0
2016-04-07,09:30:00,1.14,1.14,1.14,1.14,65000,0
2016-04-07,09:35:00,1.14,1.14,1.14,1.14,5000,0
2016-04-07,09:40:00,1.13,1.14,1.13,1.14,15000,0
2016-04-07,09:45:00,1.14,1.14,1.13,1.14,780000,0
2016-04-07,09:50:00,1.14,1.14,1.14,1.14,10000,0
2016-04-07,09:55:00,1.13,1.14,1.13,1.14,475000,0
2016-04-07,10:00:00,1.14,1.14,1.13,1.14,470000,0
2016-04-08,03:35:00,1.13,1.13,1.11,1.12,840000,0
2016-04-08,03:45:00,1.11,1.13,1.11,1.13,1440000,0
2016-04-08,03:50:00,1.13,1.13,1.13,1.13,528998,0
2016-04-08,03:55:00,1.13,1.13,1.13,1.13,1005000,0
2016-04-08,04:00:00,1.13,1.13,1.12,1.13,485000,0
2016-04-08,04:05:00,1.13,1.13,1.13,1.13,162000,0
2016-04-08,04:10:00,1.13,1.13,1.13,1.13,160000,0
2016-04-08,04:15:00,1.13,1.13,1.12,1.13,1260000,0
2016-04-08,04:30:00,1.13,1.13,1.12,1.12,10000,0
2016-04-08,04:40:00,1.12,1.13,1.12,1.13,75000,0
2016-04-08,04:45:00,1.13,1.13,1.12,1.12,50000,0
2016-04-08,04:50:00,1.12,1.12,1.12,1.12,10000,0
2016-04-08,04:55:00,1.12,1.13,1.12,1.12,120000,0
2016-04-08,05:00:00,1.12,1.12,1.12,1.12,30000,0
2016-04-08,05:05:00,1.12,1.12,1.12,1.12,50000,0
2016-04-08,05:10:00,1.12,1.12,1.12,1.12,460000,0
2016-04-08,05:15:00,1.12,1.12,1.12,1.12,70000,0
2016-04-08,05:20:00,1.12,1.12,1.12,1.12,18333,0
2016-04-08,05:25:00,1.12,1.12,1.12,1.12,15666,0
2016-04-08,05:30:00,1.12,1.12,1.12,1.12,100000,0
2016-04-08,05:35:00,1.12,1.12,1.12,1.12,25000,0
2016-04-08,05:40:00,1.12,1.12,1.12,1.12,35000,0
2016-04-08,05:45:00,1.12,1.12,1.12,1.12,10000,0
2016-04-08,05:50:00,1.12,1.13,1.12,1.12,195000,0
2016-04-08,05:55:00,1.12,1.12,1.12,1.12,75000,0
2016-04-08,06:00:00,1.12,1.12,1.12,1.12,60000,0
2016-04-08,07:05:00,1.12,1.12,1.12,1.12,30000,0
2016-04-08,07:10:00,1.12,1.13,1.12,1.13,140000,0
2016-04-08,07:15:00,1.13,1.13,1.12,1.13,571666,0
2016-04-08,07:20:00,1.13,1.15,1.13,1.14,2010000,0
2016-04-08,07:25:00,1.14,1.14,1.14,1.14,30000,0
2016-04-08,07:30:00,1.14,1.16,1.14,1.16,4085000,0
2016-04-08,07:35:00,1.16,1.16,1.15,1.15,765000,0
2016-04-08,07:40:00,1.15,1.15,1.15,1.15,440000,0
2016-04-08,07:45:00,1.15,1.15,1.15,1.15,460000,0
2016-04-08,07:50:00,1.15,1.15,1.14,1.14,300000,0
2016-04-08,07:55:00,1.14,1.15,1.14,1.15,230000,0
2016-04-08,08:00:00,1.15,1.15,1.15,1.15,230000,0
2016-04-08,08:05:00,1.15,1.15,1.15,1.15,40667,0
2016-04-08,08:15:00,1.15,1.15,1.14,1.14,175000,0
2016-04-08,08:20:00,1.14,1.14,1.14,1.14,90000,0
2016-04-08,08:25:00,1.14,1.14,1.14,1.14,450000,0
2016-04-08,08:30:00,1.14,1.14,1.14,1.14,220000,0
2016-04-08,08:35:00,1.14,1.14,1.14,1.14,30000,0
2016-04-08,08:40:00,1.14,1.14,1.14,1.14,160000,0
2016-04-08,08:45:00,1.14,1.14,1.14,1.14,25000,0
2016-04-08,08:50:00,1.14,1.14,1.14,1.14,10000,0
2016-04-08,09:00:00,1.14,1.15,1.14,1.15,45000,0
2016-04-08,09:05:00,1.15,1.15,1.14,1.14,50000,0
2016-04-08,09:10:00,1.14,1.15,1.14,1.14,65000,0
2016-04-08,09:15:00,1.14,1.14,1.14,1.14,50000,0
2016-04-08,09:20:00,1.14,1.14,1.14,1.14,25000,0
2016-04-08,09:25:00,1.14,1.15,1.14,1.14,120000,0
2016-04-08,09:30:00,1.14,1.15,1.14,1.15,1200666,0
2016-04-08,09:35:00,1.15,1.16,1.15,1.15,565000,0
2016-04-08,09:40:00,1.15,1.16,1.15,1.15,240000,0
2016-04-08,09:45:00,1.15,1.16,1.15,1.16,1045000,0
2016-04-08,09:50:00,1.16,1.16,1.15,1.15,1010000,0
2016-04-08,09:55:00,1.15,1.16,1.15,1.15,400000,0
2016-04-08,10:00:00,1.15,1.16,1.15,1.16,1360000,0
2016-04-11,03:35:00,1.15,1.16,1.15,1.16,40000,0
2016-04-11,03:45:00,1.15,1.2,1.15,1.19,13345000,0
2016-04-11,03:50:00,1.19,1.19,1.18,1.18,1080000,0
2016-04-11,03:55:00,1.18,1.19,1.18,1.19,2300000,0
2016-04-11,04:00:00,1.19,1.2,1.19,1.19,438667,0
2016-04-11,04:05:00,1.19,1.2,1.19,1.19,1615000,0
2016-04-11,04:10:00,1.19,1.19,1.18,1.18,185000,0
2016-04-11,04:15:00,1.18,1.19,1.18,1.18,1700000,0
2016-04-11,04:20:00,1.18,1.18,1.17,1.18,325000,0
2016-04-11,04:25:00,1.18,1.18,1.17,1.18,985000,0
2016-04-11,04:30:00,1.18,1.18,1.18,1.18,255000,0
2016-04-11,04:35:00,1.18,1.19,1.18,1.18,495000,0
2016-04-11,04:40:00,1.18,1.19,1.18,1.19,1555000,0
2016-04-11,04:45:00,1.19,1.19,1.19,1.19,5000,0
2016-04-11,04:50:00,1.19,1.19,1.18,1.18,70000,0
2016-04-11,04:55:00,1.18,1.21,1.18,1.21,7358333,0
2016-04-11,05:00:00,1.21,1.21,1.2,1.2,1810000,0
2016-04-11,05:05:00,1.2,1.21,1.2,1.2,305666,0
2016-04-11,05:10:00,1.2,1.21,1.19,1.19,1892000,0
2016-04-11,05:15:00,1.19,1.2,1.19,1.2,137666,0
2016-04-11,05:20:00,1.2,1.2,1.19,1.19,85000,0
2016-04-11,05:25:00,1.19,1.19,1.18,1.18,1370000,0
2016-04-11,05:30:00,1.18,1.18,1.18,1.18,1505000,0
2016-04-11,05:35:00,1.18,1.18,1.18,1.18,250000,0
2016-04-11,05:40:00,1.18,1.19,1.17,1.17,610000,0
2016-04-11,05:45:00,1.17,1.18,1.17,1.18,335000,0
2016-04-11,05:50:00,1.18,1.18,1.18,1.18,60000,0
2016-04-11,05:55:00,1.18,1.18,1.18,1.18,1333,0
2016-04-11,07:05:00,1.18,1.18,1.18,1.18,750000,0
2016-04-11,07:10:00,1.18,1.18,1.17,1.17,215000,0
2016-04-11,07:15:00,1.17,1.18,1.17,1.18,240000,0
2016-04-11,07:20:00,1.18,1.18,1.18,1.18,40000,0
2016-04-11,07:25:00,1.18,1.19,1.18,1.18,150000,0
2016-04-11,07:30:00,1.18,1.19,1.18,1.18,295000,0
2016-04-11,07:35:00,1.18,1.18,1.18,1.18,125000,0
2016-04-11,07:45:00,1.18,1.18,1.17,1.17,131333,0
2016-04-11,07:50:00,1.17,1.18,1.17,1.18,125000,0
2016-04-11,07:55:00,1.18,1.18,1.18,1.18,5000,0
2016-04-11,08:00:00,1.18,1.18,1.18,1.18,15000,0
2016-04-11,08:05:00,1.18,1.18,1.17,1.17,20000,0
2016-04-11,08:10:00,1.17,1.18,1.17,1.17,305000,0
2016-04-11,08:15:00,1.17,1.17,1.17,1.17,10000,0
2016-04-11,08:25:00,1.17,1.18,1.17,1.18,35000,0
2016-04-11,08:30:00,1.18,1.18,1.18,1.18,5000,0
2016-04-11,08:35:00,1.18,1.18,1.18,1.18,66333,0
2016-04-11,08:40:00,1.18,1.18,1.17,1.17,760000,0
2016-04-11,08:45:00,1.17,1.17,1.17,1.17,30000,0
2016-04-11,08:50:00,1.17,1.18,1.17,1.17,960000,0
2016-04-11,08:55:00,1.17,1.17,1.16,1.16,760000,0
2016-04-11,09:00:00,1.16,1.17,1.16,1.17,165000,0
2016-04-11,09:05:00,1.17,1.17,1.17,1.17,25000,0
2016-04-11,09:10:00,1.17,1.17,1.17,1.17,70000,0
2016-04-11,09:15:00,1.17,1.17,1.17,1.17,10000,0
2016-04-11,09:20:00,1.17,1.17,1.17,1.17,5000,0
2016-04-11,09:25:00,1.17,1.17,1.16,1.17,20693,0
2016-04-11,09:30:00,1.17,1.17,1.17,1.17,60666,0
2016-04-11,09:35:00,1.17,1.17,1.17,1.17,65000,0
2016-04-11,09:40:00,1.17,1.17,1.16,1.17,211385,0
2016-04-11,09:45:00,1.17,1.17,1.17,1.17,40000,0
2016-04-11,09:50:00,1.17,1.17,1.16,1.17,75000,0
2016-04-11,09:55:00,1.17,1.17,1.16,1.16,620000,0
2016-04-11,10:00:00,1.16,1.18,1.16,1.18,1745000,0
2016-04-12,03:35:00,1.18,1.19,1.17,1.19,1083000,0
2016-04-12,03:40:00,1.19,1.2,1.19,1.2,1060000,0
2016-04-12,03:45:00,1.2,1.22,1.2,1.2,8428999,0
2016-04-12,03:50:00,1.2,1.2,1.19,1.19,360666,0
2016-04-12,03:55:00,1.19,1.2,1.19,1.2,315000,0
2016-04-12,04:00:00,1.2,1.2,1.19,1.2,280000,0
2016-04-12,04:05:00,1.2,1.23,1.19,1.22,5800000,0
2016-04-12,04:10:00,1.22,1.24,1.22,1.23,6350000,0
2016-04-12,04:15:00,1.23,1.24,1.23,1.24,3705000,0
2016-04-12,04:20:00,1.24,1.24,1.22,1.22,2102333,0
2016-04-12,04:25:00,1.22,1.22,1.22,1.22,1190000,0
2016-04-12,04:30:00,1.22,1.24,1.22,1.24,5110000,0
2016-04-12,04:35:00,1.24,1.24,1.23,1.24,715000,0
2016-04-12,04:40:00,1.24,1.24,1.23,1.23,385000,0
2016-04-12,04:45:00,1.23,1.23,1.23,1.23,270666,0
2016-04-12,04:50:00,1.23,1.24,1.23,1.23,520000,0
2016-04-12,04:55:00,1.23,1.24,1.23,1.23,845000,0
2016-04-12,05:00:00,1.23,1.23,1.23,1.23,935000,0
2016-04-12,05:05:00,1.23,1.24,1.23,1.23,566666,0
2016-04-12,05:10:00,1.23,1.24,1.23,1.23,935000,0
2016-04-12,05:20:00,1.23,1.23,1.22,1.23,115000,0
2016-04-12,05:25:00,1.23,1.23,1.22,1.23,162000,0
2016-04-12,05:30:00,1.23,1.23,1.22,1.23,220000,0
2016-04-12,05:35:00,1.23,1.23,1.22,1.23,190000,0
2016-04-12,05:40:00,1.23,1.23,1.22,1.22,1150000,0
2016-04-12,05:45:00,1.22,1.23,1.22,1.22,775000,0
2016-04-12,05:50:00,1.22,1.22,1.22,1.22,475000,0
2016-04-12,05:55:00,1.22,1.22,1.21,1.22,225000,0
2016-04-12,06:00:00,1.22,1.22,1.22,1.22,80667,0
2016-04-12,07:05:00,1.22,1.22,1.22,1.22,288333,0
2016-04-12,07:10:00,1.22,1.22,1.21,1.21,40000,0
2016-04-12,07:15:00,1.21,1.22,1.21,1.22,130000,0
2016-04-12,07:20:00,1.22,1.22,1.22,1.22,16333,0
2016-04-12,07:25:00,1.22,1.22,1.21,1.22,340000,0
2016-04-12,07:30:00,1.22,1.22,1.22,1.22,260000,0
2016-04-12,07:35:00,1.22,1.23,1.22,1.22,352731,0
2016-04-12,07:40:00,1.22,1.23,1.22,1.23,80000,0
2016-04-12,07:45:00,1.23,1.23,1.22,1.23,470000,0
2016-04-12,07:50:00,1.23,1.23,1.22,1.23,100000,0
2016-04-12,07:55:00,1.23,1.23,1.22,1.23,185000,0
2016-04-12,08:00:00,1.23,1.23,1.22,1.23,110000,0
2016-04-12,08:05:00,1.23,1.24,1.22,1.24,2426333,0
2016-04-12,08:10:00,1.24,1.24,1.23,1.24,595000,0
2016-04-12,08:15:00,1.24,1.24,1.23,1.24,125000,0
2016-04-12,08:20:00,1.24,1.24,1.24,1.24,50000,0
2016-04-12,08:25:00,1.24,1.24,1.23,1.24,550000,0
2016-04-12,08:30:00,1.24,1.24,1.23,1.23,1790000,0
2016-04-12,08:35:00,1.23,1.23,1.23,1.23,510000,0
2016-04-12,08:40:00,1.23,1.23,1.23,1.23,95000,0
2016-04-12,08:45:00,1.23,1.23,1.23,1.23,860666,0
2016-04-12,08:50:00,1.23,1.24,1.23,1.24,330666,0
2016-04-12,08:55:00,1.24,1.24,1.23,1.24,345000,0
2016-04-12,09:00:00,1.24,1.28,1.23,1.27,22790000,0
2016-04-12,09:05:00,1.27,1.28,1.26,1.27,3852902,0
2016-04-12,09:10:00,1.27,1.27,1.26,1.26,1813333,0
2016-04-12,09:15:00,1.26,1.27,1.26,1.27,311333,0
2016-04-12,09:20:00,1.27,1.27,1.26,1.27,1053666,0
2016-04-12,09:25:00,1.27,1.27,1.26,1.27,360000,0
2016-04-12,09:30:00,1.27,1.27,1.25,1.25,1982000,0
2016-04-12,09:35:00,1.25,1.26,1.25,1.26,195000,0
2016-04-12,09:40:00,1.26,1.28,1.25,1.27,4010000,0
2016-04-12,09:45:00,1.27,1.28,1.27,1.27,505000,0
2016-04-12,09:50:00,1.27,1.28,1.26,1.27,1430000,0
2016-04-12,09:55:00,1.27,1.27,1.26,1.26,592000,0
2016-04-12,10:00:00,1.26,1.27,1.25,1.26,3860000,0
2016-04-13,03:35:00,1.28,1.29,1.26,1.27,7285000,0
2016-04-13,03:40:00,1.27,1.28,1.27,1.28,1360000,0
2016-04-13,03:45:00,1.28,1.28,1.25,1.25,3580000,0
2016-04-13,03:50:00,1.25,1.27,1.25,1.26,1666333,0
2016-04-13,03:55:00,1.26,1.26,1.25,1.25,505667,0
2016-04-13,04:00:00,1.25,1.26,1.25,1.26,305000,0
2016-04-13,04:05:00,1.26,1.26,1.26,1.26,1005130,0
2016-04-13,04:10:00,1.26,1.27,1.26,1.26,175000,0
2016-04-13,04:15:00,1.26,1.27,1.26,1.27,425000,0
2016-04-13,04:20:00,1.27,1.27,1.26,1.27,620000,0
2016-04-13,04:25:00,1.27,1.27,1.26,1.26,2165000,0
2016-04-13,04:30:00,1.26,1.26,1.24,1.25,1755000,0
2016-04-13,04:35:00,1.25,1.25,1.24,1.25,3095000,0
2016-04-13,04:40:00,1.25,1.26,1.24,1.26,130000,0
2016-04-13,04:45:00,1.26,1.26,1.25,1.25,225000,0
2016-04-13,04:50:00,1.25,1.25,1.25,1.25,225666,0
2016-04-13,04:55:00,1.25,1.26,1.25,1.25,1025000,0
2016-04-13,05:00:00,1.25,1.26,1.25,1.25,200000,0
2016-04-13,05:05:00,1.25,1.26,1.25,1.26,135000,0
2016-04-13,05:10:00,1.26,1.26,1.25,1.25,75000,0
2016-04-13,05:15:00,1.25,1.26,1.25,1.26,185000,0
2016-04-13,05:20:00,1.26,1.26,1.25,1.26,270000,0
2016-04-13,05:25:00,1.26,1.26,1.25,1.26,65000,0
2016-04-13,05:30:00,1.26,1.26,1.25,1.25,170000,0
2016-04-13,05:35:00,1.25,1.25,1.25,1.25,118233,0
2016-04-13,05:40:00,1.25,1.26,1.25,1.26,100000,0
2016-04-13,05:45:00,1.26,1.26,1.25,1.26,120000,0
2016-04-13,05:50:00,1.26,1.26,1.25,1.25,12666,0
2016-04-13,05:55:00,1.25,1.25,1.25,1.25,190666,0
2016-04-13,06:00:00,1.25,1.26,1.25,1.26,45000,0
2016-04-13,07:05:00,1.26,1.26,1.25,1.25,277000,0
2016-04-13,07:10:00,1.25,1.25,1.25,1.25,110000,0
2016-04-13,07:15:00,1.25,1.25,1.24,1.24,274666,0
2016-04-13,07:20:00,1.24,1.25,1.24,1.25,290000,0
2016-04-13,07:25:00,1.25,1.25,1.24,1.25,2105666,0
2016-04-13,07:30:00,1.25,1.25,1.25,1.25,80000,0
2016-04-13,07:35:00,1.25,1.26,1.25,1.26,205000,0
2016-04-13,07:40:00,1.26,1.26,1.26,1.26,15000,0
2016-04-13,07:45:00,1.26,1.26,1.25,1.25,100000,0
2016-04-13,07:50:00,1.25,1.25,1.25,1.25,19999,0
2016-04-13,07:55:00,1.25,1.26,1.25,1.25,60000,0
2016-04-13,08:00:00,1.25,1.26,1.25,1.25,150666,0
2016-04-13,08:05:00,1.25,1.26,1.25,1.25,70000,0
2016-04-13,08:10:00,1.25,1.26,1.25,1.26,125667,0
2016-04-13,08:15:00,1.26,1.26,1.25,1.26,75000,0
2016-04-13,08:20:00,1.26,1.26,1.25,1.25,103333,0
2016-04-13,08:25:00,1.25,1.26,1.25,1.26,120000,0
2016-04-13,08:30:00,1.26,1.26,1.25,1.25,360000,0
2016-04-13,08:35:00,1.25,1.26,1.25,1.25,362000,0
2016-04-13,08:40:00,1.25,1.25,1.24,1.24,395000,0
2016-04-13,08:45:00,1.24,1.24,1.24,1.24,23333,0
2016-04-13,08:50:00,1.24,1.25,1.24,1.25,370000,0
2016-04-13,08:55:00,1.25,1.25,1.24,1.25,75666,0
2016-04-13,09:00:00,1.25,1.25,1.24,1.25,360000,0
2016-04-13,09:05:00,1.25,1.25,1.24,1.24,127000,0
2016-04-13,09:10:00,1.24,1.25,1.24,1.25,40666,0
2016-04-13,09:15:00,1.25,1.25,1.24,1.24,270000,0
2016-04-13,09:20:00,1.24,1.25,1.24,1.25,20666,0
2016-04-13,09:25:00,1.25,1.25,1.24,1.25,51333,0
2016-04-13,09:30:00,1.25,1.25,1.24,1.25,210000,0
2016-04-13,09:35:00,1.25,1.25,1.24,1.24,158666,0
2016-04-13,09:40:00,1.24,1.25,1.24,1.24,115000,0
2016-04-13,09:45:00,1.24,1.25,1.24,1.24,180000,0
2016-04-13,09:50:00,1.24,1.25,1.24,1.25,380000,0
2016-04-13,09:55:00,1.25,1.26,1.24,1.26,3090000,0
2016-04-13,10:00:00,1.26,1.26,1.25,1.25,475666,0
