Date,Time,Open,High,Low,Close,Volume,OpenInt
2016-03-18,02:35:00,2.14,2.14,2.12,2.13,67500,0
2016-03-18,02:40:00,2.12,2.13,2.12,2.13,535000,0
2016-03-18,02:50:00,2.12,2.13,2.12,2.13,43500,0
2016-03-18,02:55:00,2.13,2.13,2.13,2.13,97000,0
2016-03-18,03:00:00,2.12,2.13,2.12,2.13,24500,0
2016-03-18,03:05:00,2.12,2.13,2.12,2.13,16500,0
2016-03-18,03:10:00,2.12,2.13,2.12,2.13,12000,0
2016-03-18,03:15:00,2.12,2.13,2.12,2.13,186666,0
2016-03-18,03:20:00,2.13,2.13,2.12,2.13,131000,0
2016-03-18,03:25:00,2.13,2.13,2.12,2.13,21500,0
2016-03-18,03:30:00,2.12,2.13,2.12,2.13,23500,0
2016-03-18,03:35:00,2.13,2.13,2.12,2.13,140500,0
2016-03-18,03:40:00,2.13,2.13,2.12,2.13,27500,0
2016-03-18,03:45:00,2.13,2.13,2.12,2.13,56000,0
2016-03-18,03:50:00,2.13,2.13,2.12,2.13,27572,0
2016-03-18,03:55:00,2.13,2.13,2.13,2.13,21500,0
2016-03-18,04:00:00,2.13,2.13,2.12,2.13,313000,0
2016-03-18,04:05:00,2.13,2.14,2.13,2.14,30500,0
2016-03-18,04:10:00,2.13,2.14,2.13,2.14,11000,0
2016-03-18,04:15:00,2.14,2.14,2.13,2.14,88000,0
2016-03-18,04:20:00,2.14,2.14,2.12,2.14,618000,0
2016-03-18,04:30:00,2.12,2.13,2.12,2.13,11000,0
2016-03-18,04:35:00,2.13,2.13,2.13,2.13,8000,0
2016-03-18,04:40:00,2.13,2.13,2.12,2.13,128000,0
2016-03-18,04:45:00,2.13,2.13,2.12,2.13,725500,0
2016-03-18,04:50:00,2.13,2.13,2.13,2.13,13500,0
2016-03-18,04:55:00,2.13,2.13,2.13,2.13,12500,0
2016-03-18,05:00:00,2.13,2.13,2.13,2.13,23000,0
2016-03-18,06:05:00,2.13,2.13,2.12,2.13,102000,0
2016-03-18,06:10:00,2.13,2.13,2.13,2.13,21500,0
2016-03-18,06:15:00,2.13,2.13,2.12,2.13,65000,0
2016-03-18,06:20:00,2.13,2.13,2.12,2.13,217000,0
2016-03-18,06:25:00,2.13,2.13,2.12,2.13,50500,0
2016-03-18,06:30:00,2.13,2.13,2.12,2.13,15500,0
2016-03-18,06:35:00,2.12,2.13,2.12,2.13,8500,0
2016-03-18,06:40:00,2.12,2.13,2.12,2.13,56500,0
2016-03-18,06:45:00,2.13,2.13,2.12,2.13,43000,0
2016-03-18,06:50:00,2.12,2.13,2.12,2.13,14500,0
2016-03-18,06:55:00,2.12,2.13,2.12,2.13,43000,0
2016-03-18,07:00:00,2.13,2.13,2.12,2.13,36500,0
2016-03-18,07:05:00,2.13,2.13,2.12,2.13,32666,0
2016-03-18,07:10:00,2.13,2.13,2.12,2.13,126500,0
2016-03-18,07:15:00,2.12,2.13,2.12,2.13,31500,0
2016-03-18,07:20:00,2.13,2.13,2.12,2.13,33000,0
2016-03-18,07:25:00,2.12,2.13,2.12,2.13,54500,0
2016-03-18,07:30:00,2.13,2.13,2.12,2.13,44000,0
2016-03-18,07:35:00,2.12,2.13,2.12,2.13,17500,0
2016-03-18,07:40:00,2.12,2.13,2.12,2.13,131500,0
2016-03-18,07:45:00,2.12,2.13,2.12,2.13,44500,0
2016-03-18,07:50:00,2.12,2.13,2.12,2.13,53500,0
2016-03-18,07:55:00,2.13,2.13,2.12,2.13,87500,0
2016-03-18,08:00:00,2.13,2.13,2.12,2.13,65000,0
2016-03-18,08:05:00,2.12,2.13,2.12,2.13,92000,0
2016-03-18,08:10:00,2.13,2.13,2.12,2.13,142500,0
2016-03-18,08:15:00,2.13,2.13,2.12,2.13,144500,0
2016-03-18,08:20:00,2.12,2.13,2.12,2.13,244833,0
2016-03-18,08:25:00,2.13,2.13,2.12,2.13,185500,0
2016-03-18,08:30:00,2.13,2.13,2.12,2.13,190000,0
2016-03-18,08:35:00,2.13,2.13,2.12,2.13,189833,0
2016-03-18,08:40:00,2.13,2.13,2.12,2.13,173000,0
2016-03-18,08:45:00,2.13,2.13,2.12,2.13,272500,0
2016-03-18,08:50:00,2.13,2.13,2.12,2.13,126500,0
2016-03-18,08:55:00,2.13,2.13,2.12,2.13,512000,0
2016-03-18,09:00:00,2.13,2.14,2.12,2.13,2811500,0
2016-03-21,02:35:00,2.13,2.14,2.12,2.13,12000,0
2016-03-21,02:40:00,2.13,2.14,2.12,2.14,240000,0
2016-03-21,02:45:00,2.14,2.14,2.13,2.13,80166,0
2016-03-21,02:50:00,2.13,2.13,2.11,2.12,325000,0
2016-03-21,02:55:00,2.12,2.13,2.12,2.13,10500,0
2016-03-21,03:00:00,2.13,2.13,2.12,2.13,20000,0
2016-03-21,03:05:00,2.13,2.13,2.13,2.13,11000,0
2016-03-21,03:10:00,2.13,2.13,2.12,2.12,251000,0
2016-03-21,03:15:00,2.12,2.12,2.11,2.11,98000,0
2016-03-21,03:20:00,2.11,2.13,2.11,2.13,306500,0
2016-03-21,03:25:00,2.13,2.13,2.11,2.11,132000,0
2016-03-21,03:30:00,2.11,2.12,2.11,2.12,257500,0
2016-03-21,03:35:00,2.12,2.13,2.11,2.12,70600,0
2016-03-21,03:40:00,2.12,2.12,2.12,2.12,3000,0
2016-03-21,03:45:00,2.12,2.12,2.12,2.12,25500,0
2016-03-21,03:50:00,2.12,2.12,2.11,2.12,11000,0
2016-03-21,03:55:00,2.12,2.12,2.11,2.12,82000,0
2016-03-21,04:00:00,2.12,2.13,2.11,2.12,740500,0
2016-03-21,04:05:00,2.12,2.12,2.12,2.12,70000,0
2016-03-21,04:10:00,2.12,2.13,2.12,2.13,20000,0
2016-03-21,04:15:00,2.13,2.13,2.11,2.12,858500,0
2016-03-21,04:20:00,2.12,2.12,2.12,2.12,4500,0
2016-03-21,04:25:00,2.12,2.12,2.11,2.12,8000,0
2016-03-21,04:30:00,2.12,2.13,2.11,2.12,240000,0
2016-03-21,04:35:00,2.12,2.13,2.12,2.13,12500,0
2016-03-21,04:40:00,2.13,2.13,2.13,2.13,27000,0
2016-03-21,04:45:00,2.13,2.13,2.13,2.13,19000,0
2016-03-21,04:50:00,2.13,2.13,2.12,2.13,34000,0
2016-03-21,04:55:00,2.13,2.13,2.12,2.13,46500,0
2016-03-21,05:00:00,2.13,2.13,2.12,2.13,39000,0
2016-03-21,06:05:00,2.13,2.13,2.12,2.13,69000,0
2016-03-21,06:10:00,2.13,2.13,2.12,2.13,72000,0
2016-03-21,06:15:00,2.13,2.13,2.12,2.12,27000,0
2016-03-21,06:20:00,2.12,2.13,2.12,2.13,55000,0
2016-03-21,06:25:00,2.13,2.13,2.12,2.12,21000,0
2016-03-21,06:30:00,2.12,2.13,2.12,2.12,33500,0
2016-03-21,06:35:00,2.12,2.13,2.12,2.13,28500,0
2016-03-21,06:40:00,2.13,2.13,2.12,2.12,41000,0
2016-03-21,06:45:00,2.12,2.13,2.12,2.13,14500,0
2016-03-21,06:50:00,2.13,2.13,2.12,2.13,373500,0
2016-03-21,06:55:00,2.13,2.13,2.12,2.12,20500,0
2016-03-21,07:00:00,2.12,2.13,2.12,2.13,71500,0
2016-03-21,07:05:00,2.13,2.13,2.12,2.12,20500,0
2016-03-21,07:10:00,2.12,2.13,2.12,2.12,33500,0
2016-03-21,07:15:00,2.12,2.13,2.12,2.13,146000,0
2016-03-21,07:20:00,2.13,2.13,2.12,2.12,81000,0
2016-03-21,07:25:00,2.12,2.13,2.12,2.13,54000,0
2016-03-21,07:30:00,2.13,2.13,2.12,2.13,22000,0
2016-03-21,07:35:00,2.13,2.13,2.12,2.13,223000,0
2016-03-21,07:40:00,2.13,2.13,2.12,2.13,42500,0
2016-03-21,07:45:00,2.13,2.13,2.12,2.12,30000,0
2016-03-21,07:50:00,2.12,2.13,2.12,2.13,163500,0
2016-03-21,07:55:00,2.13,2.13,2.12,2.12,71000,0
2016-03-21,08:00:00,2.12,2.13,2.11,2.12,128000,0
2016-03-21,08:05:00,2.12,2.13,2.12,2.12,92500,0
2016-03-21,08:10:00,2.12,2.12,2.11,2.12,13000,0
2016-03-21,08:15:00,2.12,2.12,2.11,2.12,61500,0
2016-03-21,08:20:00,2.12,2.12,2.11,2.11,145000,0
2016-03-21,08:25:00,2.11,2.12,2.11,2.11,102500,0
2016-03-21,08:30:00,2.11,2.12,2.11,2.11,144932,0
2016-03-21,08:35:00,2.11,2.12,2.11,2.12,127000,0
2016-03-21,08:40:00,2.12,2.12,2.11,2.11,121500,0
2016-03-21,08:45:00,2.11,2.12,2.11,2.11,90000,0
2016-03-21,08:50:00,2.11,2.12,2.11,2.11,116000,0
2016-03-21,08:55:00,2.11,2.12,2.11,2.11,429833,0
2016-03-21,09:00:00,2.11,2.12,2.1,2.12,1566510,0
2016-03-22,02:35:00,2.14,2.14,2.05,2.12,215500,0
2016-03-22,02:40:00,2.12,2.12,2.1,2.1,195846,0
2016-03-22,02:45:00,2.1,2.11,2.1,2.1,331000,0
2016-03-22,02:50:00,2.1,2.1,2.09,2.09,135000,0
2016-03-22,02:55:00,2.09,2.1,2.08,2.08,165500,0
2016-03-22,03:00:00,2.08,2.09,2.07,2.08,236000,0
2016-03-22,03:05:00,2.08,2.08,2.08,2.08,24000,0
2016-03-22,03:10:00,2.08,2.08,2.07,2.07,382000,0
2016-03-22,03:15:00,2.07,2.08,2.06,2.06,333400,0
2016-03-22,03:20:00,2.06,2.07,2.06,2.07,219000,0
2016-03-22,03:25:00,2.07,2.07,2.07,2.07,86000,0
2016-03-22,03:30:00,2.07,2.08,2.07,2.07,16050,0
2016-03-22,03:35:00,2.07,2.08,2.07,2.07,14500,0
2016-03-22,03:40:00,2.07,2.08,2.07,2.08,58091,0
2016-03-22,03:45:00,2.08,2.08,2.07,2.07,408500,0
2016-03-22,03:50:00,2.07,2.07,2.07,2.07,40500,0
2016-03-22,03:55:00,2.07,2.08,2.07,2.07,6000,0
2016-03-22,04:00:00,2.07,2.08,2.07,2.08,105500,0
2016-03-22,04:05:00,2.08,2.08,2.08,2.08,9000,0
2016-03-22,04:10:00,2.08,2.08,2.07,2.08,36000,0
2016-03-22,04:15:00,2.08,2.08,2.07,2.08,48500,0
2016-03-22,04:20:00,2.08,2.08,2.07,2.08,52000,0
2016-03-22,04:25:00,2.08,2.08,2.07,2.08,33000,0
2016-03-22,04:30:00,2.08,2.08,2.07,2.08,65000,0
2016-03-22,04:35:00,2.08,2.08,2.07,2.07,59500,0
2016-03-22,04:40:00,2.07,2.08,2.07,2.08,26000,0
2016-03-22,04:45:00,2.08,2.08,2.07,2.07,489500,0
2016-03-22,04:50:00,2.07,2.08,2.07,2.08,12000,0
2016-03-22,04:55:00,2.08,2.08,2.07,2.07,15500,0
2016-03-22,05:00:00,2.07,2.08,2.07,2.08,15500,0
2016-03-22,06:05:00,2.08,2.08,2.07,2.08,116000,0
2016-03-22,06:10:00,2.08,2.08,2.07,2.08,59500,0
2016-03-22,06:15:00,2.08,2.09,2.07,2.08,578500,0
2016-03-22,06:20:00,2.08,2.09,2.08,2.09,65500,0
2016-03-22,06:25:00,2.09,2.09,2.08,2.08,25500,0
2016-03-22,06:30:00,2.08,2.09,2.08,2.09,54000,0
2016-03-22,06:35:00,2.09,2.09,2.08,2.08,502333,0
2016-03-22,06:40:00,2.08,2.08,2.08,2.08,12000,0
2016-03-22,06:45:00,2.08,2.09,2.08,2.08,474500,0
2016-03-22,06:50:00,2.08,2.09,2.08,2.08,183000,0
2016-03-22,06:55:00,2.08,2.08,2.08,2.08,2500,0
2016-03-22,07:00:00,2.08,2.09,2.08,2.08,256500,0
2016-03-22,07:05:00,2.08,2.09,2.08,2.09,2000,0
2016-03-22,07:10:00,2.09,2.09,2.08,2.09,35500,0
2016-03-22,07:15:00,2.09,2.09,2.08,2.08,12000,0
2016-03-22,07:20:00,2.08,2.09,2.08,2.08,81000,0
2016-03-22,07:25:00,2.08,2.09,2.08,2.08,130800,0
2016-03-22,07:30:00,2.08,2.09,2.08,2.08,33000,0
2016-03-22,07:35:00,2.08,2.09,2.08,2.08,89500,0
2016-03-22,07:40:00,2.08,2.09,2.08,2.08,103000,0
2016-03-22,07:45:00,2.08,2.09,2.08,2.09,575500,0
2016-03-22,07:50:00,2.09,2.09,2.08,2.08,184500,0
2016-03-22,07:55:00,2.08,2.09,2.08,2.08,64500,0
2016-03-22,08:00:00,2.08,2.09,2.08,2.09,63333,0
2016-03-22,08:05:00,2.09,2.09,2.08,2.09,96000,0
2016-03-22,08:10:00,2.09,2.09,2.08,2.08,99000,0
2016-03-22,08:15:00,2.08,2.09,2.08,2.09,67000,0
2016-03-22,08:20:00,2.09,2.09,2.08,2.09,114000,0
2016-03-22,08:25:00,2.09,2.09,2.08,2.09,78500,0
2016-03-22,08:30:00,2.09,2.09,2.08,2.08,89000,0
2016-03-22,08:35:00,2.08,2.09,2.08,2.08,123500,0
2016-03-22,08:40:00,2.08,2.09,2.08,2.09,114500,0
2016-03-22,08:45:00,2.09,2.09,2.08,2.08,285500,0
2016-03-22,08:50:00,2.08,2.09,2.08,2.09,99000,0
2016-03-22,08:55:00,2.09,2.09,2.08,2.08,213500,0
2016-03-22,09:00:00,2.08,2.09,2.08,2.08,2491500,0
2016-03-23,02:35:00,2.08,2.09,2.08,2.09,5000,0
2016-03-23,02:40:00,2.09,2.09,2.08,2.09,62500,0
2016-03-23,02:45:00,2.09,2.09,2.08,2.08,877000,0
2016-03-23,02:50:00,2.08,2.08,2.08,2.08,128500,0
2016-03-23,02:55:00,2.08,2.09,2.08,2.08,30000,0
2016-03-23,03:00:00,2.08,2.09,2.08,2.09,27000,0
2016-03-23,03:05:00,2.09,2.09,2.08,2.08,759500,0
2016-03-23,03:10:00,2.08,2.09,2.08,2.09,100500,0
2016-03-23,03:15:00,2.09,2.09,2.08,2.09,42000,0
2016-03-23,03:20:00,2.09,2.09,2.08,2.08,144500,0
2016-03-23,03:25:00,2.08,2.09,2.08,2.08,170000,0
2016-03-23,03:30:00,2.08,2.08,2.08,2.08,26500,0
2016-03-23,03:35:00,2.08,2.09,2.08,2.08,289000,0
2016-03-23,03:40:00,2.08,2.08,2.08,2.08,146500,0
2016-03-23,03:45:00,2.08,2.08,2.08,2.08,154000,0
2016-03-23,03:50:00,2.08,2.09,2.08,2.09,21000,0
2016-03-23,03:55:00,2.09,2.09,2.08,2.08,30500,0
2016-03-23,04:00:00,2.08,2.09,2.08,2.08,38500,0
2016-03-23,04:05:00,2.08,2.09,2.08,2.08,23500,0
2016-03-23,04:10:00,2.08,2.09,2.08,2.08,28000,0
2016-03-23,04:15:00,2.08,2.09,2.08,2.08,43000,0
2016-03-23,04:20:00,2.08,2.08,2.08,2.08,230000,0
2016-03-23,04:25:00,2.08,2.08,2.08,2.08,92000,0
2016-03-23,04:30:00,2.08,2.08,2.08,2.08,148500,0
2016-03-23,04:35:00,2.08,2.08,2.08,2.08,6500,0
2016-03-23,04:40:00,2.08,2.09,2.08,2.08,66000,0
2016-03-23,04:45:00,2.08,2.08,2.08,2.08,200000,0
2016-03-23,04:50:00,2.08,2.09,2.08,2.09,119500,0
2016-03-23,04:55:00,2.09,2.09,2.08,2.08,12500,0
2016-03-23,05:00:00,2.08,2.09,2.08,2.08,17668,0
2016-03-23,06:05:00,2.08,2.08,2.07,2.07,227959,0
2016-03-23,06:10:00,2.07,2.07,2.06,2.07,61000,0
2016-03-23,06:15:00,2.06,2.07,2.06,2.07,210500,0
2016-03-23,06:25:00,2.07,2.08,2.07,2.08,430000,0
2016-03-23,06:30:00,2.08,2.09,2.08,2.08,1048500,0
2016-03-23,06:35:00,2.08,2.08,2.08,2.08,35000,0
2016-03-23,06:40:00,2.08,2.08,2.08,2.08,330000,0
2016-03-23,06:50:00,2.08,2.09,2.08,2.08,284500,0
2016-03-23,06:55:00,2.08,2.1,2.08,2.09,1298000,0
2016-03-23,07:00:00,2.09,2.09,2.08,2.08,411000,0
2016-03-23,07:10:00,2.08,2.09,2.08,2.08,80500,0
2016-03-23,07:15:00,2.08,2.08,2.08,2.08,266500,0
2016-03-23,07:20:00,2.08,2.08,2.08,2.08,24000,0
2016-03-23,07:25:00,2.08,2.08,2.08,2.08,31000,0
2016-03-23,07:30:00,2.08,2.09,2.08,2.09,845500,0
2016-03-23,07:35:00,2.09,2.09,2.08,2.08,7500,0
2016-03-23,07:40:00,2.08,2.08,2.08,2.08,78000,0
2016-03-23,07:45:00,2.08,2.08,2.08,2.08,2500,0
2016-03-23,07:50:00,2.08,2.08,2.08,2.08,393500,0
2016-03-23,07:55:00,2.08,2.08,2.08,2.08,26000,0
2016-03-23,08:00:00,2.08,2.08,2.08,2.08,11000,0
2016-03-23,08:05:00,2.08,2.09,2.08,2.08,37500,0
2016-03-23,08:10:00,2.08,2.08,2.08,2.08,3500,0
2016-03-23,08:15:00,2.08,2.08,2.07,2.08,24500,0
2016-03-23,08:20:00,2.08,2.08,2.07,2.08,301000,0
2016-03-23,08:25:00,2.08,2.08,2.08,2.08,83500,0
2016-03-23,08:30:00,2.08,2.08,2.07,2.07,134000,0
2016-03-23,08:35:00,2.08,2.08,2.08,2.08,13500,0
2016-03-23,08:40:00,2.08,2.08,2.07,2.07,12500,0
2016-03-23,08:45:00,2.07,2.08,2.07,2.07,50666,0
2016-03-23,08:50:00,2.07,2.08,2.07,2.08,87500,0
2016-03-23,08:55:00,2.08,2.08,2.07,2.07,392000,0
2016-03-23,09:00:00,2.07,2.09,2.06,2.08,1064500,0
2016-03-24,02:35:00,2.04,2.07,2.04,2.05,75500,0
2016-03-24,02:40:00,2.05,2.06,2.05,2.06,169000,0
2016-03-24,02:45:00,2.06,2.06,2.06,2.06,548500,0
2016-03-24,02:50:00,2.06,2.06,2.06,2.06,222000,0
2016-03-24,02:55:00,2.06,2.06,2.06,2.06,80000,0
2016-03-24,03:00:00,2.06,2.07,2.06,2.07,355500,0
2016-03-24,03:05:00,2.07,2.07,2.06,2.07,8000,0
2016-03-24,03:10:00,2.07,2.07,2.06,2.06,67334,0
2016-03-24,03:15:00,2.06,2.07,2.06,2.06,53000,0
2016-03-24,03:20:00,2.06,2.07,2.06,2.06,59500,0
2016-03-24,03:25:00,2.06,2.07,2.06,2.06,78500,0
2016-03-24,03:30:00,2.06,2.06,2.06,2.06,86000,0
2016-03-24,03:35:00,2.06,2.07,2.06,2.06,20500,0
2016-03-24,03:40:00,2.06,2.07,2.06,2.06,141500,0
2016-03-24,03:45:00,2.06,2.07,2.06,2.06,10000,0
2016-03-24,03:50:00,2.06,2.07,2.06,2.07,41500,0
2016-03-24,03:55:00,2.07,2.07,2.06,2.06,17500,0
2016-03-24,04:00:00,2.06,2.07,2.06,2.07,51500,0
2016-03-24,04:05:00,2.07,2.07,2.07,2.07,229000,0
2016-03-24,04:10:00,2.07,2.07,2.07,2.07,3500,0
2016-03-24,04:15:00,2.07,2.07,2.06,2.06,114500,0
2016-03-24,04:20:00,2.06,2.07,2.06,2.06,157500,0
2016-03-24,04:25:00,2.06,2.06,2.06,2.06,41440,0
2016-03-24,04:30:00,2.06,2.07,2.06,2.06,10500,0
2016-03-24,04:35:00,2.06,2.07,2.06,2.07,65000,0
2016-03-24,04:40:00,2.07,2.07,2.06,2.06,203000,0
2016-03-24,04:45:00,2.06,2.06,2.06,2.06,206500,0
2016-03-24,04:50:00,2.06,2.07,2.06,2.07,37000,0
2016-03-24,04:55:00,2.07,2.07,2.06,2.06,169000,0
2016-03-24,05:00:00,2.06,2.06,2.05,2.06,210000,0
2016-03-24,06:05:00,2.06,2.06,2.05,2.06,52000,0
2016-03-24,06:10:00,2.06,2.06,2.05,2.06,26500,0
2016-03-24,06:15:00,2.06,2.06,2.06,2.06,25500,0
2016-03-24,06:20:00,2.06,2.06,2.05,2.06,4000,0
2016-03-24,06:25:00,2.06,2.06,2.05,2.05,21500,0
2016-03-24,06:30:00,2.05,2.05,2.05,2.05,1500,0
2016-03-24,06:35:00,2.05,2.06,2.05,2.06,50000,0
2016-03-24,06:40:00,2.06,2.06,2.05,2.06,20000,0
2016-03-24,06:45:00,2.06,2.07,2.06,2.07,372000,0
2016-03-24,06:50:00,2.07,2.07,2.06,2.07,72000,0
2016-03-24,06:55:00,2.07,2.08,2.07,2.07,1111000,0
2016-03-24,07:00:00,2.07,2.07,2.07,2.07,4500,0
2016-03-24,07:05:00,2.07,2.07,2.07,2.07,53500,0
2016-03-24,07:10:00,2.07,2.08,2.07,2.08,15000,0
2016-03-24,07:15:00,2.08,2.08,2.07,2.07,28000,0
2016-03-24,07:20:00,2.07,2.08,2.07,2.07,20500,0
2016-03-24,07:25:00,2.07,2.08,2.07,2.08,52500,0
2016-03-24,07:30:00,2.08,2.08,2.06,2.06,597500,0
2016-03-24,07:35:00,2.06,2.06,2.06,2.06,166500,0
2016-03-24,07:40:00,2.06,2.06,2.05,2.06,38000,0
2016-03-24,07:45:00,2.06,2.06,2.05,2.06,39500,0
2016-03-24,07:50:00,2.06,2.06,2.06,2.06,27000,0
2016-03-24,07:55:00,2.06,2.06,2.05,2.05,51500,0
2016-03-24,08:00:00,2.05,2.07,2.05,2.06,536500,0
2016-03-24,08:05:00,2.06,2.06,2.06,2.06,535500,0
2016-03-24,08:10:00,2.06,2.06,2.05,2.05,176000,0
2016-03-24,08:15:00,2.05,2.06,2.05,2.05,345500,0
2016-03-24,08:20:00,2.05,2.05,2.04,2.05,50500,0
2016-03-24,08:25:00,2.04,2.05,2.04,2.05,22500,0
2016-03-24,08:30:00,2.05,2.06,2.05,2.05,482000,0
2016-03-24,08:35:00,2.05,2.06,2.05,2.05,44495,0
2016-03-24,08:40:00,2.05,2.06,2.05,2.05,50000,0
2016-03-24,08:45:00,2.05,2.06,2.05,2.06,143000,0
2016-03-24,08:50:00,2.06,2.06,2.05,2.05,430000,0
2016-03-24,08:55:00,2.05,2.06,2.05,2.06,172500,0
2016-03-24,09:00:00,2.04,2.06,2.04,2.05,782000,0
2016-03-29,03:35:00,2.07,2.07,1.99,2,994000,0
2016-03-29,03:40:00,2,2.01,2,2.01,1024500,0
2016-03-29,03:45:00,2.01,2.03,2.01,2.02,605700,0
2016-03-29,03:50:00,2.02,2.02,2.01,2.01,43500,0
2016-03-29,03:55:00,2.01,2.02,2.01,2.02,100500,0
2016-03-29,04:00:00,2.02,2.05,2.02,2.03,1383500,0
2016-03-29,04:05:00,2.03,2.03,2.02,2.03,11660,0
2016-03-29,04:10:00,2.03,2.04,2.02,2.03,1931791,0
2016-03-29,04:15:00,2.03,2.04,2.03,2.03,172500,0
2016-03-29,04:20:00,2.03,2.04,2.03,2.04,6500,0
2016-03-29,04:25:00,2.04,2.04,2.04,2.04,3500,0
2016-03-29,04:30:00,2.04,2.04,2.04,2.04,12500,0
2016-03-29,04:35:00,2.04,2.04,2.04,2.04,26500,0
2016-03-29,04:40:00,2.04,2.04,2.04,2.04,43500,0
2016-03-29,04:45:00,2.04,2.04,2.03,2.03,837500,0
2016-03-29,04:50:00,2.03,2.03,2.03,2.03,3000,0
2016-03-29,04:55:00,2.03,2.03,2.02,2.02,125500,0
2016-03-29,05:00:00,2.02,2.03,2.02,2.03,31000,0
2016-03-29,05:05:00,2.03,2.03,2.03,2.03,47500,0
2016-03-29,05:10:00,2.03,2.03,2.03,2.03,64000,0
2016-03-29,05:15:00,2.03,2.04,2.03,2.04,149174,0
2016-03-29,05:20:00,2.04,2.04,2.03,2.04,104458,0
2016-03-29,05:25:00,2.04,2.04,2.03,2.04,54000,0
2016-03-29,05:30:00,2.04,2.04,2.03,2.03,376500,0
2016-03-29,05:35:00,2.03,2.04,2.03,2.03,98500,0
2016-03-29,05:40:00,2.03,2.04,2.03,2.04,11000,0
2016-03-29,05:45:00,2.04,2.04,2.04,2.04,15500,0
2016-03-29,05:50:00,2.04,2.04,2.04,2.04,11000,0
2016-03-29,05:55:00,2.04,2.04,2.03,2.03,26500,0
2016-03-29,06:00:00,2.03,2.04,2.03,2.04,28212,0
2016-03-29,07:05:00,2.04,2.04,2.03,2.04,72000,0
2016-03-29,07:10:00,2.04,2.04,2.04,2.04,5000,0
2016-03-29,07:15:00,2.04,2.04,2.03,2.04,40500,0
2016-03-29,07:20:00,2.04,2.04,2.03,2.04,66000,0
2016-03-29,07:25:00,2.04,2.04,2.03,2.04,179500,0
2016-03-29,07:30:00,2.04,2.04,2.03,2.04,51000,0
2016-03-29,07:35:00,2.04,2.04,2.03,2.04,41000,0
2016-03-29,07:40:00,2.04,2.04,2.03,2.03,77000,0
2016-03-29,07:45:00,2.03,2.04,2.03,2.04,106000,0
2016-03-29,07:50:00,2.04,2.04,2.03,2.04,139500,0
2016-03-29,07:55:00,2.04,2.04,2.03,2.03,134000,0
2016-03-29,08:00:00,2.03,2.04,2.03,2.04,32000,0
2016-03-29,08:05:00,2.04,2.04,2.03,2.03,130000,0
2016-03-29,08:10:00,2.03,2.04,2.03,2.04,33500,0
2016-03-29,08:15:00,2.04,2.04,2.03,2.03,268000,0
2016-03-29,08:20:00,2.03,2.04,2.03,2.03,45500,0
2016-03-29,08:25:00,2.03,2.04,2.03,2.04,34000,0
2016-03-29,08:30:00,2.04,2.04,2.02,2.02,1478500,0
2016-03-29,08:35:00,2.02,2.02,2.02,2.02,152000,0
2016-03-29,08:40:00,2.02,2.02,2.02,2.02,9500,0
2016-03-29,08:45:00,2.02,2.03,2.02,2.03,11500,0
2016-03-29,08:50:00,2.03,2.03,2.02,2.03,13000,0
2016-03-29,08:55:00,2.03,2.03,2.02,2.02,30000,0
2016-03-29,09:00:00,2.02,2.03,2.02,2.02,250500,0
2016-03-29,09:05:00,2.02,2.02,2.02,2.02,240500,0
2016-03-29,09:10:00,2.02,2.02,2.02,2.02,108500,0
2016-03-29,09:15:00,2.02,2.03,2.02,2.03,17000,0
2016-03-29,09:20:00,2.03,2.03,2.03,2.03,3500,0
2016-03-29,09:25:00,2.03,2.03,2.01,2.02,517000,0
2016-03-29,09:30:00,2.02,2.02,2.01,2.02,355000,0
2016-03-29,09:35:00,2.02,2.03,2.02,2.03,621497,0
2016-03-29,09:40:00,2.03,2.04,2.03,2.04,70500,0
2016-03-29,09:45:00,2.04,2.04,2.03,2.04,33000,0
2016-03-29,09:50:00,2.04,2.04,2.03,2.04,36500,0
2016-03-29,09:55:00,2.04,2.04,2.02,2.02,283500,0
2016-03-29,10:00:00,2.02,2.04,2.02,2.03,1288500,0
2016-03-30,03:35:00,2.05,2.05,2.03,2.05,120500,0
2016-03-30,03:40:00,2.05,2.07,2.05,2.07,352000,0
2016-03-30,03:45:00,2.07,2.07,2.07,2.07,75000,0
2016-03-30,03:50:00,2.07,2.07,2.06,2.07,268000,0
2016-03-30,03:55:00,2.07,2.07,2.07,2.07,54000,0
2016-03-30,04:00:00,2.07,2.07,2.06,2.06,21000,0
2016-03-30,04:05:00,2.06,2.07,2.06,2.06,128500,0
2016-03-30,04:10:00,2.06,2.07,2.06,2.06,38000,0
2016-03-30,04:15:00,2.06,2.06,2.06,2.06,107500,0
2016-03-30,04:20:00,2.06,2.07,2.06,2.06,62500,0
2016-03-30,04:25:00,2.06,2.07,2.06,2.07,57000,0
2016-03-30,04:30:00,2.07,2.07,2.06,2.07,54000,0
2016-03-30,04:35:00,2.07,2.07,2.06,2.06,74500,0
2016-03-30,04:40:00,2.06,2.07,2.06,2.07,52000,0
2016-03-30,04:45:00,2.07,2.07,2.06,2.06,127500,0
2016-03-30,04:50:00,2.06,2.07,2.06,2.07,47000,0
2016-03-30,04:55:00,2.07,2.07,2.06,2.07,45000,0
2016-03-30,05:00:00,2.07,2.07,2.06,2.06,119500,0
2016-03-30,05:05:00,2.06,2.07,2.06,2.07,71500,0
2016-03-30,05:10:00,2.07,2.07,2.06,2.06,162000,0
2016-03-30,05:15:00,2.06,2.06,2.06,2.06,12500,0
2016-03-30,05:20:00,2.06,2.06,2.06,2.06,2500,0
2016-03-30,05:25:00,2.06,2.06,2.06,2.06,4500,0
2016-03-30,05:30:00,2.06,2.06,2.05,2.06,123000,0
2016-03-30,05:35:00,2.06,2.06,2.06,2.06,52500,0
2016-03-30,05:40:00,2.06,2.06,2.05,2.06,49500,0
2016-03-30,05:45:00,2.06,2.06,2.05,2.06,31500,0
2016-03-30,05:50:00,2.06,2.06,2.05,2.06,44000,0
2016-03-30,05:55:00,2.06,2.06,2.06,2.06,17000,0
2016-03-30,06:00:00,2.06,2.06,2.06,2.06,10500,0
2016-03-30,07:05:00,2.06,2.06,2.05,2.06,217000,0
2016-03-30,07:10:00,2.06,2.06,2.05,2.06,111500,0
2016-03-30,07:15:00,2.06,2.06,2.05,2.06,57000,0
2016-03-30,07:20:00,2.06,2.06,2.05,2.06,1405000,0
2016-03-30,07:25:00,2.06,2.06,2.05,2.06,42000,0
2016-03-30,07:30:00,2.06,2.06,2.05,2.05,543000,0
2016-03-30,07:35:00,2.05,2.06,2.05,2.05,49500,0
2016-03-30,07:40:00,2.05,2.06,2.05,2.06,36500,0
2016-03-30,07:45:00,2.06,2.06,2.06,2.06,39396,0
2016-03-30,07:50:00,2.06,2.06,2.06,2.06,4500,0
2016-03-30,07:55:00,2.06,2.06,2.05,2.06,37500,0
2016-03-30,08:00:00,2.06,2.06,2.05,2.05,75000,0
2016-03-30,08:05:00,2.05,2.06,2.05,2.05,82500,0
2016-03-30,08:10:00,2.05,2.06,2.05,2.06,46500,0
2016-03-30,08:15:00,2.06,2.06,2.05,2.05,47000,0
2016-03-30,08:20:00,2.05,2.06,2.05,2.06,66000,0
2016-03-30,08:25:00,2.06,2.06,2.05,2.06,50500,0
2016-03-30,08:30:00,2.06,2.06,2.05,2.05,314000,0
2016-03-30,08:35:00,2.05,2.05,2.05,2.05,12000,0
2016-03-30,08:40:00,2.05,2.06,2.05,2.05,16000,0
2016-03-30,08:45:00,2.05,2.06,2.05,2.05,44500,0
2016-03-30,08:50:00,2.05,2.06,2.05,2.06,7500,0
2016-03-30,08:55:00,2.06,2.06,2.05,2.06,17000,0
2016-03-30,09:00:00,2.06,2.06,2.05,2.05,20500,0
2016-03-30,09:05:00,2.05,2.06,2.05,2.06,19000,0
2016-03-30,09:10:00,2.06,2.06,2.05,2.06,26000,0
2016-03-30,09:15:00,2.06,2.06,2.05,2.05,63000,0
2016-03-30,09:20:00,2.05,2.06,2.05,2.06,66500,0
2016-03-30,09:25:00,2.06,2.06,2.06,2.06,209000,0
2016-03-30,09:30:00,2.06,2.06,2.05,2.06,42500,0
2016-03-30,09:35:00,2.06,2.06,2.05,2.06,64500,0
2016-03-30,09:40:00,2.06,2.06,2.05,2.06,778000,0
2016-03-30,09:45:00,2.06,2.07,2.06,2.07,127000,0
2016-03-30,09:50:00,2.07,2.07,2.06,2.07,292000,0
2016-03-30,09:55:00,2.07,2.07,2.06,2.07,295500,0
2016-03-30,10:00:00,2.07,2.08,2.06,2.07,1051500,0
2016-03-31,03:35:00,2.08,2.08,2.07,2.08,83000,0
2016-03-31,03:40:00,2.08,2.11,2.07,2.1,4050804,0
2016-03-31,03:45:00,2.1,2.11,2.09,2.11,1252000,0
2016-03-31,03:50:00,2.11,2.11,2.11,2.11,9000,0
2016-03-31,03:55:00,2.11,2.11,2.1,2.11,53400,0
2016-03-31,04:00:00,2.11,2.11,2.1,2.1,630505,0
2016-03-31,04:05:00,2.1,2.1,2.1,2.1,56000,0
2016-03-31,04:10:00,2.1,2.1,2.1,2.1,26000,0
2016-03-31,04:15:00,2.1,2.1,2.1,2.1,19000,0
2016-03-31,04:20:00,2.1,2.1,2.09,2.1,60500,0
2016-03-31,04:25:00,2.1,2.1,2.09,2.1,234500,0
2016-03-31,04:30:00,2.1,2.1,2.09,2.1,104409,0
2016-03-31,04:35:00,2.1,2.1,2.1,2.1,10000,0
2016-03-31,04:40:00,2.1,2.1,2.09,2.09,15500,0
2016-03-31,04:45:00,2.09,2.09,2.09,2.09,224650,0
2016-03-31,04:50:00,2.09,2.09,2.09,2.09,23000,0
2016-03-31,04:55:00,2.09,2.1,2.09,2.09,82169,0
2016-03-31,05:00:00,2.09,2.09,2.09,2.09,308500,0
2016-03-31,05:05:00,2.09,2.09,2.08,2.08,8000,0
2016-03-31,05:10:00,2.08,2.09,2.08,2.09,165500,0
2016-03-31,05:15:00,2.09,2.09,2.09,2.09,5000,0
2016-03-31,05:20:00,2.09,2.09,2.09,2.09,3000,0
2016-03-31,05:25:00,2.09,2.09,2.09,2.09,9000,0
2016-03-31,05:30:00,2.09,2.09,2.08,2.08,55500,0
2016-03-31,05:35:00,2.08,2.09,2.08,2.08,27500,0
2016-03-31,05:40:00,2.08,2.09,2.08,2.08,21000,0
2016-03-31,05:45:00,2.08,2.08,2.08,2.08,238000,0
2016-03-31,05:50:00,2.08,2.09,2.08,2.09,2000,0
2016-03-31,05:55:00,2.09,2.09,2.08,2.09,7000,0
2016-03-31,06:00:00,2.09,2.09,2.08,2.09,81000,0
2016-03-31,07:05:00,2.09,2.09,2.07,2.08,110000,0
2016-03-31,07:10:00,2.08,2.08,2.07,2.07,7000,0
2016-03-31,07:15:00,2.07,2.08,2.07,2.08,67000,0
2016-03-31,07:20:00,2.08,2.08,2.07,2.07,100000,0
2016-03-31,07:25:00,2.07,2.07,2.07,2.07,58000,0
2016-03-31,07:30:00,2.07,2.07,2.06,2.06,27500,0
2016-03-31,07:35:00,2.06,2.07,2.06,2.07,52500,0
2016-03-31,07:40:00,2.07,2.07,2.06,2.07,43500,0
2016-03-31,07:45:00,2.07,2.07,2.06,2.07,9500,0
2016-03-31,07:50:00,2.07,2.07,2.06,2.06,15000,0
2016-03-31,07:55:00,2.06,2.07,2.06,2.06,37500,0
2016-03-31,08:00:00,2.06,2.07,2.06,2.06,30500,0
2016-03-31,08:05:00,2.06,2.06,2.05,2.06,118500,0
2016-03-31,08:10:00,2.06,2.06,2.05,2.05,9000,0
2016-03-31,08:15:00,2.05,2.06,2.05,2.06,5000,0
2016-03-31,08:20:00,2.06,2.06,2.05,2.05,25500,0
2016-03-31,08:25:00,2.05,2.05,2.05,2.05,6500,0
2016-03-31,08:35:00,2.04,2.05,2.04,2.05,202000,0
2016-03-31,08:40:00,2.05,2.06,2.05,2.06,384800,0
2016-03-31,08:45:00,2.06,2.06,2.05,2.05,108835,0
2016-03-31,08:50:00,2.05,2.06,2.05,2.05,81650,0
2016-03-31,08:55:00,2.05,2.06,2.05,2.05,46000,0
2016-03-31,09:00:00,2.05,2.06,2.05,2.06,10000,0
2016-03-31,09:05:00,2.06,2.06,2.05,2.05,106500,0
2016-03-31,09:10:00,2.04,2.05,2.04,2.05,37000,0
2016-03-31,09:15:00,2.05,2.05,2.04,2.05,70500,0
2016-03-31,09:20:00,2.04,2.05,2.04,2.05,46500,0
2016-03-31,09:25:00,2.05,2.05,2.04,2.05,27500,0
2016-03-31,09:30:00,2.04,2.05,2.04,2.05,111500,0
2016-03-31,09:35:00,2.05,2.05,2.04,2.05,19000,0
2016-03-31,09:40:00,2.04,2.05,2.04,2.05,144500,0
2016-03-31,09:45:00,2.04,2.07,2.04,2.07,913000,0
2016-03-31,09:50:00,2.07,2.08,2.07,2.08,194539,0
2016-03-31,09:55:00,2.08,2.09,2.07,2.09,641000,0
2016-03-31,10:00:00,2.09,2.1,2.06,2.09,6306500,0
2016-04-01,03:35:00,2.1,2.1,2.08,2.09,201500,0
2016-04-01,03:40:00,2.09,2.1,2.08,2.08,533500,0
2016-04-01,03:45:00,2.08,2.09,2.08,2.08,207000,0
2016-04-01,03:50:00,2.08,2.09,2.07,2.08,371500,0
2016-04-01,03:55:00,2.08,2.08,2.07,2.07,70000,0
2016-04-01,04:00:00,2.07,2.08,2.07,2.08,156800,0
2016-04-01,04:05:00,2.08,2.08,2.07,2.08,39500,0
2016-04-01,04:10:00,2.08,2.08,2.06,2.07,226000,0
2016-04-01,04:15:00,2.07,2.07,2.05,2.05,75000,0
2016-04-01,04:20:00,2.05,2.06,2.05,2.05,12000,0
2016-04-01,04:25:00,2.05,2.06,2.05,2.06,69000,0
2016-04-01,04:30:00,2.06,2.06,2.05,2.05,128500,0
2016-04-01,04:35:00,2.05,2.06,2.05,2.05,65200,0
2016-04-01,04:40:00,2.05,2.06,2.05,2.05,200000,0
2016-04-01,04:45:00,2.05,2.06,2.05,2.05,137500,0
2016-04-01,04:50:00,2.04,2.07,2.04,2.07,656500,0
2016-04-01,04:55:00,2.07,2.07,2.06,2.07,22333,0
2016-04-01,05:00:00,2.07,2.07,2.06,2.06,27500,0
2016-04-01,05:05:00,2.06,2.06,2.06,2.06,15000,0
2016-04-01,05:10:00,2.06,2.06,2.05,2.05,34500,0
2016-04-01,05:15:00,2.05,2.06,2.05,2.06,46500,0
2016-04-01,05:20:00,2.06,2.06,2.05,2.06,26500,0
2016-04-01,05:25:00,2.06,2.06,2.05,2.05,41000,0
2016-04-01,05:30:00,2.05,2.06,2.05,2.05,57500,0
2016-04-01,05:35:00,2.05,2.06,2.05,2.06,772000,0
2016-04-01,05:40:00,2.06,2.06,2.05,2.06,241337,0
2016-04-01,05:45:00,2.06,2.06,2.06,2.06,26000,0
2016-04-01,05:50:00,2.06,2.06,2.05,2.06,72000,0
2016-04-01,05:55:00,2.06,2.06,2.05,2.06,41000,0
2016-04-01,06:00:00,2.06,2.06,2.05,2.06,188049,0
2016-04-01,07:05:00,2.06,2.06,2.05,2.06,56500,0
2016-04-01,07:10:00,2.06,2.06,2.05,2.06,70500,0
2016-04-01,07:15:00,2.06,2.06,2.05,2.06,56000,0
2016-04-01,07:20:00,2.06,2.07,2.05,2.07,895500,0
2016-04-01,07:25:00,2.07,2.07,2.06,2.07,182000,0
2016-04-01,07:30:00,2.07,2.07,2.06,2.07,23000,0
2016-04-01,07:35:00,2.07,2.07,2.06,2.06,31500,0
2016-04-01,07:40:00,2.06,2.07,2.06,2.07,51500,0
2016-04-01,07:45:00,2.07,2.07,2.06,2.07,19000,0
2016-04-01,07:50:00,2.07,2.07,2.06,2.06,51500,0
2016-04-01,07:55:00,2.06,2.07,2.06,2.07,66500,0
2016-04-01,08:00:00,2.07,2.07,2.05,2.05,83000,0
2016-04-01,08:05:00,2.05,2.06,2.05,2.06,47500,0
2016-04-01,08:10:00,2.06,2.06,2.05,2.06,52500,0
2016-04-01,08:15:00,2.06,2.06,2.05,2.05,35000,0
2016-04-01,08:20:00,2.05,2.05,2.05,2.05,31000,0
2016-04-01,08:25:00,2.05,2.06,2.05,2.06,41500,0
2016-04-01,08:30:00,2.06,2.06,2.05,2.05,33500,0
2016-04-01,08:35:00,2.05,2.06,2.05,2.06,151000,0
2016-04-01,08:40:00,2.06,2.06,2.05,2.06,86833,0
2016-04-01,08:45:00,2.06,2.06,2.05,2.06,93000,0
2016-04-01,08:50:00,2.06,2.06,2.05,2.06,83500,0
2016-04-01,08:55:00,2.06,2.06,2.05,2.06,23000,0
2016-04-01,09:00:00,2.06,2.06,2.05,2.06,359500,0
2016-04-01,09:05:00,2.06,2.06,2.06,2.06,134000,0
2016-04-01,09:10:00,2.06,2.06,2.06,2.06,2000,0
2016-04-01,09:15:00,2.06,2.07,2.06,2.07,50000,0
2016-04-01,09:20:00,2.07,2.07,2.06,2.06,104500,0
2016-04-01,09:25:00,2.06,2.06,2.05,2.05,84500,0
2016-04-01,09:30:00,2.05,2.06,2.05,2.05,37500,0
2016-04-01,09:35:00,2.05,2.06,2.05,2.05,71500,0
2016-04-01,09:40:00,2.05,2.06,2.05,2.06,154166,0
2016-04-01,09:45:00,2.06,2.06,2.05,2.05,133000,0
2016-04-01,09:50:00,2.05,2.06,2.05,2.06,185000,0
2016-04-01,09:55:00,2.06,2.06,2.05,2.05,240500,0
2016-04-01,10:00:00,2.05,2.07,2.05,2.07,1626500,0
2016-04-05,03:35:00,2.05,2.07,2.05,2.05,287618,0
2016-04-05,03:40:00,2.05,2.08,2.05,2.07,673500,0
2016-04-05,03:45:00,2.07,2.08,2.06,2.08,501500,0
2016-04-05,03:50:00,2.08,2.08,2.07,2.08,341500,0
2016-04-05,03:55:00,2.08,2.09,2.08,2.08,1349913,0
2016-04-05,04:00:00,2.08,2.09,2.08,2.08,391050,0
2016-04-05,04:05:00,2.08,2.09,2.08,2.09,336500,0
2016-04-05,04:10:00,2.09,2.09,2.08,2.08,338000,0
2016-04-05,04:15:00,2.08,2.09,2.08,2.08,168000,0
2016-04-05,04:20:00,2.08,2.09,2.08,2.09,396500,0
2016-04-05,04:25:00,2.09,2.09,2.08,2.08,223000,0
2016-04-05,04:30:00,2.08,2.08,2.07,2.07,213500,0
2016-04-05,04:35:00,2.07,2.08,2.07,2.07,525000,0
2016-04-05,04:40:00,2.07,2.08,2.07,2.07,29000,0
2016-04-05,04:45:00,2.07,2.07,2.07,2.07,418000,0
2016-04-05,04:50:00,2.07,2.07,2.06,2.07,25500,0
2016-04-05,04:55:00,2.07,2.07,2.06,2.06,45000,0
2016-04-05,05:00:00,2.06,2.07,2.06,2.07,1000,0
2016-04-05,05:05:00,2.07,2.07,2.07,2.07,5000,0
2016-04-05,05:10:00,2.07,2.07,2.06,2.07,221500,0
2016-04-05,05:15:00,2.07,2.07,2.07,2.07,21500,0
2016-04-05,05:20:00,2.07,2.07,2.06,2.07,42000,0
2016-04-05,05:25:00,2.07,2.07,2.05,2.05,334000,0
2016-04-05,05:30:00,2.05,2.05,2.05,2.05,202000,0
2016-04-05,05:35:00,2.05,2.06,2.05,2.06,196500,0
2016-04-05,05:40:00,2.06,2.06,2.06,2.06,69500,0
2016-04-05,05:45:00,2.06,2.07,2.06,2.07,4000,0
2016-04-05,05:50:00,2.07,2.07,2.07,2.07,9500,0
2016-04-05,05:55:00,2.07,2.07,2.05,2.06,93000,0
2016-04-05,06:00:00,2.06,2.07,2.04,2.05,402500,0
2016-04-05,07:05:00,2.05,2.05,2.03,2.04,100500,0
2016-04-05,07:10:00,2.04,2.05,2.04,2.05,6500,0
2016-04-05,07:15:00,2.05,2.05,2.04,2.05,34500,0
2016-04-05,07:20:00,2.05,2.05,2.04,2.04,18500,0
2016-04-05,07:25:00,2.04,2.05,2.04,2.04,52394,0
2016-04-05,07:30:00,2.04,2.05,2.04,2.04,19375,0
2016-04-05,07:35:00,2.04,2.05,2.04,2.05,2354000,0
2016-04-05,07:40:00,2.05,2.06,2.05,2.06,1000,0
2016-04-05,07:45:00,2.06,2.06,2.05,2.06,16526,0
2016-04-05,07:50:00,2.06,2.06,2.06,2.06,220500,0
2016-04-05,07:55:00,2.06,2.06,2.06,2.06,75000,0
2016-04-05,08:00:00,2.06,2.06,2.06,2.06,12500,0
2016-04-05,08:05:00,2.06,2.06,2.05,2.05,458000,0
2016-04-05,08:10:00,2.05,2.05,2.05,2.05,500,0
2016-04-05,08:15:00,2.05,2.05,2.05,2.05,40000,0
2016-04-05,08:20:00,2.05,2.05,2.04,2.04,2000,0
2016-04-05,08:25:00,2.04,2.05,2.04,2.04,2500,0
2016-04-05,08:30:00,2.04,2.05,2.04,2.05,38000,0
2016-04-05,08:35:00,2.05,2.06,2.05,2.06,400000,0
2016-04-05,08:40:00,2.06,2.06,2.05,2.06,9500,0
2016-04-05,08:45:00,2.06,2.06,2.05,2.05,234500,0
2016-04-05,08:50:00,2.05,2.06,2.05,2.06,505000,0
2016-04-05,08:55:00,2.06,2.06,2.06,2.06,260500,0
2016-04-05,09:00:00,2.06,2.06,2.05,2.05,2500,0
2016-04-05,09:05:00,2.05,2.06,2.05,2.06,17500,0
2016-04-05,09:10:00,2.06,2.06,2.05,2.06,14500,0
2016-04-05,09:15:00,2.06,2.06,2.05,2.05,51000,0
2016-04-05,09:20:00,2.05,2.06,2.05,2.05,82000,0
2016-04-05,09:25:00,2.05,2.06,2.04,2.04,371421,0
2016-04-05,09:30:00,2.04,2.05,2.04,2.05,793500,0
2016-04-05,09:35:00,2.05,2.06,2.05,2.05,10500,0
2016-04-05,09:40:00,2.05,2.06,2.05,2.05,300000,0
2016-04-05,09:45:00,2.05,2.06,2.04,2.06,443500,0
2016-04-05,09:50:00,2.06,2.06,2.05,2.05,369000,0
2016-04-05,09:55:00,2.05,2.06,2.05,2.05,131000,0
2016-04-05,10:00:00,2.05,2.07,2.05,2.07,1600500,0
2016-04-06,03:35:00,2.09,2.09,2.07,2.07,500,0
2016-04-06,03:40:00,2.07,2.08,2.07,2.08,1000,0
2016-04-06,03:45:00,2.08,2.08,2.05,2.05,50500,0
2016-04-06,03:50:00,2.05,2.06,2.05,2.06,4500,0
2016-04-06,03:55:00,2.06,2.06,2.05,2.05,2500,0
2016-04-06,04:00:00,2.05,2.06,2.05,2.06,27500,0
2016-04-06,04:05:00,2.06,2.06,2.06,2.06,6000,0
2016-04-06,04:10:00,2.06,2.06,2.05,2.05,17500,0
2016-04-06,04:15:00,2.05,2.06,2.04,2.05,57500,0
2016-04-06,04:20:00,2.04,2.05,2.04,2.05,159500,0
2016-04-06,04:25:00,2.04,2.05,2.04,2.05,12000,0
2016-04-06,04:30:00,2.04,2.05,2.04,2.05,32500,0
2016-04-06,04:35:00,2.04,2.05,2.04,2.05,12000,0
2016-04-06,04:40:00,2.05,2.05,2.04,2.05,34500,0
2016-04-06,04:45:00,2.04,2.05,2.04,2.05,10000,0
2016-04-06,04:50:00,2.04,2.06,2.04,2.06,298000,0
2016-04-06,04:55:00,2.06,2.06,2.05,2.06,9500,0
2016-04-06,05:00:00,2.06,2.06,2.05,2.05,9500,0
2016-04-06,05:05:00,2.05,2.06,2.05,2.06,26000,0
2016-04-06,05:10:00,2.06,2.06,2.05,2.06,29500,0
2016-04-06,05:15:00,2.06,2.06,2.05,2.06,21500,0
2016-04-06,05:20:00,2.06,2.07,2.06,2.06,307218,0
2016-04-06,05:25:00,2.06,2.06,2.05,2.06,25500,0
2016-04-06,05:30:00,2.06,2.07,2.06,2.06,119730,0
2016-04-06,05:35:00,2.06,2.07,2.06,2.07,16500,0
2016-04-06,05:40:00,2.07,2.08,2.07,2.08,143500,0
2016-04-06,05:45:00,2.08,2.08,2.07,2.08,15500,0
2016-04-06,05:50:00,2.08,2.08,2.07,2.08,19500,0
2016-04-06,05:55:00,2.08,2.08,2.07,2.08,14500,0
2016-04-06,06:00:00,2.08,2.08,2.07,2.07,126500,0
2016-04-06,07:05:00,2.07,2.07,2.06,2.07,67500,0
2016-04-06,07:10:00,2.07,2.07,2.06,2.07,7000,0
2016-04-06,07:15:00,2.07,2.07,2.05,2.06,87500,0
2016-04-06,07:20:00,2.06,2.06,2.05,2.06,110500,0
2016-04-06,07:25:00,2.06,2.06,2.06,2.06,100295,0
2016-04-06,07:30:00,2.06,2.06,2.06,2.06,5000,0
2016-04-06,07:35:00,2.06,2.06,2.06,2.06,15500,0
2016-04-06,07:40:00,2.06,2.07,2.06,2.06,23000,0
2016-04-06,07:45:00,2.06,2.06,2.06,2.06,6000,0
2016-04-06,07:50:00,2.06,2.06,2.06,2.06,108000,0
2016-04-06,07:55:00,2.06,2.07,2.06,2.06,12000,0
2016-04-06,08:00:00,2.06,2.07,2.06,2.06,11000,0
2016-04-06,08:05:00,2.06,2.07,2.06,2.07,50500,0
2016-04-06,08:10:00,2.07,2.07,2.06,2.06,672500,0
2016-04-06,08:15:00,2.06,2.07,2.06,2.06,54000,0
2016-04-06,08:20:00,2.06,2.06,2.05,2.05,11000,0
2016-04-06,08:25:00,2.05,2.06,2.05,2.06,11500,0
2016-04-06,08:30:00,2.06,2.06,2.05,2.06,9500,0
2016-04-06,08:35:00,2.06,2.06,2.05,2.06,45000,0
2016-04-06,08:40:00,2.06,2.06,2.06,2.06,9500,0
2016-04-06,08:45:00,2.06,2.06,2.05,2.06,20000,0
2016-04-06,08:50:00,2.06,2.07,2.06,2.06,609200,0
2016-04-06,08:55:00,2.06,2.06,2.05,2.06,37066,0
2016-04-06,09:00:00,2.06,2.06,2.05,2.05,28000,0
2016-04-06,09:05:00,2.05,2.06,2.05,2.05,122000,0
2016-04-06,09:10:00,2.05,2.06,2.05,2.05,25000,0
2016-04-06,09:15:00,2.05,2.06,2.05,2.06,103750,0
2016-04-06,09:20:00,2.06,2.06,2.05,2.06,48500,0
2016-04-06,09:25:00,2.06,2.06,2.05,2.06,34000,0
2016-04-06,09:30:00,2.06,2.06,2.05,2.05,28500,0
2016-04-06,09:35:00,2.05,2.07,2.05,2.07,431500,0
2016-04-06,09:40:00,2.07,2.07,2.06,2.07,36000,0
2016-04-06,09:45:00,2.07,2.07,2.06,2.07,102500,0
2016-04-06,09:50:00,2.07,2.07,2.05,2.06,385500,0
2016-04-06,09:55:00,2.06,2.06,2.05,2.05,234000,0
2016-04-06,10:00:00,2.05,2.07,2.05,2.06,919500,0
2016-04-07,03:35:00,2.08,2.09,2.07,2.07,1210576,0
2016-04-07,03:40:00,2.07,2.08,2.07,2.08,387500,0
2016-04-07,03:50:00,2.08,2.08,2.08,2.08,13000,0
2016-04-07,03:55:00,2.08,2.08,2.07,2.08,49000,0
2016-04-07,04:00:00,2.08,2.08,2.07,2.07,331000,0
2016-04-07,04:05:00,2.07,2.08,2.07,2.07,486500,0
2016-04-07,04:15:00,2.07,2.08,2.07,2.07,261500,0
2016-04-07,04:20:00,2.07,2.08,2.06,2.07,284264,0
2016-04-07,04:25:00,2.07,2.07,2.07,2.07,138000,0
2016-04-07,04:30:00,2.07,2.07,2.07,2.07,4000,0
2016-04-07,04:35:00,2.07,2.07,2.07,2.07,5000,0
2016-04-07,04:40:00,2.07,2.08,2.07,2.07,398500,0
2016-04-07,04:45:00,2.07,2.08,2.07,2.08,347000,0
2016-04-07,04:50:00,2.08,2.08,2.07,2.08,18000,0
2016-04-07,04:55:00,2.08,2.08,2.07,2.07,1000,0
2016-04-07,05:00:00,2.07,2.08,2.07,2.08,20000,0
2016-04-07,05:05:00,2.08,2.08,2.07,2.07,476000,0
2016-04-07,05:10:00,2.07,2.07,2.06,2.07,54500,0
2016-04-07,05:15:00,2.07,2.07,2.06,2.07,103500,0
2016-04-07,05:20:00,2.07,2.08,2.07,2.07,228500,0
2016-04-07,05:25:00,2.07,2.07,2.07,2.07,16500,0
2016-04-07,05:30:00,2.07,2.07,2.07,2.07,35500,0
2016-04-07,05:35:00,2.07,2.07,2.07,2.07,15000,0
2016-04-07,05:40:00,2.07,2.07,2.07,2.07,27500,0
2016-04-07,05:45:00,2.07,2.08,2.07,2.07,91000,0
2016-04-07,05:50:00,2.07,2.08,2.07,2.07,214000,0
2016-04-07,05:55:00,2.07,2.08,2.07,2.08,157000,0
2016-04-07,06:00:00,2.08,2.08,2.07,2.07,61500,0
2016-04-07,07:05:00,2.07,2.07,2.07,2.07,31500,0
2016-04-07,07:10:00,2.07,2.07,2.07,2.07,6000,0
2016-04-07,07:15:00,2.07,2.08,2.07,2.08,100500,0
2016-04-07,07:20:00,2.08,2.08,2.07,2.08,21500,0
2016-04-07,07:25:00,2.08,2.08,2.07,2.07,158000,0
2016-04-07,07:30:00,2.07,2.08,2.07,2.07,176000,0
2016-04-07,07:35:00,2.07,2.09,2.07,2.08,1082000,0
2016-04-07,07:40:00,2.08,2.1,2.08,2.1,613000,0
2016-04-07,07:45:00,2.1,2.1,2.09,2.09,382500,0
2016-04-07,07:50:00,2.09,2.09,2.07,2.08,588500,0
2016-04-07,07:55:00,2.08,2.08,2.08,2.08,15500,0
2016-04-07,08:00:00,2.08,2.09,2.08,2.08,67000,0
2016-04-07,08:05:00,2.08,2.09,2.08,2.09,808000,0
2016-04-07,08:10:00,2.09,2.1,2.09,2.09,34000,0
2016-04-07,08:15:00,2.09,2.1,2.09,2.1,33500,0
2016-04-07,08:20:00,2.1,2.1,2.09,2.09,182500,0
2016-04-07,08:25:00,2.09,2.1,2.09,2.09,267000,0
2016-04-07,08:30:00,2.09,2.1,2.09,2.09,77500,0
2016-04-07,08:35:00,2.09,2.09,2.08,2.08,91000,0
2016-04-07,08:40:00,2.08,2.1,2.08,2.1,501000,0
2016-04-07,08:45:00,2.1,2.1,2.08,2.08,217000,0
2016-04-07,08:50:00,2.08,2.1,2.08,2.09,1043000,0
2016-04-07,08:55:00,2.09,2.1,2.09,2.1,135000,0
2016-04-07,09:00:00,2.1,2.1,2.09,2.1,437500,0
2016-04-07,09:05:00,2.1,2.1,2.09,2.09,43500,0
2016-04-07,09:10:00,2.09,2.1,2.09,2.1,24500,0
2016-04-07,09:15:00,2.1,2.1,2.09,2.09,562000,0
2016-04-07,09:20:00,2.09,2.09,2.08,2.08,42500,0
2016-04-07,09:25:00,2.08,2.1,2.08,2.09,1942833,0
2016-04-07,09:30:00,2.09,2.1,2.09,2.1,2466,0
2016-04-07,09:35:00,2.1,2.1,2.09,2.1,28000,0
2016-04-07,09:40:00,2.1,2.1,2.09,2.1,76500,0
2016-04-07,09:45:00,2.1,2.1,2.09,2.09,135000,0
2016-04-07,09:50:00,2.09,2.1,2.09,2.1,96841,0
2016-04-07,09:55:00,2.1,2.1,2.09,2.1,646661,0
2016-04-07,10:00:00,2.1,2.1,2.09,2.1,1011500,0
2016-04-08,03:35:00,2.09,2.09,2.09,2.09,62000,0
2016-04-08,03:45:00,2.09,2.09,2.08,2.09,104500,0
2016-04-08,03:50:00,2.09,2.09,2.08,2.08,20080,0
2016-04-08,04:00:00,2.08,2.08,2.07,2.07,285500,0
2016-04-08,04:05:00,2.07,2.07,2.07,2.07,47500,0
2016-04-08,04:15:00,2.07,2.07,2.07,2.07,4000,0
2016-04-08,04:20:00,2.07,2.08,2.07,2.08,12000,0
2016-04-08,04:25:00,2.08,2.08,2.07,2.08,24000,0
2016-04-08,04:30:00,2.08,2.08,2.07,2.07,323500,0
2016-04-08,04:35:00,2.07,2.07,2.07,2.07,97000,0
2016-04-08,04:40:00,2.06,2.08,2.06,2.07,177500,0
2016-04-08,04:45:00,2.07,2.08,2.07,2.07,228500,0
2016-04-08,04:50:00,2.07,2.08,2.07,2.08,67500,0
2016-04-08,04:55:00,2.08,2.08,2.07,2.08,18500,0
2016-04-08,05:00:00,2.08,2.08,2.08,2.08,108500,0
2016-04-08,05:05:00,2.08,2.08,2.08,2.08,121000,0
2016-04-08,05:10:00,2.08,2.08,2.08,2.08,14500,0
2016-04-08,05:15:00,2.08,2.08,2.08,2.08,29500,0
2016-04-08,05:20:00,2.08,2.08,2.07,2.08,19500,0
2016-04-08,05:25:00,2.08,2.08,2.08,2.08,6500,0
2016-04-08,05:30:00,2.08,2.08,2.07,2.08,54500,0
2016-04-08,05:35:00,2.08,2.08,2.07,2.08,28000,0
2016-04-08,05:40:00,2.08,2.08,2.07,2.08,49500,0
2016-04-08,05:45:00,2.08,2.08,2.07,2.08,86000,0
2016-04-08,05:50:00,2.08,2.08,2.07,2.07,395500,0
2016-04-08,06:00:00,2.07,2.07,2.07,2.07,4500,0
2016-04-08,07:05:00,2.07,2.08,2.07,2.08,3500,0
2016-04-08,07:10:00,2.08,2.09,2.07,2.09,346500,0
2016-04-08,07:15:00,2.09,2.09,2.09,2.09,9000,0
2016-04-08,07:20:00,2.09,2.09,2.09,2.09,35500,0
2016-04-08,07:25:00,2.09,2.09,2.09,2.09,22500,0
2016-04-08,07:30:00,2.09,2.09,2.08,2.08,329500,0
2016-04-08,07:35:00,2.08,2.08,2.07,2.08,69000,0
2016-04-08,07:40:00,2.08,2.08,2.08,2.08,23500,0
2016-04-08,07:45:00,2.08,2.08,2.07,2.08,74500,0
2016-04-08,07:50:00,2.08,2.08,2.08,2.08,6000,0
2016-04-08,07:55:00,2.08,2.08,2.08,2.08,44500,0
2016-04-08,08:00:00,2.08,2.08,2.07,2.08,63000,0
2016-04-08,08:05:00,2.08,2.08,2.08,2.08,64500,0
2016-04-08,08:10:00,2.08,2.08,2.07,2.08,52000,0
2016-04-08,08:15:00,2.08,2.08,2.07,2.08,178818,0
2016-04-08,08:20:00,2.08,2.08,2.07,2.08,52000,0
2016-04-08,08:25:00,2.08,2.08,2.07,2.07,874777,0
2016-04-08,08:30:00,2.07,2.07,2.07,2.07,91500,0
2016-04-08,08:35:00,2.07,2.07,2.07,2.07,251000,0
2016-04-08,08:40:00,2.07,2.07,2.07,2.07,148500,0
2016-04-08,08:45:00,2.07,2.07,2.07,2.07,134000,0
2016-04-08,08:50:00,2.07,2.08,2.07,2.07,127667,0
2016-04-08,08:55:00,2.07,2.07,2.07,2.07,30027,0
2016-04-08,09:00:00,2.07,2.07,2.07,2.07,192000,0
2016-04-08,09:05:00,2.07,2.07,2.07,2.07,108500,0
2016-04-08,09:10:00,2.07,2.07,2.07,2.07,39500,0
2016-04-08,09:15:00,2.07,2.07,2.07,2.07,304000,0
2016-04-08,09:20:00,2.07,2.09,2.07,2.08,584500,0
2016-04-08,09:25:00,2.08,2.09,2.08,2.08,65000,0
2016-04-08,09:30:00,2.08,2.09,2.08,2.09,101500,0
2016-04-08,09:35:00,2.09,2.09,2.08,2.08,976657,0
2016-04-08,09:40:00,2.08,2.08,2.07,2.08,139500,0
2016-04-08,09:45:00,2.08,2.08,2.07,2.08,206000,0
2016-04-08,09:50:00,2.08,2.08,2.07,2.07,172000,0
2016-04-08,09:55:00,2.07,2.08,2.07,2.08,305566,0
2016-04-08,10:00:00,2.08,2.09,2.07,2.09,2012000,0
2016-04-11,03:35:00,2.09,2.1,2.07,2.09,455000,0
2016-04-11,03:40:00,2.09,2.09,2.09,2.09,500,0
2016-04-11,03:45:00,2.09,2.09,2.08,2.09,1079000,0
2016-04-11,03:50:00,2.09,2.1,2.09,2.1,326000,0
2016-04-11,03:55:00,2.1,2.1,2.09,2.09,31000,0
2016-04-11,04:05:00,2.09,2.09,2.09,2.09,2500,0
2016-04-11,04:10:00,2.09,2.09,2.09,2.09,20000,0
2016-04-11,04:15:00,2.09,2.09,2.09,2.09,40000,0
2016-04-11,04:20:00,2.09,2.09,2.09,2.09,500,0
2016-04-11,04:25:00,2.09,2.09,2.09,2.09,500,0
2016-04-11,04:30:00,2.09,2.1,2.09,2.09,16000,0
2016-04-11,04:35:00,2.09,2.09,2.09,2.09,7000,0
2016-04-11,04:40:00,2.09,2.09,2.09,2.09,48000,0
2016-04-11,04:45:00,2.09,2.1,2.09,2.09,217500,0
2016-04-11,04:50:00,2.09,2.11,2.09,2.11,687500,0
2016-04-11,04:55:00,2.11,2.11,2.11,2.11,161500,0
2016-04-11,05:00:00,2.11,2.12,2.11,2.12,707500,0
2016-04-11,05:05:00,2.12,2.12,2.11,2.11,50500,0
2016-04-11,05:10:00,2.11,2.12,2.11,2.11,200500,0
2016-04-11,05:15:00,2.11,2.11,2.1,2.1,18000,0
2016-04-11,05:20:00,2.1,2.1,2.1,2.1,1400,0
2016-04-11,05:25:00,2.1,2.1,2.1,2.1,250000,0
2016-04-11,05:30:00,2.1,2.1,2.1,2.1,17500,0
2016-04-11,05:35:00,2.1,2.1,2.1,2.1,2000,0
2016-04-11,05:40:00,2.1,2.11,2.1,2.1,18000,0
2016-04-11,05:45:00,2.1,2.1,2.1,2.1,170732,0
2016-04-11,05:50:00,2.1,2.11,2.1,2.1,78833,0
2016-04-11,05:55:00,2.1,2.11,2.1,2.1,55500,0
2016-04-11,06:00:00,2.1,2.11,2.1,2.1,104500,0
2016-04-11,07:05:00,2.1,2.1,2.1,2.1,125800,0
2016-04-11,07:10:00,2.1,2.11,2.1,2.1,320000,0
2016-04-11,07:15:00,2.1,2.11,2.1,2.11,95500,0
2016-04-11,07:20:00,2.11,2.11,2.11,2.11,6500,0
2016-04-11,07:30:00,2.11,2.11,2.1,2.1,17000,0
2016-04-11,07:35:00,2.1,2.11,2.1,2.11,7000,0
2016-04-11,07:40:00,2.11,2.11,2.1,2.1,7500,0
2016-04-11,07:45:00,2.1,2.11,2.1,2.11,34500,0
2016-04-11,07:50:00,2.11,2.11,2.1,2.11,8000,0
2016-04-11,07:55:00,2.11,2.11,2.1,2.1,14500,0
2016-04-11,08:00:00,2.1,2.1,2.1,2.1,1000,0
2016-04-11,08:05:00,2.1,2.11,2.1,2.11,1210656,0
2016-04-11,08:10:00,2.11,2.12,2.11,2.11,493000,0
2016-04-11,08:15:00,2.11,2.11,2.11,2.11,53000,0
2016-04-11,08:20:00,2.11,2.11,2.11,2.11,56500,0
2016-04-11,08:25:00,2.11,2.12,2.11,2.12,74000,0
2016-04-11,08:30:00,2.12,2.12,2.11,2.12,193797,0
2016-04-11,08:35:00,2.12,2.12,2.11,2.11,77000,0
2016-04-11,08:40:00,2.11,2.12,2.11,2.11,311000,0
2016-04-11,08:45:00,2.11,2.11,2.11,2.11,111500,0
2016-04-11,08:50:00,2.11,2.11,2.11,2.11,333000,0
2016-04-11,08:55:00,2.11,2.11,2.1,2.11,243281,0
2016-04-11,09:00:00,2.11,2.11,2.1,2.1,85500,0
2016-04-11,09:05:00,2.1,2.11,2.1,2.11,114500,0
2016-04-11,09:10:00,2.11,2.11,2.1,2.11,85000,0
2016-04-11,09:15:00,2.11,2.11,2.11,2.11,65500,0
2016-04-11,09:20:00,2.11,2.11,2.11,2.11,107500,0
2016-04-11,09:25:00,2.11,2.11,2.1,2.11,396000,0
2016-04-11,09:30:00,2.11,2.11,2.1,2.1,66500,0
2016-04-11,09:35:00,2.1,2.11,2.1,2.11,139500,0
2016-04-11,09:40:00,2.11,2.11,2.1,2.11,118500,0
2016-04-11,09:45:00,2.11,2.11,2.1,2.1,165000,0
2016-04-11,09:50:00,2.1,2.11,2.1,2.11,73500,0
2016-04-11,09:55:00,2.11,2.12,2.1,2.11,939000,0
2016-04-11,10:00:00,2.11,2.12,2.11,2.12,1478500,0
2016-04-12,03:40:00,2.13,2.13,2.11,2.11,11000,0
2016-04-12,03:45:00,2.11,2.12,2.1,2.1,102500,0
2016-04-12,03:50:00,2.1,2.11,2.1,2.1,35000,0
2016-04-12,03:55:00,2.1,2.11,2.08,2.08,255000,0
2016-04-12,04:00:00,2.08,2.09,2.08,2.08,120500,0
2016-04-12,04:05:00,2.08,2.08,2.08,2.08,2500,0
2016-04-12,04:10:00,2.08,2.09,2.08,2.08,186000,0
2016-04-12,04:15:00,2.08,2.08,2.08,2.08,166500,0
2016-04-12,04:20:00,2.08,2.08,2.08,2.08,5000,0
2016-04-12,04:25:00,2.08,2.08,2.07,2.07,288500,0
2016-04-12,04:30:00,2.07,2.09,2.07,2.08,39000,0
2016-04-12,04:35:00,2.08,2.08,2.08,2.08,2000,0
2016-04-12,04:45:00,2.08,2.08,2.08,2.08,13500,0
2016-04-12,04:50:00,2.08,2.09,2.08,2.08,104500,0
2016-04-12,04:55:00,2.08,2.09,2.08,2.08,22500,0
2016-04-12,05:00:00,2.08,2.08,2.08,2.08,19000,0
2016-04-12,05:05:00,2.08,2.08,2.08,2.08,114000,0
2016-04-12,05:10:00,2.08,2.08,2.07,2.07,213500,0
2016-04-12,05:15:00,2.07,2.07,2.07,2.07,31000,0
2016-04-12,05:20:00,2.07,2.07,2.07,2.07,20000,0
2016-04-12,05:25:00,2.07,2.09,2.07,2.08,440500,0
2016-04-12,05:30:00,2.08,2.08,2.08,2.08,12000,0
2016-04-12,05:35:00,2.08,2.09,2.08,2.08,42333,0
2016-04-12,05:40:00,2.08,2.08,2.08,2.08,13000,0
2016-04-12,05:45:00,2.08,2.08,2.08,2.08,24000,0
2016-04-12,05:50:00,2.08,2.09,2.08,2.08,243000,0
2016-04-12,05:55:00,2.08,2.08,2.07,2.07,301000,0
2016-04-12,06:00:00,2.07,2.07,2.07,2.07,15000,0
2016-04-12,07:05:00,2.07,2.07,2.07,2.07,404500,0
2016-04-12,07:10:00,2.07,2.07,2.07,2.07,29000,0
2016-04-12,07:15:00,2.07,2.08,2.07,2.08,91500,0
2016-04-12,07:20:00,2.08,2.08,2.07,2.07,58500,0
2016-04-12,07:25:00,2.07,2.07,2.07,2.07,12000,0
2016-04-12,07:35:00,2.07,2.07,2.07,2.07,15500,0
2016-04-12,07:40:00,2.07,2.08,2.07,2.08,26000,0
2016-04-12,07:45:00,2.08,2.08,2.07,2.07,137500,0
2016-04-12,07:50:00,2.07,2.08,2.07,2.08,29000,0
2016-04-12,07:55:00,2.08,2.08,2.07,2.08,59500,0
2016-04-12,08:00:00,2.08,2.08,2.07,2.08,69500,0
2016-04-12,08:05:00,2.08,2.08,2.07,2.07,254500,0
2016-04-12,08:10:00,2.07,2.08,2.07,2.08,149500,0
2016-04-12,08:15:00,2.08,2.08,2.07,2.08,28000,0
2016-04-12,08:20:00,2.08,2.08,2.07,2.08,23500,0
2016-04-12,08:25:00,2.08,2.08,2.07,2.08,51052,0
2016-04-12,08:30:00,2.08,2.08,2.07,2.08,35000,0
2016-04-12,08:35:00,2.08,2.08,2.07,2.08,19500,0
2016-04-12,08:40:00,2.08,2.08,2.07,2.07,29000,0
2016-04-12,08:45:00,2.07,2.08,2.07,2.07,20500,0
2016-04-12,08:50:00,2.07,2.08,2.07,2.07,49000,0
2016-04-12,08:55:00,2.07,2.08,2.07,2.07,33500,0
2016-04-12,09:00:00,2.07,2.08,2.07,2.08,75000,0
2016-04-12,09:05:00,2.08,2.08,2.07,2.07,210000,0
2016-04-12,09:10:00,2.07,2.08,2.07,2.07,237000,0
2016-04-12,09:15:00,2.07,2.07,2.07,2.07,74500,0
2016-04-12,09:20:00,2.07,2.08,2.07,2.08,133000,0
2016-04-12,09:25:00,2.08,2.08,2.07,2.07,44500,0
2016-04-12,09:30:00,2.07,2.08,2.07,2.07,37000,0
2016-04-12,09:35:00,2.07,2.08,2.07,2.08,23500,0
2016-04-12,09:40:00,2.08,2.08,2.07,2.07,43500,0
2016-04-12,09:45:00,2.07,2.08,2.07,2.07,42500,0
2016-04-12,09:50:00,2.07,2.08,2.07,2.07,64500,0
2016-04-12,09:55:00,2.07,2.08,2.07,2.07,143000,0
2016-04-12,10:00:00,2.07,2.08,2.06,2.06,1919000,0
2016-04-13,03:35:00,2.09,2.09,2.08,2.08,9500,0
2016-04-13,03:40:00,2.08,2.09,2.08,2.09,117000,0
2016-04-13,03:45:00,2.09,2.09,2.08,2.08,67500,0
2016-04-13,03:50:00,2.08,2.08,2.08,2.08,103000,0
2016-04-13,03:55:00,2.08,2.09,2.08,2.09,16000,0
2016-04-13,04:00:00,2.09,2.09,2.09,2.09,14000,0
2016-04-13,04:05:00,2.09,2.09,2.09,2.09,8500,0
2016-04-13,04:10:00,2.09,2.1,2.09,2.09,619050,0
2016-04-13,04:15:00,2.09,2.09,2.09,2.09,20000,0
2016-04-13,04:20:00,2.09,2.09,2.09,2.09,61500,0
2016-04-13,04:25:00,2.09,2.09,2.08,2.09,218500,0
2016-04-13,04:30:00,2.09,2.09,2.07,2.09,431500,0
2016-04-13,04:35:00,2.09,2.09,2.08,2.08,157000,0
2016-04-13,04:40:00,2.08,2.09,2.08,2.09,339833,0
2016-04-13,04:50:00,2.09,2.09,2.08,2.09,113500,0
2016-04-13,04:55:00,2.09,2.09,2.08,2.09,901500,0
2016-04-13,05:00:00,2.09,2.1,2.09,2.09,394500,0
2016-04-13,05:05:00,2.09,2.09,2.08,2.08,218000,0
2016-04-13,05:10:00,2.08,2.08,2.08,2.08,220000,0
2016-04-13,05:15:00,2.08,2.08,2.08,2.08,133000,0
2016-04-13,05:20:00,2.08,2.09,2.07,2.09,437500,0
2016-04-13,05:25:00,2.09,2.09,2.06,2.08,280000,0
2016-04-13,05:30:00,2.08,2.08,2.08,2.08,29500,0
2016-04-13,05:40:00,2.08,2.08,2.07,2.07,351500,0
2016-04-13,05:45:00,2.07,2.07,2.07,2.07,16500,0
2016-04-13,05:50:00,2.07,2.07,2.07,2.07,20000,0
2016-04-13,05:55:00,2.07,2.08,2.06,2.08,370500,0
2016-04-13,06:00:00,2.08,2.08,2.08,2.08,35500,0
2016-04-13,07:05:00,2.08,2.08,2.08,2.08,53000,0
2016-04-13,07:10:00,2.08,2.08,2.07,2.07,96500,0
2016-04-13,07:15:00,2.07,2.08,2.07,2.08,280000,0
2016-04-13,07:20:00,2.08,2.09,2.08,2.09,13135,0
2016-04-13,07:25:00,2.09,2.1,2.09,2.1,526500,0
2016-04-13,07:30:00,2.1,2.1,2.09,2.09,494000,0
2016-04-13,07:35:00,2.09,2.09,2.09,2.09,246,0
2016-04-13,07:40:00,2.09,2.09,2.08,2.08,5500,0
2016-04-13,07:45:00,2.08,2.09,2.08,2.09,4000,0
2016-04-13,07:50:00,2.09,2.09,2.09,2.09,2000,0
2016-04-13,07:55:00,2.09,2.09,2.09,2.09,4000,0
2016-04-13,08:00:00,2.09,2.09,2.08,2.09,15000,0
2016-04-13,08:10:00,2.09,2.09,2.08,2.08,219000,0
2016-04-13,08:15:00,2.08,2.09,2.08,2.09,26000,0
2016-04-13,08:20:00,2.09,2.09,2.08,2.08,460000,0
2016-04-13,08:25:00,2.08,2.08,2.07,2.08,35000,0
2016-04-13,08:30:00,2.08,2.08,2.07,2.07,186000,0
2016-04-13,08:35:00,2.07,2.07,2.07,2.07,2000,0
2016-04-13,08:45:00,2.07,2.08,2.07,2.08,15000,0
2016-04-13,08:50:00,2.08,2.08,2.07,2.08,15000,0
2016-04-13,08:55:00,2.08,2.08,2.07,2.08,32500,0
2016-04-13,09:00:00,2.08,2.08,2.07,2.07,47000,0
2016-04-13,09:05:00,2.07,2.08,2.07,2.08,36000,0
2016-04-13,09:10:00,2.08,2.08,2.07,2.08,38500,0
2016-04-13,09:15:00,2.08,2.08,2.07,2.08,88500,0
2016-04-13,09:20:00,2.08,2.08,2.07,2.08,298000,0
2016-04-13,09:25:00,2.08,2.08,2.08,2.08,59500,0
2016-04-13,09:30:00,2.08,2.08,2.08,2.08,31000,0
2016-04-13,09:35:00,2.08,2.09,2.08,2.08,21000,0
2016-04-13,09:40:00,2.08,2.08,2.08,2.08,4000,0
2016-04-13,09:45:00,2.08,2.09,2.08,2.08,60000,0
2016-04-13,09:50:00,2.08,2.08,2.08,2.08,8500,0
2016-04-13,09:55:00,2.08,2.09,2.08,2.09,123500,0
2016-04-13,10:00:00,2.09,2.09,2.08,2.09,799000,0
