Date,Time,Open,High,Low,Close,Volume,OpenInt
2016-02-04,02:40:00,0.88,0.88,0.81,0.86,16000,0
2016-02-04,03:05:00,0.85,0.85,0.81,0.81,20000,0
2016-02-04,03:20:00,0.81,0.81,0.81,0.81,16000,0
2016-02-04,03:25:00,0.81,0.81,0.81,0.81,8000,0
2016-02-04,03:55:00,0.81,0.81,0.81,0.81,4000,0
2016-02-04,04:05:00,0.81,0.82,0.81,0.82,8000,0
2016-02-04,07:35:00,0.8,0.81,0.8,0.81,12000,0
2016-02-04,07:40:00,0.81,0.81,0.81,0.81,120000,0
2016-02-04,07:50:00,0.81,0.82,0.81,0.82,100000,0
2016-02-04,08:00:00,0.8,0.83,0.8,0.83,12000,0
2016-02-04,08:50:00,0.83,0.83,0.83,0.83,4000,0
2016-02-05,06:05:00,0.8,0.8,0.8,0.8,28000,0
2016-02-05,06:10:00,0.8,0.8,0.78,0.78,8000,0
2016-02-05,06:25:00,0.78,0.78,0.78,0.78,28000,0
2016-02-05,06:50:00,0.78,0.78,0.78,0.78,4000,0
2016-02-05,09:00:00,0.77,0.79,0.77,0.79,16000,0
2016-02-11,03:50:00,0.75,0.78,0.75,0.78,20000,0
2016-02-12,03:30:00,0.78,0.86,0.78,0.86,12000,0
2016-02-12,03:55:00,0.84,0.84,0.78,0.78,8000,0
2016-02-12,04:05:00,0.78,0.78,0.78,0.78,4000,0
2016-02-12,05:00:00,0.76,0.8,0.76,0.8,8000,0
2016-02-12,07:20:00,0.8,0.8,0.8,0.8,8000,0
2016-02-15,06:55:00,0.8,0.8,0.8,0.8,16000,0
2016-02-15,07:05:00,0.8,0.84,0.8,0.84,8000,0
2016-02-15,08:20:00,0.82,0.82,0.82,0.82,20000,0
2016-02-15,09:00:00,0.78,0.83,0.78,0.83,16000,0
2016-02-16,02:45:00,0.71,0.83,0.65,0.7,400000,0
2016-02-16,02:50:00,0.72,0.74,0.71,0.74,584000,0
2016-02-16,02:55:00,0.74,0.78,0.74,0.78,64000,0
2016-02-16,03:10:00,0.78,0.79,0.78,0.79,52000,0
2016-02-16,03:55:00,0.78,0.79,0.78,0.79,56000,0
2016-02-16,04:40:00,0.77,0.77,0.77,0.77,4000,0
2016-02-16,05:00:00,0.77,0.79,0.77,0.79,8000,0
2016-02-16,06:20:00,0.79,0.79,0.74,0.75,196000,0
2016-02-16,07:00:00,0.74,0.78,0.74,0.78,8000,0
2016-02-16,07:15:00,0.78,0.78,0.72,0.75,328000,0
2016-02-16,07:25:00,0.74,0.74,0.73,0.73,12000,0
2016-02-16,07:35:00,0.73,0.73,0.73,0.73,12000,0
2016-02-16,07:40:00,0.73,0.74,0.73,0.74,28000,0
2016-02-16,07:50:00,0.74,0.74,0.74,0.74,28000,0
2016-02-16,07:55:00,0.74,0.75,0.74,0.75,12000,0
2016-02-16,08:00:00,0.75,0.75,0.75,0.75,4000,0
2016-02-16,08:05:00,0.75,0.75,0.72,0.72,152000,0
2016-02-16,08:35:00,0.72,0.72,0.72,0.72,40000,0
2016-02-16,08:45:00,0.72,0.72,0.7,0.7,228000,0
2016-02-16,08:50:00,0.7,0.72,0.68,0.72,380000,0
2016-02-16,09:00:00,0.7,0.71,0.7,0.7,164000,0
2016-02-17,02:35:00,0.7,0.71,0.7,0.71,12000,0
2016-02-17,03:00:00,0.71,0.71,0.71,0.71,4000,0
2016-02-17,03:10:00,0.71,0.71,0.68,0.68,12000,0
2016-02-17,03:15:00,0.68,0.68,0.67,0.67,160000,0
2016-02-17,03:20:00,0.67,0.68,0.66,0.68,216000,0
2016-02-17,03:25:00,0.68,0.68,0.68,0.68,8000,0
2016-02-17,03:30:00,0.68,0.68,0.67,0.67,8000,0
2016-02-17,03:35:00,0.68,0.7,0.66,0.68,16000,0
2016-02-17,03:55:00,0.66,0.67,0.66,0.67,12000,0
2016-02-17,04:10:00,0.66,0.67,0.66,0.67,8000,0
2016-02-17,04:20:00,0.67,0.67,0.67,0.67,8000,0
2016-02-17,04:25:00,0.67,0.67,0.67,0.67,140000,0
2016-02-17,04:40:00,0.67,0.67,0.67,0.67,8000,0
2016-02-17,04:45:00,0.67,0.67,0.67,0.67,32000,0
2016-02-17,06:05:00,0.67,0.68,0.67,0.68,12000,0
2016-02-17,06:10:00,0.68,0.69,0.68,0.69,96000,0
2016-02-17,06:15:00,0.69,0.69,0.69,0.69,4000,0
2016-02-17,06:25:00,0.69,0.69,0.69,0.69,12000,0
2016-02-17,06:35:00,0.69,0.69,0.69,0.69,4000,0
2016-02-17,07:00:00,0.69,0.7,0.69,0.7,88000,0
2016-02-17,07:20:00,0.7,0.7,0.7,0.7,12000,0
2016-02-17,07:50:00,0.7,0.71,0.7,0.71,40000,0
2016-02-17,08:30:00,0.71,0.72,0.71,0.72,52000,0
2016-02-17,08:35:00,0.72,0.73,0.71,0.72,64000,0
2016-02-18,02:45:00,0.74,0.74,0.72,0.74,8000,0
2016-02-18,03:00:00,0.74,0.74,0.73,0.73,48000,0
2016-02-18,03:15:00,0.71,0.73,0.71,0.73,8000,0
2016-02-18,03:40:00,0.72,0.73,0.72,0.72,64000,0
2016-02-18,03:55:00,0.71,0.73,0.71,0.73,64000,0
2016-02-18,04:10:00,0.73,0.74,0.73,0.74,160000,0
2016-02-18,04:20:00,0.74,0.74,0.73,0.73,8000,0
2016-02-18,04:25:00,0.73,0.73,0.73,0.73,4000,0
2016-02-18,05:00:00,0.73,0.73,0.72,0.72,36000,0
2016-02-18,06:10:00,0.72,0.74,0.72,0.74,8000,0
2016-02-18,06:30:00,0.74,0.74,0.73,0.73,8000,0
2016-02-18,06:35:00,0.73,0.73,0.72,0.72,40000,0
2016-02-18,06:40:00,0.72,0.72,0.72,0.72,4000,0
2016-02-18,07:45:00,0.72,0.73,0.72,0.73,148000,0
2016-02-18,07:55:00,0.73,0.73,0.72,0.72,180000,0
2016-02-18,08:00:00,0.72,0.74,0.72,0.73,12000,0
2016-02-18,08:10:00,0.74,0.74,0.72,0.72,140000,0
2016-02-18,08:25:00,0.73,0.73,0.73,0.73,8000,0
2016-02-18,09:00:00,0.73,0.74,0.73,0.74,20000,0
2016-02-19,02:35:00,0.82,0.82,0.74,0.8,12000,0
2016-02-19,02:40:00,0.79,0.79,0.79,0.79,44000,0
2016-02-19,02:45:00,0.78,0.78,0.75,0.75,16000,0
2016-02-19,02:55:00,0.75,0.75,0.75,0.75,4000,0
2016-02-19,03:00:00,0.75,0.78,0.75,0.78,8000,0
2016-02-19,03:15:00,0.75,0.75,0.75,0.75,4000,0
2016-02-19,03:20:00,0.75,0.77,0.75,0.77,28000,0
2016-02-19,03:25:00,0.77,0.78,0.77,0.78,36000,0
2016-02-19,03:40:00,0.78,0.79,0.78,0.79,32000,0
2016-02-19,03:45:00,0.78,0.85,0.78,0.85,284000,0
2016-02-19,03:50:00,0.85,0.85,0.76,0.8,164000,0
2016-02-19,03:55:00,0.8,0.8,0.8,0.8,8000,0
2016-02-19,04:00:00,0.8,0.8,0.78,0.78,8000,0
2016-02-19,04:05:00,0.78,0.78,0.75,0.75,198000,0
2016-02-19,04:10:00,0.75,0.75,0.75,0.75,52000,0
2016-02-19,04:20:00,0.75,0.75,0.75,0.75,4000,0
2016-02-19,04:25:00,0.75,0.77,0.75,0.77,8000,0
2016-02-19,04:40:00,0.77,0.77,0.75,0.75,100000,0
2016-02-19,04:45:00,0.75,0.77,0.75,0.77,12000,0
2016-02-19,05:00:00,0.77,0.77,0.75,0.77,16000,0
2016-02-19,06:15:00,0.77,0.77,0.75,0.75,160000,0
2016-02-19,06:20:00,0.75,0.76,0.75,0.76,8000,0
2016-02-19,07:00:00,0.76,0.76,0.76,0.76,4000,0
2016-02-19,07:05:00,0.76,0.77,0.76,0.77,104000,0
2016-02-19,07:55:00,0.77,0.77,0.76,0.76,120000,0
2016-02-19,08:30:00,0.76,0.77,0.76,0.76,16000,0
2016-02-19,08:35:00,0.77,0.77,0.77,0.77,8000,0
2016-02-19,08:50:00,0.77,0.77,0.75,0.75,44000,0
2016-02-19,08:55:00,0.75,0.75,0.75,0.75,12000,0
2016-02-19,09:00:00,0.75,0.78,0.75,0.78,128000,0
2016-02-22,02:35:00,0.68,0.79,0.68,0.79,8000,0
2016-02-22,02:55:00,0.78,0.78,0.73,0.73,136000,0
2016-02-22,03:00:00,0.73,0.73,0.73,0.73,28000,0
2016-02-22,03:05:00,0.74,0.74,0.74,0.74,16000,0
2016-02-22,03:15:00,0.74,0.74,0.74,0.74,12000,0
2016-02-22,03:25:00,0.74,0.77,0.74,0.77,12000,0
2016-02-22,03:30:00,0.77,0.77,0.72,0.72,344000,0
2016-02-22,03:40:00,0.72,0.76,0.72,0.76,8000,0
2016-02-22,04:10:00,0.75,0.75,0.71,0.71,40000,0
2016-02-22,04:15:00,0.71,0.75,0.71,0.75,8000,0
2016-02-22,04:50:00,0.75,0.75,0.72,0.72,128000,0
2016-02-22,05:00:00,0.72,0.75,0.72,0.75,8000,0
2016-02-22,06:05:00,0.75,0.75,0.72,0.72,8000,0
2016-02-22,06:40:00,0.72,0.72,0.72,0.72,32000,0
2016-02-22,06:55:00,0.73,0.73,0.73,0.73,12000,0
2016-02-22,07:15:00,0.73,0.73,0.73,0.73,4000,0
2016-02-22,07:25:00,0.73,0.73,0.73,0.73,8000,0
2016-02-22,07:55:00,0.73,0.73,0.73,0.73,4000,0
2016-02-22,08:20:00,0.73,0.73,0.72,0.72,316000,0
2016-02-22,08:25:00,0.72,0.73,0.72,0.72,44000,0
2016-02-22,08:35:00,0.73,0.73,0.73,0.73,40000,0
2016-02-22,08:40:00,0.73,0.73,0.72,0.73,244000,0
2016-02-22,08:45:00,0.73,0.74,0.73,0.74,196000,0
2016-02-22,08:50:00,0.74,0.75,0.74,0.75,156000,0
2016-02-22,08:55:00,0.75,0.75,0.75,0.75,80000,0
2016-02-22,09:00:00,0.75,0.76,0.74,0.76,152000,0
2016-02-23,02:35:00,0.76,0.8,0.76,0.78,88000,0
2016-02-23,02:45:00,0.78,0.8,0.78,0.78,76000,0
2016-02-23,02:55:00,0.78,0.79,0.78,0.79,232000,0
2016-02-23,03:10:00,0.79,0.8,0.79,0.79,108000,0
2016-02-23,03:15:00,0.79,0.8,0.79,0.8,100000,0
2016-02-23,03:20:00,0.8,0.8,0.8,0.8,20000,0
2016-02-23,03:25:00,0.8,0.8,0.79,0.79,24000,0
2016-02-23,03:30:00,0.79,0.79,0.78,0.78,64000,0
2016-02-23,03:40:00,0.79,0.79,0.78,0.78,84000,0
2016-02-23,03:45:00,0.76,0.79,0.76,0.79,8000,0
2016-02-23,03:50:00,0.79,0.79,0.79,0.79,8000,0
2016-02-23,03:55:00,0.79,0.79,0.79,0.79,44000,0
2016-02-23,04:20:00,0.78,0.78,0.78,0.78,8000,0
2016-02-23,06:15:00,0.78,0.78,0.78,0.78,60000,0
2016-02-23,08:00:00,0.78,0.78,0.78,0.78,24000,0
2016-02-23,08:10:00,0.78,0.78,0.78,0.78,20000,0
2016-02-23,08:15:00,0.78,0.8,0.78,0.8,816000,0
2016-02-23,08:20:00,0.8,0.81,0.8,0.8,144000,0
2016-02-23,08:25:00,0.8,0.8,0.8,0.8,2000000,0
2016-02-23,08:30:00,0.8,0.8,0.8,0.8,148000,0
2016-02-23,08:35:00,0.8,0.8,0.8,0.8,4000,0
2016-02-23,08:45:00,0.8,0.8,0.78,0.8,200000,0
2016-02-23,08:50:00,0.8,0.8,0.8,0.8,338000,0
2016-02-23,09:00:00,0.8,0.8,0.79,0.8,68000,0
2016-02-24,02:35:00,0.8,0.8,0.8,0.8,4000,0
2016-02-24,02:40:00,0.81,0.82,0.81,0.82,72000,0
2016-02-24,02:45:00,0.82,0.82,0.82,0.82,20000,0
2016-02-24,02:55:00,0.82,0.82,0.82,0.82,8000,0
2016-02-24,03:10:00,0.81,0.81,0.8,0.8,24000,0
2016-02-24,03:15:00,0.8,0.8,0.8,0.8,16000,0
2016-02-24,03:20:00,0.8,0.8,0.8,0.8,176000,0
2016-02-24,03:25:00,0.8,0.8,0.8,0.8,124000,0
2016-02-24,03:30:00,0.8,0.81,0.79,0.81,456000,0
2016-02-24,03:45:00,0.81,0.81,0.8,0.81,56000,0
2016-02-24,03:50:00,0.81,0.81,0.77,0.8,120000,0
2016-02-24,03:55:00,0.8,0.8,0.8,0.8,36000,0
2016-02-24,04:00:00,0.8,0.8,0.8,0.8,4000,0
2016-02-24,04:25:00,0.8,0.81,0.8,0.8,96000,0
2016-02-24,06:55:00,0.8,0.8,0.8,0.8,32000,0
2016-02-24,07:00:00,0.8,0.8,0.8,0.8,200000,0
2016-02-24,07:05:00,0.8,0.81,0.8,0.81,12000,0
2016-02-24,07:10:00,0.81,0.81,0.81,0.81,48000,0
2016-02-24,07:20:00,0.81,0.81,0.81,0.81,60000,0
2016-02-24,07:25:00,0.81,0.82,0.81,0.82,8000,0
2016-02-24,07:35:00,0.82,0.82,0.82,0.82,4000,0
2016-02-24,07:55:00,0.81,0.82,0.81,0.82,288000,0
2016-02-24,08:00:00,0.82,0.82,0.82,0.82,12000,0
2016-02-24,08:05:00,0.82,0.82,0.82,0.82,120000,0
2016-02-24,08:30:00,0.81,0.81,0.79,0.79,88000,0
2016-02-24,08:50:00,0.79,0.81,0.79,0.81,8000,0
2016-02-25,02:35:00,0.8,0.8,0.8,0.8,84000,0
2016-02-25,02:40:00,0.8,0.8,0.79,0.79,48000,0
2016-02-25,02:50:00,0.79,0.82,0.79,0.82,168000,0
2016-02-25,03:10:00,0.82,0.82,0.82,0.82,28000,0
2016-02-25,03:25:00,0.81,0.81,0.8,0.8,52000,0
2016-02-25,03:35:00,0.8,0.8,0.79,0.79,80000,0
2016-02-25,04:10:00,0.79,0.79,0.79,0.79,44000,0
2016-02-25,04:25:00,0.79,0.8,0.79,0.8,68000,0
2016-02-25,04:30:00,0.8,0.8,0.79,0.79,32000,0
2016-02-25,04:35:00,0.79,0.79,0.79,0.79,220000,0
2016-02-25,06:20:00,0.79,0.79,0.79,0.79,200000,0
2016-02-25,06:40:00,0.79,0.79,0.79,0.79,204000,0
2016-02-25,07:45:00,0.79,0.79,0.79,0.79,32000,0
2016-02-25,08:15:00,0.79,0.79,0.79,0.79,280000,0
2016-02-25,08:20:00,0.79,0.79,0.79,0.79,100000,0
2016-02-25,08:25:00,0.79,0.79,0.79,0.79,140000,0
2016-02-25,08:40:00,0.77,0.78,0.77,0.78,8000,0
2016-02-25,08:45:00,0.77,0.78,0.77,0.78,88000,0
2016-02-25,08:50:00,0.78,0.78,0.78,0.78,4000,0
2016-02-25,08:55:00,0.78,0.78,0.78,0.78,8000,0
2016-02-25,09:00:00,0.78,0.8,0.78,0.79,72000,0
2016-02-26,03:00:00,0.79,0.79,0.79,0.79,8000,0
2016-02-26,03:10:00,0.79,0.79,0.79,0.79,200000,0
2016-02-26,03:15:00,0.79,0.79,0.78,0.79,24000,0
2016-02-26,03:20:00,0.79,0.79,0.77,0.78,136000,0
2016-02-26,03:25:00,0.78,0.78,0.78,0.78,28000,0
2016-02-26,03:50:00,0.78,0.78,0.78,0.78,4000,0
2016-02-26,04:00:00,0.78,0.78,0.77,0.77,28000,0
2016-02-26,04:05:00,0.77,0.78,0.77,0.78,8000,0
2016-02-26,04:10:00,0.78,0.78,0.78,0.78,44000,0
2016-02-26,04:20:00,0.78,0.78,0.77,0.77,112000,0
2016-02-26,04:25:00,0.77,0.77,0.76,0.77,16000,0
2016-02-26,04:30:00,0.77,0.77,0.77,0.77,8000,0
2016-02-26,05:00:00,0.77,0.78,0.77,0.78,8000,0
2016-02-26,06:40:00,0.77,0.77,0.77,0.77,4000,0
2016-02-26,07:40:00,0.77,0.77,0.77,0.77,100000,0
2016-02-26,07:45:00,0.76,0.77,0.76,0.77,20000,0
2016-02-26,07:50:00,0.77,0.77,0.77,0.77,4000,0
2016-02-26,07:55:00,0.77,0.77,0.77,0.77,84000,0
2016-02-26,08:00:00,0.77,0.77,0.77,0.77,32000,0
2016-02-26,08:05:00,0.77,0.78,0.77,0.78,8000,0
2016-02-26,08:45:00,0.78,0.78,0.77,0.77,36000,0
2016-02-26,08:50:00,0.77,0.77,0.77,0.77,4000,0
2016-02-26,09:00:00,0.77,0.78,0.77,0.78,16000,0
2016-02-29,02:40:00,0.76,0.77,0.75,0.75,160000,0
2016-02-29,02:45:00,0.75,0.77,0.74,0.77,80000,0
2016-02-29,03:05:00,0.73,0.76,0.73,0.76,8000,0
2016-02-29,03:10:00,0.75,0.75,0.75,0.75,4000,0
2016-02-29,03:20:00,0.75,0.76,0.75,0.76,96000,0
2016-02-29,03:35:00,0.75,0.75,0.75,0.75,4000,0
2016-02-29,03:45:00,0.75,0.75,0.75,0.75,36000,0
2016-02-29,03:50:00,0.75,0.75,0.75,0.75,56000,0
2016-02-29,05:00:00,0.75,0.76,0.75,0.76,8000,0
2016-02-29,06:05:00,0.76,0.78,0.76,0.77,148000,0
2016-02-29,06:10:00,0.77,0.79,0.77,0.79,16000,0
2016-02-29,07:00:00,0.79,0.79,0.79,0.79,40000,0
2016-02-29,08:10:00,0.78,0.78,0.76,0.76,8000,0
2016-02-29,08:15:00,0.76,0.76,0.75,0.76,36000,0
2016-02-29,09:00:00,0.76,0.77,0.76,0.77,20000,0
2016-03-01,03:10:00,0.79,0.79,0.76,0.77,20000,0
2016-03-01,03:15:00,0.77,0.78,0.77,0.78,8000,0
2016-03-01,03:30:00,0.78,0.78,0.78,0.78,108000,0
2016-03-01,03:50:00,0.78,0.78,0.78,0.78,164000,0
2016-03-01,04:05:00,0.78,0.78,0.78,0.78,20000,0
2016-03-01,04:15:00,0.78,0.79,0.78,0.79,52000,0
2016-03-01,04:35:00,0.79,0.79,0.79,0.79,32000,0
2016-03-01,04:50:00,0.79,0.79,0.79,0.79,100000,0
2016-03-01,06:45:00,0.79,0.79,0.79,0.79,76000,0
2016-03-01,06:50:00,0.79,0.79,0.79,0.79,24000,0
2016-03-01,07:10:00,0.79,0.8,0.79,0.8,584000,0
2016-03-01,07:15:00,0.8,0.81,0.8,0.8,2488000,0
2016-03-01,07:20:00,0.8,0.8,0.8,0.8,248000,0
2016-03-01,07:25:00,0.8,0.8,0.8,0.8,4000,0
2016-03-01,07:30:00,0.8,0.81,0.79,0.79,36000,0
2016-03-01,07:45:00,0.79,0.79,0.78,0.78,80000,0
2016-03-01,07:50:00,0.78,0.78,0.78,0.78,60000,0
2016-03-01,08:05:00,0.78,0.78,0.78,0.78,8000,0
2016-03-01,08:25:00,0.78,0.78,0.78,0.78,20000,0
2016-03-01,08:35:00,0.78,0.78,0.78,0.78,28000,0
2016-03-01,08:55:00,0.78,0.8,0.78,0.8,8000,0
2016-03-02,02:35:00,0.8,0.8,0.8,0.8,4000,0
2016-03-02,02:40:00,0.8,0.8,0.77,0.78,124000,0
2016-03-02,02:45:00,0.79,0.79,0.79,0.79,8000,0
2016-03-02,02:50:00,0.79,0.79,0.79,0.79,80000,0
2016-03-02,03:10:00,0.79,0.79,0.79,0.79,8000,0
2016-03-02,03:30:00,0.79,0.79,0.79,0.79,16000,0
2016-03-02,03:35:00,0.79,0.79,0.79,0.79,4000,0
2016-03-02,03:45:00,0.79,0.79,0.79,0.79,100000,0
2016-03-02,03:55:00,0.79,0.79,0.79,0.79,4000,0
2016-03-02,04:00:00,0.79,0.79,0.79,0.79,44000,0
2016-03-02,04:30:00,0.79,0.8,0.79,0.8,8000,0
2016-03-02,04:35:00,0.8,0.8,0.8,0.8,40000,0
2016-03-02,04:55:00,0.8,0.8,0.8,0.8,8000,0
2016-03-02,06:15:00,0.8,0.8,0.8,0.8,8000,0
2016-03-02,06:25:00,0.8,0.8,0.8,0.8,8000,0
2016-03-02,06:45:00,0.8,0.8,0.8,0.8,8000,0
2016-03-02,06:50:00,0.8,0.8,0.8,0.8,4000,0
2016-03-02,06:55:00,0.8,0.8,0.8,0.8,8000,0
2016-03-02,07:05:00,0.8,0.8,0.8,0.8,8000,0
2016-03-02,07:20:00,0.8,0.8,0.8,0.8,40000,0
2016-03-02,07:35:00,0.8,0.8,0.79,0.8,156000,0
2016-03-02,08:15:00,0.8,0.8,0.79,0.8,256000,0
2016-03-02,08:25:00,0.8,0.8,0.8,0.8,32000,0
2016-03-02,08:35:00,0.8,0.8,0.8,0.8,128000,0
2016-03-02,08:40:00,0.8,0.8,0.79,0.79,332000,0
2016-03-02,08:45:00,0.79,0.8,0.79,0.8,8000,0
2016-03-02,08:55:00,0.8,0.82,0.8,0.82,916000,0
2016-03-02,09:00:00,0.82,0.82,0.79,0.81,316000,0
2016-03-03,02:35:00,0.81,0.81,0.81,0.81,280000,0
2016-03-03,02:45:00,0.81,0.82,0.81,0.82,364000,0
2016-03-03,02:55:00,0.82,0.82,0.81,0.81,24000,0
2016-03-03,03:00:00,0.81,0.81,0.81,0.81,4000,0
2016-03-03,03:05:00,0.81,0.81,0.81,0.81,8000,0
2016-03-03,03:20:00,0.81,0.81,0.81,0.81,8000,0
2016-03-03,03:25:00,0.81,0.81,0.81,0.81,8000,0
2016-03-03,03:30:00,0.81,0.82,0.81,0.82,272000,0
2016-03-03,03:35:00,0.8,0.82,0.8,0.82,212000,0
2016-03-03,03:40:00,0.82,0.82,0.82,0.82,88000,0
2016-03-03,04:10:00,0.82,0.82,0.81,0.81,12000,0
2016-03-03,04:15:00,0.81,0.81,0.81,0.81,8000,0
2016-03-03,04:45:00,0.81,0.81,0.81,0.81,1000,0
2016-03-03,04:50:00,0.81,0.81,0.81,0.81,44000,0
2016-03-03,06:45:00,0.81,0.81,0.81,0.81,48000,0
2016-03-03,06:50:00,0.81,0.81,0.81,0.81,60000,0
2016-03-03,06:55:00,0.81,0.81,0.81,0.81,116000,0
2016-03-03,08:20:00,0.8,0.81,0.8,0.81,8000,0
2016-03-03,08:50:00,0.8,0.82,0.8,0.82,8000,0
2016-03-04,02:35:00,0.82,0.82,0.82,0.82,40000,0
2016-03-04,02:40:00,0.82,0.82,0.82,0.82,40000,0
2016-03-04,02:45:00,0.82,0.83,0.82,0.82,72000,0
2016-03-04,02:55:00,0.82,0.82,0.82,0.82,60000,0
2016-03-04,03:00:00,0.82,0.82,0.82,0.82,300000,0
2016-03-04,03:05:00,0.82,0.82,0.8,0.81,232000,0
2016-03-04,03:15:00,0.81,0.82,0.81,0.82,128000,0
2016-03-04,03:20:00,0.82,0.83,0.82,0.83,8000,0
2016-03-04,03:35:00,0.83,0.83,0.82,0.82,188000,0
2016-03-04,03:45:00,0.82,0.82,0.82,0.82,20000,0
2016-03-04,04:05:00,0.82,0.82,0.82,0.82,160000,0
2016-03-04,04:15:00,0.8,0.82,0.8,0.82,68000,0
2016-03-04,04:20:00,0.82,0.83,0.8,0.82,556000,0
2016-03-04,04:30:00,0.81,0.81,0.81,0.81,4000,0
2016-03-04,04:35:00,0.81,0.81,0.81,0.81,12000,0
2016-03-04,05:00:00,0.81,0.82,0.81,0.82,8000,0
2016-03-04,07:55:00,0.82,0.82,0.81,0.81,112000,0
2016-03-04,08:00:00,0.81,0.81,0.81,0.81,104000,0
2016-03-04,08:15:00,0.81,0.81,0.81,0.81,116000,0
2016-03-04,09:00:00,0.8,0.81,0.8,0.81,28000,0
2016-03-07,02:45:00,0.82,0.82,0.81,0.82,240000,0
2016-03-07,02:50:00,0.82,0.82,0.82,0.82,160000,0
2016-03-07,02:55:00,0.82,0.83,0.82,0.83,8000,0
2016-03-07,03:10:00,0.83,0.83,0.82,0.82,24000,0
2016-03-07,03:50:00,0.82,0.82,0.82,0.82,248000,0
2016-03-07,05:00:00,0.81,0.82,0.81,0.82,8000,0
2016-03-08,02:35:00,0.82,0.84,0.81,0.82,60000,0
2016-03-08,02:40:00,0.82,0.82,0.82,0.82,8000,0
2016-03-08,02:45:00,0.82,0.82,0.82,0.82,184000,0
2016-03-08,02:50:00,0.82,0.82,0.82,0.82,200000,0
2016-03-08,02:55:00,0.82,0.82,0.82,0.82,20000,0
2016-03-08,03:10:00,0.82,0.82,0.82,0.82,108000,0
2016-03-08,03:35:00,0.82,0.82,0.82,0.82,32000,0
2016-03-08,03:50:00,0.82,0.82,0.81,0.81,56000,0
2016-03-08,04:20:00,0.81,0.81,0.81,0.81,28000,0
2016-03-08,04:25:00,0.81,0.81,0.81,0.81,4000,0
2016-03-08,04:30:00,0.81,0.81,0.81,0.81,4000,0
2016-03-08,04:45:00,0.81,0.81,0.81,0.81,4000,0
2016-03-08,06:30:00,0.81,0.81,0.81,0.81,34000,0
2016-03-08,06:35:00,0.8,0.81,0.8,0.81,8000,0
2016-03-08,07:45:00,0.8,0.81,0.8,0.81,64000,0
2016-03-08,09:00:00,0.8,0.81,0.8,0.81,8000,0
2016-03-09,02:35:00,0.84,0.84,0.81,0.84,312000,0
2016-03-09,02:40:00,0.83,0.84,0.83,0.83,360000,0
2016-03-09,02:45:00,0.83,0.83,0.81,0.81,132000,0
2016-03-09,02:50:00,0.81,0.81,0.81,0.81,120000,0
2016-03-09,02:55:00,0.81,0.81,0.8,0.8,112000,0
2016-03-09,03:00:00,0.79,0.8,0.79,0.8,8000,0
2016-03-09,03:30:00,0.81,0.81,0.81,0.81,32000,0
2016-03-09,04:05:00,0.81,0.82,0.81,0.82,16000,0
2016-03-09,08:25:00,0.82,0.82,0.82,0.82,28000,0
2016-03-09,09:00:00,0.82,0.82,0.82,0.82,4000,0
2016-03-10,02:45:00,0.82,0.82,0.82,0.82,40000,0
2016-03-10,03:00:00,0.82,0.82,0.8,0.8,124000,0
2016-03-10,03:15:00,0.8,0.8,0.8,0.8,4000,0
2016-03-10,04:00:00,0.8,0.81,0.8,0.81,16000,0
2016-03-10,04:10:00,0.81,0.81,0.81,0.81,16000,0
2016-03-10,04:15:00,0.81,0.81,0.81,0.81,8000,0
2016-03-10,04:35:00,0.81,0.81,0.81,0.81,4000,0
2016-03-10,05:00:00,0.81,0.81,0.81,0.81,4000,0
2016-03-10,06:20:00,0.81,0.81,0.8,0.8,8000,0
2016-03-10,06:40:00,0.8,0.8,0.8,0.8,4000,0
2016-03-10,08:30:00,0.8,0.8,0.8,0.8,4000,0
2016-03-10,08:40:00,0.8,0.8,0.8,0.8,16000,0
2016-03-10,08:45:00,0.79,0.8,0.79,0.8,8000,0
2016-03-10,08:50:00,0.8,0.8,0.8,0.8,20000,0
2016-03-10,08:55:00,0.8,0.8,0.8,0.8,48000,0
2016-03-10,09:00:00,0.8,0.82,0.8,0.82,4000,0
2016-03-11,02:35:00,0.8,0.81,0.8,0.81,408000,0
2016-03-11,02:40:00,0.81,0.81,0.81,0.81,100000,0
2016-03-11,02:45:00,0.81,0.81,0.8,0.8,12000,0
2016-03-11,02:50:00,0.8,0.82,0.8,0.82,8000,0
2016-03-11,03:30:00,0.81,0.81,0.81,0.81,80000,0
2016-03-11,03:45:00,0.81,0.81,0.81,0.81,4000,0
2016-03-11,04:00:00,0.81,0.81,0.8,0.8,8000,0
2016-03-11,05:00:00,0.8,0.82,0.8,0.82,8000,0
2016-03-11,06:50:00,0.81,0.81,0.79,0.79,156000,0
2016-03-11,06:55:00,0.79,0.8,0.76,0.8,56000,0
2016-03-11,07:35:00,0.8,0.8,0.8,0.8,28000,0
2016-03-11,08:40:00,0.8,0.81,0.8,0.81,72000,0
2016-03-11,09:00:00,0.81,0.81,0.81,0.81,88000,0
2016-03-14,03:45:00,0.81,0.81,0.81,0.81,32000,0
2016-03-14,04:05:00,0.81,0.81,0.79,0.79,8000,0
2016-03-14,05:00:00,0.79,0.82,0.79,0.82,8000,0
2016-03-14,06:35:00,0.82,0.82,0.82,0.82,360000,0
2016-03-14,06:40:00,0.82,0.84,0.82,0.82,88000,0
2016-03-14,06:45:00,0.82,0.83,0.82,0.83,144000,0
2016-03-14,06:50:00,0.83,0.85,0.83,0.85,252000,0
2016-03-14,06:55:00,0.85,0.85,0.84,0.84,272000,0
2016-03-14,07:00:00,0.84,0.84,0.84,0.84,200000,0
2016-03-14,07:05:00,0.84,0.84,0.84,0.84,20000,0
2016-03-14,07:10:00,0.84,0.86,0.84,0.86,400000,0
2016-03-14,07:15:00,0.86,0.87,0.86,0.87,128000,0
2016-03-14,07:20:00,0.87,0.87,0.85,0.85,88000,0
2016-03-14,07:25:00,0.85,0.86,0.85,0.86,156000,0
2016-03-14,07:30:00,0.86,0.87,0.85,0.85,348000,0
2016-03-14,07:35:00,0.85,0.87,0.85,0.87,28000,0
2016-03-14,07:40:00,0.87,0.89,0.87,0.89,196000,0
2016-03-14,07:45:00,0.89,0.89,0.89,0.89,40000,0
2016-03-14,08:00:00,0.89,0.89,0.87,0.87,28000,0
2016-03-14,08:05:00,0.87,0.87,0.86,0.86,20000,0
2016-03-14,08:20:00,0.86,0.86,0.86,0.86,192000,0
2016-03-14,08:25:00,0.86,0.87,0.86,0.87,8000,0
2016-03-14,08:50:00,0.87,0.87,0.86,0.86,64000,0
2016-03-14,09:00:00,0.86,0.87,0.86,0.87,12000,0
2016-03-15,02:35:00,0.89,0.89,0.87,0.89,40000,0
2016-03-15,02:40:00,0.88,0.88,0.87,0.87,40000,0
2016-03-15,02:50:00,0.87,0.87,0.86,0.87,224000,0
2016-03-15,02:55:00,0.87,0.87,0.87,0.87,4000,0
2016-03-15,03:05:00,0.87,0.87,0.87,0.87,16000,0
2016-03-15,03:10:00,0.87,0.88,0.87,0.87,64000,0
2016-03-15,03:15:00,0.87,0.87,0.87,0.87,236000,0
2016-03-15,03:25:00,0.86,0.88,0.86,0.88,176000,0
2016-03-15,03:30:00,0.88,0.89,0.88,0.89,8000,0
2016-03-15,03:40:00,0.89,0.89,0.88,0.88,212000,0
2016-03-15,03:50:00,0.88,0.88,0.88,0.88,240000,0
2016-03-15,03:55:00,0.88,0.88,0.86,0.88,200000,0
2016-03-15,04:05:00,0.88,0.88,0.87,0.88,56000,0
2016-03-15,04:10:00,0.88,0.88,0.87,0.87,208000,0
2016-03-15,04:25:00,0.87,0.88,0.87,0.88,20000,0
2016-03-15,05:00:00,0.88,0.88,0.88,0.88,4000,0
2016-03-15,06:05:00,0.88,0.9,0.88,0.9,524000,0
2016-03-15,06:15:00,0.9,0.91,0.9,0.9,444000,0
2016-03-15,06:20:00,0.9,0.9,0.9,0.9,16000,0
2016-03-15,06:30:00,0.9,0.92,0.87,0.88,620000,0
2016-03-15,06:35:00,0.88,0.88,0.87,0.87,24000,0
2016-03-15,06:40:00,0.87,0.87,0.87,0.87,52000,0
2016-03-15,06:45:00,0.87,0.87,0.87,0.87,4000,0
2016-03-15,06:50:00,0.87,0.89,0.87,0.88,108000,0
2016-03-15,06:55:00,0.88,0.9,0.88,0.88,416000,0
2016-03-15,07:10:00,0.88,0.88,0.88,0.88,44000,0
2016-03-15,07:15:00,0.88,0.88,0.88,0.88,12000,0
2016-03-15,07:20:00,0.88,0.89,0.88,0.89,20000,0
2016-03-15,07:30:00,0.89,0.89,0.89,0.89,124000,0
2016-03-15,07:35:00,0.89,0.89,0.89,0.89,8000,0
2016-03-15,07:45:00,0.89,0.89,0.89,0.89,160000,0
2016-03-15,07:50:00,0.89,0.89,0.89,0.89,4000,0
2016-03-15,08:15:00,0.89,0.89,0.89,0.89,16000,0
2016-03-15,08:40:00,0.89,0.89,0.88,0.88,48000,0
2016-03-15,08:45:00,0.88,0.88,0.88,0.88,40000,0
2016-03-15,08:50:00,0.88,0.88,0.88,0.88,4000,0
2016-03-15,08:55:00,0.88,0.89,0.88,0.89,8000,0
2016-03-15,09:00:00,0.89,0.91,0.88,0.91,464000,0
2016-03-16,02:35:00,0.94,0.94,0.9,0.9,324000,0
2016-03-16,02:40:00,0.9,0.93,0.9,0.91,156000,0
2016-03-16,02:45:00,0.91,0.91,0.89,0.91,468000,0
2016-03-16,02:50:00,0.91,0.92,0.9,0.9,164000,0
2016-03-16,02:55:00,0.92,0.93,0.9,0.91,324000,0
2016-03-16,03:05:00,0.91,0.91,0.91,0.91,44000,0
2016-03-16,03:10:00,0.91,0.91,0.9,0.9,160000,0
2016-03-16,03:15:00,0.9,0.91,0.9,0.91,120000,0
2016-03-16,03:25:00,0.91,0.91,0.9,0.9,48000,0
2016-03-16,03:30:00,0.9,0.9,0.9,0.9,20000,0
2016-03-16,03:40:00,0.9,0.9,0.9,0.9,200000,0
2016-03-16,03:45:00,0.9,0.91,0.9,0.91,136000,0
2016-03-16,04:05:00,0.91,0.91,0.91,0.91,216000,0
2016-03-16,04:10:00,0.91,0.91,0.91,0.91,100000,0
2016-03-16,04:25:00,0.91,0.91,0.91,0.91,44000,0
2016-03-16,04:35:00,0.91,0.91,0.91,0.91,40000,0
2016-03-16,05:00:00,0.91,0.91,0.91,0.91,4000,0
2016-03-16,06:05:00,0.91,0.91,0.88,0.89,36000,0
2016-03-16,06:10:00,0.89,0.89,0.89,0.89,4000,0
2016-03-16,06:20:00,0.89,0.9,0.89,0.9,232000,0
2016-03-16,06:25:00,0.9,0.9,0.9,0.9,100000,0
2016-03-16,06:35:00,0.9,0.92,0.9,0.92,334000,0
2016-03-16,06:40:00,0.92,0.92,0.9,0.9,116000,0
2016-03-16,06:45:00,0.9,0.91,0.9,0.9,264000,0
2016-03-16,06:50:00,0.9,0.9,0.9,0.9,92000,0
2016-03-16,06:55:00,0.9,0.9,0.9,0.9,92000,0
2016-03-16,07:05:00,0.9,0.9,0.89,0.89,32000,0
2016-03-16,07:10:00,0.89,0.93,0.89,0.93,428000,0
2016-03-16,07:15:00,0.93,0.93,0.9,0.92,320000,0
2016-03-16,07:20:00,0.92,0.92,0.9,0.9,84000,0
2016-03-16,07:30:00,0.9,0.91,0.9,0.91,96000,0
2016-03-16,07:35:00,0.91,0.91,0.9,0.9,156000,0
2016-03-16,07:45:00,0.9,0.9,0.89,0.9,364000,0
2016-03-16,07:50:00,0.9,0.91,0.9,0.9,228000,0
2016-03-16,07:55:00,0.9,0.9,0.89,0.89,100000,0
2016-03-16,08:20:00,0.89,0.89,0.89,0.89,8000,0
2016-03-16,08:30:00,0.89,0.89,0.89,0.89,40000,0
2016-03-16,08:50:00,0.89,0.89,0.89,0.89,48000,0
2016-03-16,08:55:00,0.89,0.89,0.89,0.89,20000,0
2016-03-16,09:00:00,0.89,0.91,0.89,0.9,204000,0
2016-03-17,02:35:00,0.92,0.92,0.9,0.92,80000,0
2016-03-17,02:40:00,0.92,0.93,0.91,0.91,140000,0
2016-03-17,02:45:00,0.91,0.91,0.9,0.9,156000,0
2016-03-17,02:50:00,0.9,0.91,0.9,0.9,88000,0
2016-03-17,02:55:00,0.9,0.9,0.9,0.9,100000,0
2016-03-17,03:00:00,0.9,0.92,0.9,0.92,300000,0
2016-03-17,03:05:00,0.92,0.92,0.92,0.92,280000,0
2016-03-17,03:10:00,0.92,0.92,0.9,0.9,196000,0
2016-03-17,03:15:00,0.9,0.91,0.9,0.91,172000,0
2016-03-17,03:20:00,0.91,0.91,0.91,0.91,148000,0
2016-03-17,03:25:00,0.91,0.92,0.91,0.92,8000,0
2016-03-17,03:30:00,0.92,0.92,0.91,0.91,8000,0
2016-03-17,03:35:00,0.91,0.91,0.9,0.91,156000,0
2016-03-17,03:40:00,0.91,0.91,0.9,0.9,52000,0
2016-03-17,04:15:00,0.89,0.9,0.89,0.9,8000,0
2016-03-17,05:00:00,0.9,0.9,0.9,0.9,4000,0
2016-03-17,06:25:00,0.9,0.9,0.9,0.9,88000,0
2016-03-17,06:30:00,0.9,0.9,0.9,0.9,156000,0
2016-03-17,06:35:00,0.9,0.9,0.9,0.9,8000,0
2016-03-17,06:40:00,0.9,0.92,0.9,0.92,168000,0
2016-03-17,06:45:00,0.92,0.92,0.91,0.91,192000,0
2016-03-17,06:50:00,0.91,0.91,0.91,0.91,196000,0
2016-03-17,06:55:00,0.91,0.91,0.91,0.91,52000,0
2016-03-17,07:00:00,0.91,0.91,0.91,0.91,88000,0
2016-03-17,07:05:00,0.91,0.91,0.91,0.91,4000,0
2016-03-17,07:10:00,0.91,0.91,0.91,0.91,208000,0
2016-03-17,07:15:00,0.91,0.91,0.9,0.91,64000,0
2016-03-17,07:20:00,0.91,0.91,0.9,0.91,236000,0
2016-03-17,07:35:00,0.91,0.91,0.91,0.91,44000,0
2016-03-17,07:40:00,0.91,0.91,0.91,0.91,80000,0
2016-03-17,07:50:00,0.91,0.91,0.91,0.91,60000,0
2016-03-17,08:00:00,0.91,0.91,0.91,0.91,8000,0
2016-03-17,08:15:00,0.91,0.91,0.9,0.9,48000,0
2016-03-17,08:30:00,0.9,0.91,0.9,0.91,268000,0
2016-03-17,08:45:00,0.91,0.91,0.91,0.91,96000,0
2016-03-17,08:50:00,0.91,0.91,0.91,0.91,12000,0
2016-03-17,08:55:00,0.91,0.91,0.91,0.91,64000,0
2016-03-17,09:00:00,0.91,0.92,0.91,0.92,12000,0
2016-03-18,02:35:00,0.93,0.93,0.92,0.93,36000,0
2016-03-18,02:40:00,0.93,0.93,0.92,0.92,48000,0
2016-03-18,02:45:00,0.92,0.92,0.92,0.92,12000,0
2016-03-18,02:50:00,0.92,0.92,0.92,0.92,40000,0
2016-03-18,02:55:00,0.92,0.92,0.9,0.9,284000,0
2016-03-18,03:10:00,0.9,0.91,0.9,0.91,156000,0
2016-03-18,03:15:00,0.91,0.91,0.9,0.9,48000,0
2016-03-18,03:20:00,0.89,0.91,0.89,0.91,204000,0
2016-03-18,03:25:00,0.91,0.93,0.91,0.92,96000,0
2016-03-18,03:30:00,0.92,0.92,0.91,0.91,248000,0
2016-03-18,03:35:00,0.91,0.91,0.9,0.9,88000,0
2016-03-18,03:45:00,0.9,0.91,0.9,0.91,416000,0
2016-03-18,04:15:00,0.91,0.94,0.91,0.94,980000,0
2016-03-18,04:20:00,0.94,0.94,0.91,0.92,268000,0
2016-03-18,04:25:00,0.92,0.92,0.91,0.91,72000,0
2016-03-18,04:30:00,0.91,0.93,0.91,0.91,484000,0
2016-03-18,04:40:00,0.92,0.92,0.9,0.9,32000,0
2016-03-18,04:55:00,0.91,0.91,0.91,0.91,84000,0
2016-03-18,05:00:00,0.91,0.92,0.91,0.92,8000,0
2016-03-18,07:10:00,0.92,0.93,0.91,0.91,444000,0
2016-03-18,07:15:00,0.91,0.92,0.91,0.91,144000,0
2016-03-18,07:20:00,0.91,0.91,0.91,0.91,8000,0
2016-03-18,07:25:00,0.91,0.91,0.91,0.91,24000,0
2016-03-18,07:30:00,0.91,0.92,0.91,0.91,84000,0
2016-03-18,07:35:00,0.91,0.91,0.91,0.91,22000,0
2016-03-18,07:40:00,0.91,0.91,0.91,0.91,44000,0
2016-03-18,07:45:00,0.91,0.91,0.91,0.91,36000,0
2016-03-18,07:50:00,0.91,0.92,0.91,0.91,72000,0
2016-03-18,07:55:00,0.91,0.92,0.91,0.92,8000,0
2016-03-18,08:00:00,0.92,0.92,0.91,0.91,396000,0
2016-03-18,08:05:00,0.91,0.91,0.91,0.91,8000,0
2016-03-18,08:10:00,0.91,0.91,0.91,0.91,4000,0
2016-03-18,08:15:00,0.91,0.91,0.91,0.91,4000,0
2016-03-18,08:20:00,0.91,0.91,0.91,0.91,4000,0
2016-03-18,08:25:00,0.91,0.91,0.91,0.91,400000,0
2016-03-18,08:35:00,0.91,0.91,0.9,0.9,16000,0
2016-03-18,08:40:00,0.9,0.91,0.9,0.91,116000,0
2016-03-18,08:45:00,0.91,0.92,0.91,0.92,24000,0
2016-03-18,08:55:00,0.92,0.94,0.92,0.94,548000,0
2016-03-18,09:00:00,0.94,0.96,0.94,0.96,268000,0
2016-03-21,02:35:00,0.97,0.98,0.97,0.97,16000,0
2016-03-21,02:40:00,0.97,0.98,0.97,0.97,176000,0
2016-03-21,02:45:00,0.97,0.97,0.96,0.96,300000,0
2016-03-21,02:50:00,0.96,0.96,0.93,0.94,140000,0
2016-03-21,02:55:00,0.95,0.95,0.94,0.95,32000,0
2016-03-21,03:00:00,0.95,0.95,0.93,0.93,228000,0
2016-03-21,03:05:00,0.93,0.94,0.93,0.94,136000,0
2016-03-21,03:10:00,0.94,0.94,0.94,0.94,224000,0
2016-03-21,03:15:00,0.94,0.96,0.94,0.95,120000,0
2016-03-21,03:20:00,0.95,0.95,0.92,0.94,396000,0
2016-03-21,03:25:00,0.94,0.94,0.94,0.94,116000,0
2016-03-21,03:30:00,0.94,0.96,0.94,0.95,304000,0
2016-03-21,03:35:00,0.95,0.95,0.93,0.94,484000,0
2016-03-21,03:40:00,0.94,0.95,0.93,0.95,348000,0
2016-03-21,03:45:00,0.95,0.95,0.93,0.93,124000,0
2016-03-21,03:50:00,0.93,0.93,0.93,0.93,20000,0
2016-03-21,03:55:00,0.93,0.93,0.93,0.93,36000,0
2016-03-21,04:00:00,0.93,0.93,0.93,0.93,36000,0
2016-03-21,04:10:00,0.93,0.93,0.93,0.93,188000,0
2016-03-21,06:15:00,0.93,0.93,0.93,0.93,76000,0
2016-03-21,06:25:00,0.93,0.95,0.93,0.95,868000,0
2016-03-21,06:30:00,0.95,0.97,0.95,0.97,264000,0
2016-03-21,06:35:00,0.97,0.97,0.96,0.97,316000,0
2016-03-21,06:40:00,0.97,0.97,0.95,0.97,204000,0
2016-03-21,06:45:00,0.97,0.97,0.97,0.97,20000,0
2016-03-21,06:50:00,0.97,0.97,0.96,0.97,32000,0
2016-03-21,06:55:00,0.97,0.97,0.96,0.96,80000,0
2016-03-21,07:00:00,0.96,0.97,0.96,0.97,308000,0
2016-03-21,07:05:00,0.97,0.97,0.96,0.96,8000,0
2016-03-21,07:10:00,0.96,0.97,0.95,0.97,76000,0
2016-03-21,07:15:00,0.97,0.97,0.95,0.96,184000,0
2016-03-21,07:20:00,0.96,0.97,0.96,0.97,84000,0
2016-03-21,07:25:00,0.97,0.97,0.97,0.97,32000,0
2016-03-21,07:35:00,0.97,0.97,0.95,0.96,48000,0
2016-03-21,07:40:00,0.96,0.96,0.96,0.96,12000,0
2016-03-21,07:50:00,0.96,0.96,0.95,0.95,60000,0
2016-03-21,07:55:00,0.95,0.96,0.95,0.96,8000,0
2016-03-21,08:05:00,0.96,0.96,0.95,0.95,56000,0
2016-03-21,08:10:00,0.95,0.97,0.95,0.97,12000,0
2016-03-21,08:15:00,0.96,0.96,0.95,0.95,96000,0
2016-03-21,08:20:00,0.95,0.97,0.95,0.97,60000,0
2016-03-21,09:00:00,0.97,0.97,0.94,0.97,324000,0
2016-03-22,02:35:00,0.97,0.98,0.97,0.98,12000,0
2016-03-22,02:40:00,0.98,0.99,0.95,0.96,288000,0
2016-03-22,02:50:00,0.96,1.01,0.96,1.01,480000,0
2016-03-22,02:55:00,1.01,1.02,0.98,1,2408000,0
2016-03-22,03:00:00,1,1,0.99,0.99,148000,0
2016-03-22,03:05:00,0.99,0.99,0.99,0.99,204000,0
2016-03-22,03:10:00,0.99,1,0.99,0.99,16000,0
2016-03-22,03:15:00,0.99,0.99,0.98,0.99,240000,0
2016-03-22,03:20:00,0.99,0.99,0.98,0.99,44000,0
2016-03-22,03:25:00,0.99,1,0.99,1,8000,0
2016-03-22,03:30:00,1,1.01,1,1.01,266000,0
2016-03-22,03:40:00,1.01,1.02,1.01,1.02,284000,0
2016-03-22,03:45:00,1.02,1.05,1.02,1.03,28000,0
2016-03-22,03:50:00,1.03,1.03,0.99,1,596000,0
2016-03-22,03:55:00,1,1.01,1,1.01,80000,0
2016-03-22,04:05:00,1.01,1.01,1.01,1.01,40000,0
2016-03-22,04:20:00,1,1.01,0.98,0.98,484000,0
2016-03-22,04:25:00,0.98,0.99,0.96,0.97,956000,0
2016-03-22,04:30:00,0.97,0.97,0.97,0.97,40000,0
2016-03-22,04:35:00,0.97,0.97,0.96,0.96,64000,0
2016-03-22,04:50:00,0.96,0.96,0.96,0.96,4000,0
2016-03-22,06:05:00,0.96,0.96,0.96,0.96,12000,0
2016-03-22,07:05:00,0.96,0.96,0.96,0.96,4000,0
2016-03-22,07:10:00,0.96,0.96,0.96,0.96,12000,0
2016-03-22,08:20:00,0.96,0.96,0.96,0.96,60000,0
2016-03-22,08:25:00,0.96,0.96,0.96,0.96,36000,0
2016-03-22,08:30:00,0.96,0.96,0.96,0.96,60000,0
2016-03-22,08:35:00,0.96,0.96,0.95,0.95,148000,0
2016-03-22,08:50:00,0.95,0.95,0.95,0.95,56000,0
2016-03-23,02:40:00,0.93,0.93,0.93,0.93,200000,0
2016-03-23,03:05:00,0.94,0.94,0.94,0.94,412000,0
2016-03-23,03:10:00,0.94,0.94,0.93,0.93,8000,0
2016-03-23,03:20:00,0.93,0.93,0.93,0.93,100000,0
2016-03-23,03:25:00,0.93,0.93,0.93,0.93,48000,0
2016-03-23,03:30:00,0.93,0.94,0.93,0.94,88000,0
2016-03-23,03:35:00,0.95,0.96,0.95,0.96,188000,0
2016-03-23,03:40:00,0.96,0.96,0.96,0.96,80000,0
2016-03-23,03:45:00,0.96,0.96,0.96,0.96,24000,0
2016-03-23,03:50:00,0.96,0.97,0.96,0.97,116000,0
2016-03-23,03:55:00,0.97,0.97,0.97,0.97,40000,0
2016-03-23,04:10:00,0.97,0.97,0.97,0.97,44000,0
2016-03-23,04:15:00,0.97,0.97,0.97,0.97,40000,0
2016-03-23,04:25:00,0.97,0.97,0.95,0.95,196000,0
2016-03-23,04:30:00,0.95,0.95,0.95,0.95,12000,0
2016-03-23,05:00:00,0.95,0.97,0.95,0.97,8000,0
2016-03-23,06:05:00,0.97,0.97,0.97,0.97,136000,0
2016-03-23,06:20:00,0.97,0.97,0.97,0.97,236000,0
2016-03-23,06:50:00,0.96,0.96,0.96,0.96,100000,0
2016-03-23,06:55:00,0.96,0.96,0.95,0.95,80000,0
2016-03-23,07:05:00,0.95,0.95,0.95,0.95,260000,0
2016-03-23,07:15:00,0.95,0.95,0.95,0.95,40000,0
2016-03-23,07:20:00,0.95,0.96,0.95,0.96,320000,0
2016-03-23,07:25:00,0.96,0.96,0.96,0.96,88000,0
2016-03-23,07:35:00,0.95,0.95,0.95,0.95,16000,0
2016-03-23,07:40:00,0.95,0.95,0.95,0.95,60000,0
2016-03-23,07:45:00,0.95,0.96,0.95,0.96,48000,0
2016-03-23,08:00:00,0.96,0.96,0.96,0.96,308000,0
2016-03-23,08:10:00,0.96,0.96,0.96,0.96,48000,0
2016-03-23,08:15:00,0.96,0.96,0.96,0.96,100000,0
2016-03-23,08:20:00,0.96,0.96,0.96,0.96,100000,0
2016-03-23,08:30:00,0.96,0.96,0.96,0.96,200000,0
2016-03-23,08:35:00,0.96,0.96,0.96,0.96,4000,0
2016-03-23,08:40:00,0.96,0.96,0.96,0.96,16000,0
2016-03-23,08:50:00,0.96,0.96,0.96,0.96,4000,0
2016-03-23,08:55:00,0.96,0.96,0.96,0.96,32000,0
2016-03-23,09:00:00,0.96,0.96,0.95,0.96,120000,0
2016-03-24,02:40:00,0.96,0.98,0.96,0.98,296000,0
2016-03-24,02:45:00,0.98,0.98,0.98,0.98,52000,0
2016-03-24,02:55:00,0.97,0.98,0.97,0.98,196000,0
2016-03-24,03:00:00,0.98,0.98,0.98,0.98,76000,0
2016-03-24,03:05:00,0.98,0.98,0.96,0.96,148000,0
2016-03-24,03:10:00,0.96,0.96,0.96,0.96,20000,0
2016-03-24,03:20:00,0.97,0.97,0.97,0.97,400000,0
2016-03-24,03:45:00,0.96,0.96,0.95,0.95,336000,0
2016-03-24,03:55:00,0.95,0.95,0.95,0.95,4000,0
2016-03-24,04:00:00,0.95,0.95,0.95,0.95,4000,0
2016-03-24,04:10:00,0.95,0.95,0.95,0.95,604000,0
2016-03-24,04:25:00,0.95,0.95,0.95,0.95,4000,0
2016-03-24,05:00:00,0.94,0.95,0.94,0.95,8000,0
2016-03-24,06:10:00,0.95,0.95,0.95,0.95,4000,0
2016-03-24,06:35:00,0.95,0.96,0.95,0.96,44000,0
2016-03-24,06:40:00,0.96,0.96,0.96,0.96,44000,0
2016-03-24,06:50:00,0.96,0.97,0.96,0.97,80000,0
2016-03-24,07:00:00,0.97,0.97,0.97,0.97,40000,0
2016-03-24,07:05:00,0.97,0.97,0.97,0.97,28000,0
2016-03-24,07:10:00,0.97,0.97,0.97,0.97,76000,0
2016-03-24,07:15:00,0.97,0.98,0.97,0.98,32000,0
2016-03-24,07:40:00,0.97,0.97,0.96,0.96,476000,0
2016-03-24,07:50:00,0.96,0.96,0.96,0.96,120000,0
2016-03-24,07:55:00,0.97,0.97,0.97,0.97,8000,0
2016-03-24,08:00:00,0.97,0.97,0.97,0.97,600000,0
2016-03-24,08:10:00,0.97,0.97,0.97,0.97,8000,0
2016-03-24,08:15:00,0.97,0.98,0.97,0.98,156000,0
2016-03-24,09:00:00,0.98,0.98,0.98,0.98,4000,0
2016-03-29,03:40:00,0.98,0.98,0.98,0.98,148000,0
2016-03-29,03:45:00,0.98,0.98,0.97,0.97,100000,0
2016-03-29,04:00:00,0.98,0.98,0.98,0.98,40000,0
2016-03-29,04:15:00,0.98,0.99,0.98,0.99,8000,0
2016-03-29,04:20:00,0.99,0.99,0.99,0.99,140000,0
2016-03-29,04:25:00,0.99,0.99,0.98,0.99,80000,0
2016-03-29,04:35:00,0.99,0.99,0.99,0.99,60000,0
2016-03-29,04:40:00,0.99,0.99,0.99,0.99,100000,0
2016-03-29,04:45:00,0.98,0.99,0.98,0.99,800000,0
2016-03-29,05:00:00,0.98,0.99,0.98,0.98,600000,0
2016-03-29,05:10:00,0.98,0.99,0.98,0.99,488000,0
2016-03-29,05:30:00,0.99,0.99,0.98,0.98,84000,0
2016-03-29,06:00:00,0.98,0.99,0.98,0.99,8000,0
2016-03-29,07:45:00,0.99,1,0.99,1,360000,0
2016-03-29,07:50:00,1,1,1,1,84000,0
2016-03-29,07:55:00,1,1.01,1,1.01,452000,0
2016-03-29,08:00:00,1.01,1.02,1.01,1.02,388000,0
2016-03-29,08:10:00,1.02,1.02,1.01,1.01,104000,0
2016-03-29,08:15:00,1.01,1.01,1,1.01,128000,0
2016-03-29,08:20:00,1.01,1.02,0.99,1,436000,0
2016-03-29,08:25:00,1,1,1,1,12000,0
2016-03-29,08:30:00,1,1,1,1,420000,0
2016-03-29,08:35:00,1,1.01,1,1.01,144000,0
2016-03-29,08:45:00,1,1.01,1,1,152000,0
2016-03-29,08:50:00,1,1,1,1,8000,0
2016-03-29,08:55:00,1,1.02,1,1.02,320000,0
2016-03-29,09:00:00,1.02,1.02,1,1.01,292000,0
2016-03-29,09:05:00,1.01,1.01,1.01,1.01,12000,0
2016-03-29,09:10:00,1.01,1.02,1.01,1.02,100000,0
2016-03-29,09:20:00,1.02,1.02,1.01,1.01,16000,0
2016-03-29,09:35:00,1.01,1.03,1.01,1.02,248000,0
2016-03-29,09:40:00,1.02,1.02,1.01,1.02,184000,0
2016-03-29,09:45:00,1.02,1.03,1.02,1.02,40000,0
2016-03-29,09:55:00,1.02,1.03,1.02,1.03,40000,0
2016-03-29,10:00:00,1.03,1.03,1.02,1.02,36000,0
2016-03-30,03:35:00,1.02,1.02,1.02,1.02,248000,0
2016-03-30,03:45:00,1.02,1.02,1.02,1.02,212000,0
2016-03-30,03:50:00,1.02,1.02,1.02,1.02,176000,0
2016-03-30,04:05:00,1.02,1.03,1.02,1.03,40000,0
2016-03-30,04:15:00,1.03,1.03,1.02,1.02,108000,0
2016-03-30,04:20:00,1.02,1.02,1.02,1.02,8000,0
2016-03-30,04:25:00,1.02,1.03,1.02,1.02,216000,0
2016-03-30,04:30:00,1.03,1.03,1.03,1.03,36000,0
2016-03-30,04:35:00,1.03,1.03,1.03,1.03,200000,0
2016-03-30,04:40:00,1.03,1.03,1.02,1.02,164000,0
2016-03-30,04:45:00,1.02,1.03,1.02,1.03,88000,0
2016-03-30,04:55:00,1.03,1.03,1.01,1.01,248000,0
2016-03-30,05:00:00,1.01,1.01,1,1,176000,0
2016-03-30,05:30:00,0.99,1,0.99,1,120000,0
2016-03-30,05:45:00,1,1,1,1,52000,0
2016-03-30,05:55:00,1,1.01,1,1.01,112000,0
2016-03-30,06:00:00,1.01,1.01,1.01,1.01,4000,0
2016-03-30,07:25:00,1.01,1.01,1,1,72000,0
2016-03-30,07:35:00,1,1.01,1,1.01,200000,0
2016-03-30,07:40:00,1.01,1.01,1.01,1.01,20000,0
2016-03-30,07:50:00,1.01,1.01,1.01,1.01,160000,0
2016-03-30,07:55:00,1.01,1.02,1.01,1.02,16000,0
2016-03-30,08:00:00,1.02,1.02,1.02,1.02,92000,0
2016-03-30,08:05:00,1.02,1.03,1.02,1.02,712000,0
2016-03-30,08:10:00,1.02,1.03,1.02,1.03,308000,0
2016-03-30,08:20:00,1.03,1.03,1.02,1.02,600000,0
2016-03-30,08:25:00,1.02,1.03,1.02,1.03,40000,0
2016-03-30,08:40:00,1.03,1.03,1.03,1.03,240000,0
2016-03-30,08:50:00,1.03,1.03,1.03,1.03,216000,0
2016-03-30,08:55:00,1.03,1.03,1.03,1.03,32000,0
2016-03-30,09:00:00,1.03,1.03,1.02,1.02,64000,0
2016-03-30,09:05:00,1.02,1.03,1.02,1.03,360000,0
2016-03-30,09:20:00,1.03,1.04,1.03,1.03,164000,0
2016-03-30,09:35:00,1.03,1.03,1.03,1.03,12000,0
2016-03-30,09:40:00,1.03,1.03,1.03,1.03,20000,0
2016-03-30,09:55:00,1.03,1.04,1.03,1.04,8000,0
2016-03-30,10:00:00,1.04,1.04,1.04,1.04,4000,0
2016-03-31,03:40:00,1.06,1.06,1.04,1.04,380000,0
2016-03-31,03:45:00,1.04,1.06,1.04,1.06,44000,0
2016-03-31,03:50:00,1.06,1.06,1.06,1.06,100000,0
2016-03-31,03:55:00,1.06,1.06,1.03,1.03,196000,0
2016-03-31,04:00:00,1.03,1.04,1.03,1.04,72000,0
2016-03-31,04:05:00,1.04,1.04,1.04,1.04,4000,0
2016-03-31,04:10:00,1.02,1.03,1.02,1.03,196000,0
2016-03-31,04:25:00,1.03,1.04,1.03,1.04,140000,0
2016-03-31,04:30:00,1.04,1.04,1.03,1.03,84000,0
2016-03-31,04:35:00,1.03,1.04,1.03,1.04,120000,0
2016-03-31,04:40:00,1.04,1.04,1.03,1.04,304000,0
2016-03-31,04:45:00,1.04,1.04,1.04,1.04,8000,0
2016-03-31,05:10:00,1.03,1.03,1.02,1.03,264000,0
2016-03-31,05:25:00,1.02,1.03,1.02,1.03,16000,0
2016-03-31,05:30:00,1.03,1.03,1.03,1.03,4000,0
2016-03-31,06:00:00,1.03,1.03,1.03,1.03,4000,0
2016-03-31,07:45:00,1.03,1.03,1.03,1.03,64000,0
2016-03-31,07:50:00,1.03,1.05,1.03,1.05,400000,0
2016-03-31,07:55:00,1.05,1.05,1.05,1.05,20000,0
2016-03-31,08:00:00,1.05,1.05,1.04,1.04,8000,0
2016-03-31,08:05:00,1.04,1.04,1.03,1.03,584000,0
2016-03-31,08:10:00,1.04,1.05,1.04,1.04,32000,0
2016-03-31,08:25:00,1.04,1.04,1.04,1.04,20000,0
2016-03-31,08:30:00,1.04,1.04,1.02,1.03,340000,0
2016-03-31,08:45:00,1.02,1.03,1.02,1.03,292000,0
2016-03-31,08:50:00,1.03,1.03,1.03,1.03,20000,0
2016-03-31,09:05:00,1.03,1.03,1.03,1.03,80000,0
2016-03-31,09:10:00,1.03,1.03,1.03,1.03,40000,0
2016-03-31,09:15:00,1.03,1.03,1.03,1.03,240000,0
2016-03-31,09:20:00,1.03,1.03,1.02,1.03,132000,0
2016-03-31,09:35:00,1.03,1.04,1.03,1.04,100000,0
2016-03-31,09:50:00,1.04,1.04,1.03,1.03,8000,0
2016-03-31,10:00:00,1.03,1.04,1.03,1.03,112000,0
2016-04-01,03:35:00,1.03,1.03,1.03,1.03,60000,0
2016-04-01,03:40:00,1.03,1.03,1.03,1.03,20000,0
2016-04-01,03:55:00,1.03,1.04,1.03,1.04,380000,0
2016-04-01,04:00:00,1.04,1.05,1.04,1.05,16000,0
2016-04-01,04:05:00,1.05,1.05,1.05,1.05,228000,0
2016-04-01,04:10:00,1.05,1.06,1.05,1.05,56000,0
2016-04-01,04:15:00,1.05,1.05,1.04,1.04,48000,0
2016-04-01,04:35:00,1.04,1.04,1.02,1.02,28000,0
2016-04-01,04:40:00,1.02,1.03,1.02,1.03,400000,0
2016-04-01,04:45:00,1.03,1.03,1.03,1.03,180000,0
2016-04-01,05:00:00,1.03,1.03,1.03,1.03,400000,0
2016-04-01,05:05:00,1.03,1.03,1.02,1.02,224000,0
2016-04-01,05:15:00,1.01,1.02,1.01,1.02,8000,0
2016-04-01,05:20:00,1.01,1.02,1.01,1.02,24000,0
2016-04-01,06:00:00,1.02,1.03,1.02,1.03,8000,0
2016-04-01,07:20:00,1.03,1.03,1.03,1.03,216000,0
2016-04-01,07:45:00,1.03,1.03,1.03,1.03,428000,0
2016-04-01,07:55:00,1.02,1.03,1.02,1.03,160000,0
2016-04-01,08:10:00,1.01,1.02,1.01,1.02,40000,0
2016-04-01,08:15:00,1.02,1.03,1.02,1.03,52000,0
2016-04-01,08:20:00,1.03,1.04,1.03,1.03,648000,0
2016-04-01,08:25:00,1.02,1.02,1.02,1.02,8000,0
2016-04-01,08:30:00,1.03,1.04,1.03,1.04,24000,0
2016-04-01,08:35:00,1.04,1.04,1.03,1.03,40000,0
2016-04-01,08:55:00,1.01,1.02,1.01,1.02,200000,0
2016-04-01,09:15:00,1.02,1.02,1.02,1.02,200000,0
2016-04-01,09:20:00,1.02,1.02,1.02,1.02,144000,0
2016-04-01,09:25:00,1.02,1.02,1.02,1.02,4000,0
2016-04-01,09:30:00,1.02,1.02,1.02,1.02,120000,0
2016-04-01,09:45:00,1.02,1.02,1.02,1.02,40000,0
2016-04-01,09:50:00,1.02,1.03,1.02,1.03,300000,0
2016-04-01,09:55:00,1.03,1.03,1.03,1.03,84000,0
2016-04-01,10:00:00,1.03,1.04,1.03,1.04,16000,0
2016-04-05,03:35:00,1.04,1.05,1.04,1.05,80000,0
2016-04-05,03:40:00,1.05,1.06,1.05,1.06,748000,0
2016-04-05,03:45:00,1.04,1.06,1.04,1.06,8000,0
2016-04-05,03:55:00,1.06,1.07,1.06,1.07,684000,0
2016-04-05,04:00:00,1.07,1.08,1.07,1.08,48000,0
2016-04-05,04:05:00,1.08,1.08,1.08,1.08,360000,0
2016-04-05,04:15:00,1.08,1.08,1.06,1.06,16000,0
2016-04-05,04:20:00,1.06,1.07,1.06,1.06,88000,0
2016-04-05,04:25:00,1.06,1.06,1.06,1.06,200000,0
2016-04-05,04:35:00,1.06,1.06,1.05,1.06,96000,0
2016-04-05,04:50:00,1.06,1.07,1.05,1.05,188000,0
2016-04-05,05:00:00,1.06,1.07,1.06,1.06,104000,0
2016-04-05,05:05:00,1.06,1.06,1.06,1.06,120000,0
2016-04-05,05:10:00,1.06,1.06,1.06,1.06,12000,0
2016-04-05,05:20:00,1.06,1.06,1.06,1.06,20000,0
2016-04-05,05:25:00,1.06,1.06,1.06,1.06,32000,0
2016-04-05,05:40:00,1.06,1.06,1.06,1.06,100000,0
2016-04-05,05:45:00,1.06,1.06,1.05,1.05,64000,0
2016-04-05,06:00:00,1.05,1.06,1.05,1.06,8000,0
2016-04-05,07:35:00,1.06,1.06,1.06,1.06,272000,0
2016-04-05,07:40:00,1.06,1.07,1.06,1.07,436000,0
2016-04-05,07:45:00,1.07,1.07,1.06,1.07,240000,0
2016-04-05,07:50:00,1.07,1.07,1.07,1.07,184000,0
2016-04-05,07:55:00,1.07,1.07,1.06,1.07,524000,0
2016-04-05,08:00:00,1.07,1.07,1.07,1.07,200000,0
2016-04-05,08:05:00,1.07,1.08,1.07,1.07,24000,0
2016-04-05,08:10:00,1.07,1.08,1.06,1.07,720000,0
2016-04-05,08:15:00,1.07,1.07,1.06,1.06,504000,0
2016-04-05,08:20:00,1.06,1.07,1.06,1.06,400000,0
2016-04-05,08:25:00,1.06,1.06,1.06,1.06,16000,0
2016-04-05,08:30:00,1.06,1.06,1.06,1.06,40000,0
2016-04-05,08:45:00,1.06,1.07,1.06,1.07,40000,0
2016-04-05,08:50:00,1.07,1.07,1.07,1.07,220000,0
2016-04-05,08:55:00,1.07,1.08,1.07,1.07,412000,0
2016-04-05,09:00:00,1.07,1.07,1.07,1.07,100000,0
2016-04-05,09:05:00,1.07,1.07,1.07,1.07,4000,0
2016-04-05,09:10:00,1.07,1.07,1.07,1.07,376000,0
2016-04-05,09:15:00,1.07,1.07,1.07,1.07,12000,0
2016-04-05,09:20:00,1.07,1.07,1.07,1.07,4000,0
2016-04-05,09:25:00,1.07,1.07,1.07,1.07,220000,0
2016-04-05,09:35:00,1.07,1.08,1.07,1.08,40000,0
2016-04-05,09:45:00,1.08,1.08,1.08,1.08,40000,0
2016-04-05,09:50:00,1.08,1.08,1.07,1.08,76000,0
2016-04-05,09:55:00,1.08,1.08,1.07,1.08,248000,0
2016-04-05,10:00:00,1.08,1.08,1.07,1.08,112000,0
2016-04-06,03:40:00,1.07,1.08,1.07,1.08,44000,0
2016-04-06,03:45:00,1.08,1.08,1.07,1.07,132000,0
2016-04-06,03:50:00,1.07,1.08,1.07,1.08,104000,0
2016-04-06,03:55:00,1.08,1.08,1.07,1.07,56000,0
2016-04-06,04:00:00,1.07,1.07,1.07,1.07,108000,0
2016-04-06,04:10:00,1.07,1.07,1.07,1.07,200000,0
2016-04-06,04:15:00,1.07,1.08,1.07,1.08,360000,0
2016-04-06,04:20:00,1.08,1.09,1.08,1.09,136000,0
2016-04-06,04:55:00,1.09,1.09,1.08,1.08,64000,0
2016-04-06,05:05:00,1.08,1.08,1.07,1.07,412000,0
2016-04-06,05:15:00,1.07,1.07,1.07,1.07,64000,0
2016-04-06,05:30:00,1.07,1.07,1.07,1.07,200000,0
2016-04-06,05:35:00,1.07,1.07,1.07,1.07,100000,0
2016-04-06,05:45:00,1.07,1.07,1.07,1.07,12000,0
2016-04-06,06:00:00,1.07,1.08,1.07,1.08,8000,0
2016-04-06,07:10:00,1.08,1.08,1.07,1.07,200000,0
2016-04-06,07:35:00,1.07,1.07,1.07,1.07,120000,0
2016-04-06,07:40:00,1.07,1.07,1.06,1.06,60000,0
2016-04-06,07:50:00,1.06,1.07,1.06,1.07,12000,0
2016-04-06,07:55:00,1.07,1.07,1.06,1.06,404000,0
2016-04-06,08:20:00,1.06,1.06,1.06,1.06,4000,0
2016-04-06,08:35:00,1.06,1.06,1.06,1.06,60000,0
2016-04-06,08:55:00,1.06,1.06,1.06,1.06,80000,0
2016-04-06,09:00:00,1.06,1.06,1.06,1.06,40000,0
2016-04-06,09:05:00,1.06,1.06,1.06,1.06,92000,0
2016-04-06,09:20:00,1.06,1.06,1.06,1.06,8000,0
2016-04-06,09:35:00,1.06,1.06,1.06,1.06,44000,0
2016-04-06,09:40:00,1.06,1.06,1.06,1.06,4000,0
2016-04-06,09:45:00,1.06,1.07,1.06,1.07,912000,0
2016-04-06,09:50:00,1.07,1.07,1.07,1.07,180000,0
2016-04-06,10:00:00,1.07,1.07,1.05,1.07,24000,0
2016-04-07,03:35:00,1.08,1.09,1.07,1.07,448000,0
2016-04-07,03:55:00,1.07,1.07,1.06,1.06,40000,0
2016-04-07,04:10:00,1.07,1.07,1.07,1.07,60000,0
2016-04-07,04:15:00,1.06,1.06,1.06,1.06,80000,0
2016-04-07,04:30:00,1.06,1.07,1.06,1.07,24000,0
2016-04-07,04:35:00,1.07,1.07,1.06,1.06,104000,0
2016-04-07,04:40:00,1.06,1.06,1.05,1.05,180000,0
2016-04-07,04:45:00,1.05,1.05,1.05,1.05,100000,0
2016-04-07,06:00:00,1.04,1.06,1.04,1.06,8000,0
2016-04-07,07:20:00,1.06,1.06,1.05,1.05,24000,0
2016-04-07,07:30:00,1.05,1.06,1.04,1.06,156000,0
2016-04-07,07:50:00,1.04,1.05,1.04,1.05,40000,0
2016-04-07,07:55:00,1.05,1.06,1.05,1.06,96000,0
2016-04-07,08:00:00,1.06,1.06,1.06,1.06,176000,0
2016-04-07,08:25:00,1.06,1.06,1.05,1.05,8000,0
2016-04-07,09:00:00,1.06,1.06,1.05,1.05,40000,0
2016-04-07,09:25:00,1.05,1.06,1.05,1.06,16000,0
2016-04-07,09:30:00,1.06,1.06,1.06,1.06,8000,0
2016-04-07,10:00:00,1.04,1.06,1.04,1.06,12000,0
2016-04-08,03:40:00,1.05,1.06,1.05,1.05,120000,0
2016-04-08,03:45:00,1.05,1.05,1.05,1.05,80000,0
2016-04-08,03:50:00,1.05,1.06,1.05,1.06,168000,0
2016-04-08,04:00:00,1.06,1.06,1.06,1.06,108000,0
2016-04-08,04:15:00,1.06,1.06,1.05,1.05,160000,0
2016-04-08,04:30:00,1.04,1.05,1.04,1.05,52000,0
2016-04-08,04:35:00,1.05,1.06,1.05,1.06,464000,0
2016-04-08,04:55:00,1.05,1.06,1.05,1.05,172000,0
2016-04-08,06:00:00,1.04,1.06,1.04,1.06,8000,0
2016-04-08,07:10:00,1.06,1.06,1.06,1.06,160000,0
2016-04-08,07:25:00,1.06,1.06,1.06,1.06,180000,0
2016-04-08,08:40:00,1.06,1.06,1.05,1.05,160000,0
2016-04-08,09:45:00,1.05,1.05,1.05,1.05,4000,0
2016-04-08,10:00:00,1.05,1.07,1.05,1.07,12000,0
2016-04-11,04:25:00,1.06,1.07,1.06,1.07,120000,0
2016-04-11,04:40:00,1.07,1.07,1.07,1.07,140000,0
2016-04-11,04:55:00,1.07,1.08,1.07,1.08,24000,0
2016-04-11,10:00:00,1.06,1.07,1.06,1.07,132000,0
2016-04-12,03:40:00,1.07,1.07,1.07,1.07,24000,0
2016-04-12,04:05:00,1.07,1.07,1.07,1.07,120000,0
2016-04-12,04:25:00,1.07,1.07,1.07,1.07,60000,0
2016-04-12,07:05:00,1.07,1.07,1.07,1.07,60000,0
2016-04-12,07:30:00,1.07,1.07,1.06,1.06,48000,0
2016-04-12,07:50:00,1.06,1.07,1.06,1.07,40000,0
2016-04-12,08:55:00,1.07,1.07,1.07,1.07,28000,0
2016-04-12,09:00:00,1.07,1.08,1.07,1.08,8000,0
2016-04-12,09:45:00,1.08,1.08,1.08,1.08,140000,0
2016-04-12,09:55:00,1.08,1.08,1.08,1.08,12000,0
2016-04-13,03:35:00,1.08,1.08,1.08,1.08,88000,0
2016-04-13,03:40:00,1.08,1.09,1.08,1.09,76000,0
2016-04-13,03:45:00,1.09,1.09,1.09,1.09,112000,0
2016-04-13,03:50:00,1.09,1.1,1.09,1.1,68000,0
2016-04-13,03:55:00,1.1,1.1,1.09,1.09,48000,0
2016-04-13,04:00:00,1.09,1.1,1.09,1.1,16000,0
2016-04-13,04:05:00,1.1,1.1,1.1,1.1,28000,0
2016-04-13,04:10:00,1.1,1.1,1.08,1.09,184000,0
2016-04-13,04:25:00,1.09,1.09,1.09,1.09,88000,0
2016-04-13,04:30:00,1.09,1.09,1.09,1.09,40000,0
2016-04-13,04:35:00,1.09,1.1,1.09,1.1,16000,0
2016-04-13,04:55:00,1.1,1.1,1.09,1.1,64000,0
2016-04-13,05:20:00,1.1,1.1,1.09,1.09,296000,0
2016-04-13,05:25:00,1.09,1.09,1.09,1.09,4000,0
2016-04-13,06:00:00,1.09,1.1,1.09,1.1,8000,0
2016-04-13,07:15:00,1.1,1.1,1.09,1.09,200000,0
2016-04-13,07:30:00,1.09,1.1,1.09,1.1,112000,0
2016-04-13,07:35:00,1.1,1.1,1.09,1.09,28000,0
2016-04-13,08:00:00,1.09,1.09,1.09,1.09,32000,0
2016-04-13,08:05:00,1.09,1.1,1.09,1.09,100000,0
2016-04-13,08:10:00,1.09,1.09,1.09,1.09,176000,0
2016-04-13,08:15:00,1.09,1.1,1.09,1.1,36000,0
2016-04-13,08:35:00,1.1,1.1,1.1,1.1,60000,0
2016-04-13,08:55:00,1.1,1.1,1.1,1.1,20000,0
2016-04-13,09:10:00,1.1,1.1,1.1,1.1,44000,0
2016-04-13,09:35:00,1.1,1.11,1.1,1.11,128000,0
2016-04-13,09:40:00,1.11,1.11,1.11,1.11,16000,0
2016-04-13,09:50:00,1.11,1.11,1.11,1.11,12000,0
2016-04-13,09:55:00,1.11,1.11,1.1,1.1,76000,0
2016-04-13,10:00:00,1.1,1.11,1.09,1.11,204000,0
