Date,Time,Open,High,Low,Close,Volume,OpenInt
2016-03-18,02:35:00,6.44,6.45,6.41,6.41,474000,0
2016-03-18,02:40:00,6.41,6.43,6.41,6.41,322000,0
2016-03-18,02:45:00,6.41,6.41,6.37,6.37,420000,0
2016-03-18,02:50:00,6.37,6.42,6.37,6.41,182000,0
2016-03-18,02:55:00,6.41,6.42,6.41,6.42,146000,0
2016-03-18,03:00:00,6.42,6.43,6.42,6.43,120000,0
2016-03-18,03:05:00,6.43,6.44,6.43,6.44,86000,0
2016-03-18,03:10:00,6.44,6.44,6.42,6.43,118000,0
2016-03-18,03:15:00,6.43,6.44,6.42,6.43,176000,0
2016-03-18,03:20:00,6.43,6.45,6.42,6.45,188000,0
2016-03-18,03:25:00,6.45,6.47,6.44,6.47,324000,0
2016-03-18,03:30:00,6.47,6.47,6.45,6.45,232000,0
2016-03-18,03:35:00,6.45,6.48,6.44,6.48,184000,0
2016-03-18,03:40:00,6.48,6.5,6.48,6.49,488000,0
2016-03-18,03:45:00,6.49,6.5,6.48,6.49,198000,0
2016-03-18,03:50:00,6.49,6.5,6.48,6.49,132000,0
2016-03-18,03:55:00,6.49,6.5,6.49,6.49,190000,0
2016-03-18,04:00:00,6.49,6.52,6.49,6.5,164000,0
2016-03-18,04:05:00,6.5,6.5,6.48,6.49,172000,0
2016-03-18,04:10:00,6.49,6.51,6.49,6.51,54000,0
2016-03-18,04:15:00,6.51,6.51,6.5,6.51,42000,0
2016-03-18,04:20:00,6.51,6.51,6.5,6.51,56000,0
2016-03-18,04:25:00,6.51,6.52,6.51,6.51,154000,0
2016-03-18,04:30:00,6.51,6.52,6.5,6.5,264000,0
2016-03-18,04:35:00,6.51,6.52,6.51,6.51,84000,0
2016-03-18,04:40:00,6.51,6.53,6.51,6.52,98000,0
2016-03-18,04:45:00,6.52,6.53,6.51,6.51,132000,0
2016-03-18,04:50:00,6.51,6.52,6.51,6.51,116000,0
2016-03-18,04:55:00,6.51,6.52,6.51,6.51,114000,0
2016-03-18,05:00:00,6.51,6.52,6.51,6.51,96000,0
2016-03-18,06:05:00,6.51,6.54,6.51,6.54,652000,0
2016-03-18,06:10:00,6.54,6.54,6.53,6.54,216000,0
2016-03-18,06:15:00,6.54,6.57,6.53,6.57,298000,0
2016-03-18,06:20:00,6.57,6.57,6.52,6.53,312000,0
2016-03-18,06:25:00,6.53,6.55,6.52,6.53,218000,0
2016-03-18,06:30:00,6.53,6.55,6.53,6.55,243145,0
2016-03-18,06:35:00,6.55,6.56,6.54,6.55,312000,0
2016-03-18,06:40:00,6.55,6.56,6.54,6.55,242275,0
2016-03-18,06:45:00,6.55,6.57,6.55,6.55,332000,0
2016-03-18,06:50:00,6.55,6.55,6.54,6.55,180000,0
2016-03-18,06:55:00,6.55,6.55,6.52,6.53,358000,0
2016-03-18,07:00:00,6.53,6.54,6.53,6.54,328000,0
2016-03-18,07:05:00,6.54,6.55,6.53,6.54,226000,0
2016-03-18,07:10:00,6.54,6.55,6.53,6.54,182000,0
2016-03-18,07:15:00,6.54,6.54,6.53,6.54,136000,0
2016-03-18,07:20:00,6.54,6.54,6.52,6.53,112000,0
2016-03-18,07:25:00,6.53,6.54,6.53,6.53,194000,0
2016-03-18,07:30:00,6.53,6.53,6.5,6.5,174000,0
2016-03-18,07:35:00,6.5,6.52,6.49,6.49,356000,0
2016-03-18,07:40:00,6.49,6.49,6.48,6.48,142000,0
2016-03-18,07:45:00,6.48,6.49,6.48,6.48,82000,0
2016-03-18,07:50:00,6.48,6.53,6.48,6.53,804000,0
2016-03-18,07:55:00,6.53,6.53,6.5,6.51,168000,0
2016-03-18,08:00:00,6.51,6.51,6.5,6.51,84000,0
2016-03-18,08:05:00,6.51,6.52,6.48,6.49,602000,0
2016-03-18,08:10:00,6.49,6.51,6.49,6.49,112000,0
2016-03-18,08:15:00,6.49,6.49,6.48,6.49,530000,0
2016-03-18,08:20:00,6.49,6.5,6.48,6.49,328000,0
2016-03-18,08:25:00,6.49,6.49,6.47,6.49,288000,0
2016-03-18,08:30:00,6.49,6.49,6.48,6.48,142000,0
2016-03-18,08:35:00,6.48,6.49,6.47,6.47,406000,0
2016-03-18,08:40:00,6.47,6.48,6.47,6.48,82000,0
2016-03-18,08:45:00,6.48,6.48,6.47,6.48,486000,0
2016-03-18,08:50:00,6.48,6.48,6.46,6.47,811811,0
2016-03-18,08:55:00,6.47,6.49,6.46,6.49,594000,0
2016-03-18,09:00:00,6.49,6.55,6.46,6.51,12600000,0
2016-03-21,02:35:00,6.49,6.52,6.42,6.48,1148581,0
2016-03-21,02:40:00,6.48,6.52,6.48,6.5,518000,0
2016-03-21,02:45:00,6.5,6.5,6.47,6.47,582000,0
2016-03-21,02:50:00,6.47,6.48,6.46,6.46,214000,0
2016-03-21,02:55:00,6.46,6.47,6.46,6.46,250000,0
2016-03-21,03:00:00,6.46,6.51,6.46,6.49,602000,0
2016-03-21,03:05:00,6.49,6.52,6.49,6.51,270000,0
2016-03-21,03:10:00,6.51,6.52,6.49,6.49,270000,0
2016-03-21,03:15:00,6.49,6.5,6.48,6.48,316000,0
2016-03-21,03:20:00,6.48,6.48,6.46,6.47,214000,0
2016-03-21,03:25:00,6.47,6.47,6.45,6.45,388000,0
2016-03-21,03:30:00,6.45,6.47,6.43,6.44,344000,0
2016-03-21,03:35:00,6.44,6.47,6.44,6.46,408000,0
2016-03-21,03:40:00,6.46,6.47,6.45,6.45,270000,0
2016-03-21,03:45:00,6.45,6.45,6.44,6.45,194000,0
2016-03-21,03:50:00,6.45,6.46,6.44,6.46,360000,0
2016-03-21,03:55:00,6.46,6.46,6.44,6.44,254000,0
2016-03-21,04:00:00,6.44,6.47,6.43,6.45,476000,0
2016-03-21,04:05:00,6.45,6.46,6.44,6.45,170000,0
2016-03-21,04:10:00,6.45,6.45,6.43,6.45,188000,0
2016-03-21,04:15:00,6.45,6.45,6.41,6.43,566000,0
2016-03-21,04:20:00,6.43,6.43,6.39,6.41,338000,0
2016-03-21,04:25:00,6.41,6.42,6.4,6.4,380000,0
2016-03-21,04:30:00,6.4,6.4,6.38,6.39,106000,0
2016-03-21,04:35:00,6.39,6.43,6.39,6.42,150000,0
2016-03-21,04:40:00,6.42,6.42,6.4,6.4,72000,0
2016-03-21,04:45:00,6.4,6.41,6.39,6.41,102000,0
2016-03-21,04:50:00,6.41,6.43,6.4,6.42,48000,0
2016-03-21,04:55:00,6.42,6.43,6.41,6.41,62985,0
2016-03-21,05:00:00,6.41,6.41,6.4,6.4,30000,0
2016-03-21,06:05:00,6.4,6.45,6.4,6.45,564000,0
2016-03-21,06:10:00,6.45,6.45,6.42,6.44,248000,0
2016-03-21,06:15:00,6.44,6.44,6.43,6.43,34000,0
2016-03-21,06:20:00,6.43,6.45,6.43,6.45,68000,0
2016-03-21,06:25:00,6.45,6.46,6.44,6.46,94000,0
2016-03-21,06:30:00,6.46,6.47,6.45,6.47,94000,0
2016-03-21,06:35:00,6.47,6.47,6.46,6.47,82000,0
2016-03-21,06:40:00,6.47,6.47,6.46,6.46,110000,0
2016-03-21,06:45:00,6.46,6.47,6.44,6.44,178000,0
2016-03-21,06:50:00,6.44,6.44,6.43,6.43,6000,0
2016-03-21,06:55:00,6.43,6.45,6.43,6.45,28000,0
2016-03-21,07:00:00,6.45,6.45,6.44,6.44,44000,0
2016-03-21,07:05:00,6.44,6.45,6.43,6.43,158000,0
2016-03-21,07:10:00,6.43,6.43,6.42,6.43,16000,0
2016-03-21,07:15:00,6.43,6.44,6.43,6.43,116000,0
2016-03-21,07:20:00,6.43,6.43,6.42,6.43,60000,0
2016-03-21,07:25:00,6.43,6.44,6.42,6.44,280000,0
2016-03-21,07:30:00,6.44,6.45,6.44,6.44,76000,0
2016-03-21,07:35:00,6.44,6.46,6.44,6.45,218000,0
2016-03-21,07:40:00,6.45,6.45,6.44,6.45,160000,0
2016-03-21,07:45:00,6.45,6.45,6.44,6.44,72000,0
2016-03-21,07:50:00,6.44,6.45,6.44,6.45,22000,0
2016-03-21,07:55:00,6.45,6.45,6.44,6.45,44000,0
2016-03-21,08:00:00,6.45,6.45,6.44,6.45,96000,0
2016-03-21,08:05:00,6.45,6.46,6.44,6.44,160000,0
2016-03-21,08:10:00,6.45,6.46,6.44,6.45,96000,0
2016-03-21,08:15:00,6.45,6.45,6.44,6.45,32000,0
2016-03-21,08:20:00,6.45,6.45,6.45,6.45,30000,0
2016-03-21,08:25:00,6.45,6.45,6.44,6.45,194000,0
2016-03-21,08:30:00,6.45,6.45,6.43,6.44,230000,0
2016-03-21,08:35:00,6.44,6.44,6.43,6.44,56000,0
2016-03-21,08:40:00,6.44,6.44,6.43,6.43,302000,0
2016-03-21,08:45:00,6.43,6.44,6.43,6.44,82000,0
2016-03-21,08:50:00,6.44,6.44,6.43,6.44,148000,0
2016-03-21,08:55:00,6.44,6.44,6.41,6.41,404000,0
2016-03-21,09:00:00,6.41,6.42,6.4,6.4,792000,0
2016-03-22,02:35:00,6.48,6.59,6.44,6.5,1000000,0
2016-03-22,02:40:00,6.5,6.57,6.5,6.54,192000,0
2016-03-22,02:45:00,6.54,6.55,6.51,6.51,276000,0
2016-03-22,02:50:00,6.51,6.53,6.5,6.51,102000,0
2016-03-22,02:55:00,6.51,6.54,6.49,6.51,136000,0
2016-03-22,03:00:00,6.51,6.53,6.51,6.53,114000,0
2016-03-22,03:05:00,6.53,6.53,6.5,6.5,14000,0
2016-03-22,03:10:00,6.5,6.5,6.48,6.48,8000,0
2016-03-22,03:15:00,6.48,6.48,6.45,6.46,94000,0
2016-03-22,03:20:00,6.46,6.47,6.44,6.47,214000,0
2016-03-22,03:25:00,6.47,6.48,6.45,6.45,70000,0
2016-03-22,03:30:00,6.45,6.45,6.43,6.44,58000,0
2016-03-22,03:35:00,6.44,6.45,6.43,6.45,102000,0
2016-03-22,03:40:00,6.45,6.45,6.43,6.44,88000,0
2016-03-22,03:45:00,6.44,6.48,6.44,6.46,106000,0
2016-03-22,03:50:00,6.46,6.46,6.43,6.43,170000,0
2016-03-22,03:55:00,6.43,6.45,6.43,6.43,42000,0
2016-03-22,04:00:00,6.43,6.44,6.41,6.44,132000,0
2016-03-22,04:05:00,6.44,6.45,6.42,6.45,106000,0
2016-03-22,04:10:00,6.45,6.47,6.43,6.47,80000,0
2016-03-22,04:15:00,6.46,6.46,6.43,6.43,16000,0
2016-03-22,04:20:00,6.43,6.44,6.42,6.42,38000,0
2016-03-22,04:25:00,6.42,6.43,6.41,6.42,138000,0
2016-03-22,04:30:00,6.42,6.42,6.41,6.42,80000,0
2016-03-22,04:35:00,6.42,6.42,6.41,6.41,36000,0
2016-03-22,04:40:00,6.41,6.44,6.41,6.42,134000,0
2016-03-22,04:45:00,6.43,6.43,6.43,6.43,30000,0
2016-03-22,04:50:00,6.43,6.43,6.42,6.42,26000,0
2016-03-22,04:55:00,6.42,6.45,6.42,6.42,30000,0
2016-03-22,05:00:00,6.42,6.45,6.42,6.44,60000,0
2016-03-22,06:05:00,6.44,6.45,6.43,6.44,72000,0
2016-03-22,06:10:00,6.44,6.45,6.44,6.44,46000,0
2016-03-22,06:25:00,6.45,6.45,6.44,6.45,140000,0
2016-03-22,06:30:00,6.45,6.46,6.44,6.45,46000,0
2016-03-22,06:35:00,6.45,6.45,6.45,6.45,12000,0
2016-03-22,06:40:00,6.45,6.46,6.44,6.44,60000,0
2016-03-22,06:45:00,6.44,6.47,6.44,6.45,50000,0
2016-03-22,06:50:00,6.45,6.45,6.44,6.44,6000,0
2016-03-22,06:55:00,6.44,6.44,6.43,6.44,446000,0
2016-03-22,07:00:00,6.44,6.47,6.44,6.45,278000,0
2016-03-22,07:05:00,6.45,6.45,6.44,6.44,34000,0
2016-03-22,07:10:00,6.44,6.44,6.44,6.44,46000,0
2016-03-22,07:15:00,6.44,6.45,6.44,6.45,88000,0
2016-03-22,07:20:00,6.45,6.45,6.44,6.44,36000,0
2016-03-22,07:30:00,6.44,6.45,6.44,6.44,16000,0
2016-03-22,07:35:00,6.44,6.45,6.42,6.42,178000,0
2016-03-22,07:40:00,6.42,6.42,6.42,6.42,14000,0
2016-03-22,07:45:00,6.42,6.43,6.4,6.41,206000,0
2016-03-22,07:50:00,6.41,6.42,6.4,6.4,102000,0
2016-03-22,07:55:00,6.4,6.4,6.39,6.39,14000,0
2016-03-22,08:00:00,6.39,6.39,6.38,6.38,80000,0
2016-03-22,08:05:00,6.38,6.38,6.36,6.37,90000,0
2016-03-22,08:35:00,6.36,6.37,6.36,6.37,74000,0
2016-03-22,08:40:00,6.37,6.38,6.37,6.38,16000,0
2016-03-22,08:45:00,6.38,6.39,6.38,6.38,50000,0
2016-03-22,08:50:00,6.39,6.39,6.39,6.39,6000,0
2016-03-22,08:55:00,6.39,6.4,6.38,6.39,124000,0
2016-03-22,09:00:00,6.39,6.42,6.38,6.41,942000,0
2016-03-23,02:35:00,6.42,6.42,6.33,6.34,124000,0
2016-03-23,02:40:00,6.34,6.35,6.34,6.34,380000,0
2016-03-23,02:45:00,6.34,6.35,6.33,6.33,130000,0
2016-03-23,02:50:00,6.33,6.36,6.33,6.35,286000,0
2016-03-23,02:55:00,6.35,6.35,6.34,6.34,70000,0
2016-03-23,03:00:00,6.34,6.34,6.31,6.32,228000,0
2016-03-23,03:05:00,6.32,6.32,6.31,6.31,194000,0
2016-03-23,03:10:00,6.31,6.32,6.31,6.32,224000,0
2016-03-23,03:15:00,6.32,6.33,6.31,6.31,160000,0
2016-03-23,03:20:00,6.31,6.31,6.3,6.31,264000,0
2016-03-23,03:25:00,6.31,6.32,6.31,6.32,86000,0
2016-03-23,03:30:00,6.32,6.33,6.32,6.32,8000,0
2016-03-23,03:35:00,6.32,6.33,6.31,6.31,66000,0
2016-03-23,03:40:00,6.31,6.32,6.31,6.31,106000,0
2016-03-23,03:45:00,6.31,6.32,6.31,6.32,28000,0
2016-03-23,03:50:00,6.32,6.32,6.31,6.31,14000,0
2016-03-23,03:55:00,6.31,6.31,6.31,6.31,2000,0
2016-03-23,04:00:00,6.31,6.31,6.31,6.31,218000,0
2016-03-23,04:05:00,6.31,6.33,6.31,6.33,120000,0
2016-03-23,04:10:00,6.35,6.36,6.35,6.35,20000,0
2016-03-23,04:15:00,6.35,6.36,6.35,6.35,26000,0
2016-03-23,04:20:00,6.35,6.36,6.34,6.34,36000,0
2016-03-23,04:25:00,6.34,6.34,6.33,6.33,22000,0
2016-03-23,04:30:00,6.33,6.34,6.33,6.33,26000,0
2016-03-23,04:35:00,6.33,6.35,6.33,6.35,94000,0
2016-03-23,04:40:00,6.35,6.37,6.35,6.35,58000,0
2016-03-23,04:45:00,6.35,6.36,6.33,6.33,44000,0
2016-03-23,04:50:00,6.33,6.34,6.33,6.34,54000,0
2016-03-23,04:55:00,6.34,6.34,6.33,6.33,46000,0
2016-03-23,05:00:00,6.33,6.33,6.33,6.33,18000,0
2016-03-23,06:05:00,6.33,6.33,6.31,6.31,52000,0
2016-03-23,06:10:00,6.31,6.32,6.3,6.3,162000,0
2016-03-23,06:15:00,6.3,6.32,6.27,6.28,940000,0
2016-03-23,06:20:00,6.28,6.29,6.27,6.28,314000,0
2016-03-23,06:25:00,6.28,6.3,6.27,6.3,82000,0
2016-03-23,06:30:00,6.29,6.29,6.28,6.29,76000,0
2016-03-23,06:35:00,6.29,6.29,6.27,6.28,82000,0
2016-03-23,06:40:00,6.28,6.28,6.27,6.28,316000,0
2016-03-23,06:45:00,6.28,6.28,6.27,6.27,46000,0
2016-03-23,06:50:00,6.27,6.29,6.27,6.28,214000,0
2016-03-23,06:55:00,6.28,6.29,6.28,6.28,70000,0
2016-03-23,07:00:00,6.28,6.28,6.27,6.27,140000,0
2016-03-23,07:05:00,6.27,6.27,6.26,6.26,178000,0
2016-03-23,07:10:00,6.26,6.28,6.26,6.27,432000,0
2016-03-23,07:15:00,6.27,6.28,6.26,6.26,314000,0
2016-03-23,07:20:00,6.26,6.27,6.26,6.27,302000,0
2016-03-23,07:25:00,6.27,6.27,6.27,6.27,20000,0
2016-03-23,07:30:00,6.27,6.28,6.27,6.27,64000,0
2016-03-23,07:35:00,6.27,6.28,6.27,6.27,86000,0
2016-03-23,07:40:00,6.27,6.28,6.27,6.27,54000,0
2016-03-23,07:45:00,6.27,6.28,6.27,6.28,206000,0
2016-03-23,07:50:00,6.28,6.28,6.27,6.27,46000,0
2016-03-23,07:55:00,6.27,6.28,6.26,6.26,160000,0
2016-03-23,08:00:00,6.26,6.28,6.26,6.28,466000,0
2016-03-23,08:05:00,6.28,6.28,6.26,6.26,58000,0
2016-03-23,08:10:00,6.26,6.26,6.26,6.26,26000,0
2016-03-23,08:15:00,6.26,6.27,6.26,6.27,278000,0
2016-03-23,08:20:00,6.27,6.29,6.27,6.29,194000,0
2016-03-23,08:25:00,6.29,6.29,6.28,6.28,42000,0
2016-03-23,08:30:00,6.28,6.29,6.27,6.27,93811,0
2016-03-23,08:35:00,6.27,6.28,6.27,6.27,64000,0
2016-03-23,08:40:00,6.27,6.28,6.27,6.27,90000,0
2016-03-23,08:45:00,6.27,6.28,6.26,6.27,378000,0
2016-03-23,08:50:00,6.27,6.27,6.25,6.26,880884,0
2016-03-23,08:55:00,6.26,6.26,6.23,6.23,1578000,0
2016-03-23,09:00:00,6.23,6.27,6.23,6.26,1650000,0
2016-03-24,02:35:00,6.1,6.14,6.06,6.12,686000,0
2016-03-24,02:40:00,6.12,6.12,6.09,6.11,348000,0
2016-03-24,02:45:00,6.11,6.12,6.1,6.11,314000,0
2016-03-24,02:50:00,6.11,6.12,6.1,6.12,294000,0
2016-03-24,02:55:00,6.12,6.12,6.11,6.12,86000,0
2016-03-24,03:00:00,6.12,6.13,6.12,6.12,148000,0
2016-03-24,03:05:00,6.12,6.13,6.12,6.13,68000,0
2016-03-24,03:10:00,6.13,6.14,6.13,6.14,98000,0
2016-03-24,03:15:00,6.14,6.15,6.14,6.15,114000,0
2016-03-24,03:20:00,6.15,6.17,6.15,6.16,104000,0
2016-03-24,03:25:00,6.16,6.19,6.16,6.19,224000,0
2016-03-24,03:30:00,6.19,6.19,6.18,6.18,102000,0
2016-03-24,03:35:00,6.18,6.18,6.17,6.17,56000,0
2016-03-24,03:40:00,6.17,6.17,6.15,6.15,60000,0
2016-03-24,03:45:00,6.15,6.18,6.14,6.14,148000,0
2016-03-24,03:50:00,6.14,6.14,6.13,6.13,116000,0
2016-03-24,03:55:00,6.13,6.14,6.12,6.13,110000,0
2016-03-24,04:00:00,6.13,6.13,6.12,6.12,40000,0
2016-03-24,04:05:00,6.12,6.13,6.1,6.11,318000,0
2016-03-24,04:10:00,6.11,6.11,6.09,6.09,132000,0
2016-03-24,04:15:00,6.09,6.12,6.08,6.12,732000,0
2016-03-24,04:20:00,6.12,6.12,6.09,6.1,262000,0
2016-03-24,04:25:00,6.1,6.1,6.08,6.08,134000,0
2016-03-24,04:30:00,6.08,6.09,6.06,6.06,514000,0
2016-03-24,04:35:00,6.06,6.06,6.02,6.04,1198000,0
2016-03-24,04:40:00,6.04,6.04,6.03,6.04,142000,0
2016-03-24,04:45:00,6.04,6.04,6.03,6.04,324000,0
2016-03-24,04:50:00,6.04,6.05,6.03,6.03,644000,0
2016-03-24,04:55:00,6.03,6.04,6.02,6.04,118000,0
2016-03-24,05:00:00,6.04,6.04,6.03,6.04,50000,0
2016-03-24,06:05:00,6.04,6.04,6.03,6.03,245678,0
2016-03-24,06:10:00,6.03,6.04,6.03,6.04,88000,0
2016-03-24,06:15:00,6.04,6.05,6.04,6.05,1090000,0
2016-03-24,06:20:00,6.05,6.05,6.04,6.05,74000,0
2016-03-24,06:25:00,6.05,6.05,6.04,6.04,54000,0
2016-03-24,06:30:00,6.04,6.05,6.04,6.04,48000,0
2016-03-24,06:35:00,6.04,6.05,6.04,6.04,117200,0
2016-03-24,06:40:00,6.04,6.05,6.04,6.04,154000,0
2016-03-24,06:45:00,6.04,6.05,6.04,6.04,172000,0
2016-03-24,06:50:00,6.04,6.05,6.04,6.05,218000,0
2016-03-24,06:55:00,6.05,6.05,6.04,6.04,48000,0
2016-03-24,07:00:00,6.04,6.05,6.04,6.04,144000,0
2016-03-24,07:05:00,6.04,6.05,6.04,6.04,50000,0
2016-03-24,07:10:00,6.04,6.05,6.04,6.04,164000,0
2016-03-24,07:15:00,6.04,6.04,6.04,6.04,18000,0
2016-03-24,07:20:00,6.04,6.05,6.04,6.05,232000,0
2016-03-24,07:25:00,6.05,6.05,6.04,6.05,382000,0
2016-03-24,07:30:00,6.05,6.05,6.04,6.04,336000,0
2016-03-24,07:35:00,6.04,6.05,6.04,6.04,346000,0
2016-03-24,07:40:00,6.04,6.05,6.04,6.05,294000,0
2016-03-24,07:45:00,6.05,6.05,6.03,6.03,770000,0
2016-03-24,07:50:00,6.03,6.05,6.03,6.05,257569,0
2016-03-24,07:55:00,6.05,6.07,6.05,6.06,278000,0
2016-03-24,08:00:00,6.06,6.06,6.03,6.04,416000,0
2016-03-24,08:05:00,6.04,6.04,6.03,6.03,126000,0
2016-03-24,08:20:00,6.01,6.02,6.01,6.02,6000,0
2016-03-24,08:25:00,6.02,6.02,6.01,6.02,66000,0
2016-03-24,08:30:00,6.02,6.02,6.01,6.02,66000,0
2016-03-24,08:35:00,6.02,6.02,6.02,6.02,390000,0
2016-03-24,08:40:00,6.01,6.02,6.01,6.02,94000,0
2016-03-24,08:45:00,6.01,6.04,6.01,6.04,534000,0
2016-03-24,08:50:00,6.04,6.04,6.03,6.03,204000,0
2016-03-24,08:55:00,6.03,6.04,6.03,6.04,368000,0
2016-03-24,09:00:00,6.04,6.06,6.03,6.04,698584,0
2016-03-29,03:35:00,6.04,6.1,6.02,6.04,1022000,0
2016-03-29,03:40:00,6.04,6.05,5.99,6.05,658000,0
2016-03-29,03:45:00,6.05,6.05,6,6.01,242000,0
2016-03-29,03:50:00,6.01,6.05,6.01,6.05,474000,0
2016-03-29,03:55:00,6.05,6.06,6.04,6.06,50000,0
2016-03-29,04:00:00,6.06,6.08,6.06,6.07,125811,0
2016-03-29,04:05:00,6.07,6.14,6.07,6.1,358000,0
2016-03-29,04:10:00,6.1,6.14,6.1,6.12,148000,0
2016-03-29,04:15:00,6.12,6.14,6.12,6.13,90000,0
2016-03-29,04:20:00,6.13,6.14,6.12,6.13,174000,0
2016-03-29,04:25:00,6.13,6.15,6.13,6.14,146000,0
2016-03-29,04:30:00,6.14,6.14,6.14,6.14,54000,0
2016-03-29,04:35:00,6.14,6.14,6.12,6.13,248000,0
2016-03-29,04:40:00,6.13,6.13,6.11,6.11,110000,0
2016-03-29,04:45:00,6.11,6.12,6.11,6.12,60000,0
2016-03-29,04:50:00,6.12,6.12,6.11,6.12,93000,0
2016-03-29,04:55:00,6.12,6.12,6.12,6.12,20000,0
2016-03-29,05:00:00,6.12,6.13,6.11,6.13,118000,0
2016-03-29,05:05:00,6.13,6.13,6.12,6.13,256000,0
2016-03-29,05:10:00,6.13,6.13,6.12,6.13,12000,0
2016-03-29,05:15:00,6.13,6.13,6.13,6.13,22000,0
2016-03-29,05:20:00,6.13,6.13,6.12,6.13,238000,0
2016-03-29,05:25:00,6.13,6.13,6.13,6.13,18000,0
2016-03-29,05:30:00,6.13,6.13,6.11,6.12,388000,0
2016-03-29,05:35:00,6.11,6.12,6.11,6.12,74000,0
2016-03-29,05:40:00,6.12,6.12,6.11,6.11,114000,0
2016-03-29,05:45:00,6.11,6.11,6.1,6.11,66000,0
2016-03-29,05:50:00,6.11,6.11,6.1,6.11,118000,0
2016-03-29,05:55:00,6.11,6.13,6.11,6.13,136000,0
2016-03-29,06:00:00,6.13,6.13,6.12,6.13,22000,0
2016-03-29,07:05:00,6.13,6.13,6.12,6.13,290000,0
2016-03-29,07:10:00,6.13,6.16,6.13,6.16,442000,0
2016-03-29,07:15:00,6.16,6.16,6.15,6.15,112000,0
2016-03-29,07:20:00,6.15,6.16,6.14,6.16,52000,0
2016-03-29,07:25:00,6.16,6.17,6.16,6.16,58000,0
2016-03-29,07:30:00,6.16,6.16,6.15,6.15,38000,0
2016-03-29,07:35:00,6.15,6.17,6.15,6.17,100000,0
2016-03-29,07:40:00,6.17,6.18,6.16,6.16,72000,0
2016-03-29,07:45:00,6.16,6.16,6.13,6.13,86000,0
2016-03-29,07:50:00,6.14,6.14,6.14,6.14,50000,0
2016-03-29,07:55:00,6.14,6.16,6.14,6.16,30000,0
2016-03-29,08:00:00,6.16,6.16,6.15,6.16,34000,0
2016-03-29,08:05:00,6.16,6.16,6.16,6.16,6000,0
2016-03-29,08:10:00,6.16,6.16,6.16,6.16,42000,0
2016-03-29,08:15:00,6.16,6.17,6.16,6.17,52000,0
2016-03-29,08:20:00,6.17,6.17,6.16,6.16,82000,0
2016-03-29,08:25:00,6.16,6.16,6.15,6.15,194000,0
2016-03-29,08:30:00,6.15,6.15,6.14,6.14,60000,0
2016-03-29,08:35:00,6.14,6.14,6.13,6.13,16000,0
2016-03-29,08:40:00,6.13,6.14,6.13,6.14,54000,0
2016-03-29,08:45:00,6.14,6.14,6.14,6.14,24000,0
2016-03-29,08:50:00,6.14,6.14,6.14,6.14,22000,0
2016-03-29,08:55:00,6.14,6.14,6.14,6.14,40000,0
2016-03-29,09:00:00,6.14,6.14,6.13,6.14,90000,0
2016-03-29,09:05:00,6.14,6.14,6.13,6.13,114000,0
2016-03-29,09:10:00,6.13,6.14,6.13,6.14,30000,0
2016-03-29,09:15:00,6.14,6.14,6.13,6.13,402000,0
2016-03-29,09:20:00,6.13,6.13,6.12,6.12,102000,0
2016-03-29,09:25:00,6.12,6.15,6.12,6.15,286000,0
2016-03-29,09:30:00,6.15,6.15,6.14,6.14,98000,0
2016-03-29,09:35:00,6.14,6.15,6.14,6.15,64000,0
2016-03-29,09:40:00,6.15,6.15,6.14,6.15,80000,0
2016-03-29,09:45:00,6.15,6.15,6.15,6.15,72000,0
2016-03-29,09:50:00,6.15,6.15,6.1,6.12,2302000,0
2016-03-29,09:55:00,6.12,6.15,6.08,6.11,1246000,0
2016-03-29,10:00:00,6.11,6.18,6.11,6.17,956000,0
2016-03-30,03:35:00,6.2,6.2,6.05,6.15,340000,0
2016-03-30,03:40:00,6.15,6.16,6.11,6.13,526000,0
2016-03-30,03:45:00,6.13,6.16,6.1,6.1,188000,0
2016-03-30,03:50:00,6.1,6.12,6.1,6.11,198000,0
2016-03-30,03:55:00,6.11,6.12,6.1,6.1,392000,0
2016-03-30,04:00:00,6.1,6.13,6.1,6.13,182000,0
2016-03-30,04:05:00,6.13,6.15,6.12,6.15,200000,0
2016-03-30,04:10:00,6.15,6.15,6.14,6.15,170000,0
2016-03-30,04:15:00,6.15,6.15,6.14,6.15,94000,0
2016-03-30,04:20:00,6.15,6.15,6.13,6.13,186000,0
2016-03-30,04:25:00,6.13,6.13,6.11,6.12,84000,0
2016-03-30,04:30:00,6.12,6.12,6.1,6.11,306000,0
2016-03-30,04:35:00,6.11,6.12,6.1,6.11,300000,0
2016-03-30,04:40:00,6.11,6.15,6.11,6.13,226000,0
2016-03-30,04:45:00,6.13,6.14,6.13,6.13,124000,0
2016-03-30,04:50:00,6.13,6.14,6.11,6.11,134000,0
2016-03-30,04:55:00,6.11,6.12,6.1,6.12,130000,0
2016-03-30,05:00:00,6.12,6.12,6.1,6.11,54000,0
2016-03-30,05:05:00,6.11,6.11,6.05,6.05,606000,0
2016-03-30,05:10:00,6.05,6.06,6.02,6.03,412000,0
2016-03-30,05:15:00,6.03,6.04,6.02,6.04,324000,0
2016-03-30,05:20:00,6.04,6.04,6.03,6.04,146000,0
2016-03-30,05:25:00,6.04,6.05,6.03,6.05,172000,0
2016-03-30,05:30:00,6.05,6.05,6.03,6.04,56000,0
2016-03-30,05:35:00,6.04,6.04,6.03,6.04,144000,0
2016-03-30,05:40:00,6.04,6.04,6.03,6.04,145684,0
2016-03-30,05:45:00,6.04,6.04,6.03,6.04,94000,0
2016-03-30,05:50:00,6.04,6.04,6.03,6.04,108000,0
2016-03-30,05:55:00,6.04,6.04,6.03,6.04,106000,0
2016-03-30,06:00:00,6.04,6.04,6.03,6.04,148000,0
2016-03-30,07:05:00,6.04,6.04,6.03,6.04,296000,0
2016-03-30,07:10:00,6.04,6.04,6.03,6.03,134000,0
2016-03-30,07:15:00,6.03,6.04,6.03,6.03,68000,0
2016-03-30,07:20:00,6.03,6.04,6.03,6.03,74000,0
2016-03-30,07:25:00,6.03,6.04,6.02,6.03,288000,0
2016-03-30,07:30:00,6.03,6.03,6.02,6.02,662000,0
2016-03-30,07:35:00,6.02,6.03,6.01,6.03,522000,0
2016-03-30,07:40:00,6.03,6.04,6.03,6.04,198000,0
2016-03-30,07:45:00,6.04,6.04,6.03,6.04,290000,0
2016-03-30,07:50:00,6.04,6.07,6.04,6.05,340000,0
2016-03-30,07:55:00,6.05,6.05,6.04,6.04,348000,0
2016-03-30,08:00:00,6.04,6.04,6.03,6.03,74000,0
2016-03-30,08:05:00,6.03,6.04,6.03,6.04,138000,0
2016-03-30,08:10:00,6.04,6.04,6.03,6.04,244000,0
2016-03-30,08:15:00,6.04,6.07,6.04,6.06,356000,0
2016-03-30,08:20:00,6.06,6.06,6.04,6.05,220000,0
2016-03-30,08:25:00,6.05,6.05,6.04,6.04,72000,0
2016-03-30,08:30:00,6.04,6.05,6.04,6.04,250000,0
2016-03-30,08:35:00,6.04,6.05,6.04,6.05,104000,0
2016-03-30,08:40:00,6.05,6.05,6.04,6.05,192000,0
2016-03-30,08:45:00,6.05,6.05,6.04,6.04,228000,0
2016-03-30,08:50:00,6.04,6.05,6.04,6.04,166000,0
2016-03-30,08:55:00,6.04,6.05,6.04,6.04,508000,0
2016-03-30,09:00:00,6.04,6.05,6.04,6.04,150000,0
2016-03-30,09:05:00,6.04,6.04,6.03,6.03,336000,0
2016-03-30,09:10:00,6.03,6.04,6.02,6.03,204000,0
2016-03-30,09:15:00,6.03,6.03,6.02,6.03,318000,0
2016-03-30,09:20:00,6.03,6.04,6.02,6.04,430000,0
2016-03-30,09:25:00,6.04,6.05,6.03,6.05,210000,0
2016-03-30,09:30:00,6.05,6.08,6.04,6.06,726000,0
2016-03-30,09:35:00,6.06,6.09,6.05,6.08,414000,0
2016-03-30,09:40:00,6.08,6.09,6.07,6.08,336000,0
2016-03-30,09:45:00,6.08,6.09,6.08,6.08,606000,0
2016-03-30,09:50:00,6.08,6.09,6.06,6.06,633000,0
2016-03-30,09:55:00,6.06,6.09,6.06,6.09,766000,0
2016-03-30,10:00:00,6.09,6.1,6.05,6.06,1729049,0
2016-03-31,03:35:00,6.09,6.14,6.09,6.12,538000,0
2016-03-31,03:40:00,6.12,6.13,6.11,6.11,74000,0
2016-03-31,03:45:00,6.11,6.11,6.08,6.08,82500,0
2016-03-31,03:50:00,6.08,6.08,6.08,6.08,14000,0
2016-03-31,03:55:00,6.08,6.1,6.07,6.08,328000,0
2016-03-31,04:00:00,6.08,6.1,6.08,6.1,80000,0
2016-03-31,04:05:00,6.1,6.1,6.03,6.08,834000,0
2016-03-31,04:10:00,6.06,6.07,6.02,6.05,378000,0
2016-03-31,04:15:00,6.05,6.08,6.02,6.08,314000,0
2016-03-31,04:20:00,6.08,6.09,6.05,6.06,452000,0
2016-03-31,04:25:00,6.06,6.06,5.99,6.02,1018000,0
2016-03-31,04:30:00,6.02,6.08,6.02,6.06,122000,0
2016-03-31,04:35:00,6.06,6.08,6.05,6.07,224000,0
2016-03-31,04:40:00,6.07,6.07,6.07,6.07,10000,0
2016-03-31,04:45:00,6.07,6.07,6.05,6.07,12000,0
2016-03-31,04:50:00,6.07,6.07,6.05,6.06,58000,0
2016-03-31,04:55:00,6.06,6.06,6.05,6.05,28000,0
2016-03-31,05:00:00,6.05,6.06,6.04,6.04,68000,0
2016-03-31,05:05:00,6.04,6.05,6.02,6.03,402000,0
2016-03-31,05:10:00,6.03,6.03,6.02,6.02,12000,0
2016-03-31,05:15:00,6.02,6.02,6.01,6.01,98000,0
2016-03-31,05:20:00,6.01,6.05,6,6.03,664000,0
2016-03-31,05:25:00,6.03,6.07,6.03,6.07,80000,0
2016-03-31,05:35:00,6.07,6.07,6.03,6.05,48000,0
2016-03-31,05:40:00,6.05,6.05,6.04,6.05,36000,0
2016-03-31,05:45:00,6.05,6.05,6.04,6.04,44000,0
2016-03-31,05:50:00,6.04,6.07,6.04,6.07,128000,0
2016-03-31,05:55:00,6.07,6.07,6.06,6.07,32000,0
2016-03-31,06:00:00,6.07,6.07,6.05,6.05,94000,0
2016-03-31,07:05:00,6.05,6.05,6.03,6.03,54000,0
2016-03-31,07:10:00,6.03,6.04,6.03,6.04,26000,0
2016-03-31,07:15:00,6.04,6.06,6.04,6.05,222000,0
2016-03-31,07:20:00,6.05,6.06,6.05,6.06,72000,0
2016-03-31,07:25:00,6.06,6.08,6.05,6.08,366000,0
2016-03-31,07:30:00,6.08,6.09,6.08,6.09,163800,0
2016-03-31,07:35:00,6.09,6.09,6.07,6.08,262000,0
2016-03-31,07:40:00,6.08,6.08,6.05,6.05,72000,0
2016-03-31,07:45:00,6.05,6.05,6.05,6.05,76000,0
2016-03-31,07:50:00,6.05,6.07,6.05,6.07,40000,0
2016-03-31,07:55:00,6.07,6.07,6.07,6.07,12000,0
2016-03-31,08:00:00,6.07,6.07,6.06,6.06,80000,0
2016-03-31,08:05:00,6.06,6.06,6.05,6.05,32000,0
2016-03-31,08:10:00,6.05,6.05,6.05,6.05,12000,0
2016-03-31,08:15:00,6.05,6.06,6.04,6.04,74000,0
2016-03-31,08:20:00,6.04,6.04,6.01,6.02,454000,0
2016-03-31,08:25:00,6.02,6.02,6.01,6.02,120000,0
2016-03-31,08:30:00,6.03,6.04,6.03,6.04,34000,0
2016-03-31,08:35:00,6.04,6.04,6.04,6.04,52000,0
2016-03-31,08:40:00,6.04,6.05,6.04,6.05,60000,0
2016-03-31,08:45:00,6.05,6.06,6.05,6.06,6000,0
2016-03-31,08:50:00,6.06,6.06,6.05,6.06,24000,0
2016-03-31,08:55:00,6.06,6.06,6.05,6.06,18000,0
2016-03-31,09:00:00,6.06,6.06,6.05,6.05,48000,0
2016-03-31,09:05:00,6.05,6.06,6.04,6.04,164000,0
2016-03-31,09:10:00,6.04,6.06,6.03,6.06,170000,0
2016-03-31,09:15:00,6.06,6.06,6.06,6.06,10000,0
2016-03-31,09:20:00,6.06,6.06,6.05,6.05,26000,0
2016-03-31,09:25:00,6.05,6.06,6.05,6.06,104000,0
2016-03-31,09:30:00,6.06,6.06,6.05,6.05,22000,0
2016-03-31,09:35:00,6.05,6.05,6.02,6.02,174000,0
2016-03-31,09:40:00,6.02,6.03,6.02,6.02,20000,0
2016-03-31,09:45:00,6.02,6.03,6.02,6.02,74000,0
2016-03-31,09:50:00,6.02,6.03,6.02,6.02,182000,0
2016-03-31,09:55:00,6.02,6.04,6.02,6.04,696000,0
2016-03-31,10:00:00,6.04,6.08,6.04,6.06,2904451,0
2016-04-01,03:35:00,5.98,6.02,5.98,5.99,230000,0
2016-04-01,03:40:00,5.99,6.02,5.99,6.02,354000,0
2016-04-01,03:45:00,6.02,6.02,6,6.02,312000,0
2016-04-01,03:50:00,6.02,6.02,6.01,6.02,255890,0
2016-04-01,03:55:00,6.02,6.02,6.01,6.02,54000,0
2016-04-01,04:00:00,6.02,6.02,5.99,5.99,160000,0
2016-04-01,04:05:00,5.99,6,5.99,6,158000,0
2016-04-01,04:10:00,6,6,5.97,5.97,340000,0
2016-04-01,04:15:00,5.97,5.98,5.97,5.98,78000,0
2016-04-01,04:20:00,5.98,5.98,5.97,5.97,116485,0
2016-04-01,04:25:00,5.97,5.97,5.96,5.97,474000,0
2016-04-01,04:30:00,5.97,5.98,5.97,5.98,28000,0
2016-04-01,04:35:00,5.98,5.98,5.92,5.92,572000,0
2016-04-01,04:40:00,5.92,5.95,5.92,5.95,414000,0
2016-04-01,04:45:00,5.95,5.96,5.95,5.96,202000,0
2016-04-01,04:50:00,5.96,5.96,5.95,5.96,48000,0
2016-04-01,04:55:00,5.96,5.98,5.96,5.97,250000,0
2016-04-01,05:00:00,5.97,5.97,5.96,5.97,82000,0
2016-04-01,05:05:00,5.97,5.97,5.95,5.95,76000,0
2016-04-01,05:10:00,5.96,5.97,5.96,5.97,40000,0
2016-04-01,05:15:00,5.97,5.97,5.95,5.95,150000,0
2016-04-01,05:20:00,5.95,5.95,5.94,5.95,56000,0
2016-04-01,05:25:00,5.95,5.95,5.93,5.93,284000,0
2016-04-01,05:30:00,5.93,5.94,5.93,5.94,38000,0
2016-04-01,05:35:00,5.94,5.94,5.93,5.94,58000,0
2016-04-01,05:40:00,5.94,5.94,5.93,5.94,174000,0
2016-04-01,05:45:00,5.94,5.94,5.91,5.91,312000,0
2016-04-01,05:50:00,5.91,5.92,5.91,5.91,106000,0
2016-04-01,05:55:00,5.91,5.92,5.88,5.88,352000,0
2016-04-01,06:00:00,5.88,5.88,5.88,5.88,110000,0
2016-04-01,07:05:00,5.88,5.88,5.86,5.88,744000,0
2016-04-01,07:10:00,5.88,5.88,5.88,5.88,110000,0
2016-04-01,07:15:00,5.88,5.88,5.87,5.87,100000,0
2016-04-01,07:20:00,5.86,5.89,5.86,5.89,582000,0
2016-04-01,07:25:00,5.89,5.91,5.87,5.88,252000,0
2016-04-01,07:30:00,5.88,5.88,5.87,5.88,140000,0
2016-04-01,07:35:00,5.88,5.88,5.87,5.87,98000,0
2016-04-01,07:40:00,5.87,5.89,5.87,5.89,500000,0
2016-04-01,07:45:00,5.89,5.89,5.88,5.89,106000,0
2016-04-01,07:50:00,5.89,5.89,5.88,5.88,380000,0
2016-04-01,07:55:00,5.88,5.89,5.88,5.88,126000,0
2016-04-01,08:00:00,5.88,5.9,5.88,5.89,412000,0
2016-04-01,08:05:00,5.89,5.9,5.89,5.9,50000,0
2016-04-01,08:10:00,5.9,5.9,5.89,5.9,54000,0
2016-04-01,08:15:00,5.9,5.9,5.89,5.89,62000,0
2016-04-01,08:20:00,5.89,5.9,5.89,5.89,180000,0
2016-04-01,08:25:00,5.89,5.89,5.88,5.89,148000,0
2016-04-01,08:30:00,5.89,5.89,5.88,5.89,52000,0
2016-04-01,08:35:00,5.89,5.9,5.89,5.89,334000,0
2016-04-01,08:40:00,5.89,5.92,5.88,5.92,568000,0
2016-04-01,08:45:00,5.92,5.96,5.92,5.93,692000,0
2016-04-01,08:50:00,5.93,5.93,5.92,5.92,42667,0
2016-04-01,08:55:00,5.92,5.93,5.92,5.93,62000,0
2016-04-01,09:00:00,5.93,5.93,5.9,5.91,156000,0
2016-04-01,09:05:00,5.91,5.91,5.89,5.89,212000,0
2016-04-01,09:10:00,5.89,5.9,5.89,5.9,64000,0
2016-04-01,09:15:00,5.9,5.9,5.89,5.89,148000,0
2016-04-01,09:20:00,5.89,5.9,5.89,5.89,72000,0
2016-04-01,09:25:00,5.89,5.9,5.88,5.89,374000,0
2016-04-01,09:30:00,5.89,5.89,5.87,5.87,602000,0
2016-04-01,09:35:00,5.87,5.88,5.87,5.87,200000,0
2016-04-01,09:40:00,5.86,5.87,5.86,5.87,152000,0
2016-04-01,09:45:00,5.87,5.88,5.86,5.87,816000,0
2016-04-01,09:50:00,5.87,5.87,5.86,5.87,220000,0
2016-04-01,09:55:00,5.86,5.87,5.86,5.87,304000,0
2016-04-01,10:00:00,5.86,5.88,5.86,5.87,844915,0
2016-04-05,03:35:00,5.8,5.8,5.75,5.79,1648000,0
2016-04-05,03:40:00,5.79,5.79,5.77,5.78,298000,0
2016-04-05,03:45:00,5.78,5.78,5.75,5.76,584000,0
2016-04-05,03:50:00,5.76,5.77,5.76,5.77,202000,0
2016-04-05,03:55:00,5.77,5.77,5.75,5.76,1192000,0
2016-04-05,04:00:00,5.76,5.76,5.73,5.73,446000,0
2016-04-05,04:05:00,5.73,5.75,5.73,5.75,288000,0
2016-04-05,04:10:00,5.75,5.75,5.72,5.73,948000,0
2016-04-05,04:15:00,5.73,5.73,5.71,5.71,596000,0
2016-04-05,04:20:00,5.71,5.73,5.71,5.73,320000,0
2016-04-05,04:25:00,5.73,5.73,5.72,5.72,180000,0
2016-04-05,04:30:00,5.72,5.73,5.72,5.73,64000,0
2016-04-05,04:35:00,5.73,5.73,5.71,5.71,117523,0
2016-04-05,04:40:00,5.71,5.72,5.67,5.68,814000,0
2016-04-05,04:45:00,5.68,5.69,5.68,5.69,398384,0
2016-04-05,04:50:00,5.69,5.69,5.67,5.67,168000,0
2016-04-05,04:55:00,5.67,5.69,5.67,5.69,316000,0
2016-04-05,05:00:00,5.69,5.69,5.68,5.68,115000,0
2016-04-05,05:05:00,5.68,5.68,5.68,5.68,102000,0
2016-04-05,05:10:00,5.68,5.69,5.67,5.69,240000,0
2016-04-05,05:15:00,5.69,5.69,5.68,5.69,262000,0
2016-04-05,05:20:00,5.69,5.69,5.68,5.69,32000,0
2016-04-05,05:25:00,5.69,5.69,5.68,5.68,72000,0
2016-04-05,05:30:00,5.68,5.69,5.68,5.69,274000,0
2016-04-05,05:35:00,5.69,5.7,5.68,5.69,354000,0
2016-04-05,05:40:00,5.69,5.7,5.68,5.69,88000,0
2016-04-05,05:45:00,5.69,5.69,5.68,5.69,34000,0
2016-04-05,05:50:00,5.69,5.7,5.69,5.69,86000,0
2016-04-05,05:55:00,5.69,5.7,5.69,5.7,40000,0
2016-04-05,06:00:00,5.7,5.7,5.69,5.69,250000,0
2016-04-05,07:05:00,5.69,5.7,5.69,5.7,392000,0
2016-04-05,07:10:00,5.7,5.7,5.69,5.69,324000,0
2016-04-05,07:15:00,5.69,5.7,5.69,5.7,478000,0
2016-04-05,07:20:00,5.7,5.7,5.68,5.68,514000,0
2016-04-05,07:25:00,5.68,5.69,5.68,5.68,98000,0
2016-04-05,07:30:00,5.68,5.69,5.68,5.68,80000,0
2016-04-05,07:35:00,5.68,5.69,5.67,5.67,938000,0
2016-04-05,07:40:00,5.67,5.67,5.67,5.67,424000,0
2016-04-05,07:45:00,5.67,5.68,5.67,5.68,228000,0
2016-04-05,07:50:00,5.68,5.69,5.68,5.69,64000,0
2016-04-05,07:55:00,5.69,5.69,5.69,5.69,38000,0
2016-04-05,08:00:00,5.69,5.7,5.69,5.7,250000,0
2016-04-05,08:05:00,5.7,5.7,5.69,5.69,662000,0
2016-04-05,08:10:00,5.69,5.7,5.69,5.7,228000,0
2016-04-05,08:15:00,5.7,5.71,5.7,5.71,82000,0
2016-04-05,08:20:00,5.71,5.71,5.71,5.71,66000,0
2016-04-05,08:25:00,5.71,5.71,5.7,5.71,206000,0
2016-04-05,08:30:00,5.71,5.72,5.71,5.72,196000,0
2016-04-05,08:35:00,5.72,5.72,5.72,5.72,110000,0
2016-04-05,08:40:00,5.72,5.72,5.71,5.72,56000,0
2016-04-05,08:45:00,5.72,5.72,5.71,5.71,218000,0
2016-04-05,08:50:00,5.71,5.71,5.7,5.71,102000,0
2016-04-05,08:55:00,5.71,5.71,5.7,5.71,128000,0
2016-04-05,09:00:00,5.71,5.71,5.71,5.71,92000,0
2016-04-05,09:05:00,5.71,5.71,5.7,5.71,228000,0
2016-04-05,09:10:00,5.71,5.71,5.7,5.71,100000,0
2016-04-05,09:15:00,5.71,5.71,5.7,5.7,344000,0
2016-04-05,09:20:00,5.7,5.7,5.69,5.69,282000,0
2016-04-05,09:25:00,5.69,5.69,5.69,5.69,30000,0
2016-04-05,09:30:00,5.69,5.69,5.69,5.69,80000,0
2016-04-05,09:35:00,5.69,5.69,5.68,5.69,188000,0
2016-04-05,09:40:00,5.69,5.7,5.68,5.7,855259,0
2016-04-05,09:45:00,5.7,5.7,5.69,5.7,300000,0
2016-04-05,09:50:00,5.7,5.7,5.69,5.7,270000,0
2016-04-05,09:55:00,5.7,5.7,5.69,5.7,282000,0
2016-04-05,10:00:00,5.7,5.7,5.69,5.69,693500,0
2016-04-06,03:35:00,5.71,5.72,5.65,5.7,806000,0
2016-04-06,03:40:00,5.7,5.71,5.69,5.7,270000,0
2016-04-06,03:45:00,5.7,5.71,5.66,5.68,666000,0
2016-04-06,03:50:00,5.68,5.68,5.66,5.67,86000,0
2016-04-06,03:55:00,5.67,5.68,5.65,5.67,759500,0
2016-04-06,04:00:00,5.67,5.68,5.67,5.68,192000,0
2016-04-06,04:05:00,5.68,5.68,5.67,5.67,120000,0
2016-04-06,04:10:00,5.67,5.68,5.67,5.68,48000,0
2016-04-06,04:15:00,5.68,5.68,5.67,5.68,92000,0
2016-04-06,04:20:00,5.68,5.68,5.67,5.68,348000,0
2016-04-06,04:25:00,5.68,5.68,5.66,5.66,408000,0
2016-04-06,04:30:00,5.66,5.67,5.66,5.67,4000,0
2016-04-06,04:35:00,5.67,5.67,5.66,5.67,82000,0
2016-04-06,04:40:00,5.67,5.67,5.66,5.66,198000,0
2016-04-06,04:45:00,5.66,5.67,5.66,5.67,124000,0
2016-04-06,04:50:00,5.67,5.67,5.67,5.67,18000,0
2016-04-06,04:55:00,5.67,5.67,5.66,5.67,66000,0
2016-04-06,05:00:00,5.67,5.67,5.66,5.67,58000,0
2016-04-06,05:05:00,5.67,5.67,5.66,5.67,104000,0
2016-04-06,05:10:00,5.67,5.67,5.66,5.67,28000,0
2016-04-06,05:15:00,5.67,5.67,5.66,5.67,116000,0
2016-04-06,05:20:00,5.67,5.67,5.66,5.66,221216,0
2016-04-06,05:25:00,5.66,5.67,5.66,5.66,38000,0
2016-04-06,05:30:00,5.66,5.67,5.66,5.67,80300,0
2016-04-06,05:35:00,5.67,5.67,5.66,5.67,142000,0
2016-04-06,05:40:00,5.67,5.67,5.66,5.67,228000,0
2016-04-06,05:45:00,5.67,5.68,5.66,5.67,358000,0
2016-04-06,05:50:00,5.67,5.67,5.67,5.67,212000,0
2016-04-06,05:55:00,5.67,5.67,5.67,5.67,80000,0
2016-04-06,06:00:00,5.67,5.68,5.67,5.68,24000,0
2016-04-06,07:05:00,5.68,5.68,5.68,5.68,36000,0
2016-04-06,07:10:00,5.68,5.68,5.66,5.66,300000,0
2016-04-06,07:15:00,5.66,5.67,5.66,5.67,30000,0
2016-04-06,07:20:00,5.67,5.67,5.67,5.67,96000,0
2016-04-06,07:25:00,5.67,5.67,5.66,5.67,82000,0
2016-04-06,07:30:00,5.67,5.67,5.67,5.67,40000,0
2016-04-06,07:35:00,5.67,5.68,5.67,5.68,318000,0
2016-04-06,07:40:00,5.68,5.68,5.67,5.67,120000,0
2016-04-06,07:45:00,5.67,5.67,5.66,5.66,748000,0
2016-04-06,07:50:00,5.66,5.66,5.64,5.64,808000,0
2016-04-06,07:55:00,5.64,5.64,5.63,5.64,164000,0
2016-04-06,08:00:00,5.64,5.65,5.63,5.65,394000,0
2016-04-06,08:05:00,5.65,5.65,5.65,5.65,12000,0
2016-04-06,08:10:00,5.65,5.65,5.65,5.65,20000,0
2016-04-06,08:15:00,5.65,5.65,5.64,5.64,68000,0
2016-04-06,08:20:00,5.64,5.65,5.64,5.65,162000,0
2016-04-06,08:25:00,5.65,5.65,5.64,5.64,112000,0
2016-04-06,08:30:00,5.64,5.65,5.64,5.64,98000,0
2016-04-06,08:35:00,5.64,5.65,5.64,5.65,60000,0
2016-04-06,08:40:00,5.65,5.65,5.64,5.65,100000,0
2016-04-06,08:45:00,5.65,5.65,5.64,5.65,86000,0
2016-04-06,08:50:00,5.65,5.65,5.64,5.65,134000,0
2016-04-06,08:55:00,5.65,5.65,5.64,5.64,134000,0
2016-04-06,09:00:00,5.64,5.66,5.64,5.66,760000,0
2016-04-06,09:05:00,5.66,5.66,5.64,5.64,284000,0
2016-04-06,09:10:00,5.64,5.65,5.64,5.64,176000,0
2016-04-06,09:15:00,5.64,5.65,5.64,5.64,146000,0
2016-04-06,09:20:00,5.64,5.65,5.64,5.65,262000,0
2016-04-06,09:25:00,5.65,5.65,5.64,5.65,436000,0
2016-04-06,09:30:00,5.65,5.65,5.64,5.65,176000,0
2016-04-06,09:35:00,5.65,5.65,5.64,5.64,434000,0
2016-04-06,09:40:00,5.64,5.65,5.64,5.65,310000,0
2016-04-06,09:45:00,5.65,5.65,5.64,5.65,708000,0
2016-04-06,09:50:00,5.65,5.66,5.65,5.65,216000,0
2016-04-06,09:55:00,5.65,5.66,5.65,5.66,584000,0
2016-04-06,10:00:00,5.66,5.66,5.64,5.65,1130000,0
2016-04-07,03:35:00,5.84,5.86,5.8,5.83,1042000,0
2016-04-07,03:40:00,5.83,5.83,5.81,5.82,424000,0
2016-04-07,03:45:00,5.82,5.84,5.81,5.81,322000,0
2016-04-07,03:50:00,5.81,5.82,5.8,5.82,578000,0
2016-04-07,03:55:00,5.82,5.83,5.79,5.81,638000,0
2016-04-07,04:00:00,5.81,5.82,5.79,5.8,208000,0
2016-04-07,04:05:00,5.8,5.82,5.8,5.81,318000,0
2016-04-07,04:10:00,5.81,5.82,5.8,5.82,256000,0
2016-04-07,04:15:00,5.82,5.83,5.82,5.82,150000,0
2016-04-07,04:20:00,5.82,5.82,5.8,5.8,398000,0
2016-04-07,04:25:00,5.8,5.81,5.8,5.8,48000,0
2016-04-07,04:30:00,5.8,5.81,5.8,5.81,130000,0
2016-04-07,04:35:00,5.81,5.81,5.78,5.78,364000,0
2016-04-07,04:40:00,5.78,5.78,5.77,5.77,290000,0
2016-04-07,04:45:00,5.77,5.77,5.75,5.75,198000,0
2016-04-07,04:50:00,5.75,5.77,5.75,5.77,276000,0
2016-04-07,04:55:00,5.77,5.78,5.77,5.77,60000,0
2016-04-07,05:00:00,5.77,5.77,5.76,5.77,116000,0
2016-04-07,05:05:00,5.77,5.77,5.75,5.76,532000,0
2016-04-07,05:10:00,5.76,5.77,5.76,5.77,44000,0
2016-04-07,05:15:00,5.77,5.78,5.77,5.77,104000,0
2016-04-07,05:20:00,5.77,5.78,5.76,5.76,148000,0
2016-04-07,05:25:00,5.76,5.76,5.73,5.73,56000,0
2016-04-07,05:30:00,5.73,5.75,5.73,5.75,152000,0
2016-04-07,05:35:00,5.75,5.75,5.74,5.74,116000,0
2016-04-07,05:40:00,5.74,5.74,5.73,5.73,50000,0
2016-04-07,05:45:00,5.73,5.73,5.73,5.73,42000,0
2016-04-07,05:50:00,5.73,5.73,5.72,5.72,54000,0
2016-04-07,05:55:00,5.72,5.72,5.72,5.72,36000,0
2016-04-07,06:00:00,5.72,5.73,5.72,5.72,38000,0
2016-04-07,07:05:00,5.72,5.73,5.72,5.73,196000,0
2016-04-07,07:10:00,5.73,5.73,5.72,5.73,14000,0
2016-04-07,07:15:00,5.73,5.73,5.73,5.73,50000,0
2016-04-07,07:20:00,5.73,5.74,5.73,5.73,12000,0
2016-04-07,07:25:00,5.73,5.73,5.72,5.72,94000,0
2016-04-07,07:30:00,5.72,5.73,5.72,5.72,66000,0
2016-04-07,07:35:00,5.72,5.72,5.72,5.72,72000,0
2016-04-07,07:40:00,5.72,5.72,5.71,5.71,4000,0
2016-04-07,07:45:00,5.71,5.71,5.71,5.71,138000,0
2016-04-07,07:50:00,5.71,5.72,5.71,5.72,180000,0
2016-04-07,07:55:00,5.72,5.72,5.71,5.72,400000,0
2016-04-07,08:00:00,5.72,5.73,5.72,5.73,80000,0
2016-04-07,08:05:00,5.73,5.75,5.73,5.75,264000,0
2016-04-07,08:10:00,5.75,5.76,5.75,5.76,104000,0
2016-04-07,08:15:00,5.76,5.77,5.76,5.77,162000,0
2016-04-07,08:20:00,5.77,5.78,5.76,5.77,312000,0
2016-04-07,08:25:00,5.77,5.79,5.77,5.78,338000,0
2016-04-07,08:30:00,5.78,5.79,5.78,5.79,138000,0
2016-04-07,08:35:00,5.79,5.79,5.78,5.78,208000,0
2016-04-07,08:40:00,5.78,5.78,5.76,5.78,500000,0
2016-04-07,08:45:00,5.78,5.78,5.76,5.77,50000,0
2016-04-07,08:50:00,5.77,5.77,5.77,5.77,10000,0
2016-04-07,08:55:00,5.77,5.77,5.76,5.76,60000,0
2016-04-07,09:00:00,5.76,5.77,5.76,5.76,134000,0
2016-04-07,09:05:00,5.76,5.77,5.74,5.74,194000,0
2016-04-07,09:10:00,5.74,5.74,5.74,5.74,30000,0
2016-04-07,09:15:00,5.74,5.74,5.74,5.74,60000,0
2016-04-07,09:20:00,5.74,5.74,5.74,5.74,266000,0
2016-04-07,09:25:00,5.74,5.74,5.74,5.74,20000,0
2016-04-07,09:30:00,5.74,5.75,5.74,5.75,66000,0
2016-04-07,09:40:00,5.75,5.75,5.75,5.75,12000,0
2016-04-07,09:45:00,5.75,5.75,5.73,5.73,212000,0
2016-04-07,09:50:00,5.73,5.73,5.73,5.73,16000,0
2016-04-07,09:55:00,5.73,5.75,5.73,5.74,616000,0
2016-04-07,10:00:00,5.74,5.74,5.72,5.73,708000,0
2016-04-08,03:35:00,5.72,5.72,5.7,5.71,210000,0
2016-04-08,03:40:00,5.71,5.71,5.66,5.67,108000,0
2016-04-08,03:45:00,5.67,5.68,5.67,5.67,12000,0
2016-04-08,03:50:00,5.67,5.68,5.67,5.67,46000,0
2016-04-08,03:55:00,5.67,5.68,5.67,5.68,280000,0
2016-04-08,04:00:00,5.68,5.7,5.68,5.69,230000,0
2016-04-08,04:05:00,5.69,5.7,5.68,5.68,94000,0
2016-04-08,04:10:00,5.69,5.69,5.69,5.69,24000,0
2016-04-08,04:15:00,5.69,5.69,5.69,5.69,2000,0
2016-04-08,04:20:00,5.69,5.7,5.69,5.69,314000,0
2016-04-08,04:25:00,5.69,5.7,5.69,5.7,38000,0
2016-04-08,04:30:00,5.7,5.7,5.7,5.7,18000,0
2016-04-08,04:35:00,5.7,5.7,5.69,5.69,50000,0
2016-04-08,04:40:00,5.69,5.7,5.69,5.69,46167,0
2016-04-08,04:45:00,5.69,5.7,5.68,5.68,182000,0
2016-04-08,04:50:00,5.68,5.69,5.68,5.69,60000,0
2016-04-08,04:55:00,5.69,5.69,5.68,5.68,130000,0
2016-04-08,05:00:00,5.68,5.68,5.68,5.68,14000,0
2016-04-08,05:05:00,5.68,5.69,5.68,5.68,838000,0
2016-04-08,05:10:00,5.68,5.69,5.68,5.69,4000,0
2016-04-08,05:15:00,5.69,5.69,5.69,5.69,122000,0
2016-04-08,05:20:00,5.69,5.71,5.69,5.7,308000,0
2016-04-08,05:25:00,5.7,5.72,5.7,5.72,142000,0
2016-04-08,05:30:00,5.72,5.72,5.71,5.72,32000,0
2016-04-08,05:35:00,5.72,5.72,5.71,5.71,66000,0
2016-04-08,05:40:00,5.71,5.71,5.71,5.71,36000,0
2016-04-08,05:45:00,5.71,5.71,5.69,5.69,140000,0
2016-04-08,05:50:00,5.69,5.69,5.69,5.69,30000,0
2016-04-08,05:55:00,5.69,5.69,5.69,5.69,80600,0
2016-04-08,07:05:00,5.69,5.7,5.69,5.69,148000,0
2016-04-08,07:10:00,5.69,5.69,5.69,5.69,6000,0
2016-04-08,07:15:00,5.69,5.72,5.69,5.72,360000,0
2016-04-08,07:20:00,5.72,5.73,5.72,5.73,118000,0
2016-04-08,07:25:00,5.73,5.73,5.73,5.73,22000,0
2016-04-08,07:30:00,5.73,5.73,5.72,5.72,20000,0
2016-04-08,07:35:00,5.72,5.73,5.72,5.73,12000,0
2016-04-08,07:45:00,5.73,5.73,5.72,5.72,158000,0
2016-04-08,07:50:00,5.72,5.72,5.69,5.69,320000,0
2016-04-08,08:00:00,5.69,5.7,5.69,5.7,4000,0
2016-04-08,08:05:00,5.7,5.7,5.69,5.69,46000,0
2016-04-08,08:15:00,5.69,5.69,5.68,5.69,34000,0
2016-04-08,08:20:00,5.69,5.69,5.68,5.69,174000,0
2016-04-08,08:25:00,5.69,5.7,5.69,5.7,8000,0
2016-04-08,08:30:00,5.7,5.7,5.69,5.69,18000,0
2016-04-08,08:35:00,5.69,5.69,5.69,5.69,70000,0
2016-04-08,08:40:00,5.69,5.69,5.69,5.69,2000,0
2016-04-08,08:45:00,5.69,5.69,5.69,5.69,154000,0
2016-04-08,08:55:00,5.69,5.7,5.69,5.7,18000,0
2016-04-08,09:00:00,5.7,5.7,5.7,5.7,50000,0
2016-04-08,09:05:00,5.7,5.71,5.7,5.71,273811,0
2016-04-08,09:10:00,5.71,5.71,5.71,5.71,96000,0
2016-04-08,09:15:00,5.71,5.71,5.71,5.71,62000,0
2016-04-08,09:20:00,5.71,5.72,5.71,5.72,98000,0
2016-04-08,09:25:00,5.72,5.74,5.72,5.74,846000,0
2016-04-08,09:30:00,5.74,5.76,5.73,5.74,368000,0
2016-04-08,09:35:00,5.74,5.75,5.73,5.75,94000,0
2016-04-08,09:40:00,5.75,5.77,5.74,5.76,632000,0
2016-04-08,09:45:00,5.76,5.81,5.75,5.8,708000,0
2016-04-08,09:50:00,5.8,5.82,5.78,5.8,914000,0
2016-04-08,09:55:00,5.8,5.81,5.8,5.8,588000,0
2016-04-08,10:00:00,5.8,5.82,5.78,5.79,1070000,0
2016-04-11,03:35:00,5.83,5.88,5.8,5.85,636000,0
2016-04-11,03:40:00,5.85,5.9,5.82,5.89,1196000,0
2016-04-11,03:45:00,5.89,5.91,5.85,5.86,902000,0
2016-04-11,03:50:00,5.86,5.88,5.86,5.88,298000,0
2016-04-11,03:55:00,5.88,5.96,5.88,5.95,554000,0
2016-04-11,04:00:00,5.95,5.98,5.95,5.96,240000,0
2016-04-11,04:05:00,5.96,5.98,5.95,5.96,502000,0
2016-04-11,04:10:00,5.96,6,5.96,5.98,924000,0
2016-04-11,04:15:00,5.98,6,5.97,5.99,1206000,0
2016-04-11,04:20:00,5.99,5.99,5.97,5.98,254000,0
2016-04-11,04:25:00,5.98,5.99,5.98,5.99,344000,0
2016-04-11,04:30:00,5.99,5.99,5.98,5.99,562000,0
2016-04-11,04:35:00,5.99,6.02,5.99,6.02,170000,0
2016-04-11,04:40:00,6.02,6.03,6.01,6.02,142000,0
2016-04-11,04:45:00,6.02,6.03,6.02,6.03,294000,0
2016-04-11,04:50:00,6.03,6.03,6.02,6.03,195230,0
2016-04-11,04:55:00,6.03,6.03,6.02,6.03,176000,0
2016-04-11,05:00:00,6.03,6.04,6.03,6.04,104000,0
2016-04-11,05:05:00,6.04,6.04,6.02,6.02,138000,0
2016-04-11,05:10:00,6.02,6.02,6,6,272000,0
2016-04-11,05:15:00,6,6.02,6,6,172000,0
2016-04-11,05:20:00,6,6.02,6,6.02,160000,0
2016-04-11,05:25:00,6.02,6.02,6,6.01,110000,0
2016-04-11,05:30:00,6.01,6.01,6,6,112000,0
2016-04-11,05:35:00,6,6.01,6,6,174000,0
2016-04-11,05:40:00,6,6.02,6,6,152000,0
2016-04-11,05:45:00,6,6.01,6,6.01,36000,0
2016-04-11,05:50:00,6.01,6.02,6,6.02,158000,0
2016-04-11,05:55:00,6.02,6.02,6.01,6.02,18000,0
2016-04-11,06:00:00,6.02,6.02,6,6,100000,0
2016-04-11,07:05:00,6,6,5.99,6,258000,0
2016-04-11,07:10:00,6,6,5.99,5.99,22000,0
2016-04-11,07:15:00,5.99,6,5.98,5.99,214000,0
2016-04-11,07:20:00,5.99,6,5.99,5.99,212000,0
2016-04-11,07:25:00,5.99,6,5.99,6,34000,0
2016-04-11,07:30:00,6,6,5.99,6,46000,0
2016-04-11,07:35:00,6,6,5.99,6,78000,0
2016-04-11,07:40:00,6,6,5.99,5.99,52000,0
2016-04-11,07:45:00,5.99,6,5.98,5.99,116000,0
2016-04-11,07:50:00,5.99,5.99,5.98,5.99,132000,0
2016-04-11,07:55:00,5.99,5.99,5.98,5.98,54000,0
2016-04-11,08:00:00,5.98,5.99,5.98,5.98,138000,0
2016-04-11,08:05:00,5.98,5.99,5.98,5.98,16000,0
2016-04-11,08:10:00,5.98,5.99,5.97,5.97,146000,0
2016-04-11,08:15:00,5.97,5.98,5.96,5.96,316000,0
2016-04-11,08:20:00,5.96,5.97,5.95,5.96,358000,0
2016-04-11,08:25:00,5.96,5.97,5.96,5.97,18000,0
2016-04-11,08:30:00,5.97,5.97,5.96,5.97,38000,0
2016-04-11,08:35:00,5.97,5.97,5.96,5.96,22000,0
2016-04-11,08:40:00,5.96,5.97,5.96,5.97,24000,0
2016-04-11,08:45:00,5.97,5.97,5.96,5.97,50000,0
2016-04-11,08:50:00,5.97,5.97,5.96,5.97,46000,0
2016-04-11,08:55:00,5.97,5.97,5.96,5.97,48000,0
2016-04-11,09:00:00,5.97,5.97,5.96,5.97,242000,0
2016-04-11,09:05:00,5.97,5.97,5.96,5.96,82000,0
2016-04-11,09:10:00,5.96,5.96,5.93,5.94,196000,0
2016-04-11,09:15:00,5.94,5.94,5.93,5.93,40000,0
2016-04-11,09:20:00,5.93,5.93,5.93,5.93,54000,0
2016-04-11,09:25:00,5.93,5.94,5.92,5.94,152000,0
2016-04-11,09:30:00,5.94,5.95,5.94,5.95,228000,0
2016-04-11,09:35:00,5.95,5.95,5.95,5.95,72000,0
2016-04-11,09:40:00,5.95,5.95,5.95,5.95,36000,0
2016-04-11,09:45:00,5.95,5.97,5.94,5.94,728000,0
2016-04-11,09:50:00,5.94,5.96,5.94,5.96,68000,0
2016-04-11,09:55:00,5.96,5.98,5.96,5.97,216000,0
2016-04-11,10:00:00,5.97,5.99,5.96,5.98,638000,0
2016-04-12,03:35:00,6.02,6.06,6.01,6.06,168000,0
2016-04-12,03:40:00,6.06,6.06,6.01,6.05,44000,0
2016-04-12,03:45:00,6.05,6.05,6,6,172000,0
2016-04-12,03:50:00,6,6.05,6,6.04,630000,0
2016-04-12,03:55:00,6.04,6.04,5.99,6,92000,0
2016-04-12,04:00:00,6,6.03,6,6.01,286000,0
2016-04-12,04:05:00,6.01,6.02,6,6,130000,0
2016-04-12,04:10:00,6,6.04,6,6.02,446000,0
2016-04-12,04:15:00,6.02,6.04,6.02,6.03,112000,0
2016-04-12,04:20:00,6.03,6.03,6.01,6.01,88000,0
2016-04-12,04:25:00,6.01,6.02,6,6,130000,0
2016-04-12,04:30:00,6.01,6.03,6.01,6.02,104000,0
2016-04-12,04:35:00,6.02,6.03,6.01,6.01,52000,0
2016-04-12,04:40:00,6.01,6.05,6.01,6.04,320000,0
2016-04-12,04:45:00,6.04,6.04,6.03,6.03,88000,0
2016-04-12,04:50:00,6.03,6.04,6.02,6.02,154000,0
2016-04-12,04:55:00,6.02,6.02,6.01,6.02,56000,0
2016-04-12,05:00:00,6.02,6.02,6.02,6.02,2000,0
2016-04-12,05:05:00,6.02,6.02,6.01,6.01,64000,0
2016-04-12,05:10:00,6.01,6.02,6,6.01,56000,0
2016-04-12,05:15:00,6.01,6.02,6.01,6.02,28000,0
2016-04-12,05:20:00,6.02,6.02,6.01,6.01,50000,0
2016-04-12,05:25:00,6.01,6.04,6.01,6.04,186000,0
2016-04-12,05:30:00,6.04,6.04,6.02,6.02,56000,0
2016-04-12,05:35:00,6.02,6.02,6.01,6.01,24000,0
2016-04-12,05:40:00,6.01,6.02,6,6.01,26000,0
2016-04-12,05:45:00,6.01,6.04,6.01,6.04,164000,0
2016-04-12,05:50:00,6.04,6.04,6.03,6.03,18000,0
2016-04-12,05:55:00,6.03,6.05,6.03,6.04,190000,0
2016-04-12,06:00:00,6.04,6.05,6.04,6.04,54000,0
2016-04-12,07:05:00,6.04,6.05,6,6.02,864000,0
2016-04-12,07:10:00,6.02,6.02,6,6.02,40000,0
2016-04-12,07:15:00,6.02,6.03,6.02,6.03,32000,0
2016-04-12,07:20:00,6.03,6.04,6.02,6.04,44000,0
2016-04-12,07:25:00,6.04,6.04,6.02,6.02,82000,0
2016-04-12,07:30:00,6.02,6.02,6.01,6.01,4000,0
2016-04-12,07:35:00,6.02,6.03,6.02,6.03,21858,0
2016-04-12,07:40:00,6.03,6.04,6.03,6.03,50000,0
2016-04-12,07:45:00,6.03,6.05,6.03,6.05,72000,0
2016-04-12,07:50:00,6.05,6.05,6.04,6.04,14000,0
2016-04-12,07:55:00,6.04,6.05,6.04,6.04,56000,0
2016-04-12,08:00:00,6.04,6.04,6.04,6.04,16000,0
2016-04-12,08:05:00,6.04,6.05,6.03,6.04,200000,0
2016-04-12,08:10:00,6.04,6.06,6.04,6.05,618000,0
2016-04-12,08:15:00,6.05,6.05,6.04,6.05,42000,0
2016-04-12,08:20:00,6.05,6.09,6.05,6.08,282000,0
2016-04-12,08:25:00,6.08,6.09,6.06,6.06,192000,0
2016-04-12,08:30:00,6.06,6.06,6.05,6.05,55884,0
2016-04-12,08:35:00,6.05,6.05,6.04,6.04,80000,0
2016-04-12,08:40:00,6.04,6.05,6.03,6.04,100000,0
2016-04-12,08:45:00,6.04,6.04,6.04,6.04,46000,0
2016-04-12,08:50:00,6.04,6.04,6.04,6.04,80000,0
2016-04-12,08:55:00,6.04,6.04,6.04,6.04,12000,0
2016-04-12,09:00:00,6.04,6.05,6.02,6.04,454000,0
2016-04-12,09:05:00,6.04,6.05,6.04,6.04,182000,0
2016-04-12,09:10:00,6.04,6.06,6.04,6.06,150000,0
2016-04-12,09:15:00,6.06,6.07,6.06,6.07,74000,0
2016-04-12,09:20:00,6.07,6.07,6.06,6.07,72000,0
2016-04-12,09:25:00,6.07,6.07,6.06,6.07,86000,0
2016-04-12,09:30:00,6.07,6.07,6.05,6.07,364000,0
2016-04-12,09:35:00,6.07,6.08,6.06,6.07,692000,0
2016-04-12,09:40:00,6.08,6.09,6.07,6.08,310000,0
2016-04-12,09:45:00,6.08,6.09,6.07,6.08,306000,0
2016-04-12,09:50:00,6.08,6.09,6.08,6.09,220000,0
2016-04-12,09:55:00,6.09,6.09,6.07,6.08,610000,0
2016-04-12,10:00:00,6.08,6.1,6.07,6.1,757622,0
2016-04-13,03:35:00,6.3,6.3,6.26,6.26,1208000,0
2016-04-13,03:40:00,6.26,6.35,6.24,6.33,2574000,0
2016-04-13,03:45:00,6.33,6.49,6.32,6.47,5148000,0
2016-04-13,03:50:00,6.47,6.6,6.46,6.5,3154000,0
2016-04-13,03:55:00,6.5,6.53,6.5,6.51,1034000,0
2016-04-13,04:00:00,6.51,6.51,6.49,6.49,472000,0
2016-04-13,04:05:00,6.49,6.53,6.49,6.5,984000,0
2016-04-13,04:10:00,6.5,6.51,6.47,6.5,800000,0
2016-04-13,04:15:00,6.5,6.56,6.5,6.52,1070000,0
2016-04-13,04:20:00,6.52,6.55,6.52,6.55,710000,0
2016-04-13,04:25:00,6.55,6.56,6.53,6.54,814000,0
2016-04-13,04:30:00,6.54,6.54,6.53,6.53,184000,0
2016-04-13,04:35:00,6.53,6.55,6.51,6.54,1166000,0
2016-04-13,04:40:00,6.54,6.54,6.52,6.52,244000,0
2016-04-13,04:45:00,6.52,6.54,6.51,6.51,280000,0
2016-04-13,04:50:00,6.51,6.54,6.51,6.51,638000,0
2016-04-13,04:55:00,6.51,6.54,6.51,6.54,968294,0
2016-04-13,05:00:00,6.54,6.55,6.5,6.53,592000,0
2016-04-13,05:05:00,6.53,6.54,6.5,6.51,568000,0
2016-04-13,05:10:00,6.51,6.54,6.51,6.53,606000,0
2016-04-13,05:15:00,6.53,6.54,6.52,6.52,152000,0
2016-04-13,05:20:00,6.52,6.53,6.52,6.52,356000,0
2016-04-13,05:25:00,6.52,6.54,6.52,6.54,244000,0
2016-04-13,05:30:00,6.54,6.54,6.52,6.53,312000,0
2016-04-13,05:35:00,6.53,6.54,6.52,6.54,364000,0
2016-04-13,05:40:00,6.54,6.55,6.53,6.54,570000,0
2016-04-13,05:45:00,6.54,6.55,6.47,6.5,1870088,0
2016-04-13,05:50:00,6.5,6.52,6.42,6.51,2662000,0
2016-04-13,05:55:00,6.51,6.54,6.49,6.54,306000,0
2016-04-13,06:00:00,6.54,6.54,6.53,6.53,60000,0
2016-04-13,07:05:00,6.53,6.54,6.51,6.52,446000,0
2016-04-13,07:10:00,6.52,6.54,6.51,6.53,226000,0
2016-04-13,07:15:00,6.53,6.54,6.51,6.51,268000,0
2016-04-13,07:20:00,6.51,6.52,6.49,6.49,356000,0
2016-04-13,07:25:00,6.49,6.5,6.49,6.49,200000,0
2016-04-13,07:30:00,6.49,6.49,6.48,6.48,214000,0
2016-04-13,07:35:00,6.48,6.48,6.46,6.46,94000,0
2016-04-13,07:40:00,6.46,6.47,6.46,6.47,134000,0
2016-04-13,07:45:00,6.47,6.47,6.45,6.46,230000,0
2016-04-13,07:50:00,6.46,6.47,6.45,6.47,386000,0
2016-04-13,07:55:00,6.47,6.47,6.46,6.47,28000,0
2016-04-13,08:00:00,6.47,6.47,6.46,6.47,34000,0
2016-04-13,08:05:00,6.47,6.47,6.45,6.46,206000,0
2016-04-13,08:10:00,6.46,6.46,6.45,6.46,68000,0
2016-04-13,08:15:00,6.46,6.46,6.43,6.43,248000,0
2016-04-13,08:20:00,6.43,6.43,6.4,6.41,230000,0
2016-04-13,08:25:00,6.41,6.43,6.4,6.42,210000,0
2016-04-13,08:30:00,6.42,6.44,6.4,6.42,310000,0
2016-04-13,08:35:00,6.42,6.42,6.4,6.4,414000,0
2016-04-13,08:40:00,6.4,6.41,6.4,6.4,486000,0
2016-04-13,08:45:00,6.4,6.41,6.39,6.41,362000,0
2016-04-13,08:50:00,6.41,6.42,6.4,6.41,522000,0
2016-04-13,08:55:00,6.41,6.41,6.39,6.39,108000,0
2016-04-13,09:00:00,6.39,6.41,6.39,6.41,250000,0
2016-04-13,09:05:00,6.41,6.41,6.38,6.39,456000,0
2016-04-13,09:10:00,6.39,6.41,6.38,6.4,426000,0
2016-04-13,09:15:00,6.4,6.4,6.38,6.4,184000,0
2016-04-13,09:20:00,6.4,6.41,6.39,6.41,182000,0
2016-04-13,09:25:00,6.41,6.44,6.4,6.43,708000,0
2016-04-13,09:30:00,6.43,6.44,6.43,6.44,204000,0
2016-04-13,09:35:00,6.44,6.45,6.43,6.45,406000,0
2016-04-13,09:40:00,6.45,6.45,6.42,6.44,724000,0
2016-04-13,09:45:00,6.44,6.44,6.43,6.44,544000,0
2016-04-13,09:50:00,6.44,6.47,6.44,6.47,854000,0
2016-04-13,09:55:00,6.47,6.49,6.46,6.49,704000,0
2016-04-13,10:00:00,6.49,6.53,6.49,6.5,1998000,0
