Date,Time,Open,High,Low,Close,Volume,OpenInt
2016-03-18,02:35:00,14.74,14.8,14.74,14.76,62000,0
2016-03-18,02:40:00,14.76,14.8,14.52,14.8,412000,0
2016-03-18,02:45:00,14.78,14.78,14.64,14.68,114000,0
2016-03-18,02:50:00,14.68,14.68,14.62,14.62,24000,0
2016-03-18,02:55:00,14.64,14.66,14.64,14.66,28000,0
2016-03-18,03:00:00,14.66,14.68,14.64,14.68,132000,0
2016-03-18,03:05:00,14.68,14.68,14.68,14.68,36000,0
2016-03-18,03:10:00,14.68,14.68,14.66,14.66,58000,0
2016-03-18,03:15:00,14.66,14.66,14.64,14.64,54000,0
2016-03-18,03:20:00,14.64,14.7,14.64,14.68,238000,0
2016-03-18,03:25:00,14.68,14.8,14.68,14.72,468000,0
2016-03-18,03:30:00,14.72,14.76,14.72,14.74,286000,0
2016-03-18,03:35:00,14.74,14.74,14.64,14.68,176000,0
2016-03-18,03:40:00,14.68,14.68,14.66,14.68,32000,0
2016-03-18,03:45:00,14.68,14.72,14.66,14.7,206000,0
2016-03-18,03:50:00,14.7,14.7,14.66,14.66,42000,0
2016-03-18,03:55:00,14.66,14.7,14.66,14.68,278000,0
2016-03-18,04:00:00,14.68,14.68,14.66,14.66,16000,0
2016-03-18,04:05:00,14.66,14.68,14.66,14.68,46000,0
2016-03-18,04:10:00,14.68,14.76,14.68,14.74,212000,0
2016-03-18,04:15:00,14.74,14.74,14.7,14.72,40000,0
2016-03-18,04:20:00,14.72,14.74,14.72,14.74,192000,0
2016-03-18,04:25:00,14.74,14.76,14.74,14.76,48000,0
2016-03-18,04:30:00,14.76,14.76,14.76,14.76,20000,0
2016-03-18,04:35:00,14.76,14.76,14.72,14.72,84000,0
2016-03-18,04:40:00,14.72,14.72,14.7,14.72,34000,0
2016-03-18,04:45:00,14.72,14.72,14.7,14.72,56000,0
2016-03-18,04:50:00,14.72,14.72,14.68,14.7,108000,0
2016-03-18,04:55:00,14.7,14.7,14.68,14.68,58000,0
2016-03-18,05:00:00,14.68,14.76,14.68,14.76,98000,0
2016-03-18,06:05:00,14.76,14.76,14.7,14.7,202000,0
2016-03-18,06:10:00,14.7,14.72,14.68,14.68,78000,0
2016-03-18,06:15:00,14.68,14.7,14.68,14.7,46000,0
2016-03-18,06:20:00,14.7,14.7,14.68,14.68,44000,0
2016-03-18,06:25:00,14.68,14.68,14.66,14.66,44000,0
2016-03-18,06:30:00,14.66,14.66,14.66,14.66,26055,0
2016-03-18,06:35:00,14.66,14.66,14.66,14.66,52000,0
2016-03-18,06:40:00,14.66,14.68,14.64,14.66,120000,0
2016-03-18,06:45:00,14.66,14.66,14.66,14.66,38000,0
2016-03-18,06:50:00,14.66,14.68,14.66,14.68,30000,0
2016-03-18,06:55:00,14.68,14.68,14.66,14.68,56000,0
2016-03-18,07:00:00,14.68,14.74,14.68,14.74,138000,0
2016-03-18,07:05:00,14.74,14.74,14.72,14.72,60000,0
2016-03-18,07:10:00,14.72,14.74,14.72,14.74,24000,0
2016-03-18,07:15:00,14.74,14.74,14.72,14.74,40000,0
2016-03-18,07:20:00,14.74,14.78,14.72,14.76,104000,0
2016-03-18,07:25:00,14.76,14.78,14.76,14.78,46000,0
2016-03-18,07:30:00,14.78,14.88,14.78,14.88,230000,0
2016-03-18,07:35:00,14.88,14.9,14.84,14.84,164000,0
2016-03-18,07:40:00,14.84,14.84,14.76,14.84,82000,0
2016-03-18,07:45:00,14.84,14.86,14.8,14.86,222000,0
2016-03-18,07:50:00,14.86,14.88,14.86,14.88,96000,0
2016-03-18,07:55:00,14.88,14.96,14.88,14.94,274000,0
2016-03-18,08:00:00,14.94,15.02,14.94,15.02,264000,0
2016-03-18,08:05:00,15.02,15.04,15,15.02,208000,0
2016-03-18,08:10:00,15.02,15.04,15.02,15.04,66000,0
2016-03-18,08:15:00,15.04,15.1,15.02,15.06,564000,0
2016-03-18,08:20:00,15.06,15.08,15.06,15.06,114000,0
2016-03-18,08:25:00,15.06,15.06,15.02,15.02,180000,0
2016-03-18,08:30:00,15.02,15.04,15.02,15.02,52000,0
2016-03-18,08:35:00,15.02,15.04,15.02,15.04,190000,0
2016-03-18,08:40:00,15.04,15.04,15.02,15.02,142000,0
2016-03-18,08:45:00,15.02,15.04,15.02,15.04,112000,0
2016-03-18,08:50:00,15.04,15.08,15.02,15.08,210000,0
2016-03-18,08:55:00,15.08,15.08,15.06,15.08,132000,0
2016-03-18,09:00:00,15.08,15.12,15.06,15.1,1872000,0
2016-03-21,02:35:00,15.3,15.5,15.28,15.36,418000,0
2016-03-21,02:40:00,15.36,15.44,15.36,15.44,148000,0
2016-03-21,02:45:00,15.44,15.44,15.34,15.38,302000,0
2016-03-21,02:50:00,15.38,15.38,15.3,15.32,120000,0
2016-03-21,02:55:00,15.32,15.32,15.18,15.28,326000,0
2016-03-21,03:00:00,15.28,15.3,15.22,15.22,158000,0
2016-03-21,03:05:00,15.22,15.22,15.16,15.16,98000,0
2016-03-21,03:10:00,15.16,15.18,15.16,15.16,50000,0
2016-03-21,03:15:00,15.16,15.16,15.14,15.14,62000,0
2016-03-21,03:20:00,15.14,15.16,15.14,15.14,48000,0
2016-03-21,03:25:00,15.14,15.16,15.12,15.14,96000,0
2016-03-21,03:30:00,15.14,15.18,15.14,15.16,292000,0
2016-03-21,03:35:00,15.16,15.18,15.14,15.18,88000,0
2016-03-21,03:40:00,15.18,15.2,15.16,15.18,192000,0
2016-03-21,03:45:00,15.18,15.2,15.16,15.18,1560000,0
2016-03-21,03:50:00,15.18,15.18,15.16,15.18,36000,0
2016-03-21,03:55:00,15.18,15.18,15.16,15.18,52000,0
2016-03-21,04:00:00,15.18,15.22,15.16,15.2,146000,0
2016-03-21,04:05:00,15.2,15.24,15.2,15.24,56000,0
2016-03-21,04:10:00,15.24,15.26,15.22,15.24,38000,0
2016-03-21,04:15:00,15.24,15.26,15.24,15.24,72000,0
2016-03-21,04:20:00,15.24,15.24,15.18,15.2,80000,0
2016-03-21,04:25:00,15.2,15.2,15.18,15.2,50000,0
2016-03-21,04:30:00,15.2,15.2,15.18,15.2,63904,0
2016-03-21,04:35:00,15.2,15.2,15.2,15.2,24000,0
2016-03-21,04:40:00,15.2,15.26,15.2,15.26,84000,0
2016-03-21,04:45:00,15.24,15.24,15.24,15.24,8000,0
2016-03-21,04:50:00,15.24,15.24,15.22,15.24,30000,0
2016-03-21,04:55:00,15.24,15.28,15.22,15.28,74000,0
2016-03-21,05:00:00,15.28,15.28,15.26,15.26,28000,0
2016-03-21,06:05:00,15.26,15.28,15.26,15.28,36000,0
2016-03-21,06:10:00,15.28,15.28,15.28,15.28,26000,0
2016-03-21,06:15:00,15.28,15.28,15.26,15.28,50000,0
2016-03-21,06:20:00,15.28,15.28,15.26,15.28,38000,0
2016-03-21,06:25:00,15.28,15.3,15.26,15.3,62000,0
2016-03-21,06:30:00,15.3,15.3,15.28,15.3,22000,0
2016-03-21,06:35:00,15.3,15.3,15.2,15.2,208000,0
2016-03-21,06:40:00,15.2,15.24,15.2,15.22,20000,0
2016-03-21,06:45:00,15.22,15.24,15.22,15.24,32000,0
2016-03-21,06:50:00,15.24,15.24,15.22,15.24,44000,0
2016-03-21,06:55:00,15.24,15.24,15.22,15.24,22000,0
2016-03-21,07:00:00,15.24,15.24,15.22,15.22,40000,0
2016-03-21,07:05:00,15.22,15.24,15.22,15.24,26000,0
2016-03-21,07:10:00,15.24,15.24,15.2,15.2,140000,0
2016-03-21,07:20:00,15.12,15.16,15.12,15.16,142000,0
2016-03-21,07:25:00,15.16,15.18,15.16,15.18,82000,0
2016-03-21,07:30:00,15.18,15.2,15.12,15.14,112000,0
2016-03-21,07:35:00,15.14,15.16,15.14,15.16,16000,0
2016-03-21,07:40:00,15.16,15.18,15.16,15.16,32000,0
2016-03-21,07:45:00,15.16,15.18,15.16,15.16,70000,0
2016-03-21,07:50:00,15.16,15.18,15.16,15.18,1016000,0
2016-03-21,07:55:00,15.18,15.18,15.16,15.16,52000,0
2016-03-21,08:00:00,15.16,15.18,15.16,15.18,836000,0
2016-03-21,08:05:00,15.18,15.18,15.16,15.18,20000,0
2016-03-21,08:10:00,15.18,15.18,15.16,15.16,46000,0
2016-03-21,08:15:00,15.16,15.18,15.16,15.18,144000,0
2016-03-21,08:20:00,15.18,15.18,15.16,15.18,48000,0
2016-03-21,08:25:00,15.18,15.18,15.16,15.16,34000,0
2016-03-21,08:30:00,15.16,15.18,15.16,15.18,36000,0
2016-03-21,08:35:00,15.18,15.18,15.16,15.18,42000,0
2016-03-21,08:40:00,15.18,15.18,15.16,15.16,100000,0
2016-03-21,08:45:00,15.16,15.2,15.16,15.2,268000,0
2016-03-21,08:50:00,15.2,15.22,15.2,15.2,154000,0
2016-03-21,08:55:00,15.2,15.22,15.18,15.2,254000,0
2016-03-21,09:00:00,15.2,15.2,15.18,15.2,446000,0
2016-03-22,02:35:00,15.1,15.22,15,15,890000,0
2016-03-22,02:40:00,15,15,14.96,14.98,38000,0
2016-03-22,02:45:00,14.98,14.98,14.96,14.96,46000,0
2016-03-22,02:50:00,14.96,14.96,14.84,14.92,520000,0
2016-03-22,02:55:00,14.92,14.94,14.92,14.94,66000,0
2016-03-22,03:00:00,14.94,14.94,14.88,14.9,126000,0
2016-03-22,03:05:00,14.9,14.9,14.88,14.9,30000,0
2016-03-22,03:10:00,14.9,14.9,14.82,14.82,170000,0
2016-03-22,03:15:00,14.82,14.84,14.68,14.84,714000,0
2016-03-22,03:20:00,14.84,14.84,14.72,14.8,334000,0
2016-03-22,03:25:00,14.8,14.8,14.76,14.76,64000,0
2016-03-22,03:30:00,14.76,14.78,14.76,14.78,82000,0
2016-03-22,03:40:00,14.78,14.8,14.76,14.78,130000,0
2016-03-22,03:45:00,14.78,14.78,14.72,14.74,312000,0
2016-03-22,03:50:00,14.74,14.78,14.74,14.76,22000,0
2016-03-22,03:55:00,14.76,14.8,14.76,14.8,146000,0
2016-03-22,04:00:00,14.8,14.8,14.78,14.78,48000,0
2016-03-22,04:05:00,14.78,14.8,14.78,14.8,18000,0
2016-03-22,04:10:00,14.8,14.8,14.78,14.78,6000,0
2016-03-22,04:15:00,14.78,14.8,14.78,14.8,16000,0
2016-03-22,04:20:00,14.8,14.8,14.78,14.8,82000,0
2016-03-22,04:25:00,14.8,14.8,14.78,14.8,62000,0
2016-03-22,04:30:00,14.8,14.8,14.78,14.8,32000,0
2016-03-22,04:35:00,14.8,14.84,14.78,14.84,258332,0
2016-03-22,04:40:00,14.84,14.86,14.84,14.86,48000,0
2016-03-22,04:45:00,14.86,14.86,14.84,14.84,22000,0
2016-03-22,04:50:00,14.84,14.84,14.84,14.84,2000,0
2016-03-22,04:55:00,14.84,14.84,14.8,14.8,52000,0
2016-03-22,05:00:00,14.8,14.82,14.8,14.82,8000,0
2016-03-22,06:05:00,14.82,14.82,14.78,14.78,100000,0
2016-03-22,06:10:00,14.78,14.8,14.78,14.78,18000,0
2016-03-22,06:15:00,14.78,14.8,14.78,14.78,80000,0
2016-03-22,06:20:00,14.78,14.82,14.78,14.82,236000,0
2016-03-22,06:25:00,14.82,14.86,14.8,14.86,140000,0
2016-03-22,06:30:00,14.86,14.86,14.84,14.86,36000,0
2016-03-22,06:35:00,14.86,14.86,14.86,14.86,50000,0
2016-03-22,06:40:00,14.86,14.86,14.82,14.82,60000,0
2016-03-22,06:45:00,14.82,14.84,14.82,14.82,9176,0
2016-03-22,06:50:00,14.82,14.84,14.82,14.84,102000,0
2016-03-22,06:55:00,14.84,14.84,14.82,14.82,32000,0
2016-03-22,07:00:00,14.82,14.86,14.82,14.84,170000,0
2016-03-22,07:05:00,14.84,14.86,14.84,14.86,30000,0
2016-03-22,07:10:00,14.84,14.84,14.82,14.84,46000,0
2016-03-22,07:15:00,14.84,14.84,14.8,14.82,102000,0
2016-03-22,07:20:00,14.82,14.82,14.8,14.8,6000,0
2016-03-22,07:25:00,14.8,14.82,14.78,14.78,288000,0
2016-03-22,07:30:00,14.78,14.78,14.78,14.78,4000,0
2016-03-22,07:35:00,14.78,14.82,14.78,14.78,110000,0
2016-03-22,07:40:00,14.8,14.82,14.78,14.8,170000,0
2016-03-22,07:45:00,14.8,14.84,14.8,14.8,364000,0
2016-03-22,07:50:00,14.82,14.82,14.8,14.8,44000,0
2016-03-22,07:55:00,14.8,14.82,14.78,14.82,190000,0
2016-03-22,08:00:00,14.82,14.82,14.82,14.82,18000,0
2016-03-22,08:05:00,14.82,14.84,14.8,14.84,162000,0
2016-03-22,08:10:00,14.84,14.86,14.82,14.86,70000,0
2016-03-22,08:15:00,14.86,14.86,14.84,14.84,16000,0
2016-03-22,08:20:00,14.84,14.84,14.82,14.84,22000,0
2016-03-22,08:25:00,14.84,14.84,14.82,14.84,60000,0
2016-03-22,08:30:00,14.84,14.84,14.82,14.82,104000,0
2016-03-22,08:35:00,14.82,14.84,14.82,14.84,192000,0
2016-03-22,08:40:00,14.84,14.84,14.82,14.84,82000,0
2016-03-22,08:45:00,14.84,14.84,14.82,14.84,94000,0
2016-03-22,08:50:00,14.84,14.84,14.82,14.84,154000,0
2016-03-22,08:55:00,14.84,14.84,14.8,14.82,308000,0
2016-03-22,09:00:00,14.82,14.82,14.78,14.8,1960000,0
2016-03-23,02:40:00,14.76,14.8,14.74,14.74,48000,0
2016-03-23,02:45:00,14.74,14.74,14.52,14.54,180000,0
2016-03-23,02:50:00,14.54,14.54,14.52,14.54,24000,0
2016-03-23,02:55:00,14.54,14.56,14.52,14.54,42000,0
2016-03-23,03:00:00,14.54,14.66,14.54,14.64,1096000,0
2016-03-23,03:05:00,14.64,14.68,14.58,14.66,166000,0
2016-03-23,03:10:00,14.66,14.68,14.56,14.56,270000,0
2016-03-23,03:15:00,14.56,14.58,14.54,14.58,38000,0
2016-03-23,03:20:00,14.58,14.58,14.4,14.46,314000,0
2016-03-23,03:25:00,14.46,14.48,14.4,14.44,214000,0
2016-03-23,03:30:00,14.44,14.5,14.38,14.38,824000,0
2016-03-23,03:35:00,14.4,14.42,14.38,14.38,34000,0
2016-03-23,03:40:00,14.38,14.38,14.38,14.38,30000,0
2016-03-23,03:45:00,14.38,14.4,14.38,14.38,66000,0
2016-03-23,03:50:00,14.38,14.4,14.38,14.38,54000,0
2016-03-23,03:55:00,14.38,14.4,14.38,14.4,28000,0
2016-03-23,04:00:00,14.4,14.4,14.38,14.4,104000,0
2016-03-23,04:05:00,14.4,14.42,14.38,14.38,90000,0
2016-03-23,04:10:00,14.38,14.4,14.38,14.4,78000,0
2016-03-23,04:15:00,14.4,14.42,14.4,14.42,12000,0
2016-03-23,04:20:00,14.42,14.42,14.4,14.42,22000,0
2016-03-23,04:25:00,14.42,14.46,14.42,14.46,130000,0
2016-03-23,04:30:00,14.46,14.48,14.46,14.48,44000,0
2016-03-23,04:35:00,14.48,14.5,14.48,14.5,72000,0
2016-03-23,04:40:00,14.5,14.52,14.48,14.5,120000,0
2016-03-23,04:45:00,14.5,14.56,14.5,14.56,48000,0
2016-03-23,04:50:00,14.56,14.58,14.54,14.56,82000,0
2016-03-23,04:55:00,14.56,14.56,14.48,14.48,106000,0
2016-03-23,05:00:00,14.48,14.56,14.48,14.56,72000,0
2016-03-23,06:05:00,14.56,14.56,14.5,14.54,46519,0
2016-03-23,06:10:00,14.54,14.54,14.52,14.54,16000,0
2016-03-23,06:15:00,14.54,14.54,14.5,14.54,58000,0
2016-03-23,06:20:00,14.54,14.54,14.46,14.54,36000,0
2016-03-23,06:25:00,14.54,14.54,14.5,14.5,36000,0
2016-03-23,06:30:00,14.5,14.5,14.46,14.46,18000,0
2016-03-23,06:35:00,14.46,14.48,14.46,14.48,4000,0
2016-03-23,06:40:00,14.48,14.5,14.46,14.5,98000,0
2016-03-23,06:45:00,14.5,14.52,14.48,14.48,64000,0
2016-03-23,06:50:00,14.48,14.5,14.48,14.5,16000,0
2016-03-23,06:55:00,14.5,14.5,14.5,14.5,4000,0
2016-03-23,07:00:00,14.5,14.5,14.5,14.5,8000,0
2016-03-23,07:05:00,14.5,14.5,14.44,14.44,90000,0
2016-03-23,07:10:00,14.46,14.46,14.44,14.46,24000,0
2016-03-23,07:20:00,14.46,14.46,14.42,14.44,54000,0
2016-03-23,07:25:00,14.44,14.44,14.42,14.44,42000,0
2016-03-23,07:30:00,14.44,14.46,14.44,14.46,26000,0
2016-03-23,07:35:00,14.46,14.46,14.46,14.46,6000,0
2016-03-23,07:40:00,14.46,14.46,14.44,14.44,6000,0
2016-03-23,07:45:00,14.44,14.46,14.42,14.42,74000,0
2016-03-23,07:50:00,14.42,14.46,14.42,14.46,60000,0
2016-03-23,07:55:00,14.46,14.46,14.42,14.46,33000,0
2016-03-23,08:00:00,14.46,14.46,14.44,14.46,58000,0
2016-03-23,08:05:00,14.46,14.46,14.46,14.46,10000,0
2016-03-23,08:10:00,14.46,14.52,14.46,14.52,144000,0
2016-03-23,08:15:00,14.52,14.52,14.52,14.52,14000,0
2016-03-23,08:20:00,14.52,14.58,14.52,14.54,144000,0
2016-03-23,08:25:00,14.54,14.62,14.54,14.6,240000,0
2016-03-23,08:30:00,14.6,14.6,14.6,14.6,42000,0
2016-03-23,08:35:00,14.6,14.62,14.56,14.62,210000,0
2016-03-23,08:40:00,14.6,14.6,14.58,14.6,108000,0
2016-03-23,08:45:00,14.6,14.64,14.56,14.6,380000,0
2016-03-23,08:50:00,14.6,14.62,14.6,14.62,68000,0
2016-03-23,08:55:00,14.62,14.62,14.62,14.62,390000,0
2016-03-23,09:00:00,14.62,14.64,14.56,14.6,738000,0
2016-03-24,02:35:00,14.76,14.76,14.44,14.44,214000,0
2016-03-24,02:45:00,14.44,14.46,14.44,14.44,46000,0
2016-03-24,02:50:00,14.44,14.46,14.44,14.46,54000,0
2016-03-24,02:55:00,14.44,14.46,14.42,14.44,28000,0
2016-03-24,03:00:00,14.44,14.44,14.36,14.36,84000,0
2016-03-24,03:05:00,14.36,14.36,14.24,14.26,178000,0
2016-03-24,03:10:00,14.26,14.32,14.26,14.28,116000,0
2016-03-24,03:15:00,14.28,14.32,14.28,14.3,140000,0
2016-03-24,03:20:00,14.3,14.32,14.26,14.28,102000,0
2016-03-24,03:25:00,14.3,14.32,14.3,14.32,22000,0
2016-03-24,03:30:00,14.32,14.34,14.28,14.3,92000,0
2016-03-24,03:35:00,14.3,14.34,14.3,14.34,94000,0
2016-03-24,03:40:00,14.34,14.36,14.34,14.36,100000,0
2016-03-24,03:45:00,14.36,14.36,14.34,14.36,108000,0
2016-03-24,03:50:00,14.36,14.36,14.32,14.32,142000,0
2016-03-24,03:55:00,14.32,14.36,14.32,14.34,118000,0
2016-03-24,04:00:00,14.34,14.34,14.32,14.32,12000,0
2016-03-24,04:05:00,14.32,14.34,14.32,14.34,28000,0
2016-03-24,04:10:00,14.34,14.4,14.32,14.38,390000,0
2016-03-24,04:15:00,14.38,14.38,14.36,14.36,4000,0
2016-03-24,04:20:00,14.36,14.38,14.34,14.34,162000,0
2016-03-24,04:25:00,14.34,14.38,14.34,14.36,64000,0
2016-03-24,04:30:00,14.36,14.4,14.34,14.36,466000,0
2016-03-24,04:35:00,14.36,14.36,14.34,14.34,10415,0
2016-03-24,04:40:00,14.34,14.36,14.34,14.36,58000,0
2016-03-24,04:45:00,14.36,14.36,14.34,14.36,68000,0
2016-03-24,04:50:00,14.36,14.38,14.34,14.36,38000,0
2016-03-24,04:55:00,14.36,14.4,14.34,14.36,156000,0
2016-03-24,05:00:00,14.36,14.36,14.32,14.36,20000,0
2016-03-24,06:05:00,14.34,14.34,14.32,14.34,26146,0
2016-03-24,06:10:00,14.34,14.34,14.32,14.32,54000,0
2016-03-24,06:15:00,14.32,14.32,14.32,14.32,10000,0
2016-03-24,06:20:00,14.32,14.34,14.32,14.32,56000,0
2016-03-24,06:25:00,14.32,14.34,14.32,14.32,12000,0
2016-03-24,06:30:00,14.32,14.32,14.32,14.32,12000,0
2016-03-24,06:35:00,14.32,14.34,14.32,14.32,34000,0
2016-03-24,06:40:00,14.32,14.32,14.32,14.32,6000,0
2016-03-24,06:45:00,14.32,14.34,14.32,14.32,46000,0
2016-03-24,06:50:00,14.32,14.34,14.32,14.32,26000,0
2016-03-24,06:55:00,14.32,14.34,14.32,14.34,104000,0
2016-03-24,07:00:00,14.34,14.34,14.34,14.34,2000,0
2016-03-24,07:05:00,14.34,14.34,14.34,14.34,20000,0
2016-03-24,07:10:00,14.34,14.36,14.34,14.34,68000,0
2016-03-24,07:15:00,14.34,14.34,14.34,14.34,4000,0
2016-03-24,07:20:00,14.34,14.34,14.34,14.34,2000,0
2016-03-24,07:25:00,14.34,14.34,14.34,14.34,10000,0
2016-03-24,07:30:00,14.34,14.34,14.32,14.32,68000,0
2016-03-24,07:35:00,14.32,14.32,14.18,14.18,524000,0
2016-03-24,07:40:00,14.18,14.2,14.14,14.2,242000,0
2016-03-24,07:45:00,14.2,14.22,14.2,14.22,30000,0
2016-03-24,07:50:00,14.22,14.22,14.2,14.2,36000,0
2016-03-24,07:55:00,14.2,14.22,14.2,14.22,192000,0
2016-03-24,08:00:00,14.22,14.24,14.2,14.2,124000,0
2016-03-24,08:05:00,14.2,14.2,14.2,14.2,42000,0
2016-03-24,08:10:00,14.22,14.24,14.2,14.2,102000,0
2016-03-24,08:15:00,14.2,14.24,14.18,14.22,148000,0
2016-03-24,08:20:00,14.22,14.24,14.22,14.22,80000,0
2016-03-24,08:25:00,14.22,14.28,14.22,14.28,646000,0
2016-03-24,08:30:00,14.28,14.28,14.26,14.26,40000,0
2016-03-24,08:35:00,14.26,14.28,14.26,14.28,28000,0
2016-03-24,08:40:00,14.28,14.3,14.26,14.28,238000,0
2016-03-24,08:45:00,14.28,14.3,14.28,14.3,44000,0
2016-03-24,08:50:00,14.3,14.3,14.28,14.3,112000,0
2016-03-24,08:55:00,14.3,14.3,14.28,14.28,334000,0
2016-03-24,09:00:00,14.28,14.38,14.28,14.32,758000,0
2016-03-29,03:35:00,14.14,14.3,14.14,14.14,72000,0
2016-03-29,03:40:00,14.14,14.24,14.02,14.14,518000,0
2016-03-29,03:45:00,14.12,14.12,14.12,14.12,10000,0
2016-03-29,03:50:00,14.12,14.12,14.04,14.04,136000,0
2016-03-29,03:55:00,14.02,14.1,14.02,14.1,158000,0
2016-03-29,04:00:00,14.1,14.1,14.08,14.08,142768,0
2016-03-29,04:05:00,14.08,14.14,14.08,14.14,98000,0
2016-03-29,04:10:00,14.14,14.2,14.14,14.16,154000,0
2016-03-29,04:15:00,14.16,14.22,14.16,14.22,106000,0
2016-03-29,04:20:00,14.22,14.24,14.2,14.2,218000,0
2016-03-29,04:25:00,14.2,14.22,14.2,14.22,31673,0
2016-03-29,04:30:00,14.22,14.22,14.2,14.22,124000,0
2016-03-29,04:35:00,14.22,14.24,14.22,14.22,138000,0
2016-03-29,04:40:00,14.22,14.24,14.18,14.18,254000,0
2016-03-29,04:45:00,14.18,14.22,14.18,14.18,34000,0
2016-03-29,04:50:00,14.18,14.2,14.16,14.18,248000,0
2016-03-29,04:55:00,14.18,14.24,14.18,14.24,82000,0
2016-03-29,05:00:00,14.24,14.24,14.22,14.24,20000,0
2016-03-29,05:05:00,14.24,14.24,14.24,14.24,18000,0
2016-03-29,05:10:00,14.24,14.28,14.22,14.26,218000,0
2016-03-29,05:15:00,14.26,14.28,14.24,14.26,30000,0
2016-03-29,05:20:00,14.26,14.3,14.26,14.28,48000,0
2016-03-29,05:25:00,14.28,14.32,14.28,14.32,104000,0
2016-03-29,05:30:00,14.32,14.32,14.3,14.3,14000,0
2016-03-29,05:35:00,14.3,14.32,14.3,14.32,10000,0
2016-03-29,05:40:00,14.32,14.32,14.3,14.3,60000,0
2016-03-29,05:45:00,14.3,14.32,14.3,14.32,112000,0
2016-03-29,05:55:00,14.32,14.32,14.32,14.32,22000,0
2016-03-29,06:00:00,14.32,14.32,14.32,14.32,2000,0
2016-03-29,07:05:00,14.32,14.32,14.22,14.24,270000,0
2016-03-29,07:10:00,14.24,14.24,14.2,14.24,8000,0
2016-03-29,07:15:00,14.22,14.22,14.2,14.2,20000,0
2016-03-29,07:20:00,14.2,14.22,14.2,14.22,4000,0
2016-03-29,07:25:00,14.22,14.22,14.2,14.2,50000,0
2016-03-29,07:30:00,14.2,14.22,14.2,14.22,18000,0
2016-03-29,07:35:00,14.22,14.22,14.2,14.2,44000,0
2016-03-29,07:40:00,14.2,14.22,14.2,14.2,104000,0
2016-03-29,07:45:00,14.2,14.22,14.2,14.2,272588,0
2016-03-29,07:50:00,14.2,14.22,14.2,14.2,32000,0
2016-03-29,08:00:00,14.2,14.22,14.2,14.2,40000,0
2016-03-29,08:05:00,14.2,14.22,14.2,14.22,30000,0
2016-03-29,08:10:00,14.22,14.22,14.2,14.2,56000,0
2016-03-29,08:15:00,14.2,14.22,14.2,14.2,52000,0
2016-03-29,08:20:00,14.2,14.22,14.2,14.2,42000,0
2016-03-29,08:25:00,14.2,14.22,14.2,14.22,40000,0
2016-03-29,08:30:00,14.22,14.22,14.2,14.2,32000,0
2016-03-29,08:35:00,14.2,14.22,14.2,14.2,22000,0
2016-03-29,08:40:00,14.2,14.22,14.16,14.16,470000,0
2016-03-29,08:45:00,14.16,14.3,14.16,14.22,522000,0
2016-03-29,08:50:00,14.22,14.24,14.22,14.22,124000,0
2016-03-29,08:55:00,14.22,14.24,14.22,14.22,126000,0
2016-03-29,09:00:00,14.22,14.24,14.22,14.24,244000,0
2016-03-29,09:10:00,14.24,14.24,14.22,14.22,6000,0
2016-03-29,09:15:00,14.22,14.24,14.22,14.22,22000,0
2016-03-29,09:20:00,14.22,14.24,14.22,14.22,78000,0
2016-03-29,09:25:00,14.22,14.24,14.22,14.22,60000,0
2016-03-29,09:30:00,14.22,14.24,14.2,14.2,610000,0
2016-03-29,09:35:00,14.2,14.22,14.2,14.2,24000,0
2016-03-29,09:40:00,14.2,14.2,14.2,14.2,16000,0
2016-03-29,09:45:00,14.2,14.28,14.2,14.28,870000,0
2016-03-29,09:50:00,14.28,14.32,14.24,14.32,180000,0
2016-03-29,09:55:00,14.32,14.32,14.24,14.28,406000,0
2016-03-29,10:00:00,14.28,14.38,14.26,14.3,1118000,0
2016-03-30,03:35:00,14.14,14.24,14.14,14.22,294000,0
2016-03-30,03:40:00,14.22,14.32,14.2,14.3,516000,0
2016-03-30,03:45:00,14.3,14.34,14.3,14.34,78000,0
2016-03-30,03:50:00,14.34,14.34,14.3,14.3,192000,0
2016-03-30,03:55:00,14.3,14.34,14.3,14.32,136000,0
2016-03-30,04:00:00,14.32,14.4,14.3,14.34,338000,0
2016-03-30,04:05:00,14.34,14.38,14.34,14.36,32000,0
2016-03-30,04:10:00,14.36,14.38,14.32,14.34,116000,0
2016-03-30,04:15:00,14.34,14.34,14.32,14.32,44000,0
2016-03-30,04:20:00,14.32,14.34,14.28,14.28,422000,0
2016-03-30,04:25:00,14.28,14.32,14.28,14.3,338000,0
2016-03-30,04:30:00,14.3,14.32,14.3,14.3,70000,0
2016-03-30,04:35:00,14.3,14.32,14.3,14.32,52538,0
2016-03-30,04:40:00,14.32,14.34,14.3,14.32,170000,0
2016-03-30,04:45:00,14.32,14.32,14.3,14.3,106000,0
2016-03-30,04:50:00,14.3,14.3,14.28,14.3,140000,0
2016-03-30,04:55:00,14.3,14.32,14.3,14.32,70000,0
2016-03-30,05:00:00,14.32,14.32,14.3,14.32,30000,0
2016-03-30,05:05:00,14.32,14.32,14.3,14.32,42000,0
2016-03-30,05:10:00,14.32,14.32,14.3,14.3,66000,0
2016-03-30,05:15:00,14.3,14.32,14.3,14.3,68000,0
2016-03-30,05:20:00,14.3,14.32,14.3,14.3,58000,0
2016-03-30,05:25:00,14.3,14.32,14.3,14.32,102000,0
2016-03-30,05:30:00,14.32,14.32,14.2,14.2,620000,0
2016-03-30,05:35:00,14.2,14.3,14.18,14.28,166146,0
2016-03-30,05:40:00,14.28,14.3,14.28,14.3,44000,0
2016-03-30,05:45:00,14.3,14.3,14.22,14.22,178000,0
2016-03-30,05:50:00,14.22,14.26,14.22,14.24,40000,0
2016-03-30,05:55:00,14.24,14.28,14.24,14.28,112000,0
2016-03-30,06:00:00,14.28,14.3,14.28,14.3,74000,0
2016-03-30,07:05:00,14.3,14.3,14.28,14.3,36000,0
2016-03-30,07:10:00,14.3,14.3,14.28,14.28,28000,0
2016-03-30,07:15:00,14.28,14.3,14.28,14.28,12000,0
2016-03-30,07:20:00,14.28,14.3,14.2,14.22,306000,0
2016-03-30,07:25:00,14.22,14.28,14.22,14.26,46000,0
2016-03-30,07:30:00,14.26,14.28,14.24,14.26,14000,0
2016-03-30,07:35:00,14.26,14.28,14.24,14.24,26000,0
2016-03-30,07:45:00,14.24,14.28,14.24,14.28,104000,0
2016-03-30,07:50:00,14.28,14.28,14.26,14.26,22000,0
2016-03-30,07:55:00,14.26,14.28,14.26,14.28,16000,0
2016-03-30,08:00:00,14.28,14.28,14.26,14.28,40000,0
2016-03-30,08:05:00,14.28,14.38,14.28,14.38,416000,0
2016-03-30,08:10:00,14.38,14.4,14.38,14.4,64000,0
2016-03-30,08:15:00,14.4,14.42,14.4,14.4,34000,0
2016-03-30,08:20:00,14.4,14.4,14.4,14.4,6000,0
2016-03-30,08:25:00,14.4,14.42,14.38,14.4,80000,0
2016-03-30,08:30:00,14.4,14.44,14.4,14.44,102000,0
2016-03-30,08:35:00,14.44,14.44,14.44,14.44,42000,0
2016-03-30,08:40:00,14.44,14.44,14.42,14.44,16000,0
2016-03-30,08:45:00,14.44,14.48,14.44,14.46,102000,0
2016-03-30,08:50:00,14.46,14.5,14.46,14.5,82000,0
2016-03-30,08:55:00,14.5,14.5,14.4,14.42,200000,0
2016-03-30,09:00:00,14.42,14.44,14.34,14.4,158000,0
2016-03-30,09:05:00,14.4,14.42,14.4,14.42,114000,0
2016-03-30,09:10:00,14.42,14.42,14.34,14.36,146000,0
2016-03-30,09:15:00,14.38,14.38,14.38,14.38,2000,0
2016-03-30,09:20:00,14.38,14.38,14.36,14.36,48000,0
2016-03-30,09:25:00,14.36,14.38,14.36,14.36,20000,0
2016-03-30,09:30:00,14.36,14.38,14.32,14.38,224000,0
2016-03-30,09:35:00,14.38,14.42,14.32,14.38,324000,0
2016-03-30,09:40:00,14.38,14.44,14.36,14.38,134000,0
2016-03-30,09:45:00,14.38,14.4,14.36,14.36,158000,0
2016-03-30,09:50:00,14.36,14.38,14.32,14.34,380000,0
2016-03-30,09:55:00,14.34,14.44,14.34,14.36,181580,0
2016-03-30,10:00:00,14.36,14.52,14.34,14.46,1256000,0
2016-03-31,03:35:00,14.4,14.4,14.34,14.34,30000,0
2016-03-31,03:40:00,14.34,14.44,14.34,14.4,170900,0
2016-03-31,03:45:00,14.4,14.4,14.4,14.4,20000,0
2016-03-31,03:50:00,14.4,14.42,14.4,14.4,22000,0
2016-03-31,03:55:00,14.4,14.46,14.4,14.46,28000,0
2016-03-31,04:00:00,14.46,14.54,14.46,14.54,62000,0
2016-03-31,04:05:00,14.54,14.56,14.52,14.52,76759,0
2016-03-31,04:10:00,14.52,14.54,14.42,14.42,122000,0
2016-03-31,04:15:00,14.42,14.5,14.42,14.5,82000,0
2016-03-31,04:20:00,14.5,14.56,14.5,14.56,42000,0
2016-03-31,04:25:00,14.56,14.56,14.52,14.52,42000,0
2016-03-31,04:30:00,14.52,14.54,14.5,14.54,82000,0
2016-03-31,04:35:00,14.54,14.56,14.54,14.56,34000,0
2016-03-31,04:40:00,14.56,14.56,14.54,14.54,46000,0
2016-03-31,04:45:00,14.54,14.56,14.54,14.54,38000,0
2016-03-31,04:50:00,14.54,14.56,14.52,14.52,94000,0
2016-03-31,04:55:00,14.52,14.52,14.5,14.52,46000,0
2016-03-31,05:00:00,14.52,14.52,14.5,14.52,44000,0
2016-03-31,05:05:00,14.52,14.54,14.52,14.54,34000,0
2016-03-31,05:10:00,14.54,14.54,14.52,14.52,66000,0
2016-03-31,05:15:00,14.52,14.52,14.5,14.5,98000,0
2016-03-31,05:20:00,14.5,14.5,14.48,14.48,56000,0
2016-03-31,05:25:00,14.48,14.5,14.48,14.5,58000,0
2016-03-31,05:30:00,14.5,14.54,14.5,14.54,58000,0
2016-03-31,05:35:00,14.54,14.56,14.54,14.54,38000,0
2016-03-31,05:40:00,14.54,14.54,14.54,14.54,18000,0
2016-03-31,05:45:00,14.54,14.54,14.52,14.54,22210,0
2016-03-31,05:50:00,14.54,14.54,14.52,14.54,22000,0
2016-03-31,05:55:00,14.54,14.54,14.54,14.54,16000,0
2016-03-31,06:00:00,14.54,14.54,14.5,14.52,108000,0
2016-03-31,07:05:00,14.52,14.52,14.48,14.48,86586,0
2016-03-31,07:10:00,14.48,14.5,14.48,14.5,18000,0
2016-03-31,07:15:00,14.5,14.5,14.48,14.5,42000,0
2016-03-31,07:20:00,14.5,14.5,14.44,14.44,282000,0
2016-03-31,07:25:00,14.46,14.48,14.46,14.46,36000,0
2016-03-31,07:30:00,14.46,14.46,14.42,14.46,142000,0
2016-03-31,07:35:00,14.46,14.46,14.44,14.46,142000,0
2016-03-31,07:40:00,14.46,14.46,14.4,14.42,98000,0
2016-03-31,07:45:00,14.42,14.42,14.42,14.42,10000,0
2016-03-31,07:50:00,14.42,14.44,14.42,14.42,52000,0
2016-03-31,07:55:00,14.42,14.44,14.42,14.42,48000,0
2016-03-31,08:00:00,14.42,14.44,14.36,14.36,222000,0
2016-03-31,08:05:00,14.36,14.42,14.32,14.42,194000,0
2016-03-31,08:10:00,14.42,14.42,14.38,14.4,30000,0
2016-03-31,08:15:00,14.4,14.4,14.32,14.32,98000,0
2016-03-31,08:20:00,14.32,14.32,14.32,14.32,18000,0
2016-03-31,08:25:00,14.32,14.48,14.32,14.44,232000,0
2016-03-31,08:30:00,14.44,14.46,14.36,14.36,90000,0
2016-03-31,08:35:00,14.36,14.36,14.34,14.34,22000,0
2016-03-31,08:40:00,14.34,14.34,14.3,14.32,18000,0
2016-03-31,08:45:00,14.3,14.36,14.3,14.36,174811,0
2016-03-31,08:50:00,14.36,14.36,14.34,14.34,22000,0
2016-03-31,08:55:00,14.34,14.36,14.34,14.36,30000,0
2016-03-31,09:00:00,14.36,14.36,14.34,14.34,40000,0
2016-03-31,09:05:00,14.34,14.34,14.32,14.32,76000,0
2016-03-31,09:10:00,14.3,14.36,14.3,14.34,162000,0
2016-03-31,09:15:00,14.34,14.36,14.34,14.36,12000,0
2016-03-31,09:20:00,14.36,14.36,14.34,14.36,54000,0
2016-03-31,09:25:00,14.36,14.4,14.36,14.4,52000,0
2016-03-31,09:30:00,14.4,14.4,14.38,14.38,820618,0
2016-03-31,09:35:00,14.38,14.4,14.34,14.34,82000,0
2016-03-31,09:40:00,14.34,14.36,14.32,14.36,66000,0
2016-03-31,09:45:00,14.36,14.36,14.34,14.36,780000,0
2016-03-31,09:50:00,14.36,14.36,14.34,14.36,48000,0
2016-03-31,09:55:00,14.36,14.36,14.34,14.36,206000,0
2016-03-31,10:00:00,14.36,14.48,14.3,14.44,3088000,0
2016-04-01,03:35:00,14.5,14.54,14.48,14.48,706000,0
2016-04-01,03:40:00,14.48,14.6,14.48,14.6,216000,0
2016-04-01,03:45:00,14.6,14.6,14.52,14.52,100000,0
2016-04-01,03:50:00,14.52,14.52,14.42,14.46,130000,0
2016-04-01,03:55:00,14.46,14.5,14.46,14.5,84000,0
2016-04-01,04:00:00,14.5,14.54,14.5,14.54,68000,0
2016-04-01,04:05:00,14.54,14.56,14.54,14.56,46000,0
2016-04-01,04:10:00,14.56,14.58,14.56,14.58,30000,0
2016-04-01,04:15:00,14.58,14.6,14.56,14.6,54000,0
2016-04-01,04:20:00,14.6,14.64,14.6,14.64,66000,0
2016-04-01,04:25:00,14.64,14.72,14.64,14.72,138000,0
2016-04-01,04:30:00,14.72,14.74,14.72,14.72,86000,0
2016-04-01,04:35:00,14.72,14.72,14.68,14.7,172000,0
2016-04-01,04:40:00,14.7,14.7,14.68,14.68,50000,0
2016-04-01,04:45:00,14.68,14.68,14.66,14.66,14000,0
2016-04-01,04:50:00,14.66,14.68,14.66,14.66,78000,0
2016-04-01,04:55:00,14.66,14.66,14.66,14.66,36000,0
2016-04-01,05:00:00,14.66,14.72,14.66,14.72,124000,0
2016-04-01,05:05:00,14.72,14.72,14.68,14.68,66000,0
2016-04-01,05:10:00,14.7,14.72,14.7,14.7,56000,0
2016-04-01,05:15:00,14.7,14.74,14.7,14.7,38000,0
2016-04-01,05:20:00,14.7,14.72,14.68,14.68,108000,0
2016-04-01,05:25:00,14.68,14.68,14.64,14.64,100000,0
2016-04-01,05:30:00,14.64,14.7,14.64,14.66,106000,0
2016-04-01,05:35:00,14.66,14.7,14.66,14.7,24000,0
2016-04-01,05:40:00,14.7,14.72,14.66,14.66,80000,0
2016-04-01,05:45:00,14.66,14.66,14.64,14.66,54000,0
2016-04-01,05:50:00,14.66,14.68,14.66,14.68,60000,0
2016-04-01,05:55:00,14.68,14.68,14.68,14.68,60000,0
2016-04-01,06:00:00,14.68,14.68,14.64,14.64,76000,0
2016-04-01,07:05:00,14.64,14.64,14.6,14.6,140000,0
2016-04-01,07:10:00,14.6,14.6,14.54,14.54,71276,0
2016-04-01,07:15:00,14.54,14.54,14.54,14.54,38000,0
2016-04-01,07:20:00,14.54,14.56,14.52,14.56,96000,0
2016-04-01,07:25:00,14.56,14.66,14.56,14.64,132000,0
2016-04-01,07:30:00,14.64,14.66,14.64,14.66,16000,0
2016-04-01,07:35:00,14.66,14.68,14.6,14.66,32000,0
2016-04-01,07:40:00,14.66,14.66,14.62,14.64,56000,0
2016-04-01,07:45:00,14.64,14.64,14.6,14.64,10000,0
2016-04-01,07:50:00,14.64,14.64,14.6,14.6,18000,0
2016-04-01,07:55:00,14.6,14.62,14.6,14.62,64000,0
2016-04-01,08:00:00,14.62,14.62,14.6,14.62,18000,0
2016-04-01,08:05:00,14.62,14.62,14.58,14.6,98000,0
2016-04-01,08:10:00,14.6,14.6,14.58,14.6,66000,0
2016-04-01,08:15:00,14.6,14.6,14.6,14.6,2000,0
2016-04-01,08:20:00,14.6,14.6,14.58,14.58,98000,0
2016-04-01,08:25:00,14.58,14.6,14.54,14.54,228000,0
2016-04-01,08:30:00,14.54,14.56,14.54,14.54,18000,0
2016-04-01,08:35:00,14.54,14.56,14.54,14.56,78000,0
2016-04-01,08:40:00,14.56,14.6,14.54,14.58,126000,0
2016-04-01,08:45:00,14.58,14.62,14.58,14.62,60000,0
2016-04-01,08:50:00,14.62,14.62,14.6,14.62,18000,0
2016-04-01,08:55:00,14.62,14.62,14.58,14.58,114000,0
2016-04-01,09:00:00,14.58,14.6,14.58,14.6,40000,0
2016-04-01,09:05:00,14.6,14.6,14.54,14.54,190000,0
2016-04-01,09:10:00,14.54,14.58,14.54,14.58,108000,0
2016-04-01,09:15:00,14.58,14.58,14.58,14.58,26000,0
2016-04-01,09:20:00,14.58,14.58,14.56,14.58,36000,0
2016-04-01,09:25:00,14.58,14.58,14.56,14.58,74000,0
2016-04-01,09:30:00,14.58,14.58,14.56,14.58,24000,0
2016-04-01,09:35:00,14.58,14.58,14.56,14.56,88000,0
2016-04-01,09:40:00,14.56,14.58,14.52,14.52,180000,0
2016-04-01,09:45:00,14.52,14.58,14.52,14.56,188000,0
2016-04-01,09:50:00,14.56,14.6,14.56,14.58,56000,0
2016-04-01,09:55:00,14.58,14.6,14.56,14.6,194000,0
2016-04-01,10:00:00,14.6,14.64,14.54,14.6,686000,0
2016-04-05,03:35:00,14.72,14.76,14.68,14.76,46000,0
2016-04-05,03:40:00,14.76,14.76,14.66,14.68,190000,0
2016-04-05,03:45:00,14.68,14.68,14.54,14.54,64338,0
2016-04-05,03:50:00,14.54,14.6,14.54,14.6,194000,0
2016-04-05,03:55:00,14.6,14.66,14.6,14.62,22000,0
2016-04-05,04:00:00,14.62,14.62,14.58,14.58,54193,0
2016-04-05,04:05:00,14.58,14.58,14.56,14.56,46000,0
2016-04-05,04:10:00,14.56,14.56,14.44,14.44,170000,0
2016-04-05,04:15:00,14.44,14.44,14.44,14.44,12000,0
2016-04-05,04:20:00,14.46,14.5,14.46,14.46,24000,0
2016-04-05,04:25:00,14.46,14.48,14.42,14.42,106000,0
2016-04-05,04:30:00,14.42,14.5,14.42,14.46,104000,0
2016-04-05,04:35:00,14.46,14.48,14.46,14.46,92000,0
2016-04-05,04:40:00,14.46,14.48,14.46,14.48,10000,0
2016-04-05,04:45:00,14.48,14.48,14.48,14.48,26752,0
2016-04-05,04:50:00,14.48,14.48,14.46,14.46,16000,0
2016-04-05,04:55:00,14.46,14.48,14.46,14.48,10000,0
2016-04-05,05:00:00,14.48,14.48,14.46,14.48,14000,0
2016-04-05,05:05:00,14.48,14.5,14.46,14.5,182000,0
2016-04-05,05:10:00,14.5,14.5,14.48,14.5,88000,0
2016-04-05,05:15:00,14.5,14.5,14.48,14.48,26000,0
2016-04-05,05:20:00,14.48,14.5,14.36,14.48,318000,0
2016-04-05,05:25:00,14.48,14.54,14.48,14.54,26000,0
2016-04-05,05:30:00,14.54,14.54,14.54,14.54,4000,0
2016-04-05,05:35:00,14.54,14.54,14.54,14.54,2000,0
2016-04-05,05:40:00,14.54,14.54,14.54,14.54,6000,0
2016-04-05,05:45:00,14.54,14.54,14.54,14.54,34000,0
2016-04-05,05:50:00,14.54,14.54,14.5,14.5,104000,0
2016-04-05,05:55:00,14.5,14.5,14.5,14.5,6000,0
2016-04-05,06:00:00,14.5,14.5,14.48,14.48,8000,0
2016-04-05,07:05:00,14.48,14.5,14.48,14.48,10000,0
2016-04-05,07:10:00,14.48,14.5,14.48,14.5,10000,0
2016-04-05,07:15:00,14.5,14.5,14.48,14.48,8000,0
2016-04-05,07:20:00,14.48,14.5,14.48,14.48,112000,0
2016-04-05,07:25:00,14.48,14.64,14.48,14.54,236000,0
2016-04-05,07:30:00,14.54,14.56,14.54,14.54,14000,0
2016-04-05,07:35:00,14.54,14.58,14.54,14.56,46000,0
2016-04-05,07:40:00,14.56,14.56,14.54,14.54,24000,0
2016-04-05,07:45:00,14.54,14.56,14.54,14.56,4000,0
2016-04-05,07:50:00,14.56,14.56,14.56,14.56,4000,0
2016-04-05,07:55:00,14.56,14.56,14.54,14.56,18000,0
2016-04-05,08:00:00,14.56,14.56,14.54,14.56,18000,0
2016-04-05,08:05:00,14.56,14.56,14.54,14.54,28000,0
2016-04-05,08:10:00,14.54,14.56,14.54,14.56,8000,0
2016-04-05,08:15:00,14.56,14.56,14.54,14.56,32000,0
2016-04-05,08:20:00,14.56,14.56,14.54,14.56,36000,0
2016-04-05,08:25:00,14.56,14.56,14.54,14.56,42000,0
2016-04-05,08:30:00,14.56,14.56,14.56,14.56,34000,0
2016-04-05,08:35:00,14.56,14.56,14.56,14.56,30000,0
2016-04-05,08:40:00,14.56,14.56,14.54,14.56,44000,0
2016-04-05,08:45:00,14.56,14.56,14.54,14.56,38000,0
2016-04-05,08:50:00,14.56,14.56,14.56,14.56,4000,0
2016-04-05,08:55:00,14.56,14.56,14.54,14.56,24000,0
2016-04-05,09:00:00,14.56,14.56,14.56,14.56,12000,0
2016-04-05,09:05:00,14.56,14.56,14.56,14.56,44000,0
2016-04-05,09:10:00,14.56,14.56,14.54,14.56,36000,0
2016-04-05,09:15:00,14.56,14.6,14.54,14.58,140000,0
2016-04-05,09:20:00,14.58,14.6,14.58,14.6,26000,0
2016-04-05,09:25:00,14.6,14.6,14.6,14.6,12000,0
2016-04-05,09:30:00,14.6,14.62,14.6,14.62,98000,0
2016-04-05,09:35:00,14.62,14.64,14.62,14.62,92000,0
2016-04-05,09:40:00,14.62,14.62,14.6,14.6,58000,0
2016-04-05,09:45:00,14.6,14.6,14.56,14.56,64000,0
2016-04-05,09:50:00,14.56,14.56,14.54,14.54,38000,0
2016-04-05,09:55:00,14.54,14.56,14.54,14.54,196000,0
2016-04-05,10:00:00,14.54,14.6,14.54,14.54,582000,0
2016-04-06,03:35:00,14.7,14.7,14.6,14.64,26000,0
2016-04-06,03:40:00,14.64,14.64,14.62,14.62,8000,0
2016-04-06,03:50:00,14.62,14.62,14.44,14.58,490000,0
2016-04-06,03:55:00,14.58,14.66,14.52,14.6,186000,0
2016-04-06,04:00:00,14.6,14.74,14.6,14.72,156000,0
2016-04-06,04:05:00,14.72,14.76,14.72,14.74,30000,0
2016-04-06,04:10:00,14.74,14.74,14.72,14.72,4000,0
2016-04-06,04:15:00,14.72,14.74,14.72,14.74,6000,0
2016-04-06,04:20:00,14.74,14.74,14.66,14.66,38000,0
2016-04-06,04:25:00,14.66,14.66,14.64,14.64,4220,0
2016-04-06,04:30:00,14.64,14.64,14.6,14.62,36000,0
2016-04-06,04:35:00,14.62,14.62,14.62,14.62,2000,0
2016-04-06,04:40:00,14.62,14.64,14.62,14.64,18000,0
2016-04-06,04:45:00,14.64,14.66,14.64,14.66,6000,0
2016-04-06,04:50:00,14.66,14.7,14.66,14.68,12000,0
2016-04-06,04:55:00,14.68,14.68,14.68,14.68,2000,0
2016-04-06,05:00:00,14.68,14.68,14.68,14.68,14000,0
2016-04-06,05:05:00,14.68,14.68,14.6,14.66,48000,0
2016-04-06,05:10:00,14.66,14.66,14.6,14.6,12000,0
2016-04-06,05:15:00,14.6,14.62,14.6,14.62,6269,0
2016-04-06,05:20:00,14.62,14.62,14.6,14.6,6000,0
2016-04-06,05:30:00,14.6,14.6,14.52,14.54,86000,0
2016-04-06,05:35:00,14.54,14.54,14.54,14.54,2000,0
2016-04-06,05:40:00,14.54,14.54,14.52,14.52,6000,0
2016-04-06,05:45:00,14.52,14.54,14.52,14.54,26000,0
2016-04-06,05:50:00,14.54,14.54,14.54,14.54,6000,0
2016-04-06,05:55:00,14.54,14.56,14.52,14.56,22000,0
2016-04-06,06:00:00,14.56,14.6,14.54,14.56,22000,0
2016-04-06,07:05:00,14.56,14.68,14.56,14.58,16000,0
2016-04-06,07:15:00,14.58,14.6,14.58,14.6,20000,0
2016-04-06,07:30:00,14.6,14.6,14.6,14.6,2000,0
2016-04-06,07:35:00,14.6,14.6,14.56,14.56,82000,0
2016-04-06,07:40:00,14.56,14.56,14.5,14.5,94000,0
2016-04-06,07:45:00,14.5,14.52,14.5,14.52,54000,0
2016-04-06,07:50:00,14.52,14.52,14.5,14.52,40000,0
2016-04-06,07:55:00,14.52,14.52,14.5,14.5,8000,0
2016-04-06,08:00:00,14.5,14.52,14.5,14.52,18400,0
2016-04-06,08:05:00,14.52,14.52,14.5,14.52,30000,0
2016-04-06,08:10:00,14.52,14.52,14.5,14.5,6000,0
2016-04-06,08:15:00,14.5,14.52,14.5,14.5,10000,0
2016-04-06,08:25:00,14.5,14.52,14.3,14.5,402000,0
2016-04-06,08:30:00,14.5,14.5,14.48,14.5,20000,0
2016-04-06,08:35:00,14.5,14.5,14.48,14.48,36288,0
2016-04-06,08:40:00,14.48,14.56,14.48,14.54,198000,0
2016-04-06,08:45:00,14.54,14.54,14.52,14.52,32000,0
2016-04-06,08:50:00,14.52,14.54,14.52,14.52,22000,0
2016-04-06,08:55:00,14.52,14.54,14.5,14.5,48000,0
2016-04-06,09:00:00,14.5,14.54,14.5,14.54,112000,0
2016-04-06,09:05:00,14.54,14.56,14.5,14.56,66000,0
2016-04-06,09:10:00,14.56,14.56,14.54,14.54,12000,0
2016-04-06,09:15:00,14.54,14.56,14.54,14.54,42000,0
2016-04-06,09:20:00,14.54,14.56,14.54,14.56,6000,0
2016-04-06,09:25:00,14.56,14.56,14.54,14.54,12000,0
2016-04-06,09:30:00,14.54,14.58,14.54,14.58,74000,0
2016-04-06,09:35:00,14.58,14.62,14.56,14.58,80000,0
2016-04-06,09:40:00,14.58,14.58,14.5,14.5,94000,0
2016-04-06,09:45:00,14.5,14.56,14.5,14.56,108000,0
2016-04-06,09:50:00,14.56,14.56,14.5,14.52,185000,0
2016-04-06,09:55:00,14.52,14.54,14.52,14.54,70000,0
2016-04-06,10:00:00,14.54,14.58,14.48,14.5,686000,0
2016-04-07,03:35:00,14.74,14.74,14.66,14.66,28640,0
2016-04-07,03:40:00,14.66,14.68,14.58,14.62,52000,0
2016-04-07,03:45:00,14.62,14.7,14.62,14.66,88000,0
2016-04-07,03:50:00,14.66,14.66,14.62,14.64,50000,0
2016-04-07,03:55:00,14.64,14.64,14.6,14.6,40000,0
2016-04-07,04:00:00,14.6,14.6,14.56,14.56,20000,0
2016-04-07,04:10:00,14.56,14.58,14.5,14.56,14200,0
2016-04-07,04:15:00,14.56,14.56,14.5,14.54,34000,0
2016-04-07,04:20:00,14.52,14.52,14.5,14.5,26000,0
2016-04-07,04:25:00,14.5,14.52,14.48,14.48,32000,0
2016-04-07,04:30:00,14.48,14.48,14.48,14.48,4000,0
2016-04-07,04:35:00,14.48,14.48,14.48,14.48,2000,0
2016-04-07,04:40:00,14.48,14.48,14.48,14.48,16000,0
2016-04-07,04:45:00,14.48,14.5,14.42,14.5,100000,0
2016-04-07,04:50:00,14.5,14.5,14.48,14.48,10000,0
2016-04-07,04:55:00,14.48,14.48,14.46,14.46,10000,0
2016-04-07,05:05:00,14.46,14.46,14.44,14.44,14000,0
2016-04-07,05:10:00,14.44,14.44,14.4,14.42,14000,0
2016-04-07,05:15:00,14.42,14.44,14.42,14.42,12000,0
2016-04-07,05:20:00,14.42,14.42,14.4,14.4,6000,0
2016-04-07,05:25:00,14.4,14.44,14.4,14.4,8000,0
2016-04-07,05:30:00,14.4,14.44,14.4,14.4,8000,0
2016-04-07,05:35:00,14.4,14.4,14.4,14.4,2000,0
2016-04-07,05:40:00,14.4,14.42,14.38,14.42,16000,0
2016-04-07,05:45:00,14.42,14.42,14.4,14.4,8000,0
2016-04-07,05:50:00,14.4,14.4,14.36,14.4,16000,0
2016-04-07,05:55:00,14.4,14.4,14.4,14.4,4000,0
2016-04-07,06:00:00,14.4,14.4,14.4,14.4,4000,0
2016-04-07,07:05:00,14.4,14.4,14.36,14.4,38000,0
2016-04-07,07:10:00,14.4,14.4,14.4,14.4,8000,0
2016-04-07,07:15:00,14.4,14.4,14.4,14.4,2000,0
2016-04-07,07:20:00,14.4,14.4,14.36,14.36,26000,0
2016-04-07,07:25:00,14.36,14.38,14.36,14.38,8000,0
2016-04-07,07:30:00,14.38,14.38,14.34,14.38,42000,0
2016-04-07,07:35:00,14.38,14.38,14.34,14.38,15041,0
2016-04-07,07:40:00,14.38,14.38,14.36,14.38,12000,0
2016-04-07,07:45:00,14.38,14.38,14.34,14.36,40000,0
2016-04-07,07:50:00,14.36,14.36,14.36,14.36,22000,0
2016-04-07,07:55:00,14.36,14.38,14.36,14.36,14000,0
2016-04-07,08:00:00,14.36,14.44,14.36,14.44,92000,0
2016-04-07,08:05:00,14.44,14.44,14.44,14.44,2000,0
2016-04-07,08:10:00,14.44,14.48,14.44,14.46,22000,0
2016-04-07,08:15:00,14.46,14.46,14.4,14.4,44000,0
2016-04-07,08:20:00,14.4,14.42,14.4,14.42,12000,0
2016-04-07,08:25:00,14.42,14.5,14.42,14.5,170000,0
2016-04-07,08:30:00,14.52,14.52,14.52,14.52,6000,0
2016-04-07,08:35:00,14.52,14.56,14.5,14.56,40000,0
2016-04-07,08:40:00,14.54,14.54,14.52,14.52,18000,0
2016-04-07,08:45:00,14.52,14.6,14.5,14.58,224000,0
2016-04-07,08:50:00,14.58,14.6,14.52,14.56,88000,0
2016-04-07,08:55:00,14.56,14.6,14.54,14.54,34000,0
2016-04-07,09:00:00,14.54,14.54,14.54,14.54,6000,0
2016-04-07,09:05:00,14.54,14.54,14.5,14.54,22000,0
2016-04-07,09:10:00,14.54,14.54,14.52,14.52,32000,0
2016-04-07,09:15:00,14.52,14.52,14.5,14.5,18000,0
2016-04-07,09:20:00,14.5,14.52,14.5,14.5,254000,0
2016-04-07,09:25:00,14.5,14.52,14.5,14.5,36000,0
2016-04-07,09:30:00,14.5,14.52,14.5,14.5,22000,0
2016-04-07,09:35:00,14.5,14.52,14.5,14.52,66000,0
2016-04-07,09:40:00,14.52,14.52,14.5,14.5,296000,0
2016-04-07,09:45:00,14.5,14.52,14.5,14.5,52000,0
2016-04-07,09:50:00,14.5,14.62,14.5,14.58,160000,0
2016-04-07,09:55:00,14.58,14.58,14.54,14.54,78000,0
2016-04-07,10:00:00,14.54,14.62,14.54,14.6,478000,0
2016-04-08,03:35:00,14.5,14.52,14.5,14.5,8000,0
2016-04-08,03:40:00,14.48,14.6,14.48,14.58,82000,0
2016-04-08,03:45:00,14.58,14.58,14.54,14.54,36000,0
2016-04-08,03:50:00,14.54,14.54,14.48,14.5,52000,0
2016-04-08,03:55:00,14.5,14.5,14.48,14.48,32000,0
2016-04-08,04:00:00,14.48,14.48,14.34,14.44,138000,0
2016-04-08,04:05:00,14.44,14.46,14.4,14.46,118000,0
2016-04-08,04:10:00,14.46,14.5,14.46,14.5,74000,0
2016-04-08,04:15:00,14.5,14.6,14.5,14.6,80000,0
2016-04-08,04:20:00,14.6,14.6,14.56,14.56,70000,0
2016-04-08,04:25:00,14.56,14.58,14.5,14.58,220000,0
2016-04-08,04:30:00,14.58,14.58,14.58,14.58,2000,0
2016-04-08,04:35:00,14.58,14.6,14.58,14.6,24000,0
2016-04-08,04:40:00,14.6,14.6,14.58,14.58,62000,0
2016-04-08,04:45:00,14.58,14.58,14.58,14.58,14000,0
2016-04-08,04:50:00,14.58,14.6,14.56,14.58,46000,0
2016-04-08,04:55:00,14.58,14.6,14.58,14.6,54000,0
2016-04-08,05:00:00,14.6,14.62,14.6,14.62,4000,0
2016-04-08,05:05:00,14.62,14.62,14.56,14.58,80000,0
2016-04-08,05:10:00,14.58,14.6,14.56,14.6,50000,0
2016-04-08,05:15:00,14.6,14.6,14.6,14.6,2000,0
2016-04-08,05:25:00,14.6,14.62,14.6,14.62,50000,0
2016-04-08,05:30:00,14.62,14.62,14.52,14.58,244000,0
2016-04-08,05:35:00,14.58,14.6,14.58,14.58,22000,0
2016-04-08,05:40:00,14.58,14.6,14.56,14.6,26000,0
2016-04-08,05:45:00,14.58,14.62,14.58,14.6,58000,0
2016-04-08,05:50:00,14.6,14.62,14.6,14.6,10000,0
2016-04-08,05:55:00,14.6,14.62,14.58,14.62,44000,0
2016-04-08,07:05:00,14.62,14.62,14.6,14.6,36000,0
2016-04-08,07:10:00,14.6,14.6,14.56,14.6,140000,0
2016-04-08,07:15:00,14.6,14.6,14.6,14.6,24000,0
2016-04-08,07:20:00,14.6,14.6,14.54,14.56,132000,0
2016-04-08,07:25:00,14.56,14.58,14.54,14.58,74000,0
2016-04-08,07:30:00,14.58,14.58,14.58,14.58,18000,0
2016-04-08,07:35:00,14.58,14.58,14.58,14.58,10000,0
2016-04-08,07:40:00,14.58,14.58,14.58,14.58,10000,0
2016-04-08,07:45:00,14.58,14.58,14.58,14.58,29401,0
2016-04-08,07:50:00,14.58,14.6,14.58,14.6,24000,0
2016-04-08,07:55:00,14.6,14.62,14.6,14.62,4000,0
2016-04-08,08:05:00,14.62,14.62,14.62,14.62,14000,0
2016-04-08,08:10:00,14.62,14.62,14.58,14.6,158000,0
2016-04-08,08:15:00,14.6,14.62,14.6,14.6,24000,0
2016-04-08,08:20:00,14.6,14.6,14.58,14.58,4000,0
2016-04-08,08:25:00,14.58,14.58,14.58,14.58,8000,0
2016-04-08,08:30:00,14.58,14.58,14.58,14.58,2000,0
2016-04-08,08:35:00,14.58,14.58,14.5,14.52,126000,0
2016-04-08,08:40:00,14.52,14.56,14.52,14.56,90000,0
2016-04-08,08:45:00,14.56,14.62,14.54,14.62,18000,0
2016-04-08,08:50:00,14.62,14.62,14.58,14.58,18000,0
2016-04-08,08:55:00,14.58,14.58,14.54,14.54,20000,0
2016-04-08,09:00:00,14.54,14.54,14.54,14.54,6000,0
2016-04-08,09:05:00,14.54,14.54,14.54,14.54,10000,0
2016-04-08,09:10:00,14.54,14.56,14.54,14.56,4000,0
2016-04-08,09:15:00,14.56,14.56,14.56,14.56,76000,0
2016-04-08,09:25:00,14.56,14.6,14.56,14.6,84000,0
2016-04-08,09:30:00,14.6,14.6,14.6,14.6,14000,0
2016-04-08,09:35:00,14.6,14.6,14.58,14.6,34000,0
2016-04-08,09:40:00,14.6,14.6,14.58,14.58,36000,0
2016-04-08,09:45:00,14.58,14.6,14.52,14.56,278000,0
2016-04-08,09:50:00,14.56,14.58,14.56,14.56,22000,0
2016-04-08,09:55:00,14.56,14.64,14.56,14.64,164000,0
2016-04-08,10:00:00,14.64,14.68,14.54,14.64,418000,0
2016-04-11,03:35:00,14.58,14.64,14.58,14.64,18000,0
2016-04-11,03:40:00,14.64,14.64,14.6,14.6,26000,0
2016-04-11,03:45:00,14.6,14.6,14.56,14.56,15000,0
2016-04-11,03:50:00,14.56,14.56,14.52,14.52,24000,0
2016-04-11,03:55:00,14.52,14.58,14.5,14.58,62000,0
2016-04-11,04:00:00,14.58,14.58,14.54,14.58,36000,0
2016-04-11,04:05:00,14.58,14.6,14.58,14.6,62000,0
2016-04-11,04:10:00,14.6,14.6,14.6,14.6,4000,0
2016-04-11,04:15:00,14.6,14.6,14.58,14.58,26000,0
2016-04-11,04:20:00,14.58,14.6,14.58,14.6,12000,0
2016-04-11,04:25:00,14.6,14.6,14.58,14.58,98000,0
2016-04-11,04:30:00,14.58,14.6,14.58,14.58,18000,0
2016-04-11,04:35:00,14.58,14.6,14.58,14.6,66000,0
2016-04-11,04:40:00,14.6,14.6,14.58,14.58,8000,0
2016-04-11,04:45:00,14.58,14.6,14.58,14.6,10000,0
2016-04-11,04:50:00,14.6,14.6,14.58,14.6,18340,0
2016-04-11,04:55:00,14.6,14.6,14.58,14.58,20000,0
2016-04-11,05:00:00,14.58,14.6,14.58,14.6,24238,0
2016-04-11,05:05:00,14.6,14.6,14.58,14.58,18000,0
2016-04-11,05:10:00,14.58,14.6,14.58,14.6,6000,0
2016-04-11,05:15:00,14.6,14.6,14.58,14.6,14000,0
2016-04-11,05:20:00,14.6,14.6,14.58,14.6,14000,0
2016-04-11,05:25:00,14.6,14.6,14.58,14.58,16000,0
2016-04-11,05:30:00,14.58,14.6,14.58,14.6,26000,0
2016-04-11,05:35:00,14.6,14.6,14.58,14.6,26000,0
2016-04-11,05:40:00,14.6,14.66,14.58,14.62,112000,0
2016-04-11,05:45:00,14.62,14.62,14.58,14.58,94000,0
2016-04-11,05:50:00,14.58,14.6,14.56,14.6,36000,0
2016-04-11,05:55:00,14.58,14.58,14.56,14.58,44000,0
2016-04-11,06:00:00,14.58,14.58,14.56,14.58,38000,0
2016-04-11,07:05:00,14.58,14.62,14.58,14.6,42000,0
2016-04-11,07:10:00,14.6,14.62,14.6,14.62,8000,0
2016-04-11,07:15:00,14.62,14.62,14.6,14.62,18000,0
2016-04-11,07:20:00,14.62,14.62,14.58,14.6,62000,0
2016-04-11,07:25:00,14.6,14.6,14.6,14.6,2000,0
2016-04-11,07:30:00,14.6,14.6,14.58,14.58,12000,0
2016-04-11,07:35:00,14.58,14.6,14.58,14.58,14000,0
2016-04-11,07:40:00,14.58,14.6,14.58,14.6,52000,0
2016-04-11,07:45:00,14.6,14.6,14.56,14.6,14000,0
2016-04-11,07:50:00,14.6,14.6,14.58,14.6,64000,0
2016-04-11,07:55:00,14.6,14.6,14.6,14.6,2000,0
2016-04-11,08:00:00,14.6,14.6,14.6,14.6,12000,0
2016-04-11,08:05:00,14.6,14.6,14.6,14.6,10000,0
2016-04-11,08:10:00,14.6,14.6,14.58,14.58,106000,0
2016-04-11,08:15:00,14.58,14.6,14.58,14.6,6000,0
2016-04-11,08:20:00,14.6,14.6,14.58,14.58,36000,0
2016-04-11,08:25:00,14.58,14.6,14.58,14.58,54000,0
2016-04-11,08:30:00,14.58,14.6,14.56,14.58,94000,0
2016-04-11,08:35:00,14.58,14.58,14.56,14.56,20000,0
2016-04-11,08:40:00,14.56,14.58,14.56,14.58,20000,0
2016-04-11,08:45:00,14.58,14.58,14.56,14.58,76000,0
2016-04-11,08:50:00,14.58,14.58,14.56,14.58,66000,0
2016-04-11,08:55:00,14.58,14.6,14.58,14.58,29380,0
2016-04-11,09:00:00,14.58,14.6,14.58,14.6,52000,0
2016-04-11,09:05:00,14.6,14.6,14.6,14.6,12000,0
2016-04-11,09:10:00,14.6,14.6,14.6,14.6,24000,0
2016-04-11,09:15:00,14.6,14.62,14.58,14.62,139470,0
2016-04-11,09:20:00,14.62,14.64,14.62,14.64,16000,0
2016-04-11,09:25:00,14.64,14.64,14.54,14.58,220000,0
2016-04-11,09:30:00,14.58,14.64,14.58,14.62,154000,0
2016-04-11,09:35:00,14.62,14.62,14.58,14.62,170000,0
2016-04-11,09:40:00,14.62,14.64,14.62,14.62,40000,0
2016-04-11,09:45:00,14.62,14.64,14.6,14.62,344000,0
2016-04-11,09:50:00,14.62,14.64,14.6,14.6,248000,0
2016-04-11,09:55:00,14.6,14.62,14.6,14.62,54000,0
2016-04-11,10:00:00,14.62,14.68,14.6,14.62,478000,0
2016-04-12,03:35:00,14.66,14.7,14.64,14.64,54000,0
2016-04-12,03:40:00,14.64,14.72,14.64,14.64,34000,0
2016-04-12,03:45:00,14.64,14.72,14.64,14.68,34000,0
2016-04-12,03:50:00,14.68,14.7,14.68,14.68,42000,0
2016-04-12,03:55:00,14.68,14.7,14.68,14.7,304000,0
2016-04-12,04:00:00,14.7,14.72,14.7,14.7,34000,0
2016-04-12,04:05:00,14.7,14.72,14.7,14.72,54000,0
2016-04-12,04:10:00,14.72,14.74,14.72,14.74,32000,0
2016-04-12,04:15:00,14.74,14.74,14.72,14.74,30000,0
2016-04-12,04:20:00,14.74,14.76,14.72,14.76,88000,0
2016-04-12,04:25:00,14.76,14.78,14.76,14.78,62000,0
2016-04-12,04:30:00,14.78,14.8,14.76,14.8,18000,0
2016-04-12,04:35:00,14.8,14.8,14.76,14.78,76000,0
2016-04-12,04:40:00,14.78,14.8,14.78,14.8,34000,0
2016-04-12,04:45:00,14.8,14.8,14.8,14.8,4000,0
2016-04-12,04:50:00,14.8,14.8,14.78,14.78,18000,0
2016-04-12,04:55:00,14.78,14.8,14.78,14.8,12000,0
2016-04-12,05:00:00,14.8,14.8,14.8,14.8,4000,0
2016-04-12,05:05:00,14.8,14.8,14.78,14.78,34000,0
2016-04-12,05:10:00,14.78,14.78,14.78,14.78,14000,0
2016-04-12,05:15:00,14.78,14.78,14.78,14.78,6000,0
2016-04-12,05:20:00,14.78,14.78,14.7,14.72,78000,0
2016-04-12,05:25:00,14.72,14.72,14.72,14.72,2000,0
2016-04-12,05:35:00,14.74,14.76,14.74,14.74,8000,0
2016-04-12,05:40:00,14.74,14.76,14.74,14.74,86000,0
2016-04-12,05:45:00,14.74,14.76,14.74,14.76,4000,0
2016-04-12,05:55:00,14.76,14.76,14.74,14.76,52000,0
2016-04-12,06:00:00,14.76,14.76,14.74,14.74,20000,0
2016-04-12,07:05:00,14.74,14.8,14.74,14.8,48000,0
2016-04-12,07:10:00,14.8,14.8,14.76,14.76,24000,0
2016-04-12,07:15:00,14.76,14.76,14.72,14.74,377000,0
2016-04-12,07:20:00,14.74,14.74,14.72,14.74,24000,0
2016-04-12,07:25:00,14.74,14.74,14.74,14.74,10000,0
2016-04-12,07:30:00,14.74,14.74,14.72,14.74,24000,0
2016-04-12,07:35:00,14.74,14.74,14.72,14.72,34560,0
2016-04-12,07:40:00,14.72,14.8,14.72,14.74,98000,0
2016-04-12,07:45:00,14.74,14.76,14.74,14.76,6000,0
2016-04-12,07:50:00,14.76,14.8,14.76,14.78,24000,0
2016-04-12,07:55:00,14.78,14.78,14.62,14.66,130000,0
2016-04-12,08:00:00,14.66,14.7,14.64,14.7,12000,0
2016-04-12,08:05:00,14.7,14.7,14.7,14.7,6000,0
2016-04-12,08:10:00,14.7,14.7,14.7,14.7,6000,0
2016-04-12,08:15:00,14.7,14.74,14.68,14.74,40000,0
2016-04-12,08:20:00,14.74,14.8,14.74,14.78,24000,0
2016-04-12,08:25:00,14.78,14.8,14.78,14.8,10212,0
2016-04-12,08:30:00,14.8,14.8,14.8,14.8,2000,0
2016-04-12,08:35:00,14.8,14.8,14.78,14.78,20000,0
2016-04-12,08:40:00,14.78,14.8,14.78,14.78,18000,0
2016-04-12,08:45:00,14.78,14.8,14.78,14.78,8000,0
2016-04-12,08:50:00,14.78,14.8,14.78,14.8,4000,0
2016-04-12,08:55:00,14.8,14.8,14.78,14.8,10000,0
2016-04-12,09:00:00,14.8,14.8,14.78,14.78,6000,0
2016-04-12,09:05:00,14.78,14.8,14.78,14.8,32000,0
2016-04-12,09:10:00,14.8,14.8,14.8,14.8,6000,0
2016-04-12,09:15:00,14.8,14.8,14.78,14.8,32000,0
2016-04-12,09:20:00,14.8,14.8,14.78,14.78,26000,0
2016-04-12,09:25:00,14.78,14.78,14.76,14.78,16000,0
2016-04-12,09:30:00,14.76,14.76,14.74,14.74,4000,0
2016-04-12,09:35:00,14.74,14.74,14.74,14.74,4000,0
2016-04-12,09:40:00,14.74,14.76,14.74,14.76,16000,0
2016-04-12,09:45:00,14.76,14.76,14.72,14.74,166000,0
2016-04-12,09:50:00,14.74,14.76,14.74,14.74,60000,0
2016-04-12,09:55:00,14.74,14.76,14.7,14.72,350000,0
2016-04-12,10:00:00,14.72,14.76,14.64,14.7,648000,0
2016-04-13,03:35:00,14.62,14.62,14.6,14.6,72000,0
2016-04-13,03:40:00,14.6,14.72,14.6,14.72,42000,0
2016-04-13,03:55:00,14.74,14.76,14.74,14.76,7086,0
2016-04-13,04:00:00,14.76,14.76,14.74,14.74,10000,0
2016-04-13,04:05:00,14.74,14.76,14.74,14.76,6000,0
2016-04-13,04:10:00,14.76,14.82,14.76,14.8,684000,0
2016-04-13,04:15:00,14.8,14.82,14.8,14.82,6000,0
2016-04-13,04:30:00,14.82,14.82,14.8,14.82,86000,0
2016-04-13,04:35:00,14.82,14.82,14.8,14.8,8000,0
2016-04-13,04:40:00,14.8,14.82,14.8,14.8,140000,0
2016-04-13,04:45:00,14.8,14.8,14.8,14.8,22000,0
2016-04-13,04:50:00,14.8,14.8,14.78,14.78,4000,0
2016-04-13,04:55:00,14.78,14.8,14.78,14.78,129433,0
2016-04-13,05:00:00,14.78,14.8,14.78,14.8,32000,0
2016-04-13,05:05:00,14.8,14.84,14.8,14.82,250000,0
2016-04-13,05:10:00,14.82,14.84,14.82,14.84,16000,0
2016-04-13,05:15:00,14.84,14.84,14.84,14.84,14000,0
2016-04-13,05:20:00,14.84,14.84,14.84,14.84,30000,0
2016-04-13,05:25:00,14.84,14.86,14.84,14.84,22000,0
2016-04-13,05:30:00,14.84,14.86,14.84,14.84,24000,0
2016-04-13,05:35:00,14.84,14.86,14.84,14.84,32000,0
2016-04-13,05:40:00,14.84,14.86,14.84,14.86,8000,0
2016-04-13,05:45:00,14.86,14.86,14.84,14.84,60000,0
2016-04-13,05:55:00,14.84,14.86,14.84,14.84,14000,0
2016-04-13,06:00:00,14.84,14.86,14.84,14.86,8000,0
2016-04-13,07:05:00,14.86,14.86,14.84,14.84,556000,0
2016-04-13,07:10:00,14.84,14.86,14.84,14.86,30000,0
2016-04-13,07:15:00,14.86,14.88,14.84,14.88,176000,0
2016-04-13,07:20:00,14.88,14.88,14.88,14.88,14000,0
2016-04-13,07:25:00,14.88,14.88,14.86,14.86,60000,0
2016-04-13,07:30:00,14.86,14.86,14.86,14.86,2000,0
2016-04-13,07:35:00,14.86,14.86,14.86,14.86,1082000,0
2016-04-13,07:40:00,14.86,14.86,14.86,14.86,2000,0
2016-04-13,07:45:00,14.86,14.86,14.86,14.86,26000,0
2016-04-13,07:50:00,14.86,14.86,14.86,14.86,2000,0
2016-04-13,07:55:00,14.86,14.88,14.86,14.88,26000,0
2016-04-13,08:00:00,14.88,14.88,14.88,14.88,48000,0
2016-04-13,08:05:00,14.88,14.92,14.88,14.92,168000,0
2016-04-13,08:10:00,14.92,14.92,14.9,14.9,22000,0
2016-04-13,08:15:00,14.9,14.92,14.9,14.9,12000,0
2016-04-13,08:20:00,14.9,14.92,14.9,14.9,12000,0
2016-04-13,08:25:00,14.9,14.92,14.9,14.9,32000,0
2016-04-13,08:30:00,14.9,14.92,14.9,14.92,68000,0
2016-04-13,08:35:00,14.92,14.92,14.9,14.9,14000,0
2016-04-13,08:40:00,14.9,14.92,14.9,14.9,26000,0
2016-04-13,08:45:00,14.9,14.94,14.9,14.94,86000,0
2016-04-13,08:50:00,14.94,14.96,14.92,14.96,22000,0
2016-04-13,08:55:00,14.96,15.08,14.94,15.02,170000,0
2016-04-13,09:00:00,15.02,15.02,14.98,15,82000,0
2016-04-13,09:05:00,15,15,14.96,14.96,70000,0
2016-04-13,09:10:00,14.96,14.96,14.94,14.94,28000,0
2016-04-13,09:15:00,14.94,14.94,14.94,14.94,16000,0
2016-04-13,09:20:00,14.94,14.98,14.94,14.98,88000,0
2016-04-13,09:25:00,14.98,15.02,14.98,15,45000,0
2016-04-13,09:30:00,15,15,15,15,16000,0
2016-04-13,09:35:00,15,15.02,15,15,132000,0
2016-04-13,09:40:00,15,15.02,15,15,68000,0
2016-04-13,09:45:00,15,15.02,15,15,98000,0
2016-04-13,09:50:00,15,15,14.96,15,76000,0
2016-04-13,09:55:00,15,15.02,14.98,15.02,180000,0
2016-04-13,10:00:00,15.02,15.02,14.96,15,944000,0
