Date,Time,Open,High,Low,Close,Volume,OpenInt
2016-02-26,02:35:00,12.2,12.2,12.18,12.18,26000,0
2016-02-26,02:50:00,12.18,12.18,12.04,12.04,33000,0
2016-02-26,03:00:00,12.04,12.06,12.02,12.02,15000,0
2016-02-26,03:15:00,12.06,12.06,12.04,12.04,46000,0
2016-02-26,03:20:00,12.04,12.04,12.02,12.02,8000,0
2016-02-26,03:30:00,12.02,12.04,12.02,12.02,9000,0
2016-02-26,03:35:00,12.02,12.16,12.02,12.14,114000,0
2016-02-26,04:40:00,12.12,12.12,12.12,12.12,2000,0
2016-02-26,04:50:00,12.12,12.16,12.1,12.12,87000,0
2016-02-26,04:55:00,12.12,12.18,12.12,12.14,30000,0
2016-02-26,05:00:00,12.14,12.18,12.14,12.18,12000,0
2016-02-26,06:05:00,12.18,12.18,12.12,12.14,10000,0
2016-02-26,06:45:00,12.14,12.2,12.06,12.16,135000,0
2016-02-26,06:50:00,12.16,12.18,12.14,12.18,11000,0
2016-02-26,06:55:00,12.16,12.16,12.12,12.12,35000,0
2016-02-26,07:00:00,12.12,12.2,12.12,12.2,4000,0
2016-02-26,07:05:00,12.2,12.2,12.14,12.14,13000,0
2016-02-26,07:15:00,12.14,12.18,12.08,12.12,170000,0
2016-02-26,07:45:00,12.14,12.18,12.14,12.16,22000,0
2016-02-26,07:50:00,12.16,12.16,12.14,12.16,12000,0
2016-02-26,07:55:00,12.16,12.18,12.1,12.18,139000,0
2016-02-26,08:00:00,12.18,12.2,12.16,12.16,25000,0
2016-02-26,08:05:00,12.16,12.16,12.14,12.14,3000,0
2016-02-26,08:10:00,12.14,12.16,12.14,12.14,10000,0
2016-02-26,08:15:00,12.14,12.14,12.14,12.14,3000,0
2016-02-26,08:20:00,12.14,12.16,12.14,12.16,29000,0
2016-02-26,08:25:00,12.16,12.16,12.14,12.14,4000,0
2016-02-26,08:30:00,12.14,12.14,12.14,12.14,5000,0
2016-02-26,08:35:00,12.1,12.1,12.06,12.06,5000,0
2016-02-26,08:40:00,12.06,12.14,12.06,12.08,40000,0
2016-02-26,08:45:00,12.08,12.14,12.04,12.14,14000,0
2016-02-26,08:50:00,12.14,12.14,12.04,12.04,8000,0
2016-02-26,08:55:00,12.04,12.1,12.04,12.1,16000,0
2016-02-26,09:00:00,12.1,12.18,12.1,12.16,47000,0
2016-02-29,02:40:00,12.04,12.16,12.04,12.04,4000,0
2016-02-29,02:45:00,12.06,12.1,12.06,12.1,106000,0
2016-02-29,02:50:00,12.1,12.1,12.1,12.1,68000,0
2016-02-29,02:55:00,12.1,12.1,12.1,12.1,27000,0
2016-02-29,03:00:00,12.1,12.1,12.1,12.1,80000,0
2016-02-29,03:05:00,12.1,12.1,12.1,12.1,4000,0
2016-02-29,03:15:00,12.1,12.1,12.1,12.1,1000,0
2016-02-29,03:40:00,12.02,12.04,12.02,12.04,10000,0
2016-02-29,03:45:00,12.04,12.06,12.04,12.06,11000,0
2016-02-29,03:50:00,12.08,12.1,12.08,12.1,4000,0
2016-02-29,03:55:00,12.1,12.1,12.1,12.1,2000,0
2016-02-29,04:00:00,12.1,12.12,12.1,12.12,387000,0
2016-02-29,04:05:00,12.12,12.14,12.12,12.14,58000,0
2016-02-29,04:10:00,12.14,12.16,12.14,12.14,3000,0
2016-02-29,04:15:00,12.14,12.14,12.1,12.1,26000,0
2016-02-29,04:20:00,12.1,12.14,12.1,12.14,4000,0
2016-02-29,04:25:00,12.14,12.14,12.14,12.14,1000,0
2016-02-29,04:30:00,12.14,12.14,12.14,12.14,1000,0
2016-02-29,04:35:00,12.14,12.14,12.14,12.14,1000,0
2016-02-29,04:40:00,12.14,12.14,12.14,12.14,2000,0
2016-02-29,04:45:00,12.14,12.16,12.14,12.16,5000,0
2016-02-29,04:50:00,12.16,12.16,12.16,12.16,3000,0
2016-02-29,04:55:00,12.16,12.16,12.16,12.16,4000,0
2016-02-29,05:00:00,12.16,12.16,12.16,12.16,7000,0
2016-02-29,06:05:00,12.16,12.16,12.16,12.16,1000,0
2016-02-29,06:10:00,12.16,12.16,12.12,12.12,6000,0
2016-02-29,06:15:00,12.12,12.16,12.12,12.14,6000,0
2016-02-29,06:25:00,12.14,12.16,12.14,12.14,5000,0
2016-02-29,06:30:00,12.14,12.16,12.14,12.16,2000,0
2016-02-29,06:35:00,12.16,12.16,12.12,12.12,5000,0
2016-02-29,06:40:00,12.14,12.14,12.14,12.14,1000,0
2016-02-29,06:45:00,12.14,12.16,12.14,12.14,4000,0
2016-02-29,06:50:00,12.14,12.16,12.14,12.16,22000,0
2016-02-29,06:55:00,12.16,12.16,12.14,12.14,13000,0
2016-02-29,07:00:00,12.14,12.16,12.14,12.16,37000,0
2016-02-29,07:05:00,12.16,12.16,12.16,12.16,1500,0
2016-02-29,07:10:00,12.16,12.16,12.12,12.12,23000,0
2016-02-29,07:20:00,12.12,12.14,12.12,12.12,5000,0
2016-02-29,07:25:00,12.12,12.14,12.12,12.14,2000,0
2016-02-29,07:30:00,12.14,12.14,12.12,12.12,3000,0
2016-02-29,07:35:00,12.12,12.14,12.12,12.14,3000,0
2016-02-29,07:40:00,12.14,12.14,12.14,12.14,2000,0
2016-02-29,07:45:00,12.14,12.16,12.12,12.12,7000,0
2016-02-29,07:55:00,12.12,12.14,12.12,12.12,5000,0
2016-02-29,08:00:00,12.12,12.14,12.12,12.12,5000,0
2016-02-29,08:35:00,12.12,12.12,12.12,12.12,42000,0
2016-02-29,08:40:00,12.12,12.12,12.12,12.12,2000,0
2016-02-29,08:55:00,12.12,12.12,12.1,12.12,11000,0
2016-03-01,02:35:00,12.4,12.4,12.12,12.4,2000,0
2016-03-01,02:50:00,12.34,12.34,12.28,12.28,2000,0
2016-03-01,02:55:00,12.28,12.28,12.22,12.24,25000,0
2016-03-01,03:00:00,12.24,12.24,12.24,12.24,30000,0
2016-03-01,03:05:00,12.24,12.24,12.24,12.24,6000,0
2016-03-01,03:10:00,12.24,12.24,12.24,12.24,7000,0
2016-03-01,03:15:00,12.24,12.24,12.24,12.24,2000,0
2016-03-01,03:25:00,12.24,12.24,12.2,12.2,2000,0
2016-03-01,03:55:00,12.18,12.18,12.18,12.18,29000,0
2016-03-01,04:00:00,12.18,12.22,12.18,12.2,20000,0
2016-03-01,04:05:00,12.2,12.2,12.2,12.2,11000,0
2016-03-01,04:30:00,12.2,12.22,12.2,12.22,22000,0
2016-03-01,04:40:00,12.22,12.22,12.2,12.2,8000,0
2016-03-01,04:45:00,12.2,12.2,12.2,12.2,3000,0
2016-03-01,04:50:00,12.2,12.2,12.1,12.12,43000,0
2016-03-01,04:55:00,12.12,12.12,12.1,12.1,17000,0
2016-03-01,05:00:00,12.1,12.1,12.06,12.06,4000,0
2016-03-01,06:05:00,12.06,12.08,12.06,12.08,18000,0
2016-03-01,06:25:00,12.08,12.08,12.02,12.02,2000,0
2016-03-01,06:55:00,12.02,12.08,12.02,12.08,12000,0
2016-03-01,07:00:00,12.08,12.08,12,12,13000,0
2016-03-01,07:10:00,12,12.06,12,12.06,9000,0
2016-03-01,07:15:00,12.06,12.06,12,12.06,5000,0
2016-03-01,07:20:00,12.06,12.06,12,12.06,5000,0
2016-03-01,07:25:00,12.06,12.06,12,12.06,10000,0
2016-03-01,07:30:00,12.06,12.06,12,12.06,5000,0
2016-03-01,07:35:00,12.06,12.06,12,12.04,14000,0
2016-03-01,07:40:00,12.04,12.12,11.88,12.12,152000,0
2016-03-01,07:45:00,12.12,12.14,12.08,12.08,35000,0
2016-03-01,07:50:00,12.08,12.14,12.08,12.14,10000,0
2016-03-01,07:55:00,12.14,12.16,12.12,12.12,11000,0
2016-03-01,08:00:00,12.12,12.12,12.1,12.1,11000,0
2016-03-01,08:05:00,12.1,12.12,12.1,12.12,18000,0
2016-03-01,08:10:00,12.12,12.18,12.12,12.16,69000,0
2016-03-01,08:15:00,12.16,12.18,12.16,12.18,10000,0
2016-03-01,08:20:00,12.18,12.22,12.18,12.2,15000,0
2016-03-01,08:25:00,12.2,12.2,12.14,12.14,5000,0
2016-03-01,08:30:00,12.14,12.2,12.14,12.16,30000,0
2016-03-01,08:35:00,12.16,12.2,12.16,12.18,17000,0
2016-03-01,08:40:00,12.18,12.2,12.16,12.16,47000,0
2016-03-01,08:45:00,12.16,12.2,12.16,12.2,10000,0
2016-03-01,08:50:00,12.2,12.22,12.2,12.22,14000,0
2016-03-01,08:55:00,12.22,12.24,12.22,12.24,7000,0
2016-03-01,09:00:00,12.24,12.26,12.22,12.26,55000,0
2016-03-02,02:35:00,12.4,12.4,12.38,12.4,2000,0
2016-03-02,02:45:00,12.4,12.4,12.4,12.4,43000,0
2016-03-02,02:50:00,12.4,12.4,12.4,12.4,1000,0
2016-03-02,03:00:00,12.44,12.48,12.44,12.48,8000,0
2016-03-02,03:05:00,12.48,12.48,12.44,12.44,4000,0
2016-03-02,03:10:00,12.44,12.44,12.44,12.44,2000,0
2016-03-02,03:15:00,12.44,12.44,12.44,12.44,1000,0
2016-03-02,03:25:00,12.44,12.44,12.44,12.44,12000,0
2016-03-02,03:30:00,12.44,12.44,12.44,12.44,11000,0
2016-03-02,03:40:00,12.44,12.44,12.44,12.44,1000,0
2016-03-02,03:45:00,12.44,12.44,12.42,12.42,2000,0
2016-03-02,03:50:00,12.42,12.44,12.42,12.44,2000,0
2016-03-02,04:05:00,12.44,12.44,12.42,12.42,43000,0
2016-03-02,04:10:00,12.42,12.42,12.4,12.42,22000,0
2016-03-02,04:15:00,12.42,12.42,12.42,12.42,21000,0
2016-03-02,04:35:00,12.42,12.42,12.4,12.4,10000,0
2016-03-02,04:40:00,12.4,12.4,12.38,12.38,10000,0
2016-03-02,04:50:00,12.38,12.38,12.34,12.34,10000,0
2016-03-02,04:55:00,12.34,12.34,12.34,12.34,5000,0
2016-03-02,06:05:00,12.34,12.34,12.34,12.34,3000,0
2016-03-02,06:15:00,12.34,12.34,12.34,12.34,1000,0
2016-03-02,06:40:00,12.3,12.3,12.26,12.26,20000,0
2016-03-02,06:55:00,12.26,12.26,12.26,12.26,2000,0
2016-03-02,07:05:00,12.26,12.26,12.26,12.26,1000,0
2016-03-02,07:10:00,12.26,12.26,12.26,12.26,2000,0
2016-03-02,07:15:00,12.26,12.3,12.26,12.3,149000,0
2016-03-02,07:20:00,12.3,12.3,12.3,12.3,10000,0
2016-03-02,07:25:00,12.3,12.42,12.3,12.34,86000,0
2016-03-02,07:30:00,12.34,12.34,12.3,12.3,8000,0
2016-03-02,07:35:00,12.3,12.3,12.3,12.3,3000,0
2016-03-02,07:40:00,12.3,12.3,12.3,12.3,3000,0
2016-03-02,07:45:00,12.3,12.3,12.28,12.28,22000,0
2016-03-02,07:50:00,12.28,12.28,12.26,12.26,16000,0
2016-03-02,08:05:00,12.26,12.26,12.1,12.1,188000,0
2016-03-02,08:10:00,12.1,12.16,12.1,12.1,30000,0
2016-03-02,08:20:00,12.1,12.16,12.1,12.1,10000,0
2016-03-02,08:25:00,12.1,12.16,12.08,12.16,53000,0
2016-03-02,08:40:00,12.14,12.14,12.1,12.1,27000,0
2016-03-02,08:50:00,12.1,12.14,12.1,12.12,63000,0
2016-03-02,08:55:00,12.12,12.12,12.08,12.08,47000,0
2016-03-02,09:00:00,12.08,12.1,12.08,12.08,51000,0
2016-03-03,03:00:00,12.2,12.2,12.2,12.2,5000,0
2016-03-03,03:15:00,12.14,12.14,12.12,12.12,2000,0
2016-03-03,03:20:00,12.12,12.12,12.06,12.06,15000,0
2016-03-03,03:45:00,12.06,12.06,12.02,12.02,3000,0
2016-03-03,03:50:00,12.02,12.04,12.02,12.04,2000,0
2016-03-03,04:20:00,12,12.06,12,12.06,2000,0
2016-03-03,04:25:00,12.06,12.06,12.06,12.06,2000,0
2016-03-03,04:40:00,12.06,12.06,12.06,12.06,10000,0
2016-03-03,04:45:00,12.06,12.1,12.06,12.1,2000,0
2016-03-03,04:55:00,12.1,12.1,12.06,12.06,7000,0
2016-03-03,06:05:00,12.06,12.06,12.06,12.06,1000,0
2016-03-03,06:10:00,12.06,12.08,12.06,12.08,7000,0
2016-03-03,06:55:00,12.06,12.06,12.06,12.06,1000,0
2016-03-03,07:15:00,12.06,12.06,12.06,12.06,4000,0
2016-03-03,07:40:00,12.06,12.08,12.06,12.08,2000,0
2016-03-03,07:45:00,12.08,12.08,12.06,12.06,5000,0
2016-03-03,07:50:00,12.06,12.06,12.06,12.06,1000,0
2016-03-03,07:55:00,12.06,12.06,12.02,12.02,5000,0
2016-03-03,08:15:00,12.02,12.02,12.02,12.02,1000,0
2016-03-03,08:35:00,12,12.06,12,12.06,25000,0
2016-03-03,08:40:00,12.06,12.06,12.06,12.06,11000,0
2016-03-03,08:50:00,12.06,12.06,12.06,12.06,39000,0
2016-03-03,08:55:00,12.06,12.12,12.06,12.12,14000,0
2016-03-03,09:00:00,12.12,12.18,12.12,12.18,8000,0
2016-03-04,04:15:00,12.2,12.2,12.2,12.2,2000,0
2016-03-04,04:45:00,12.2,12.2,12.16,12.16,9000,0
2016-03-04,04:50:00,12.16,12.16,12.16,12.16,6000,0
2016-03-04,06:05:00,12.16,12.16,12.16,12.16,1000,0
2016-03-04,06:15:00,12.16,12.16,12.16,12.16,5000,0
2016-03-04,06:30:00,12.16,12.16,12.12,12.14,86000,0
2016-03-04,06:35:00,12.1,12.16,12.1,12.16,34000,0
2016-03-04,06:50:00,12.16,12.16,12.16,12.16,1000,0
2016-03-04,07:05:00,12.16,12.16,12.16,12.16,2000,0
2016-03-04,07:10:00,12.16,12.16,12.14,12.14,8000,0
2016-03-04,07:25:00,12.14,12.18,12.14,12.18,13200,0
2016-03-04,07:30:00,12.18,12.22,12.18,12.2,32000,0
2016-03-04,07:35:00,12.2,12.2,12.2,12.2,3000,0
2016-03-04,07:50:00,12.2,12.2,12.16,12.16,15000,0
2016-03-04,08:05:00,12.14,12.14,12.12,12.14,72000,0
2016-03-04,08:15:00,12.12,12.14,12.12,12.12,13000,0
2016-03-04,08:20:00,12.12,12.16,12.12,12.14,85000,0
2016-03-04,08:25:00,12.14,12.14,12.12,12.12,15000,0
2016-03-04,08:35:00,12.12,12.12,12.12,12.12,14000,0
2016-03-04,08:45:00,12.12,12.14,12.12,12.12,29000,0
2016-03-04,08:55:00,12.12,12.12,12.12,12.12,18000,0
2016-03-04,09:00:00,12.12,12.14,12.12,12.14,4000,0
2016-03-07,02:35:00,12.3,12.3,12.22,12.22,30000,0
2016-03-07,02:40:00,12.06,12.16,12.06,12.1,13000,0
2016-03-07,03:00:00,12.18,12.2,12.18,12.2,2000,0
2016-03-07,03:10:00,12.2,12.2,12.2,12.2,2000,0
2016-03-07,03:15:00,12.2,12.2,12.16,12.16,17000,0
2016-03-07,03:20:00,12.16,12.18,12.16,12.18,2000,0
2016-03-07,03:25:00,12.18,12.18,12.18,12.18,3000,0
2016-03-07,03:30:00,12.18,12.18,12.18,12.18,2000,0
2016-03-07,03:40:00,12.18,12.22,12.18,12.22,11000,0
2016-03-07,03:45:00,12.22,12.22,12.2,12.2,2000,0
2016-03-07,04:05:00,12.2,12.2,12.2,12.2,17000,0
2016-03-07,04:10:00,12.2,12.2,12.2,12.2,3000,0
2016-03-07,04:25:00,12.2,12.2,12.2,12.2,8000,0
2016-03-07,04:35:00,12.2,12.22,12.2,12.22,16000,0
2016-03-07,04:45:00,12.22,12.24,12.22,12.24,4000,0
2016-03-07,06:05:00,12.24,12.26,12.24,12.24,4000,0
2016-03-07,06:15:00,12.24,12.3,12.24,12.24,21000,0
2016-03-07,06:20:00,12.24,12.26,12.24,12.26,3000,0
2016-03-07,07:10:00,12.26,12.26,12.26,12.26,4000,0
2016-03-07,07:20:00,12.26,12.26,12.26,12.26,1000,0
2016-03-07,07:25:00,12.26,12.26,12.24,12.24,13000,0
2016-03-07,07:40:00,12.24,12.24,12.24,12.24,7000,0
2016-03-07,07:55:00,12.24,12.26,12.24,12.26,10000,0
2016-03-07,08:10:00,12.26,12.26,12.26,12.26,2000,0
2016-03-07,08:25:00,12.26,12.26,12.26,12.26,11000,0
2016-03-07,08:30:00,12.26,12.28,12.26,12.28,5000,0
2016-03-07,08:40:00,12.28,12.28,12.28,12.28,2000,0
2016-03-07,08:50:00,12.28,12.3,12.28,12.3,8000,0
2016-03-07,09:00:00,12.3,12.3,12.28,12.28,9000,0
2016-03-08,02:35:00,12.16,12.28,12.16,12.2,4000,0
2016-03-08,02:45:00,12.3,12.3,12.3,12.3,4000,0
2016-03-08,02:50:00,12.3,12.3,12.3,12.3,12000,0
2016-03-08,03:00:00,12.28,12.28,12.28,12.28,1000,0
2016-03-08,03:20:00,12.28,12.28,12.2,12.2,13000,0
2016-03-08,03:25:00,12.2,12.2,12.2,12.2,11000,0
2016-03-08,03:50:00,12.22,12.34,12.22,12.34,25000,0
2016-03-08,03:55:00,12.34,12.34,12.34,12.34,10000,0
2016-03-08,04:00:00,12.34,12.34,12.34,12.34,6000,0
2016-03-08,04:05:00,12.34,12.34,12.34,12.34,1000,0
2016-03-08,04:10:00,12.34,12.38,12.34,12.36,19000,0
2016-03-08,04:15:00,12.36,12.42,12.36,12.42,38000,0
2016-03-08,04:25:00,12.42,12.42,12.42,12.42,1000,0
2016-03-08,04:30:00,12.42,12.44,12.42,12.44,36000,0
2016-03-08,04:40:00,12.44,12.46,12.44,12.46,20000,0
2016-03-08,04:45:00,12.46,12.48,12.46,12.48,19000,0
2016-03-08,04:50:00,12.48,12.5,12.48,12.5,2000,0
2016-03-08,04:55:00,12.5,12.5,12.48,12.5,22000,0
2016-03-08,05:00:00,12.5,12.5,12.48,12.48,12000,0
2016-03-08,06:05:00,12.48,12.48,12.44,12.44,4000,0
2016-03-08,06:20:00,12.46,12.46,12.44,12.44,2000,0
2016-03-08,06:25:00,12.44,12.46,12.44,12.46,17000,0
2016-03-08,06:30:00,12.46,12.5,12.46,12.5,23000,0
2016-03-08,06:35:00,12.5,12.5,12.48,12.5,30000,0
2016-03-08,06:45:00,12.5,12.5,12.5,12.5,2000,0
2016-03-08,06:55:00,12.5,12.5,12.48,12.48,4000,0
2016-03-08,07:30:00,12.48,12.48,12.48,12.48,3000,0
2016-03-08,07:40:00,12.48,12.48,12.48,12.48,17000,0
2016-03-08,07:50:00,12.48,12.48,12.48,12.48,3000,0
2016-03-08,08:15:00,12.48,12.48,12.46,12.46,2000,0
2016-03-08,08:20:00,12.46,12.46,12.46,12.46,1000,0
2016-03-08,08:30:00,12.46,12.46,12.46,12.46,4000,0
2016-03-08,08:35:00,12.46,12.46,12.46,12.46,14000,0
2016-03-08,08:40:00,12.46,12.46,12.44,12.44,3000,0
2016-03-08,08:45:00,12.44,12.44,12.42,12.42,21000,0
2016-03-08,08:50:00,12.42,12.42,12.42,12.42,388,0
2016-03-08,08:55:00,12.42,12.44,12.42,12.44,9000,0
2016-03-08,09:00:00,12.44,12.44,12.44,12.44,4000,0
2016-03-09,03:10:00,12.42,12.42,12.42,12.42,1000,0
2016-03-09,03:15:00,12.42,12.42,12.42,12.42,500000,0
2016-03-09,03:20:00,12.42,12.46,12.42,12.46,13000,0
2016-03-09,03:25:00,12.48,12.48,12.46,12.46,3000,0
2016-03-09,04:00:00,12.48,12.5,12.48,12.48,10000,0
2016-03-09,04:10:00,12.48,12.5,12.48,12.48,8000,0
2016-03-09,04:20:00,12.48,12.48,12.48,12.48,1000,0
2016-03-09,04:25:00,12.48,12.48,12.32,12.32,39000,0
2016-03-09,04:30:00,12.3,12.32,12.28,12.32,38000,0
2016-03-09,04:40:00,12.4,12.42,12.32,12.32,28000,0
2016-03-09,04:45:00,12.32,12.4,12.32,12.4,25000,0
2016-03-09,04:50:00,12.4,12.4,12.4,12.4,1000,0
2016-03-09,05:00:00,12.4,12.4,12.4,12.4,3000,0
2016-03-09,06:05:00,12.4,12.4,12.4,12.4,1000,0
2016-03-09,06:55:00,12.4,12.4,12.4,12.4,2000,0
2016-03-09,07:15:00,12.4,12.4,12.4,12.4,1000,0
2016-03-09,07:40:00,12.4,12.44,12.4,12.44,76000,0
2016-03-09,07:55:00,12.44,12.44,12.44,12.44,32000,0
2016-03-09,08:00:00,12.44,12.44,12.42,12.42,10000,0
2016-03-09,08:30:00,12.42,12.44,12.42,12.44,38000,0
2016-03-09,08:40:00,12.44,12.44,12.42,12.42,2000,0
2016-03-09,08:50:00,12.42,12.42,12.42,12.42,13000,0
2016-03-09,08:55:00,12.42,12.42,12.42,12.42,26000,0
2016-03-09,09:00:00,12.42,12.44,12.4,12.44,39000,0
2016-03-10,03:10:00,12.4,12.44,12.4,12.42,3000,0
2016-03-10,03:15:00,12.42,12.44,12.4,12.4,18000,0
2016-03-10,03:20:00,12.4,12.4,12.3,12.34,45000,0
2016-03-10,03:25:00,12.34,12.34,12.34,12.34,9000,0
2016-03-10,03:30:00,12.34,12.34,12.34,12.34,2000,0
2016-03-10,03:35:00,12.34,12.34,12.34,12.34,4000,0
2016-03-10,03:55:00,12.34,12.34,12.32,12.34,10000,0
2016-03-10,04:00:00,12.34,12.34,12.34,12.34,1000,0
2016-03-10,04:05:00,12.34,12.34,12.34,12.34,7000,0
2016-03-10,04:15:00,12.34,12.34,12.32,12.32,9000,0
2016-03-10,04:30:00,12.32,12.32,12.26,12.28,28000,0
2016-03-10,04:35:00,12.28,12.28,12.28,12.28,1000,0
2016-03-10,04:40:00,12.28,12.28,12.28,12.28,10000,0
2016-03-10,04:45:00,12.28,12.28,12.24,12.24,17000,0
2016-03-10,04:55:00,12.24,12.24,12.24,12.24,3000,0
2016-03-10,05:00:00,12.24,12.26,12.24,12.26,10000,0
2016-03-10,06:05:00,12.26,12.26,12.2,12.2,21000,0
2016-03-10,06:10:00,12.2,12.22,12.2,12.2,7000,0
2016-03-10,06:15:00,12.2,12.22,12.2,12.2,28000,0
2016-03-10,06:20:00,12.2,12.22,12.2,12.2,8000,0
2016-03-10,06:30:00,12.22,12.22,12.2,12.22,37000,0
2016-03-10,06:35:00,12.22,12.22,12.2,12.2,16000,0
2016-03-10,06:40:00,12.2,12.22,12.2,12.2,20000,0
2016-03-10,06:45:00,12.2,12.22,12.2,12.2,50000,0
2016-03-10,06:55:00,12.2,12.2,12.2,12.2,9000,0
2016-03-10,07:00:00,12.2,12.2,12.18,12.2,51000,0
2016-03-10,07:05:00,12.2,12.2,12.2,12.2,12000,0
2016-03-10,07:10:00,12.2,12.2,12.18,12.18,3000,0
2016-03-10,07:15:00,12.18,12.2,12.18,12.2,12000,0
2016-03-10,07:20:00,12.2,12.2,12.2,12.2,16000,0
2016-03-10,07:30:00,12.2,12.2,12.18,12.18,19000,0
2016-03-10,07:35:00,12.18,12.2,12.18,12.2,2000,0
2016-03-10,07:40:00,12.2,12.2,12.2,12.2,121000,0
2016-03-10,07:50:00,12.2,12.2,12.2,12.2,18000,0
2016-03-10,08:00:00,12.2,12.2,12.18,12.18,33000,0
2016-03-10,08:10:00,12.18,12.18,12.06,12.06,82000,0
2016-03-10,08:15:00,12.06,12.1,12.06,12.1,8000,0
2016-03-10,08:20:00,12.1,12.1,12.1,12.1,12000,0
2016-03-10,08:30:00,12.1,12.1,12.06,12.08,58000,0
2016-03-10,08:35:00,12.08,12.08,12.02,12.02,38000,0
2016-03-10,08:45:00,12.02,12.04,11.96,11.98,68000,0
2016-03-10,08:50:00,11.98,12,11.98,11.98,6000,0
2016-03-10,08:55:00,11.98,12,11.98,11.98,21000,0
2016-03-10,09:00:00,11.98,12,11.88,11.92,169000,0
2016-03-11,02:40:00,12,12,11.92,12,4000,0
2016-03-11,02:55:00,12,12.02,12,12.02,5000,0
2016-03-11,03:00:00,12.02,12.02,12.02,12.02,2000,0
2016-03-11,03:05:00,12.04,12.04,12.02,12.02,5000,0
2016-03-11,03:15:00,12.02,12.04,12,12,53000,0
2016-03-11,03:20:00,11.98,12,11.96,11.96,27000,0
2016-03-11,03:25:00,11.96,12,11.96,11.98,24000,0
2016-03-11,03:30:00,11.98,12,11.96,11.96,17000,0
2016-03-11,03:35:00,11.96,11.98,11.96,11.98,2000,0
2016-03-11,03:40:00,11.98,12,11.98,11.98,17000,0
2016-03-11,03:50:00,11.98,12,11.98,11.98,23000,0
2016-03-11,03:55:00,11.98,12,11.98,12,2000,0
2016-03-11,04:00:00,12,12,12,12,11000,0
2016-03-11,04:10:00,12,12,11.98,11.98,18000,0
2016-03-11,04:30:00,11.98,12,11.98,11.98,37000,0
2016-03-11,04:35:00,11.98,12,11.98,12,6000,0
2016-03-11,04:40:00,12,12,11.98,11.98,3000,0
2016-03-11,04:45:00,11.98,12.04,11.98,11.98,57000,0
2016-03-11,04:50:00,11.98,12,11.98,11.98,27000,0
2016-03-11,05:00:00,11.98,12,11.98,12,2000,0
2016-03-11,06:05:00,12,12,11.98,11.98,15000,0
2016-03-11,06:15:00,11.98,12,11.98,12,37000,0
2016-03-11,06:25:00,12,12,12,12,10000,0
2016-03-11,06:30:00,12,12,12,12,1000,0
2016-03-11,06:50:00,12,12,11.98,11.98,41000,0
2016-03-11,07:00:00,11.98,12,11.98,12,2000,0
2016-03-11,07:45:00,12,12,11.96,11.96,34000,0
2016-03-11,07:50:00,11.96,11.98,11.96,11.98,11000,0
2016-03-11,07:55:00,11.98,11.98,11.98,11.98,1000,0
2016-03-11,08:05:00,11.98,11.98,11.98,11.98,10000,0
2016-03-11,08:10:00,11.98,11.98,11.96,11.96,25000,0
2016-03-11,08:15:00,11.96,11.98,11.96,11.98,12000,0
2016-03-11,08:25:00,11.98,12,11.98,11.98,102000,0
2016-03-11,08:30:00,11.98,12,11.98,12,112000,0
2016-03-11,08:45:00,12,12,11.98,12,28000,0
2016-03-11,08:55:00,12,12,11.98,11.98,15000,0
2016-03-11,09:00:00,11.98,12.02,11.96,11.96,229000,0
2016-03-14,02:40:00,11.92,12.04,11.92,12.04,21000,0
2016-03-14,02:45:00,12.02,12.14,12.02,12.14,7000,0
2016-03-14,02:50:00,12.06,12.08,12.06,12.08,3000,0
2016-03-14,03:00:00,12.08,12.08,12.06,12.06,2000,0
2016-03-14,03:05:00,12.06,12.1,12.06,12.1,3000,0
2016-03-14,03:15:00,12.12,12.16,12.12,12.16,14000,0
2016-03-14,03:20:00,12.18,12.18,12.18,12.18,1000,0
2016-03-14,03:25:00,12.18,12.2,12.18,12.2,2000,0
2016-03-14,03:35:00,12.12,12.12,12.12,12.12,1000,0
2016-03-14,03:40:00,12.12,12.12,12.1,12.1,3000,0
2016-03-14,03:50:00,12.1,12.1,12.1,12.1,1000,0
2016-03-14,04:00:00,12.1,12.12,12.1,12.1,7000,0
2016-03-14,04:10:00,12.1,12.1,12.06,12.06,6000,0
2016-03-14,04:15:00,12.06,12.08,12.06,12.08,11000,0
2016-03-14,04:20:00,12.08,12.08,12.06,12.06,22000,0
2016-03-14,04:30:00,12.06,12.06,12.04,12.04,12000,0
2016-03-14,04:45:00,12.04,12.04,12.02,12.02,2000,0
2016-03-14,04:50:00,12.02,12.02,12,12,11000,0
2016-03-14,04:55:00,12,12.02,12,12.02,2000,0
2016-03-14,05:00:00,12.02,12.02,12,12.02,9000,0
2016-03-14,06:05:00,12.02,12.04,12,12,4000,0
2016-03-14,06:10:00,11.98,11.98,11.98,11.98,2000,0
2016-03-14,06:15:00,11.98,11.98,11.94,11.94,22000,0
2016-03-14,06:25:00,11.94,12,11.94,11.98,43000,0
2016-03-14,06:30:00,11.98,12,11.98,12,8000,0
2016-03-14,06:40:00,12,12,12,12,2000,0
2016-03-14,06:55:00,12,12,11.98,11.98,5000,0
2016-03-14,07:00:00,11.98,12,11.98,11.98,21000,0
2016-03-14,07:05:00,11.98,12,11.98,12,30000,0
2016-03-14,07:10:00,12,12,11.98,12,14000,0
2016-03-14,07:15:00,12,12,11.98,12,23000,0
2016-03-14,07:30:00,12,12,11.98,12,8000,0
2016-03-14,07:35:00,12,12,12,12,4000,0
2016-03-14,07:40:00,12,12,12,12,2000,0
2016-03-14,07:50:00,12,12,11.98,11.98,4000,0
2016-03-14,07:55:00,11.98,12,11.98,12,2000,0
2016-03-14,08:15:00,12,12,12,12,1000,0
2016-03-14,08:20:00,12,12,11.98,12,4000,0
2016-03-14,08:30:00,12,12.02,11.96,12.02,220000,0
2016-03-14,08:35:00,12.02,12.02,12,12,10000,0
2016-03-14,08:45:00,12,12,11.96,11.98,19000,0
2016-03-14,08:50:00,11.98,11.98,11.96,11.98,14000,0
2016-03-14,08:55:00,11.98,12.04,11.96,11.96,63000,0
2016-03-14,09:00:00,11.96,12.04,11.96,12.02,18000,0
2016-03-15,02:35:00,12.2,12.2,12.02,12.2,2000,0
2016-03-15,02:40:00,12.2,12.2,12.18,12.2,19000,0
2016-03-15,02:45:00,12.2,12.2,12.2,12.2,2000,0
2016-03-15,02:50:00,12.16,12.16,12.14,12.14,12000,0
2016-03-15,02:55:00,12.14,12.2,12.14,12.2,2000,0
2016-03-15,03:10:00,12.18,12.18,12.18,12.18,3000,0
2016-03-15,03:15:00,12.18,12.18,12.14,12.14,5000,0
2016-03-15,03:40:00,12.14,12.2,12.14,12.2,11000,0
2016-03-15,03:45:00,12.2,12.2,12.18,12.2,4000,0
2016-03-15,04:30:00,12.2,12.2,12.2,12.2,1000,0
2016-03-15,04:35:00,12.2,12.2,12.18,12.2,13000,0
2016-03-15,04:45:00,12.2,12.26,12.2,12.26,18000,0
2016-03-15,06:05:00,12.26,12.28,12.24,12.28,6000,0
2016-03-15,06:10:00,12.28,12.3,12.26,12.26,48000,0
2016-03-15,06:30:00,12.26,12.28,12.26,12.28,22000,0
2016-03-15,06:40:00,12.28,12.28,12.28,12.28,16000,0
2016-03-15,06:45:00,12.28,12.28,12.26,12.26,26000,0
2016-03-15,06:50:00,12.26,12.26,12.26,12.26,1000,0
2016-03-15,07:00:00,12.26,12.28,12.26,12.28,14000,0
2016-03-15,07:05:00,12.28,12.28,12.28,12.28,1000,0
2016-03-15,07:10:00,12.28,12.28,12.28,12.28,1000,0
2016-03-15,07:15:00,12.28,12.28,12.28,12.28,1000,0
2016-03-15,07:35:00,12.28,12.3,12.28,12.3,2000,0
2016-03-15,07:40:00,12.3,12.3,12.3,12.3,1000,0
2016-03-15,08:00:00,12.3,12.3,12.28,12.28,2000,0
2016-03-15,08:10:00,12.28,12.28,12.28,12.28,2000,0
2016-03-15,08:20:00,12.28,12.3,12.28,12.3,2000,0
2016-03-15,08:35:00,12.3,12.3,12.26,12.26,34000,0
2016-03-15,08:40:00,12.26,12.26,12.26,12.26,1000,0
2016-03-15,08:55:00,12.26,12.26,12.26,12.26,1000,0
2016-03-15,09:00:00,12.26,12.3,12.26,12.3,6000,0
2016-03-16,07:15:00,12.08,12.26,12.02,12.1,32000,0
2016-03-16,07:20:00,12.1,12.1,12.08,12.08,5000,0
2016-03-16,07:40:00,12.08,12.08,12.08,12.08,2000,0
2016-03-16,08:00:00,12.06,12.06,12.04,12.04,7000,0
2016-03-16,08:05:00,12.04,12.04,12.04,12.04,1000,0
2016-03-16,08:20:00,12.04,12.06,12.04,12.06,2000,0
2016-03-16,08:25:00,12.06,12.06,12.06,12.06,1000,0
2016-03-16,08:30:00,12.06,12.08,12.06,12.08,5000,0
2016-03-16,08:35:00,12.08,12.08,12.06,12.06,26000,0
2016-03-16,08:40:00,12.06,12.06,12.04,12.06,18000,0
2016-03-16,08:45:00,12.06,12.06,12.02,12.02,10000,0
2016-03-16,08:50:00,12.04,12.08,12.04,12.08,15000,0
2016-03-16,08:55:00,12.08,12.1,12.08,12.1,11000,0
2016-03-16,09:00:00,12.1,12.1,12.08,12.1,3000,0
2016-03-17,02:55:00,12.16,12.16,12.06,12.06,9000,0
2016-03-17,03:00:00,12.06,12.06,12.04,12.04,8000,0
2016-03-17,03:05:00,12.08,12.1,12.08,12.1,2000,0
2016-03-17,03:10:00,12.16,12.18,12.16,12.18,6000,0
2016-03-17,03:15:00,12.18,12.18,12.16,12.16,2000,0
2016-03-17,04:00:00,12.16,12.22,12.16,12.22,5000,0
2016-03-17,04:15:00,12.22,12.22,12.18,12.18,28000,0
2016-03-17,04:20:00,12.18,12.2,12.16,12.16,18000,0
2016-03-17,04:25:00,12.16,12.16,12.16,12.16,1000,0
2016-03-17,04:35:00,12.16,12.18,12.16,12.16,17000,0
2016-03-17,04:40:00,12.16,12.18,12.16,12.18,6000,0
2016-03-17,04:45:00,12.18,12.18,12.16,12.16,4000,0
2016-03-17,04:55:00,12.16,12.18,12.16,12.16,7000,0
2016-03-17,06:10:00,12.16,12.18,12.16,12.18,5000,0
2016-03-17,06:15:00,12.18,12.18,12.16,12.16,2000,0
2016-03-17,06:25:00,12.16,12.16,12.16,12.16,3000,0
2016-03-17,06:30:00,12.16,12.16,12.16,12.16,8000,0
2016-03-17,06:35:00,12.16,12.16,12.14,12.14,10000,0
2016-03-17,06:40:00,12.14,12.14,12.14,12.14,4000,0
2016-03-17,07:10:00,12.14,12.14,12.12,12.12,39000,0
2016-03-17,07:15:00,12.12,12.12,12.12,12.12,3000,0
2016-03-17,07:20:00,12.12,12.12,12.1,12.1,2000,0
2016-03-17,07:30:00,12.1,12.18,12.1,12.12,27000,0
2016-03-17,07:35:00,12.12,12.16,12.12,12.14,4000,0
2016-03-17,07:50:00,12.14,12.14,12.12,12.12,2000,0
2016-03-17,08:35:00,12.12,12.16,12.12,12.16,11000,0
2016-03-17,08:45:00,12.16,12.18,12.1,12.14,71000,0
2016-03-17,08:50:00,12.14,12.14,12.12,12.12,14000,0
2016-03-17,08:55:00,12.12,12.12,12.1,12.12,17000,0
2016-03-17,09:00:00,12.12,12.18,12.1,12.16,236000,0
2016-03-18,04:00:00,12.14,12.16,12.08,12.08,32000,0
2016-03-18,04:05:00,12.04,12.06,12.02,12.06,12000,0
2016-03-18,04:10:00,12.06,12.06,12.06,12.06,4000,0
2016-03-18,04:25:00,12.12,12.12,12.12,12.12,1000,0
2016-03-18,05:00:00,12.12,12.14,12.12,12.14,7000,0
2016-03-18,06:05:00,12.14,12.14,12.12,12.12,11000,0
2016-03-18,06:10:00,12.12,12.12,12.1,12.1,3000,0
2016-03-18,06:15:00,12.1,12.12,12.1,12.12,3000,0
2016-03-18,06:25:00,12.12,12.12,12.04,12.06,66000,0
2016-03-18,06:30:00,12.08,12.08,12.08,12.08,21000,0
2016-03-18,06:45:00,12.12,12.12,12.12,12.12,2000,0
2016-03-18,07:00:00,12.12,12.12,12.1,12.1,8000,0
2016-03-18,07:05:00,12.1,12.1,12.1,12.1,3000,0
2016-03-18,07:25:00,12.1,12.12,12.1,12.12,2000,0
2016-03-18,07:30:00,12.12,12.16,12.08,12.08,72000,0
2016-03-18,07:40:00,12.12,12.12,12.12,12.12,2000,0
2016-03-18,07:45:00,12.12,12.12,12.08,12.08,2000,0
2016-03-18,08:00:00,12.08,12.1,12.08,12.1,2000,0
2016-03-18,08:05:00,12.1,12.1,12.1,12.1,6000,0
2016-03-18,08:10:00,12.1,12.12,12.1,12.12,8000,0
2016-03-18,08:15:00,12.12,12.12,12.12,12.12,1000,0
2016-03-18,08:20:00,12.12,12.12,12.1,12.1,2000,0
2016-03-18,08:30:00,12.1,12.12,12.1,12.1,13000,0
2016-03-18,08:35:00,12.1,12.1,12.08,12.08,13000,0
2016-03-18,08:40:00,12.1,12.12,12.1,12.1,40000,0
2016-03-18,08:45:00,12.1,12.1,12.1,12.1,41000,0
2016-03-18,08:50:00,12.1,12.12,12.1,12.12,39000,0
2016-03-18,08:55:00,12.12,12.12,12.12,12.12,1000,0
2016-03-18,09:00:00,12.12,12.2,12.12,12.16,39000,0
2016-03-21,02:35:00,12.16,12.28,12.16,12.28,4000,0
2016-03-21,02:45:00,12.3,12.34,12.3,12.34,7000,0
2016-03-21,03:00:00,12.36,12.38,12.36,12.38,18000,0
2016-03-21,03:05:00,12.38,12.44,12.38,12.42,53000,0
2016-03-21,03:10:00,12.42,12.42,12.4,12.42,18000,0
2016-03-21,03:20:00,12.42,12.46,12.42,12.42,38000,0
2016-03-21,03:25:00,12.42,12.48,12.42,12.48,98000,0
2016-03-21,03:30:00,12.48,12.62,12.48,12.6,27000,0
2016-03-21,03:35:00,12.58,12.58,12.46,12.52,47000,0
2016-03-21,03:40:00,12.52,12.52,12.44,12.5,54000,0
2016-03-21,03:45:00,12.5,12.56,12.5,12.56,21000,0
2016-03-21,03:50:00,12.56,12.58,12.56,12.58,27000,0
2016-03-21,03:55:00,12.58,12.58,12.56,12.56,14000,0
2016-03-21,04:00:00,12.56,12.56,12.52,12.52,5000,0
2016-03-21,04:10:00,12.52,12.54,12.52,12.54,2000,0
2016-03-21,04:25:00,12.54,12.54,12.52,12.52,3000,0
2016-03-21,04:30:00,12.52,12.52,12.5,12.5,19000,0
2016-03-21,04:35:00,12.5,12.52,12.5,12.52,3000,0
2016-03-21,04:45:00,12.52,12.52,12.5,12.5,3000,0
2016-03-21,04:50:00,12.5,12.5,12.5,12.5,4000,0
2016-03-21,04:55:00,12.5,12.52,12.5,12.52,4000,0
2016-03-21,05:00:00,12.52,12.52,12.5,12.5,21000,0
2016-03-21,06:05:00,12.5,12.5,12.48,12.48,62000,0
2016-03-21,06:10:00,12.48,12.5,12.48,12.5,2000,0
2016-03-21,06:15:00,12.5,12.54,12.48,12.54,53000,0
2016-03-21,06:20:00,12.54,12.56,12.54,12.56,2000,0
2016-03-21,06:25:00,12.56,12.56,12.54,12.54,4000,0
2016-03-21,06:30:00,12.54,12.54,12.52,12.54,15000,0
2016-03-21,06:35:00,12.54,12.54,12.54,12.54,1000,0
2016-03-21,06:40:00,12.54,12.54,12.54,12.54,4000,0
2016-03-21,06:45:00,12.54,12.54,12.54,12.54,2000,0
2016-03-21,06:50:00,12.54,12.56,12.54,12.56,4000,0
2016-03-21,06:55:00,12.56,12.56,12.54,12.54,2000,0
2016-03-21,07:00:00,12.54,12.54,12.52,12.52,13000,0
2016-03-21,07:05:00,12.52,12.52,12.52,12.52,1000,0
2016-03-21,07:10:00,12.52,12.54,12.52,12.54,5000,0
2016-03-21,07:15:00,12.54,12.54,12.52,12.52,8000,0
2016-03-21,07:20:00,12.52,12.52,12.52,12.52,1000,0
2016-03-21,07:25:00,12.52,12.54,12.52,12.54,5000,0
2016-03-21,07:30:00,12.54,12.54,12.54,12.54,1000,0
2016-03-21,07:35:00,12.54,12.56,12.54,12.56,9000,0
2016-03-21,07:40:00,12.56,12.58,12.54,12.58,31000,0
2016-03-21,07:45:00,12.58,12.6,12.56,12.58,17000,0
2016-03-21,07:50:00,12.58,12.6,12.56,12.6,12000,0
2016-03-21,07:55:00,12.6,12.6,12.56,12.6,9000,0
2016-03-21,08:00:00,12.6,12.6,12.56,12.58,12000,0
2016-03-21,08:05:00,12.58,12.6,12.58,12.58,4000,0
2016-03-21,08:10:00,12.58,12.6,12.58,12.6,15000,0
2016-03-21,08:15:00,12.6,12.68,12.6,12.66,30000,0
2016-03-21,08:20:00,12.66,12.74,12.66,12.74,10000,0
2016-03-21,08:25:00,12.76,12.78,12.76,12.76,10000,0
2016-03-21,08:30:00,12.76,12.86,12.76,12.86,25000,0
2016-03-21,08:35:00,12.86,12.9,12.86,12.86,27000,0
2016-03-21,08:40:00,12.86,12.88,12.86,12.88,12000,0
2016-03-21,08:45:00,12.88,12.9,12.88,12.88,25000,0
2016-03-21,08:50:00,12.88,12.94,12.88,12.94,20000,0
2016-03-21,08:55:00,12.94,12.96,12.9,12.9,25000,0
2016-03-21,09:00:00,12.9,12.96,12.82,12.86,65000,0
2016-03-22,02:35:00,12.96,12.96,12.84,12.9,31000,0
2016-03-22,02:45:00,12.9,12.9,12.9,12.9,1000,0
2016-03-22,02:50:00,12.9,12.9,12.84,12.84,4000,0
2016-03-22,03:20:00,12.86,12.86,12.82,12.82,18000,0
2016-03-22,03:30:00,12.82,12.82,12.8,12.8,19000,0
2016-03-22,03:40:00,12.8,12.8,12.74,12.74,10000,0
2016-03-22,03:45:00,12.74,12.74,12.74,12.74,10000,0
2016-03-22,03:55:00,12.74,12.74,12.74,12.74,8000,0
2016-03-22,04:10:00,12.76,12.82,12.76,12.82,14000,0
2016-03-22,04:15:00,12.82,12.82,12.82,12.82,3000,0
2016-03-22,04:55:00,12.82,12.84,12.82,12.84,2000,0
2016-03-22,05:00:00,12.84,12.84,12.84,12.84,5000,0
2016-03-22,06:05:00,12.84,13,12.84,12.98,3000,0
2016-03-22,06:15:00,12.96,12.98,12.96,12.98,2000,0
2016-03-22,06:30:00,12.96,12.96,12.9,12.92,30000,0
2016-03-22,06:40:00,12.88,12.88,12.82,12.84,9000,0
2016-03-22,06:55:00,12.84,12.84,12.82,12.82,2000,0
2016-03-22,07:00:00,12.82,12.82,12.82,12.82,3000,0
2016-03-22,07:05:00,12.82,12.82,12.82,12.82,1000,0
2016-03-22,07:15:00,12.82,12.84,12.82,12.84,18000,0
2016-03-22,07:25:00,12.84,12.84,12.84,12.84,1000,0
2016-03-22,07:35:00,12.84,12.84,12.82,12.82,5000,0
2016-03-22,07:40:00,12.82,12.82,12.82,12.82,1000,0
2016-03-22,07:45:00,12.82,12.82,12.82,12.82,5000,0
2016-03-22,07:50:00,12.82,12.82,12.78,12.78,49000,0
2016-03-22,07:55:00,12.76,12.76,12.74,12.74,10000,0
2016-03-22,08:00:00,12.74,12.74,12.74,12.74,5000,0
2016-03-22,08:05:00,12.74,12.74,12.74,12.74,26000,0
2016-03-22,08:25:00,12.74,12.74,12.74,12.74,20000,0
2016-03-22,08:30:00,12.74,12.8,12.74,12.8,19000,0
2016-03-22,08:35:00,12.8,12.8,12.8,12.8,4000,0
2016-03-22,08:40:00,12.8,12.8,12.8,12.8,6000,0
2016-03-22,08:45:00,12.8,12.8,12.8,12.8,3000,0
2016-03-22,08:50:00,12.8,12.8,12.8,12.8,4000,0
2016-03-22,08:55:00,12.8,12.8,12.74,12.8,21000,0
2016-03-22,09:00:00,12.8,12.82,12.8,12.8,51000,0
2016-03-23,03:00:00,12.74,12.84,12.74,12.84,13000,0
2016-03-23,03:10:00,12.84,12.84,12.84,12.84,1000,0
2016-03-23,03:40:00,12.9,12.9,12.88,12.88,3000,0
2016-03-23,04:35:00,12.86,12.86,12.84,12.84,4000,0
2016-03-23,04:40:00,12.84,12.84,12.84,12.84,5000,0
2016-03-23,04:45:00,12.84,12.86,12.84,12.86,3000,0
2016-03-23,04:50:00,12.86,12.86,12.84,12.84,6000,0
2016-03-23,06:15:00,12.82,12.82,12.54,12.76,126000,0
2016-03-23,06:20:00,12.76,12.82,12.7,12.78,22000,0
2016-03-23,06:35:00,12.78,12.8,12.78,12.78,36000,0
2016-03-23,06:40:00,12.78,12.84,12.78,12.78,50000,0
2016-03-23,06:45:00,12.78,12.84,12.78,12.78,16000,0
2016-03-23,06:50:00,12.78,12.82,12.78,12.82,3000,0
2016-03-23,07:20:00,12.76,12.76,12.74,12.74,3000,0
2016-03-23,07:40:00,12.7,12.7,12.68,12.68,4000,0
2016-03-23,08:00:00,12.68,12.7,12.68,12.7,2000,0
2016-03-23,08:45:00,12.7,12.7,12.62,12.62,10000,0
2016-03-23,09:00:00,12.62,12.7,12.62,12.68,13000,0
2016-03-24,02:35:00,12.48,12.48,12.48,12.48,3000,0
2016-03-24,02:45:00,12.68,12.8,12.68,12.76,3000,0
2016-03-24,03:15:00,12.72,12.72,12.58,12.58,10000,0
2016-03-24,04:05:00,12.32,12.4,12.32,12.38,11000,0
2016-03-24,04:25:00,12.38,12.56,12.38,12.5,26000,0
2016-03-24,04:30:00,12.54,12.54,12.54,12.54,1000,0
2016-03-24,04:35:00,12.54,12.54,12.52,12.52,4000,0
2016-03-24,04:40:00,12.54,12.54,12.52,12.52,12000,0
2016-03-24,04:45:00,12.54,12.54,12.54,12.54,1000,0
2016-03-24,04:50:00,12.54,12.54,12.54,12.54,1000,0
2016-03-24,05:00:00,12.54,12.56,12.36,12.36,17000,0
2016-03-24,06:30:00,12.38,12.46,12.38,12.44,10000,0
2016-03-24,06:40:00,12.44,12.44,12.44,12.44,1000,0
2016-03-24,07:05:00,12.44,12.44,12.4,12.42,10000,0
2016-03-24,07:15:00,12.4,12.48,12.4,12.44,13000,0
2016-03-24,07:20:00,12.44,12.46,12.42,12.42,5000,0
2016-03-24,07:30:00,12.42,12.48,12.42,12.48,12000,0
2016-03-24,07:35:00,12.48,12.56,12.48,12.54,18000,0
2016-03-24,07:40:00,12.54,12.56,12.5,12.56,18000,0
2016-03-24,07:55:00,12.56,12.62,12.56,12.6,6000,0
2016-03-24,08:00:00,12.6,12.6,12.58,12.58,2000,0
2016-03-24,08:05:00,12.58,12.6,12.58,12.6,13000,0
2016-03-24,08:15:00,12.6,12.6,12.58,12.58,12000,0
2016-03-24,08:20:00,12.58,12.6,12.58,12.6,5000,0
2016-03-24,08:25:00,12.6,12.66,12.56,12.58,71000,0
2016-03-24,08:30:00,12.58,12.58,12.52,12.52,27000,0
2016-03-24,08:40:00,12.52,12.58,12.52,12.58,19000,0
2016-03-24,08:45:00,12.58,12.58,12.56,12.56,12000,0
2016-03-24,08:50:00,12.58,12.58,12.58,12.58,15000,0
2016-03-24,08:55:00,12.58,12.68,12.58,12.6,72000,0
2016-03-24,09:00:00,12.6,12.76,12.6,12.76,56000,0
2016-03-29,03:35:00,12.76,12.76,12.64,12.64,2000,0
2016-03-29,03:40:00,12.64,12.64,12.64,12.64,1000,0
2016-03-29,03:55:00,12.64,12.7,12.64,12.7,15000,0
2016-03-29,04:00:00,12.7,12.7,12.6,12.68,55000,0
2016-03-29,04:10:00,12.7,12.7,12.66,12.66,2000,0
2016-03-29,04:15:00,12.66,12.66,12.66,12.66,2000,0
2016-03-29,04:20:00,12.66,12.8,12.66,12.8,19000,0
2016-03-29,05:05:00,12.8,12.8,12.72,12.72,6000,0
2016-03-29,05:35:00,12.72,12.72,12.72,12.72,1000,0
2016-03-29,07:55:00,12.72,12.72,12.7,12.7,5000,0
2016-03-29,08:40:00,12.7,12.7,12.66,12.66,4000,0
2016-03-29,09:00:00,12.66,12.66,12.66,12.66,1000,0
2016-03-29,09:05:00,12.66,12.7,12.66,12.7,6000,0
2016-03-29,09:25:00,12.68,12.68,12.66,12.68,4000,0
2016-03-29,09:30:00,12.68,12.68,12.66,12.66,2000,0
2016-03-29,09:35:00,12.66,12.66,12.64,12.64,2000,0
2016-03-29,10:00:00,12.64,12.64,12.44,12.44,4000,0
2016-03-30,03:35:00,12.8,12.8,12.74,12.74,5000,0
2016-03-30,03:40:00,12.56,12.64,12.56,12.6,27000,0
2016-03-30,03:55:00,12.8,12.94,12.7,12.7,61000,0
2016-03-30,04:00:00,12.7,12.88,12.7,12.8,8000,0
2016-03-30,04:15:00,12.84,12.86,12.84,12.86,4000,0
2016-03-30,04:20:00,12.86,12.88,12.86,12.88,6000,0
2016-03-30,04:25:00,12.88,12.98,12.88,12.98,17000,0
2016-03-30,04:30:00,12.98,12.98,12.94,12.94,18000,0
2016-03-30,04:45:00,12.9,12.9,12.78,12.8,56000,0
2016-03-30,04:55:00,12.8,12.8,12.74,12.74,4000,0
2016-03-30,05:00:00,12.74,12.74,12.74,12.74,7000,0
2016-03-30,05:25:00,12.78,12.78,12.78,12.78,1000,0
2016-03-30,06:00:00,12.78,12.8,12.78,12.8,2000,0
2016-03-30,07:05:00,12.8,12.8,12.78,12.78,2000,0
2016-03-30,08:10:00,12.78,12.78,12.78,12.78,2000,0
2016-03-30,08:15:00,12.78,12.8,12.78,12.8,8000,0
2016-03-30,08:20:00,12.8,12.84,12.8,12.84,79000,0
2016-03-30,08:25:00,12.84,12.9,12.84,12.9,10000,0
2016-03-30,08:30:00,12.9,12.92,12.9,12.92,10000,0
2016-03-30,08:40:00,12.92,12.92,12.92,12.92,1000,0
2016-03-30,08:45:00,12.92,12.92,12.92,12.92,5000,0
2016-03-30,08:50:00,12.92,12.92,12.86,12.86,20000,0
2016-03-30,09:00:00,12.86,12.88,12.86,12.88,2000,0
2016-03-30,09:05:00,12.88,12.88,12.88,12.88,1000,0
2016-03-30,09:10:00,12.88,12.88,12.88,12.88,20000,0
2016-03-30,09:15:00,12.88,12.88,12.88,12.88,1000,0
2016-03-30,09:20:00,12.88,12.88,12.88,12.88,1000,0
2016-03-30,09:25:00,12.88,12.92,12.88,12.92,9000,0
2016-03-30,09:35:00,12.92,12.92,12.92,12.92,23000,0
2016-03-30,09:40:00,12.92,12.94,12.92,12.94,6000,0
2016-03-30,09:50:00,12.94,12.96,12.92,12.94,28000,0
2016-03-30,09:55:00,12.94,12.96,12.94,12.96,12000,0
2016-03-30,10:00:00,12.96,12.98,12.92,12.96,36000,0
2016-03-31,04:30:00,12.98,12.98,12.98,12.98,3000,0
2016-03-31,05:15:00,12.96,13.02,12.96,13,50000,0
2016-03-31,05:20:00,13,13,12.96,13,21000,0
2016-03-31,05:30:00,12.96,13,12.96,13,26000,0
2016-03-31,05:35:00,12.96,13,12.96,13,3000,0
2016-03-31,05:40:00,13,13,13,13,3000,0
2016-03-31,05:50:00,13,13,13,13,1000,0
2016-03-31,05:55:00,13,13,13,13,2000,0
2016-03-31,07:20:00,13,13,13,13,3000,0
2016-03-31,07:35:00,13,13.02,12.98,13,41000,0
2016-03-31,07:40:00,13,13.02,13,13.02,6000,0
2016-03-31,07:55:00,13.02,13.06,13.02,13.04,38000,0
2016-03-31,08:00:00,13.04,13.04,13.04,13.04,3000,0
2016-03-31,08:10:00,13.04,13.04,13.04,13.04,2000,0
2016-03-31,08:40:00,13.04,13.04,13.02,13.02,5000,0
2016-03-31,08:50:00,13.02,13.02,13,13,32000,0
2016-03-31,09:00:00,13,13,13,13,1000,0
2016-03-31,09:25:00,13,13.02,13,13,27000,0
2016-03-31,09:30:00,13,13,13,13,21000,0
2016-03-31,09:35:00,13,13,13,13,1000,0
2016-03-31,09:40:00,13,13,13,13,3000,0
2016-03-31,09:45:00,13,13,12.98,13,35000,0
2016-03-31,09:55:00,12.98,12.98,12.98,12.98,1000,0
2016-03-31,10:00:00,12.98,12.98,12.98,12.98,3000,0
2016-04-01,03:45:00,12.96,12.96,12.96,12.96,10000,0
2016-04-01,03:55:00,12.96,12.96,12.96,12.96,1000,0
2016-04-01,04:00:00,12.96,12.96,12.88,12.88,7000,0
2016-04-01,04:40:00,12.88,12.88,12.86,12.88,51000,0
2016-04-01,04:45:00,12.88,12.88,12.88,12.88,3000,0
2016-04-01,05:30:00,12.88,12.88,12.86,12.88,33000,0
2016-04-01,05:35:00,12.88,12.88,12.88,12.88,1000,0
2016-04-01,05:45:00,12.88,12.92,12.88,12.88,22000,0
2016-04-01,05:50:00,12.88,12.96,12.88,12.88,22000,0
2016-04-01,07:10:00,12.9,12.94,12.88,12.88,33000,0
2016-04-01,07:30:00,12.88,12.88,12.88,12.88,20000,0
2016-04-01,07:35:00,12.88,12.9,12.88,12.9,2000,0
2016-04-01,07:40:00,12.9,12.9,12.9,12.9,1000,0
2016-04-01,07:50:00,12.9,12.9,12.9,12.9,1000,0
2016-04-01,07:55:00,12.9,12.9,12.9,12.9,1000,0
2016-04-01,08:05:00,12.9,12.9,12.9,12.9,4000,0
2016-04-01,08:15:00,12.9,12.9,12.9,12.9,1000,0
2016-04-01,08:20:00,12.9,12.9,12.9,12.9,1000,0
2016-04-01,08:25:00,12.9,13,12.9,12.9,27000,0
2016-04-01,08:30:00,12.9,12.98,12.9,12.9,12000,0
2016-04-01,08:35:00,12.9,13,12.9,12.94,44000,0
2016-04-01,08:40:00,12.94,12.96,12.94,12.96,30000,0
2016-04-01,08:50:00,12.96,13.02,12.96,13,25000,0
2016-04-01,09:00:00,13,13,13,13,1000,0
2016-04-01,09:05:00,13,13,13,13,1000,0
2016-04-01,09:10:00,13,13,13,13,1000,0
2016-04-01,09:15:00,13,13,12.92,12.92,9000,0
2016-04-01,09:20:00,12.92,12.98,12.9,12.9,31000,0
2016-04-01,09:30:00,12.9,12.9,12.88,12.9,45000,0
2016-04-01,09:40:00,12.9,12.9,12.9,12.9,20000,0
2016-04-01,09:45:00,12.9,12.98,12.9,12.96,29000,0
2016-04-01,09:50:00,12.96,12.96,12.88,12.88,23000,0
2016-04-01,09:55:00,12.88,12.98,12.88,12.96,86000,0
2016-04-01,10:00:00,12.96,13,12.9,12.9,58000,0
2016-04-05,04:05:00,12.8,12.86,12.8,12.86,9000,0
2016-04-05,04:10:00,12.86,12.86,12.86,12.86,4000,0
2016-04-05,04:15:00,12.86,12.9,12.86,12.9,12000,0
2016-04-05,04:50:00,12.96,12.98,12.96,12.98,4000,0
2016-04-05,04:55:00,12.98,13.04,12.98,13.04,47000,0
2016-04-05,05:10:00,13.04,13.06,13.04,13.06,17000,0
2016-04-05,05:15:00,13.08,13.1,13.08,13.1,2000,0
2016-04-05,05:20:00,13.1,13.1,13.08,13.08,4000,0
2016-04-05,05:55:00,13.1,13.12,13.1,13.12,3000,0
2016-04-05,07:15:00,13.12,13.12,13.1,13.1,18000,0
2016-04-05,07:30:00,13.1,13.1,13.1,13.1,2000,0
2016-04-05,07:40:00,13.1,13.1,13.06,13.06,14000,0
2016-04-05,07:45:00,13.06,13.06,13.06,13.06,2000,0
2016-04-05,07:50:00,13.06,13.06,13.06,13.06,2000,0
2016-04-05,07:55:00,13.06,13.06,13.06,13.06,2000,0
2016-04-05,08:25:00,13.06,13.06,13.06,13.06,3000,0
2016-04-05,08:30:00,13.06,13.08,13.06,13.08,2000,0
2016-04-05,08:40:00,13.08,13.08,13.08,13.08,1000,0
2016-04-05,08:45:00,13.08,13.08,13.08,13.08,4000,0
2016-04-05,09:05:00,13.08,13.12,13.08,13.12,3000,0
2016-04-05,09:30:00,13.1,13.1,13.1,13.1,1000,0
2016-04-05,09:40:00,13.1,13.1,13.08,13.08,18000,0
2016-04-05,10:00:00,13.08,13.08,13.02,13.04,14000,0
2016-04-06,03:40:00,12.82,12.92,12.82,12.92,30000,0
2016-04-06,03:45:00,12.98,13.1,12.98,13.1,2000,0
2016-04-06,04:10:00,13.1,13.1,13.1,13.1,4000,0
2016-04-06,04:20:00,13.12,13.12,13.1,13.1,203000,0
2016-04-06,04:35:00,13.1,13.1,13.02,13.02,4000,0
2016-04-06,04:45:00,13.02,13.02,13.02,13.02,2000,0
2016-04-06,04:50:00,13.02,13.02,13.02,13.02,1000,0
2016-04-06,05:45:00,13,13,13,13,380,0
2016-04-06,07:50:00,12.98,12.98,12.96,12.96,20000,0
2016-04-06,07:55:00,12.96,12.96,12.96,12.96,13000,0
2016-04-06,08:05:00,12.96,12.96,12.94,12.94,7000,0
2016-04-06,08:15:00,12.94,12.94,12.94,12.94,1000,0
2016-04-06,08:50:00,12.94,12.96,12.94,12.96,16000,0
2016-04-06,09:30:00,12.96,12.96,12.92,12.92,23000,0
2016-04-06,09:35:00,12.92,12.92,12.92,12.92,6000,0
2016-04-06,09:45:00,12.92,12.92,12.9,12.9,4000,0
2016-04-06,09:55:00,12.9,12.96,12.9,12.96,52000,0
2016-04-06,10:00:00,12.96,13,12.96,12.96,2000,0
2016-04-07,03:50:00,12.9,13,12.9,13,19000,0
2016-04-07,03:55:00,13,13,13,13,2000,0
2016-04-07,05:50:00,13,13,12.96,12.96,2000,0
2016-04-07,08:05:00,12.98,13,12.98,13,3000,0
2016-04-07,08:10:00,13,13,13,13,2000,0
2016-04-07,08:35:00,13,13,12.98,12.98,12000,0
2016-04-07,08:50:00,12.98,13,12.98,13,2000,0
2016-04-07,09:20:00,13,13,12.98,12.98,24000,0
2016-04-07,09:25:00,12.98,12.98,12.96,12.96,2000,0
2016-04-07,09:45:00,12.96,12.96,12.96,12.96,18000,0
2016-04-07,09:55:00,12.96,12.96,12.94,12.96,175000,0
2016-04-07,10:00:00,12.96,13,12.96,13,6000,0
2016-04-08,04:40:00,12.92,12.92,12.92,12.92,1000,0
2016-04-08,05:00:00,12.92,12.98,12.92,12.96,27000,0
2016-04-08,05:10:00,12.96,12.96,12.96,12.96,1000,0
2016-04-08,05:20:00,12.98,12.98,12.98,12.98,41000,0
2016-04-08,05:40:00,12.98,12.98,12.98,12.98,1000,0
2016-04-08,07:10:00,12.98,12.98,12.98,12.98,4000,0
2016-04-08,07:15:00,12.98,12.98,12.98,12.98,1000,0
2016-04-08,07:20:00,12.98,13,12.98,13,108000,0
2016-04-08,07:45:00,13,13,12.98,13,108000,0
2016-04-08,07:55:00,13,13,13,13,7000,0
2016-04-08,08:00:00,13,13,13,13,2000,0
2016-04-08,08:10:00,13,13,12.98,12.98,8000,0
2016-04-08,09:05:00,12.98,13,12.98,13,2000,0
2016-04-08,09:10:00,13,13,12.98,13,132000,0
2016-04-08,09:15:00,13,13.04,13,13.04,4000,0
2016-04-08,09:20:00,13.06,13.16,13.06,13.16,37000,0
2016-04-08,09:25:00,13.14,13.14,13.1,13.1,6000,0
2016-04-08,09:30:00,13.1,13.1,13.02,13.02,11000,0
2016-04-08,09:35:00,13.02,13.02,13.02,13.02,7000,0
2016-04-08,09:40:00,13.02,13.04,13.02,13.02,8000,0
2016-04-08,09:45:00,13.02,13.06,13.02,13.04,12000,0
2016-04-08,09:50:00,13.04,13.06,13.02,13.04,13000,0
2016-04-08,09:55:00,13.04,13.04,13,13,18000,0
2016-04-08,10:00:00,13,13.02,13,13.02,19000,0
2016-04-11,05:05:00,12.9,13.02,12.9,13.02,130000,0
2016-04-11,05:10:00,13.02,13.1,13.02,13.1,8000,0
2016-04-11,05:15:00,13.1,13.12,13.1,13.12,3000,0
2016-04-11,05:20:00,13.14,13.16,13.14,13.14,6000,0
2016-04-11,05:25:00,13.14,13.18,13.14,13.18,10000,0
2016-04-11,05:30:00,13.18,13.2,13.14,13.14,15000,0
2016-04-11,05:35:00,13.1,13.12,13.08,13.12,5000,0
2016-04-11,05:40:00,13.1,13.12,13.08,13.12,7000,0
2016-04-11,05:45:00,13.12,13.12,13.1,13.12,4000,0
2016-04-11,05:50:00,13.12,13.12,13.1,13.1,4000,0
2016-04-11,05:55:00,13.1,13.1,13.1,13.1,1000,0
2016-04-11,06:00:00,13.1,13.1,13.1,13.1,2000,0
2016-04-11,07:05:00,13.1,13.1,13.1,13.1,4000,0
2016-04-11,07:10:00,13.1,13.1,13.1,13.1,5000,0
2016-04-11,07:15:00,13.1,13.1,13.08,13.08,6000,0
2016-04-11,07:20:00,13.08,13.08,13.08,13.08,7000,0
2016-04-11,07:25:00,13.08,13.08,13.04,13.04,3000,0
2016-04-11,07:30:00,13.04,13.04,13.02,13.02,7000,0
2016-04-11,07:35:00,13.02,13.02,13.02,13.02,4000,0
2016-04-11,07:40:00,13.02,13.02,13.02,13.02,6000,0
2016-04-11,07:45:00,13.02,13.02,13,13,3000,0
2016-04-11,07:50:00,13,13.04,13,13.04,9000,0
2016-04-11,07:55:00,13.04,13.24,13.04,13.24,21000,0
2016-04-11,08:05:00,13.14,13.14,13.1,13.1,3000,0
2016-04-11,08:10:00,13.1,13.1,13.1,13.1,1000,0
2016-04-11,08:15:00,13.1,13.1,13.02,13.06,7000,0
2016-04-11,08:20:00,13.06,13.06,13.06,13.06,2000,0
2016-04-11,08:25:00,13.06,13.08,13.06,13.08,4000,0
2016-04-11,08:30:00,13.08,13.12,13.08,13.12,5000,0
2016-04-11,08:35:00,13.12,13.12,13.1,13.1,4000,0
2016-04-11,08:40:00,13.1,13.12,13.1,13.12,3000,0
2016-04-11,08:45:00,13.08,13.08,13.06,13.06,3000,0
2016-04-11,08:50:00,13.06,13.06,13.06,13.06,2000,0
2016-04-11,08:55:00,13.06,13.06,13.02,13.04,9000,0
2016-04-11,09:05:00,13.04,13.04,13.02,13.02,4000,0
2016-04-11,09:10:00,13.02,13.02,13.02,13.02,4000,0
2016-04-11,09:15:00,13.02,13.02,13,13,3000,0
2016-04-11,09:20:00,13,13,13,13,4000,0
2016-04-11,09:25:00,13,13.02,13,13,8000,0
2016-04-11,09:30:00,13,13.02,13,13.02,7000,0
2016-04-11,09:35:00,13.02,13.02,13,13,9000,0
2016-04-11,09:40:00,13,13.02,13,13.02,9000,0
2016-04-11,09:45:00,13.02,13.04,13,13.04,10000,0
2016-04-11,09:50:00,13.04,13.06,13.02,13.02,10000,0
2016-04-11,09:55:00,13.02,13.06,13.02,13.04,19000,0
2016-04-11,10:00:00,13.04,13.1,13.02,13.02,21000,0
2016-04-12,03:35:00,13.26,13.26,13.08,13.08,2000,0
2016-04-12,03:45:00,13.1,13.1,13.1,13.1,1000,0
2016-04-12,03:50:00,13.08,13.08,13.06,13.06,4000,0
2016-04-12,03:55:00,13.04,13.04,13.02,13.04,5000,0
2016-04-12,04:00:00,13.04,13.04,13.02,13.02,16000,0
2016-04-12,04:05:00,13.02,13.02,13,13,29000,0
2016-04-12,04:10:00,13,13.16,13,13.16,22000,0
2016-04-12,04:15:00,13.16,13.16,13.16,13.16,1000,0
2016-04-12,04:20:00,13.12,13.12,13.1,13.1,3000,0
2016-04-12,04:25:00,13.08,13.08,13.02,13.02,6000,0
2016-04-12,04:35:00,13.02,13.02,13,13,2000,0
2016-04-12,04:40:00,13,13.02,13,13.02,5000,0
2016-04-12,04:45:00,13.02,13.02,13.02,13.02,4000,0
2016-04-12,04:50:00,13.02,13.02,13.02,13.02,4000,0
2016-04-12,05:00:00,13.02,13.02,13.02,13.02,2000,0
2016-04-12,05:05:00,13.02,13.04,13.02,13.02,7000,0
2016-04-12,05:10:00,13.02,13.02,13.02,13.02,2000,0
2016-04-12,05:15:00,13.02,13.02,13.02,13.02,2000,0
2016-04-12,05:20:00,13.02,13.02,13.02,13.02,3000,0
2016-04-12,05:25:00,13.02,13.02,13.02,13.02,2000,0
2016-04-12,05:30:00,13.02,13.02,13.02,13.02,1000,0
2016-04-12,05:35:00,13.02,13.02,13.02,13.02,6000,0
2016-04-12,05:40:00,13.02,13.02,13.02,13.02,2000,0
2016-04-12,05:45:00,13.02,13.02,13.02,13.02,3000,0
2016-04-12,05:50:00,13.02,13.04,13.02,13.04,2000,0
2016-04-12,05:55:00,13.04,13.04,13.02,13.02,5000,0
2016-04-12,06:00:00,13.02,13.02,13,13,2000,0
2016-04-12,07:05:00,13,13.04,13,13.04,13000,0
2016-04-12,07:10:00,13.04,13.06,13.04,13.06,2000,0
2016-04-12,07:15:00,13.04,13.04,13.02,13.04,6000,0
2016-04-12,07:20:00,13.04,13.04,13.02,13.02,3000,0
2016-04-12,07:25:00,13.02,13.04,13.02,13.02,6000,0
2016-04-12,07:30:00,13.02,13.04,13.02,13.04,4000,0
2016-04-12,07:35:00,13.04,13.04,13.02,13.02,4000,0
2016-04-12,07:40:00,13.02,13.02,13.02,13.02,4000,0
2016-04-12,07:45:00,13.02,13.04,13.02,13.04,5000,0
2016-04-12,07:50:00,13.04,13.04,13.02,13.04,6000,0
2016-04-12,07:55:00,13.04,13.04,13.02,13.02,3000,0
2016-04-12,08:00:00,13.02,13.04,13.02,13.02,4000,0
2016-04-12,08:05:00,13.02,13.04,13.02,13.04,6000,0
2016-04-12,08:10:00,13.04,13.04,13.02,13.02,2000,0
2016-04-12,08:15:00,13.02,13.04,13.02,13.02,6000,0
2016-04-12,08:20:00,13.02,13.02,13.02,13.02,2000,0
2016-04-12,08:25:00,13.02,13.04,13.02,13.04,4000,0
2016-04-12,08:30:00,13.04,13.04,13.04,13.04,1000,0
2016-04-12,08:35:00,13.04,13.04,13.02,13.02,5000,0
2016-04-12,08:40:00,13.02,13.02,13.02,13.02,3000,0
2016-04-12,08:45:00,13.02,13.02,13.02,13.02,2000,0
2016-04-12,08:50:00,13.02,13.04,13.02,13.04,12000,0
2016-04-12,08:55:00,13.04,13.1,13.04,13.1,7000,0
2016-04-12,09:00:00,13.1,13.1,13.08,13.08,2000,0
2016-04-12,09:05:00,13.08,13.08,13.08,13.08,2000,0
2016-04-12,09:10:00,13.08,13.1,13.08,13.1,5000,0
2016-04-12,09:15:00,13.1,13.1,13.1,13.1,1000,0
2016-04-12,09:20:00,13.1,13.1,13.02,13.02,7000,0
2016-04-12,09:25:00,13.02,13.04,13.02,13.04,6000,0
2016-04-12,09:30:00,13.04,13.04,13.02,13.02,12000,0
2016-04-12,09:35:00,13.02,13.04,13.02,13.02,3000,0
2016-04-12,09:40:00,13.02,13.04,13.02,13.02,9000,0
2016-04-12,09:45:00,13.02,13.04,13,13.04,15000,0
2016-04-12,09:50:00,13.04,13.08,13.04,13.06,11000,0
2016-04-12,09:55:00,13.06,13.08,13.06,13.08,19000,0
2016-04-12,10:00:00,13.08,13.16,13.02,13.1,71000,0
2016-04-13,03:50:00,13.1,13.2,13.1,13.2,48000,0
2016-04-13,04:00:00,13.2,13.22,13.2,13.22,6000,0
2016-04-13,04:25:00,13.24,13.3,13.24,13.3,47000,0
2016-04-13,04:30:00,13.3,14,13.3,13.8,88400,0
2016-04-13,04:35:00,13.8,13.8,13.72,13.8,11000,0
2016-04-13,04:40:00,13.8,13.92,13.76,13.9,20000,0
2016-04-13,04:45:00,13.9,13.9,13.74,13.74,2000,0
2016-04-13,04:50:00,13.74,13.74,13.74,13.74,15000,0
2016-04-13,04:55:00,13.8,13.86,13.8,13.86,8000,0
2016-04-13,05:00:00,13.86,13.88,13.86,13.88,10000,0
2016-04-13,05:05:00,13.88,13.88,13.88,13.88,3000,0
2016-04-13,05:10:00,13.88,13.9,13.88,13.9,6000,0
2016-04-13,05:15:00,13.9,13.9,13.86,13.88,41000,0
2016-04-13,05:20:00,13.88,13.88,13.88,13.88,3000,0
2016-04-13,05:30:00,13.88,13.88,13.84,13.84,14000,0
2016-04-13,05:35:00,13.86,13.88,13.86,13.88,8000,0
2016-04-13,05:40:00,13.88,13.88,13.86,13.86,6000,0
2016-04-13,07:05:00,13.86,13.86,13.86,13.86,4000,0
2016-04-13,07:10:00,13.86,13.86,13.86,13.86,1000,0
2016-04-13,07:15:00,13.86,13.88,13.84,13.86,21000,0
2016-04-13,07:20:00,13.86,13.88,13.86,13.88,4000,0
2016-04-13,07:30:00,13.88,13.88,13.86,13.88,4000,0
2016-04-13,07:35:00,13.88,13.88,13.86,13.86,9000,0
2016-04-13,07:40:00,13.86,13.88,13.86,13.88,4000,0
2016-04-13,07:45:00,13.88,13.88,13.88,13.88,1000,0
2016-04-13,07:55:00,13.88,13.88,13.86,13.88,10000,0
2016-04-13,08:05:00,13.88,13.88,13.88,13.88,2000,0
2016-04-13,08:10:00,13.88,13.88,13.88,13.88,1000,0
2016-04-13,08:15:00,13.88,13.88,13.86,13.88,4000,0
2016-04-13,08:20:00,13.88,13.88,13.86,13.88,6000,0
2016-04-13,08:35:00,13.88,13.88,13.82,13.88,7000,0
2016-04-13,08:40:00,13.88,13.92,13.88,13.92,20000,0
2016-04-13,08:45:00,13.9,13.9,13.9,13.9,1000,0
2016-04-13,08:55:00,13.9,13.9,13.9,13.9,2000,0
2016-04-13,09:10:00,13.9,13.9,13.9,13.9,1000,0
2016-04-13,09:15:00,13.9,13.9,13.88,13.88,4000,0
2016-04-13,09:25:00,13.88,13.9,13.88,13.9,3000,0
2016-04-13,09:30:00,13.9,13.96,13.9,13.96,18000,0
2016-04-13,09:40:00,13.96,13.96,13.96,13.96,11000,0
2016-04-13,09:45:00,13.96,13.96,13.9,13.96,7000,0
2016-04-13,09:55:00,13.96,13.98,13.92,13.98,9000,0
2016-04-13,10:00:00,13.98,13.98,13.96,13.98,7000,0
