Date,Time,Open,High,Low,Close,Volume,OpenInt
2016-02-04,02:50:00,2.6,2.6,2.54,2.6,4000,0
2016-02-04,04:45:00,2.58,2.58,2.58,2.58,6000,0
2016-02-04,04:50:00,2.58,2.6,2.58,2.6,40000,0
2016-02-04,07:20:00,2.6,2.6,2.56,2.56,6000,0
2016-02-04,07:25:00,2.56,2.56,2.56,2.56,6000,0
2016-02-04,07:35:00,2.56,2.56,2.56,2.56,10000,0
2016-02-04,08:45:00,2.56,2.57,2.56,2.57,4000,0
2016-02-04,09:00:00,2.57,2.6,2.57,2.6,8000,0
2016-02-05,02:45:00,2.6,2.6,2.6,2.6,4000,0
2016-02-05,06:05:00,2.6,2.6,2.57,2.57,118320,0
2016-02-05,06:25:00,2.57,2.57,2.56,2.57,44000,0
2016-02-05,07:05:00,2.57,2.59,2.56,2.59,34000,0
2016-02-05,07:10:00,2.59,2.6,2.59,2.6,6000,0
2016-02-05,07:35:00,2.6,2.6,2.56,2.56,24000,0
2016-02-05,08:10:00,2.56,2.56,2.56,2.56,2000,0
2016-02-05,08:20:00,2.56,2.56,2.56,2.56,10000,0
2016-02-05,09:00:00,2.56,2.58,2.5,2.55,48000,0
2016-02-11,04:50:00,2.54,2.54,2.52,2.52,20000,0
2016-02-11,06:15:00,2.52,2.52,2.5,2.5,12000,0
2016-02-11,07:30:00,2.47,2.47,2.33,2.33,8000,0
2016-02-11,07:55:00,2.37,2.42,2.37,2.42,6000,0
2016-02-11,08:35:00,2.42,2.42,2.4,2.4,8000,0
2016-02-11,08:55:00,2.45,2.45,2.4,2.4,14000,0
2016-02-11,09:00:00,2.4,2.5,2.4,2.5,14000,0
2016-02-12,06:25:00,2.5,2.5,2.32,2.32,6000,0
2016-02-12,08:45:00,2.5,2.5,2.5,2.5,12000,0
2016-02-12,08:50:00,2.5,2.5,2.5,2.5,1000,0
2016-02-12,08:55:00,2.5,2.55,2.5,2.5,10000,0
2016-02-15,03:40:00,2.42,2.45,2.42,2.45,20000,0
2016-02-15,04:45:00,2.49,2.54,2.48,2.48,16000,0
2016-02-15,04:50:00,2.48,2.54,2.48,2.54,6000,0
2016-02-15,07:00:00,2.54,2.55,2.54,2.55,14000,0
2016-02-15,08:30:00,2.55,2.56,2.49,2.56,32000,0
2016-02-15,08:35:00,2.56,2.57,2.5,2.5,18000,0
2016-02-15,09:00:00,2.5,2.57,2.5,2.57,6000,0
2016-02-16,02:35:00,2.49,2.57,2.49,2.49,4000,0
2016-02-16,02:45:00,2.49,2.6,2.49,2.6,6000,0
2016-02-16,03:10:00,2.59,2.59,2.5,2.5,38000,0
2016-02-16,04:40:00,2.51,2.58,2.51,2.58,4000,0
2016-02-16,06:30:00,2.57,2.57,2.52,2.52,32000,0
2016-02-16,07:55:00,2.52,2.52,2.45,2.45,148000,0
2016-02-16,08:45:00,2.45,2.5,2.45,2.5,4000,0
2016-02-16,09:00:00,2.5,2.5,2.46,2.46,116000,0
2016-02-17,03:05:00,2.46,2.5,2.46,2.5,8000,0
2016-02-17,04:40:00,2.5,2.61,2.5,2.5,8000,0
2016-02-17,08:50:00,2.49,2.5,2.49,2.5,8000,0
2016-02-18,03:10:00,2.6,2.6,2.52,2.52,36000,0
2016-02-18,03:15:00,2.52,2.52,2.5,2.5,30000,0
2016-02-18,06:30:00,2.48,2.48,2.48,2.48,30000,0
2016-02-19,02:55:00,2.6,2.6,2.48,2.6,4000,0
2016-02-19,04:25:00,2.55,2.55,2.5,2.5,26000,0
2016-02-19,07:00:00,2.5,2.51,2.5,2.51,4000,0
2016-02-19,08:55:00,2.51,2.51,2.51,2.51,4000,0
2016-02-19,09:00:00,2.51,2.51,2.49,2.49,4000,0
2016-02-22,03:15:00,2.49,2.59,2.49,2.58,6000,0
2016-02-22,07:35:00,2.39,2.39,2.38,2.39,28000,0
2016-02-22,08:00:00,2.4,2.4,2.4,2.4,30000,0
2016-02-22,08:10:00,2.41,2.41,2.4,2.4,132000,0
2016-02-22,08:30:00,2.4,2.4,2.4,2.4,4000,0
2016-02-22,08:55:00,2.4,2.5,2.4,2.49,26000,0
2016-02-23,02:50:00,2.49,2.55,2.49,2.54,6000,0
2016-02-23,04:55:00,2.47,2.47,2.43,2.43,4000,0
2016-02-23,06:25:00,2.43,2.49,2.43,2.44,24000,0
2016-02-23,06:45:00,2.44,2.44,2.44,2.44,4000,0
2016-02-23,06:55:00,2.44,2.44,2.44,2.44,4000,0
2016-02-23,07:45:00,2.45,2.45,2.45,2.45,8000,0
2016-02-23,07:50:00,2.45,2.58,2.45,2.46,344000,0
2016-02-23,08:35:00,2.47,2.47,2.45,2.45,14000,0
2016-02-23,08:55:00,2.45,2.45,2.44,2.44,4000,0
2016-02-23,09:00:00,2.44,2.48,2.44,2.45,14000,0
2016-02-24,03:25:00,2.52,2.52,2.45,2.51,6000,0
2016-02-24,04:15:00,2.49,2.49,2.49,2.49,10000,0
2016-02-24,07:00:00,2.47,2.47,2.39,2.39,126000,0
2016-02-24,07:05:00,2.39,2.4,2.39,2.4,90000,0
2016-02-24,07:40:00,2.4,2.47,2.4,2.47,4000,0
2016-02-26,04:50:00,2.46,2.47,2.46,2.47,38000,0
2016-02-26,08:00:00,2.46,2.47,2.46,2.47,4000,0
2016-02-29,03:25:00,2.5,2.5,2.49,2.49,4000,0
2016-03-01,02:40:00,2.59,2.59,2.47,2.58,6000,0
2016-03-01,06:35:00,2.55,2.55,2.45,2.45,6000,0
2016-03-01,07:15:00,2.46,2.46,2.45,2.45,62000,0
2016-03-01,09:00:00,2.45,2.54,2.45,2.54,4000,0
2016-03-02,05:00:00,2.52,2.52,2.52,2.52,12000,0
2016-03-02,06:10:00,2.52,2.54,2.52,2.53,156000,0
2016-03-02,06:20:00,2.53,2.53,2.52,2.52,20000,0
2016-03-02,06:35:00,2.52,2.52,2.52,2.52,32000,0
2016-03-02,06:50:00,2.52,2.53,2.52,2.53,16000,0
2016-03-02,06:55:00,2.53,2.55,2.52,2.53,290000,0
2016-03-02,07:15:00,2.49,2.49,2.46,2.46,4000,0
2016-03-02,07:25:00,2.49,2.49,2.48,2.49,18000,0
2016-03-02,07:45:00,2.49,2.49,2.47,2.47,78000,0
2016-03-02,08:20:00,2.47,2.47,2.45,2.46,300000,0
2016-03-02,09:00:00,2.45,2.45,2.45,2.45,2000,0
2016-03-03,03:25:00,2.54,2.54,2.45,2.53,6000,0
2016-03-03,03:45:00,2.51,2.51,2.45,2.45,112000,0
2016-03-03,06:10:00,2.45,2.45,2.45,2.45,64000,0
2016-03-03,07:40:00,2.47,2.47,2.47,2.47,30000,0
2016-03-03,08:55:00,2.47,2.47,2.47,2.47,2000,0
2016-03-04,02:50:00,2.45,2.45,2.45,2.45,16000,0
2016-03-04,02:55:00,2.44,2.45,2.44,2.45,22000,0
2016-03-04,06:15:00,2.45,2.46,2.45,2.46,4000,0
2016-03-04,08:30:00,2.44,2.51,2.44,2.51,610000,0
2016-03-04,08:55:00,2.5,2.52,2.5,2.52,34000,0
2016-03-07,02:45:00,2.55,2.55,2.52,2.53,20000,0
2016-03-07,02:50:00,2.53,2.67,2.53,2.67,26000,0
2016-03-07,02:55:00,2.67,2.67,2.52,2.58,172000,0
2016-03-07,03:00:00,2.52,2.52,2.52,2.52,2000,0
2016-03-07,03:05:00,2.52,2.52,2.52,2.52,10000,0
2016-03-07,03:10:00,2.52,2.52,2.52,2.52,2000,0
2016-03-07,03:20:00,2.52,2.52,2.52,2.52,2000,0
2016-03-07,03:25:00,2.52,2.52,2.52,2.52,2000,0
2016-03-07,03:30:00,2.52,2.52,2.52,2.52,2000,0
2016-03-07,03:35:00,2.52,2.59,2.52,2.59,4000,0
2016-03-07,03:45:00,2.59,2.59,2.59,2.59,2000,0
2016-03-07,03:50:00,2.59,2.59,2.52,2.58,12000,0
2016-03-07,03:55:00,2.58,2.58,2.52,2.52,4000,0
2016-03-07,04:00:00,2.52,2.52,2.52,2.52,2000,0
2016-03-07,04:05:00,2.52,2.54,2.52,2.54,4000,0
2016-03-07,04:15:00,2.54,2.54,2.54,2.54,2000,0
2016-03-07,04:20:00,2.54,2.54,2.52,2.52,6000,0
2016-03-07,04:25:00,2.52,2.52,2.52,2.52,2000,0
2016-03-07,04:30:00,2.52,2.54,2.52,2.54,4000,0
2016-03-07,04:35:00,2.54,2.54,2.52,2.52,12000,0
2016-03-07,04:40:00,2.52,2.52,2.52,2.52,2000,0
2016-03-07,04:45:00,2.52,2.52,2.52,2.52,2000,0
2016-03-07,04:55:00,2.52,2.52,2.52,2.52,2000,0
2016-03-07,06:05:00,2.52,2.54,2.52,2.54,4000,0
2016-03-07,06:10:00,2.54,2.54,2.52,2.52,4000,0
2016-03-07,06:15:00,2.52,2.52,2.52,2.52,2000,0
2016-03-07,06:20:00,2.52,2.52,2.52,2.52,2000,0
2016-03-07,06:25:00,2.52,2.54,2.52,2.54,4000,0
2016-03-07,06:30:00,2.54,2.54,2.52,2.52,4000,0
2016-03-07,06:40:00,2.52,2.52,2.52,2.52,2000,0
2016-03-07,06:45:00,2.52,2.52,2.52,2.52,2000,0
2016-03-07,06:50:00,2.52,2.54,2.52,2.54,4000,0
2016-03-07,07:00:00,2.54,2.54,2.52,2.52,6000,0
2016-03-07,07:05:00,2.53,2.53,2.51,2.51,22000,0
2016-03-07,07:10:00,2.51,2.51,2.51,2.51,2000,0
2016-03-07,07:15:00,2.51,2.51,2.51,2.51,2000,0
2016-03-07,07:20:00,2.51,2.51,2.51,2.51,2000,0
2016-03-07,07:25:00,2.51,2.51,2.49,2.49,70000,0
2016-03-07,07:30:00,2.49,2.49,2.49,2.49,2000,0
2016-03-07,07:40:00,2.49,2.49,2.49,2.49,2000,0
2016-03-07,07:45:00,2.49,2.49,2.49,2.49,2000,0
2016-03-07,07:50:00,2.49,2.49,2.49,2.49,2000,0
2016-03-07,07:55:00,2.49,2.49,2.49,2.49,32000,0
2016-03-07,08:00:00,2.49,2.49,2.49,2.49,2000,0
2016-03-07,08:10:00,2.49,2.49,2.49,2.49,6000,0
2016-03-07,08:15:00,2.49,2.49,2.49,2.49,2000,0
2016-03-07,08:20:00,2.49,2.51,2.49,2.51,4000,0
2016-03-07,08:30:00,2.51,2.51,2.51,2.51,2000,0
2016-03-07,08:35:00,2.51,2.52,2.51,2.52,24000,0
2016-03-07,08:40:00,2.52,2.54,2.52,2.54,4000,0
2016-03-07,08:50:00,2.54,2.54,2.54,2.54,2000,0
2016-03-07,08:55:00,2.54,2.6,2.52,2.52,8000,0
2016-03-07,09:00:00,2.52,2.59,2.5,2.5,6000,0
2016-03-08,02:55:00,2.56,2.56,2.52,2.52,2000,0
2016-03-09,02:55:00,2.56,2.56,2.56,2.56,2000,0
2016-03-10,03:40:00,2.6,2.6,2.6,2.6,2000,0
2016-03-10,03:50:00,2.6,2.6,2.57,2.57,4000,0
2016-03-11,03:05:00,2.65,2.65,2.65,2.65,2000,0
2016-03-11,03:45:00,2.62,2.62,2.56,2.56,14000,0
2016-03-11,04:00:00,2.56,2.56,2.56,2.56,10000,0
2016-03-11,04:55:00,2.56,2.56,2.55,2.55,4000,0
2016-03-11,06:30:00,2.55,2.55,2.55,2.55,10000,0
2016-03-14,02:50:00,2.65,2.65,2.65,2.65,2000,0
2016-03-14,03:30:00,2.65,2.65,2.55,2.55,6000,0
2016-03-14,09:00:00,2.55,2.55,2.55,2.55,2000,0
2016-03-15,03:05:00,2.53,2.54,2.53,2.54,20000,0
2016-03-15,04:05:00,2.54,2.54,2.53,2.53,14000,0
2016-03-15,04:10:00,2.53,2.53,2.52,2.52,40000,0
2016-03-15,04:40:00,2.52,2.53,2.52,2.53,30000,0
2016-03-15,07:10:00,2.53,2.53,2.53,2.53,10000,0
2016-03-15,07:30:00,2.53,2.63,2.53,2.63,4000,0
2016-03-15,07:35:00,2.63,2.63,2.53,2.53,4000,0
2016-03-15,08:55:00,2.53,2.6,2.53,2.53,8000,0
2016-03-15,09:00:00,2.53,2.6,2.53,2.53,8000,0
2016-03-16,02:50:00,2.55,2.55,2.55,2.55,4000,0
2016-03-16,04:10:00,2.53,2.53,2.53,2.53,10000,0
2016-03-16,04:30:00,2.53,2.53,2.51,2.51,4000,0
2016-03-16,06:20:00,2.51,2.51,2.5,2.5,28000,0
2016-03-16,06:40:00,2.5,2.5,2.5,2.5,16000,0
2016-03-16,07:30:00,2.5,2.5,2.5,2.5,4000,0
2016-03-16,08:45:00,2.5,2.54,2.5,2.54,4000,0
2016-03-17,02:40:00,2.57,2.57,2.48,2.57,8000,0
2016-03-17,03:25:00,2.55,2.55,2.5,2.5,14000,0
2016-03-17,04:05:00,2.52,2.56,2.52,2.52,42000,0
2016-03-17,04:15:00,2.52,2.52,2.52,2.52,2000,0
2016-03-17,06:05:00,2.52,2.55,2.5,2.5,18000,0
2016-03-17,08:10:00,2.53,2.53,2.53,2.53,8000,0
2016-03-17,08:15:00,2.53,2.53,2.52,2.52,22000,0
2016-03-17,08:25:00,2.52,2.52,2.52,2.52,20000,0
2016-03-17,09:00:00,2.52,2.52,2.52,2.52,8000,0
2016-03-18,08:00:00,2.53,2.53,2.53,2.53,4000,0
2016-03-21,02:40:00,2.55,2.55,2.52,2.55,24000,0
2016-03-21,03:20:00,2.55,2.55,2.55,2.55,4000,0
2016-03-21,03:25:00,2.55,2.55,2.55,2.55,4000,0
2016-03-21,03:35:00,2.55,2.55,2.5,2.51,6000,0
2016-03-21,03:50:00,2.52,2.52,2.52,2.52,10000,0
2016-03-21,03:55:00,2.52,2.52,2.52,2.52,12000,0
2016-03-21,06:50:00,2.52,2.55,2.52,2.55,40000,0
2016-03-21,08:10:00,2.52,2.54,2.52,2.52,44000,0
2016-03-21,08:15:00,2.52,2.52,2.52,2.52,10000,0
2016-03-21,08:35:00,2.52,2.52,2.52,2.52,4000,0
2016-03-21,08:45:00,2.52,2.52,2.52,2.52,26000,0
2016-03-21,08:55:00,2.52,2.52,2.52,2.52,40000,0
2016-03-22,02:40:00,2.56,2.56,2.52,2.56,4000,0
2016-03-22,06:35:00,2.52,2.56,2.52,2.56,4000,0
2016-03-22,08:00:00,2.55,2.55,2.55,2.55,4000,0
2016-03-23,02:40:00,2.55,2.55,2.52,2.55,4000,0
2016-03-24,02:40:00,2.56,2.56,2.52,2.56,10000,0
2016-03-24,03:15:00,2.53,2.68,2.52,2.68,30000,0
2016-03-24,03:20:00,2.68,2.68,2.53,2.53,4000,0
2016-03-24,03:45:00,2.53,2.54,2.53,2.53,24000,0
2016-03-24,03:55:00,2.53,2.53,2.53,2.53,12000,0
2016-03-24,04:15:00,2.53,2.57,2.53,2.57,26000,0
2016-03-24,04:55:00,2.57,2.57,2.57,2.57,12000,0
2016-03-24,06:05:00,2.57,2.57,2.53,2.53,46000,0
2016-03-24,08:15:00,2.53,2.53,2.53,2.53,10000,0
2016-03-29,03:35:00,2.5,2.56,2.5,2.56,44000,0
2016-03-29,03:45:00,2.56,2.56,2.56,2.56,2000,0
2016-03-29,03:50:00,2.56,2.56,2.56,2.56,36000,0
2016-03-29,03:55:00,2.56,2.56,2.54,2.54,6000,0
2016-03-29,04:10:00,2.54,2.58,2.54,2.54,8000,0
2016-03-29,04:35:00,2.54,2.57,2.54,2.57,4000,0
2016-03-29,07:30:00,2.57,2.57,2.57,2.57,10000,0
2016-03-29,07:40:00,2.57,2.57,2.54,2.54,28000,0
2016-03-29,09:05:00,2.54,2.54,2.54,2.54,8000,0
2016-03-29,09:35:00,2.54,2.54,2.53,2.53,6000,0
2016-03-29,09:40:00,2.53,2.58,2.53,2.58,16000,0
2016-03-29,10:00:00,2.58,2.58,2.53,2.53,46000,0
2016-03-30,03:35:00,2.72,2.72,2.62,2.69,134000,0
2016-03-30,03:40:00,2.69,2.8,2.67,2.69,232000,0
2016-03-30,03:45:00,2.69,2.7,2.69,2.7,14000,0
2016-03-30,03:50:00,2.7,2.74,2.7,2.74,98000,0
2016-03-30,03:55:00,2.74,2.74,2.7,2.7,122000,0
2016-03-30,04:00:00,2.7,2.7,2.64,2.64,210000,0
2016-03-30,04:05:00,2.64,2.64,2.63,2.63,40000,0
2016-03-30,04:10:00,2.63,2.65,2.63,2.65,32000,0
2016-03-30,04:15:00,2.65,2.66,2.65,2.66,6000,0
2016-03-30,04:20:00,2.66,2.67,2.66,2.67,72000,0
2016-03-30,04:25:00,2.67,2.68,2.67,2.68,12000,0
2016-03-30,04:30:00,2.68,2.68,2.68,2.68,20000,0
2016-03-30,04:35:00,2.68,2.68,2.68,2.68,2000,0
2016-03-30,04:40:00,2.68,2.68,2.68,2.68,4000,0
2016-03-30,04:45:00,2.68,2.69,2.68,2.68,16000,0
2016-03-30,05:00:00,2.68,2.68,2.67,2.67,22000,0
2016-03-30,05:05:00,2.67,2.67,2.67,2.67,2000,0
2016-03-30,05:15:00,2.67,2.67,2.67,2.67,2000,0
2016-03-30,05:35:00,2.67,2.67,2.67,2.67,4000,0
2016-03-30,07:05:00,2.67,2.67,2.65,2.65,36000,0
2016-03-30,07:10:00,2.65,2.67,2.65,2.67,24000,0
2016-03-30,07:45:00,2.67,2.67,2.67,2.67,30000,0
2016-03-30,07:50:00,2.67,2.67,2.67,2.67,10000,0
2016-03-30,07:55:00,2.67,2.67,2.66,2.66,22000,0
2016-03-30,08:30:00,2.66,2.67,2.66,2.67,72000,0
2016-03-30,08:35:00,2.67,2.68,2.67,2.68,62000,0
2016-03-30,08:40:00,2.68,2.68,2.68,2.68,10000,0
2016-03-30,08:50:00,2.68,2.68,2.68,2.68,52000,0
2016-03-30,08:55:00,2.68,2.68,2.67,2.67,50000,0
2016-03-30,09:10:00,2.67,2.67,2.66,2.66,26000,0
2016-03-30,09:15:00,2.66,2.66,2.64,2.64,84000,0
2016-03-30,09:20:00,2.65,2.66,2.65,2.66,40000,0
2016-03-30,09:25:00,2.66,2.68,2.66,2.68,16000,0
2016-03-30,09:30:00,2.68,2.68,2.68,2.68,20000,0
2016-03-30,09:35:00,2.68,2.68,2.67,2.67,4000,0
2016-03-30,09:40:00,2.67,2.67,2.66,2.66,14000,0
2016-03-30,09:45:00,2.66,2.66,2.66,2.66,2000,0
2016-03-30,10:00:00,2.67,2.69,2.67,2.69,30000,0
2016-03-31,03:55:00,2.68,2.69,2.66,2.66,40000,0
2016-03-31,04:10:00,2.66,2.68,2.66,2.68,12000,0
2016-03-31,04:30:00,2.68,2.68,2.68,2.68,26000,0
2016-03-31,04:40:00,2.68,2.68,2.68,2.68,10000,0
2016-03-31,04:55:00,2.68,2.68,2.66,2.66,40000,0
2016-03-31,05:00:00,2.66,2.66,2.66,2.66,10000,0
2016-03-31,05:05:00,2.66,2.66,2.65,2.65,8000,0
2016-03-31,05:50:00,2.66,2.68,2.66,2.68,20000,0
2016-03-31,07:15:00,2.67,2.67,2.65,2.65,132000,0
2016-03-31,07:20:00,2.65,2.65,2.64,2.64,20000,0
2016-03-31,07:25:00,2.64,2.64,2.64,2.64,28000,0
2016-03-31,07:30:00,2.64,2.64,2.61,2.61,18000,0
2016-03-31,07:45:00,2.61,2.62,2.61,2.62,22000,0
2016-03-31,07:55:00,2.62,2.62,2.62,2.62,8000,0
2016-03-31,08:20:00,2.62,2.62,2.62,2.62,34000,0
2016-03-31,08:25:00,2.62,2.62,2.62,2.62,2000,0
2016-03-31,09:15:00,2.62,2.62,2.62,2.62,12000,0
2016-03-31,09:35:00,2.62,2.62,2.61,2.61,20000,0
2016-03-31,09:40:00,2.61,2.61,2.61,2.61,4000,0
2016-03-31,09:45:00,2.61,2.61,2.61,2.61,42000,0
2016-03-31,10:00:00,2.6,2.62,2.6,2.62,40000,0
2016-04-01,03:40:00,2.7,2.8,2.62,2.74,124000,0
2016-04-01,03:45:00,2.74,2.8,2.74,2.74,52000,0
2016-04-01,03:50:00,2.74,2.9,2.74,2.88,324000,0
2016-04-01,03:55:00,2.88,2.88,2.79,2.8,86000,0
2016-04-01,04:00:00,2.8,2.8,2.71,2.71,170000,0
2016-04-01,04:05:00,2.71,2.71,2.67,2.67,376000,0
2016-04-01,04:10:00,2.67,2.68,2.67,2.68,10000,0
2016-04-01,04:15:00,2.68,2.68,2.67,2.67,72000,0
2016-04-01,04:20:00,2.67,2.67,2.67,2.67,14000,0
2016-04-01,04:30:00,2.67,2.67,2.67,2.67,24000,0
2016-04-01,04:35:00,2.67,2.67,2.65,2.66,160000,0
2016-04-01,04:40:00,2.66,2.66,2.63,2.66,98000,0
2016-04-01,05:00:00,2.66,2.67,2.66,2.67,12000,0
2016-04-01,05:35:00,2.65,2.69,2.65,2.69,278000,0
2016-04-01,05:40:00,2.69,2.69,2.69,2.69,24000,0
2016-04-01,05:45:00,2.67,2.67,2.65,2.65,10000,0
2016-04-01,05:55:00,2.65,2.66,2.65,2.66,12000,0
2016-04-01,06:00:00,2.66,2.67,2.66,2.66,40000,0
2016-04-01,07:05:00,2.66,2.66,2.65,2.65,30000,0
2016-04-01,07:45:00,2.65,2.66,2.65,2.66,40000,0
2016-04-01,08:00:00,2.65,2.65,2.64,2.64,20000,0
2016-04-01,08:05:00,2.64,2.65,2.64,2.65,4000,0
2016-04-01,08:10:00,2.65,2.65,2.63,2.63,100000,0
2016-04-01,08:15:00,2.63,2.67,2.63,2.67,46000,0
2016-04-01,08:35:00,2.66,2.66,2.66,2.66,8000,0
2016-04-01,08:50:00,2.66,2.66,2.66,2.66,20000,0
2016-04-01,09:00:00,2.66,2.66,2.66,2.66,4000,0
2016-04-01,09:05:00,2.66,2.68,2.66,2.67,244000,0
2016-04-01,09:15:00,2.67,2.67,2.65,2.65,40000,0
2016-04-01,09:30:00,2.65,2.65,2.65,2.65,20000,0
2016-04-01,09:45:00,2.65,2.66,2.65,2.65,48000,0
2016-04-01,09:50:00,2.65,2.65,2.64,2.64,28000,0
2016-04-01,09:55:00,2.64,2.64,2.62,2.62,30000,0
2016-04-01,10:00:00,2.6,2.62,2.6,2.62,44000,0
2016-04-05,03:35:00,2.62,2.63,2.62,2.63,12000,0
2016-04-05,04:15:00,2.65,2.66,2.65,2.66,8000,0
2016-04-05,04:25:00,2.66,2.66,2.65,2.65,22000,0
2016-04-05,04:40:00,2.65,2.68,2.63,2.64,60000,0
2016-04-05,04:50:00,2.64,2.64,2.64,2.64,2000,0
2016-04-05,05:00:00,2.63,2.63,2.61,2.61,98000,0
2016-04-05,05:25:00,2.61,2.62,2.61,2.62,42000,0
2016-04-05,05:45:00,2.62,2.63,2.62,2.63,60000,0
2016-04-05,07:05:00,2.63,2.63,2.62,2.62,54000,0
2016-04-05,07:10:00,2.62,2.62,2.62,2.62,10000,0
2016-04-05,07:25:00,2.62,2.63,2.62,2.63,32000,0
2016-04-05,07:35:00,2.63,2.63,2.63,2.63,2000,0
2016-04-05,07:50:00,2.63,2.64,2.63,2.64,12000,0
2016-04-05,08:05:00,2.64,2.65,2.64,2.65,10000,0
2016-04-05,08:55:00,2.63,2.63,2.63,2.63,6000,0
2016-04-05,09:00:00,2.63,2.63,2.62,2.62,50000,0
2016-04-05,09:10:00,2.62,2.62,2.61,2.61,120000,0
2016-04-05,09:45:00,2.6,2.62,2.6,2.62,4000,0
2016-04-05,10:00:00,2.62,2.64,2.62,2.64,12000,0
2016-04-06,04:15:00,2.63,2.63,2.63,2.63,4000,0
2016-04-06,04:20:00,2.63,2.63,2.63,2.63,4000,0
2016-04-06,04:30:00,2.63,2.65,2.63,2.65,4000,0
2016-04-06,04:35:00,2.65,2.66,2.65,2.66,20000,0
2016-04-06,04:40:00,2.66,2.66,2.66,2.66,4000,0
2016-04-06,04:45:00,2.66,2.66,2.66,2.66,2000,0
2016-04-06,04:50:00,2.66,2.67,2.66,2.67,32000,0
2016-04-06,04:55:00,2.67,2.68,2.67,2.67,32000,0
2016-04-06,05:00:00,2.67,2.68,2.67,2.68,4000,0
2016-04-06,05:05:00,2.68,2.68,2.67,2.68,28000,0
2016-04-06,05:10:00,2.68,2.68,2.67,2.67,118000,0
2016-04-06,05:15:00,2.67,2.68,2.67,2.67,56000,0
2016-04-06,05:20:00,2.67,2.67,2.66,2.67,108000,0
2016-04-06,05:25:00,2.67,2.68,2.67,2.68,4000,0
2016-04-06,05:30:00,2.67,2.68,2.67,2.68,40000,0
2016-04-06,05:35:00,2.68,2.68,2.68,2.68,2000,0
2016-04-06,05:40:00,2.68,2.68,2.67,2.67,34000,0
2016-04-06,05:45:00,2.67,2.68,2.67,2.68,4000,0
2016-04-06,05:50:00,2.68,2.68,2.68,2.68,2000,0
2016-04-06,05:55:00,2.68,2.68,2.68,2.68,6000,0
2016-04-06,06:00:00,2.68,2.68,2.68,2.68,2000,0
2016-04-06,07:05:00,2.68,2.68,2.68,2.68,2000,0
2016-04-06,07:15:00,2.68,2.68,2.68,2.68,46000,0
2016-04-06,07:20:00,2.68,2.68,2.67,2.67,86000,0
2016-04-06,07:25:00,2.67,2.67,2.67,2.67,96000,0
2016-04-06,07:30:00,2.67,2.67,2.67,2.67,78000,0
2016-04-06,07:35:00,2.67,2.67,2.67,2.67,70000,0
2016-04-06,07:40:00,2.67,2.67,2.66,2.66,10000,0
2016-04-06,07:45:00,2.66,2.67,2.66,2.67,4000,0
2016-04-06,07:55:00,2.67,2.67,2.67,2.67,10000,0
2016-04-06,08:00:00,2.67,2.67,2.67,2.67,2000,0
2016-04-06,08:05:00,2.67,2.68,2.67,2.68,4000,0
2016-04-06,08:10:00,2.68,2.68,2.68,2.68,2000,0
2016-04-06,08:15:00,2.68,2.68,2.68,2.68,2000,0
2016-04-06,08:20:00,2.68,2.68,2.68,2.68,2000,0
2016-04-06,08:30:00,2.68,2.68,2.68,2.68,2000,0
2016-04-06,08:35:00,2.68,2.68,2.68,2.68,2000,0
2016-04-06,08:40:00,2.68,2.68,2.68,2.68,2000,0
2016-04-06,08:45:00,2.68,2.68,2.68,2.68,2000,0
2016-04-06,08:50:00,2.68,2.68,2.68,2.68,2000,0
2016-04-06,08:55:00,2.68,2.68,2.66,2.66,62000,0
2016-04-06,09:00:00,2.66,2.68,2.66,2.68,4000,0
2016-04-06,09:10:00,2.68,2.68,2.68,2.68,2000,0
2016-04-06,09:15:00,2.68,2.7,2.68,2.7,200000,0
2016-04-06,09:20:00,2.7,2.72,2.7,2.72,98000,0
2016-04-06,09:25:00,2.72,2.73,2.72,2.72,50000,0
2016-04-06,09:30:00,2.72,2.78,2.72,2.78,236000,0
2016-04-06,09:35:00,2.78,2.79,2.78,2.78,62000,0
2016-04-06,09:40:00,2.78,2.78,2.78,2.78,16000,0
2016-04-06,09:45:00,2.76,2.76,2.75,2.75,70000,0
2016-04-06,09:50:00,2.75,2.75,2.75,2.75,12000,0
2016-04-06,09:55:00,2.75,2.75,2.72,2.74,138000,0
2016-04-06,10:00:00,2.74,2.75,2.72,2.74,92000,0
2016-04-07,03:35:00,2.85,2.95,2.78,2.86,696000,0
2016-04-07,03:40:00,2.86,2.88,2.85,2.86,34000,0
2016-04-07,03:45:00,2.86,2.88,2.86,2.88,96000,0
2016-04-07,03:50:00,2.86,2.87,2.85,2.85,86000,0
2016-04-07,03:55:00,2.85,2.85,2.84,2.84,20000,0
2016-04-07,04:00:00,2.84,2.85,2.84,2.85,80000,0
2016-04-07,04:05:00,2.85,2.89,2.85,2.88,312000,0
2016-04-07,04:10:00,2.88,2.9,2.88,2.89,280000,0
2016-04-07,04:20:00,2.89,2.93,2.89,2.92,248000,0
2016-04-07,04:25:00,2.92,2.94,2.9,2.94,98000,0
2016-04-07,04:30:00,2.94,2.95,2.93,2.93,162000,0
2016-04-07,04:35:00,2.93,2.94,2.93,2.93,110000,0
2016-04-07,04:40:00,2.93,2.93,2.91,2.92,52000,0
2016-04-07,04:45:00,2.92,2.95,2.92,2.95,76000,0
2016-04-07,04:55:00,2.93,2.93,2.92,2.92,58000,0
2016-04-07,05:00:00,2.92,2.92,2.92,2.92,2000,0
2016-04-07,05:05:00,2.92,2.96,2.92,2.95,180000,0
2016-04-07,05:10:00,2.95,2.95,2.95,2.95,58000,0
2016-04-07,05:15:00,2.95,2.97,2.94,2.96,142000,0
2016-04-07,05:20:00,2.96,3.05,2.96,3.04,536000,0
2016-04-07,05:25:00,3.03,3.03,3.01,3.01,24000,0
2016-04-07,05:30:00,3.01,3.04,2.99,3.03,298000,0
2016-04-07,05:35:00,3.03,3.07,3.03,3.05,570000,0
2016-04-07,05:40:00,3.05,3.08,3.03,3.03,216000,0
2016-04-07,05:45:00,3.03,3.04,3.03,3.04,136000,0
2016-04-07,05:50:00,3.04,3.06,3.04,3.06,54000,0
2016-04-07,05:55:00,3.06,3.08,3.05,3.05,60000,0
2016-04-07,06:00:00,3.05,3.07,3.05,3.07,4000,0
2016-04-07,07:05:00,3.07,3.08,3.05,3.05,162000,0
2016-04-07,07:10:00,3.05,3.06,3.03,3.06,168000,0
2016-04-07,07:15:00,3.06,3.06,3.06,3.06,10000,0
2016-04-07,07:20:00,3.06,3.06,3.01,3.05,358000,0
2016-04-07,07:25:00,3.05,3.06,3.02,3.05,314000,0
2016-04-07,07:35:00,3.05,3.05,3.04,3.04,58000,0
2016-04-07,07:40:00,3.04,3.05,3.03,3.03,90000,0
2016-04-07,07:45:00,3.03,3.05,3.03,3.03,96000,0
2016-04-07,07:50:00,3.03,3.04,3.02,3.03,80000,0
2016-04-07,07:55:00,3.03,3.05,3.02,3.02,294000,0
2016-04-07,08:05:00,3.02,3.02,3.01,3.01,70000,0
2016-04-07,08:10:00,3.01,3.03,3.01,3.03,38000,0
2016-04-07,08:15:00,3.03,3.03,3.02,3.02,70000,0
2016-04-07,08:20:00,3.02,3.04,3.02,3.04,306000,0
2016-04-07,08:25:00,3.04,3.04,3.03,3.03,66000,0
2016-04-07,08:30:00,3.03,3.03,3.01,3.03,264000,0
2016-04-07,08:35:00,3.03,3.03,3.03,3.03,116000,0
2016-04-07,08:40:00,3.03,3.04,3.01,3.04,184000,0
2016-04-07,08:45:00,3.04,3.04,3.03,3.04,142000,0
2016-04-07,08:50:00,3.04,3.06,3.04,3.06,196000,0
2016-04-07,08:55:00,3.06,3.06,3.05,3.05,220000,0
2016-04-07,09:00:00,3.05,3.05,3.04,3.04,108000,0
2016-04-07,09:05:00,3.04,3.05,3.04,3.05,24000,0
2016-04-07,09:10:00,3.05,3.06,3.05,3.05,136000,0
2016-04-07,09:15:00,3.05,3.06,3.05,3.06,52000,0
2016-04-07,09:20:00,3.06,3.07,3.06,3.07,74000,0
2016-04-07,09:25:00,3.07,3.07,3.05,3.05,110000,0
2016-04-07,09:30:00,3.05,3.07,3.05,3.07,166000,0
2016-04-07,09:35:00,3.07,3.09,3.07,3.08,116000,0
2016-04-07,09:40:00,3.08,3.11,3.08,3.09,220000,0
2016-04-07,09:45:00,3.09,3.11,3.09,3.11,220000,0
2016-04-07,09:50:00,3.11,3.13,3.1,3.1,242000,0
2016-04-07,09:55:00,3.12,3.13,3.11,3.13,200000,0
2016-04-07,10:00:00,3.13,3.19,3.12,3.18,1632000,0
2016-04-08,03:35:00,3.2,3.4,3.2,3.25,608000,0
2016-04-08,03:40:00,3.25,3.34,3.23,3.25,296000,0
2016-04-08,03:45:00,3.25,3.3,3.22,3.29,70000,0
2016-04-08,03:55:00,3.28,3.28,3.26,3.26,56000,0
2016-04-08,04:00:00,3.26,3.26,3.19,3.23,438000,0
2016-04-08,04:05:00,3.23,3.23,3.19,3.2,56000,0
2016-04-08,04:10:00,3.2,3.22,3.19,3.19,48000,0
2016-04-08,04:15:00,3.19,3.19,3.15,3.18,252000,0
2016-04-08,04:20:00,3.18,3.19,3.14,3.18,462000,0
2016-04-08,04:25:00,3.18,3.18,3.08,3.12,688000,0
2016-04-08,04:30:00,3.12,3.18,3.09,3.1,120000,0
2016-04-08,04:35:00,3.1,3.16,3.1,3.16,188000,0
2016-04-08,04:40:00,3.16,3.16,3.14,3.14,94000,0
2016-04-08,04:45:00,3.14,3.16,3.1,3.14,472000,0
2016-04-08,04:50:00,3.14,3.14,3.1,3.12,162000,0
2016-04-08,04:55:00,3.12,3.16,3.1,3.14,254000,0
2016-04-08,05:00:00,3.14,3.17,3.13,3.17,116000,0
2016-04-08,05:05:00,3.17,3.17,3.14,3.14,34000,0
2016-04-08,05:10:00,3.14,3.17,3.14,3.17,154000,0
2016-04-08,05:15:00,3.17,3.17,3.15,3.15,92000,0
2016-04-08,05:20:00,3.15,3.16,3.1,3.14,560000,0
2016-04-08,05:25:00,3.14,3.16,3.13,3.15,188000,0
2016-04-08,05:35:00,3.15,3.16,3.15,3.15,30000,0
2016-04-08,05:40:00,3.15,3.16,3.15,3.16,122000,0
2016-04-08,05:45:00,3.16,3.17,3.16,3.17,6000,0
2016-04-08,05:50:00,3.17,3.17,3.1,3.14,438000,0
2016-04-08,05:55:00,3.14,3.15,3.1,3.14,484000,0
2016-04-08,06:00:00,3.14,3.17,3.1,3.14,960000,0
2016-04-08,07:05:00,3.14,3.17,3.14,3.17,76000,0
2016-04-08,07:10:00,3.17,3.18,3.17,3.18,36000,0
2016-04-08,07:15:00,3.18,3.18,3.17,3.18,16000,0
2016-04-08,07:20:00,3.18,3.18,3.18,3.18,30000,0
2016-04-08,07:25:00,3.18,3.19,3.18,3.19,34000,0
2016-04-08,07:30:00,3.19,3.2,3.19,3.2,124000,0
2016-04-08,07:35:00,3.2,3.24,3.2,3.2,440000,0
2016-04-08,07:40:00,3.2,3.24,3.2,3.23,40000,0
2016-04-08,07:45:00,3.23,3.25,3.22,3.23,168000,0
2016-04-08,07:50:00,3.23,3.23,3.21,3.22,66000,0
2016-04-08,07:55:00,3.22,3.25,3.22,3.22,188000,0
2016-04-08,08:00:00,3.22,3.24,3.22,3.24,190000,0
2016-04-08,08:05:00,3.24,3.26,3.23,3.25,158000,0
2016-04-08,08:10:00,3.25,3.29,3.25,3.29,458000,0
2016-04-08,08:15:00,3.29,3.35,3.29,3.3,850000,0
2016-04-08,08:20:00,3.3,3.31,3.29,3.3,142000,0
2016-04-08,08:25:00,3.3,3.34,3.29,3.34,448000,0
2016-04-08,08:30:00,3.34,3.37,3.33,3.37,640000,0
2016-04-08,08:35:00,3.37,3.43,3.36,3.43,1300000,0
2016-04-08,08:40:00,3.43,3.43,3.31,3.33,264000,0
2016-04-08,08:45:00,3.33,3.33,3.31,3.33,176000,0
2016-04-08,08:50:00,3.33,3.35,3.3,3.3,886000,0
2016-04-08,08:55:00,3.3,3.3,3.27,3.3,1049000,0
2016-04-08,09:00:00,3.3,3.31,3.3,3.3,132000,0
2016-04-08,09:05:00,3.3,3.31,3.3,3.3,286000,0
2016-04-08,09:10:00,3.3,3.31,3.3,3.3,116000,0
2016-04-08,09:15:00,3.3,3.31,3.3,3.3,486000,0
2016-04-08,09:20:00,3.3,3.3,3.3,3.3,228000,0
2016-04-08,09:25:00,3.3,3.3,3.29,3.3,264000,0
2016-04-08,09:30:00,3.3,3.3,3.29,3.3,234000,0
2016-04-08,09:35:00,3.3,3.32,3.3,3.32,554000,0
2016-04-08,09:40:00,3.32,3.32,3.32,3.32,122000,0
2016-04-08,09:45:00,3.32,3.34,3.32,3.33,268000,0
2016-04-08,09:50:00,3.33,3.33,3.3,3.3,350000,0
2016-04-08,09:55:00,3.3,3.3,3.28,3.29,628000,0
2016-04-08,10:00:00,3.29,3.33,3.28,3.32,858000,0
2016-04-11,03:45:00,3.27,3.31,3.27,3.31,258000,0
2016-04-11,03:50:00,3.31,3.32,3.28,3.31,356000,0
2016-04-11,03:55:00,3.31,3.33,3.31,3.32,114000,0
2016-04-11,04:00:00,3.32,3.32,3.32,3.32,14000,0
2016-04-11,04:05:00,3.32,3.33,3.31,3.32,48000,0
2016-04-11,04:10:00,3.32,3.34,3.32,3.34,90000,0
2016-04-11,04:15:00,3.34,3.34,3.33,3.33,52000,0
2016-04-11,04:20:00,3.33,3.36,3.3,3.31,168000,0
2016-04-11,04:25:00,3.31,3.35,3.3,3.31,88000,0
2016-04-11,04:30:00,3.31,3.31,3.29,3.29,8000,0
2016-04-11,04:35:00,3.29,3.31,3.29,3.31,58000,0
2016-04-11,04:40:00,3.31,3.32,3.29,3.32,72000,0
2016-04-11,04:45:00,3.32,3.32,3.31,3.31,100000,0
2016-04-11,04:50:00,3.31,3.34,3.31,3.31,96000,0
2016-04-11,04:55:00,3.31,3.32,3.3,3.31,284000,0
2016-04-11,05:00:00,3.31,3.31,3.3,3.31,20000,0
2016-04-11,05:05:00,3.31,3.31,3.31,3.31,4000,0
2016-04-11,05:10:00,3.31,3.31,3.28,3.28,190000,0
2016-04-11,05:15:00,3.28,3.32,3.2,3.25,910000,0
2016-04-11,05:20:00,3.25,3.29,3.23,3.26,74000,0
2016-04-11,05:25:00,3.26,3.26,3.24,3.24,14000,0
2016-04-11,05:30:00,3.24,3.25,3.24,3.24,82000,0
2016-04-11,05:35:00,3.24,3.24,3.22,3.24,64000,0
2016-04-11,05:40:00,3.23,3.26,3.2,3.22,230000,0
2016-04-11,05:45:00,3.22,3.22,3.22,3.22,38000,0
2016-04-11,05:50:00,3.22,3.22,3.2,3.21,22000,0
2016-04-11,05:55:00,3.21,3.22,3.2,3.21,28000,0
2016-04-11,06:00:00,3.21,3.21,3.21,3.21,24000,0
2016-04-11,07:05:00,3.21,3.25,3.21,3.25,174000,0
2016-04-11,07:10:00,3.25,3.25,3.19,3.22,842000,0
2016-04-11,07:15:00,3.22,3.23,3.2,3.22,262000,0
2016-04-11,07:20:00,3.22,3.22,3.19,3.2,74000,0
2016-04-11,07:25:00,3.2,3.23,3.2,3.22,28000,0
2016-04-11,07:30:00,3.22,3.22,3.18,3.22,100000,0
2016-04-11,07:35:00,3.21,3.21,3.19,3.2,8000,0
2016-04-11,07:40:00,3.2,3.22,3.2,3.22,38000,0
2016-04-11,07:45:00,3.22,3.22,3.22,3.22,18000,0
2016-04-11,07:50:00,3.22,3.23,3.21,3.21,32000,0
2016-04-11,07:55:00,3.21,3.21,3.21,3.21,12000,0
2016-04-11,08:00:00,3.21,3.24,3.21,3.24,88000,0
2016-04-11,08:05:00,3.24,3.24,3.19,3.21,124000,0
2016-04-11,08:10:00,3.21,3.23,3.18,3.23,144000,0
2016-04-11,08:15:00,3.23,3.23,3.21,3.21,132000,0
2016-04-11,08:20:00,3.21,3.21,3.18,3.21,200000,0
2016-04-11,08:25:00,3.21,3.21,3.2,3.2,66000,0
2016-04-11,08:30:00,3.2,3.21,3.14,3.14,276000,0
2016-04-11,08:35:00,3.14,3.18,3.14,3.15,86000,0
2016-04-11,08:40:00,3.15,3.16,3.15,3.16,42000,0
2016-04-11,08:45:00,3.16,3.18,3.16,3.18,22000,0
2016-04-11,08:50:00,3.18,3.18,3.15,3.15,76000,0
2016-04-11,08:55:00,3.15,3.17,3.13,3.15,128000,0
2016-04-11,09:00:00,3.15,3.21,3.13,3.15,238000,0
2016-04-11,09:05:00,3.15,3.17,3.13,3.16,212000,0
2016-04-11,09:10:00,3.16,3.17,3.11,3.13,184000,0
2016-04-11,09:15:00,3.13,3.13,3.1,3.11,170000,0
2016-04-11,09:20:00,3.11,3.15,3.11,3.12,218000,0
2016-04-11,09:25:00,3.12,3.13,3.07,3.09,980000,0
2016-04-11,09:30:00,3.09,3.12,3.08,3.1,382000,0
2016-04-11,09:35:00,3.1,3.16,3.1,3.16,1360000,0
2016-04-11,09:40:00,3.16,3.24,3.1,3.14,1116000,0
2016-04-11,09:45:00,3.14,3.14,3.1,3.12,270000,0
2016-04-11,09:50:00,3.12,3.17,3.12,3.16,208000,0
2016-04-11,09:55:00,3.16,3.16,3.08,3.1,652000,0
2016-04-11,10:00:00,3.1,3.12,3.05,3.08,722000,0
2016-04-12,03:35:00,3,3.07,3,3.01,80000,0
2016-04-12,03:40:00,3.02,3.16,3.02,3.16,90000,0
2016-04-12,03:45:00,3.1,3.1,3.1,3.1,2000,0
2016-04-12,03:50:00,3.1,3.1,3.08,3.08,6000,0
2016-04-12,03:55:00,3.08,3.08,3.04,3.08,64000,0
2016-04-12,04:00:00,3.08,3.08,3.03,3.03,98000,0
2016-04-12,04:05:00,3.03,3.04,3,3.01,498000,0
2016-04-12,04:10:00,3.01,3.03,3.01,3.02,156000,0
2016-04-12,04:15:00,3.02,3.02,3,3.02,62000,0
2016-04-12,04:20:00,3.02,3.06,3.02,3.06,184000,0
2016-04-12,04:25:00,3.06,3.07,3.06,3.06,88000,0
2016-04-12,04:35:00,3.05,3.05,3.02,3.03,270000,0
2016-04-12,04:40:00,3.03,3.04,3.03,3.04,62000,0
2016-04-12,04:45:00,3.04,3.04,3.01,3.03,62000,0
2016-04-12,04:50:00,3.03,3.03,3,3.03,138000,0
2016-04-12,04:55:00,3.03,3.03,3,3,20000,0
2016-04-12,05:00:00,3,3.02,3,3.02,86000,0
2016-04-12,05:05:00,3.02,3.05,3.02,3.04,134000,0
2016-04-12,05:10:00,3.04,3.04,3,3.03,686000,0
2016-04-12,05:30:00,3.01,3.01,2.97,2.97,564000,0
2016-04-12,05:35:00,2.97,2.97,2.97,2.97,12000,0
2016-04-12,05:40:00,2.97,2.99,2.97,2.97,52000,0
2016-04-12,05:45:00,2.97,3.01,2.97,3.01,76000,0
2016-04-12,05:55:00,3,3.01,3,3.01,40000,0
2016-04-12,06:00:00,3.01,3.01,3,3.01,8000,0
2016-04-12,07:10:00,3,3.01,3,3.01,16000,0
2016-04-12,07:15:00,3.01,3.01,3,3,28000,0
2016-04-12,07:20:00,3,3,2.98,3,40000,0
2016-04-12,07:30:00,3,3,2.97,3,20000,0
2016-04-12,07:35:00,3,3,2.96,2.99,150000,0
2016-04-12,07:40:00,2.99,2.99,2.97,2.97,24000,0
2016-04-12,08:10:00,2.97,3,2.97,3,18000,0
2016-04-12,08:15:00,3,3,2.99,2.99,6000,0
2016-04-12,08:25:00,2.99,2.99,2.99,2.99,88000,0
2016-04-12,08:35:00,2.99,2.99,2.99,2.99,50000,0
2016-04-12,08:40:00,2.99,2.99,2.99,2.99,10000,0
2016-04-12,08:55:00,2.99,2.99,2.98,2.98,4000,0
2016-04-12,09:00:00,2.98,2.99,2.98,2.99,14000,0
2016-04-12,09:05:00,2.99,2.99,2.99,2.99,10000,0
2016-04-12,09:15:00,2.99,3,2.99,3,44000,0
2016-04-12,09:20:00,2.99,2.99,2.98,2.98,20000,0
2016-04-12,09:50:00,2.99,2.99,2.97,2.97,82000,0
2016-04-12,09:55:00,2.97,2.99,2.97,2.99,38000,0
2016-04-12,10:00:00,2.99,3,2.97,2.99,98000,0
2016-04-13,03:35:00,3.01,3.05,2.98,3.03,254000,0
2016-04-13,03:40:00,3.03,3.03,3.03,3.03,10000,0
2016-04-13,03:45:00,3.01,3.02,3.01,3.02,8000,0
2016-04-13,03:50:00,3.02,3.04,3.02,3.04,68000,0
2016-04-13,03:55:00,3.04,3.05,3.02,3.04,102000,0
2016-04-13,04:00:00,3.04,3.04,3.04,3.04,4000,0
2016-04-13,04:10:00,3.04,3.04,3.04,3.04,24000,0
2016-04-13,04:20:00,3.04,3.04,3.01,3.03,36000,0
2016-04-13,04:25:00,3.03,3.06,3.03,3.06,122000,0
2016-04-13,04:30:00,3.06,3.06,3.06,3.06,4000,0
2016-04-13,04:35:00,3.06,3.07,3.06,3.06,44000,0
2016-04-13,04:40:00,3.06,3.06,3.05,3.06,88000,0
2016-04-13,04:50:00,3.06,3.06,3.05,3.06,84000,0
2016-04-13,05:05:00,3.05,3.05,3.01,3.04,66000,0
2016-04-13,05:10:00,3.04,3.05,3.04,3.05,14000,0
2016-04-13,05:15:00,3.05,3.05,3.05,3.05,26000,0
2016-04-13,05:20:00,3.05,3.05,3.03,3.03,14000,0
2016-04-13,05:35:00,3.03,3.04,3.03,3.04,22000,0
2016-04-13,05:45:00,3.04,3.05,3.04,3.04,96000,0
2016-04-13,05:50:00,3.04,3.04,3.04,3.04,14000,0
2016-04-13,05:55:00,3.04,3.05,3.04,3.05,108000,0
2016-04-13,06:00:00,3.05,3.06,3.05,3.06,38000,0
2016-04-13,07:05:00,3.06,3.06,3.06,3.06,16000,0
2016-04-13,07:10:00,3.06,3.07,3.06,3.07,60000,0
2016-04-13,07:15:00,3.07,3.07,3.07,3.07,2000,0
2016-04-13,07:20:00,3.07,3.07,3.07,3.07,8000,0
2016-04-13,07:25:00,3.07,3.07,3.05,3.05,22000,0
2016-04-13,07:30:00,3.05,3.05,3.03,3.05,94000,0
2016-04-13,07:40:00,3.04,3.05,3.04,3.05,22000,0
2016-04-13,07:45:00,3.05,3.05,3.05,3.05,48000,0
2016-04-13,07:50:00,3.05,3.07,3.05,3.07,42000,0
2016-04-13,07:55:00,3.07,3.08,3.07,3.08,22000,0
2016-04-13,08:10:00,3.08,3.08,3.07,3.07,12000,0
2016-04-13,08:20:00,3.07,3.07,3.01,3.01,310000,0
2016-04-13,08:25:00,3.01,3.04,3.01,3.04,10000,0
2016-04-13,08:45:00,3.04,3.05,3.01,3.04,194000,0
2016-04-13,08:50:00,3.04,3.04,3.04,3.04,2000,0
2016-04-13,09:00:00,3.03,3.04,3.03,3.04,16000,0
2016-04-13,09:05:00,3.04,3.05,3.04,3.05,18000,0
2016-04-13,09:35:00,3.04,3.04,2.99,3.02,422000,0
2016-04-13,09:45:00,3.02,3.02,3.02,3.02,10000,0
2016-04-13,10:00:00,3.02,3.02,2.98,2.99,196000,0
