Date,Time,Open,High,Low,Close,Volume,OpenInt
2016-03-04,03:25:00,3.39,3.41,3.38,3.4,59500,0
2016-03-04,03:30:00,3.4,3.4,3.4,3.4,19500,0
2016-03-04,03:35:00,3.4,3.4,3.4,3.4,6000,0
2016-03-04,03:45:00,3.4,3.41,3.4,3.41,2500,0
2016-03-04,03:50:00,3.41,3.41,3.41,3.41,500,0
2016-03-04,04:00:00,3.41,3.41,3.41,3.41,500,0
2016-03-04,04:30:00,3.41,3.41,3.41,3.41,2000,0
2016-03-04,04:55:00,3.41,3.41,3.41,3.41,6500,0
2016-03-04,06:05:00,3.41,3.41,3.41,3.41,3500,0
2016-03-04,06:15:00,3.41,3.41,3.4,3.4,1000,0
2016-03-04,06:25:00,3.4,3.41,3.4,3.41,6500,0
2016-03-04,06:30:00,3.41,3.41,3.4,3.41,17000,0
2016-03-04,06:45:00,3.41,3.42,3.41,3.42,13500,0
2016-03-04,07:00:00,3.42,3.42,3.41,3.41,1000,0
2016-03-04,07:15:00,3.41,3.43,3.41,3.42,22500,0
2016-03-04,07:20:00,3.42,3.43,3.42,3.43,73000,0
2016-03-04,07:30:00,3.43,3.44,3.43,3.44,36000,0
2016-03-04,07:35:00,3.44,3.44,3.43,3.43,1000,0
2016-03-04,07:45:00,3.43,3.43,3.43,3.43,1500,0
2016-03-04,07:50:00,3.43,3.43,3.43,3.43,6000,0
2016-03-04,08:00:00,3.43,3.43,3.42,3.43,7000,0
2016-03-04,08:10:00,3.44,3.44,3.43,3.43,311000,0
2016-03-04,08:15:00,3.43,3.44,3.43,3.44,50500,0
2016-03-04,08:25:00,3.44,3.44,3.44,3.44,500,0
2016-03-04,08:30:00,3.44,3.44,3.43,3.43,2000,0
2016-03-04,08:35:00,3.43,3.44,3.43,3.44,33000,0
2016-03-04,08:40:00,3.44,3.44,3.44,3.44,26000,0
2016-03-04,08:45:00,3.44,3.45,3.44,3.44,26000,0
2016-03-04,08:50:00,3.44,3.45,3.44,3.45,15000,0
2016-03-04,08:55:00,3.45,3.45,3.44,3.44,72000,0
2016-03-04,09:00:00,3.44,3.44,3.43,3.43,97000,0
2016-03-07,02:35:00,3.55,3.55,3.44,3.53,42000,0
2016-03-07,02:40:00,3.53,3.53,3.47,3.47,2000,0
2016-03-07,02:45:00,3.48,3.48,3.48,3.48,4500,0
2016-03-07,02:50:00,3.48,3.48,3.46,3.46,24000,0
2016-03-07,02:55:00,3.47,3.49,3.47,3.49,1000,0
2016-03-07,03:00:00,3.5,3.55,3.5,3.55,16000,0
2016-03-07,03:05:00,3.55,3.55,3.51,3.51,21000,0
2016-03-07,03:15:00,3.51,3.58,3.51,3.51,15000,0
2016-03-07,03:30:00,3.51,3.53,3.51,3.53,12500,0
2016-03-07,03:40:00,3.53,3.53,3.53,3.53,5000,0
2016-03-07,03:45:00,3.53,3.53,3.51,3.51,7500,0
2016-03-07,04:00:00,3.51,3.51,3.5,3.5,4500,0
2016-03-07,04:10:00,3.49,3.49,3.48,3.49,19000,0
2016-03-07,04:15:00,3.5,3.5,3.5,3.5,1000,0
2016-03-07,04:20:00,3.5,3.53,3.5,3.53,4000,0
2016-03-07,04:25:00,3.52,3.52,3.51,3.51,1000,0
2016-03-07,04:35:00,3.51,3.53,3.51,3.52,56500,0
2016-03-07,04:40:00,3.52,3.54,3.52,3.53,42500,0
2016-03-07,04:45:00,3.53,3.53,3.51,3.51,102000,0
2016-03-07,05:00:00,3.51,3.53,3.51,3.51,9000,0
2016-03-07,06:05:00,3.51,3.53,3.51,3.51,5500,0
2016-03-07,06:50:00,3.51,3.51,3.51,3.51,500,0
2016-03-07,07:00:00,3.51,3.51,3.5,3.5,47000,0
2016-03-07,07:05:00,3.5,3.5,3.5,3.5,23595,0
2016-03-07,07:10:00,3.5,3.5,3.49,3.49,1000,0
2016-03-07,07:15:00,3.49,3.49,3.48,3.49,65000,0
2016-03-07,07:25:00,3.49,3.51,3.49,3.5,37500,0
2016-03-07,07:30:00,3.5,3.5,3.5,3.5,34000,0
2016-03-07,07:45:00,3.5,3.51,3.5,3.51,24000,0
2016-03-07,07:50:00,3.51,3.51,3.5,3.5,105500,0
2016-03-07,07:55:00,3.5,3.5,3.5,3.5,500,0
2016-03-07,08:00:00,3.5,3.51,3.5,3.51,7500,0
2016-03-07,08:10:00,3.51,3.51,3.51,3.51,5000,0
2016-03-07,08:15:00,3.51,3.51,3.5,3.5,2000,0
2016-03-07,08:25:00,3.5,3.51,3.5,3.51,1000,0
2016-03-07,08:30:00,3.51,3.51,3.51,3.51,25000,0
2016-03-07,08:35:00,3.51,3.53,3.51,3.51,19500,0
2016-03-07,08:40:00,3.52,3.52,3.52,3.52,1500,0
2016-03-07,08:45:00,3.52,3.52,3.5,3.5,32000,0
2016-03-07,08:55:00,3.5,3.51,3.5,3.51,46000,0
2016-03-07,09:00:00,3.51,3.51,3.51,3.51,4000,0
2016-03-08,02:35:00,3.58,3.58,3.51,3.57,3000,0
2016-03-08,02:40:00,3.57,3.58,3.56,3.56,54000,0
2016-03-08,02:45:00,3.55,3.55,3.54,3.54,7000,0
2016-03-08,02:55:00,3.52,3.52,3.48,3.48,9000,0
2016-03-08,03:00:00,3.48,3.48,3.45,3.45,7000,0
2016-03-08,03:05:00,3.45,3.45,3.45,3.45,5000,0
2016-03-08,03:10:00,3.45,3.47,3.45,3.47,2000,0
2016-03-08,03:20:00,3.47,3.47,3.47,3.47,1000,0
2016-03-08,04:00:00,3.48,3.51,3.48,3.51,1500,0
2016-03-08,04:05:00,3.51,3.52,3.51,3.52,4000,0
2016-03-08,04:15:00,3.52,3.52,3.52,3.52,1500,0
2016-03-08,04:20:00,3.52,3.52,3.51,3.51,2000,0
2016-03-08,04:25:00,3.51,3.52,3.51,3.52,9000,0
2016-03-08,04:35:00,3.52,3.54,3.51,3.51,75000,0
2016-03-08,04:40:00,3.51,3.51,3.49,3.49,1000,0
2016-03-08,04:45:00,3.49,3.5,3.49,3.5,1000,0
2016-03-08,04:55:00,3.5,3.5,3.49,3.49,1000,0
2016-03-08,05:00:00,3.49,3.49,3.49,3.49,1000,0
2016-03-08,06:05:00,3.49,3.49,3.48,3.48,1000,0
2016-03-08,06:10:00,3.48,3.49,3.48,3.49,11000,0
2016-03-08,06:15:00,3.49,3.49,3.49,3.49,3500,0
2016-03-08,06:20:00,3.49,3.49,3.46,3.49,56500,0
2016-03-08,06:25:00,3.49,3.49,3.48,3.48,10000,0
2016-03-08,06:30:00,3.48,3.48,3.46,3.46,1000,0
2016-03-08,06:40:00,3.46,3.47,3.46,3.47,11500,0
2016-03-08,06:45:00,3.47,3.47,3.46,3.47,16000,0
2016-03-08,06:50:00,3.47,3.48,3.47,3.48,25000,0
2016-03-08,06:55:00,3.48,3.48,3.47,3.47,7500,0
2016-03-08,07:00:00,3.47,3.48,3.47,3.47,17500,0
2016-03-08,07:05:00,3.47,3.47,3.46,3.46,6500,0
2016-03-08,07:15:00,3.46,3.46,3.45,3.46,1500,0
2016-03-08,07:25:00,3.46,3.47,3.46,3.47,13500,0
2016-03-08,07:30:00,3.47,3.48,3.47,3.47,2000,0
2016-03-08,07:35:00,3.47,3.47,3.47,3.47,2000,0
2016-03-08,07:45:00,3.47,3.47,3.47,3.47,8500,0
2016-03-08,07:50:00,3.47,3.48,3.46,3.47,50500,0
2016-03-08,07:55:00,3.47,3.47,3.46,3.46,12000,0
2016-03-08,08:05:00,3.47,3.48,3.47,3.47,23500,0
2016-03-08,08:15:00,3.48,3.48,3.48,3.48,1500,0
2016-03-08,09:00:00,3.48,3.48,3.46,3.47,131500,0
2016-03-09,03:35:00,3.44,3.47,3.44,3.44,20500,0
2016-03-09,03:45:00,3.44,3.44,3.42,3.43,1500,0
2016-03-09,04:00:00,3.44,3.44,3.42,3.43,20000,0
2016-03-09,04:05:00,3.43,3.44,3.42,3.44,12000,0
2016-03-09,04:20:00,3.42,3.43,3.42,3.43,38000,0
2016-03-09,04:25:00,3.43,3.44,3.43,3.44,4500,0
2016-03-09,04:40:00,3.44,3.44,3.43,3.43,1000,0
2016-03-09,04:50:00,3.43,3.43,3.42,3.42,22500,0
2016-03-09,04:55:00,3.42,3.42,3.42,3.42,500,0
2016-03-09,05:00:00,3.42,3.42,3.42,3.42,5500,0
2016-03-09,06:10:00,3.42,3.43,3.42,3.43,28000,0
2016-03-09,06:15:00,3.43,3.43,3.42,3.42,20000,0
2016-03-09,06:20:00,3.42,3.43,3.42,3.42,3000,0
2016-03-09,06:30:00,3.42,3.43,3.42,3.43,19500,0
2016-03-09,06:40:00,3.43,3.43,3.43,3.43,500,0
2016-03-09,06:45:00,3.43,3.43,3.42,3.43,14500,0
2016-03-09,06:55:00,3.43,3.43,3.42,3.42,1000,0
2016-03-09,07:05:00,3.42,3.43,3.42,3.43,18500,0
2016-03-09,07:20:00,3.43,3.43,3.43,3.43,5000,0
2016-03-09,07:25:00,3.43,3.44,3.43,3.44,180000,0
2016-03-09,07:30:00,3.44,3.44,3.43,3.43,2500,0
2016-03-09,08:25:00,3.44,3.44,3.43,3.43,12000,0
2016-03-09,08:35:00,3.43,3.43,3.43,3.43,500,0
2016-03-09,08:55:00,3.44,3.45,3.44,3.44,21000,0
2016-03-09,09:00:00,3.44,3.44,3.44,3.44,1000,0
2016-03-10,02:35:00,3.45,3.45,3.44,3.45,10000,0
2016-03-10,02:40:00,3.45,3.46,3.45,3.46,1000,0
2016-03-10,02:45:00,3.46,3.47,3.43,3.43,40500,0
2016-03-10,03:15:00,3.45,3.46,3.45,3.46,48500,0
2016-03-10,03:20:00,3.46,3.46,3.46,3.46,4000,0
2016-03-10,03:25:00,3.46,3.46,3.45,3.45,100000,0
2016-03-10,03:35:00,3.45,3.45,3.42,3.43,92000,0
2016-03-10,03:40:00,3.43,3.44,3.43,3.44,1500,0
2016-03-10,03:45:00,3.44,3.45,3.44,3.45,7500,0
2016-03-10,03:50:00,3.45,3.45,3.44,3.44,8000,0
2016-03-10,03:55:00,3.44,3.44,3.44,3.44,500,0
2016-03-10,04:15:00,3.44,3.44,3.44,3.44,500,0
2016-03-10,04:35:00,3.44,3.44,3.44,3.44,500,0
2016-03-10,04:40:00,3.44,3.44,3.44,3.44,4000,0
2016-03-10,06:05:00,3.44,3.44,3.44,3.44,500,0
2016-03-10,06:25:00,3.44,3.44,3.44,3.44,500,0
2016-03-10,06:50:00,3.44,3.44,3.44,3.44,500,0
2016-03-10,07:05:00,3.44,3.44,3.44,3.44,500,0
2016-03-10,07:15:00,3.44,3.44,3.44,3.44,500,0
2016-03-10,07:20:00,3.44,3.44,3.44,3.44,13000,0
2016-03-10,07:35:00,3.44,3.44,3.44,3.44,500,0
2016-03-10,07:40:00,3.44,3.44,3.44,3.44,26000,0
2016-03-10,07:50:00,3.44,3.44,3.44,3.44,1000,0
2016-03-10,08:00:00,3.44,3.44,3.43,3.43,12000,0
2016-03-10,08:20:00,3.43,3.43,3.42,3.42,11500,0
2016-03-10,08:25:00,3.42,3.42,3.42,3.42,27000,0
2016-03-10,08:40:00,3.4,3.41,3.4,3.41,21000,0
2016-03-10,08:45:00,3.41,3.41,3.41,3.41,500,0
2016-03-11,02:45:00,3.4,3.4,3.4,3.4,13000,0
2016-03-11,03:05:00,3.38,3.4,3.38,3.4,1000,0
2016-03-11,03:20:00,3.4,3.41,3.4,3.41,1500,0
2016-03-11,03:35:00,3.41,3.43,3.41,3.43,15000,0
2016-03-11,03:40:00,3.43,3.43,3.43,3.43,2500,0
2016-03-11,03:45:00,3.43,3.43,3.43,3.43,2500,0
2016-03-11,03:50:00,3.43,3.43,3.43,3.43,500,0
2016-03-11,03:55:00,3.43,3.43,3.41,3.41,8000,0
2016-03-11,04:10:00,3.41,3.41,3.41,3.41,10500,0
2016-03-11,04:15:00,3.41,3.41,3.41,3.41,42500,0
2016-03-11,04:25:00,3.41,3.42,3.41,3.42,22000,0
2016-03-11,04:30:00,3.42,3.43,3.42,3.43,25000,0
2016-03-11,04:35:00,3.43,3.43,3.42,3.42,41500,0
2016-03-11,04:40:00,3.43,3.43,3.43,3.43,2000,0
2016-03-11,04:45:00,3.43,3.43,3.43,3.43,3500,0
2016-03-11,04:50:00,3.43,3.43,3.42,3.43,12000,0
2016-03-11,05:00:00,3.43,3.44,3.43,3.44,1000,0
2016-03-11,06:30:00,3.44,3.44,3.43,3.43,2500,0
2016-03-11,06:55:00,3.43,3.43,3.43,3.43,10000,0
2016-03-11,07:10:00,3.43,3.43,3.42,3.42,1500,0
2016-03-11,07:15:00,3.42,3.42,3.42,3.42,5500,0
2016-03-11,07:20:00,3.42,3.42,3.42,3.42,14500,0
2016-03-11,07:25:00,3.42,3.43,3.42,3.42,6000,0
2016-03-11,07:30:00,3.42,3.43,3.42,3.43,6000,0
2016-03-11,07:40:00,3.43,3.43,3.43,3.43,1000,0
2016-03-11,07:45:00,3.43,3.43,3.42,3.42,8000,0
2016-03-11,07:50:00,3.42,3.42,3.42,3.42,1500,0
2016-03-11,07:55:00,3.42,3.43,3.42,3.42,20500,0
2016-03-11,08:05:00,3.42,3.42,3.42,3.42,1000,0
2016-03-11,08:10:00,3.42,3.42,3.42,3.42,6000,0
2016-03-11,08:15:00,3.42,3.42,3.42,3.42,5500,0
2016-03-11,08:20:00,3.42,3.43,3.42,3.42,9000,0
2016-03-11,08:30:00,3.42,3.43,3.42,3.43,11000,0
2016-03-11,08:40:00,3.43,3.43,3.43,3.43,34000,0
2016-03-11,08:50:00,3.43,3.43,3.42,3.43,8000,0
2016-03-11,08:55:00,3.43,3.43,3.43,3.43,7000,0
2016-03-11,09:00:00,3.43,3.43,3.42,3.42,9000,0
2016-03-14,02:45:00,3.42,3.42,3.42,3.42,10000,0
2016-03-14,02:50:00,3.43,3.44,3.43,3.44,4500,0
2016-03-14,02:55:00,3.44,3.45,3.43,3.45,112000,0
2016-03-14,03:00:00,3.45,3.45,3.44,3.44,8500,0
2016-03-14,03:10:00,3.44,3.45,3.43,3.43,55500,0
2016-03-14,03:15:00,3.43,3.44,3.43,3.44,12000,0
2016-03-14,03:20:00,3.44,3.45,3.44,3.44,98000,0
2016-03-14,03:25:00,3.44,3.45,3.44,3.45,5000,0
2016-03-14,03:30:00,3.45,3.45,3.44,3.44,29500,0
2016-03-14,03:35:00,3.44,3.45,3.44,3.44,57500,0
2016-03-14,03:40:00,3.44,3.44,3.44,3.44,500,0
2016-03-14,03:45:00,3.44,3.45,3.44,3.45,10000,0
2016-03-14,04:15:00,3.45,3.46,3.45,3.45,57000,0
2016-03-14,04:35:00,3.45,3.46,3.44,3.44,136500,0
2016-03-14,05:00:00,3.45,3.46,3.45,3.45,34500,0
2016-03-14,06:05:00,3.45,3.46,3.44,3.44,143500,0
2016-03-14,06:10:00,3.44,3.45,3.44,3.44,9000,0
2016-03-14,06:15:00,3.44,3.45,3.44,3.44,35000,0
2016-03-14,06:20:00,3.44,3.45,3.44,3.44,17500,0
2016-03-14,06:40:00,3.44,3.45,3.44,3.44,92000,0
2016-03-14,07:40:00,3.44,3.45,3.44,3.44,16000,0
2016-03-14,08:45:00,3.44,3.44,3.43,3.43,136000,0
2016-03-14,08:50:00,3.43,3.43,3.4,3.41,233500,0
2016-03-14,08:55:00,3.41,3.43,3.41,3.43,113500,0
2016-03-14,09:00:00,3.43,3.43,3.42,3.42,18500,0
2016-03-15,02:35:00,3.45,3.45,3.42,3.45,1000,0
2016-03-15,02:40:00,3.44,3.45,3.41,3.41,6000,0
2016-03-15,02:45:00,3.41,3.41,3.39,3.39,54000,0
2016-03-15,02:50:00,3.39,3.41,3.39,3.39,12000,0
2016-03-15,03:00:00,3.4,3.42,3.4,3.42,6500,0
2016-03-15,03:15:00,3.43,3.43,3.41,3.41,3500,0
2016-03-15,04:00:00,3.41,3.41,3.4,3.4,36000,0
2016-03-15,04:10:00,3.4,3.4,3.39,3.39,22000,0
2016-03-15,04:15:00,3.39,3.39,3.37,3.39,9000,0
2016-03-15,06:05:00,3.39,3.39,3.39,3.39,500,0
2016-03-15,06:20:00,3.39,3.39,3.39,3.39,1500,0
2016-03-15,06:30:00,3.39,3.39,3.37,3.37,23000,0
2016-03-15,06:40:00,3.37,3.38,3.37,3.37,22500,0
2016-03-15,06:45:00,3.37,3.38,3.37,3.38,5000,0
2016-03-15,06:50:00,3.38,3.38,3.37,3.37,15000,0
2016-03-15,08:20:00,3.37,3.38,3.37,3.37,23000,0
2016-03-15,08:40:00,3.37,3.38,3.37,3.38,2000,0
2016-03-15,08:55:00,3.38,3.38,3.36,3.37,12000,0
2016-03-16,03:05:00,3.39,3.39,3.38,3.39,4500,0
2016-03-16,03:10:00,3.39,3.4,3.37,3.37,71000,0
2016-03-16,03:15:00,3.37,3.38,3.37,3.37,3000,0
2016-03-16,03:40:00,3.37,3.38,3.37,3.37,4000,0
2016-03-16,03:50:00,3.38,3.38,3.36,3.36,33500,0
2016-03-16,03:55:00,3.36,3.36,3.35,3.35,31500,0
2016-03-16,04:00:00,3.35,3.36,3.35,3.35,5500,0
2016-03-16,04:05:00,3.35,3.36,3.35,3.35,38000,0
2016-03-16,04:10:00,3.35,3.35,3.35,3.35,500,0
2016-03-16,04:15:00,3.35,3.35,3.35,3.35,15500,0
2016-03-16,04:20:00,3.35,3.35,3.35,3.35,500,0
2016-03-16,04:25:00,3.35,3.36,3.35,3.36,2000,0
2016-03-16,06:05:00,3.34,3.35,3.34,3.35,3500,0
2016-03-16,06:15:00,3.35,3.37,3.35,3.37,54500,0
2016-03-16,06:20:00,3.37,3.37,3.36,3.37,68500,0
2016-03-16,06:25:00,3.37,3.38,3.37,3.37,29000,0
2016-03-16,06:55:00,3.37,3.39,3.37,3.37,22500,0
2016-03-16,07:35:00,3.37,3.37,3.37,3.37,500,0
2016-03-16,07:45:00,3.37,3.37,3.37,3.37,500,0
2016-03-16,07:55:00,3.37,3.38,3.37,3.38,3000,0
2016-03-16,08:00:00,3.38,3.39,3.38,3.39,2000,0
2016-03-16,08:05:00,3.39,3.39,3.38,3.38,24000,0
2016-03-16,08:10:00,3.38,3.39,3.38,3.39,4000,0
2016-03-16,08:15:00,3.39,3.39,3.39,3.39,10000,0
2016-03-16,08:25:00,3.39,3.39,3.39,3.39,5000,0
2016-03-16,08:30:00,3.39,3.39,3.38,3.38,2000,0
2016-03-16,08:35:00,3.38,3.38,3.38,3.38,500,0
2016-03-16,08:40:00,3.38,3.38,3.37,3.37,5000,0
2016-03-16,08:45:00,3.37,3.38,3.37,3.38,20500,0
2016-03-16,08:50:00,3.38,3.39,3.38,3.39,2000,0
2016-03-16,09:00:00,3.39,3.39,3.35,3.35,840000,0
2016-03-17,02:35:00,3.37,3.37,3.3,3.34,60500,0
2016-03-17,02:40:00,3.34,3.34,3.34,3.34,4500,0
2016-03-17,02:45:00,3.35,3.36,3.35,3.36,2000,0
2016-03-17,03:00:00,3.36,3.37,3.36,3.37,1000,0
2016-03-17,03:05:00,3.37,3.37,3.37,3.37,2500,0
2016-03-17,03:10:00,3.37,3.37,3.37,3.37,2500,0
2016-03-17,03:20:00,3.37,3.37,3.37,3.37,9000,0
2016-03-17,03:30:00,3.37,3.37,3.37,3.37,1000,0
2016-03-17,04:05:00,3.37,3.38,3.37,3.38,17500,0
2016-03-17,04:10:00,3.38,3.38,3.38,3.38,1000,0
2016-03-17,04:15:00,3.38,3.38,3.38,3.38,500,0
2016-03-17,04:20:00,3.38,3.39,3.38,3.39,106500,0
2016-03-17,04:25:00,3.39,3.39,3.39,3.39,36000,0
2016-03-17,04:30:00,3.39,3.4,3.39,3.39,30500,0
2016-03-17,04:35:00,3.39,3.4,3.39,3.39,23000,0
2016-03-17,04:40:00,3.39,3.4,3.39,3.4,3500,0
2016-03-17,04:50:00,3.4,3.4,3.39,3.39,20500,0
2016-03-17,04:55:00,3.4,3.4,3.4,3.4,500,0
2016-03-17,06:05:00,3.4,3.4,3.4,3.4,500,0
2016-03-17,06:10:00,3.4,3.4,3.4,3.4,500,0
2016-03-17,06:15:00,3.4,3.4,3.4,3.4,500,0
2016-03-17,06:20:00,3.4,3.4,3.4,3.4,12500,0
2016-03-17,06:35:00,3.4,3.4,3.4,3.4,7500,0
2016-03-17,06:40:00,3.4,3.4,3.4,3.4,8000,0
2016-03-17,06:55:00,3.4,3.44,3.4,3.42,37000,0
2016-03-17,07:00:00,3.42,3.42,3.4,3.4,22500,0
2016-03-17,07:20:00,3.4,3.41,3.4,3.41,3500,0
2016-03-17,07:35:00,3.41,3.41,3.41,3.41,2500,0
2016-03-17,07:40:00,3.41,3.41,3.41,3.41,500,0
2016-03-17,07:45:00,3.41,3.41,3.4,3.4,2000,0
2016-03-17,07:55:00,3.4,3.4,3.4,3.4,1000,0
2016-03-17,08:15:00,3.4,3.41,3.4,3.41,24000,0
2016-03-17,08:35:00,3.41,3.43,3.4,3.4,39500,0
2016-03-17,08:45:00,3.4,3.43,3.4,3.43,23000,0
2016-03-17,08:50:00,3.43,3.43,3.41,3.41,20500,0
2016-03-17,08:55:00,3.41,3.43,3.41,3.42,30500,0
2016-03-17,09:00:00,3.42,3.42,3.39,3.4,137500,0
2016-03-18,02:45:00,3.39,3.4,3.39,3.39,10000,0
2016-03-18,02:50:00,3.39,3.4,3.39,3.39,6226,0
2016-03-18,02:55:00,3.39,3.4,3.39,3.39,18500,0
2016-03-18,03:00:00,3.39,3.39,3.35,3.35,151000,0
2016-03-18,03:05:00,3.35,3.36,3.34,3.35,174500,0
2016-03-18,03:10:00,3.35,3.35,3.28,3.3,417500,0
2016-03-18,03:15:00,3.28,3.31,3.28,3.31,107500,0
2016-03-18,03:20:00,3.31,3.31,3.31,3.31,46000,0
2016-03-18,03:45:00,3.35,3.36,3.35,3.36,14500,0
2016-03-18,03:50:00,3.36,3.37,3.36,3.37,4000,0
2016-03-18,03:55:00,3.37,3.38,3.37,3.38,57000,0
2016-03-18,04:00:00,3.38,3.38,3.38,3.38,17500,0
2016-03-18,04:05:00,3.38,3.4,3.38,3.4,6000,0
2016-03-18,04:10:00,3.4,3.41,3.4,3.41,182000,0
2016-03-18,04:20:00,3.4,3.4,3.39,3.39,60500,0
2016-03-18,04:25:00,3.39,3.4,3.39,3.4,21000,0
2016-03-18,04:35:00,3.4,3.4,3.4,3.4,10000,0
2016-03-18,04:40:00,3.4,3.4,3.4,3.4,48000,0
2016-03-18,04:50:00,3.39,3.39,3.37,3.37,18000,0
2016-03-18,05:00:00,3.37,3.37,3.37,3.37,500,0
2016-03-18,06:15:00,3.37,3.38,3.37,3.38,9500,0
2016-03-18,06:20:00,3.38,3.38,3.38,3.38,11000,0
2016-03-18,06:35:00,3.38,3.38,3.38,3.38,2000,0
2016-03-18,06:50:00,3.38,3.39,3.38,3.39,9000,0
2016-03-18,07:00:00,3.39,3.39,3.38,3.39,47500,0
2016-03-18,07:10:00,3.39,3.39,3.39,3.39,7500,0
2016-03-18,07:15:00,3.39,3.39,3.39,3.39,1500,0
2016-03-18,07:20:00,3.39,3.39,3.38,3.38,44500,0
2016-03-18,07:35:00,3.38,3.39,3.38,3.39,10500,0
2016-03-18,07:50:00,3.39,3.39,3.39,3.39,10000,0
2016-03-18,07:55:00,3.39,3.39,3.39,3.39,500,0
2016-03-18,08:10:00,3.39,3.39,3.39,3.39,2000,0
2016-03-18,08:20:00,3.39,3.39,3.39,3.39,500,0
2016-03-18,08:40:00,3.39,3.39,3.39,3.39,23000,0
2016-03-18,08:55:00,3.39,3.39,3.39,3.39,8000,0
2016-03-18,09:00:00,3.39,3.4,3.38,3.38,12000,0
2016-03-21,02:35:00,3.39,3.4,3.38,3.4,9000,0
2016-03-21,02:40:00,3.4,3.41,3.4,3.4,33500,0
2016-03-21,02:45:00,3.4,3.4,3.4,3.4,2500,0
2016-03-21,02:55:00,3.4,3.42,3.37,3.37,46000,0
2016-03-21,03:00:00,3.37,3.39,3.36,3.37,140500,0
2016-03-21,03:05:00,3.38,3.39,3.38,3.39,23000,0
2016-03-21,03:10:00,3.39,3.4,3.39,3.4,30000,0
2016-03-21,03:15:00,3.4,3.42,3.4,3.42,2000,0
2016-03-21,03:25:00,3.42,3.44,3.42,3.44,36500,0
2016-03-21,03:30:00,3.44,3.46,3.44,3.46,38500,0
2016-03-21,03:35:00,3.46,3.46,3.44,3.44,1500,0
2016-03-21,03:40:00,3.44,3.46,3.43,3.43,118000,0
2016-03-21,03:45:00,3.43,3.46,3.43,3.43,57000,0
2016-03-21,03:50:00,3.43,3.46,3.43,3.45,67000,0
2016-03-21,03:55:00,3.45,3.45,3.43,3.43,64000,0
2016-03-21,04:10:00,3.43,3.44,3.43,3.44,10000,0
2016-03-21,04:25:00,3.44,3.44,3.44,3.44,19500,0
2016-03-21,04:30:00,3.44,3.44,3.44,3.44,25000,0
2016-03-21,04:35:00,3.44,3.44,3.44,3.44,500,0
2016-03-21,04:40:00,3.44,3.45,3.44,3.44,78500,0
2016-03-21,04:45:00,3.44,3.45,3.44,3.45,2000,0
2016-03-21,04:55:00,3.45,3.45,3.45,3.45,5500,0
2016-03-21,05:00:00,3.45,3.45,3.44,3.44,19000,0
2016-03-21,06:05:00,3.44,3.45,3.44,3.45,35000,0
2016-03-21,06:10:00,3.45,3.46,3.44,3.45,78500,0
2016-03-21,06:15:00,3.45,3.45,3.44,3.44,15500,0
2016-03-21,06:20:00,3.44,3.46,3.44,3.45,38500,0
2016-03-21,06:25:00,3.45,3.47,3.44,3.45,38000,0
2016-03-21,06:30:00,3.45,3.46,3.45,3.45,22500,0
2016-03-21,06:40:00,3.45,3.47,3.45,3.46,52000,0
2016-03-21,06:45:00,3.46,3.5,3.46,3.49,35000,0
2016-03-21,06:50:00,3.49,3.52,3.48,3.48,146500,0
2016-03-21,06:55:00,3.48,3.48,3.47,3.48,16000,0
2016-03-21,07:00:00,3.48,3.48,3.48,3.48,20000,0
2016-03-21,07:05:00,3.48,3.5,3.47,3.49,65000,0
2016-03-21,07:10:00,3.49,3.49,3.49,3.49,1000,0
2016-03-21,07:15:00,3.49,3.51,3.49,3.49,51000,0
2016-03-21,07:35:00,3.49,3.54,3.49,3.49,162500,0
2016-03-21,08:00:00,3.5,3.5,3.5,3.5,1000,0
2016-03-21,08:05:00,3.5,3.51,3.5,3.51,2000,0
2016-03-21,08:10:00,3.51,3.51,3.51,3.51,500,0
2016-03-21,08:25:00,3.51,3.52,3.51,3.52,10000,0
2016-03-21,08:30:00,3.52,3.52,3.52,3.52,500,0
2016-03-21,08:35:00,3.52,3.53,3.52,3.53,44000,0
2016-03-21,08:45:00,3.53,3.53,3.52,3.52,33000,0
2016-03-21,08:50:00,3.52,3.54,3.52,3.54,12000,0
2016-03-21,08:55:00,3.53,3.53,3.52,3.52,124000,0
2016-03-21,09:00:00,3.52,3.52,3.48,3.48,97500,0
2016-03-22,02:35:00,3.51,3.51,3.48,3.5,4500,0
2016-03-22,02:40:00,3.5,3.53,3.5,3.53,13000,0
2016-03-22,03:00:00,3.52,3.52,3.51,3.51,18500,0
2016-03-22,03:05:00,3.51,3.51,3.47,3.48,56500,0
2016-03-22,03:10:00,3.48,3.5,3.48,3.5,11000,0
2016-03-22,03:15:00,3.5,3.51,3.5,3.51,4500,0
2016-03-22,03:25:00,3.51,3.52,3.51,3.51,2000,0
2016-03-22,03:30:00,3.51,3.52,3.51,3.52,3500,0
2016-03-22,03:35:00,3.52,3.52,3.51,3.51,1500,0
2016-03-22,03:50:00,3.51,3.51,3.51,3.51,3000,0
2016-03-22,03:55:00,3.51,3.51,3.49,3.5,9500,0
2016-03-22,04:05:00,3.5,3.51,3.5,3.5,9500,0
2016-03-22,04:30:00,3.5,3.5,3.49,3.49,1000,0
2016-03-22,04:35:00,3.49,3.49,3.49,3.49,1000,0
2016-03-22,04:40:00,3.49,3.49,3.49,3.49,2000,0
2016-03-22,04:45:00,3.49,3.49,3.49,3.49,1000,0
2016-03-22,04:50:00,3.49,3.49,3.49,3.49,1500,0
2016-03-22,05:00:00,3.49,3.49,3.48,3.48,13500,0
2016-03-22,06:05:00,3.48,3.49,3.48,3.49,10000,0
2016-03-22,06:10:00,3.49,3.5,3.49,3.5,2000,0
2016-03-22,06:30:00,3.5,3.5,3.49,3.49,1500,0
2016-03-22,06:35:00,3.49,3.5,3.49,3.5,5500,0
2016-03-22,07:05:00,3.5,3.5,3.5,3.5,4000,0
2016-03-22,07:10:00,3.5,3.55,3.49,3.5,208000,0
2016-03-22,07:20:00,3.5,3.5,3.49,3.49,19000,0
2016-03-22,07:30:00,3.49,3.5,3.49,3.5,34500,0
2016-03-22,07:45:00,3.5,3.55,3.5,3.5,151000,0
2016-03-22,07:50:00,3.5,3.55,3.5,3.51,49500,0
2016-03-22,08:00:00,3.51,3.54,3.51,3.51,3000,0
2016-03-22,08:10:00,3.51,3.51,3.51,3.51,1500,0
2016-03-22,08:15:00,3.51,3.51,3.5,3.5,7000,0
2016-03-22,08:20:00,3.5,3.5,3.5,3.5,6000,0
2016-03-22,08:25:00,3.5,3.5,3.5,3.5,2000,0
2016-03-22,08:30:00,3.5,3.51,3.5,3.5,25500,0
2016-03-22,08:35:00,3.5,3.51,3.5,3.5,9000,0
2016-03-22,08:40:00,3.5,3.5,3.5,3.5,1000,0
2016-03-22,08:45:00,3.5,3.5,3.5,3.5,4500,0
2016-03-22,08:50:00,3.5,3.5,3.5,3.5,4000,0
2016-03-22,08:55:00,3.5,3.5,3.49,3.49,39500,0
2016-03-22,09:00:00,3.49,3.49,3.46,3.47,166500,0
2016-03-23,02:35:00,3.49,3.5,3.47,3.5,1500,0
2016-03-23,02:40:00,3.5,3.55,3.5,3.5,9500,0
2016-03-23,02:45:00,3.5,3.5,3.5,3.5,4000,0
2016-03-23,02:50:00,3.5,3.5,3.5,3.5,1000,0
2016-03-23,03:05:00,3.5,3.55,3.5,3.5,7000,0
2016-03-23,03:20:00,3.51,3.51,3.51,3.51,36500,0
2016-03-23,03:25:00,3.51,3.51,3.44,3.47,200500,0
2016-03-23,03:30:00,3.47,3.47,3.45,3.45,3000,0
2016-03-23,03:35:00,3.45,3.47,3.45,3.47,2000,0
2016-03-23,03:40:00,3.47,3.52,3.47,3.52,78000,0
2016-03-23,03:50:00,3.49,3.51,3.49,3.51,6500,0
2016-03-23,03:55:00,3.51,3.51,3.51,3.51,7000,0
2016-03-23,04:00:00,3.51,3.52,3.51,3.52,1000,0
2016-03-23,04:05:00,3.52,3.52,3.52,3.52,8500,0
2016-03-23,04:10:00,3.52,3.52,3.52,3.52,500,0
2016-03-23,04:15:00,3.52,3.52,3.51,3.51,5000,0
2016-03-23,04:20:00,3.51,3.52,3.51,3.52,6500,0
2016-03-23,04:25:00,3.52,3.52,3.51,3.51,1000,0
2016-03-23,04:30:00,3.51,3.51,3.5,3.5,14500,0
2016-03-23,04:40:00,3.5,3.51,3.5,3.5,3500,0
2016-03-23,04:45:00,3.5,3.51,3.5,3.51,1500,0
2016-03-23,04:55:00,3.51,3.51,3.51,3.51,500,0
2016-03-23,05:00:00,3.51,3.51,3.5,3.5,2000,0
2016-03-23,06:05:00,3.5,3.52,3.5,3.52,12000,0
2016-03-23,06:20:00,3.52,3.52,3.52,3.52,6000,0
2016-03-23,06:35:00,3.52,3.52,3.52,3.52,1500,0
2016-03-23,06:50:00,3.52,3.52,3.52,3.52,1000,0
2016-03-23,07:05:00,3.52,3.55,3.5,3.55,110000,0
2016-03-23,07:10:00,3.54,3.55,3.51,3.51,66000,0
2016-03-23,07:15:00,3.52,3.52,3.52,3.52,3500,0
2016-03-23,07:20:00,3.52,3.52,3.51,3.51,50000,0
2016-03-23,07:25:00,3.51,3.54,3.51,3.51,370000,0
2016-03-23,07:40:00,3.51,3.51,3.51,3.51,1000,0
2016-03-23,07:50:00,3.51,3.51,3.51,3.51,1000,0
2016-03-23,08:05:00,3.51,3.52,3.49,3.49,14500,0
2016-03-23,08:10:00,3.49,3.51,3.49,3.51,39000,0
2016-03-23,08:20:00,3.51,3.51,3.51,3.51,1000,0
2016-03-23,08:25:00,3.51,3.51,3.51,3.51,4500,0
2016-03-23,08:30:00,3.51,3.51,3.51,3.51,1000,0
2016-03-23,08:40:00,3.51,3.51,3.51,3.51,3500,0
2016-03-23,08:50:00,3.51,3.52,3.51,3.51,4500,0
2016-03-23,08:55:00,3.51,3.51,3.51,3.51,49500,0
2016-03-23,09:00:00,3.51,3.52,3.5,3.52,5500,0
2016-03-24,02:35:00,3.08,3.15,3.05,3.07,831500,0
2016-03-24,02:40:00,3.07,3.07,3,3.03,875500,0
2016-03-24,02:45:00,3.03,3.07,3.03,3.07,330500,0
2016-03-24,02:50:00,3.07,3.11,3.07,3.11,489500,0
2016-03-24,02:55:00,3.11,3.11,3.07,3.07,198500,0
2016-03-24,03:00:00,3.07,3.09,3.07,3.09,90500,0
2016-03-24,03:05:00,3.09,3.1,3.08,3.1,141500,0
2016-03-24,03:10:00,3.1,3.1,3.08,3.08,133500,0
2016-03-24,03:15:00,3.08,3.08,3.05,3.07,377500,0
2016-03-24,03:20:00,3.07,3.08,3.04,3.04,566000,0
2016-03-24,03:25:00,3.05,3.05,3.04,3.05,53000,0
2016-03-24,03:30:00,3.05,3.08,3.04,3.07,469500,0
2016-03-24,03:35:00,3.07,3.07,3.03,3.05,675500,0
2016-03-24,03:40:00,3.05,3.05,3.02,3.03,458000,0
2016-03-24,03:45:00,3.03,3.03,2.98,3,884000,0
2016-03-24,03:50:00,3,3.03,3,3.02,48500,0
2016-03-24,03:55:00,3.02,3.04,2.99,3,335000,0
2016-03-24,04:00:00,3,3.03,3,3.01,261000,0
2016-03-24,04:05:00,3.01,3.01,2.99,3.01,325000,0
2016-03-24,04:10:00,3.01,3.03,3,3.02,231500,0
2016-03-24,04:15:00,3.02,3.02,3,3,137500,0
2016-03-24,04:20:00,3,3,3,3,137500,0
2016-03-24,04:25:00,3,3.01,3,3,363500,0
2016-03-24,04:30:00,3,3.01,3,3.01,52500,0
2016-03-24,04:35:00,3.01,3.01,3,3,77500,0
2016-03-24,04:40:00,3,3.01,3,3.01,211000,0
2016-03-24,04:45:00,3.01,3.01,3,3.01,101500,0
2016-03-24,04:50:00,3.01,3.01,2.99,3,213500,0
2016-03-24,04:55:00,3,3.01,3,3,21500,0
2016-03-24,05:00:00,3,3.01,3,3.01,8000,0
2016-03-24,06:05:00,3.01,3.01,3.01,3.01,14500,0
2016-03-24,06:10:00,3.01,3.01,3.01,3.01,29000,0
2016-03-24,06:15:00,3.01,3.01,3,3,40000,0
2016-03-24,06:20:00,3,3.01,3,3,200000,0
2016-03-24,06:25:00,3,3.01,3,3.01,27000,0
2016-03-24,06:30:00,3.01,3.01,3,3.01,29000,0
2016-03-24,06:35:00,3.01,3.02,3.01,3.01,21500,0
2016-03-24,06:40:00,3.01,3.01,3.01,3.01,29500,0
2016-03-24,06:45:00,3.01,3.01,3.01,3.01,10500,0
2016-03-24,06:50:00,3.01,3.02,3,3,294000,0
2016-03-24,06:55:00,3,3,3,3,5000,0
2016-03-24,07:00:00,3,3.01,3,3.01,18000,0
2016-03-24,07:05:00,3.01,3.01,3,3,133500,0
2016-03-24,07:10:00,3,3.01,3,3.01,36500,0
2016-03-24,07:15:00,3.01,3.01,3.01,3.01,36000,0
2016-03-24,07:25:00,3.01,3.01,3.01,3.01,1000,0
2016-03-24,07:30:00,3.01,3.01,3.01,3.01,137000,0
2016-03-24,07:35:00,3.01,3.01,3,3.01,195000,0
2016-03-24,07:40:00,3.01,3.01,3.01,3.01,5500,0
2016-03-24,07:45:00,3.01,3.01,3.01,3.01,5000,0
2016-03-24,07:50:00,3.01,3.01,2.99,3.01,45500,0
2016-03-24,07:55:00,3.01,3.01,3,3.01,6000,0
2016-03-24,08:00:00,3.01,3.01,3,3.01,26000,0
2016-03-24,08:05:00,3.01,3.01,3.01,3.01,20500,0
2016-03-24,08:10:00,3.01,3.01,3.01,3.01,34000,0
2016-03-24,08:15:00,3.01,3.02,3.01,3.02,25000,0
2016-03-24,08:20:00,3.02,3.02,3.01,3.01,54000,0
2016-03-24,08:25:00,3.01,3.01,3.01,3.01,500,0
2016-03-24,08:30:00,3.01,3.01,3.01,3.01,32500,0
2016-03-24,08:35:00,3.01,3.01,3.01,3.01,45000,0
2016-03-24,08:40:00,3.01,3.01,2.99,3,254500,0
2016-03-24,08:45:00,3,3.01,3,3.01,49000,0
2016-03-24,08:50:00,3.01,3.01,3.01,3.01,8000,0
2016-03-24,08:55:00,3.01,3.01,3.01,3.01,14000,0
2016-03-24,09:00:00,3.01,3.01,3,3,153000,0
2016-03-29,03:35:00,2.98,3.02,2.98,2.99,22000,0
2016-03-29,03:40:00,2.99,3,2.99,3,96000,0
2016-03-29,03:45:00,3,3,2.98,2.98,154000,0
2016-03-29,03:50:00,2.98,2.98,2.98,2.98,12000,0
2016-03-29,03:55:00,2.98,2.98,2.93,2.93,134000,0
2016-03-29,04:00:00,2.93,2.95,2.93,2.94,160500,0
2016-03-29,04:05:00,2.94,2.95,2.93,2.94,72000,0
2016-03-29,04:10:00,2.95,2.95,2.94,2.94,48000,0
2016-03-29,04:15:00,2.94,2.95,2.94,2.95,141000,0
2016-03-29,04:20:00,2.95,2.95,2.95,2.95,12000,0
2016-03-29,04:25:00,2.95,2.95,2.94,2.94,108500,0
2016-03-29,04:30:00,2.94,2.95,2.94,2.95,5500,0
2016-03-29,04:35:00,2.95,2.95,2.93,2.93,210500,0
2016-03-29,04:40:00,2.94,2.94,2.93,2.93,20000,0
2016-03-29,04:45:00,2.93,2.95,2.93,2.95,45500,0
2016-03-29,04:50:00,2.95,2.95,2.93,2.93,223000,0
2016-03-29,04:55:00,2.93,2.94,2.93,2.93,18000,0
2016-03-29,05:00:00,2.93,2.94,2.93,2.94,2000,0
2016-03-29,05:05:00,2.94,2.94,2.93,2.93,7500,0
2016-03-29,05:10:00,2.93,2.93,2.93,2.93,12000,0
2016-03-29,05:15:00,2.93,2.95,2.93,2.93,87000,0
2016-03-29,05:25:00,2.94,2.94,2.94,2.94,12500,0
2016-03-29,05:35:00,2.94,2.94,2.93,2.94,2500,0
2016-03-29,05:40:00,2.94,2.94,2.93,2.93,36000,0
2016-03-29,05:45:00,2.93,2.95,2.93,2.94,25500,0
2016-03-29,05:55:00,2.94,2.94,2.93,2.93,12000,0
2016-03-29,07:15:00,2.93,2.95,2.93,2.94,153000,0
2016-03-29,07:20:00,2.94,2.95,2.94,2.95,37000,0
2016-03-29,07:25:00,2.95,2.95,2.95,2.95,2500,0
2016-03-29,07:30:00,2.95,2.95,2.92,2.93,1267500,0
2016-03-29,07:35:00,2.93,2.95,2.93,2.95,93000,0
2016-03-29,08:05:00,2.94,2.94,2.93,2.93,11000,0
2016-03-29,08:20:00,2.93,2.94,2.93,2.94,12500,0
2016-03-29,08:25:00,2.94,2.94,2.94,2.94,6000,0
2016-03-29,08:40:00,2.94,2.94,2.94,2.94,23500,0
2016-03-29,08:50:00,2.94,2.94,2.93,2.93,18000,0
2016-03-29,09:05:00,2.93,2.93,2.93,2.93,500,0
2016-03-29,09:10:00,2.93,2.93,2.93,2.93,1000,0
2016-03-29,09:15:00,2.93,2.93,2.93,2.93,500,0
2016-03-29,09:25:00,2.93,2.93,2.93,2.93,4000,0
2016-03-29,09:30:00,2.93,2.93,2.93,2.93,26500,0
2016-03-29,09:35:00,2.93,2.93,2.92,2.93,22500,0
2016-03-29,09:40:00,2.93,2.93,2.93,2.93,15000,0
2016-03-29,09:45:00,2.93,2.93,2.93,2.93,18500,0
2016-03-29,09:50:00,2.93,2.93,2.93,2.93,44000,0
2016-03-29,09:55:00,2.93,2.93,2.93,2.93,1500,0
2016-03-29,10:00:00,2.93,2.94,2.93,2.93,117000,0
2016-03-30,03:35:00,2.91,2.92,2.91,2.92,1000,0
2016-03-30,03:40:00,2.93,2.93,2.93,2.93,2000,0
2016-03-30,03:45:00,2.93,2.98,2.93,2.97,86000,0
2016-03-30,03:50:00,2.97,2.97,2.96,2.97,4500,0
2016-03-30,03:55:00,2.97,2.97,2.96,2.97,23500,0
2016-03-30,04:00:00,2.97,2.98,2.97,2.98,31000,0
2016-03-30,04:05:00,2.98,2.98,2.96,2.97,130500,0
2016-03-30,04:10:00,2.97,2.98,2.97,2.98,25500,0
2016-03-30,04:15:00,2.98,2.98,2.96,2.97,36000,0
2016-03-30,04:20:00,2.97,2.97,2.96,2.96,2500,0
2016-03-30,04:25:00,2.96,2.96,2.96,2.96,4000,0
2016-03-30,04:30:00,2.96,2.97,2.96,2.97,29500,0
2016-03-30,04:35:00,2.97,2.97,2.97,2.97,3000,0
2016-03-30,04:40:00,2.97,2.98,2.97,2.97,15000,0
2016-03-30,04:45:00,2.97,2.97,2.97,2.97,11500,0
2016-03-30,04:55:00,2.97,2.97,2.96,2.96,23500,0
2016-03-30,05:00:00,2.96,2.96,2.96,2.96,6500,0
2016-03-30,05:05:00,2.96,2.96,2.96,2.96,23500,0
2016-03-30,05:10:00,2.96,2.96,2.96,2.96,2000,0
2016-03-30,05:15:00,2.96,2.96,2.96,2.96,8000,0
2016-03-30,05:20:00,2.96,2.96,2.96,2.96,8500,0
2016-03-30,05:25:00,2.96,2.96,2.96,2.96,500,0
2016-03-30,05:35:00,2.96,2.96,2.96,2.96,500,0
2016-03-30,05:40:00,2.96,2.96,2.95,2.95,4500,0
2016-03-30,05:45:00,2.95,2.95,2.95,2.95,6000,0
2016-03-30,05:50:00,2.95,2.96,2.95,2.96,58000,0
2016-03-30,05:55:00,2.96,2.96,2.95,2.95,11000,0
2016-03-30,07:05:00,2.95,2.96,2.95,2.96,2000,0
2016-03-30,07:10:00,2.96,2.96,2.96,2.96,500,0
2016-03-30,07:15:00,2.96,2.97,2.96,2.96,24500,0
2016-03-30,07:20:00,2.96,2.96,2.96,2.96,500,0
2016-03-30,07:45:00,2.96,2.96,2.96,2.96,500,0
2016-03-30,07:50:00,2.96,2.96,2.96,2.96,500,0
2016-03-30,07:55:00,2.96,2.96,2.96,2.96,500,0
2016-03-30,08:05:00,2.96,2.97,2.96,2.96,12500,0
2016-03-30,08:10:00,2.96,2.96,2.96,2.96,500,0
2016-03-30,08:15:00,2.96,2.96,2.96,2.96,500,0
2016-03-30,08:20:00,2.96,2.96,2.96,2.96,1000,0
2016-03-30,08:25:00,2.96,2.96,2.96,2.96,5500,0
2016-03-30,08:35:00,2.96,2.96,2.96,2.96,2000,0
2016-03-30,08:40:00,2.96,2.97,2.96,2.97,26000,0
2016-03-30,08:45:00,2.97,2.97,2.97,2.97,44500,0
2016-03-30,08:50:00,2.97,2.98,2.97,2.98,1500,0
2016-03-30,08:55:00,2.98,2.98,2.98,2.98,500,0
2016-03-30,09:00:00,2.98,2.98,2.98,2.98,500,0
2016-03-30,09:05:00,2.98,2.98,2.98,2.98,56500,0
2016-03-30,09:10:00,2.98,2.98,2.98,2.98,13500,0
2016-03-30,09:15:00,2.98,2.98,2.98,2.98,16000,0
2016-03-30,09:25:00,2.98,2.98,2.98,2.98,500,0
2016-03-30,09:30:00,2.98,2.98,2.98,2.98,11500,0
2016-03-30,09:35:00,2.98,2.98,2.97,2.97,34500,0
2016-03-30,09:45:00,2.97,2.98,2.97,2.98,1500,0
2016-03-30,09:50:00,2.98,2.98,2.97,2.98,8000,0
2016-03-30,09:55:00,2.98,2.98,2.97,2.97,1500,0
2016-03-30,10:00:00,2.97,2.98,2.97,2.98,6500,0
2016-03-31,03:35:00,3.03,3.03,2.98,3,12000,0
2016-03-31,03:40:00,2.98,2.99,2.98,2.99,6000,0
2016-03-31,03:45:00,2.99,2.99,2.99,2.99,1000,0
2016-03-31,03:50:00,2.99,3,2.99,3,1000,0
2016-03-31,03:55:00,3,3,2.99,3,25500,0
2016-03-31,04:00:00,3,3.01,3,3.01,6500,0
2016-03-31,04:10:00,3.01,3.02,3.01,3.02,32000,0
2016-03-31,04:15:00,3.02,3.02,3.01,3.02,9000,0
2016-03-31,04:25:00,3.02,3.03,3.02,3.03,79000,0
2016-03-31,04:30:00,3.03,3.03,3.02,3.02,4000,0
2016-03-31,04:35:00,3.02,3.03,3.02,3.03,16000,0
2016-03-31,04:40:00,3.03,3.03,3.02,3.03,6000,0
2016-03-31,04:50:00,3.03,3.03,3.02,3.02,16500,0
2016-03-31,04:55:00,3.03,3.04,3.02,3.03,4000,0
2016-03-31,05:10:00,3.03,3.03,3.01,3.02,91000,0
2016-03-31,05:30:00,3.02,3.02,3.01,3.02,3500,0
2016-03-31,05:35:00,3.02,3.02,3.02,3.02,4500,0
2016-03-31,05:50:00,3.02,3.03,3.02,3.03,1000,0
2016-03-31,06:00:00,3.03,3.03,3.03,3.03,500,0
2016-03-31,07:05:00,3.03,3.03,3.02,3.02,10000,0
2016-03-31,07:10:00,3.02,3.02,3.01,3.01,16500,0
2016-03-31,07:15:00,3.01,3.01,3.01,3.01,500,0
2016-03-31,07:20:00,3.01,3.01,3.01,3.01,10500,0
2016-03-31,07:30:00,3.01,3.02,3.01,3.01,2000,0
2016-03-31,07:35:00,3.01,3.02,3.01,3.02,1000,0
2016-03-31,07:40:00,3.02,3.02,3.01,3.01,3000,0
2016-03-31,07:45:00,3.01,3.02,3.01,3.01,13500,0
2016-03-31,07:50:00,3.01,3.03,3.01,3.03,35500,0
2016-03-31,07:55:00,3.03,3.03,3.02,3.02,9000,0
2016-03-31,08:00:00,3.02,3.03,3.02,3.02,2000,0
2016-03-31,08:05:00,3.02,3.03,3.02,3.03,1000,0
2016-03-31,08:10:00,3.03,3.03,3.02,3.03,2000,0
2016-03-31,08:15:00,3.03,3.03,3.03,3.03,1000,0
2016-03-31,08:20:00,3.03,3.03,3.01,3.01,68000,0
2016-03-31,08:25:00,3.01,3.01,3.01,3.01,27000,0
2016-03-31,08:30:00,3.01,3.01,3.01,3.01,31000,0
2016-03-31,08:35:00,3.01,3.01,3.01,3.01,500,0
2016-03-31,08:40:00,3.01,3.01,3,3,28500,0
2016-03-31,08:45:00,3,3.01,3,3.01,4000,0
2016-03-31,08:50:00,3.01,3.01,3,3,14000,0
2016-03-31,08:55:00,3,3.02,3,3.02,21000,0
2016-03-31,09:10:00,3.01,3.01,3,3.01,2000,0
2016-03-31,09:15:00,3.01,3.01,3,3,1000,0
2016-03-31,09:20:00,3,3.01,3,3.01,1000,0
2016-03-31,09:25:00,3.01,3.01,3,3.01,13500,0
2016-03-31,09:30:00,3.01,3.01,3,3.01,6000,0
2016-03-31,09:35:00,3.01,3.01,3.01,3.01,500,0
2016-03-31,09:40:00,3.01,3.01,3,3.01,5000,0
2016-03-31,09:45:00,3.01,3.01,3,3.01,2500,0
2016-03-31,09:50:00,3.01,3.03,3,3.03,46000,0
2016-03-31,09:55:00,3.03,3.03,3,3.02,4000,0
2016-03-31,10:00:00,3.02,3.03,3,3,4500,0
2016-04-01,03:35:00,3.04,3.04,3,3.04,1000,0
2016-04-01,03:45:00,3.02,3.02,3,3,3000,0
2016-04-01,03:55:00,3,3.03,3,3.03,1000,0
2016-04-01,04:05:00,2.99,3.02,2.99,3.02,1000,0
2016-04-01,04:10:00,3.02,3.02,3.01,3.01,1000,0
2016-04-01,04:30:00,3.01,3.02,3.01,3.02,7000,0
2016-04-01,04:40:00,3.02,3.02,3.01,3.01,1000,0
2016-04-01,04:45:00,3.01,3.01,3.01,3.01,500,0
2016-04-01,05:00:00,3.01,3.01,3,3,9000,0
2016-04-01,05:05:00,3,3,3,3,500,0
2016-04-01,05:10:00,3,3.01,3,3.01,5000,0
2016-04-01,05:15:00,3.01,3.01,3,3,10000,0
2016-04-01,05:20:00,3,3,3,3,15000,0
2016-04-01,05:30:00,3,3,3,3,3000,0
2016-04-01,05:55:00,2.99,3,2.99,3,1000,0
2016-04-01,07:05:00,2.99,3,2.99,3,1000,0
2016-04-01,07:30:00,2.99,3,2.99,3,1000,0
2016-04-01,07:50:00,2.99,3,2.99,3,1000,0
2016-04-01,08:05:00,3,3,3,3,500,0
2016-04-01,08:15:00,3,3,3,3,1000,0
2016-04-01,08:35:00,2.99,3,2.99,3,29500,0
2016-04-01,08:40:00,3,3.01,3,3,3000,0
2016-04-01,08:50:00,3,3.01,3,3.01,42000,0
2016-04-01,08:55:00,3.01,3.01,3,3,230000,0
2016-04-01,09:15:00,3,3.01,3,3.01,1000,0
2016-04-01,09:20:00,2.99,3,2.99,3,100000,0
2016-04-01,09:25:00,3,3.01,3,3.01,1000,0
2016-04-01,09:50:00,2.99,3,2.99,3,1000,0
2016-04-01,09:55:00,2.99,3,2.99,3,1500,0
2016-04-01,10:00:00,2.99,3,2.99,3,1000,0
2016-04-05,03:45:00,2.99,2.99,2.99,2.99,10000,0
2016-04-05,03:50:00,2.99,3.02,2.99,3.02,21000,0
2016-04-05,04:05:00,3.01,3.01,3,3,1000,0
2016-04-05,04:10:00,3,3,2.98,2.98,5000,0
2016-04-05,04:15:00,2.98,2.99,2.98,2.98,23500,0
2016-04-05,04:25:00,2.98,2.98,2.98,2.98,5500,0
2016-04-05,04:30:00,2.98,2.98,2.98,2.98,3500,0
2016-04-05,04:35:00,2.99,2.99,2.99,2.99,500,0
2016-04-05,04:40:00,2.99,3,2.95,2.95,27500,0
2016-04-05,04:45:00,2.96,2.99,2.96,2.99,1000,0
2016-04-05,04:50:00,2.99,2.99,2.97,2.97,4000,0
2016-04-05,05:00:00,2.97,2.97,2.97,2.97,1000,0
2016-04-05,05:05:00,2.97,2.97,2.95,2.95,5000,0
2016-04-05,05:10:00,2.95,2.97,2.95,2.97,6500,0
2016-04-05,05:40:00,2.97,2.97,2.97,2.97,1000,0
2016-04-05,05:50:00,2.97,3,2.97,3,32000,0
2016-04-05,05:55:00,3,3,3,3,1000,0
2016-04-05,07:20:00,2.97,2.97,2.96,2.96,4000,0
2016-04-05,07:30:00,2.96,3,2.96,3,2000,0
2016-04-05,08:05:00,2.99,2.99,2.99,2.99,500,0
2016-04-05,08:10:00,2.99,2.99,2.96,2.99,31000,0
2016-04-05,08:30:00,2.99,2.99,2.99,2.99,500,0
2016-04-05,08:55:00,2.99,2.99,2.99,2.99,500,0
2016-04-05,09:05:00,2.99,2.99,2.96,2.98,59000,0
2016-04-05,09:25:00,2.98,2.98,2.95,2.96,16500,0
2016-04-05,09:30:00,2.96,2.96,2.95,2.96,8500,0
2016-04-05,09:35:00,2.96,2.96,2.95,2.95,1500,0
2016-04-05,09:40:00,2.95,2.96,2.95,2.95,48000,0
2016-04-05,09:50:00,2.95,2.96,2.95,2.96,45500,0
2016-04-05,09:55:00,2.96,2.97,2.96,2.96,41500,0
2016-04-05,10:00:00,2.96,2.97,2.94,2.97,35000,0
2016-04-06,03:50:00,2.98,3,2.97,2.99,33500,0
2016-04-06,03:55:00,2.99,2.99,2.99,2.99,1000,0
2016-04-06,04:00:00,2.99,2.99,2.96,2.96,2500,0
2016-04-06,04:05:00,2.98,2.98,2.95,2.95,76500,0
2016-04-06,04:15:00,2.96,2.96,2.95,2.95,1500,0
2016-04-06,04:20:00,2.96,2.96,2.96,2.96,500,0
2016-04-06,04:25:00,2.96,2.97,2.95,2.97,2500,0
2016-04-06,04:30:00,2.97,2.97,2.94,2.94,2000,0
2016-04-06,04:40:00,2.96,2.96,2.96,2.96,500,0
2016-04-06,04:45:00,2.96,2.97,2.96,2.96,2500,0
2016-04-06,04:55:00,2.96,2.96,2.95,2.95,2500,0
2016-04-06,05:05:00,2.95,2.95,2.95,2.95,500,0
2016-04-06,05:10:00,2.95,2.95,2.94,2.94,1500,0
2016-04-06,05:20:00,2.94,2.95,2.94,2.95,1500,0
2016-04-06,05:25:00,2.95,2.95,2.95,2.95,500,0
2016-04-06,05:30:00,2.95,2.95,2.95,2.95,500,0
2016-04-06,05:35:00,2.95,2.95,2.95,2.95,500,0
2016-04-06,05:55:00,2.95,2.95,2.95,2.95,16000,0
2016-04-06,07:05:00,2.95,2.95,2.95,2.95,500,0
2016-04-06,07:30:00,2.95,2.95,2.95,2.95,500,0
2016-04-06,07:40:00,2.95,2.95,2.94,2.95,54000,0
2016-04-06,07:45:00,2.95,2.95,2.95,2.95,500,0
2016-04-06,07:50:00,2.95,2.95,2.94,2.94,1000,0
2016-04-06,07:55:00,2.94,2.95,2.94,2.95,1000,0
2016-04-06,08:05:00,2.95,2.95,2.94,2.95,21500,0
2016-04-06,08:20:00,2.95,2.95,2.95,2.95,500,0
2016-04-06,08:25:00,2.95,2.95,2.95,2.95,500,0
2016-04-06,08:35:00,2.95,2.95,2.95,2.95,1000,0
2016-04-06,08:40:00,2.95,2.95,2.95,2.95,70500,0
2016-04-06,08:45:00,2.95,2.96,2.95,2.96,1000,0
2016-04-06,08:50:00,2.96,2.96,2.95,2.95,4000,0
2016-04-06,08:55:00,2.95,2.96,2.95,2.96,64500,0
2016-04-06,09:00:00,2.96,2.96,2.96,2.96,3000,0
2016-04-06,09:05:00,2.96,2.96,2.96,2.96,1000,0
2016-04-06,09:10:00,2.96,2.96,2.96,2.96,500,0
2016-04-06,09:15:00,2.96,2.96,2.96,2.96,1500,0
2016-04-06,09:20:00,2.96,2.96,2.96,2.96,1000,0
2016-04-06,09:25:00,2.96,2.96,2.95,2.95,7500,0
2016-04-06,09:30:00,2.95,2.95,2.95,2.95,22500,0
2016-04-06,09:40:00,2.95,2.96,2.95,2.95,7500,0
2016-04-06,09:45:00,2.95,2.96,2.95,2.95,2000,0
2016-04-06,09:50:00,2.95,2.96,2.95,2.96,1500,0
2016-04-06,09:55:00,2.96,2.96,2.96,2.96,13500,0
2016-04-06,10:00:00,2.96,2.97,2.95,2.96,104500,0
2016-04-07,03:35:00,2.97,2.98,2.97,2.98,46000,0
2016-04-07,03:45:00,2.98,2.98,2.97,2.97,7500,0
2016-04-07,03:55:00,2.97,2.98,2.97,2.98,1000,0
2016-04-07,04:00:00,2.98,2.98,2.98,2.98,11500,0
2016-04-07,04:05:00,2.98,2.98,2.98,2.98,500,0
2016-04-07,04:10:00,2.98,2.98,2.98,2.98,500,0
2016-04-07,04:15:00,2.98,2.98,2.96,2.96,12000,0
2016-04-07,04:25:00,2.96,2.97,2.96,2.97,3000,0
2016-04-07,04:30:00,2.97,2.98,2.97,2.98,1000,0
2016-04-07,04:35:00,2.98,2.98,2.98,2.98,1000,0
2016-04-07,04:40:00,2.98,2.98,2.97,2.98,25000,0
2016-04-07,04:45:00,2.98,2.98,2.96,2.97,46000,0
2016-04-07,04:50:00,2.97,2.97,2.96,2.97,17000,0
2016-04-07,04:55:00,2.97,2.97,2.95,2.95,29500,0
2016-04-07,05:05:00,2.95,2.97,2.95,2.95,18000,0
2016-04-07,05:15:00,2.96,2.97,2.96,2.96,3000,0
2016-04-07,05:25:00,2.96,2.96,2.95,2.95,14000,0
2016-04-07,05:30:00,2.95,2.95,2.94,2.94,54000,0
2016-04-07,05:40:00,2.94,2.94,2.94,2.94,1000,0
2016-04-07,05:50:00,2.94,2.97,2.94,2.97,1500,0
2016-04-07,07:05:00,2.94,2.94,2.94,2.94,39000,0
2016-04-07,07:20:00,2.94,2.94,2.94,2.94,500,0
2016-04-07,07:30:00,2.93,2.97,2.93,2.97,1000,0
2016-04-07,07:50:00,2.96,2.96,2.96,2.96,500,0
2016-04-07,07:55:00,2.96,2.96,2.96,2.96,1000,0
2016-04-07,08:05:00,2.96,2.96,2.96,2.96,500,0
2016-04-07,08:10:00,2.96,2.96,2.96,2.96,500,0
2016-04-07,08:25:00,2.94,2.96,2.94,2.96,2000,0
2016-04-07,08:35:00,2.96,2.96,2.95,2.95,12000,0
2016-04-07,08:40:00,2.95,2.95,2.95,2.95,500,0
2016-04-07,08:45:00,2.95,2.96,2.94,2.94,25000,0
2016-04-07,08:55:00,2.94,2.96,2.94,2.94,2000,0
2016-04-07,09:00:00,2.95,2.95,2.94,2.94,28000,0
2016-04-07,09:05:00,2.94,2.95,2.94,2.95,1000,0
2016-04-07,09:30:00,2.94,2.94,2.93,2.94,2500,0
2016-04-07,09:35:00,2.94,2.95,2.94,2.95,1000,0
2016-04-07,09:40:00,2.95,2.96,2.94,2.95,6000,0
2016-04-07,09:45:00,2.95,2.96,2.94,2.95,8000,0
2016-04-07,09:50:00,2.95,2.96,2.94,2.94,11500,0
2016-04-07,09:55:00,2.94,2.96,2.94,2.94,9500,0
2016-04-07,10:00:00,2.94,2.96,2.94,2.96,41000,0
2016-04-08,03:40:00,2.93,2.95,2.93,2.94,23000,0
2016-04-08,03:45:00,2.94,2.94,2.92,2.92,115500,0
2016-04-08,03:50:00,2.92,2.93,2.92,2.93,16000,0
2016-04-08,03:55:00,2.93,2.93,2.93,2.93,4000,0
2016-04-08,04:00:00,2.93,2.93,2.86,2.89,17000,0
2016-04-08,04:05:00,2.89,2.89,2.88,2.88,39500,0
2016-04-08,04:10:00,2.88,2.88,2.88,2.88,30000,0
2016-04-08,04:15:00,2.89,2.89,2.89,2.89,70000,0
2016-04-08,04:20:00,2.89,2.9,2.88,2.89,26500,0
2016-04-08,04:25:00,2.89,2.89,2.89,2.89,58500,0
2016-04-08,04:30:00,2.89,2.89,2.88,2.88,195000,0
2016-04-08,04:35:00,2.88,2.88,2.88,2.88,35500,0
2016-04-08,04:40:00,2.88,2.88,2.88,2.88,30500,0
2016-04-08,04:45:00,2.88,2.88,2.87,2.87,26000,0
2016-04-08,04:50:00,2.87,2.87,2.87,2.87,18000,0
2016-04-08,05:05:00,2.87,2.88,2.87,2.87,6500,0
2016-04-08,05:10:00,2.87,2.88,2.87,2.88,4000,0
2016-04-08,05:15:00,2.88,2.88,2.88,2.88,9000,0
2016-04-08,05:20:00,2.88,2.88,2.88,2.88,1000,0
2016-04-08,05:25:00,2.88,2.88,2.88,2.88,1500,0
2016-04-08,05:30:00,2.88,2.88,2.87,2.87,51000,0
2016-04-08,05:40:00,2.87,2.87,2.87,2.87,500,0
2016-04-08,05:50:00,2.86,2.87,2.86,2.87,23000,0
2016-04-08,07:35:00,2.86,2.87,2.86,2.87,14000,0
2016-04-08,07:55:00,2.86,2.87,2.86,2.87,10500,0
2016-04-08,08:05:00,2.87,2.87,2.87,2.87,500,0
2016-04-08,08:10:00,2.87,2.87,2.87,2.87,17000,0
2016-04-08,08:25:00,2.87,2.88,2.87,2.88,1000,0
2016-04-08,08:30:00,2.88,2.88,2.88,2.88,500,0
2016-04-08,08:35:00,2.88,2.88,2.87,2.87,32000,0
2016-04-08,08:45:00,2.87,2.88,2.87,2.88,30500,0
2016-04-08,08:50:00,2.88,2.88,2.88,2.88,500,0
2016-04-08,09:00:00,2.88,2.88,2.88,2.88,500,0
2016-04-08,09:05:00,2.88,2.88,2.87,2.87,20500,0
2016-04-08,09:10:00,2.87,2.87,2.87,2.87,2500,0
2016-04-08,09:15:00,2.87,2.88,2.87,2.88,96500,0
2016-04-08,09:20:00,2.88,2.88,2.88,2.88,91000,0
2016-04-08,09:25:00,2.88,2.89,2.88,2.89,1000,0
2016-04-08,09:30:00,2.89,2.89,2.89,2.89,20000,0
2016-04-08,09:35:00,2.89,2.89,2.89,2.89,500,0
2016-04-08,09:40:00,2.89,2.89,2.89,2.89,1000,0
2016-04-08,09:45:00,2.89,2.89,2.89,2.89,33000,0
2016-04-08,09:50:00,2.89,2.9,2.89,2.9,36500,0
2016-04-08,09:55:00,2.9,2.9,2.9,2.9,2000,0
2016-04-08,10:00:00,2.9,2.9,2.89,2.89,57000,0
2016-04-11,03:45:00,2.89,2.9,2.89,2.9,1000,0
2016-04-11,03:50:00,2.9,2.91,2.9,2.91,60000,0
2016-04-11,03:55:00,2.91,2.91,2.91,2.91,17000,0
2016-04-11,04:00:00,2.91,2.91,2.91,2.91,1000,0
2016-04-11,04:15:00,2.91,2.91,2.9,2.9,26000,0
2016-04-11,04:30:00,2.9,2.9,2.9,2.9,6000,0
2016-04-11,04:45:00,2.9,2.91,2.9,2.91,45500,0
2016-04-11,04:50:00,2.91,2.91,2.91,2.91,500,0
2016-04-11,05:00:00,2.91,2.95,2.91,2.92,540000,0
2016-04-11,05:10:00,2.92,2.93,2.92,2.93,1000,0
2016-04-11,05:30:00,2.93,2.93,2.93,2.93,121000,0
2016-04-11,05:40:00,2.93,2.93,2.92,2.92,118000,0
2016-04-11,07:05:00,2.92,2.93,2.92,2.93,1000,0
2016-04-11,07:10:00,2.93,2.93,2.92,2.92,2500,0
2016-04-11,07:15:00,2.92,2.92,2.92,2.92,4000,0
2016-04-11,07:20:00,2.92,2.92,2.92,2.92,500,0
2016-04-11,07:25:00,2.92,2.92,2.92,2.92,3500,0
2016-04-11,07:45:00,2.92,2.92,2.92,2.92,4500,0
2016-04-11,07:50:00,2.92,2.93,2.92,2.93,14500,0
2016-04-11,08:00:00,2.93,2.93,2.93,2.93,500,0
2016-04-11,08:05:00,2.93,2.93,2.93,2.93,500,0
2016-04-11,08:15:00,2.93,2.93,2.92,2.93,41000,0
2016-04-11,08:30:00,2.93,2.93,2.93,2.93,242000,0
2016-04-11,08:35:00,2.93,2.93,2.93,2.93,50000,0
2016-04-11,08:45:00,2.93,2.93,2.93,2.93,31000,0
2016-04-11,08:55:00,2.93,2.94,2.93,2.94,2500,0
2016-04-11,09:10:00,2.94,2.94,2.93,2.93,2500,0
2016-04-11,09:15:00,2.93,2.93,2.93,2.93,3500,0
2016-04-11,09:20:00,2.93,2.93,2.92,2.92,24000,0
2016-04-11,09:25:00,2.92,2.92,2.92,2.92,20000,0
2016-04-11,09:35:00,2.92,2.93,2.92,2.93,1000,0
2016-04-11,09:40:00,2.93,2.93,2.92,2.93,27500,0
2016-04-11,09:45:00,2.93,2.93,2.93,2.93,35000,0
2016-04-11,09:50:00,2.93,2.93,2.93,2.93,40000,0
2016-04-11,09:55:00,2.93,2.94,2.93,2.94,83000,0
2016-04-11,10:00:00,2.94,2.94,2.93,2.94,67500,0
2016-04-12,03:45:00,2.94,2.94,2.93,2.93,13000,0
2016-04-12,03:50:00,2.92,2.92,2.92,2.92,5500,0
2016-04-12,03:55:00,2.92,2.92,2.91,2.92,86500,0
2016-04-12,04:05:00,2.92,2.92,2.91,2.91,11000,0
2016-04-12,04:10:00,2.91,2.91,2.91,2.91,74000,0
2016-04-12,04:15:00,2.92,2.92,2.91,2.92,91500,0
2016-04-12,04:20:00,2.92,2.92,2.91,2.91,63500,0
2016-04-12,04:25:00,2.91,2.91,2.91,2.91,4000,0
2016-04-12,04:50:00,2.92,2.93,2.92,2.92,8500,0
2016-04-12,05:00:00,2.92,2.92,2.92,2.92,4500,0
2016-04-12,05:05:00,2.92,2.92,2.91,2.92,57000,0
2016-04-12,05:10:00,2.92,2.93,2.92,2.93,1000,0
2016-04-12,05:25:00,2.93,2.93,2.91,2.91,2000,0
2016-04-12,05:30:00,2.91,2.93,2.91,2.93,1000,0
2016-04-12,05:45:00,2.93,2.93,2.92,2.92,1000,0
2016-04-12,05:50:00,2.92,2.93,2.92,2.93,4000,0
2016-04-12,06:00:00,2.93,2.93,2.92,2.92,22000,0
2016-04-12,07:25:00,2.92,2.92,2.92,2.92,1000,0
2016-04-12,07:30:00,2.92,2.92,2.91,2.91,20000,0
2016-04-12,07:35:00,2.91,2.91,2.91,2.91,26000,0
2016-04-12,07:40:00,2.92,2.92,2.92,2.92,10500,0
2016-04-12,07:45:00,2.92,2.92,2.91,2.91,160000,0
2016-04-12,07:55:00,2.92,2.92,2.92,2.92,3000,0
2016-04-12,08:00:00,2.92,2.92,2.91,2.91,30500,0
2016-04-12,08:15:00,2.92,2.92,2.92,2.92,1500,0
2016-04-12,08:25:00,2.92,2.92,2.91,2.91,39000,0
2016-04-12,08:45:00,2.91,2.93,2.91,2.93,1000,0
2016-04-12,08:55:00,2.93,2.93,2.92,2.93,65500,0
2016-04-12,09:00:00,2.93,2.95,2.93,2.95,1000,0
2016-04-12,09:10:00,2.94,2.94,2.93,2.93,2000,0
2016-04-12,09:20:00,2.93,2.93,2.92,2.92,54000,0
2016-04-12,09:25:00,2.92,2.92,2.92,2.92,12000,0
2016-04-12,09:30:00,2.92,2.92,2.92,2.92,9000,0
2016-04-12,09:35:00,2.92,2.92,2.92,2.92,5500,0
2016-04-12,09:45:00,2.92,2.93,2.92,2.92,6500,0
2016-04-12,09:50:00,2.92,2.93,2.92,2.92,2500,0
2016-04-12,09:55:00,2.92,2.92,2.92,2.92,5000,0
2016-04-12,10:00:00,2.92,2.93,2.91,2.91,258000,0
2016-04-13,03:35:00,2.94,2.95,2.92,2.93,131000,0
2016-04-13,03:40:00,2.93,2.96,2.93,2.96,25000,0
2016-04-13,03:45:00,2.96,2.96,2.95,2.96,91000,0
2016-04-13,03:50:00,2.96,2.97,2.96,2.97,32000,0
2016-04-13,03:55:00,2.97,2.97,2.96,2.96,2000,0
2016-04-13,04:00:00,2.96,2.97,2.96,2.97,20000,0
2016-04-13,04:05:00,2.97,2.99,2.97,2.99,144000,0
2016-04-13,04:15:00,2.99,2.99,2.99,2.99,45500,0
2016-04-13,04:25:00,2.99,3,2.98,2.98,297500,0
2016-04-13,04:30:00,2.98,2.99,2.98,2.99,36000,0
2016-04-13,04:35:00,2.99,3.01,2.99,3.01,702000,0
2016-04-13,04:40:00,3.01,3.03,3.01,3.03,13500,0
2016-04-13,04:45:00,3.03,3.03,3.01,3.01,51500,0
2016-04-13,04:50:00,3.01,3.01,3,3,37000,0
2016-04-13,04:55:00,3,3.02,3,3.02,1500,0
2016-04-13,05:00:00,3.02,3.02,3,3.01,30000,0
2016-04-13,05:15:00,3.01,3.02,3.01,3.01,6000,0
2016-04-13,05:20:00,3.01,3.03,3.01,3.02,38000,0
2016-04-13,05:25:00,3.02,3.02,3.02,3.02,3500,0
2016-04-13,05:30:00,3.02,3.02,3.02,3.02,6500,0
2016-04-13,05:50:00,3.02,3.02,3.01,3.01,68500,0
2016-04-13,05:55:00,3.01,3.01,3.01,3.01,4500,0
2016-04-13,06:00:00,3.01,3.02,3.01,3.02,15500,0
2016-04-13,07:05:00,3.02,3.02,3.02,3.02,124500,0
2016-04-13,07:10:00,3.02,3.02,3.02,3.02,12500,0
2016-04-13,07:15:00,3.02,3.03,3.02,3.03,102000,0
2016-04-13,07:20:00,3.03,3.03,3.03,3.03,51500,0
2016-04-13,07:25:00,3.03,3.03,2.96,2.99,450000,0
2016-04-13,07:30:00,2.99,3.01,2.99,2.99,319500,0
2016-04-13,07:35:00,2.99,3,2.99,3,223000,0
2016-04-13,07:40:00,3,3.01,3,3.01,10500,0
2016-04-13,07:50:00,3.01,3.01,2.99,3,328500,0
2016-04-13,07:55:00,3,3,2.99,2.99,265000,0
2016-04-13,08:00:00,2.99,3,2.99,3,105000,0
2016-04-13,08:05:00,3,3,3,3,48000,0
2016-04-13,08:10:00,3,3,3,3,105000,0
2016-04-13,08:15:00,3,3.01,3,3.01,138000,0
2016-04-13,08:20:00,3.01,3.01,2.99,3,193000,0
2016-04-13,08:25:00,3,3,2.99,2.99,204000,0
2016-04-13,08:30:00,2.99,3.01,2.99,3.01,93000,0
2016-04-13,08:35:00,3.01,3.01,2.99,2.99,289000,0
2016-04-13,08:40:00,2.99,2.99,2.99,2.99,7500,0
2016-04-13,08:50:00,2.99,3,2.99,2.99,2000,0
2016-04-13,08:55:00,2.99,2.99,2.98,2.98,98500,0
2016-04-13,09:05:00,2.99,3,2.99,2.99,43000,0
2016-04-13,09:10:00,2.99,2.99,2.98,2.99,744500,0
2016-04-13,09:15:00,2.99,3,2.99,3,288000,0
2016-04-13,09:20:00,3,3,3,3,1500,0
2016-04-13,09:25:00,3,3,2.99,3,75500,0
2016-04-13,09:30:00,3,3.02,3,3.02,14000,0
2016-04-13,09:35:00,3.02,3.02,3.01,3.01,21500,0
2016-04-13,09:45:00,3.01,3.01,3.01,3.01,2500,0
2016-04-13,09:50:00,3.01,3.02,3.01,3.02,25500,0
2016-04-13,09:55:00,3.02,3.03,3.02,3.02,59000,0
2016-04-13,10:00:00,3.02,3.03,3.01,3.03,5500,0
