Date,Time,Open,High,Low,Close,Volume,OpenInt
2016-02-05,06:05:00,2.51,2.51,2.51,2.51,52000,0
2016-02-05,06:50:00,2.51,2.52,2.51,2.52,16000,0
2016-02-05,08:55:00,2.52,2.52,2.51,2.51,16000,0
2016-02-11,02:35:00,2.5,2.5,2.5,2.5,62000,0
2016-02-11,03:00:00,2.46,2.5,2.46,2.5,20000,0
2016-02-11,03:05:00,2.5,2.5,2.5,2.5,2000,0
2016-02-11,03:15:00,2.5,2.5,2.5,2.5,26000,0
2016-02-11,03:20:00,2.5,2.5,2.5,2.5,4000,0
2016-02-11,03:25:00,2.5,2.5,2.5,2.5,4000,0
2016-02-11,03:35:00,2.5,2.5,2.5,2.5,8000,0
2016-02-11,03:40:00,2.5,2.5,2.5,2.5,2000,0
2016-02-11,04:00:00,2.5,2.5,2.5,2.5,42000,0
2016-02-11,04:20:00,2.5,2.5,2.5,2.5,64000,0
2016-02-11,04:25:00,2.5,2.5,2.5,2.5,24000,0
2016-02-11,04:35:00,2.5,2.5,2.5,2.5,6000,0
2016-02-11,04:50:00,2.5,2.5,2.5,2.5,4000,0
2016-02-11,04:55:00,2.5,2.5,2.5,2.5,2000,0
2016-02-12,08:45:00,2.48,2.49,2.48,2.49,2000,0
2016-02-16,08:50:00,2.48,2.48,2.48,2.48,250000,0
2016-02-17,08:45:00,2.48,2.48,2.47,2.47,48000,0
2016-02-17,08:55:00,2.47,2.47,2.45,2.45,102000,0
2016-02-17,09:00:00,2.45,2.45,2.42,2.45,114000,0
2016-02-18,02:45:00,2.47,2.48,2.45,2.48,462000,0
2016-02-18,08:30:00,2.48,2.48,2.48,2.48,4000,0
2016-02-19,03:15:00,2.48,2.48,2.48,2.48,20000,0
2016-02-22,07:40:00,2.51,2.51,2.51,2.51,6000,0
2016-02-23,06:30:00,2.5,2.51,2.5,2.51,4000,0
2016-02-23,06:35:00,2.5,2.53,2.5,2.53,4000,0
2016-02-23,06:40:00,2.53,2.54,2.53,2.54,36000,0
2016-02-23,08:05:00,2.54,2.54,2.51,2.51,12000,0
2016-02-24,03:45:00,2.51,2.51,2.51,2.51,40000,0
2016-02-25,06:20:00,2.51,2.51,2.51,2.51,6000,0
2016-02-26,03:45:00,2.51,2.51,2.51,2.51,10000,0
2016-02-26,09:00:00,2.51,2.56,2.51,2.56,62000,0
2016-03-01,06:50:00,2.56,2.65,2.56,2.65,20000,0
2016-03-01,08:20:00,2.71,2.71,2.7,2.7,58000,0
2016-03-01,08:35:00,2.7,2.71,2.7,2.71,20000,0
2016-03-02,02:55:00,2.84,2.84,2.75,2.84,8000,0
2016-03-02,03:20:00,2.83,2.83,2.69,2.75,22000,0
2016-03-02,03:35:00,2.61,2.61,2.61,2.61,2000,0
2016-03-02,03:40:00,2.61,2.61,2.6,2.6,26000,0
2016-03-02,04:40:00,2.65,2.65,2.61,2.61,14000,0
2016-03-02,04:50:00,2.61,2.72,2.61,2.72,10000,0
2016-03-02,08:45:00,2.72,2.72,2.65,2.65,4000,0
2016-03-02,09:00:00,2.65,2.72,2.65,2.65,64000,0
2016-03-07,02:35:00,2.62,2.62,2.62,2.62,2000,0
2016-03-10,08:10:00,2.66,2.66,2.66,2.66,20000,0
2016-03-10,08:35:00,2.67,2.67,2.67,2.67,10000,0
2016-03-11,03:50:00,2.8,2.8,2.67,2.8,20000,0
2016-03-11,06:45:00,2.7,2.7,2.7,2.7,10000,0
2016-03-11,07:20:00,2.7,2.7,2.7,2.7,50000,0
2016-03-11,07:30:00,2.7,2.7,2.7,2.7,60000,0
2016-03-11,07:35:00,2.7,2.7,2.7,2.7,30000,0
2016-03-11,07:40:00,2.7,2.7,2.7,2.7,30000,0
2016-03-11,08:25:00,2.7,2.7,2.7,2.7,30000,0
2016-03-11,08:40:00,2.69,2.7,2.69,2.7,54000,0
2016-03-11,09:00:00,2.7,2.7,2.68,2.7,144000,0
2016-03-14,06:05:00,2.75,2.75,2.7,2.75,20000,0
2016-03-14,07:20:00,2.74,2.75,2.74,2.75,24000,0
2016-03-14,08:40:00,2.74,2.74,2.74,2.74,10000,0
2016-03-18,07:05:00,2.7,2.7,2.7,2.7,4000,0
2016-03-21,03:15:00,2.7,2.7,2.7,2.7,4000,0
2016-03-21,04:00:00,2.7,2.7,2.7,2.7,2000,0
2016-03-21,07:15:00,2.7,2.7,2.7,2.7,90000,0
2016-03-22,02:40:00,2.69,2.7,2.69,2.7,68000,0
2016-03-22,03:00:00,2.7,2.7,2.7,2.7,10000,0
2016-03-22,03:40:00,2.7,2.7,2.7,2.7,10000,0
2016-03-22,06:05:00,2.66,2.7,2.66,2.7,40000,0
2016-03-22,07:30:00,2.7,2.75,2.7,2.75,42000,0
2016-03-22,08:10:00,2.75,2.75,2.75,2.75,20000,0
2016-03-22,08:25:00,2.75,2.75,2.75,2.75,20000,0
2016-03-22,09:00:00,2.75,2.75,2.75,2.75,2000,0
2016-03-24,03:05:00,2.66,2.73,2.66,2.73,4000,0
2016-03-24,04:05:00,2.73,2.74,2.73,2.74,8000,0
2016-03-24,04:45:00,2.74,2.74,2.74,2.74,16000,0
2016-03-24,06:05:00,2.74,2.74,2.7,2.7,12000,0
2016-03-24,06:20:00,2.7,2.7,2.7,2.7,20000,0
2016-03-24,06:25:00,2.7,2.7,2.7,2.7,24000,0
2016-03-24,07:50:00,2.7,2.72,2.7,2.72,52000,0
2016-03-24,08:45:00,2.72,2.72,2.7,2.7,48000,0
2016-03-29,04:20:00,2.55,2.55,2.55,2.55,56000,0
2016-03-29,04:30:00,2.55,2.55,2.55,2.55,24000,0
2016-03-29,04:40:00,2.55,2.55,2.55,2.55,10000,0
2016-03-29,05:35:00,2.55,2.55,2.55,2.55,22000,0
2016-03-29,05:50:00,2.55,2.6,2.55,2.6,38000,0
2016-03-29,08:30:00,2.6,2.6,2.56,2.56,26000,0
2016-03-30,04:30:00,2.56,2.58,2.56,2.58,4000,0
2016-03-30,04:40:00,2.58,2.6,2.58,2.6,42000,0
2016-03-30,05:45:00,2.6,2.62,2.6,2.62,4000,0
2016-03-30,07:15:00,2.6,2.6,2.6,2.6,10000,0
2016-03-31,07:45:00,2.6,2.6,2.6,2.6,10000,0
2016-03-31,07:50:00,2.6,2.6,2.6,2.6,10000,0
2016-03-31,08:20:00,2.6,2.6,2.6,2.6,2000,0
2016-03-31,10:00:00,2.6,2.6,2.6,2.6,2000,0
2016-04-06,09:25:00,2.62,2.62,2.62,2.62,39,0
2016-04-07,05:40:00,2.65,2.69,2.62,2.69,42000,0
2016-04-07,05:50:00,2.69,2.69,2.69,2.69,4000,0
2016-04-07,07:50:00,2.65,2.65,2.62,2.62,58000,0
2016-04-07,08:55:00,2.6,2.61,2.6,2.61,52000,0
2016-04-08,08:30:00,2.6,2.62,2.6,2.62,22000,0
2016-04-08,08:35:00,2.62,2.62,2.6,2.62,34000,0
2016-04-11,03:50:00,2.61,2.79,2.61,2.75,12000,0
2016-04-11,04:45:00,2.74,2.74,2.7,2.7,28000,0
2016-04-11,04:55:00,2.7,2.74,2.7,2.74,46000,0
2016-04-11,05:00:00,2.74,2.74,2.7,2.7,10000,0
2016-04-11,08:10:00,2.7,2.7,2.7,2.7,4000,0
2016-04-12,09:25:00,2.7,2.7,2.7,2.7,4000,0
2016-04-13,05:40:00,2.7,2.7,2.7,2.7,26000,0
2016-04-13,07:15:00,2.7,2.7,2.7,2.7,6000,0
2016-04-13,09:55:00,2.7,2.73,2.7,2.73,50000,0
