Date,Time,Open,High,Low,Close,Volume,OpenInt
2016-02-04,03:25:00,1.14,1.15,1.14,1.15,130000,0
2016-02-04,04:05:00,1.14,1.15,1.14,1.15,42500,0
2016-02-04,04:25:00,1.15,1.15,1.15,1.15,47500,0
2016-02-04,04:45:00,1.15,1.15,1.15,1.15,180000,0
2016-02-04,05:00:00,1.15,1.16,1.15,1.16,47500,0
2016-02-04,06:10:00,1.15,1.15,1.15,1.15,100000,0
2016-02-04,06:25:00,1.15,1.15,1.15,1.15,40000,0
2016-02-04,06:50:00,1.15,1.15,1.15,1.15,85000,0
2016-02-04,07:10:00,1.15,1.15,1.15,1.15,90000,0
2016-02-04,07:55:00,1.15,1.16,1.15,1.16,75000,0
2016-02-04,08:15:00,1.16,1.16,1.15,1.15,140000,0
2016-02-04,08:35:00,1.15,1.15,1.15,1.15,60000,0
2016-02-04,08:45:00,1.15,1.15,1.15,1.15,60000,0
2016-02-04,08:50:00,1.15,1.16,1.15,1.16,100000,0
2016-02-05,02:35:00,1.16,1.16,1.16,1.16,50000,0
2016-02-05,02:55:00,1.16,1.16,1.16,1.16,50000,0
2016-02-05,03:00:00,1.16,1.16,1.16,1.16,40000,0
2016-02-05,03:15:00,1.13,1.18,1.13,1.17,85000,0
2016-02-05,03:55:00,1.15,1.15,1.15,1.15,100000,0
2016-02-05,04:05:00,1.15,1.15,1.14,1.14,200000,0
2016-02-05,04:15:00,1.14,1.15,1.14,1.15,60000,0
2016-02-05,04:35:00,1.15,1.15,1.14,1.14,185000,0
2016-02-05,04:40:00,1.14,1.15,1.14,1.15,95000,0
2016-02-05,04:55:00,1.15,1.15,1.14,1.14,110000,0
2016-02-05,05:00:00,1.14,1.16,1.14,1.16,40000,0
2016-02-05,06:05:00,1.15,1.15,1.15,1.15,60000,0
2016-02-05,06:15:00,1.15,1.15,1.15,1.15,10000,0
2016-02-05,06:45:00,1.15,1.15,1.15,1.15,80000,0
2016-02-05,06:50:00,1.15,1.15,1.15,1.15,50000,0
2016-02-05,06:55:00,1.15,1.16,1.15,1.16,170000,0
2016-02-05,07:25:00,1.15,1.15,1.15,1.15,75000,0
2016-02-05,07:30:00,1.15,1.16,1.15,1.16,80000,0
2016-02-05,07:35:00,1.16,1.16,1.14,1.14,40000,0
2016-02-05,07:40:00,1.14,1.16,1.14,1.16,60000,0
2016-02-05,08:20:00,1.16,1.17,1.16,1.17,65000,0
2016-02-05,08:30:00,1.16,1.17,1.16,1.17,80000,0
2016-02-05,08:40:00,1.17,1.17,1.15,1.15,200000,0
2016-02-05,08:45:00,1.15,1.16,1.15,1.16,125000,0
2016-02-05,09:00:00,1.16,1.17,1.16,1.17,7500,0
2016-02-11,02:35:00,1.16,1.16,1.16,1.16,55000,0
2016-02-11,02:40:00,1.16,1.16,1.15,1.15,85000,0
2016-02-11,02:50:00,1.15,1.15,1.14,1.14,145000,0
2016-02-11,02:55:00,1.14,1.15,1.14,1.15,200000,0
2016-02-11,03:15:00,1.15,1.15,1.14,1.14,80000,0
2016-02-11,03:40:00,1.14,1.14,1.14,1.14,100000,0
2016-02-11,03:55:00,1.14,1.15,1.14,1.15,125000,0
2016-02-11,04:10:00,1.15,1.15,1.15,1.15,100000,0
2016-02-11,04:25:00,1.15,1.15,1.14,1.14,67500,0
2016-02-11,04:50:00,1.14,1.15,1.14,1.15,132500,0
2016-02-11,06:05:00,1.15,1.15,1.15,1.15,50000,0
2016-02-11,06:45:00,1.15,1.15,1.14,1.14,80000,0
2016-02-11,07:00:00,1.14,1.15,1.14,1.15,67500,0
2016-02-11,07:25:00,1.15,1.15,1.14,1.14,180000,0
2016-02-11,07:45:00,1.14,1.15,1.14,1.15,180000,0
2016-02-11,08:15:00,1.13,1.15,1.13,1.15,40000,0
2016-02-11,08:25:00,1.15,1.15,1.14,1.14,100000,0
2016-02-11,08:35:00,1.14,1.15,1.14,1.15,70000,0
2016-02-11,08:50:00,1.15,1.15,1.15,1.15,100000,0
2016-02-12,03:30:00,1.14,1.15,1.14,1.15,60000,0
2016-02-12,03:35:00,1.15,1.15,1.15,1.15,45000,0
2016-02-12,03:55:00,1.15,1.15,1.15,1.15,190000,0
2016-02-12,04:00:00,1.15,1.15,1.15,1.15,45000,0
2016-02-12,04:20:00,1.15,1.15,1.15,1.15,50000,0
2016-02-12,04:35:00,1.15,1.15,1.15,1.15,40000,0
2016-02-12,04:45:00,1.15,1.15,1.15,1.15,100000,0
2016-02-12,04:55:00,1.15,1.15,1.15,1.15,90000,0
2016-02-12,06:10:00,1.15,1.15,1.15,1.15,100000,0
2016-02-12,06:55:00,1.14,1.15,1.14,1.15,105000,0
2016-02-12,07:10:00,1.15,1.15,1.15,1.15,100000,0
2016-02-12,07:25:00,1.15,1.16,1.15,1.16,42500,0
2016-02-12,07:30:00,1.15,1.15,1.15,1.15,50000,0
2016-02-12,07:45:00,1.15,1.15,1.15,1.15,47500,0
2016-02-12,08:10:00,1.14,1.15,1.14,1.15,95000,0
2016-02-12,08:15:00,1.14,1.16,1.14,1.16,45000,0
2016-02-12,08:40:00,1.15,1.15,1.15,1.15,50000,0
2016-02-12,08:45:00,1.15,1.16,1.15,1.16,40000,0
2016-02-15,04:15:00,1.16,1.17,1.16,1.17,60000,0
2016-02-15,04:25:00,1.16,1.17,1.16,1.17,67500,0
2016-02-15,04:40:00,1.16,1.17,1.16,1.17,112500,0
2016-02-15,04:45:00,1.17,1.17,1.17,1.17,70000,0
2016-02-15,04:50:00,1.17,1.18,1.17,1.18,80000,0
2016-02-15,05:00:00,1.18,1.18,1.18,1.18,30000,0
2016-02-15,06:10:00,1.17,1.17,1.17,1.17,57500,0
2016-02-15,06:30:00,1.17,1.18,1.17,1.18,60000,0
2016-02-15,06:35:00,1.18,1.18,1.18,1.18,50000,0
2016-02-15,06:45:00,1.18,1.18,1.18,1.18,60000,0
2016-02-15,07:10:00,1.18,1.19,1.18,1.19,70000,0
2016-02-15,07:30:00,1.18,1.18,1.17,1.17,60000,0
2016-02-15,07:40:00,1.17,1.18,1.17,1.17,122500,0
2016-02-15,07:50:00,1.17,1.17,1.17,1.17,72500,0
2016-02-15,07:55:00,1.17,1.17,1.17,1.17,12500,0
2016-02-15,08:05:00,1.17,1.17,1.17,1.17,70000,0
2016-02-15,08:15:00,1.17,1.18,1.17,1.18,52500,0
2016-02-15,08:25:00,1.17,1.17,1.17,1.17,50000,0
2016-02-15,08:35:00,1.17,1.18,1.17,1.18,60000,0
2016-02-15,08:45:00,1.17,1.17,1.17,1.17,60000,0
2016-02-15,08:50:00,1.17,1.17,1.17,1.17,10000,0
2016-02-15,08:55:00,1.17,1.17,1.17,1.17,7500,0
2016-02-15,09:00:00,1.17,1.18,1.17,1.18,42500,0
2016-02-16,04:25:00,1.18,1.18,1.18,1.18,20000,0
2016-02-16,05:00:00,1.18,1.18,1.18,1.18,20000,0
2016-02-17,03:50:00,1.18,1.19,1.18,1.19,80000,0
2016-02-17,05:00:00,1.18,1.18,1.18,1.18,30000,0
2016-02-17,08:25:00,1.18,1.18,1.18,1.18,7500,0
2016-02-17,08:30:00,1.18,1.18,1.18,1.18,2500,0
2016-02-17,08:35:00,1.18,1.18,1.17,1.17,70000,0
2016-02-17,08:50:00,1.16,1.19,1.16,1.19,40000,0
2016-02-18,04:30:00,1.21,1.21,1.19,1.21,40000,0
2016-02-18,06:05:00,1.21,1.21,1.21,1.21,40000,0
2016-02-18,06:25:00,1.21,1.21,1.21,1.21,2500,0
2016-02-18,08:05:00,1.21,1.21,1.21,1.21,40000,0
2016-02-18,08:20:00,1.21,1.21,1.21,1.21,10000,0
2016-02-22,03:30:00,1.19,1.19,1.16,1.17,7500,0
2016-02-22,06:10:00,1.17,1.2,1.17,1.2,45000,0
2016-02-22,06:30:00,1.2,1.2,1.2,1.2,5000,0
2016-02-22,07:20:00,1.2,1.2,1.2,1.2,40000,0
2016-02-22,07:25:00,1.2,1.2,1.2,1.2,7500,0
2016-02-22,08:25:00,1.2,1.21,1.2,1.21,67500,0
2016-02-23,08:15:00,1.19,1.2,1.19,1.2,57500,0
2016-02-23,08:40:00,1.2,1.2,1.2,1.2,50000,0
2016-02-23,08:45:00,1.2,1.2,1.2,1.2,30000,0
2016-02-23,08:55:00,1.2,1.21,1.2,1.21,40000,0
2016-02-24,07:25:00,1.2,1.21,1.2,1.21,40000,0
2016-02-24,08:20:00,1.2,1.21,1.2,1.21,10000,0
2016-02-25,06:40:00,1.18,1.21,1.18,1.18,200000,0
2016-02-25,07:00:00,1.18,1.18,1.17,1.17,130000,0
2016-02-25,07:10:00,1.17,1.18,1.17,1.18,20000,0
2016-02-25,07:20:00,1.18,1.18,1.16,1.16,120000,0
2016-02-25,07:30:00,1.16,1.18,1.16,1.18,20000,0
2016-02-25,08:00:00,1.17,1.18,1.17,1.18,50000,0
2016-02-25,08:35:00,1.15,1.18,1.15,1.18,45000,0
2016-02-25,09:00:00,1.17,1.2,1.17,1.17,150000,0
2016-02-26,02:40:00,1.12,1.17,1.12,1.13,25000,0
2016-02-26,02:45:00,1.14,1.14,1.14,1.14,2500,0
2016-02-26,02:50:00,1.14,1.14,1.13,1.13,40000,0
2016-02-26,03:05:00,1.13,1.17,1.13,1.17,85000,0
2016-02-26,03:15:00,1.17,1.17,1.15,1.15,30000,0
2016-02-26,03:20:00,1.15,1.15,1.15,1.15,20000,0
2016-02-26,03:35:00,1.15,1.15,1.15,1.15,12500,0
2016-02-26,03:40:00,1.15,1.15,1.13,1.13,40000,0
2016-02-26,03:45:00,1.13,1.17,1.13,1.17,77500,0
2016-02-26,06:45:00,1.17,1.17,1.17,1.17,50000,0
2016-02-26,07:05:00,1.17,1.17,1.16,1.16,60000,0
2016-02-26,07:15:00,1.16,1.16,1.16,1.16,72500,0
2016-02-26,07:35:00,1.16,1.16,1.15,1.15,192500,0
2016-02-26,07:50:00,1.15,1.15,1.14,1.14,22500,0
2016-02-26,07:55:00,1.14,1.14,1.14,1.14,15000,0
2016-02-26,08:00:00,1.14,1.14,1.14,1.14,7500,0
2016-02-26,08:05:00,1.14,1.14,1.14,1.14,15000,0
2016-02-26,08:10:00,1.14,1.15,1.14,1.15,100000,0
2016-02-26,08:15:00,1.15,1.17,1.15,1.17,50000,0
2016-02-26,08:30:00,1.16,1.17,1.16,1.17,27500,0
2016-02-26,08:35:00,1.17,1.18,1.17,1.18,60000,0
2016-02-26,08:55:00,1.16,1.16,1.15,1.15,110000,0
2016-02-26,09:00:00,1.15,1.18,1.15,1.15,225000,0
2016-02-29,04:50:00,1.16,1.22,1.16,1.22,170000,0
2016-02-29,05:00:00,1.19,1.19,1.17,1.17,75000,0
2016-02-29,06:05:00,1.19,1.19,1.18,1.18,135000,0
2016-02-29,06:30:00,1.18,1.19,1.18,1.19,37500,0
2016-02-29,06:40:00,1.19,1.19,1.19,1.19,40000,0
2016-02-29,06:50:00,1.19,1.19,1.19,1.19,50000,0
2016-02-29,07:05:00,1.19,1.19,1.17,1.17,37500,0
2016-02-29,07:10:00,1.17,1.17,1.17,1.17,12500,0
2016-02-29,07:20:00,1.17,1.19,1.17,1.19,90000,0
2016-02-29,07:30:00,1.19,1.19,1.19,1.19,50000,0
2016-02-29,07:45:00,1.18,1.18,1.17,1.17,100000,0
2016-02-29,08:10:00,1.17,1.18,1.17,1.18,75000,0
2016-02-29,08:30:00,1.17,1.17,1.17,1.17,70000,0
2016-02-29,08:45:00,1.17,1.17,1.17,1.17,60000,0
2016-03-01,02:35:00,1.18,1.18,1.17,1.18,150000,0
2016-03-01,03:00:00,1.18,1.19,1.18,1.19,50000,0
2016-03-01,03:20:00,1.19,1.19,1.19,1.19,50000,0
2016-03-01,03:45:00,1.18,1.18,1.18,1.18,50000,0
2016-03-01,04:00:00,1.18,1.19,1.18,1.19,67500,0
2016-03-01,04:20:00,1.19,1.19,1.19,1.19,50000,0
2016-03-01,04:35:00,1.19,1.2,1.19,1.2,85000,0
2016-03-01,04:50:00,1.19,1.19,1.19,1.19,60000,0
2016-03-01,06:30:00,1.17,1.18,1.17,1.18,150000,0
2016-03-01,06:50:00,1.18,1.18,1.18,1.18,55000,0
2016-03-01,07:10:00,1.18,1.18,1.18,1.18,50000,0
2016-03-01,07:35:00,1.18,1.18,1.18,1.18,52500,0
2016-03-01,08:00:00,1.17,1.18,1.17,1.18,40000,0
2016-03-01,08:10:00,1.18,1.18,1.18,1.18,60000,0
2016-03-01,09:00:00,1.18,1.19,1.18,1.19,80000,0
2016-03-02,02:35:00,1.19,1.19,1.19,1.19,55000,0
2016-03-02,03:05:00,1.18,1.2,1.18,1.2,72500,0
2016-03-02,03:35:00,1.2,1.2,1.2,1.2,60000,0
2016-03-02,03:50:00,1.19,1.19,1.19,1.19,80000,0
2016-03-02,03:55:00,1.19,1.19,1.19,1.19,52500,0
2016-03-02,04:25:00,1.18,1.19,1.18,1.19,72500,0
2016-03-02,04:30:00,1.19,1.19,1.19,1.19,32500,0
2016-03-02,04:45:00,1.19,1.2,1.19,1.2,80000,0
2016-03-02,04:50:00,1.19,1.19,1.19,1.19,100000,0
2016-03-02,06:05:00,1.19,1.19,1.19,1.19,100000,0
2016-03-02,07:25:00,1.18,1.19,1.18,1.19,100000,0
2016-03-02,07:55:00,1.18,1.19,1.18,1.19,40000,0
2016-03-02,08:40:00,1.18,1.19,1.18,1.19,135000,0
2016-03-03,02:35:00,1.18,1.18,1.18,1.18,40000,0
2016-03-03,02:50:00,1.18,1.18,1.18,1.18,40000,0
2016-03-03,03:00:00,1.18,1.18,1.18,1.18,107500,0
2016-03-03,03:10:00,1.18,1.18,1.17,1.17,10000,0
2016-03-03,03:20:00,1.17,1.17,1.17,1.17,27500,0
2016-03-03,03:30:00,1.17,1.17,1.17,1.17,120000,0
2016-03-03,03:55:00,1.17,1.17,1.16,1.17,250000,0
2016-03-03,04:35:00,1.16,1.17,1.16,1.16,310000,0
2016-03-03,04:50:00,1.16,1.16,1.16,1.16,60000,0
2016-03-03,06:05:00,1.16,1.16,1.16,1.16,90000,0
2016-03-03,07:00:00,1.15,1.16,1.15,1.16,80000,0
2016-03-03,08:25:00,1.15,1.16,1.15,1.16,60000,0
2016-03-03,09:00:00,1.15,1.16,1.15,1.16,55000,0
2016-03-04,03:15:00,1.15,1.16,1.15,1.16,70000,0
2016-03-04,03:50:00,1.15,1.16,1.15,1.16,75000,0
2016-03-04,04:25:00,1.15,1.16,1.15,1.16,60000,0
2016-03-04,04:40:00,1.16,1.16,1.16,1.16,20000,0
2016-03-04,04:50:00,1.16,1.16,1.16,1.16,50000,0
2016-03-04,06:05:00,1.16,1.17,1.16,1.17,100000,0
2016-03-04,06:25:00,1.16,1.16,1.16,1.16,37500,0
2016-03-04,07:05:00,1.16,1.16,1.16,1.16,90000,0
2016-03-04,07:15:00,1.16,1.16,1.16,1.16,2500,0
2016-03-04,07:20:00,1.16,1.16,1.16,1.16,72500,0
2016-03-04,07:30:00,1.16,1.17,1.16,1.17,25000,0
2016-03-04,07:35:00,1.17,1.17,1.17,1.17,60000,0
2016-03-04,07:55:00,1.17,1.17,1.17,1.17,70000,0
2016-03-04,08:10:00,1.17,1.17,1.16,1.16,87500,0
2016-03-04,08:15:00,1.16,1.16,1.16,1.16,47500,0
2016-03-04,08:20:00,1.15,1.16,1.15,1.16,40000,0
2016-03-04,08:40:00,1.15,1.16,1.15,1.16,100000,0
2016-03-04,08:45:00,1.16,1.17,1.16,1.16,57500,0
2016-03-04,09:00:00,1.16,1.17,1.16,1.17,60000,0
2016-03-07,03:15:00,1.16,1.17,1.16,1.17,180000,0
2016-03-07,03:25:00,1.17,1.17,1.17,1.17,60000,0
2016-03-07,03:40:00,1.17,1.17,1.17,1.17,52500,0
2016-03-07,03:55:00,1.17,1.17,1.17,1.17,115000,0
2016-03-07,04:05:00,1.17,1.17,1.17,1.17,35000,0
2016-03-07,05:00:00,1.16,1.17,1.16,1.17,65000,0
2016-03-07,06:05:00,1.17,1.18,1.17,1.18,125000,0
2016-03-07,06:35:00,1.18,1.18,1.17,1.17,115000,0
2016-03-07,06:50:00,1.17,1.17,1.17,1.17,50000,0
2016-03-07,07:10:00,1.17,1.18,1.17,1.18,120000,0
2016-03-07,07:30:00,1.18,1.18,1.17,1.17,155000,0
2016-03-07,07:35:00,1.17,1.19,1.17,1.19,90000,0
2016-03-07,07:50:00,1.18,1.18,1.18,1.18,100000,0
2016-03-07,08:10:00,1.18,1.18,1.18,1.18,60000,0
2016-03-07,08:25:00,1.18,1.18,1.18,1.18,80000,0
2016-03-07,09:00:00,1.18,1.2,1.18,1.2,192500,0
2016-03-08,02:35:00,1.19,1.19,1.19,1.19,75000,0
2016-03-08,02:50:00,1.19,1.19,1.19,1.19,52500,0
2016-03-08,03:10:00,1.19,1.19,1.19,1.19,90000,0
2016-03-08,03:20:00,1.19,1.19,1.19,1.19,100000,0
2016-03-08,03:45:00,1.19,1.19,1.19,1.19,80000,0
2016-03-08,04:05:00,1.19,1.19,1.18,1.18,120000,0
2016-03-08,04:20:00,1.18,1.19,1.18,1.19,137500,0
2016-03-08,05:00:00,1.18,1.18,1.18,1.18,100000,0
2016-03-08,06:05:00,1.18,1.18,1.18,1.18,80000,0
2016-03-08,06:30:00,1.17,1.18,1.17,1.18,107500,0
2016-03-08,06:50:00,1.18,1.18,1.18,1.18,100000,0
2016-03-08,07:05:00,1.18,1.18,1.18,1.18,90000,0
2016-03-08,07:30:00,1.18,1.18,1.18,1.18,80000,0
2016-03-08,07:45:00,1.18,1.19,1.18,1.19,50000,0
2016-03-08,07:50:00,1.19,1.19,1.18,1.18,107500,0
2016-03-08,08:40:00,1.18,1.18,1.18,1.18,102500,0
2016-03-08,08:45:00,1.18,1.18,1.18,1.18,87500,0
2016-03-08,08:50:00,1.18,1.19,1.18,1.19,12500,0
2016-03-08,08:55:00,1.19,1.19,1.19,1.19,5000,0
2016-03-08,09:00:00,1.19,1.19,1.19,1.19,12500,0
2016-03-09,02:35:00,1.19,1.19,1.19,1.19,90000,0
2016-03-09,02:55:00,1.19,1.19,1.18,1.18,40000,0
2016-03-09,03:00:00,1.18,1.18,1.18,1.18,52500,0
2016-03-09,03:10:00,1.18,1.19,1.18,1.19,157500,0
2016-03-09,03:20:00,1.19,1.19,1.19,1.19,100000,0
2016-03-09,03:35:00,1.19,1.19,1.18,1.18,80000,0
2016-03-09,03:50:00,1.18,1.18,1.18,1.18,100000,0
2016-03-09,04:05:00,1.18,1.18,1.18,1.18,40000,0
2016-03-09,04:25:00,1.18,1.19,1.18,1.19,110000,0
2016-03-09,04:45:00,1.19,1.19,1.19,1.19,50000,0
2016-03-09,04:55:00,1.19,1.19,1.19,1.19,100000,0
2016-03-09,06:05:00,1.19,1.19,1.19,1.19,80000,0
2016-03-09,06:25:00,1.19,1.19,1.18,1.18,80000,0
2016-03-09,06:50:00,1.18,1.18,1.18,1.18,100000,0
2016-03-09,07:05:00,1.18,1.18,1.18,1.18,97500,0
2016-03-09,07:25:00,1.18,1.18,1.18,1.18,90000,0
2016-03-09,08:25:00,1.17,1.19,1.17,1.19,60000,0
2016-03-09,08:30:00,1.18,1.18,1.18,1.18,72500,0
2016-03-09,08:50:00,1.18,1.18,1.18,1.18,102500,0
2016-03-09,08:55:00,1.18,1.19,1.18,1.19,72500,0
2016-03-09,09:00:00,1.19,1.2,1.19,1.2,40000,0
2016-03-10,02:35:00,1.19,1.2,1.19,1.2,130000,0
2016-03-10,02:50:00,1.19,1.19,1.19,1.19,50000,0
2016-03-10,03:10:00,1.19,1.19,1.19,1.19,70000,0
2016-03-10,03:20:00,1.19,1.19,1.19,1.19,100000,0
2016-03-10,03:35:00,1.19,1.19,1.19,1.19,90000,0
2016-03-10,04:00:00,1.19,1.19,1.18,1.18,200000,0
2016-03-10,04:05:00,1.18,1.18,1.18,1.18,10000,0
2016-03-10,04:15:00,1.18,1.2,1.18,1.19,140000,0
2016-03-10,04:25:00,1.19,1.19,1.18,1.18,140000,0
2016-03-10,04:50:00,1.18,1.18,1.18,1.18,100000,0
2016-03-10,05:00:00,1.17,1.19,1.17,1.19,110000,0
2016-03-10,06:05:00,1.19,1.19,1.19,1.19,60000,0
2016-03-10,06:25:00,1.18,1.18,1.18,1.18,72500,0
2016-03-10,06:50:00,1.18,1.18,1.18,1.18,80000,0
2016-03-10,06:55:00,1.18,1.18,1.18,1.18,20000,0
2016-03-10,07:05:00,1.18,1.18,1.18,1.18,97500,0
2016-03-10,07:40:00,1.18,1.19,1.18,1.19,57500,0
2016-03-10,07:45:00,1.18,1.18,1.18,1.18,40000,0
2016-03-10,07:50:00,1.18,1.19,1.18,1.19,20000,0
2016-03-10,08:05:00,1.19,1.19,1.19,1.19,80000,0
2016-03-10,08:25:00,1.19,1.19,1.18,1.18,57500,0
2016-03-10,08:40:00,1.18,1.19,1.18,1.19,70000,0
2016-03-10,08:45:00,1.19,1.19,1.19,1.19,2500,0
2016-03-11,02:35:00,1.18,1.19,1.18,1.18,150000,0
2016-03-11,02:55:00,1.18,1.18,1.18,1.18,65000,0
2016-03-11,03:05:00,1.18,1.18,1.18,1.18,100000,0
2016-03-11,03:20:00,1.18,1.18,1.18,1.18,80000,0
2016-03-11,04:05:00,1.17,1.18,1.17,1.18,87500,0
2016-03-11,06:05:00,1.17,1.18,1.17,1.18,92500,0
2016-03-11,06:40:00,1.17,1.18,1.17,1.18,40000,0
2016-03-11,06:50:00,1.18,1.18,1.18,1.18,80000,0
2016-03-11,07:30:00,1.17,1.19,1.17,1.19,57500,0
2016-03-11,07:55:00,1.19,1.19,1.19,1.19,95000,0
2016-03-11,08:15:00,1.19,1.19,1.18,1.18,170000,0
2016-03-11,08:25:00,1.18,1.18,1.18,1.18,70000,0
2016-03-11,08:30:00,1.18,1.19,1.18,1.19,60000,0
2016-03-11,08:45:00,1.19,1.2,1.18,1.19,270000,0
2016-03-11,09:00:00,1.19,1.2,1.19,1.2,80000,0
2016-03-14,02:35:00,1.19,1.2,1.19,1.19,140000,0
2016-03-14,02:45:00,1.19,1.19,1.19,1.19,2500,0
2016-03-14,02:55:00,1.19,1.19,1.19,1.19,50000,0
2016-03-14,03:25:00,1.19,1.2,1.19,1.2,70000,0
2016-03-14,03:35:00,1.2,1.2,1.2,1.2,90000,0
2016-03-14,03:50:00,1.2,1.2,1.2,1.2,15000,0
2016-03-14,03:55:00,1.2,1.2,1.19,1.19,27500,0
2016-03-14,04:00:00,1.19,1.19,1.19,1.19,137500,0
2016-03-14,04:05:00,1.19,1.19,1.19,1.19,20000,0
2016-03-14,04:20:00,1.19,1.19,1.18,1.18,77500,0
2016-03-14,04:30:00,1.18,1.18,1.18,1.18,100000,0
2016-03-14,04:45:00,1.18,1.19,1.18,1.19,120000,0
2016-03-14,05:00:00,1.19,1.19,1.19,1.19,60000,0
2016-03-14,06:05:00,1.19,1.19,1.19,1.19,80000,0
2016-03-14,06:35:00,1.19,1.19,1.19,1.19,50000,0
2016-03-14,06:40:00,1.19,1.19,1.19,1.19,50000,0
2016-03-14,06:50:00,1.19,1.19,1.18,1.18,100000,0
2016-03-14,07:10:00,1.18,1.19,1.18,1.18,217500,0
2016-03-14,07:30:00,1.18,1.18,1.18,1.18,70000,0
2016-03-14,08:00:00,1.18,1.18,1.18,1.18,82500,0
2016-03-14,08:05:00,1.18,1.19,1.18,1.19,60000,0
2016-03-14,08:20:00,1.19,1.19,1.18,1.18,15000,0
2016-03-14,08:25:00,1.17,1.18,1.17,1.18,170000,0
2016-03-14,08:50:00,1.18,1.18,1.17,1.18,150000,0
2016-03-14,09:00:00,1.18,1.2,1.18,1.2,62500,0
2016-03-15,04:50:00,1.19,1.2,1.19,1.2,55000,0
2016-03-15,07:10:00,1.19,1.2,1.19,1.2,130000,0
2016-03-15,08:15:00,1.19,1.2,1.19,1.2,140000,0
2016-03-16,02:35:00,1.19,1.19,1.19,1.19,40000,0
2016-03-16,02:45:00,1.19,1.19,1.18,1.18,60000,0
2016-03-16,02:50:00,1.18,1.19,1.18,1.19,87500,0
2016-03-16,03:10:00,1.19,1.19,1.18,1.18,117500,0
2016-03-16,03:25:00,1.18,1.19,1.18,1.19,120000,0
2016-03-16,03:55:00,1.19,1.19,1.18,1.18,115000,0
2016-03-16,04:00:00,1.18,1.18,1.18,1.18,30000,0
2016-03-16,04:20:00,1.18,1.18,1.18,1.18,105000,0
2016-03-16,04:45:00,1.18,1.18,1.18,1.18,80000,0
2016-03-16,04:55:00,1.18,1.18,1.18,1.18,60000,0
2016-03-16,06:05:00,1.18,1.18,1.18,1.18,90000,0
2016-03-16,06:40:00,1.18,1.18,1.18,1.18,100000,0
2016-03-16,06:45:00,1.18,1.18,1.18,1.18,10000,0
2016-03-16,06:50:00,1.18,1.18,1.18,1.18,100000,0
2016-03-16,07:00:00,1.18,1.18,1.18,1.18,85000,0
2016-03-16,07:30:00,1.18,1.18,1.18,1.18,80000,0
2016-03-16,07:45:00,1.18,1.18,1.18,1.18,90000,0
2016-03-16,07:50:00,1.18,1.18,1.18,1.18,100000,0
2016-03-16,08:05:00,1.18,1.18,1.18,1.18,70000,0
2016-03-16,08:25:00,1.18,1.18,1.18,1.18,80000,0
2016-03-16,08:50:00,1.18,1.18,1.18,1.18,5000,0
2016-03-17,03:00:00,1.17,1.18,1.17,1.18,27500,0
2016-03-17,06:20:00,1.17,1.18,1.17,1.18,82500,0
2016-03-17,08:55:00,1.17,1.19,1.17,1.19,52500,0
2016-03-17,09:00:00,1.19,1.19,1.19,1.19,20000,0
2016-03-18,02:35:00,1.18,1.18,1.18,1.18,100000,0
2016-03-18,02:40:00,1.18,1.18,1.18,1.18,12500,0
2016-03-18,02:50:00,1.18,1.18,1.18,1.18,55000,0
2016-03-18,03:05:00,1.18,1.18,1.18,1.18,20000,0
2016-03-18,03:10:00,1.18,1.18,1.18,1.18,62500,0
2016-03-18,03:25:00,1.18,1.18,1.18,1.18,87500,0
2016-03-18,03:30:00,1.18,1.18,1.18,1.18,70000,0
2016-03-18,03:45:00,1.18,1.18,1.18,1.18,95000,0
2016-03-18,03:55:00,1.18,1.18,1.18,1.18,50000,0
2016-03-18,04:10:00,1.18,1.18,1.18,1.18,70000,0
2016-03-18,04:35:00,1.18,1.18,1.18,1.18,70000,0
2016-03-18,04:55:00,1.18,1.18,1.18,1.18,60000,0
2016-03-18,06:10:00,1.18,1.18,1.18,1.18,100000,0
2016-03-18,06:30:00,1.18,1.18,1.18,1.18,80000,0
2016-03-18,06:50:00,1.17,1.18,1.17,1.18,72500,0
2016-03-18,07:20:00,1.18,1.18,1.18,1.18,70000,0
2016-03-18,07:40:00,1.18,1.18,1.18,1.18,80000,0
2016-03-18,08:50:00,1.17,1.18,1.17,1.18,60000,0
2016-03-18,08:55:00,1.17,1.18,1.17,1.18,20000,0
2016-03-18,09:00:00,1.18,1.18,1.18,1.18,2500,0
2016-03-21,02:35:00,1.18,1.18,1.17,1.17,100000,0
2016-03-21,02:50:00,1.17,1.17,1.17,1.17,50000,0
2016-03-21,03:00:00,1.17,1.17,1.17,1.17,50000,0
2016-03-21,03:10:00,1.17,1.17,1.17,1.17,100000,0
2016-03-21,03:30:00,1.17,1.18,1.17,1.18,120000,0
2016-03-21,03:55:00,1.18,1.18,1.18,1.18,92500,0
2016-03-21,04:05:00,1.18,1.18,1.18,1.18,95000,0
2016-03-21,04:15:00,1.18,1.19,1.18,1.19,7500,0
2016-03-21,04:25:00,1.18,1.18,1.18,1.18,50000,0
2016-03-21,04:40:00,1.18,1.18,1.18,1.18,50000,0
2016-03-21,04:55:00,1.18,1.18,1.17,1.17,80000,0
2016-03-21,06:05:00,1.17,1.18,1.17,1.18,80000,0
2016-03-21,06:35:00,1.18,1.18,1.17,1.17,70000,0
2016-03-21,07:00:00,1.17,1.18,1.17,1.18,77500,0
2016-03-21,07:10:00,1.18,1.18,1.17,1.17,110000,0
2016-03-21,08:25:00,1.15,1.16,1.15,1.16,65000,0
2016-03-21,08:30:00,1.15,1.16,1.15,1.16,50000,0
2016-03-21,08:40:00,1.15,1.16,1.15,1.16,5000,0
2016-03-21,08:45:00,1.16,1.17,1.16,1.17,142500,0
2016-03-21,08:55:00,1.16,1.16,1.16,1.16,60000,0
2016-03-21,09:00:00,1.16,1.17,1.16,1.17,40000,0
2016-03-22,02:35:00,1.16,1.16,1.16,1.16,80000,0
2016-03-22,02:50:00,1.16,1.16,1.16,1.16,37500,0
2016-03-22,02:55:00,1.16,1.16,1.16,1.16,45000,0
2016-03-22,03:10:00,1.16,1.16,1.15,1.15,220000,0
2016-03-22,03:40:00,1.15,1.15,1.15,1.15,130000,0
2016-03-22,03:45:00,1.15,1.15,1.15,1.15,75000,0
2016-03-22,03:50:00,1.15,1.15,1.15,1.15,7500,0
2016-03-22,04:15:00,1.14,1.15,1.14,1.15,60000,0
2016-03-22,04:20:00,1.15,1.15,1.15,1.15,30000,0
2016-03-22,04:25:00,1.15,1.15,1.15,1.15,50000,0
2016-03-22,04:40:00,1.15,1.15,1.15,1.15,60000,0
2016-03-22,04:50:00,1.15,1.16,1.14,1.16,180000,0
2016-03-22,06:05:00,1.15,1.15,1.15,1.15,50000,0
2016-03-22,06:15:00,1.15,1.15,1.15,1.15,80000,0
2016-03-22,06:55:00,1.15,1.15,1.15,1.15,70000,0
2016-03-22,07:10:00,1.15,1.15,1.15,1.15,80000,0
2016-03-22,07:35:00,1.15,1.15,1.14,1.15,202500,0
2016-03-22,08:10:00,1.14,1.15,1.14,1.15,40000,0
2016-03-22,08:30:00,1.15,1.15,1.15,1.15,57500,0
2016-03-22,08:40:00,1.15,1.15,1.15,1.15,100000,0
2016-03-22,08:45:00,1.15,1.15,1.15,1.15,80000,0
2016-03-23,02:35:00,1.14,1.14,1.14,1.14,80000,0
2016-03-23,02:40:00,1.14,1.14,1.14,1.14,30000,0
2016-03-23,02:50:00,1.14,1.14,1.14,1.14,80000,0
2016-03-23,03:15:00,1.14,1.14,1.14,1.14,17500,0
2016-03-23,03:20:00,1.14,1.14,1.13,1.13,80000,0
2016-03-23,03:35:00,1.13,1.13,1.12,1.13,192500,0
2016-03-23,03:50:00,1.13,1.13,1.13,1.13,77500,0
2016-03-23,03:55:00,1.13,1.14,1.13,1.14,7500,0
2016-03-23,04:00:00,1.14,1.14,1.13,1.13,90000,0
2016-03-23,04:15:00,1.13,1.13,1.13,1.13,60000,0
2016-03-23,04:35:00,1.13,1.13,1.13,1.13,10000,0
2016-03-23,04:40:00,1.13,1.13,1.13,1.13,65000,0
2016-03-23,04:45:00,1.13,1.13,1.13,1.13,50000,0
2016-03-23,04:55:00,1.13,1.14,1.13,1.14,20000,0
2016-03-23,05:00:00,1.14,1.14,1.14,1.14,50000,0
2016-03-23,06:05:00,1.14,1.14,1.14,1.14,82500,0
2016-03-23,06:30:00,1.14,1.14,1.13,1.13,70000,0
2016-03-23,06:45:00,1.13,1.14,1.13,1.14,100000,0
2016-03-23,07:00:00,1.14,1.14,1.13,1.13,125000,0
2016-03-23,07:05:00,1.13,1.14,1.13,1.14,150000,0
2016-03-23,07:10:00,1.14,1.14,1.13,1.13,120000,0
2016-03-23,07:20:00,1.13,1.14,1.13,1.14,40000,0
2016-03-23,07:30:00,1.14,1.14,1.13,1.13,130000,0
2016-03-23,07:55:00,1.13,1.13,1.13,1.13,60000,0
2016-03-23,08:05:00,1.13,1.13,1.13,1.13,75000,0
2016-03-23,08:10:00,1.13,1.13,1.13,1.13,45000,0
2016-03-23,08:30:00,1.13,1.13,1.13,1.13,102500,0
2016-03-23,08:45:00,1.13,1.13,1.13,1.13,57500,0
2016-03-23,08:50:00,1.13,1.13,1.13,1.13,45000,0
2016-03-23,08:55:00,1.13,1.14,1.13,1.14,12500,0
2016-03-23,09:00:00,1.13,1.14,1.13,1.14,62500,0
2016-03-24,02:35:00,1.13,1.14,1.13,1.13,110000,0
2016-03-24,02:50:00,1.13,1.14,1.13,1.14,92500,0
2016-03-24,02:55:00,1.14,1.14,1.14,1.14,7500,0
2016-03-24,03:10:00,1.13,1.13,1.13,1.13,70000,0
2016-03-24,03:25:00,1.13,1.14,1.13,1.14,107500,0
2016-03-24,03:35:00,1.14,1.14,1.13,1.13,140000,0
2016-03-24,03:55:00,1.13,1.13,1.13,1.13,130000,0
2016-03-24,04:10:00,1.13,1.13,1.12,1.12,40000,0
2016-03-24,04:15:00,1.12,1.12,1.12,1.12,280000,0
2016-03-24,04:35:00,1.12,1.12,1.12,1.12,60000,0
2016-03-24,04:45:00,1.12,1.12,1.12,1.12,70000,0
2016-03-24,05:00:00,1.12,1.13,1.12,1.13,62500,0
2016-03-24,06:05:00,1.13,1.13,1.12,1.12,165000,0
2016-03-24,06:30:00,1.12,1.12,1.12,1.12,70000,0
2016-03-24,06:55:00,1.11,1.12,1.11,1.12,40000,0
2016-03-24,07:05:00,1.12,1.12,1.12,1.12,60000,0
2016-03-24,07:25:00,1.12,1.12,1.12,1.12,57500,0
2016-03-24,07:40:00,1.11,1.12,1.11,1.12,50000,0
2016-03-24,07:50:00,1.12,1.12,1.12,1.12,50000,0
2016-03-24,08:10:00,1.12,1.12,1.12,1.12,80000,0
2016-03-24,08:35:00,1.12,1.12,1.12,1.12,100000,0
2016-03-24,08:45:00,1.12,1.12,1.12,1.12,50000,0
2016-03-24,08:50:00,1.12,1.12,1.12,1.12,50000,0
2016-03-24,08:55:00,1.12,1.12,1.12,1.12,40000,0
2016-03-24,09:00:00,1.12,1.13,1.12,1.13,40000,0
2016-03-29,05:55:00,1.12,1.13,1.12,1.13,80000,0
2016-03-29,07:35:00,1.12,1.13,1.12,1.13,70000,0
2016-03-29,07:40:00,1.13,1.14,1.13,1.14,40000,0
2016-03-29,07:45:00,1.13,1.13,1.13,1.13,67500,0
2016-03-30,03:35:00,1.11,1.12,1.11,1.11,87500,0
2016-03-30,03:50:00,1.11,1.12,1.11,1.12,100000,0
2016-03-30,04:10:00,1.12,1.12,1.11,1.11,132500,0
2016-03-30,04:20:00,1.11,1.11,1.11,1.11,10000,0
2016-03-30,04:30:00,1.11,1.12,1.11,1.12,70000,0
2016-03-30,04:40:00,1.12,1.12,1.11,1.11,60000,0
2016-03-30,04:45:00,1.11,1.11,1.11,1.11,70000,0
2016-03-30,05:20:00,1.11,1.12,1.11,1.12,5000,0
2016-03-30,05:25:00,1.12,1.12,1.11,1.11,172500,0
2016-03-30,05:35:00,1.11,1.11,1.11,1.11,50000,0
2016-03-30,05:45:00,1.11,1.11,1.11,1.11,90000,0
2016-03-30,05:50:00,1.11,1.12,1.11,1.12,72500,0
2016-03-30,07:05:00,1.12,1.12,1.12,1.12,70000,0
2016-03-30,07:10:00,1.12,1.12,1.1,1.11,400000,0
2016-03-30,07:20:00,1.11,1.13,1.11,1.13,75000,0
2016-03-30,07:25:00,1.13,1.13,1.12,1.12,115000,0
2016-03-30,07:50:00,1.12,1.12,1.11,1.11,72500,0
2016-03-30,08:05:00,1.11,1.14,1.11,1.13,152500,0
2016-03-30,08:30:00,1.13,1.13,1.13,1.13,67500,0
2016-03-30,08:35:00,1.13,1.13,1.13,1.13,22500,0
2016-03-30,08:55:00,1.13,1.13,1.13,1.13,50000,0
2016-03-30,09:10:00,1.13,1.13,1.13,1.13,45000,0
2016-03-30,09:15:00,1.13,1.13,1.13,1.13,50000,0
2016-03-30,09:35:00,1.12,1.12,1.12,1.12,60000,0
2016-03-30,09:40:00,1.12,1.13,1.12,1.13,30000,0
2016-03-30,09:50:00,1.12,1.12,1.12,1.12,50000,0
2016-03-30,09:55:00,1.12,1.13,1.12,1.13,5000,0
2016-03-30,10:00:00,1.13,1.14,1.13,1.14,77500,0
2016-03-31,03:40:00,1.14,1.14,1.14,1.14,120000,0
2016-03-31,03:45:00,1.13,1.13,1.13,1.13,60000,0
2016-03-31,03:55:00,1.13,1.14,1.13,1.14,92500,0
2016-03-31,04:30:00,1.13,1.13,1.13,1.13,110000,0
2016-03-31,04:35:00,1.13,1.13,1.13,1.13,60000,0
2016-03-31,04:40:00,1.13,1.14,1.13,1.14,25000,0
2016-03-31,04:55:00,1.14,1.14,1.14,1.14,50000,0
2016-03-31,05:05:00,1.14,1.14,1.14,1.14,57500,0
2016-03-31,05:15:00,1.13,1.13,1.13,1.13,60000,0
2016-03-31,05:25:00,1.13,1.13,1.13,1.13,40000,0
2016-03-31,06:00:00,1.13,1.14,1.13,1.14,100000,0
2016-03-31,07:10:00,1.14,1.15,1.14,1.15,40000,0
2016-03-31,07:15:00,1.15,1.15,1.14,1.14,115000,0
2016-03-31,07:45:00,1.14,1.14,1.14,1.14,70000,0
2016-03-31,07:50:00,1.14,1.14,1.14,1.14,100000,0
2016-03-31,08:05:00,1.14,1.14,1.14,1.14,80000,0
2016-03-31,08:15:00,1.14,1.14,1.14,1.14,50000,0
2016-03-31,08:40:00,1.14,1.14,1.13,1.13,152500,0
2016-03-31,08:55:00,1.13,1.14,1.13,1.14,115000,0
2016-03-31,09:15:00,1.14,1.14,1.13,1.13,120000,0
2016-03-31,09:20:00,1.13,1.13,1.13,1.13,150000,0
2016-03-31,09:30:00,1.13,1.13,1.13,1.13,110000,0
2016-03-31,09:35:00,1.12,1.13,1.12,1.13,95000,0
2016-03-31,09:40:00,1.13,1.13,1.13,1.13,10000,0
2016-03-31,09:45:00,1.13,1.13,1.13,1.13,5000,0
2016-03-31,09:50:00,1.12,1.13,1.12,1.13,90000,0
2016-03-31,09:55:00,1.13,1.13,1.13,1.13,5000,0
2016-03-31,10:00:00,1.12,1.14,1.12,1.13,60000,0
2016-04-01,03:35:00,1.13,1.13,1.12,1.13,120000,0
2016-04-01,03:45:00,1.13,1.13,1.13,1.13,50000,0
2016-04-01,04:15:00,1.13,1.13,1.13,1.13,10000,0
2016-04-01,04:25:00,1.13,1.13,1.13,1.13,105000,0
2016-04-01,04:40:00,1.13,1.13,1.13,1.13,70000,0
2016-04-01,04:50:00,1.13,1.13,1.13,1.13,55000,0
2016-04-01,05:10:00,1.13,1.13,1.13,1.13,50000,0
2016-04-01,05:35:00,1.13,1.13,1.13,1.13,60000,0
2016-04-01,05:55:00,1.12,1.14,1.12,1.14,40000,0
2016-04-01,06:00:00,1.13,1.13,1.13,1.13,60000,0
2016-04-01,07:10:00,1.13,1.13,1.13,1.13,50000,0
2016-04-01,07:25:00,1.13,1.13,1.13,1.13,57500,0
2016-04-01,07:50:00,1.13,1.13,1.13,1.13,60000,0
2016-04-01,08:10:00,1.13,1.13,1.13,1.13,50000,0
2016-04-01,08:25:00,1.13,1.13,1.13,1.13,60000,0
2016-04-01,08:50:00,1.13,1.13,1.13,1.13,50000,0
2016-04-01,09:20:00,1.13,1.13,1.13,1.13,60000,0
2016-04-01,09:30:00,1.13,1.13,1.13,1.13,52500,0
2016-04-01,09:55:00,1.13,1.13,1.13,1.13,62500,0
2016-04-01,10:00:00,1.13,1.13,1.13,1.13,70000,0
2016-04-05,03:35:00,1.13,1.13,1.12,1.12,100000,0
2016-04-05,03:40:00,1.12,1.12,1.12,1.12,10000,0
2016-04-05,03:55:00,1.11,1.12,1.11,1.12,120000,0
2016-04-05,04:15:00,1.12,1.12,1.12,1.12,100000,0
2016-04-05,04:20:00,1.12,1.12,1.12,1.12,80000,0
2016-04-05,04:35:00,1.12,1.12,1.12,1.12,90000,0
2016-04-05,04:45:00,1.12,1.12,1.12,1.12,100000,0
2016-04-05,05:10:00,1.12,1.12,1.12,1.12,80000,0
2016-04-05,05:35:00,1.12,1.12,1.12,1.12,40000,0
2016-04-05,05:40:00,1.12,1.12,1.12,1.12,40000,0
2016-04-05,05:45:00,1.12,1.12,1.12,1.12,50000,0
2016-04-05,07:05:00,1.12,1.12,1.12,1.12,50000,0
2016-04-05,07:30:00,1.12,1.12,1.12,1.12,100000,0
2016-04-05,07:55:00,1.12,1.12,1.12,1.12,50000,0
2016-04-05,08:00:00,1.12,1.12,1.12,1.12,40000,0
2016-04-05,08:05:00,1.12,1.12,1.12,1.12,50000,0
2016-04-05,08:25:00,1.12,1.12,1.12,1.12,60000,0
2016-04-05,08:35:00,1.11,1.12,1.11,1.12,37500,0
2016-04-05,08:55:00,1.12,1.12,1.12,1.12,80000,0
2016-04-05,09:05:00,1.12,1.12,1.12,1.12,60000,0
2016-04-05,09:30:00,1.12,1.12,1.12,1.12,57500,0
2016-04-05,09:40:00,1.11,1.12,1.11,1.12,40000,0
2016-04-05,09:45:00,1.12,1.12,1.12,1.12,60000,0
2016-04-05,10:00:00,1.12,1.13,1.12,1.13,62500,0
2016-04-06,03:35:00,1.12,1.12,1.12,1.12,60000,0
2016-04-06,04:00:00,1.12,1.14,1.12,1.14,110000,0
2016-04-06,04:05:00,1.14,1.14,1.13,1.13,20000,0
2016-04-06,04:10:00,1.13,1.13,1.13,1.13,50000,0
2016-04-06,04:15:00,1.13,1.13,1.13,1.13,60000,0
2016-04-06,04:30:00,1.13,1.13,1.13,1.13,10000,0
2016-04-06,04:35:00,1.13,1.13,1.13,1.13,100000,0
2016-04-06,04:45:00,1.13,1.13,1.13,1.13,60000,0
2016-04-06,05:05:00,1.13,1.13,1.11,1.13,150000,0
2016-04-06,05:20:00,1.12,1.12,1.12,1.12,60000,0
2016-04-06,05:30:00,1.12,1.12,1.12,1.12,60000,0
2016-04-06,05:40:00,1.12,1.12,1.11,1.11,130000,0
2016-04-06,05:50:00,1.11,1.12,1.11,1.12,95000,0
2016-04-06,07:05:00,1.11,1.11,1.11,1.11,60000,0
2016-04-06,07:25:00,1.11,1.11,1.11,1.11,80000,0
2016-04-06,07:35:00,1.11,1.11,1.11,1.11,100000,0
2016-04-06,07:45:00,1.11,1.11,1.11,1.11,50000,0
2016-04-06,07:55:00,1.11,1.12,1.11,1.12,87500,0
2016-04-06,08:20:00,1.12,1.12,1.12,1.12,100000,0
2016-04-06,08:40:00,1.12,1.12,1.12,1.12,50000,0
2016-04-06,08:45:00,1.12,1.12,1.11,1.11,100000,0
2016-04-06,09:05:00,1.11,1.11,1.11,1.11,50000,0
2016-04-06,09:25:00,1.11,1.11,1.11,1.11,65000,0
2016-04-06,09:35:00,1.11,1.11,1.11,1.11,22500,0
2016-04-06,09:45:00,1.11,1.11,1.11,1.11,70000,0
2016-04-06,09:55:00,1.11,1.11,1.11,1.11,40000,0
2016-04-06,10:00:00,1.11,1.11,1.1,1.11,37500,0
2016-04-07,03:35:00,1.11,1.11,1.11,1.11,60000,0
2016-04-07,03:50:00,1.11,1.11,1.11,1.11,100000,0
2016-04-07,03:55:00,1.11,1.11,1.1,1.1,65000,0
2016-04-07,04:00:00,1.1,1.1,1.1,1.1,12500,0
2016-04-07,04:05:00,1.1,1.1,1.1,1.1,87500,0
2016-04-07,04:15:00,1.1,1.1,1.1,1.1,20000,0
2016-04-07,04:20:00,1.1,1.1,1.1,1.1,55000,0
2016-04-07,05:05:00,1.09,1.1,1.09,1.1,77500,0
2016-04-07,05:10:00,1.1,1.11,1.1,1.11,162500,0
2016-04-07,05:15:00,1.1,1.1,1.1,1.1,52500,0
2016-04-07,05:25:00,1.1,1.11,1.1,1.11,22500,0
2016-04-07,05:45:00,1.11,1.11,1.1,1.1,230000,0
2016-04-07,05:55:00,1.1,1.11,1.1,1.11,87500,0
2016-04-07,07:10:00,1.1,1.1,1.1,1.1,50000,0
2016-04-07,07:25:00,1.1,1.1,1.1,1.1,70000,0
2016-04-07,07:35:00,1.1,1.1,1.1,1.1,50000,0
2016-04-07,08:00:00,1.1,1.1,1.1,1.1,105000,0
2016-04-07,08:05:00,1.1,1.1,1.1,1.1,15000,0
2016-04-07,08:15:00,1.09,1.1,1.09,1.1,100000,0
2016-04-07,08:55:00,1.09,1.1,1.09,1.1,20000,0
2016-04-07,09:05:00,1.09,1.1,1.09,1.1,55000,0
2016-04-07,09:20:00,1.1,1.1,1.1,1.1,67500,0
2016-04-07,09:35:00,1.1,1.1,1.1,1.1,135000,0
2016-04-07,09:50:00,1.1,1.1,1.1,1.1,70000,0
2016-04-07,09:55:00,1.1,1.12,1.1,1.12,20000,0
2016-04-07,10:00:00,1.12,1.13,1.12,1.13,80000,0
2016-04-08,03:35:00,1.12,1.13,1.12,1.12,82500,0
2016-04-08,03:55:00,1.12,1.13,1.12,1.13,100000,0
2016-04-08,04:05:00,1.13,1.13,1.11,1.11,77500,0
2016-04-08,04:20:00,1.11,1.12,1.11,1.12,200000,0
2016-04-08,04:35:00,1.12,1.12,1.12,1.12,60000,0
2016-04-08,04:45:00,1.12,1.12,1.11,1.11,100000,0
2016-04-08,04:50:00,1.11,1.13,1.11,1.13,20000,0
2016-04-08,05:15:00,1.13,1.13,1.11,1.11,120000,0
2016-04-08,05:20:00,1.11,1.13,1.11,1.13,185000,0
2016-04-08,05:35:00,1.13,1.13,1.13,1.13,100000,0
2016-04-08,05:50:00,1.13,1.13,1.13,1.13,60000,0
2016-04-08,07:05:00,1.12,1.12,1.12,1.12,65000,0
2016-04-08,07:30:00,1.12,1.12,1.12,1.12,70000,0
2016-04-08,07:35:00,1.12,1.12,1.12,1.12,107500,0
2016-04-08,07:50:00,1.12,1.12,1.12,1.12,62500,0
2016-04-08,07:55:00,1.12,1.12,1.12,1.12,27500,0
2016-04-08,08:05:00,1.12,1.12,1.12,1.12,55000,0
2016-04-08,08:25:00,1.12,1.12,1.12,1.12,105000,0
2016-04-08,08:35:00,1.12,1.13,1.12,1.13,100000,0
2016-04-08,08:50:00,1.13,1.13,1.12,1.12,100000,0
2016-04-08,09:20:00,1.12,1.12,1.12,1.12,60000,0
2016-04-08,09:30:00,1.12,1.12,1.12,1.12,50000,0
2016-04-08,09:35:00,1.12,1.12,1.11,1.11,130000,0
2016-04-08,09:45:00,1.11,1.12,1.11,1.12,20000,0
2016-04-08,09:55:00,1.1,1.12,1.1,1.12,50000,0
2016-04-08,10:00:00,1.12,1.14,1.12,1.14,107500,0
2016-04-11,03:35:00,1.13,1.13,1.13,1.13,57500,0
2016-04-11,03:50:00,1.13,1.13,1.13,1.13,70000,0
2016-04-11,04:20:00,1.13,1.13,1.13,1.13,72500,0
2016-04-11,04:35:00,1.13,1.13,1.13,1.13,100000,0
2016-04-11,04:40:00,1.1,1.11,1.1,1.11,70000,0
2016-04-11,04:45:00,1.11,1.12,1.11,1.12,12500,0
2016-04-11,05:00:00,1.11,1.11,1.11,1.11,55000,0
2016-04-11,05:25:00,1.11,1.11,1.11,1.11,140000,0
2016-04-11,05:30:00,1.11,1.11,1.11,1.11,30000,0
2016-04-11,05:35:00,1.11,1.11,1.11,1.11,50000,0
2016-04-11,05:50:00,1.11,1.12,1.11,1.12,52500,0
2016-04-11,05:55:00,1.12,1.12,1.11,1.11,130000,0
2016-04-11,07:10:00,1.11,1.11,1.11,1.11,60000,0
2016-04-11,07:35:00,1.11,1.11,1.11,1.11,100000,0
2016-04-11,07:50:00,1.11,1.11,1.11,1.11,60000,0
2016-04-11,08:25:00,1.11,1.11,1.11,1.11,50000,0
2016-04-11,08:45:00,1.11,1.11,1.11,1.11,70000,0
2016-04-11,09:05:00,1.11,1.11,1.11,1.11,57500,0
2016-04-11,09:15:00,1.11,1.12,1.11,1.12,42500,0
2016-04-11,09:35:00,1.12,1.12,1.12,1.12,150000,0
2016-04-11,09:40:00,1.12,1.12,1.12,1.12,50000,0
2016-04-12,03:35:00,1.11,1.12,1.11,1.11,70000,0
2016-04-12,03:45:00,1.11,1.11,1.11,1.11,105000,0
2016-04-12,04:00:00,1.11,1.11,1.11,1.11,100000,0
2016-04-12,04:15:00,1.11,1.11,1.11,1.11,147500,0
2016-04-12,04:40:00,1.11,1.11,1.11,1.11,100000,0
2016-04-12,04:45:00,1.11,1.11,1.11,1.11,60000,0
2016-04-12,04:55:00,1.11,1.11,1.11,1.11,50000,0
2016-04-12,05:05:00,1.11,1.11,1.11,1.11,120000,0
2016-04-12,05:20:00,1.11,1.11,1.11,1.11,50000,0
2016-04-12,05:35:00,1.11,1.11,1.11,1.11,90000,0
2016-04-12,05:45:00,1.11,1.11,1.11,1.11,60000,0
2016-04-12,07:05:00,1.11,1.11,1.11,1.11,55000,0
2016-04-12,07:20:00,1.11,1.11,1.1,1.1,17500,0
2016-04-12,07:25:00,1.1,1.11,1.1,1.11,55000,0
2016-04-12,07:30:00,1.11,1.12,1.11,1.12,47500,0
2016-04-12,07:40:00,1.12,1.12,1.12,1.12,100000,0
2016-04-12,07:45:00,1.11,1.11,1.11,1.11,100000,0
2016-04-12,08:05:00,1.11,1.11,1.11,1.11,50000,0
2016-04-12,08:15:00,1.11,1.12,1.11,1.12,15000,0
2016-04-12,08:35:00,1.12,1.12,1.12,1.12,100000,0
2016-04-12,08:40:00,1.12,1.12,1.12,1.12,2500,0
2016-04-12,08:45:00,1.12,1.12,1.11,1.11,87500,0
2016-04-12,08:50:00,1.11,1.11,1.11,1.11,50000,0
2016-04-12,08:55:00,1.11,1.12,1.11,1.12,200000,0
2016-04-12,09:05:00,1.12,1.12,1.12,1.12,57500,0
2016-04-12,09:20:00,1.12,1.12,1.12,1.12,50000,0
2016-04-12,09:45:00,1.11,1.11,1.11,1.11,120000,0
2016-04-12,10:00:00,1.11,1.13,1.11,1.13,130000,0
2016-04-13,03:35:00,1.12,1.12,1.12,1.12,60000,0
2016-04-13,03:45:00,1.12,1.12,1.12,1.12,100000,0
2016-04-13,03:55:00,1.12,1.12,1.12,1.12,70000,0
2016-04-13,04:15:00,1.12,1.13,1.12,1.12,247500,0
2016-04-13,04:30:00,1.12,1.13,1.12,1.12,210000,0
2016-04-13,04:50:00,1.12,1.12,1.12,1.12,60000,0
2016-04-13,05:10:00,1.12,1.13,1.12,1.13,150000,0
2016-04-13,05:20:00,1.13,1.13,1.12,1.12,45000,0
2016-04-13,05:25:00,1.12,1.12,1.12,1.12,52500,0
2016-04-13,05:35:00,1.12,1.12,1.12,1.12,75000,0
2016-04-13,05:50:00,1.12,1.12,1.12,1.12,60000,0
2016-04-13,07:05:00,1.12,1.12,1.12,1.12,55000,0
2016-04-13,07:25:00,1.12,1.12,1.12,1.12,102500,0
2016-04-13,07:35:00,1.12,1.12,1.12,1.12,60000,0
2016-04-13,07:55:00,1.12,1.12,1.12,1.12,100000,0
2016-04-13,08:00:00,1.12,1.12,1.12,1.12,62500,0
2016-04-13,08:05:00,1.12,1.12,1.12,1.12,55000,0
2016-04-13,08:20:00,1.12,1.14,1.12,1.14,130000,0
2016-04-13,08:25:00,1.14,1.14,1.13,1.13,65000,0
2016-04-13,08:35:00,1.13,1.13,1.12,1.12,147500,0
2016-04-13,08:45:00,1.12,1.12,1.12,1.12,100000,0
2016-04-13,08:50:00,1.12,1.12,1.12,1.12,40000,0
2016-04-13,09:10:00,1.12,1.12,1.12,1.12,100000,0
2016-04-13,09:15:00,1.12,1.13,1.12,1.12,137500,0
2016-04-13,09:40:00,1.12,1.12,1.12,1.12,80000,0
2016-04-13,09:45:00,1.12,1.13,1.12,1.12,102500,0
2016-04-13,09:50:00,1.12,1.12,1.12,1.12,10000,0
2016-04-13,10:00:00,1.12,1.14,1.12,1.14,157500,0
