Date,Time,Open,High,Low,Close,Volume,OpenInt
2016-02-04,02:50:00,0.75,0.76,0.75,0.76,30000,0
2016-02-04,03:05:00,0.75,0.75,0.75,0.75,20000,0
2016-02-04,03:40:00,0.75,0.76,0.75,0.76,10000,0
2016-02-04,06:45:00,0.75,0.75,0.74,0.74,1530000,0
2016-02-04,08:35:00,0.74,0.74,0.73,0.73,80000,0
2016-02-04,09:00:00,0.73,0.75,0.71,0.74,1100000,0
2016-02-05,03:50:00,0.73,0.74,0.73,0.74,6800000,0
2016-02-05,04:30:00,0.73,0.74,0.73,0.74,110000,0
2016-02-05,07:10:00,0.73,0.73,0.71,0.71,60000,0
2016-02-05,08:00:00,0.71,0.72,0.71,0.72,10000,0
2016-02-05,08:10:00,0.72,0.73,0.72,0.73,15000,0
2016-02-05,08:45:00,0.72,0.72,0.71,0.71,540000,0
2016-02-11,02:45:00,0.69,0.7,0.69,0.7,150000,0
2016-02-11,03:05:00,0.7,0.7,0.69,0.69,160000,0
2016-02-11,08:55:00,0.68,0.69,0.68,0.69,20000,0
2016-02-11,09:00:00,0.68,0.75,0.68,0.75,555000,0
2016-02-12,03:35:00,0.7,0.73,0.7,0.7,130000,0
2016-02-12,04:10:00,0.7,0.7,0.69,0.69,210000,0
2016-02-12,04:15:00,0.69,0.7,0.69,0.7,50000,0
2016-02-12,04:20:00,0.7,0.7,0.69,0.69,180000,0
2016-02-12,04:35:00,0.69,0.69,0.69,0.69,30000,0
2016-02-12,04:40:00,0.69,0.69,0.69,0.69,25000,0
2016-02-12,04:45:00,0.69,0.69,0.69,0.69,25000,0
2016-02-12,04:55:00,0.69,0.7,0.69,0.7,180000,0
2016-02-12,07:05:00,0.7,0.7,0.7,0.7,60000,0
2016-02-12,07:20:00,0.7,0.7,0.69,0.69,315000,0
2016-02-12,08:30:00,0.69,0.69,0.69,0.69,20000,0
2016-02-12,08:55:00,0.69,0.7,0.69,0.7,40000,0
2016-02-12,09:00:00,0.7,0.74,0.69,0.7,1045000,0
2016-02-15,02:35:00,0.7,0.71,0.7,0.71,20000,0
2016-02-15,03:20:00,0.71,0.71,0.71,0.71,30000,0
2016-02-15,03:55:00,0.71,0.72,0.71,0.72,60000,0
2016-02-15,07:40:00,0.72,0.72,0.72,0.72,30000,0
2016-02-15,08:00:00,0.72,0.73,0.72,0.73,75000,0
2016-02-15,08:30:00,0.72,0.72,0.72,0.72,70000,0
2016-02-16,03:25:00,0.72,0.72,0.72,0.72,30000,0
2016-02-16,03:55:00,0.7,0.72,0.7,0.72,95000,0
2016-02-16,04:20:00,0.72,0.72,0.72,0.72,100000,0
2016-02-16,04:45:00,0.71,0.71,0.71,0.71,35000,0
2016-02-16,08:05:00,0.71,0.71,0.71,0.71,60000,0
2016-02-16,08:45:00,0.71,0.71,0.71,0.71,15000,0
2016-02-17,03:00:00,0.7,0.71,0.7,0.71,10000,0
2016-02-17,04:30:00,0.71,0.72,0.71,0.72,175000,0
2016-02-17,04:35:00,0.72,0.72,0.72,0.72,20000,0
2016-02-17,04:40:00,0.72,0.72,0.71,0.71,40000,0
2016-02-17,06:20:00,0.71,0.71,0.71,0.71,15000,0
2016-02-17,07:20:00,0.7,0.72,0.7,0.72,65000,0
2016-02-18,03:15:00,0.7,0.75,0.7,0.75,1545000,0
2016-02-18,03:25:00,0.74,0.74,0.72,0.72,20000,0
2016-02-18,03:45:00,0.72,0.74,0.72,0.74,65000,0
2016-02-18,04:10:00,0.74,0.74,0.74,0.74,13340000,0
2016-02-18,06:10:00,0.74,0.74,0.73,0.73,40000,0
2016-02-18,06:35:00,0.73,0.74,0.73,0.74,235000,0
2016-02-18,06:45:00,0.74,0.74,0.74,0.74,8015000,0
2016-02-18,06:50:00,0.74,0.74,0.74,0.74,35000,0
2016-02-18,06:55:00,0.74,0.74,0.74,0.74,10000,0
2016-02-18,08:15:00,0.74,0.74,0.74,0.74,3600000,0
2016-02-18,08:20:00,0.74,0.74,0.74,0.74,55000,0
2016-02-18,08:25:00,0.74,0.74,0.74,0.74,75000,0
2016-02-18,08:30:00,0.74,0.74,0.74,0.74,4400000,0
2016-02-18,08:35:00,0.74,0.74,0.74,0.74,25000,0
2016-02-18,08:40:00,0.74,0.74,0.74,0.74,5000,0
2016-02-18,08:55:00,0.74,0.74,0.74,0.74,100000,0
2016-02-18,09:00:00,0.74,0.74,0.74,0.74,20000,0
2016-02-19,02:35:00,0.75,0.81,0.74,0.8,760000,0
2016-02-19,02:40:00,0.8,0.85,0.8,0.81,865000,0
2016-02-19,02:45:00,0.81,0.82,0.81,0.82,50000,0
2016-02-19,02:50:00,0.82,0.82,0.81,0.81,30000,0
2016-02-19,02:55:00,0.81,0.81,0.81,0.81,80000,0
2016-02-19,03:00:00,0.81,0.81,0.81,0.81,10000,0
2016-02-19,03:05:00,0.81,0.81,0.8,0.8,110000,0
2016-02-19,03:10:00,0.8,0.8,0.8,0.8,40000,0
2016-02-19,03:15:00,0.8,0.8,0.78,0.78,310000,0
2016-02-19,03:20:00,0.78,0.8,0.78,0.8,50000,0
2016-02-19,03:40:00,0.8,0.8,0.8,0.8,65000,0
2016-02-19,03:45:00,0.8,0.8,0.79,0.79,40000,0
2016-02-19,03:55:00,0.79,0.79,0.79,0.79,30000,0
2016-02-19,04:05:00,0.79,0.79,0.79,0.79,20000,0
2016-02-19,04:10:00,0.79,0.79,0.79,0.79,20000,0
2016-02-19,04:15:00,0.79,0.8,0.79,0.8,10000,0
2016-02-19,04:25:00,0.8,0.81,0.8,0.81,30000,0
2016-02-19,04:30:00,0.81,0.81,0.81,0.81,205000,0
2016-02-19,04:35:00,0.81,0.82,0.81,0.82,65000,0
2016-02-19,04:55:00,0.82,0.82,0.82,0.82,50000,0
2016-02-19,05:00:00,0.82,0.82,0.82,0.82,40000,0
2016-02-19,06:05:00,0.82,0.82,0.82,0.82,200000,0
2016-02-19,06:10:00,0.82,0.82,0.82,0.82,100000,0
2016-02-19,06:20:00,0.82,0.82,0.81,0.82,90000,0
2016-02-19,06:25:00,0.82,0.82,0.82,0.82,5000,0
2016-02-19,06:35:00,0.82,0.82,0.82,0.82,5000,0
2016-02-19,06:45:00,0.82,0.82,0.81,0.81,75000,0
2016-02-19,06:50:00,0.81,0.81,0.8,0.8,140000,0
2016-02-19,07:00:00,0.8,0.8,0.8,0.8,15000,0
2016-02-19,07:10:00,0.8,0.8,0.79,0.79,90000,0
2016-02-19,07:15:00,0.79,0.8,0.79,0.8,45000,0
2016-02-19,07:20:00,0.8,0.82,0.8,0.82,50000,0
2016-02-19,07:35:00,0.81,0.81,0.81,0.81,10000,0
2016-02-19,07:45:00,0.81,0.81,0.81,0.81,50000,0
2016-02-19,08:10:00,0.81,0.81,0.8,0.8,65000,0
2016-02-19,08:15:00,0.8,0.8,0.79,0.79,130000,0
2016-02-19,08:30:00,0.79,0.8,0.79,0.8,75000,0
2016-02-19,08:35:00,0.8,0.81,0.8,0.81,265000,0
2016-02-19,08:40:00,0.81,0.81,0.81,0.81,65000,0
2016-02-19,08:45:00,0.81,0.81,0.81,0.81,10000,0
2016-02-19,08:50:00,0.81,0.81,0.81,0.81,15000,0
2016-02-19,08:55:00,0.81,0.82,0.81,0.82,75000,0
2016-02-19,09:00:00,0.82,0.82,0.82,0.82,130000,0
2016-02-22,02:35:00,0.82,0.82,0.82,0.82,10000,0
2016-02-22,02:45:00,0.82,0.82,0.82,0.82,35000,0
2016-02-22,02:55:00,0.82,0.82,0.82,0.82,50000,0
2016-02-22,03:25:00,0.81,0.81,0.8,0.8,105000,0
2016-02-22,03:30:00,0.8,0.81,0.8,0.81,105000,0
2016-02-22,03:35:00,0.81,0.81,0.81,0.81,5000,0
2016-02-22,04:00:00,0.81,0.81,0.8,0.8,20000,0
2016-02-22,04:10:00,0.8,0.8,0.8,0.8,10000,0
2016-02-22,06:05:00,0.8,0.8,0.8,0.8,30000,0
2016-02-22,06:15:00,0.8,0.8,0.79,0.79,205000,0
2016-02-22,06:30:00,0.78,0.79,0.78,0.79,20000,0
2016-02-22,06:35:00,0.79,0.79,0.79,0.79,15000,0
2016-02-22,07:35:00,0.79,0.8,0.79,0.8,15010000,0
2016-02-22,07:45:00,0.8,0.8,0.8,0.8,40000,0
2016-02-22,07:55:00,0.8,0.8,0.8,0.8,15000,0
2016-02-22,08:00:00,0.8,0.8,0.8,0.8,5000,0
2016-02-22,08:05:00,0.8,0.8,0.8,0.8,35000,0
2016-02-22,08:10:00,0.8,0.8,0.8,0.8,10000,0
2016-02-22,08:25:00,0.8,0.8,0.8,0.8,40000,0
2016-02-22,08:30:00,0.8,0.8,0.79,0.79,40000,0
2016-02-22,08:40:00,0.79,0.79,0.79,0.79,20000,0
2016-02-22,08:45:00,0.79,0.79,0.79,0.79,50000,0
2016-02-22,08:55:00,0.79,0.8,0.79,0.8,80000,0
2016-02-22,09:00:00,0.8,0.8,0.79,0.79,35000,0
2016-02-23,07:00:00,0.8,0.81,0.8,0.81,200000,0
2016-02-23,07:05:00,0.81,0.81,0.81,0.81,15000,0
2016-02-23,07:20:00,0.81,0.81,0.81,0.81,70000,0
2016-02-23,07:25:00,0.81,0.81,0.81,0.81,20000,0
2016-02-23,08:55:00,0.8,0.83,0.8,0.83,375000,0
2016-02-23,09:00:00,0.83,0.83,0.82,0.82,175000,0
2016-02-24,02:35:00,0.84,0.84,0.83,0.84,110000,0
2016-02-24,02:40:00,0.84,0.84,0.83,0.83,60000,0
2016-02-24,02:50:00,0.83,0.83,0.83,0.83,35000,0
2016-02-24,02:55:00,0.83,0.83,0.82,0.82,80000,0
2016-02-24,03:05:00,0.82,0.82,0.82,0.82,25000,0
2016-02-24,03:20:00,0.82,0.82,0.82,0.82,5000,0
2016-02-24,03:35:00,0.82,0.82,0.8,0.8,220000,0
2016-02-24,04:10:00,0.8,0.8,0.8,0.8,50000,0
2016-02-24,04:40:00,0.8,0.82,0.8,0.82,55000,0
2016-02-24,04:45:00,0.82,0.83,0.82,0.82,100000,0
2016-02-24,04:50:00,0.82,0.82,0.8,0.8,135000,0
2016-02-24,06:45:00,0.8,0.8,0.8,0.8,5000,0
2016-02-24,06:50:00,0.8,0.8,0.8,0.8,495000,0
2016-02-24,07:40:00,0.8,0.8,0.8,0.8,50000,0
2016-02-24,08:05:00,0.8,0.8,0.8,0.8,10000,0
2016-02-24,08:20:00,0.8,0.8,0.8,0.8,100000,0
2016-02-24,08:50:00,0.8,0.8,0.8,0.8,10000,0
2016-02-24,09:00:00,0.8,0.8,0.79,0.8,20000,0
2016-02-25,02:45:00,0.77,0.78,0.77,0.78,40000,0
2016-02-25,03:20:00,0.78,0.78,0.78,0.78,95000,0
2016-02-25,03:55:00,0.78,0.8,0.78,0.8,20000,0
2016-02-25,04:00:00,0.8,0.8,0.8,0.8,20000,0
2016-02-25,04:20:00,0.8,0.8,0.8,0.8,10000,0
2016-02-25,04:35:00,0.8,0.8,0.79,0.79,10000,0
2016-02-25,04:40:00,0.79,0.79,0.79,0.79,10000,0
2016-02-25,06:10:00,0.79,0.79,0.79,0.79,20000,0
2016-02-25,07:00:00,0.79,0.79,0.79,0.79,5000,0
2016-02-25,07:20:00,0.79,0.8,0.79,0.8,20000,0
2016-02-25,07:55:00,0.8,0.8,0.78,0.78,10000,0
2016-02-25,08:10:00,0.78,0.78,0.78,0.78,9915000,0
2016-02-25,08:15:00,0.79,0.79,0.79,0.79,21240000,0
2016-02-25,08:20:00,0.79,0.84,0.79,0.83,455000,0
2016-02-25,08:25:00,0.83,0.85,0.83,0.84,335000,0
2016-02-25,08:30:00,0.84,0.84,0.83,0.83,25000,0
2016-02-25,08:35:00,0.83,0.83,0.82,0.82,70000,0
2016-02-25,08:40:00,0.82,0.83,0.82,0.83,65000,0
2016-02-25,08:45:00,0.83,0.83,0.83,0.83,10000,0
2016-02-25,08:55:00,0.83,0.83,0.83,0.83,60000,0
2016-02-25,09:00:00,0.83,0.83,0.83,0.83,50000,0
2016-02-26,02:35:00,0.82,0.83,0.82,0.82,10000,0
2016-02-26,02:40:00,0.82,0.84,0.82,0.84,40000,0
2016-02-26,02:45:00,0.84,0.84,0.84,0.84,5000,0
2016-02-26,02:50:00,0.84,0.84,0.84,0.84,55000,0
2016-02-26,03:00:00,0.84,0.84,0.84,0.84,150000,0
2016-02-26,03:05:00,0.84,0.84,0.84,0.84,10000,0
2016-02-26,03:25:00,0.84,0.84,0.82,0.82,130000,0
2016-02-26,03:50:00,0.82,0.82,0.81,0.81,220000,0
2016-02-26,04:05:00,0.81,0.81,0.81,0.81,140000,0
2016-02-26,04:25:00,0.81,0.81,0.81,0.81,10000,0
2016-02-26,04:40:00,0.81,0.81,0.81,0.81,5000,0
2016-02-26,06:35:00,0.8,0.82,0.8,0.82,80000,0
2016-02-26,06:50:00,0.82,0.82,0.82,0.82,70000,0
2016-02-26,07:00:00,0.82,0.82,0.82,0.82,30000,0
2016-02-26,07:40:00,0.82,0.83,0.82,0.83,170000,0
2016-02-26,08:15:00,0.83,0.83,0.83,0.83,20065000,0
2016-02-26,08:20:00,0.83,0.83,0.83,0.83,20000,0
2016-02-26,08:30:00,0.83,0.83,0.82,0.82,100000,0
2016-02-26,08:35:00,0.82,0.83,0.82,0.83,6730000,0
2016-02-26,08:40:00,0.83,0.85,0.83,0.84,960000,0
2016-02-26,08:45:00,0.84,0.84,0.84,0.84,25000,0
2016-02-26,08:50:00,0.84,0.84,0.83,0.84,135000,0
2016-02-26,08:55:00,0.84,0.84,0.84,0.84,125000,0
2016-02-26,09:00:00,0.84,0.86,0.84,0.85,590000,0
2016-02-29,02:35:00,0.86,0.87,0.85,0.86,890000,0
2016-02-29,02:40:00,0.86,0.86,0.84,0.85,340000,0
2016-02-29,02:45:00,0.82,0.83,0.82,0.83,25000,0
2016-02-29,03:10:00,0.82,0.83,0.82,0.83,200000,0
2016-02-29,03:15:00,0.83,0.83,0.83,0.83,5000,0
2016-02-29,03:30:00,0.83,0.83,0.83,0.83,20000,0
2016-02-29,03:40:00,0.83,0.83,0.83,0.83,20000,0
2016-02-29,03:50:00,0.83,0.84,0.83,0.84,150000,0
2016-02-29,03:55:00,0.84,0.85,0.84,0.84,20000,0
2016-02-29,04:00:00,0.84,0.84,0.84,0.84,100000,0
2016-02-29,04:20:00,0.84,0.84,0.83,0.83,75000,0
2016-02-29,04:30:00,0.83,0.83,0.82,0.83,90000,0
2016-02-29,04:40:00,0.83,0.84,0.83,0.84,250000,0
2016-02-29,04:55:00,0.84,0.85,0.84,0.85,85000,0
2016-02-29,06:05:00,0.85,0.85,0.85,0.85,10000,0
2016-02-29,06:20:00,0.85,0.85,0.84,0.84,850000,0
2016-02-29,06:25:00,0.84,0.84,0.84,0.84,5000,0
2016-02-29,06:35:00,0.84,0.84,0.84,0.84,20000,0
2016-02-29,06:40:00,0.84,0.85,0.84,0.85,140000,0
2016-02-29,06:50:00,0.85,0.85,0.85,0.85,25000,0
2016-02-29,06:55:00,0.85,0.85,0.85,0.85,5000,0
2016-02-29,07:00:00,0.85,0.85,0.85,0.85,15000,0
2016-02-29,07:05:00,0.85,0.85,0.85,0.85,40000,0
2016-02-29,07:15:00,0.85,0.85,0.84,0.84,30000,0
2016-02-29,07:25:00,0.84,0.84,0.84,0.84,215000,0
2016-02-29,07:30:00,0.84,0.84,0.84,0.84,15000,0
2016-02-29,07:45:00,0.84,0.84,0.84,0.84,40000,0
2016-02-29,08:10:00,0.84,0.84,0.83,0.83,255000,0
2016-02-29,08:15:00,0.83,0.83,0.83,0.83,5000,0
2016-02-29,08:20:00,0.83,0.83,0.83,0.83,5000,0
2016-02-29,08:45:00,0.83,0.84,0.83,0.84,100000,0
2016-02-29,09:00:00,0.84,0.84,0.84,0.84,245000,0
2016-03-01,02:35:00,0.84,0.84,0.83,0.83,70000,0
2016-03-01,02:45:00,0.83,0.84,0.83,0.84,30000,0
2016-03-01,02:50:00,0.84,0.84,0.84,0.84,80000,0
2016-03-01,02:55:00,0.84,0.85,0.84,0.84,75000,0
2016-03-01,03:00:00,0.84,0.85,0.84,0.84,160000,0
2016-03-01,03:05:00,0.84,0.84,0.84,0.84,70000,0
2016-03-01,03:10:00,0.84,0.85,0.84,0.84,325000,0
2016-03-01,03:15:00,0.84,0.85,0.84,0.84,325000,0
2016-03-01,03:20:00,0.84,0.84,0.84,0.84,10000,0
2016-03-01,03:25:00,0.84,0.84,0.84,0.84,5000,0
2016-03-01,03:55:00,0.84,0.84,0.83,0.83,155000,0
2016-03-01,04:10:00,0.83,0.83,0.83,0.83,50000,0
2016-03-01,04:30:00,0.83,0.83,0.83,0.83,30000,0
2016-03-01,04:50:00,0.83,0.84,0.83,0.84,190000,0
2016-03-01,04:55:00,0.84,0.85,0.84,0.84,1120000,0
2016-03-01,05:00:00,0.84,0.87,0.84,0.86,2275000,0
2016-03-01,06:05:00,0.86,0.87,0.86,0.86,1110000,0
2016-03-01,06:10:00,0.86,0.86,0.85,0.85,380000,0
2016-03-01,06:15:00,0.85,0.85,0.85,0.85,660000,0
2016-03-01,06:20:00,0.85,0.86,0.85,0.86,10000,0
2016-03-01,06:25:00,0.86,0.86,0.86,0.86,45000,0
2016-03-01,06:30:00,0.86,0.86,0.86,0.86,190000,0
2016-03-01,06:35:00,0.86,0.86,0.84,0.85,445000,0
2016-03-01,06:40:00,0.85,0.85,0.79,0.82,2790000,0
2016-03-01,06:45:00,0.82,0.83,0.82,0.82,1060000,0
2016-03-01,06:50:00,0.82,0.83,0.8,0.8,545000,0
2016-03-01,06:55:00,0.8,0.8,0.79,0.8,230000,0
2016-03-01,07:00:00,0.8,0.81,0.8,0.81,110000,0
2016-03-01,07:15:00,0.81,0.81,0.8,0.81,90000,0
2016-03-01,07:40:00,0.81,0.81,0.81,0.81,10000,0
2016-03-01,08:00:00,0.81,0.81,0.81,0.81,35000,0
2016-03-01,08:05:00,0.81,0.81,0.8,0.8,445000,0
2016-03-01,08:10:00,0.8,0.81,0.8,0.81,10000,0
2016-03-01,08:20:00,0.81,0.81,0.8,0.8,35000,0
2016-03-01,08:25:00,0.8,0.81,0.8,0.81,10000,0
2016-03-01,08:30:00,0.81,0.81,0.79,0.79,20000,0
2016-03-01,08:35:00,0.79,0.79,0.79,0.79,245000,0
2016-03-01,08:40:00,0.79,0.79,0.79,0.79,50000,0
2016-03-01,08:45:00,0.79,0.8,0.79,0.79,90000,0
2016-03-01,08:50:00,0.79,0.8,0.79,0.8,10000,0
2016-03-01,08:55:00,0.8,0.8,0.79,0.8,55000,0
2016-03-01,09:00:00,0.8,0.8,0.8,0.8,100000,0
2016-03-02,02:50:00,0.79,0.79,0.78,0.79,110000,0
2016-03-02,02:55:00,0.79,0.79,0.79,0.79,30000,0
2016-03-02,03:05:00,0.79,0.79,0.78,0.78,115000,0
2016-03-02,03:10:00,0.78,0.79,0.78,0.79,105000,0
2016-03-02,03:15:00,0.79,0.79,0.79,0.79,10000,0
2016-03-02,03:20:00,0.79,0.8,0.79,0.8,15000,0
2016-03-02,03:25:00,0.8,0.8,0.79,0.79,160000,0
2016-03-02,03:30:00,0.79,0.8,0.79,0.8,255000,0
2016-03-02,03:35:00,0.8,0.81,0.8,0.81,130000,0
2016-03-02,03:40:00,0.81,0.81,0.81,0.81,25000,0
2016-03-02,03:45:00,0.81,0.82,0.79,0.79,175000,0
2016-03-02,03:50:00,0.79,0.8,0.78,0.79,140000,0
2016-03-02,03:55:00,0.79,0.79,0.77,0.77,270000,0
2016-03-02,04:00:00,0.77,0.78,0.77,0.78,175000,0
2016-03-02,04:25:00,0.78,0.78,0.78,0.78,55000,0
2016-03-02,04:40:00,0.78,0.78,0.78,0.78,5000,0
2016-03-02,05:00:00,0.78,0.78,0.77,0.77,135000,0
2016-03-02,06:05:00,0.77,0.78,0.77,0.78,10000,0
2016-03-02,06:20:00,0.78,0.79,0.78,0.78,130000,0
2016-03-02,06:25:00,0.78,0.79,0.78,0.79,225000,0
2016-03-02,06:35:00,0.79,0.8,0.79,0.79,60000,0
2016-03-02,06:45:00,0.79,0.79,0.77,0.77,235000,0
2016-03-02,06:50:00,0.77,0.77,0.77,0.77,65000,0
2016-03-02,06:55:00,0.77,0.78,0.77,0.78,120000,0
2016-03-02,07:00:00,0.78,0.78,0.78,0.78,30000,0
2016-03-02,07:05:00,0.78,0.78,0.77,0.77,130000,0
2016-03-02,07:10:00,0.77,0.78,0.77,0.78,145000,0
2016-03-02,07:20:00,0.78,0.78,0.78,0.78,30000,0
2016-03-02,07:25:00,0.78,0.78,0.78,0.78,20000,0
2016-03-02,07:35:00,0.78,0.78,0.77,0.77,165000,0
2016-03-02,07:50:00,0.76,0.78,0.76,0.78,195000,0
2016-03-02,08:10:00,0.78,0.78,0.77,0.77,100000,0
2016-03-02,08:15:00,0.77,0.78,0.77,0.78,170000,0
2016-03-02,08:55:00,0.78,0.78,0.77,0.77,165000,0
2016-03-02,09:00:00,0.77,0.77,0.77,0.77,15000,0
2016-03-03,03:05:00,0.77,0.77,0.77,0.77,10000,0
2016-03-03,03:10:00,0.77,0.77,0.77,0.77,15000,0
2016-03-03,03:15:00,0.77,0.78,0.77,0.78,55000,0
2016-03-03,03:25:00,0.77,0.77,0.76,0.76,70000,0
2016-03-03,03:30:00,0.76,0.76,0.76,0.76,130000,0
2016-03-03,03:40:00,0.76,0.76,0.76,0.76,10000,0
2016-03-03,03:45:00,0.76,0.76,0.74,0.74,205000,0
2016-03-03,03:50:00,0.74,0.74,0.74,0.74,50000,0
2016-03-03,03:55:00,0.74,0.74,0.73,0.74,145000,0
2016-03-03,04:00:00,0.74,0.74,0.72,0.74,300000,0
2016-03-03,04:05:00,0.74,0.75,0.74,0.75,75000,0
2016-03-03,04:10:00,0.75,0.77,0.75,0.77,150000,0
2016-03-03,04:20:00,0.77,0.77,0.76,0.76,35000,0
2016-03-03,04:40:00,0.76,0.76,0.75,0.75,25000,0
2016-03-03,04:50:00,0.75,0.75,0.75,0.75,15000,0
2016-03-03,06:55:00,0.75,0.75,0.75,0.75,80000,0
2016-03-03,07:35:00,0.75,0.75,0.74,0.74,75000,0
2016-03-03,07:55:00,0.74,0.75,0.74,0.75,40000,0
2016-03-03,08:05:00,0.75,0.75,0.75,0.75,10000,0
2016-03-03,08:20:00,0.75,0.75,0.75,0.75,30000,0
2016-03-03,08:25:00,0.75,0.76,0.75,0.76,15000,0
2016-03-03,08:50:00,0.76,0.76,0.76,0.76,200000,0
2016-03-03,08:55:00,0.76,0.76,0.76,0.76,20000,0
2016-03-03,09:00:00,0.76,0.78,0.76,0.78,115000,0
2016-03-04,02:40:00,0.79,0.86,0.78,0.84,1355000,0
2016-03-04,02:45:00,0.84,0.85,0.82,0.84,1445000,0
2016-03-04,02:50:00,0.84,0.84,0.81,0.81,700000,0
2016-03-04,02:55:00,0.81,0.81,0.81,0.81,60000,0
2016-03-04,03:00:00,0.81,0.81,0.79,0.81,520000,0
2016-03-04,03:05:00,0.81,0.81,0.8,0.8,575000,0
2016-03-04,03:10:00,0.8,0.82,0.8,0.82,260000,0
2016-03-04,03:15:00,0.82,0.83,0.82,0.82,520000,0
2016-03-04,03:20:00,0.82,0.83,0.82,0.83,685000,0
2016-03-04,03:25:00,0.83,0.85,0.82,0.83,855000,0
2016-03-04,03:30:00,0.83,0.83,0.82,0.83,240000,0
2016-03-04,03:35:00,0.83,0.83,0.83,0.83,195000,0
2016-03-04,03:40:00,0.83,0.84,0.83,0.84,10000,0
2016-03-04,03:45:00,0.84,0.84,0.82,0.82,445000,0
2016-03-04,03:55:00,0.82,0.84,0.82,0.84,380000,0
2016-03-04,04:00:00,0.84,0.84,0.82,0.82,100000,0
2016-03-04,04:05:00,0.82,0.83,0.82,0.83,80000,0
2016-03-04,04:10:00,0.83,0.84,0.83,0.84,90000,0
2016-03-04,04:15:00,0.84,0.84,0.83,0.83,60000,0
2016-03-04,04:20:00,0.83,0.83,0.83,0.83,5000,0
2016-03-04,04:35:00,0.83,0.83,0.83,0.83,95000,0
2016-03-04,04:45:00,0.83,0.83,0.83,0.83,30000,0
2016-03-04,04:55:00,0.83,0.83,0.83,0.83,5000,0
2016-03-04,05:00:00,0.83,0.83,0.83,0.83,40000,0
2016-03-04,06:05:00,0.83,0.84,0.83,0.84,70000,0
2016-03-04,06:15:00,0.84,0.84,0.83,0.83,80000,0
2016-03-04,06:25:00,0.83,0.83,0.83,0.83,5000,0
2016-03-04,06:45:00,0.83,0.83,0.82,0.82,125000,0
2016-03-04,07:00:00,0.82,0.82,0.81,0.81,55000,0
2016-03-04,07:05:00,0.81,0.81,0.81,0.81,65000,0
2016-03-04,07:25:00,0.81,0.81,0.81,0.81,65000,0
2016-03-04,07:50:00,0.81,0.82,0.81,0.82,115000,0
2016-03-04,07:55:00,0.82,0.83,0.82,0.82,810000,0
2016-03-04,08:05:00,0.82,0.82,0.82,0.82,60000,0
2016-03-04,08:15:00,0.82,0.82,0.82,0.82,50000,0
2016-03-04,08:20:00,0.82,0.82,0.82,0.82,5000,0
2016-03-04,08:25:00,0.82,0.83,0.82,0.83,10000,0
2016-03-04,08:35:00,0.83,0.83,0.83,0.83,20000,0
2016-03-04,08:50:00,0.83,0.83,0.82,0.82,30000,0
2016-03-04,08:55:00,0.82,0.82,0.82,0.82,20000,0
2016-03-04,09:00:00,0.82,0.82,0.82,0.82,20000,0
2016-03-07,02:35:00,0.85,0.85,0.83,0.85,40000,0
2016-03-07,02:40:00,0.85,0.85,0.85,0.85,335000,0
2016-03-07,02:50:00,0.85,0.85,0.85,0.85,20000,0
2016-03-07,02:55:00,0.85,0.85,0.85,0.85,100000,0
2016-03-07,03:00:00,0.85,0.85,0.84,0.84,135000,0
2016-03-07,03:05:00,0.84,0.85,0.84,0.84,85000,0
2016-03-07,03:10:00,0.84,0.85,0.84,0.85,85000,0
2016-03-07,03:15:00,0.85,0.85,0.84,0.84,100000,0
2016-03-07,03:25:00,0.84,0.84,0.84,0.84,2000000,0
2016-03-07,03:35:00,0.84,0.84,0.84,0.84,540000,0
2016-03-07,03:40:00,0.84,0.84,0.84,0.84,100000,0
2016-03-07,03:45:00,0.84,0.85,0.84,0.84,120000,0
2016-03-07,03:50:00,0.84,0.84,0.84,0.84,20000,0
2016-03-07,03:55:00,0.84,0.84,0.84,0.84,75000,0
2016-03-07,04:05:00,0.84,0.84,0.84,0.84,5000,0
2016-03-07,04:10:00,0.84,0.84,0.84,0.84,50000,0
2016-03-07,04:25:00,0.84,0.84,0.83,0.83,530000,0
2016-03-07,04:30:00,0.83,0.83,0.81,0.81,450000,0
2016-03-07,04:35:00,0.81,0.82,0.81,0.82,10000,0
2016-03-07,05:00:00,0.82,0.82,0.81,0.81,95000,0
2016-03-07,06:25:00,0.81,0.82,0.81,0.82,20000,0
2016-03-07,06:30:00,0.82,0.82,0.82,0.82,10000,0
2016-03-07,06:35:00,0.82,0.82,0.82,0.82,30000,0
2016-03-07,06:40:00,0.82,0.82,0.82,0.82,5000,0
2016-03-07,06:45:00,0.82,0.82,0.81,0.81,30000,0
2016-03-07,07:00:00,0.81,0.81,0.81,0.81,20000,0
2016-03-07,07:10:00,0.81,0.81,0.81,0.81,100000,0
2016-03-07,07:25:00,0.81,0.82,0.81,0.82,25000,0
2016-03-07,08:35:00,0.82,0.82,0.81,0.81,30000,0
2016-03-07,08:40:00,0.81,0.81,0.81,0.81,20000,0
2016-03-07,09:00:00,0.81,0.82,0.8,0.81,160000,0
2016-03-08,02:35:00,0.81,0.81,0.81,0.81,10000,0
2016-03-08,02:45:00,0.81,0.81,0.8,0.8,20000,0
2016-03-08,02:50:00,0.8,0.8,0.8,0.8,10000,0
2016-03-08,03:05:00,0.8,0.8,0.8,0.8,300000,0
2016-03-08,03:15:00,0.8,0.8,0.8,0.8,100000,0
2016-03-08,03:30:00,0.8,0.8,0.8,0.8,100000,0
2016-03-08,03:40:00,0.8,0.8,0.8,0.8,35000,0
2016-03-08,06:10:00,0.8,0.8,0.78,0.78,670000,0
2016-03-08,06:15:00,0.78,0.78,0.78,0.78,50000,0
2016-03-08,06:20:00,0.77,0.79,0.77,0.79,125000,0
2016-03-08,06:25:00,0.79,0.79,0.79,0.79,5000,0
2016-03-08,06:30:00,0.79,0.82,0.79,0.82,310000,0
2016-03-08,06:40:00,0.8,0.8,0.78,0.78,205000,0
2016-03-08,06:45:00,0.78,0.8,0.78,0.8,70000,0
2016-03-08,07:10:00,0.8,0.8,0.79,0.79,35000,0
2016-03-08,08:10:00,0.79,0.79,0.79,0.79,80000,0
2016-03-08,08:20:00,0.79,0.79,0.79,0.79,10000,0
2016-03-08,08:30:00,0.79,0.79,0.79,0.79,40000,0
2016-03-08,08:35:00,0.79,0.79,0.79,0.79,60000,0
2016-03-08,08:40:00,0.79,0.8,0.79,0.8,130000,0
2016-03-08,08:50:00,0.8,0.8,0.79,0.79,85000,0
2016-03-09,03:45:00,0.79,0.79,0.79,0.79,105000,0
2016-03-09,04:05:00,0.79,0.79,0.79,0.79,65000,0
2016-03-09,04:15:00,0.79,0.79,0.79,0.79,20000,0
2016-03-09,06:20:00,0.79,0.79,0.79,0.79,35000,0
2016-03-09,06:25:00,0.79,0.79,0.79,0.79,25000,0
2016-03-09,07:35:00,0.79,0.79,0.79,0.79,20000,0
2016-03-09,08:15:00,0.79,0.79,0.79,0.79,5000,0
2016-03-09,08:20:00,0.79,0.79,0.79,0.79,40000,0
2016-03-09,08:45:00,0.79,0.8,0.79,0.8,110000,0
2016-03-09,08:55:00,0.8,0.8,0.79,0.79,30000,0
2016-03-09,09:00:00,0.79,0.81,0.79,0.81,180000,0
2016-03-10,02:50:00,0.81,0.82,0.81,0.82,105000,0
2016-03-10,03:15:00,0.81,0.81,0.79,0.79,70000,0
2016-03-10,03:55:00,0.79,0.79,0.78,0.78,25000,0
2016-03-10,04:15:00,0.78,0.8,0.78,0.8,120000,0
2016-03-10,04:20:00,0.8,0.8,0.8,0.8,10000,0
2016-03-10,04:30:00,0.8,0.8,0.8,0.8,30000,0
2016-03-10,04:35:00,0.8,0.8,0.79,0.8,95000,0
2016-03-10,06:20:00,0.8,0.8,0.8,0.8,10000,0
2016-03-10,06:40:00,0.8,0.8,0.79,0.79,20000,0
2016-03-10,07:00:00,0.79,0.79,0.79,0.79,50000,0
2016-03-10,07:40:00,0.79,0.79,0.78,0.78,130000,0
2016-03-10,08:00:00,0.78,0.78,0.78,0.78,110000,0
2016-03-10,08:05:00,0.78,0.78,0.75,0.76,480000,0
2016-03-10,08:10:00,0.75,0.76,0.75,0.76,120000,0
2016-03-10,08:15:00,0.76,0.77,0.76,0.77,55000,0
2016-03-10,08:40:00,0.77,0.77,0.76,0.77,90000,0
2016-03-10,08:45:00,0.77,0.77,0.76,0.76,30000,0
2016-03-10,08:55:00,0.76,0.76,0.76,0.76,10000,0
2016-03-10,09:00:00,0.76,0.76,0.75,0.76,90000,0
2016-03-11,02:45:00,0.76,0.76,0.76,0.76,20000,0
2016-03-11,03:10:00,0.76,0.76,0.76,0.76,120000,0
2016-03-11,03:15:00,0.75,0.78,0.75,0.78,1560000,0
2016-03-11,03:20:00,0.78,0.79,0.78,0.79,75000,0
2016-03-11,03:25:00,0.79,0.79,0.78,0.78,130000,0
2016-03-11,03:35:00,0.78,0.79,0.78,0.79,95000,0
2016-03-11,03:40:00,0.79,0.8,0.79,0.79,235000,0
2016-03-11,03:45:00,0.79,0.8,0.79,0.8,10000,0
2016-03-11,03:50:00,0.8,0.8,0.78,0.79,130000,0
2016-03-11,04:00:00,0.79,0.79,0.79,0.79,5000,0
2016-03-11,06:05:00,0.79,0.79,0.79,0.79,20000,0
2016-03-11,06:40:00,0.79,0.79,0.79,0.79,250000,0
2016-03-11,07:05:00,0.79,0.79,0.79,0.79,35000,0
2016-03-11,07:10:00,0.79,0.79,0.79,0.79,10000,0
2016-03-11,07:15:00,0.79,0.79,0.77,0.77,20000,0
2016-03-11,07:45:00,0.77,0.78,0.77,0.78,25000,0
2016-03-11,07:50:00,0.78,0.78,0.78,0.78,35000,0
2016-03-11,08:00:00,0.78,0.8,0.78,0.8,20000,0
2016-03-11,08:15:00,0.8,0.8,0.79,0.79,20000,0
2016-03-11,08:40:00,0.79,0.8,0.79,0.8,10000,0
2016-03-11,08:55:00,0.79,0.79,0.78,0.78,85000,0
2016-03-11,09:00:00,0.78,0.78,0.77,0.77,40000,0
2016-03-14,02:40:00,0.78,0.78,0.77,0.78,100000,0
2016-03-14,02:50:00,0.78,0.79,0.78,0.79,50000,0
2016-03-14,02:55:00,0.79,0.79,0.79,0.79,5000,0
2016-03-14,03:40:00,0.79,0.79,0.78,0.78,70000,0
2016-03-14,04:05:00,0.78,0.78,0.78,0.78,15000,0
2016-03-14,04:30:00,0.78,0.78,0.78,0.78,15000,0
2016-03-14,05:00:00,0.78,0.79,0.78,0.79,20000,0
2016-03-14,06:10:00,0.79,0.79,0.79,0.79,25000,0
2016-03-14,06:55:00,0.79,0.79,0.78,0.78,115000,0
2016-03-14,07:00:00,0.78,0.78,0.78,0.78,30000,0
2016-03-14,08:55:00,0.77,0.79,0.77,0.79,10000,0
2016-03-14,09:00:00,0.79,0.79,0.79,0.79,20000,0
2016-03-15,02:45:00,0.79,0.79,0.79,0.79,5000,0
2016-03-15,03:20:00,0.79,0.79,0.77,0.77,70000,0
2016-03-15,06:05:00,0.77,0.78,0.77,0.78,25000,0
2016-03-15,06:55:00,0.78,0.78,0.78,0.78,20000,0
2016-03-15,07:10:00,0.78,0.78,0.77,0.77,125000,0
2016-03-15,08:10:00,0.77,0.78,0.77,0.78,40000,0
2016-03-15,08:15:00,0.78,0.78,0.77,0.78,220000,0
2016-03-15,08:25:00,0.78,0.78,0.77,0.77,10000,0
2016-03-15,08:40:00,0.77,0.77,0.77,0.77,40000,0
2016-03-15,08:50:00,0.77,0.78,0.77,0.78,20000,0
2016-03-15,09:00:00,0.78,0.78,0.77,0.78,90000,0
2016-03-16,07:20:00,0.77,0.78,0.77,0.77,40000,0
2016-03-16,07:40:00,0.77,0.77,0.77,0.77,200000,0
2016-03-16,07:50:00,0.77,0.77,0.77,0.77,50000,0
2016-03-16,08:05:00,0.77,0.77,0.76,0.76,125000,0
2016-03-16,08:40:00,0.76,0.76,0.76,0.76,100000,0
2016-03-16,08:55:00,0.76,0.76,0.76,0.76,60000,0
2016-03-17,02:35:00,0.77,0.77,0.75,0.77,200000,0
2016-03-17,03:30:00,0.77,0.77,0.77,0.77,250000,0
2016-03-17,03:35:00,0.77,0.77,0.77,0.77,10000,0
2016-03-17,04:30:00,0.76,0.76,0.75,0.76,45000,0
2016-03-17,04:40:00,0.76,0.76,0.75,0.75,110000,0
2016-03-17,04:45:00,0.75,0.76,0.75,0.76,30000,0
2016-03-17,04:50:00,0.76,0.77,0.76,0.77,100000,0
2016-03-17,04:55:00,0.77,0.77,0.76,0.76,10000,0
2016-03-17,05:00:00,0.76,0.76,0.76,0.76,5000,0
2016-03-17,06:05:00,0.76,0.76,0.76,0.76,170000,0
2016-03-17,06:30:00,0.76,0.76,0.76,0.76,15000,0
2016-03-17,06:35:00,0.76,0.76,0.76,0.76,20000,0
2016-03-17,06:40:00,0.76,0.76,0.76,0.76,15000,0
2016-03-17,07:10:00,0.76,0.76,0.75,0.75,35000,0
2016-03-17,07:20:00,0.75,0.75,0.75,0.75,5000,0
2016-03-17,07:30:00,0.75,0.75,0.75,0.75,5000,0
2016-03-17,07:35:00,0.75,0.75,0.75,0.75,20000,0
2016-03-17,07:40:00,0.75,0.75,0.75,0.75,15000,0
2016-03-17,07:45:00,0.75,0.75,0.75,0.75,20000,0
2016-03-17,07:50:00,0.75,0.75,0.75,0.75,20000,0
2016-03-17,07:55:00,0.75,0.75,0.75,0.75,20000,0
2016-03-17,08:00:00,0.75,0.75,0.75,0.75,20000,0
2016-03-17,08:05:00,0.75,0.75,0.75,0.75,10000,0
2016-03-17,08:10:00,0.75,0.75,0.75,0.75,15000,0
2016-03-17,08:15:00,0.75,0.75,0.75,0.75,15000,0
2016-03-17,08:20:00,0.75,0.75,0.75,0.75,10000,0
2016-03-17,08:25:00,0.75,0.75,0.75,0.75,15000,0
2016-03-17,08:30:00,0.75,0.75,0.75,0.75,15000,0
2016-03-17,08:35:00,0.75,0.75,0.75,0.75,5000,0
2016-03-17,08:40:00,0.75,0.75,0.75,0.75,10000,0
2016-03-17,08:50:00,0.74,0.75,0.74,0.75,20000,0
2016-03-17,08:55:00,0.75,0.75,0.75,0.75,5000,0
2016-03-17,09:00:00,0.74,0.75,0.74,0.75,20000,0
2016-03-18,03:05:00,0.75,0.75,0.75,0.75,10000,0
2016-03-18,03:15:00,0.74,0.75,0.74,0.75,50000,0
2016-03-18,03:25:00,0.75,0.75,0.75,0.75,5000,0
2016-03-18,03:30:00,0.75,0.75,0.75,0.75,30000,0
2016-03-18,04:05:00,0.74,0.75,0.74,0.75,90000,0
2016-03-18,04:15:00,0.75,0.75,0.75,0.75,50000,0
2016-03-18,04:30:00,0.75,0.75,0.74,0.75,15000,0
2016-03-18,08:55:00,0.74,0.75,0.74,0.75,40000,0
2016-03-18,09:00:00,0.75,0.75,0.74,0.75,10000,0
2016-03-21,03:50:00,0.75,0.75,0.75,0.75,10000,0
2016-03-21,04:00:00,0.75,0.75,0.75,0.75,20000,0
2016-03-21,04:05:00,0.75,0.76,0.75,0.76,60000,0
2016-03-21,04:10:00,0.76,0.77,0.76,0.77,195000,0
2016-03-21,04:15:00,0.77,0.77,0.77,0.77,20000,0
2016-03-21,04:30:00,0.77,0.77,0.76,0.76,20000,0
2016-03-21,07:00:00,0.76,0.76,0.76,0.76,150000,0
2016-03-21,07:05:00,0.76,0.76,0.75,0.75,100000,0
2016-03-21,07:20:00,0.75,0.75,0.75,0.75,20000,0
2016-03-21,09:00:00,0.75,0.76,0.75,0.75,10000,0
2016-03-22,02:35:00,0.75,0.75,0.75,0.75,10000,0
2016-03-22,03:10:00,0.75,0.75,0.75,0.75,10000,0
2016-03-22,06:20:00,0.74,0.75,0.74,0.75,20000,0
2016-03-22,06:55:00,0.75,0.75,0.75,0.75,70000,0
2016-03-22,07:10:00,0.75,0.75,0.75,0.75,50000,0
2016-03-22,07:35:00,0.74,0.77,0.74,0.77,160000,0
2016-03-22,08:05:00,0.77,0.77,0.76,0.76,5000,0
2016-03-23,03:30:00,0.75,0.77,0.75,0.77,30000,0
2016-03-23,03:35:00,0.77,0.77,0.76,0.76,180000,0
2016-03-23,04:05:00,0.76,0.76,0.76,0.76,140000,0
2016-03-23,04:30:00,0.76,0.77,0.76,0.77,55000,0
2016-03-23,06:35:00,0.77,0.77,0.77,0.77,50000,0
2016-03-23,07:25:00,0.77,0.77,0.76,0.76,20000,0
2016-03-23,08:40:00,0.76,0.76,0.76,0.76,15000,0
2016-03-23,08:55:00,0.76,0.76,0.76,0.76,50000,0
2016-03-24,03:40:00,0.76,0.78,0.76,0.78,140000,0
2016-03-24,03:45:00,0.78,0.78,0.78,0.78,15000,0
2016-03-24,03:50:00,0.78,0.78,0.78,0.78,50000,0
2016-03-24,04:05:00,0.78,0.78,0.78,0.78,130000,0
2016-03-24,04:10:00,0.78,0.78,0.78,0.78,70000,0
2016-03-24,07:35:00,0.76,0.78,0.76,0.78,60000,0
2016-03-24,08:30:00,0.78,0.78,0.78,0.78,20000,0
2016-03-24,08:35:00,0.78,0.78,0.78,0.78,55000,0
2016-03-24,08:40:00,0.78,0.78,0.78,0.78,95000,0
2016-03-24,08:55:00,0.78,0.78,0.77,0.77,150000,0
2016-03-29,03:35:00,0.76,0.76,0.76,0.76,30000,0
2016-03-29,04:30:00,0.76,0.76,0.76,0.76,60000,0
2016-03-29,09:55:00,0.75,0.76,0.75,0.76,60000,0
2016-03-30,03:55:00,0.77,0.8,0.76,0.79,455000,0
2016-03-30,04:10:00,0.79,0.79,0.78,0.78,40000,0
2016-03-30,04:20:00,0.78,0.78,0.77,0.77,100000,0
2016-03-30,04:25:00,0.77,0.77,0.77,0.77,10000,0
2016-03-30,04:40:00,0.77,0.77,0.77,0.77,50000,0
2016-03-30,07:15:00,0.77,0.77,0.77,0.77,10000,0
2016-03-30,08:05:00,0.77,0.77,0.76,0.76,20000,0
2016-03-30,08:25:00,0.76,0.76,0.76,0.76,50000,0
2016-03-30,09:45:00,0.76,0.76,0.76,0.76,20000,0
2016-03-30,10:00:00,0.76,0.76,0.75,0.76,35000,0
2016-03-31,04:30:00,0.75,0.76,0.75,0.75,30000,0
2016-03-31,04:55:00,0.74,0.75,0.74,0.75,20000,0
2016-03-31,05:40:00,0.75,0.75,0.75,0.75,140000,0
2016-03-31,08:50:00,0.74,0.75,0.74,0.75,50000,0
2016-04-01,04:30:00,0.72,0.74,0.72,0.74,20000,0
2016-04-01,04:45:00,0.72,0.73,0.72,0.73,10000,0
2016-04-01,07:35:00,0.73,0.74,0.73,0.73,40000,0
2016-04-01,07:55:00,0.73,0.74,0.73,0.74,20000,0
2016-04-01,08:00:00,0.74,0.74,0.74,0.74,10000,0
2016-04-01,09:35:00,0.74,0.74,0.73,0.73,40000,0
2016-04-01,09:55:00,0.73,0.74,0.73,0.74,20000,0
2016-04-01,10:00:00,0.74,0.74,0.73,0.74,30000,0
2016-04-05,04:10:00,0.74,0.74,0.74,0.74,5000,0
2016-04-05,05:10:00,0.74,0.74,0.7,0.72,155000,0
2016-04-05,05:15:00,0.72,0.73,0.7,0.73,165000,0
2016-04-05,05:20:00,0.73,0.73,0.73,0.73,50000,0
2016-04-05,07:40:00,0.73,0.73,0.7,0.7,130000,0
2016-04-05,07:45:00,0.71,0.72,0.71,0.72,120000,0
2016-04-05,07:50:00,0.72,0.72,0.72,0.72,10000,0
2016-04-05,08:10:00,0.72,0.72,0.72,0.72,80000,0
2016-04-05,08:15:00,0.72,0.72,0.72,0.72,10000,0
2016-04-05,08:25:00,0.72,0.72,0.72,0.72,15000,0
2016-04-05,08:30:00,0.72,0.72,0.71,0.71,30000,0
2016-04-05,08:35:00,0.71,0.71,0.71,0.71,30000,0
2016-04-05,08:40:00,0.71,0.72,0.71,0.72,10000,0
2016-04-05,08:55:00,0.72,0.72,0.7,0.7,90000,0
2016-04-05,09:00:00,0.7,0.7,0.7,0.7,320000,0
2016-04-05,09:05:00,0.7,0.71,0.7,0.7,215000,0
2016-04-05,09:10:00,0.7,0.71,0.7,0.71,25000,0
2016-04-05,09:35:00,0.71,0.71,0.71,0.71,5000,0
2016-04-05,09:55:00,0.71,0.71,0.71,0.71,10000,0
2016-04-05,10:00:00,0.71,0.72,0.71,0.71,260000,0
2016-04-06,03:50:00,0.7,0.71,0.7,0.7,110000,0
2016-04-06,04:00:00,0.69,0.7,0.69,0.7,100000,0
2016-04-06,04:10:00,0.7,0.7,0.7,0.7,15000,0
2016-04-06,04:15:00,0.7,0.7,0.7,0.7,45000,0
2016-04-06,04:20:00,0.7,0.71,0.7,0.71,10000,0
2016-04-06,05:10:00,0.71,0.71,0.71,0.71,100000,0
2016-04-06,05:20:00,0.71,0.71,0.7,0.7,10000,0
2016-04-06,05:25:00,0.7,0.71,0.7,0.71,35000,0
2016-04-06,08:05:00,0.71,0.71,0.71,0.71,5000,0
2016-04-06,08:30:00,0.71,0.71,0.71,0.71,5000,0
2016-04-06,08:35:00,0.71,0.71,0.71,0.71,50000,0
2016-04-06,08:40:00,0.71,0.71,0.71,0.71,5000,0
2016-04-06,08:50:00,0.71,0.71,0.71,0.71,25000,0
2016-04-06,09:40:00,0.71,0.71,0.71,0.71,10000,0
2016-04-07,04:55:00,0.71,0.72,0.71,0.72,70000,0
2016-04-07,05:00:00,0.72,0.72,0.72,0.72,45000,0
2016-04-07,05:25:00,0.72,0.73,0.72,0.73,100000,0
2016-04-07,05:35:00,0.73,0.75,0.73,0.75,310000,0
2016-04-07,05:55:00,0.75,0.75,0.75,0.75,140000,0
2016-04-07,06:00:00,0.75,0.75,0.73,0.73,50000,0
2016-04-07,09:25:00,0.73,0.76,0.73,0.76,20000,0
2016-04-07,09:30:00,0.75,0.76,0.75,0.76,55000,0
2016-04-07,09:35:00,0.76,0.76,0.76,0.76,180000,0
2016-04-07,09:40:00,0.76,0.76,0.75,0.75,20000,0
2016-04-07,09:50:00,0.75,0.75,0.75,0.75,50000,0
2016-04-07,10:00:00,0.75,0.75,0.74,0.75,40000,0
2016-04-08,04:05:00,0.76,0.78,0.75,0.78,405000,0
2016-04-08,04:10:00,0.78,0.78,0.78,0.78,70000,0
2016-04-08,04:20:00,0.77,0.77,0.77,0.77,30000,0
2016-04-08,04:25:00,0.77,0.78,0.77,0.78,65000,0
2016-04-08,04:50:00,0.78,0.78,0.78,0.78,100000,0
2016-04-08,05:10:00,0.78,0.78,0.77,0.77,40000,0
2016-04-08,05:15:00,0.77,0.77,0.77,0.77,50000,0
2016-04-08,05:40:00,0.77,0.77,0.76,0.76,10000,0
2016-04-08,05:50:00,0.76,0.78,0.76,0.78,20000,0
2016-04-08,07:05:00,0.78,0.8,0.78,0.8,1600000,0
2016-04-08,07:10:00,0.8,0.85,0.8,0.83,1560000,0
2016-04-08,07:15:00,0.83,0.85,0.82,0.82,1655000,0
2016-04-08,07:20:00,0.82,0.82,0.81,0.82,175000,0
2016-04-08,07:25:00,0.82,0.82,0.82,0.82,105000,0
2016-04-08,07:30:00,0.82,0.82,0.82,0.82,60000,0
2016-04-08,07:35:00,0.82,0.82,0.82,0.82,165000,0
2016-04-08,07:40:00,0.82,0.82,0.79,0.79,445000,0
2016-04-08,07:45:00,0.79,0.8,0.79,0.8,80000,0
2016-04-08,07:50:00,0.8,0.8,0.79,0.79,20000,0
2016-04-08,08:15:00,0.79,0.79,0.79,0.79,5000,0
2016-04-08,08:40:00,0.79,0.79,0.78,0.78,50000,0
2016-04-08,08:50:00,0.78,0.78,0.78,0.78,20000,0
2016-04-08,08:55:00,0.78,0.79,0.78,0.79,20000,0
2016-04-08,09:00:00,0.79,0.79,0.79,0.79,80000,0
2016-04-08,09:05:00,0.79,0.79,0.79,0.79,25000,0
2016-04-08,09:20:00,0.79,0.8,0.79,0.8,215000,0
2016-04-08,09:25:00,0.8,0.81,0.8,0.81,110000,0
2016-04-08,09:30:00,0.81,0.81,0.81,0.81,25000,0
2016-04-08,09:35:00,0.81,0.81,0.81,0.81,55000,0
2016-04-08,09:45:00,0.81,0.81,0.81,0.81,125000,0
2016-04-08,09:55:00,0.81,0.81,0.81,0.81,30000,0
2016-04-08,10:00:00,0.81,0.81,0.79,0.8,300000,0
2016-04-11,03:45:00,0.8,0.8,0.8,0.8,20000,0
2016-04-11,03:55:00,0.8,0.8,0.8,0.8,100000,0
2016-04-11,04:00:00,0.8,0.8,0.8,0.8,115000,0
2016-04-11,04:15:00,0.8,0.8,0.8,0.8,100000,0
2016-04-11,04:20:00,0.8,0.8,0.8,0.8,50000,0
2016-04-11,04:25:00,0.8,0.8,0.8,0.8,50000,0
2016-04-11,05:00:00,0.8,0.8,0.8,0.8,5000,0
2016-04-11,05:25:00,0.8,0.8,0.8,0.8,100000,0
2016-04-11,05:50:00,0.8,0.8,0.8,0.8,400000,0
2016-04-11,07:25:00,0.8,0.8,0.78,0.8,460000,0
2016-04-11,07:30:00,0.8,0.81,0.8,0.81,100000,0
2016-04-11,07:40:00,0.81,0.81,0.81,0.81,100000,0
2016-04-11,08:10:00,0.81,0.81,0.8,0.8,45000,0
2016-04-11,08:15:00,0.8,0.8,0.8,0.8,30000,0
2016-04-11,08:20:00,0.8,0.8,0.8,0.8,5000,0
2016-04-11,08:35:00,0.8,0.8,0.79,0.8,90000,0
2016-04-11,08:40:00,0.8,0.81,0.8,0.81,110000,0
2016-04-11,09:10:00,0.81,0.81,0.79,0.79,95000,0
2016-04-11,09:20:00,0.79,0.8,0.79,0.8,45000,0
2016-04-11,10:00:00,0.8,0.81,0.8,0.81,70000,0
2016-04-12,03:35:00,0.84,0.84,0.82,0.82,280000,0
2016-04-12,03:40:00,0.82,0.82,0.82,0.82,50000,0
2016-04-12,03:55:00,0.82,0.82,0.82,0.82,50000,0
2016-04-12,04:00:00,0.82,0.82,0.82,0.82,50000,0
2016-04-12,04:10:00,0.82,0.82,0.82,0.82,30000,0
2016-04-12,04:15:00,0.82,0.82,0.8,0.8,120000,0
2016-04-12,04:20:00,0.8,0.8,0.8,0.8,25000,0
2016-04-12,05:15:00,0.8,0.8,0.8,0.8,45000,0
2016-04-12,05:20:00,0.8,0.8,0.79,0.79,80000,0
2016-04-12,07:50:00,0.79,0.79,0.79,0.79,35000,0
2016-04-12,08:10:00,0.79,0.8,0.79,0.79,150000,0
2016-04-12,08:40:00,0.79,0.79,0.79,0.79,200000,0
2016-04-12,08:45:00,0.79,0.8,0.79,0.8,25000,0
2016-04-12,09:10:00,0.8,0.8,0.78,0.78,180000,0
2016-04-12,09:20:00,0.78,0.79,0.78,0.79,60000,0
2016-04-12,09:30:00,0.79,0.8,0.79,0.8,40000,0
2016-04-12,09:50:00,0.8,0.8,0.78,0.78,10000,0
2016-04-12,10:00:00,0.78,0.8,0.78,0.8,50000,0
2016-04-13,03:55:00,0.79,0.8,0.79,0.79,35000,0
2016-04-13,04:05:00,0.79,0.79,0.79,0.79,100000,0
2016-04-13,04:25:00,0.79,0.79,0.79,0.79,70000,0
2016-04-13,04:35:00,0.79,0.79,0.79,0.79,50000,0
2016-04-13,04:55:00,0.79,0.8,0.79,0.8,30000,0
2016-04-13,05:20:00,0.8,0.8,0.8,0.8,10000,0
2016-04-13,05:25:00,0.8,0.8,0.79,0.79,165000,0
2016-04-13,06:00:00,0.79,0.8,0.79,0.8,25000,0
2016-04-13,07:15:00,0.8,0.8,0.8,0.8,10000,0
2016-04-13,07:20:00,0.8,0.8,0.78,0.78,205000,0
2016-04-13,07:30:00,0.78,0.79,0.78,0.79,260000,0
2016-04-13,07:35:00,0.79,0.79,0.79,0.79,85000,0
2016-04-13,07:40:00,0.79,0.79,0.79,0.79,75000,0
2016-04-13,07:50:00,0.79,0.79,0.79,0.79,25000,0
2016-04-13,08:10:00,0.79,0.79,0.79,0.79,55000,0
2016-04-13,08:15:00,0.79,0.79,0.79,0.79,50000,0
2016-04-13,08:30:00,0.79,0.79,0.78,0.78,125000,0
2016-04-13,08:45:00,0.78,0.8,0.78,0.8,450000,0
2016-04-13,08:50:00,0.8,0.81,0.8,0.8,60000,0
2016-04-13,08:55:00,0.8,0.81,0.8,0.81,50000,0
2016-04-13,09:55:00,0.8,0.8,0.79,0.8,25000,0
