Date,Time,Open,High,Low,Close,Volume,OpenInt
2016-03-09,02:40:00,11.62,11.62,11.62,11.62,4000,0
2016-03-09,02:45:00,11.62,11.64,11.62,11.64,10000,0
2016-03-09,02:50:00,11.64,11.7,11.64,11.64,82000,0
2016-03-09,03:00:00,11.64,11.64,11.62,11.64,16000,0
2016-03-09,03:05:00,11.64,11.66,11.56,11.58,82000,0
2016-03-09,03:15:00,11.58,11.58,11.58,11.58,30000,0
2016-03-09,03:20:00,11.6,11.64,11.6,11.64,8000,0
2016-03-09,03:25:00,11.64,11.64,11.6,11.6,26000,0
2016-03-09,03:30:00,11.6,11.66,11.6,11.66,40000,0
2016-03-09,03:45:00,11.64,11.64,11.64,11.64,2000,0
2016-03-09,03:50:00,11.64,11.64,11.64,11.64,2000,0
2016-03-09,03:55:00,11.64,11.66,11.64,11.66,11000,0
2016-03-09,04:00:00,11.64,11.66,11.64,11.66,8000,0
2016-03-09,04:15:00,11.66,11.66,11.66,11.66,2000,0
2016-03-09,04:20:00,11.66,11.66,11.66,11.66,2000,0
2016-03-09,04:30:00,11.66,11.66,11.66,11.66,2000,0
2016-03-09,04:35:00,11.64,11.64,11.64,11.64,3000,0
2016-03-09,04:40:00,11.64,11.64,11.64,11.64,2000,0
2016-03-09,04:45:00,11.64,11.64,11.64,11.64,2000,0
2016-03-09,04:50:00,11.64,11.64,11.64,11.64,2000,0
2016-03-09,04:55:00,11.64,11.64,11.64,11.64,2000,0
2016-03-09,05:00:00,11.64,11.64,11.64,11.64,2000,0
2016-03-09,06:05:00,11.64,11.64,11.64,11.64,2000,0
2016-03-09,06:10:00,11.64,11.64,11.64,11.64,2000,0
2016-03-09,06:15:00,11.64,11.64,11.64,11.64,2000,0
2016-03-09,06:20:00,11.64,11.64,11.64,11.64,2000,0
2016-03-09,06:25:00,11.64,11.64,11.64,11.64,2000,0
2016-03-09,06:30:00,11.64,11.64,11.64,11.64,2000,0
2016-03-09,06:35:00,11.64,11.64,11.64,11.64,2000,0
2016-03-09,06:45:00,11.64,11.64,11.64,11.64,2000,0
2016-03-09,06:50:00,11.64,11.64,11.64,11.64,2000,0
2016-03-09,06:55:00,11.64,11.64,11.64,11.64,2000,0
2016-03-09,07:00:00,11.64,11.64,11.64,11.64,2000,0
2016-03-09,07:05:00,11.64,11.64,11.64,11.64,3000,0
2016-03-09,07:10:00,11.64,11.64,11.64,11.64,7000,0
2016-03-09,07:20:00,11.64,11.64,11.64,11.64,2000,0
2016-03-09,07:25:00,11.64,11.66,11.64,11.66,5000,0
2016-03-09,07:30:00,11.66,11.66,11.66,11.66,1000,0
2016-03-09,07:35:00,11.66,11.66,11.66,11.66,2000,0
2016-03-09,07:40:00,11.66,11.66,11.66,11.66,2000,0
2016-03-09,07:45:00,11.66,11.66,11.66,11.66,2000,0
2016-03-09,07:50:00,11.66,11.66,11.64,11.64,16000,0
2016-03-09,07:55:00,11.64,11.64,11.64,11.64,10000,0
2016-03-09,08:05:00,11.64,11.64,11.64,11.64,1000,0
2016-03-09,08:10:00,11.64,11.64,11.64,11.64,1000,0
2016-03-09,08:25:00,11.64,11.66,11.64,11.66,2000,0
2016-03-09,08:30:00,11.66,11.66,11.66,11.66,2000,0
2016-03-09,08:40:00,11.66,11.66,11.64,11.64,8000,0
2016-03-09,08:45:00,11.64,11.64,11.64,11.64,1000,0
2016-03-09,08:50:00,11.64,11.64,11.64,11.64,4000,0
2016-03-09,08:55:00,11.64,11.66,11.64,11.66,2000,0
2016-03-09,09:00:00,11.66,11.66,11.66,11.66,1000,0
2016-03-10,02:35:00,11.64,11.64,11.6,11.6,2000,0
2016-03-10,02:40:00,11.6,11.6,11.54,11.54,7000,0
2016-03-10,02:45:00,11.54,11.54,11.48,11.48,71000,0
2016-03-10,02:50:00,11.48,11.5,11.48,11.5,10000,0
2016-03-10,03:00:00,11.5,11.5,11.5,11.5,10000,0
2016-03-10,03:10:00,11.5,11.54,11.5,11.54,2000,0
2016-03-10,03:40:00,11.54,11.56,11.54,11.56,20000,0
2016-03-10,03:45:00,11.56,11.6,11.56,11.6,20000,0
2016-03-10,03:50:00,11.6,11.64,11.6,11.6,6000,0
2016-03-10,03:55:00,11.6,11.62,11.6,11.62,4000,0
2016-03-10,04:00:00,11.62,11.62,11.62,11.62,2000,0
2016-03-10,04:05:00,11.62,11.62,11.62,11.62,4000,0
2016-03-10,04:10:00,11.62,11.62,11.6,11.6,28000,0
2016-03-10,04:20:00,11.6,11.6,11.6,11.6,2000,0
2016-03-10,04:25:00,11.6,11.6,11.6,11.6,2000,0
2016-03-10,04:30:00,11.6,11.6,11.6,11.6,4000,0
2016-03-10,04:40:00,11.6,11.6,11.6,11.6,2000,0
2016-03-10,04:45:00,11.6,11.6,11.6,11.6,2000,0
2016-03-10,04:55:00,11.6,11.6,11.6,11.6,2000,0
2016-03-10,05:00:00,11.6,11.6,11.6,11.6,2000,0
2016-03-10,06:05:00,11.6,11.6,11.6,11.6,2000,0
2016-03-10,06:10:00,11.6,11.6,11.6,11.6,1000,0
2016-03-10,06:20:00,11.6,11.6,11.6,11.6,2000,0
2016-03-10,06:25:00,11.6,11.6,11.6,11.6,1000,0
2016-03-10,06:35:00,11.6,11.6,11.6,11.6,2000,0
2016-03-10,06:40:00,11.6,11.6,11.56,11.58,106000,0
2016-03-10,06:45:00,11.58,11.58,11.58,11.58,10000,0
2016-03-10,06:50:00,11.58,11.62,11.58,11.62,32000,0
2016-03-10,07:00:00,11.62,11.64,11.62,11.64,56000,0
2016-03-10,07:05:00,11.64,11.66,11.64,11.66,8000,0
2016-03-10,07:15:00,11.66,11.66,11.66,11.66,7000,0
2016-03-10,07:25:00,11.66,11.66,11.66,11.66,4000,0
2016-03-10,07:30:00,11.66,11.66,11.6,11.66,150000,0
2016-03-10,07:40:00,11.66,11.66,11.66,11.66,4000,0
2016-03-10,07:45:00,11.66,11.66,11.66,11.66,4000,0
2016-03-10,07:50:00,11.66,11.66,11.66,11.66,2000,0
2016-03-10,07:55:00,11.66,11.66,11.66,11.66,2000,0
2016-03-10,08:05:00,11.66,11.66,11.66,11.66,4000,0
2016-03-10,08:10:00,11.66,11.66,11.66,11.66,4000,0
2016-03-10,08:15:00,11.66,11.66,11.66,11.66,4000,0
2016-03-10,08:20:00,11.66,11.66,11.66,11.66,4000,0
2016-03-10,08:25:00,11.64,11.64,11.64,11.64,7000,0
2016-03-10,08:30:00,11.64,11.64,11.64,11.64,9000,0
2016-03-10,08:35:00,11.64,11.64,11.64,11.64,4000,0
2016-03-10,08:40:00,11.64,11.64,11.64,11.64,3000,0
2016-03-10,08:45:00,11.64,11.64,11.64,11.64,12000,0
2016-03-10,08:50:00,11.64,11.64,11.64,11.64,14000,0
2016-03-10,08:55:00,11.64,11.64,11.62,11.62,30000,0
2016-03-10,09:00:00,11.62,11.64,11.62,11.64,8000,0
2016-03-11,02:40:00,11.5,11.64,11.46,11.48,107000,0
2016-03-11,02:45:00,11.52,11.54,11.52,11.54,3000,0
2016-03-11,02:50:00,11.54,11.56,11.54,11.56,2000,0
2016-03-11,02:55:00,11.56,11.56,11.54,11.54,126000,0
2016-03-11,03:00:00,11.56,11.6,11.56,11.6,3000,0
2016-03-11,03:05:00,11.58,11.58,11.58,11.58,2000,0
2016-03-11,03:15:00,11.58,11.58,11.58,11.58,4000,0
2016-03-11,03:20:00,11.58,11.58,11.58,11.58,3000,0
2016-03-11,03:40:00,11.58,11.6,11.58,11.6,5000,0
2016-03-11,03:45:00,11.58,11.58,11.58,11.58,3000,0
2016-03-11,03:55:00,11.58,11.58,11.58,11.58,3000,0
2016-03-11,04:05:00,11.58,11.58,11.58,11.58,3000,0
2016-03-11,04:10:00,11.58,11.6,11.58,11.6,4000,0
2016-03-11,04:15:00,11.58,11.58,11.58,11.58,4000,0
2016-03-11,04:25:00,11.58,11.58,11.58,11.58,2000,0
2016-03-11,04:35:00,11.58,11.58,11.58,11.58,3000,0
2016-03-11,04:40:00,11.58,11.58,11.58,11.58,4000,0
2016-03-11,04:45:00,11.58,11.6,11.58,11.6,26000,0
2016-03-11,04:55:00,11.58,11.58,11.58,11.58,4000,0
2016-03-11,06:05:00,11.58,11.6,11.58,11.6,11000,0
2016-03-11,06:10:00,11.58,11.58,11.58,11.58,1000,0
2016-03-11,06:15:00,11.58,11.58,11.58,11.58,4000,0
2016-03-11,06:35:00,11.58,11.58,11.58,11.58,10000,0
2016-03-11,06:40:00,11.58,11.58,11.58,11.58,10000,0
2016-03-11,06:45:00,11.58,11.6,11.58,11.6,7000,0
2016-03-11,06:50:00,11.6,11.6,11.6,11.6,8000,0
2016-03-11,07:00:00,11.58,11.58,11.58,11.58,6000,0
2016-03-11,07:05:00,11.58,11.6,11.58,11.6,8000,0
2016-03-11,07:15:00,11.58,11.58,11.58,11.58,7000,0
2016-03-11,07:20:00,11.58,11.58,11.58,11.58,4000,0
2016-03-11,07:25:00,11.58,11.58,11.58,11.58,3000,0
2016-03-11,07:30:00,11.58,11.58,11.58,11.58,7000,0
2016-03-11,07:35:00,11.58,11.58,11.58,11.58,14000,0
2016-03-11,07:45:00,11.58,11.58,11.56,11.56,70000,0
2016-03-11,07:50:00,11.56,11.56,11.56,11.56,2000,0
2016-03-11,07:55:00,11.56,11.56,11.56,11.56,20000,0
2016-03-11,08:00:00,11.56,11.56,11.56,11.56,11000,0
2016-03-11,08:05:00,11.56,11.6,11.56,11.6,12000,0
2016-03-11,08:15:00,11.58,11.58,11.58,11.58,14000,0
2016-03-11,08:25:00,11.58,11.58,11.56,11.56,32000,0
2016-03-11,08:30:00,11.56,11.56,11.56,11.56,9000,0
2016-03-11,08:35:00,11.56,11.58,11.56,11.58,18000,0
2016-03-11,08:40:00,11.58,11.58,11.58,11.58,3000,0
2016-03-11,08:45:00,11.58,11.58,11.58,11.58,17000,0
2016-03-11,08:50:00,11.58,11.6,11.58,11.58,34000,0
2016-03-11,08:55:00,11.58,11.6,11.58,11.6,9000,0
2016-03-11,09:00:00,11.6,11.6,11.56,11.56,9000,0
2016-03-14,02:40:00,11.56,11.56,11.5,11.5,1000,0
2016-03-14,02:45:00,11.48,11.48,11.48,11.48,1000,0
2016-03-14,03:10:00,11.46,11.52,11.36,11.5,567000,0
2016-03-14,03:15:00,11.5,11.5,11.5,11.5,8000,0
2016-03-14,03:20:00,11.5,11.5,11.5,11.5,8000,0
2016-03-14,03:25:00,11.5,11.56,11.48,11.56,157000,0
2016-03-14,03:30:00,11.56,11.56,11.48,11.48,9000,0
2016-03-14,03:35:00,11.48,11.52,11.48,11.52,6000,0
2016-03-14,03:40:00,11.52,11.52,11.52,11.52,2000,0
2016-03-14,03:55:00,11.52,11.52,11.52,11.52,3000,0
2016-03-14,04:10:00,11.5,11.5,11.5,11.5,3000,0
2016-03-14,04:15:00,11.5,11.5,11.46,11.46,13000,0
2016-03-14,04:20:00,11.46,11.5,11.46,11.5,2000,0
2016-03-14,04:30:00,11.48,11.48,11.46,11.48,14000,0
2016-03-14,04:45:00,11.48,11.5,11.48,11.5,6000,0
2016-03-14,05:00:00,11.5,11.5,11.5,11.5,1000,0
2016-03-14,06:05:00,11.48,11.5,11.48,11.5,3000,0
2016-03-14,06:10:00,11.48,11.48,11.48,11.48,1000,0
2016-03-14,06:15:00,11.48,11.5,11.48,11.5,2000,0
2016-03-14,06:20:00,11.5,11.5,11.5,11.5,1000,0
2016-03-14,06:30:00,11.5,11.5,11.5,11.5,1000,0
2016-03-14,06:35:00,11.5,11.52,11.5,11.52,2000,0
2016-03-14,06:40:00,11.52,11.52,11.5,11.5,12000,0
2016-03-14,06:45:00,11.5,11.5,11.5,11.5,1000,0
2016-03-14,06:50:00,11.5,11.5,11.5,11.5,1000,0
2016-03-14,06:55:00,11.5,11.5,11.5,11.5,1000,0
2016-03-14,07:00:00,11.5,11.5,11.5,11.5,1000,0
2016-03-14,07:05:00,11.5,11.5,11.48,11.48,11000,0
2016-03-14,07:10:00,11.48,11.48,11.48,11.48,1000,0
2016-03-14,07:15:00,11.48,11.48,11.48,11.48,1000,0
2016-03-14,07:25:00,11.48,11.48,11.48,11.48,1000,0
2016-03-14,07:30:00,11.48,11.48,11.48,11.48,1000,0
2016-03-14,07:35:00,11.48,11.48,11.48,11.48,1000,0
2016-03-14,07:40:00,11.48,11.5,11.48,11.5,2000,0
2016-03-14,07:45:00,11.5,11.5,11.5,11.5,1000,0
2016-03-14,07:50:00,11.48,11.48,11.48,11.48,1000,0
2016-03-14,07:55:00,11.48,11.48,11.48,11.48,1000,0
2016-03-14,08:00:00,11.48,11.5,11.48,11.5,2000,0
2016-03-14,08:10:00,11.5,11.5,11.5,11.5,1000,0
2016-03-14,08:15:00,11.5,11.5,11.5,11.5,1000,0
2016-03-14,08:20:00,11.5,11.52,11.5,11.52,2000,0
2016-03-14,08:25:00,11.52,11.52,11.52,11.52,2000,0
2016-03-14,08:30:00,11.52,11.52,11.52,11.52,1300,0
2016-03-14,08:35:00,11.52,11.52,11.52,11.52,1000,0
2016-03-14,08:40:00,11.52,11.52,11.52,11.52,1000,0
2016-03-14,08:45:00,11.52,11.52,11.52,11.52,1000,0
2016-03-14,08:50:00,11.52,11.52,11.5,11.5,6000,0
2016-03-14,08:55:00,11.5,11.56,11.5,11.56,39000,0
2016-03-15,03:05:00,11.52,11.58,11.52,11.58,2000,0
2016-03-15,03:10:00,11.58,11.58,11.58,11.58,1000,0
2016-03-15,03:15:00,11.58,11.58,11.58,11.58,1000,0
2016-03-15,03:50:00,11.56,11.56,11.56,11.56,1000,0
2016-03-15,04:05:00,11.56,11.62,11.56,11.62,86000,0
2016-03-15,04:10:00,11.62,11.68,11.62,11.64,99000,0
2016-03-15,04:20:00,11.64,11.64,11.62,11.64,22000,0
2016-03-15,04:35:00,11.64,11.64,11.64,11.64,2000,0
2016-03-15,04:40:00,11.64,11.64,11.64,11.64,2000,0
2016-03-15,04:50:00,11.64,11.64,11.64,11.64,2000,0
2016-03-15,04:55:00,11.64,11.64,11.64,11.64,3000,0
2016-03-15,05:00:00,11.64,11.64,11.64,11.64,8000,0
2016-03-15,06:05:00,11.64,11.66,11.64,11.66,12000,0
2016-03-15,06:10:00,11.64,11.66,11.64,11.66,16000,0
2016-03-15,06:15:00,11.66,11.66,11.66,11.66,2000,0
2016-03-15,06:25:00,11.66,11.68,11.66,11.68,8000,0
2016-03-15,06:40:00,11.68,11.68,11.68,11.68,4000,0
2016-03-15,06:55:00,11.68,11.68,11.64,11.64,48000,0
2016-03-15,07:15:00,11.64,11.66,11.64,11.66,6000,0
2016-03-15,07:30:00,11.64,11.64,11.64,11.64,1000,0
2016-03-15,07:35:00,11.64,11.66,11.64,11.66,8000,0
2016-03-15,07:50:00,11.66,11.68,11.66,11.68,14000,0
2016-03-15,07:55:00,11.66,11.66,11.66,11.66,4000,0
2016-03-15,08:05:00,11.66,11.66,11.66,11.66,3000,0
2016-03-15,08:10:00,11.66,11.66,11.66,11.66,3000,0
2016-03-15,08:15:00,11.66,11.66,11.66,11.66,6000,0
2016-03-15,08:20:00,11.66,11.68,11.66,11.68,7000,0
2016-03-15,08:30:00,11.66,11.66,11.66,11.66,4000,0
2016-03-15,08:35:00,11.66,11.68,11.66,11.66,20000,0
2016-03-15,08:45:00,11.66,11.66,11.66,11.66,14000,0
2016-03-15,08:50:00,11.66,11.66,11.66,11.66,20000,0
2016-03-15,08:55:00,11.66,11.68,11.66,11.68,23000,0
2016-03-15,09:00:00,11.68,11.68,11.68,11.68,9000,0
2016-03-16,02:35:00,11.64,11.66,11.54,11.58,167000,0
2016-03-16,02:50:00,11.64,11.66,11.62,11.66,71000,0
2016-03-16,02:55:00,11.66,11.66,11.64,11.64,29000,0
2016-03-16,03:05:00,11.64,11.64,11.64,11.64,2000,0
2016-03-16,03:10:00,11.64,11.66,11.64,11.66,8000,0
2016-03-16,03:20:00,11.64,11.64,11.64,11.64,8000,0
2016-03-16,03:25:00,11.64,11.64,11.64,11.64,1000,0
2016-03-16,03:30:00,11.64,11.64,11.64,11.64,1000,0
2016-03-16,03:35:00,11.64,11.64,11.64,11.64,4000,0
2016-03-16,03:45:00,11.64,11.64,11.64,11.64,31000,0
2016-03-16,03:50:00,11.64,11.64,11.64,11.64,1000,0
2016-03-16,04:10:00,11.64,11.66,11.62,11.64,43000,0
2016-03-16,04:30:00,11.64,11.64,11.64,11.64,2000,0
2016-03-16,04:35:00,11.64,11.64,11.64,11.64,4000,0
2016-03-16,04:40:00,11.64,11.64,11.64,11.64,3000,0
2016-03-16,04:45:00,11.64,11.64,11.64,11.64,6000,0
2016-03-16,04:50:00,11.64,11.64,11.64,11.64,4000,0
2016-03-16,04:55:00,11.64,11.64,11.64,11.64,5000,0
2016-03-16,05:00:00,11.64,11.66,11.64,11.66,4000,0
2016-03-16,06:05:00,11.64,11.64,11.64,11.64,4000,0
2016-03-16,06:10:00,11.64,11.64,11.64,11.64,5000,0
2016-03-16,06:15:00,11.64,11.64,11.64,11.64,1000,0
2016-03-16,06:20:00,11.64,11.64,11.64,11.64,6000,0
2016-03-16,06:25:00,11.64,11.64,11.64,11.64,4000,0
2016-03-16,06:30:00,11.64,11.64,11.64,11.64,3000,0
2016-03-16,06:35:00,11.64,11.64,11.64,11.64,3000,0
2016-03-16,06:40:00,11.64,11.64,11.64,11.64,5000,0
2016-03-16,06:45:00,11.64,11.64,11.64,11.64,4000,0
2016-03-16,06:50:00,11.64,11.64,11.64,11.64,3000,0
2016-03-16,06:55:00,11.64,11.64,11.64,11.64,4000,0
2016-03-16,07:00:00,11.64,11.66,11.64,11.66,9000,0
2016-03-16,07:05:00,11.66,11.66,11.66,11.66,17000,0
2016-03-16,07:10:00,11.66,11.66,11.66,11.66,4000,0
2016-03-16,07:15:00,11.66,11.66,11.66,11.66,4000,0
2016-03-16,07:20:00,11.66,11.66,11.64,11.64,28000,0
2016-03-16,07:25:00,11.64,11.64,11.64,11.64,4000,0
2016-03-16,07:30:00,11.64,11.64,11.62,11.62,18000,0
2016-03-16,07:35:00,11.62,11.64,11.62,11.64,3000,0
2016-03-16,07:40:00,11.64,11.64,11.64,11.64,13000,0
2016-03-16,07:45:00,11.64,11.64,11.64,11.64,7000,0
2016-03-16,07:50:00,11.64,11.64,11.64,11.64,4000,0
2016-03-16,07:55:00,11.64,11.64,11.62,11.62,14000,0
2016-03-16,08:00:00,11.62,11.64,11.62,11.62,19000,0
2016-03-16,08:05:00,11.62,11.64,11.62,11.64,18000,0
2016-03-16,08:10:00,11.64,11.64,11.64,11.64,5000,0
2016-03-16,08:15:00,11.64,11.64,11.64,11.64,17000,0
2016-03-16,08:20:00,11.64,11.66,11.64,11.66,37000,0
2016-03-16,08:25:00,11.66,11.66,11.66,11.66,2000,0
2016-03-16,08:30:00,11.66,11.66,11.66,11.66,14000,0
2016-03-16,08:35:00,11.66,11.66,11.66,11.66,5000,0
2016-03-16,08:40:00,11.66,11.66,11.66,11.66,7000,0
2016-03-16,08:45:00,11.66,11.66,11.66,11.66,7000,0
2016-03-16,08:50:00,11.66,11.68,11.66,11.68,36000,0
2016-03-16,08:55:00,11.68,11.7,11.68,11.7,20000,0
2016-03-16,09:00:00,11.7,11.72,11.7,11.7,38000,0
2016-03-17,02:35:00,11.72,11.72,11.56,11.62,136000,0
2016-03-17,02:40:00,11.62,11.78,11.62,11.7,58000,0
2016-03-17,02:50:00,11.7,11.7,11.68,11.68,5000,0
2016-03-17,03:00:00,11.68,11.72,11.68,11.68,39000,0
2016-03-17,03:05:00,11.68,11.7,11.68,11.68,7000,0
2016-03-17,03:10:00,11.68,11.68,11.68,11.68,24000,0
2016-03-17,03:15:00,11.68,11.7,11.68,11.68,17000,0
2016-03-17,03:20:00,11.68,11.68,11.62,11.62,106000,0
2016-03-17,03:25:00,11.62,11.72,11.62,11.68,21000,0
2016-03-17,03:40:00,11.68,11.68,11.68,11.68,1000,0
2016-03-17,03:45:00,11.68,11.68,11.68,11.68,1000,0
2016-03-17,03:50:00,11.68,11.68,11.68,11.68,1000,0
2016-03-17,03:55:00,11.68,11.68,11.68,11.68,1000,0
2016-03-17,04:10:00,11.68,11.68,11.68,11.68,1000,0
2016-03-17,04:15:00,11.68,11.68,11.68,11.68,6000,0
2016-03-17,04:20:00,11.68,11.68,11.68,11.68,2000,0
2016-03-17,04:25:00,11.68,11.68,11.68,11.68,1000,0
2016-03-17,04:30:00,11.68,11.68,11.68,11.68,1000,0
2016-03-17,04:35:00,11.68,11.68,11.68,11.68,4000,0
2016-03-17,04:45:00,11.68,11.68,11.68,11.68,5000,0
2016-03-17,04:50:00,11.68,11.68,11.68,11.68,4000,0
2016-03-17,04:55:00,11.68,11.68,11.68,11.68,4000,0
2016-03-17,05:00:00,11.68,11.68,11.68,11.68,3000,0
2016-03-17,06:05:00,11.68,11.68,11.66,11.68,26000,0
2016-03-17,06:10:00,11.68,11.68,11.68,11.68,6000,0
2016-03-17,06:20:00,11.68,11.68,11.68,11.68,4000,0
2016-03-17,06:25:00,11.68,11.68,11.68,11.68,3000,0
2016-03-17,06:30:00,11.68,11.7,11.68,11.68,6000,0
2016-03-17,06:35:00,11.68,11.68,11.68,11.68,4000,0
2016-03-17,06:45:00,11.68,11.68,11.68,11.68,1000,0
2016-03-17,06:50:00,11.68,11.68,11.68,11.68,3000,0
2016-03-17,06:55:00,11.68,11.68,11.68,11.68,2000,0
2016-03-17,07:05:00,11.68,11.68,11.68,11.68,1000,0
2016-03-17,07:10:00,11.68,11.68,11.68,11.68,3000,0
2016-03-17,07:20:00,11.68,11.68,11.68,11.68,3000,0
2016-03-17,07:25:00,11.68,11.68,11.68,11.68,1000,0
2016-03-17,07:30:00,11.68,11.68,11.68,11.68,1000,0
2016-03-17,07:35:00,11.68,11.68,11.68,11.68,1000,0
2016-03-17,07:40:00,11.68,11.68,11.68,11.68,1000,0
2016-03-17,07:45:00,11.68,11.68,11.68,11.68,1000,0
2016-03-17,07:50:00,11.68,11.68,11.68,11.68,2000,0
2016-03-17,07:55:00,11.68,11.68,11.68,11.68,2000,0
2016-03-17,08:05:00,11.68,11.68,11.68,11.68,2000,0
2016-03-17,08:10:00,11.68,11.68,11.68,11.68,2000,0
2016-03-17,08:15:00,11.68,11.68,11.68,11.68,4000,0
2016-03-17,08:20:00,11.68,11.68,11.68,11.68,2000,0
2016-03-17,08:25:00,11.68,11.68,11.68,11.68,3000,0
2016-03-17,08:35:00,11.68,11.68,11.68,11.68,1000,0
2016-03-17,08:40:00,11.68,11.7,11.68,11.68,40000,0
2016-03-17,08:45:00,11.68,11.7,11.68,11.7,12000,0
2016-03-17,08:50:00,11.7,11.72,11.7,11.72,11000,0
2016-03-17,08:55:00,11.72,11.74,11.72,11.74,19000,0
2016-03-17,09:00:00,11.74,11.76,11.74,11.76,16000,0
2016-03-18,02:35:00,11.72,11.76,11.72,11.72,2000,0
2016-03-18,03:00:00,11.66,11.66,11.66,11.66,40000,0
2016-03-18,03:05:00,11.68,11.74,11.68,11.74,7000,0
2016-03-18,03:10:00,11.74,11.74,11.74,11.74,1000,0
2016-03-18,03:15:00,11.74,11.74,11.74,11.74,1000,0
2016-03-18,03:25:00,11.72,11.74,11.72,11.74,9000,0
2016-03-18,03:40:00,11.74,11.76,11.74,11.76,17000,0
2016-03-18,03:50:00,11.76,11.76,11.74,11.74,2000,0
2016-03-18,04:00:00,11.74,11.74,11.74,11.74,4000,0
2016-03-18,04:10:00,11.74,11.74,11.74,11.74,2000,0
2016-03-18,04:15:00,11.74,11.76,11.74,11.76,8000,0
2016-03-18,04:25:00,11.74,11.74,11.74,11.74,11000,0
2016-03-18,04:30:00,11.74,11.74,11.74,11.74,13000,0
2016-03-18,04:35:00,11.74,11.74,11.74,11.74,8000,0
2016-03-18,04:40:00,11.74,11.74,11.74,11.74,6000,0
2016-03-18,04:50:00,11.74,11.8,11.74,11.78,28000,0
2016-03-18,04:55:00,11.78,11.78,11.76,11.76,4000,0
2016-03-18,05:00:00,11.76,11.76,11.7,11.76,97000,0
2016-03-18,06:10:00,11.76,11.76,11.76,11.76,1000,0
2016-03-18,06:15:00,11.76,11.76,11.76,11.76,1000,0
2016-03-18,06:20:00,11.74,11.74,11.7,11.7,19000,0
2016-03-18,06:25:00,11.7,11.7,11.7,11.7,6000,0
2016-03-18,06:30:00,11.7,11.7,11.68,11.7,7000,0
2016-03-18,06:35:00,11.7,11.7,11.68,11.7,6000,0
2016-03-18,06:45:00,11.7,11.74,11.7,11.74,7000,0
2016-03-18,06:55:00,11.74,11.74,11.66,11.66,943000,0
2016-03-18,07:10:00,11.68,11.7,11.68,11.7,8000,0
2016-03-18,07:15:00,11.7,11.7,11.68,11.68,6000,0
2016-03-18,07:20:00,11.68,11.7,11.68,11.7,4000,0
2016-03-18,07:25:00,11.7,11.7,11.7,11.7,4000,0
2016-03-18,07:30:00,11.7,11.7,11.68,11.68,4000,0
2016-03-18,07:35:00,11.68,11.7,11.68,11.7,5000,0
2016-03-18,07:40:00,11.7,11.7,11.7,11.7,6000,0
2016-03-18,07:45:00,11.7,11.7,11.7,11.7,2000,0
2016-03-18,07:50:00,11.7,11.7,11.68,11.7,18000,0
2016-03-18,07:55:00,11.7,11.7,11.7,11.7,3000,0
2016-03-18,08:00:00,11.7,11.72,11.7,11.72,6000,0
2016-03-18,08:10:00,11.72,11.72,11.72,11.72,7000,0
2016-03-18,08:15:00,11.72,11.72,11.72,11.72,3000,0
2016-03-18,08:20:00,11.72,11.72,11.7,11.72,15000,0
2016-03-18,08:25:00,11.72,11.72,11.72,11.72,4000,0
2016-03-18,08:30:00,11.72,11.72,11.72,11.72,4000,0
2016-03-18,08:35:00,11.72,11.72,11.72,11.72,3000,0
2016-03-18,08:40:00,11.72,11.76,11.72,11.76,28000,0
2016-03-18,08:45:00,11.76,11.78,11.74,11.76,32000,0
2016-03-18,08:50:00,11.76,11.76,11.76,11.76,26000,0
2016-03-18,08:55:00,11.76,11.78,11.76,11.76,24000,0
2016-03-18,09:00:00,11.76,11.8,11.76,11.8,31000,0
2016-03-21,02:35:00,11.8,11.8,11.76,11.76,3000,0
2016-03-21,02:40:00,11.76,11.76,11.64,11.66,103000,0
2016-03-21,02:45:00,11.66,11.66,11.66,11.66,1000,0
2016-03-21,02:55:00,11.66,11.66,11.66,11.66,1000,0
2016-03-21,03:00:00,11.66,11.68,11.66,11.68,3000,0
2016-03-21,03:05:00,11.68,11.68,11.68,11.68,1000,0
2016-03-21,03:10:00,11.68,11.74,11.68,11.72,11000,0
2016-03-21,03:15:00,11.7,11.72,11.7,11.72,5000,0
2016-03-21,03:20:00,11.72,11.74,11.72,11.72,23000,0
2016-03-21,03:25:00,11.72,11.72,11.7,11.7,8000,0
2016-03-21,03:30:00,11.7,11.72,11.7,11.72,20000,0
2016-03-21,03:35:00,11.72,11.74,11.7,11.7,100000,0
2016-03-21,03:50:00,11.68,11.68,11.64,11.64,68000,0
2016-03-21,04:00:00,11.64,11.64,11.64,11.64,14000,0
2016-03-21,04:15:00,11.64,11.66,11.64,11.66,5000,0
2016-03-21,04:40:00,11.64,11.64,11.64,11.64,4000,0
2016-03-21,04:45:00,11.64,11.64,11.64,11.64,3000,0
2016-03-21,04:50:00,11.64,11.64,11.64,11.64,2000,0
2016-03-21,04:55:00,11.64,11.64,11.64,11.64,2000,0
2016-03-21,05:00:00,11.64,11.64,11.64,11.64,2000,0
2016-03-21,06:05:00,11.64,11.64,11.62,11.62,2000,0
2016-03-21,06:20:00,11.62,11.62,11.62,11.62,88000,0
2016-03-21,07:30:00,11.6,11.62,11.6,11.62,35000,0
2016-03-21,07:35:00,11.62,11.64,11.62,11.64,20000,0
2016-03-21,07:45:00,11.64,11.64,11.62,11.62,2000,0
2016-03-21,07:55:00,11.62,11.62,11.62,11.62,1000,0
2016-03-21,08:00:00,11.62,11.64,11.62,11.64,20000,0
2016-03-21,08:05:00,11.64,11.64,11.64,11.64,4000,0
2016-03-21,08:10:00,11.64,11.64,11.64,11.64,10000,0
2016-03-21,08:15:00,11.64,11.64,11.64,11.64,10000,0
2016-03-21,08:20:00,11.64,11.64,11.64,11.64,4000,0
2016-03-21,08:25:00,11.64,11.64,11.62,11.62,10000,0
2016-03-21,08:30:00,11.62,11.64,11.62,11.64,20000,0
2016-03-21,08:35:00,11.64,11.68,11.64,11.66,62000,0
2016-03-21,08:40:00,11.66,11.68,11.64,11.66,16000,0
2016-03-21,08:45:00,11.66,11.66,11.66,11.66,7000,0
2016-03-21,08:50:00,11.66,11.68,11.66,11.68,14000,0
2016-03-21,08:55:00,11.68,11.7,11.64,11.7,17000,0
2016-03-21,09:00:00,11.7,11.7,11.62,11.62,291000,0
2016-03-22,02:35:00,11.6,11.6,11.52,11.52,121000,0
2016-03-22,02:45:00,11.52,11.52,11.52,11.52,3000,0
2016-03-22,02:50:00,11.54,11.6,11.54,11.6,5000,0
2016-03-22,02:55:00,11.6,11.6,11.6,11.6,4000,0
2016-03-22,03:00:00,11.6,11.6,11.6,11.6,4000,0
2016-03-22,03:05:00,11.6,11.62,11.58,11.62,55000,0
2016-03-22,03:10:00,11.62,11.62,11.6,11.6,5000,0
2016-03-22,03:15:00,11.6,11.6,11.6,11.6,4000,0
2016-03-22,03:20:00,11.6,11.62,11.6,11.62,18000,0
2016-03-22,03:25:00,11.62,11.62,11.62,11.62,3000,0
2016-03-22,03:30:00,11.62,11.62,11.62,11.62,3000,0
2016-03-22,03:35:00,11.62,11.64,11.62,11.62,22000,0
2016-03-22,03:40:00,11.62,11.62,11.62,11.62,3000,0
2016-03-22,03:45:00,11.62,11.62,11.62,11.62,3000,0
2016-03-22,03:50:00,11.62,11.62,11.62,11.62,3000,0
2016-03-22,03:55:00,11.62,11.64,11.62,11.64,4000,0
2016-03-22,04:00:00,11.64,11.64,11.64,11.64,1000,0
2016-03-22,04:05:00,11.64,11.64,11.64,11.64,2000,0
2016-03-22,04:10:00,11.62,11.62,11.62,11.62,1000,0
2016-03-22,04:15:00,11.62,11.62,11.62,11.62,1000,0
2016-03-22,04:20:00,11.62,11.62,11.62,11.62,1000,0
2016-03-22,04:25:00,11.62,11.64,11.62,11.62,15000,0
2016-03-22,04:30:00,11.62,11.62,11.62,11.62,1000,0
2016-03-22,04:35:00,11.62,11.62,11.62,11.62,1000,0
2016-03-22,04:40:00,11.62,11.62,11.6,11.6,9000,0
2016-03-22,04:45:00,11.6,11.62,11.6,11.62,3000,0
2016-03-22,04:50:00,11.62,11.62,11.62,11.62,2000,0
2016-03-22,04:55:00,11.62,11.64,11.62,11.64,3000,0
2016-03-22,05:00:00,11.64,11.64,11.64,11.64,1000,0
2016-03-22,06:05:00,11.64,11.64,11.64,11.64,1000,0
2016-03-22,06:10:00,11.64,11.64,11.64,11.64,1000,0
2016-03-22,06:15:00,11.62,11.62,11.62,11.62,2000,0
2016-03-22,06:20:00,11.62,11.64,11.62,11.64,24000,0
2016-03-22,06:25:00,11.64,11.64,11.64,11.64,1000,0
2016-03-22,06:30:00,11.64,11.66,11.64,11.66,13000,0
2016-03-22,06:35:00,11.66,11.66,11.66,11.66,2000,0
2016-03-22,06:40:00,11.66,11.66,11.66,11.66,1000,0
2016-03-22,06:45:00,11.64,11.64,11.64,11.64,5000,0
2016-03-22,06:50:00,11.64,11.64,11.64,11.64,2000,0
2016-03-22,06:55:00,11.64,11.66,11.64,11.66,8000,0
2016-03-22,07:00:00,11.66,11.66,11.66,11.66,1000,0
2016-03-22,07:05:00,11.66,11.66,11.66,11.66,1000,0
2016-03-22,07:10:00,11.66,11.66,11.66,11.66,2000,0
2016-03-22,07:15:00,11.66,11.68,11.66,11.68,12000,0
2016-03-22,07:20:00,11.68,11.68,11.68,11.68,1000,0
2016-03-22,07:25:00,11.68,11.68,11.68,11.68,1000,0
2016-03-22,07:30:00,11.66,11.66,11.66,11.66,5000,0
2016-03-22,07:35:00,11.66,11.66,11.66,11.66,3000,0
2016-03-22,07:40:00,11.66,11.66,11.66,11.66,1000,0
2016-03-22,07:45:00,11.66,11.68,11.66,11.68,11000,0
2016-03-22,07:50:00,11.68,11.68,11.66,11.68,5000,0
2016-03-22,07:55:00,11.68,11.68,11.68,11.68,1000,0
2016-03-22,08:00:00,11.68,11.68,11.68,11.68,1000,0
2016-03-22,08:05:00,11.68,11.68,11.68,11.68,2000,0
2016-03-22,08:10:00,11.66,11.66,11.66,11.66,1000,0
2016-03-22,08:15:00,11.66,11.66,11.66,11.66,3000,0
2016-03-22,08:20:00,11.66,11.66,11.66,11.66,1000,0
2016-03-22,08:25:00,11.66,11.66,11.66,11.66,1000,0
2016-03-22,08:30:00,11.66,11.66,11.66,11.66,2000,0
2016-03-22,08:35:00,11.66,11.68,11.66,11.66,5000,0
2016-03-22,08:40:00,11.66,11.66,11.66,11.66,4000,0
2016-03-22,08:45:00,11.66,11.66,11.66,11.66,10000,0
2016-03-22,08:50:00,11.66,11.68,11.64,11.68,95000,0
2016-03-22,08:55:00,11.68,11.68,11.68,11.68,3000,0
2016-03-22,09:00:00,11.68,11.7,11.68,11.7,15000,0
2016-03-23,02:35:00,11.66,11.7,11.52,11.54,224000,0
2016-03-23,02:45:00,11.56,11.56,11.56,11.56,1000,0
2016-03-23,03:00:00,11.6,11.68,11.6,11.6,120000,0
2016-03-23,03:05:00,11.6,11.64,11.6,11.64,8000,0
2016-03-23,03:10:00,11.64,11.64,11.64,11.64,2000,0
2016-03-23,03:20:00,11.64,11.64,11.64,11.64,1000,0
2016-03-23,03:30:00,11.64,11.66,11.64,11.66,5000,0
2016-03-23,04:00:00,11.64,11.64,11.64,11.64,4000,0
2016-03-23,04:10:00,11.64,11.64,11.64,11.64,3000,0
2016-03-23,04:15:00,11.64,11.64,11.64,11.64,1000,0
2016-03-23,04:25:00,11.64,11.66,11.64,11.66,6000,0
2016-03-23,04:35:00,11.64,11.64,11.64,11.64,3000,0
2016-03-23,04:50:00,11.64,11.64,11.64,11.64,2000,0
2016-03-23,06:05:00,11.64,11.64,11.62,11.62,3000,0
2016-03-23,06:10:00,11.62,11.64,11.62,11.64,4000,0
2016-03-23,06:15:00,11.64,11.66,11.64,11.66,5000,0
2016-03-23,06:40:00,11.66,11.68,11.66,11.68,10000,0
2016-03-23,06:50:00,11.66,11.66,11.66,11.66,2000,0
2016-03-23,06:55:00,11.66,11.66,11.66,11.66,2000,0
2016-03-23,07:00:00,11.66,11.66,11.66,11.66,2000,0
2016-03-23,07:10:00,11.66,11.66,11.66,11.66,2000,0
2016-03-23,07:15:00,11.66,11.66,11.66,11.66,2000,0
2016-03-23,07:20:00,11.66,11.66,11.66,11.66,2000,0
2016-03-23,07:25:00,11.66,11.66,11.66,11.66,2000,0
2016-03-23,07:30:00,11.66,11.66,11.66,11.66,2000,0
2016-03-23,07:35:00,11.66,11.66,11.66,11.66,2000,0
2016-03-23,07:40:00,11.66,11.66,11.66,11.66,1000,0
2016-03-23,07:45:00,11.66,11.66,11.66,11.66,4000,0
2016-03-23,07:55:00,11.66,11.66,11.66,11.66,6000,0
2016-03-23,08:00:00,11.66,11.66,11.66,11.66,4000,0
2016-03-23,08:05:00,11.66,11.66,11.66,11.66,3000,0
2016-03-23,08:10:00,11.66,11.66,11.66,11.66,2000,0
2016-03-23,08:15:00,11.66,11.66,11.66,11.66,3000,0
2016-03-23,08:20:00,11.66,11.68,11.66,11.66,5000,0
2016-03-23,08:25:00,11.66,11.66,11.66,11.66,5000,0
2016-03-23,08:30:00,11.66,11.66,11.66,11.66,5000,0
2016-03-23,08:35:00,11.66,11.66,11.66,11.66,7000,0
2016-03-23,08:40:00,11.66,11.7,11.66,11.68,23000,0
2016-03-23,08:45:00,11.68,11.7,11.68,11.68,25000,0
2016-03-23,08:50:00,11.68,11.7,11.68,11.7,37000,0
2016-03-23,08:55:00,11.7,11.72,11.7,11.72,26000,0
2016-03-23,09:00:00,11.72,11.74,11.7,11.7,9000,0
2016-03-24,02:35:00,11.62,11.7,11.56,11.58,195000,0
2016-03-24,02:45:00,11.62,11.64,11.62,11.64,9000,0
2016-03-24,02:55:00,11.64,11.64,11.64,11.64,2000,0
2016-03-24,03:00:00,11.64,11.68,11.64,11.64,10000,0
2016-03-24,03:10:00,11.64,11.64,11.64,11.64,3000,0
2016-03-24,03:20:00,11.64,11.64,11.64,11.64,3000,0
2016-03-24,03:25:00,11.64,11.64,11.64,11.64,1000,0
2016-03-24,03:30:00,11.64,11.66,11.64,11.66,6000,0
2016-03-24,03:40:00,11.66,11.66,11.66,11.66,4000,0
2016-03-24,03:50:00,11.66,11.68,11.66,11.66,11000,0
2016-03-24,04:00:00,11.66,11.66,11.66,11.66,2000,0
2016-03-24,04:15:00,11.66,11.66,11.66,11.66,6000,0
2016-03-24,04:20:00,11.66,11.66,11.66,11.66,2000,0
2016-03-24,04:25:00,11.66,11.66,11.66,11.66,2000,0
2016-03-24,04:35:00,11.66,11.66,11.66,11.66,4000,0
2016-03-24,04:40:00,11.66,11.66,11.66,11.66,2000,0
2016-03-24,04:50:00,11.66,11.66,11.66,11.66,2000,0
2016-03-24,04:55:00,11.66,11.66,11.66,11.66,4000,0
2016-03-24,05:00:00,11.66,11.66,11.66,11.66,4000,0
2016-03-24,06:05:00,11.66,11.68,11.64,11.64,4000,0
2016-03-24,06:10:00,11.64,11.66,11.64,11.66,6000,0
2016-03-24,06:15:00,11.66,11.66,11.66,11.66,4000,0
2016-03-24,06:20:00,11.66,11.68,11.66,11.68,14000,0
2016-03-24,06:25:00,11.68,11.68,11.66,11.66,2000,0
2016-03-24,06:30:00,11.66,11.66,11.66,11.66,3000,0
2016-03-24,06:35:00,11.66,11.66,11.66,11.66,1000,0
2016-03-24,06:45:00,11.66,11.68,11.66,11.68,11000,0
2016-03-24,06:50:00,11.68,11.76,11.68,11.76,62000,0
2016-03-24,06:55:00,11.76,11.76,11.72,11.72,14000,0
2016-03-24,07:00:00,11.72,11.72,11.72,11.72,23000,0
2016-03-24,07:30:00,11.72,11.72,11.7,11.7,22000,0
2016-03-24,07:35:00,11.7,11.72,11.7,11.72,6000,0
2016-03-24,07:40:00,11.72,11.72,11.7,11.7,20000,0
2016-03-24,07:50:00,11.7,11.74,11.7,11.74,5000,0
2016-03-24,07:55:00,11.72,11.72,11.7,11.72,22000,0
2016-03-24,08:00:00,11.72,11.72,11.72,11.72,4000,0
2016-03-24,08:05:00,11.72,11.72,11.7,11.7,23000,0
2016-03-24,08:20:00,11.7,11.74,11.7,11.74,27000,0
2016-03-24,08:25:00,11.72,11.72,11.7,11.72,22000,0
2016-03-24,08:30:00,11.72,11.76,11.72,11.74,51000,0
2016-03-24,08:35:00,11.74,11.74,11.74,11.74,2000,0
2016-03-24,08:40:00,11.74,11.78,11.74,11.78,11000,0
2016-03-24,08:45:00,11.76,11.76,11.76,11.76,4000,0
2016-03-24,08:50:00,11.76,11.78,11.74,11.76,32000,0
2016-03-24,08:55:00,11.76,11.78,11.76,11.78,16000,0
2016-03-24,09:00:00,11.78,11.8,11.76,11.78,20000,0
2016-03-29,03:35:00,11.76,11.76,11.66,11.68,132000,0
2016-03-29,03:40:00,11.66,11.66,11.64,11.66,157000,0
2016-03-29,03:45:00,11.66,11.7,11.66,11.7,2000,0
2016-03-29,03:50:00,11.7,11.7,11.7,11.7,1000,0
2016-03-29,03:55:00,11.7,11.74,11.7,11.74,5000,0
2016-03-29,04:00:00,11.74,11.76,11.74,11.74,22000,0
2016-03-29,04:30:00,11.74,11.76,11.74,11.76,25000,0
2016-03-29,04:35:00,11.76,11.78,11.76,11.78,19000,0
2016-03-29,04:40:00,11.78,11.78,11.76,11.76,6000,0
2016-03-29,04:50:00,11.76,11.8,11.76,11.8,18000,0
2016-03-29,05:00:00,11.78,11.78,11.78,11.78,4000,0
2016-03-29,05:05:00,11.78,11.78,11.78,11.78,2000,0
2016-03-29,05:10:00,11.78,11.8,11.78,11.8,8000,0
2016-03-29,05:15:00,11.8,11.8,11.8,11.8,500,0
2016-03-29,05:25:00,11.78,11.78,11.78,11.78,4000,0
2016-03-29,05:30:00,11.78,11.78,11.78,11.78,18000,0
2016-03-29,05:35:00,11.78,11.82,11.78,11.82,40000,0
2016-03-29,05:45:00,11.82,11.84,11.82,11.84,19000,0
2016-03-29,05:55:00,11.84,11.84,11.84,11.84,1000,0
2016-03-29,06:00:00,11.84,11.84,11.8,11.8,2000,0
2016-03-29,07:05:00,11.8,11.8,11.8,11.8,1000,0
2016-03-29,07:10:00,11.8,11.82,11.8,11.82,8000,0
2016-03-29,07:20:00,11.82,11.82,11.82,11.82,4000,0
2016-03-29,07:25:00,11.82,11.82,11.82,11.82,6000,0
2016-03-29,07:30:00,11.82,11.82,11.82,11.82,4000,0
2016-03-29,07:35:00,11.82,11.84,11.82,11.84,6000,0
2016-03-29,07:40:00,11.84,11.84,11.82,11.82,7000,0
2016-03-29,07:50:00,11.82,11.82,11.82,11.82,4000,0
2016-03-29,08:00:00,11.82,11.82,11.82,11.82,4000,0
2016-03-29,08:10:00,11.82,11.84,11.82,11.82,8000,0
2016-03-29,08:15:00,11.82,11.82,11.82,11.82,20000,0
2016-03-29,08:20:00,11.82,11.84,11.82,11.84,8000,0
2016-03-29,08:25:00,11.84,11.84,11.84,11.84,2000,0
2016-03-29,08:30:00,11.84,11.84,11.84,11.84,4000,0
2016-03-29,08:45:00,11.84,11.84,11.84,11.84,4000,0
2016-03-29,08:55:00,11.84,11.84,11.84,11.84,6000,0
2016-03-29,09:10:00,11.84,11.84,11.82,11.82,2000,0
2016-03-29,09:15:00,11.82,11.84,11.82,11.84,7000,0
2016-03-29,09:20:00,11.84,11.84,11.84,11.84,10000,0
2016-03-29,09:25:00,11.84,11.84,11.84,11.84,4000,0
2016-03-29,09:35:00,11.84,11.84,11.84,11.84,14000,0
2016-03-29,09:40:00,11.84,11.84,11.84,11.84,4000,0
2016-03-29,09:45:00,11.84,11.84,11.84,11.84,5000,0
2016-03-29,09:50:00,11.84,11.84,11.84,11.84,9000,0
2016-03-29,09:55:00,11.84,11.86,11.84,11.86,18000,0
2016-03-29,10:00:00,11.86,11.86,11.84,11.84,14000,0
2016-03-30,03:35:00,11.84,11.86,11.84,11.86,7000,0
2016-03-30,03:40:00,11.86,11.9,11.86,11.9,8000,0
2016-03-30,03:45:00,11.94,11.96,11.94,11.96,10000,0
2016-03-30,04:00:00,12.02,12.08,12.02,12.02,43000,0
2016-03-30,04:05:00,12.06,12.08,12.06,12.08,17000,0
2016-03-30,04:10:00,12.08,12.14,12.08,12.14,94000,0
2016-03-30,04:15:00,12.14,12.16,12.14,12.16,8000,0
2016-03-30,04:20:00,12.16,12.16,12.16,12.16,36000,0
2016-03-30,04:25:00,12.16,12.18,12.14,12.18,17000,0
2016-03-30,04:30:00,12.16,12.16,12.16,12.16,10000,0
2016-03-30,04:35:00,12.16,12.16,12.16,12.16,34000,0
2016-03-30,04:40:00,12.16,12.16,12.1,12.1,228000,0
2016-03-30,04:45:00,12.1,12.18,12.08,12.18,59000,0
2016-03-30,04:50:00,12.18,12.18,12.1,12.12,16000,0
2016-03-30,05:00:00,12.12,12.12,12.08,12.08,79000,0
2016-03-30,05:05:00,12.08,12.08,12.08,12.08,43000,0
2016-03-30,05:10:00,12.08,12.08,12.04,12.04,2000,0
2016-03-30,05:15:00,12.04,12.06,12.04,12.06,10000,0
2016-03-30,05:20:00,12.06,12.06,12.06,12.06,1000,0
2016-03-30,05:25:00,12.06,12.06,12.04,12.04,2000,0
2016-03-30,05:30:00,12.04,12.04,12.04,12.04,3000,0
2016-03-30,05:40:00,12.04,12.08,12.04,12.08,9000,0
2016-03-30,05:50:00,12.06,12.08,12.06,12.08,58000,0
2016-03-30,05:55:00,12.08,12.12,12.08,12.12,27000,0
2016-03-30,06:00:00,12.12,12.12,12.12,12.12,3000,0
2016-03-30,07:05:00,12.12,12.14,12.1,12.14,19000,0
2016-03-30,07:10:00,12.14,12.16,12.14,12.16,27000,0
2016-03-30,07:15:00,12.16,12.16,12.12,12.12,12000,0
2016-03-30,07:20:00,12.12,12.14,12.12,12.14,5000,0
2016-03-30,07:25:00,12.14,12.14,12.14,12.14,5000,0
2016-03-30,07:40:00,12.14,12.14,12.14,12.14,7000,0
2016-03-30,07:45:00,12.14,12.16,12.14,12.16,19000,0
2016-03-30,07:55:00,12.14,12.14,12.14,12.14,4000,0
2016-03-30,08:05:00,12.14,12.16,12.14,12.16,6000,0
2016-03-30,08:15:00,12.16,12.16,12.12,12.12,2000,0
2016-03-30,08:30:00,12.12,12.12,12.12,12.12,30000,0
2016-03-30,08:35:00,12.12,12.12,12.1,12.1,4000,0
2016-03-30,08:50:00,12.1,12.12,12.1,12.12,8000,0
2016-03-30,08:55:00,12.12,12.12,12.1,12.1,4000,0
2016-03-30,09:00:00,12.1,12.12,12.1,12.12,4000,0
2016-03-30,09:10:00,12.12,12.12,12.12,12.12,11000,0
2016-03-30,09:15:00,12.12,12.12,12.12,12.12,1000,0
2016-03-30,09:25:00,12.12,12.14,12.12,12.14,24000,0
2016-03-30,09:30:00,12.14,12.14,12.14,12.14,4000,0
2016-03-30,09:35:00,12.14,12.14,12.12,12.12,45000,0
2016-03-30,09:40:00,12.12,12.12,12.12,12.12,30000,0
2016-03-30,09:45:00,12.12,12.12,12.1,12.1,226000,0
2016-03-30,09:50:00,12.1,12.12,12.1,12.12,16000,0
2016-03-30,09:55:00,12.12,12.12,12.1,12.12,6000,0
2016-03-30,10:00:00,12.12,12.12,12.1,12.1,33000,0
2016-03-31,03:35:00,12.08,12.12,12,12.08,2688000,0
2016-03-31,03:40:00,12.08,12.08,12.02,12.02,4000,0
2016-03-31,03:45:00,12.02,12.02,12.02,12.02,1000,0
2016-03-31,04:35:00,12.04,12.1,12.04,12.06,11000,0
2016-03-31,04:55:00,12.06,12.12,12.06,12.12,14000,0
2016-03-31,05:00:00,12.12,12.14,12.12,12.14,2000,0
2016-03-31,05:05:00,12.14,12.18,12.14,12.18,63000,0
2016-03-31,05:10:00,12.18,12.18,12.14,12.14,12000,0
2016-03-31,05:45:00,12.14,12.16,12.12,12.12,120000,0
2016-03-31,06:00:00,12.12,12.12,12.12,12.12,6000,0
2016-03-31,07:05:00,12.12,12.12,12.12,12.12,9000,0
2016-03-31,07:20:00,12.12,12.12,12.12,12.12,5000,0
2016-03-31,07:25:00,12.12,12.12,12.1,12.12,33000,0
2016-03-31,07:30:00,12.12,12.14,12.12,12.14,8000,0
2016-03-31,07:50:00,12.14,12.14,12.14,12.14,10000,0
2016-03-31,08:05:00,12.14,12.14,12.12,12.12,2000,0
2016-03-31,08:30:00,12.12,12.14,12.12,12.12,83000,0
2016-03-31,08:35:00,12.12,12.16,12.12,12.16,140000,0
2016-03-31,08:40:00,12.16,12.24,12.16,12.2,120000,0
2016-03-31,08:45:00,12.2,12.2,12.2,12.2,3000,0
2016-03-31,08:50:00,12.2,12.3,12.2,12.24,236000,0
2016-03-31,08:55:00,12.22,12.26,12.22,12.26,44000,0
2016-03-31,09:05:00,12.26,12.26,12.2,12.24,16000,0
2016-03-31,09:25:00,12.24,12.24,12.2,12.24,11000,0
2016-03-31,09:30:00,12.24,12.24,12.24,12.24,11000,0
2016-03-31,09:40:00,12.24,12.26,12.22,12.22,39000,0
2016-03-31,09:45:00,12.22,12.26,12.22,12.24,96000,0
2016-03-31,09:50:00,12.24,12.26,12.24,12.26,4000,0
2016-03-31,09:55:00,12.26,12.26,12.26,12.26,3000,0
2016-03-31,10:00:00,12.24,12.24,12.2,12.24,88000,0
2016-04-01,03:35:00,12.24,12.28,12.24,12.26,140000,0
2016-04-01,03:40:00,12.26,12.26,12.2,12.26,91000,0
2016-04-01,03:45:00,12.26,12.34,12.24,12.3,54000,0
2016-04-01,03:50:00,12.3,12.36,12.3,12.36,54000,0
2016-04-01,03:55:00,12.36,12.44,12.36,12.44,75000,0
2016-04-01,04:00:00,12.44,12.44,12.3,12.4,112000,0
2016-04-01,04:05:00,12.4,12.4,12.38,12.38,30000,0
2016-04-01,04:10:00,12.38,12.48,12.38,12.46,61000,0
2016-04-01,04:15:00,12.46,12.48,12.46,12.48,32000,0
2016-04-01,04:20:00,12.48,12.52,12.48,12.5,32000,0
2016-04-01,04:25:00,12.48,12.48,12.44,12.44,21000,0
2016-04-01,04:35:00,12.44,12.44,12.42,12.42,6000,0
2016-04-01,04:40:00,12.42,12.48,12.42,12.48,7000,0
2016-04-01,04:50:00,12.48,12.48,12.48,12.48,5000,0
2016-04-01,04:55:00,12.48,12.48,12.48,12.48,10000,0
2016-04-01,05:00:00,12.46,12.46,12.46,12.46,4000,0
2016-04-01,05:05:00,12.46,12.46,12.44,12.44,2000,0
2016-04-01,05:25:00,12.44,12.44,12.44,12.44,6000,0
2016-04-01,05:30:00,12.44,12.44,12.44,12.44,21000,0
2016-04-01,05:35:00,12.44,12.44,12.42,12.42,20000,0
2016-04-01,05:40:00,12.42,12.42,12.42,12.42,2000,0
2016-04-01,05:50:00,12.42,12.46,12.42,12.46,4000,0
2016-04-01,07:05:00,12.46,12.46,12.42,12.46,4000,0
2016-04-01,07:10:00,12.46,12.48,12.46,12.48,17000,0
2016-04-01,07:15:00,12.48,12.5,12.48,12.5,4000,0
2016-04-01,07:25:00,12.5,12.5,12.5,12.5,2000,0
2016-04-01,07:35:00,12.48,12.48,12.48,12.48,2000,0
2016-04-01,07:45:00,12.48,12.48,12.48,12.48,4000,0
2016-04-01,07:55:00,12.48,12.52,12.48,12.52,14000,0
2016-04-01,08:00:00,12.52,12.52,12.48,12.48,32000,0
2016-04-01,08:05:00,12.48,12.5,12.48,12.5,20000,0
2016-04-01,08:25:00,12.48,12.48,12.46,12.46,6000,0
2016-04-01,08:30:00,12.46,12.48,12.46,12.48,4000,0
2016-04-01,08:35:00,12.48,12.48,12.46,12.46,11000,0
2016-04-01,08:40:00,12.46,12.46,12.46,12.46,1000,0
2016-04-01,08:55:00,12.46,12.48,12.46,12.48,9000,0
2016-04-01,09:00:00,12.48,12.48,12.46,12.46,9000,0
2016-04-01,09:10:00,12.48,12.5,12.48,12.5,34000,0
2016-04-01,09:30:00,12.5,12.5,12.5,12.5,8000,0
2016-04-01,09:35:00,12.5,12.5,12.48,12.48,8000,0
2016-04-01,09:45:00,12.48,12.5,12.48,12.5,18000,0
2016-04-01,09:55:00,12.5,12.52,12.5,12.52,16000,0
2016-04-01,10:00:00,12.52,12.54,12.5,12.54,14000,0
2016-04-05,03:35:00,12.54,12.8,12.48,12.64,81000,0
2016-04-05,03:45:00,12.6,12.64,12.58,12.64,48000,0
2016-04-05,03:50:00,12.64,12.66,12.64,12.64,15000,0
2016-04-05,04:00:00,12.64,12.64,12.64,12.64,15000,0
2016-04-05,04:10:00,12.62,12.68,12.62,12.68,22000,0
2016-04-05,04:15:00,12.68,12.68,12.66,12.66,6000,0
2016-04-05,04:20:00,12.66,12.68,12.66,12.68,7000,0
2016-04-05,04:30:00,12.66,12.66,12.66,12.66,4000,0
2016-04-05,04:35:00,12.66,12.68,12.66,12.66,9000,0
2016-04-05,04:45:00,12.66,12.66,12.66,12.66,3000,0
2016-04-05,04:50:00,12.66,12.66,12.66,12.66,6000,0
2016-04-05,04:55:00,12.66,12.66,12.66,12.66,3000,0
2016-04-05,05:00:00,12.66,12.68,12.66,12.68,3000,0
2016-04-05,05:10:00,12.68,12.68,12.64,12.64,2000,0
2016-04-05,05:35:00,12.64,12.72,12.64,12.72,26000,0
2016-04-05,05:40:00,12.72,12.72,12.68,12.68,11000,0
2016-04-05,05:45:00,12.68,12.68,12.66,12.66,6000,0
2016-04-05,05:50:00,12.66,12.66,12.62,12.64,22000,0
2016-04-05,05:55:00,12.64,12.64,12.62,12.62,21000,0
2016-04-05,06:00:00,12.62,12.62,12.6,12.6,90000,0
2016-04-05,07:05:00,12.6,12.6,12.6,12.6,1000,0
2016-04-05,07:10:00,12.6,12.6,12.6,12.6,5000,0
2016-04-05,07:25:00,12.6,12.6,12.6,12.6,1000,0
2016-04-05,07:35:00,12.6,12.6,12.56,12.56,29000,0
2016-04-05,07:40:00,12.56,12.6,12.56,12.6,4000,0
2016-04-05,07:45:00,12.58,12.58,12.58,12.58,4000,0
2016-04-05,07:50:00,12.58,12.58,12.56,12.56,19000,0
2016-04-05,07:55:00,12.56,12.58,12.56,12.58,13000,0
2016-04-05,08:00:00,12.58,12.58,12.56,12.56,2000,0
2016-04-05,08:05:00,12.56,12.6,12.56,12.6,17000,0
2016-04-05,08:10:00,12.6,12.62,12.58,12.62,24000,0
2016-04-05,08:20:00,12.62,12.66,12.62,12.66,13000,0
2016-04-05,08:30:00,12.66,12.68,12.66,12.68,13000,0
2016-04-05,08:45:00,12.68,12.72,12.68,12.72,7000,0
2016-04-05,08:50:00,12.7,12.7,12.68,12.68,23000,0
2016-04-05,08:55:00,12.68,12.68,12.68,12.68,6000,0
2016-04-05,09:05:00,12.68,12.68,12.66,12.66,3000,0
2016-04-05,09:10:00,12.66,12.66,12.66,12.66,9000,0
2016-04-05,09:15:00,12.66,12.66,12.64,12.64,3000,0
2016-04-05,09:20:00,12.64,12.68,12.64,12.68,4000,0
2016-04-05,09:30:00,12.68,12.68,12.68,12.68,3000,0
2016-04-05,09:35:00,12.68,12.68,12.66,12.66,3000,0
2016-04-05,09:40:00,12.66,12.66,12.66,12.66,4000,0
2016-04-05,09:45:00,12.66,12.68,12.66,12.68,12000,0
2016-04-05,09:50:00,12.68,12.7,12.68,12.7,12000,0
2016-04-05,09:55:00,12.7,12.7,12.7,12.7,8000,0
2016-04-05,10:00:00,12.7,12.72,12.66,12.68,10000,0
2016-04-06,03:35:00,12.6,12.6,12.42,12.54,138000,0
2016-04-06,03:45:00,12.6,12.62,12.6,12.62,2000,0
2016-04-06,03:50:00,12.64,12.72,12.6,12.62,288000,0
2016-04-06,04:05:00,12.7,12.7,12.68,12.7,26000,0
2016-04-06,04:10:00,12.7,12.7,12.7,12.7,4000,0
2016-04-06,04:25:00,12.7,12.72,12.66,12.66,20000,0
2016-04-06,04:40:00,12.68,12.68,12.68,12.68,3000,0
2016-04-06,04:50:00,12.7,12.7,12.7,12.7,1000,0
2016-04-06,05:05:00,12.7,12.74,12.7,12.74,23000,0
2016-04-06,05:15:00,12.7,12.72,12.7,12.72,11000,0
2016-04-06,05:20:00,12.72,12.76,12.72,12.74,42000,0
2016-04-06,05:30:00,12.74,12.74,12.74,12.74,1000,0
2016-04-06,05:50:00,12.74,12.74,12.74,12.74,5000,0
2016-04-06,06:00:00,12.74,12.74,12.74,12.74,1000,0
2016-04-06,07:05:00,12.74,12.74,12.72,12.74,6000,0
2016-04-06,07:10:00,12.74,12.74,12.72,12.72,2000,0
2016-04-06,07:15:00,12.72,12.74,12.72,12.74,4000,0
2016-04-06,07:35:00,12.74,12.82,12.74,12.82,105000,0
2016-04-06,07:40:00,12.82,12.82,12.8,12.8,21000,0
2016-04-06,07:55:00,12.8,12.8,12.78,12.78,2000,0
2016-04-06,08:00:00,12.78,12.8,12.78,12.8,3000,0
2016-04-06,08:05:00,12.8,12.92,12.8,12.9,144000,0
2016-04-06,08:10:00,12.9,12.96,12.82,12.82,47000,0
2016-04-06,08:25:00,12.82,12.94,12.82,12.94,40000,0
2016-04-06,08:30:00,12.94,12.94,12.92,12.94,16000,0
2016-04-06,08:35:00,12.94,12.94,12.94,12.94,1000,0
2016-04-06,08:45:00,12.94,12.96,12.94,12.96,14000,0
2016-04-06,08:55:00,12.96,12.96,12.94,12.94,8000,0
2016-04-06,09:00:00,12.96,12.98,12.94,12.94,6000,0
2016-04-06,09:10:00,12.96,12.98,12.96,12.98,2000,0
2016-04-06,09:15:00,12.98,12.98,12.96,12.96,5000,0
2016-04-06,09:20:00,12.96,12.96,12.96,12.96,10000,0
2016-04-06,09:25:00,12.96,12.98,12.96,12.98,5000,0
2016-04-06,09:30:00,12.98,12.98,12.96,12.96,6000,0
2016-04-06,09:40:00,12.96,12.98,12.96,12.98,4000,0
2016-04-06,09:45:00,12.98,13,12.98,13,46000,0
2016-04-06,09:50:00,13,13.02,13,13.02,6000,0
2016-04-06,10:00:00,13.02,13.04,12.98,13,39000,0
2016-04-07,03:35:00,12.96,13.06,12.96,13,34000,0
2016-04-07,03:40:00,13,13,12.98,13,20000,0
2016-04-07,03:45:00,13,13,12.98,13,18000,0
2016-04-07,03:50:00,13,13.14,12.98,13.14,108000,0
2016-04-07,03:55:00,13.14,13.14,13.12,13.14,36000,0
2016-04-07,04:00:00,13.14,13.18,13.14,13.16,136000,0
2016-04-07,04:05:00,13.16,13.2,13.16,13.2,29000,0
2016-04-07,04:10:00,13.2,13.2,13.18,13.18,40000,0
2016-04-07,04:15:00,13.18,13.2,13.12,13.12,81000,0
2016-04-07,04:20:00,13.12,13.12,13.08,13.08,7000,0
2016-04-07,04:30:00,13.08,13.1,13.02,13.08,108000,0
2016-04-07,04:40:00,13.08,13.08,13.08,13.08,4000,0
2016-04-07,04:45:00,13.08,13.08,13.04,13.04,119000,0
2016-04-07,04:50:00,13.04,13.04,13.04,13.04,12000,0
2016-04-07,05:00:00,13.04,13.04,13.04,13.04,1000,0
2016-04-07,05:10:00,13.04,13.08,13.04,13.08,4000,0
2016-04-07,05:30:00,13.08,13.14,13.08,13.14,210000,0
2016-04-07,05:35:00,13.14,13.16,13.14,13.16,28000,0
2016-04-07,05:40:00,13.16,13.16,13.16,13.16,5000,0
2016-04-07,05:45:00,13.16,13.16,13.14,13.14,14000,0
2016-04-07,05:50:00,13.14,13.14,13.1,13.1,14000,0
2016-04-07,05:55:00,13.1,13.1,13.1,13.1,1000,0
2016-04-07,07:05:00,13.1,13.1,13.1,13.1,2000,0
2016-04-07,07:10:00,13.1,13.14,13.1,13.14,8000,0
2016-04-07,07:30:00,13.14,13.18,13.14,13.18,82000,0
2016-04-07,07:35:00,13.18,13.28,13.18,13.28,191000,0
2016-04-07,07:40:00,13.28,13.28,13.2,13.2,51000,0
2016-04-07,08:00:00,13.18,13.18,13.18,13.18,13000,0
2016-04-07,08:20:00,13.24,13.28,13.24,13.28,2000,0
2016-04-07,08:25:00,13.28,13.32,13.28,13.32,31000,0
2016-04-07,08:30:00,13.32,13.32,13.3,13.3,23000,0
2016-04-07,08:45:00,13.34,13.46,13.34,13.46,4000,0
2016-04-07,08:50:00,13.46,13.46,13.36,13.4,7000,0
2016-04-07,08:55:00,13.4,13.4,13.4,13.4,10000,0
2016-04-07,09:05:00,13.44,13.46,13.44,13.46,17000,0
2016-04-07,09:15:00,13.46,13.46,13.44,13.44,20000,0
2016-04-07,09:25:00,13.44,13.44,13.38,13.38,14000,0
2016-04-07,09:30:00,13.38,13.38,13.38,13.38,6000,0
2016-04-07,09:45:00,13.38,13.38,13.38,13.38,5000,0
2016-04-07,09:50:00,13.38,13.38,13.38,13.38,5000,0
2016-04-07,09:55:00,13.38,13.4,13.36,13.36,20000,0
2016-04-07,10:00:00,13.36,13.36,13.32,13.34,44000,0
2016-04-08,03:35:00,13.28,13.36,13.22,13.36,29000,0
2016-04-08,03:50:00,13.4,13.4,13.4,13.4,1000,0
2016-04-08,03:55:00,13.4,13.5,13.38,13.48,70000,0
2016-04-08,04:00:00,13.48,13.48,13.36,13.36,20000,0
2016-04-08,04:10:00,13.36,13.36,13.32,13.32,2000,0
2016-04-08,04:15:00,13.32,13.32,13.3,13.3,60000,0
2016-04-08,04:20:00,13.3,13.3,13.3,13.3,13000,0
2016-04-08,04:25:00,13.3,13.34,13.26,13.3,86000,0
2016-04-08,04:35:00,13.3,13.3,13.3,13.3,1000,0
2016-04-08,04:50:00,13.3,13.3,13.3,13.3,1000,0
2016-04-08,04:55:00,13.3,13.3,13.3,13.3,1000,0
2016-04-08,05:10:00,13.32,13.48,13.32,13.38,45000,0
2016-04-08,05:20:00,13.38,13.68,13.38,13.68,20000,0
2016-04-08,05:25:00,13.68,13.68,13.68,13.68,1000,0
2016-04-08,05:45:00,13.62,13.62,13.62,13.62,4000,0
2016-04-08,05:55:00,13.6,13.6,13.44,13.44,9000,0
2016-04-08,07:05:00,13.44,13.44,13.42,13.44,7000,0
2016-04-08,07:20:00,13.44,13.44,13.44,13.44,5000,0
2016-04-08,07:25:00,13.44,13.44,13.42,13.42,2000,0
2016-04-08,07:30:00,13.42,13.42,13.4,13.42,27000,0
2016-04-08,07:35:00,13.42,13.42,13.42,13.42,1000,0
2016-04-08,07:40:00,13.42,13.52,13.42,13.5,8000,0
2016-04-08,08:00:00,13.5,13.5,13.4,13.4,5000,0
2016-04-08,08:20:00,13.46,13.46,13.46,13.46,14000,0
2016-04-08,08:25:00,13.46,13.46,13.42,13.42,22000,0
2016-04-08,08:30:00,13.42,13.42,13.38,13.4,32000,0
2016-04-08,08:50:00,13.4,13.4,13.38,13.38,2000,0
2016-04-08,08:55:00,13.38,13.4,13.38,13.4,8000,0
2016-04-08,09:15:00,13.4,13.4,13.3,13.3,37000,0
2016-04-08,09:20:00,13.32,13.32,13.28,13.32,21000,0
2016-04-08,09:25:00,13.32,13.32,13.32,13.32,1000,0
2016-04-08,09:45:00,13.36,13.36,13.36,13.36,10000,0
2016-04-08,09:50:00,13.36,13.36,13.36,13.36,5000,0
2016-04-08,09:55:00,13.36,13.44,13.36,13.44,3000,0
2016-04-08,10:00:00,13.46,13.48,13.44,13.48,5000,0
2016-04-11,03:35:00,13.4,13.48,13.4,13.44,4000,0
2016-04-11,03:45:00,13.46,13.46,13.46,13.46,1000,0
2016-04-11,04:20:00,13.46,13.52,13.46,13.52,39000,0
2016-04-11,04:45:00,13.52,13.54,13.5,13.5,19000,0
2016-04-11,05:05:00,13.5,13.5,13.5,13.5,1000,0
2016-04-11,05:10:00,13.5,13.5,13.5,13.5,1000,0
2016-04-11,05:20:00,13.5,13.5,13.5,13.5,17000,0
2016-04-11,05:25:00,13.5,13.5,13.46,13.46,6000,0
2016-04-11,05:30:00,13.48,13.6,13.48,13.6,16000,0
2016-04-11,05:55:00,13.6,13.6,13.5,13.5,4000,0
2016-04-11,07:05:00,13.5,13.54,13.5,13.54,9000,0
2016-04-11,07:10:00,13.54,13.54,13.54,13.54,6000,0
2016-04-11,07:15:00,13.54,13.54,13.54,13.54,3000,0
2016-04-11,07:20:00,13.56,13.56,13.56,13.56,3000,0
2016-04-11,07:25:00,13.56,13.56,13.56,13.56,7000,0
2016-04-11,07:30:00,13.56,13.6,13.56,13.6,2000,0
2016-04-11,07:35:00,13.6,13.6,13.52,13.54,24000,0
2016-04-11,07:55:00,13.54,13.6,13.54,13.6,8000,0
2016-04-11,08:00:00,13.6,13.6,13.6,13.6,3000,0
2016-04-11,08:05:00,13.6,13.6,13.6,13.6,1000,0
2016-04-11,08:10:00,13.6,13.6,13.58,13.58,2000,0
2016-04-11,08:15:00,13.58,13.58,13.54,13.54,2000,0
2016-04-11,08:35:00,13.56,13.56,13.56,13.56,1000,0
2016-04-11,09:20:00,13.56,13.58,13.56,13.58,6000,0
2016-04-11,09:25:00,13.58,13.58,13.58,13.58,6000,0
2016-04-11,09:35:00,13.58,13.64,13.58,13.64,19000,0
2016-04-11,09:40:00,13.64,13.64,13.6,13.6,3902,0
2016-04-11,09:45:00,13.6,13.6,13.6,13.6,4000,0
2016-04-11,09:50:00,13.6,13.66,13.6,13.66,21712,0
2016-04-11,09:55:00,13.66,13.66,13.64,13.64,10000,0
2016-04-11,10:00:00,13.64,13.68,13.64,13.68,28000,0
2016-04-12,03:35:00,13.62,13.68,13.62,13.68,3000,0
2016-04-12,03:45:00,13.68,13.68,13.68,13.68,1000,0
2016-04-12,03:50:00,13.68,13.78,13.56,13.7,155000,0
2016-04-12,04:00:00,13.6,13.6,13.5,13.5,15000,0
2016-04-12,04:05:00,13.5,13.5,13.48,13.48,19000,0
2016-04-12,04:10:00,13.48,13.48,13.48,13.48,1000,0
2016-04-12,04:15:00,13.48,13.54,13.48,13.52,12000,0
2016-04-12,04:20:00,13.5,13.5,13.5,13.5,10000,0
2016-04-12,04:25:00,13.5,13.5,13.5,13.5,21000,0
2016-04-12,04:30:00,13.5,13.52,13.5,13.52,4000,0
2016-04-12,04:35:00,13.52,13.56,13.52,13.56,2000,0
2016-04-12,04:55:00,13.52,13.52,13.52,13.52,2000,0
2016-04-12,05:05:00,13.52,13.52,13.52,13.52,1000,0
2016-04-12,05:15:00,13.52,13.56,13.52,13.56,5000,0
2016-04-12,05:30:00,13.56,13.62,13.56,13.62,33000,0
2016-04-12,05:35:00,13.62,13.62,13.62,13.62,3000,0
2016-04-12,05:50:00,13.62,13.68,13.62,13.66,35000,0
2016-04-12,05:55:00,13.66,13.66,13.66,13.66,1000,0
2016-04-12,07:05:00,13.66,13.66,13.64,13.64,3000,0
2016-04-12,07:10:00,13.64,13.7,13.64,13.7,24000,0
2016-04-12,07:25:00,13.7,13.76,13.7,13.76,14000,0
2016-04-12,07:30:00,13.76,13.82,13.76,13.82,8000,0
2016-04-12,07:50:00,13.82,13.82,13.78,13.78,14000,0
2016-04-12,07:55:00,13.78,13.8,13.78,13.8,2000,0
2016-04-12,08:00:00,13.8,13.8,13.78,13.78,2000,0
2016-04-12,08:05:00,13.78,13.78,13.78,13.78,3000,0
2016-04-12,08:15:00,13.78,13.8,13.78,13.8,2000,0
2016-04-12,08:30:00,13.8,13.88,13.8,13.88,25000,0
2016-04-12,08:40:00,13.88,13.88,13.88,13.88,2000,0
2016-04-12,09:00:00,13.84,13.84,13.84,13.84,1000,0
2016-04-12,09:05:00,13.84,13.88,13.84,13.88,6000,0
2016-04-12,09:10:00,13.86,13.86,13.86,13.86,1000,0
2016-04-12,09:15:00,13.86,13.86,13.84,13.84,5000,0
2016-04-12,09:25:00,13.84,13.84,13.84,13.84,1000,0
2016-04-12,09:30:00,13.88,13.88,13.86,13.86,2000,0
2016-04-12,09:40:00,13.86,13.86,13.84,13.84,6000,0
2016-04-12,09:45:00,13.86,13.86,13.86,13.86,6000,0
2016-04-12,09:50:00,13.86,13.86,13.86,13.86,2000,0
2016-04-12,09:55:00,13.86,13.9,13.86,13.88,20000,0
2016-04-12,10:00:00,13.88,13.9,13.86,13.9,37000,0
2016-04-13,03:35:00,13.88,13.9,13.76,13.84,75000,0
2016-04-13,03:40:00,13.84,13.84,13.84,13.84,10000,0
2016-04-13,03:45:00,13.84,13.88,13.82,13.86,69000,0
2016-04-13,03:50:00,13.84,13.9,13.84,13.86,48000,0
2016-04-13,04:00:00,13.86,13.86,13.86,13.86,13000,0
2016-04-13,04:10:00,13.86,13.86,13.84,13.84,29000,0
2016-04-13,04:20:00,13.84,13.84,13.84,13.84,1000,0
2016-04-13,04:25:00,13.84,13.88,13.84,13.88,4000,0
2016-04-13,04:30:00,13.88,13.88,13.84,13.84,19000,0
2016-04-13,04:35:00,13.84,13.88,13.84,13.88,4000,0
2016-04-13,04:40:00,13.86,13.86,13.84,13.84,12000,0
2016-04-13,04:55:00,13.84,13.88,13.84,13.86,35000,0
2016-04-13,05:00:00,13.86,13.92,13.86,13.92,21000,0
2016-04-13,05:05:00,13.9,13.9,13.9,13.9,1000,0
2016-04-13,05:10:00,13.9,13.9,13.88,13.88,2000,0
2016-04-13,05:15:00,13.88,13.9,13.88,13.9,12000,0
2016-04-13,05:20:00,13.9,13.92,13.9,13.92,6000,0
2016-04-13,05:30:00,13.9,13.9,13.9,13.9,2000,0
2016-04-13,05:35:00,13.9,13.9,13.9,13.9,1000,0
2016-04-13,05:45:00,13.9,13.92,13.9,13.92,10000,0
2016-04-13,06:00:00,13.92,13.94,13.9,13.94,29000,0
2016-04-13,07:05:00,13.94,13.94,13.92,13.92,4000,0
2016-04-13,07:20:00,13.92,13.94,13.92,13.94,2000,0
2016-04-13,07:25:00,13.94,13.94,13.94,13.94,4000,0
2016-04-13,07:30:00,13.94,13.96,13.94,13.96,2000,0
2016-04-13,07:45:00,13.96,13.98,13.94,13.98,32000,0
2016-04-13,07:50:00,13.98,13.98,13.92,13.92,100000,0
2016-04-13,08:05:00,13.92,13.98,13.92,13.98,3000,0
2016-04-13,08:20:00,13.98,13.98,13.98,13.98,8000,0
2016-04-13,08:35:00,13.98,13.98,13.96,13.96,4000,0
2016-04-13,08:45:00,13.96,13.96,13.96,13.96,3000,0
2016-04-13,08:50:00,13.96,13.96,13.96,13.96,4000,0
2016-04-13,08:55:00,13.96,13.96,13.96,13.96,2000,0
2016-04-13,09:00:00,13.96,13.96,13.96,13.96,1000,0
2016-04-13,09:25:00,13.96,13.98,13.96,13.98,7000,0
2016-04-13,09:35:00,13.98,14,13.94,13.94,37000,0
2016-04-13,09:45:00,13.94,13.94,13.9,13.9,48000,0
2016-04-13,09:50:00,13.9,13.9,13.9,13.9,20000,0
2016-04-13,09:55:00,13.9,13.92,13.88,13.92,49000,0
2016-04-13,10:00:00,13.92,13.92,13.9,13.92,31000,0
