Date,Time,Open,High,Low,Close,Volume,OpenInt
2016-03-18,02:35:00,4.07,4.18,4.07,4.18,88500,0
2016-03-18,02:40:00,4.18,4.18,4.12,4.14,54000,0
2016-03-18,02:45:00,4.14,4.15,4.14,4.15,19000,0
2016-03-18,02:50:00,4.15,4.15,4.13,4.13,31500,0
2016-03-18,02:55:00,4.13,4.13,4.13,4.13,1000,0
2016-03-18,03:00:00,4.13,4.13,4.12,4.12,5500,0
2016-03-18,03:05:00,4.12,4.12,4.12,4.12,7500,0
2016-03-18,03:15:00,4.12,4.12,4.12,4.12,3500,0
2016-03-18,03:20:00,4.12,4.12,4.12,4.12,8000,0
2016-03-18,03:25:00,4.12,4.13,4.12,4.13,36500,0
2016-03-18,03:30:00,4.13,4.14,4.13,4.14,28500,0
2016-03-18,03:35:00,4.14,4.14,4.11,4.11,155000,0
2016-03-18,03:40:00,4.11,4.11,4.09,4.1,52000,0
2016-03-18,03:45:00,4.1,4.13,4.1,4.13,73000,0
2016-03-18,03:50:00,4.13,4.13,4.1,4.12,164500,0
2016-03-18,03:55:00,4.12,4.12,4.12,4.12,36000,0
2016-03-18,04:00:00,4.12,4.12,4.09,4.09,116500,0
2016-03-18,04:05:00,4.09,4.12,4.08,4.12,103000,0
2016-03-18,04:10:00,4.12,4.12,4.1,4.11,105500,0
2016-03-18,04:15:00,4.11,4.11,4.11,4.11,46500,0
2016-03-18,04:20:00,4.11,4.12,4.11,4.11,28500,0
2016-03-18,04:25:00,4.11,4.11,4.11,4.11,13500,0
2016-03-18,04:30:00,4.11,4.11,4.1,4.11,37000,0
2016-03-18,04:35:00,4.11,4.11,4.1,4.1,56500,0
2016-03-18,04:40:00,4.1,4.11,4.1,4.1,38500,0
2016-03-18,04:45:00,4.1,4.11,4.1,4.1,23000,0
2016-03-18,04:50:00,4.1,4.11,4.1,4.11,33500,0
2016-03-18,04:55:00,4.11,4.12,4.1,4.12,37000,0
2016-03-18,05:00:00,4.12,4.12,4.1,4.12,22500,0
2016-03-18,06:05:00,4.12,4.12,4.11,4.11,25500,0
2016-03-18,06:10:00,4.11,4.12,4.11,4.12,47000,0
2016-03-18,06:15:00,4.12,4.12,4.11,4.11,16500,0
2016-03-18,06:20:00,4.11,4.11,4.1,4.11,65500,0
2016-03-18,06:25:00,4.11,4.11,4.1,4.1,25000,0
2016-03-18,06:35:00,4.1,4.12,4.1,4.1,2000,0
2016-03-18,06:40:00,4.1,4.1,4.1,4.1,4500,0
2016-03-18,06:50:00,4.1,4.12,4.1,4.12,7000,0
2016-03-18,06:55:00,4.12,4.12,4.1,4.1,56500,0
2016-03-18,07:00:00,4.1,4.11,4.1,4.1,10500,0
2016-03-18,07:05:00,4.1,4.1,4.1,4.1,4500,0
2016-03-18,07:10:00,4.1,4.11,4.1,4.11,90000,0
2016-03-18,07:15:00,4.11,4.11,4.1,4.11,4000,0
2016-03-18,07:20:00,4.11,4.11,4.11,4.11,1500,0
2016-03-18,07:25:00,4.11,4.11,4.1,4.1,1500,0
2016-03-18,07:30:00,4.1,4.11,4.1,4.11,6000,0
2016-03-18,07:35:00,4.11,4.12,4.11,4.12,10000,0
2016-03-18,07:40:00,4.12,4.13,4.11,4.11,105500,0
2016-03-18,07:45:00,4.11,4.12,4.11,4.11,45500,0
2016-03-18,07:50:00,4.11,4.12,4.11,4.11,31000,0
2016-03-18,07:55:00,4.11,4.12,4.11,4.12,11000,0
2016-03-18,08:00:00,4.12,4.17,4.12,4.15,1017000,0
2016-03-18,08:05:00,4.15,4.19,4.13,4.15,477500,0
2016-03-18,08:10:00,4.15,4.16,4.15,4.16,42000,0
2016-03-18,08:15:00,4.16,4.16,4.16,4.16,5000,0
2016-03-18,08:20:00,4.16,4.16,4.16,4.16,17000,0
2016-03-18,08:25:00,4.16,4.17,4.16,4.17,6000,0
2016-03-18,08:30:00,4.17,4.18,4.17,4.18,82500,0
2016-03-18,08:35:00,4.18,4.18,4.17,4.18,84000,0
2016-03-18,08:40:00,4.18,4.18,4.15,4.16,155191,0
2016-03-18,08:45:00,4.16,4.17,4.15,4.15,80500,0
2016-03-18,08:50:00,4.15,4.19,4.15,4.19,135500,0
2016-03-18,08:55:00,4.19,4.19,4.16,4.17,153000,0
2016-03-18,09:00:00,4.17,4.2,4.15,4.19,2371000,0
2016-03-21,02:40:00,4.18,4.2,4.18,4.18,22000,0
2016-03-21,02:45:00,4.18,4.18,4.15,4.18,4500,0
2016-03-21,02:50:00,4.17,4.18,4.15,4.18,3000,0
2016-03-21,02:55:00,4.18,4.2,4.18,4.2,34500,0
2016-03-21,03:00:00,4.2,4.2,4.16,4.16,69500,0
2016-03-21,03:05:00,4.17,4.19,4.17,4.19,10500,0
2016-03-21,03:10:00,4.19,4.2,4.19,4.2,16000,0
2016-03-21,03:15:00,4.2,4.2,4.15,4.2,19000,0
2016-03-21,03:20:00,4.19,4.19,4.17,4.18,46000,0
2016-03-21,03:25:00,4.18,4.19,4.18,4.19,29500,0
2016-03-21,03:30:00,4.19,4.2,4.18,4.18,37000,0
2016-03-21,03:40:00,4.19,4.2,4.18,4.18,226500,0
2016-03-21,03:45:00,4.19,4.2,4.19,4.19,112500,0
2016-03-21,03:50:00,4.19,4.2,4.19,4.19,111500,0
2016-03-21,03:55:00,4.19,4.2,4.19,4.2,95000,0
2016-03-21,04:00:00,4.2,4.2,4.19,4.19,70000,0
2016-03-21,04:05:00,4.19,4.2,4.19,4.19,198500,0
2016-03-21,04:10:00,4.19,4.2,4.19,4.2,131000,0
2016-03-21,04:15:00,4.2,4.22,4.2,4.2,87500,0
2016-03-21,04:20:00,4.2,4.21,4.19,4.19,374000,0
2016-03-21,04:25:00,4.19,4.19,4.19,4.19,15500,0
2016-03-21,04:30:00,4.19,4.19,4.18,4.18,67500,0
2016-03-21,04:35:00,4.18,4.19,4.18,4.18,14500,0
2016-03-21,04:40:00,4.18,4.2,4.18,4.2,85000,0
2016-03-21,04:45:00,4.2,4.2,4.19,4.2,497000,0
2016-03-21,04:50:00,4.2,4.2,4.19,4.19,8000,0
2016-03-21,04:55:00,4.19,4.2,4.19,4.19,42000,0
2016-03-21,05:00:00,4.19,4.2,4.19,4.19,42000,0
2016-03-21,06:05:00,4.19,4.2,4.19,4.19,53500,0
2016-03-21,06:10:00,4.19,4.2,4.19,4.19,79000,0
2016-03-21,06:15:00,4.19,4.19,4.18,4.18,129500,0
2016-03-21,06:20:00,4.18,4.19,4.18,4.18,10500,0
2016-03-21,06:25:00,4.18,4.19,4.18,4.18,23500,0
2016-03-21,06:30:00,4.18,4.19,4.18,4.18,67500,0
2016-03-21,06:35:00,4.18,4.2,4.16,4.2,196500,0
2016-03-21,06:40:00,4.2,4.2,4.19,4.19,9000,0
2016-03-21,06:45:00,4.19,4.2,4.19,4.19,84000,0
2016-03-21,06:50:00,4.19,4.2,4.19,4.19,66000,0
2016-03-21,06:55:00,4.19,4.2,4.19,4.2,26000,0
2016-03-21,07:00:00,4.2,4.2,4.19,4.2,40000,0
2016-03-21,07:05:00,4.2,4.2,4.17,4.17,95000,0
2016-03-21,07:10:00,4.17,4.19,4.16,4.19,176500,0
2016-03-21,07:15:00,4.19,4.19,4.16,4.16,85500,0
2016-03-21,07:20:00,4.16,4.17,4.16,4.16,10000,0
2016-03-21,07:25:00,4.16,4.18,4.16,4.18,135500,0
2016-03-21,07:30:00,4.18,4.19,4.17,4.17,21500,0
2016-03-21,07:35:00,4.17,4.19,4.17,4.19,16500,0
2016-03-21,07:40:00,4.19,4.19,4.19,4.19,15500,0
2016-03-21,07:45:00,4.19,4.19,4.18,4.18,44500,0
2016-03-21,07:50:00,4.18,4.19,4.18,4.18,38500,0
2016-03-21,07:55:00,4.18,4.19,4.18,4.18,39000,0
2016-03-21,08:00:00,4.18,4.19,4.18,4.19,134000,0
2016-03-21,08:05:00,4.19,4.2,4.18,4.19,103000,0
2016-03-21,08:10:00,4.19,4.2,4.19,4.19,23500,0
2016-03-21,08:15:00,4.19,4.2,4.17,4.17,144000,0
2016-03-21,08:20:00,4.17,4.18,4.17,4.18,5000,0
2016-03-21,08:25:00,4.18,4.19,4.17,4.19,96000,0
2016-03-21,08:30:00,4.19,4.19,4.18,4.19,11000,0
2016-03-21,08:35:00,4.19,4.19,4.18,4.19,44500,0
2016-03-21,08:40:00,4.19,4.2,4.18,4.2,109500,0
2016-03-21,08:45:00,4.2,4.2,4.18,4.18,114000,0
2016-03-21,08:50:00,4.18,4.2,4.18,4.2,17500,0
2016-03-21,08:55:00,4.2,4.21,4.18,4.2,918000,0
2016-03-21,09:00:00,4.2,4.22,4.19,4.21,1194500,0
2016-03-22,02:35:00,4.24,4.24,4.22,4.23,249000,0
2016-03-22,02:40:00,4.23,4.24,4.22,4.24,18000,0
2016-03-22,02:45:00,4.24,4.24,4.2,4.22,155000,0
2016-03-22,02:50:00,4.21,4.23,4.21,4.22,10500,0
2016-03-22,02:55:00,4.23,4.23,4.23,4.23,2500,0
2016-03-22,03:00:00,4.23,4.23,4.21,4.23,90500,0
2016-03-22,03:05:00,4.23,4.23,4.22,4.23,29000,0
2016-03-22,03:10:00,4.23,4.23,4.23,4.23,1000,0
2016-03-22,03:15:00,4.23,4.23,4.21,4.23,85500,0
2016-03-22,03:20:00,4.23,4.23,4.22,4.23,9000,0
2016-03-22,03:25:00,4.23,4.24,4.23,4.23,49500,0
2016-03-22,03:30:00,4.23,4.24,4.23,4.24,46000,0
2016-03-22,03:35:00,4.24,4.24,4.23,4.24,68000,0
2016-03-22,03:40:00,4.24,4.24,4.23,4.24,140500,0
2016-03-22,03:45:00,4.24,4.24,4.23,4.24,179500,0
2016-03-22,03:50:00,4.24,4.25,4.2,4.22,722000,0
2016-03-22,03:55:00,4.22,4.24,4.22,4.24,58000,0
2016-03-22,04:00:00,4.24,4.26,4.24,4.25,357000,0
2016-03-22,04:05:00,4.25,4.29,4.25,4.28,731000,0
2016-03-22,04:10:00,4.28,4.31,4.28,4.3,5336000,0
2016-03-22,04:15:00,4.3,4.34,4.3,4.3,340000,0
2016-03-22,04:20:00,4.3,4.33,4.29,4.29,71500,0
2016-03-22,04:25:00,4.29,4.31,4.29,4.31,7000,0
2016-03-22,04:30:00,4.31,4.31,4.3,4.3,135500,0
2016-03-22,04:35:00,4.3,4.3,4.29,4.3,38500,0
2016-03-22,04:40:00,4.3,4.31,4.3,4.3,13000,0
2016-03-22,04:45:00,4.3,4.3,4.3,4.3,8000,0
2016-03-22,04:50:00,4.3,4.31,4.3,4.31,7000,0
2016-03-22,04:55:00,4.31,4.31,4.3,4.3,25000,0
2016-03-22,05:00:00,4.3,4.31,4.29,4.3,57500,0
2016-03-22,06:05:00,4.3,4.3,4.27,4.29,271500,0
2016-03-22,06:15:00,4.29,4.3,4.27,4.28,159000,0
2016-03-22,06:20:00,4.28,4.28,4.24,4.26,197000,0
2016-03-22,06:25:00,4.26,4.28,4.26,4.28,261000,0
2016-03-22,06:30:00,4.28,4.29,4.28,4.29,41500,0
2016-03-22,06:35:00,4.29,4.29,4.29,4.29,3500,0
2016-03-22,06:40:00,4.29,4.3,4.28,4.28,31500,0
2016-03-22,06:45:00,4.28,4.29,4.28,4.29,8500,0
2016-03-22,06:50:00,4.29,4.29,4.29,4.29,12500,0
2016-03-22,06:55:00,4.29,4.3,4.29,4.3,69000,0
2016-03-22,07:00:00,4.3,4.31,4.3,4.31,69000,0
2016-03-22,07:05:00,4.31,4.32,4.3,4.3,165000,0
2016-03-22,07:10:00,4.3,4.31,4.3,4.31,5000,0
2016-03-22,07:15:00,4.31,4.32,4.31,4.32,69000,0
2016-03-22,07:20:00,4.32,4.32,4.31,4.31,32000,0
2016-03-22,07:25:00,4.31,4.32,4.31,4.32,2500,0
2016-03-22,07:30:00,4.32,4.33,4.32,4.33,171000,0
2016-03-22,07:35:00,4.33,4.36,4.33,4.36,245000,0
2016-03-22,07:40:00,4.36,4.37,4.33,4.35,295000,0
2016-03-22,07:45:00,4.35,4.37,4.35,4.37,156500,0
2016-03-22,07:50:00,4.37,4.38,4.33,4.34,239000,0
2016-03-22,07:55:00,4.34,4.35,4.34,4.35,77000,0
2016-03-22,08:05:00,4.35,4.35,4.34,4.35,80000,0
2016-03-22,08:10:00,4.35,4.36,4.35,4.36,24500,0
2016-03-22,08:15:00,4.36,4.38,4.36,4.37,236000,0
2016-03-22,08:20:00,4.37,4.38,4.37,4.37,75000,0
2016-03-22,08:25:00,4.37,4.38,4.37,4.37,38500,0
2016-03-22,08:30:00,4.37,4.39,4.37,4.39,113000,0
2016-03-22,08:35:00,4.39,4.4,4.39,4.4,471000,0
2016-03-22,08:40:00,4.4,4.41,4.4,4.41,270000,0
2016-03-22,08:45:00,4.41,4.43,4.41,4.43,1032500,0
2016-03-22,08:55:00,4.43,4.44,4.42,4.44,586500,0
2016-03-22,09:00:00,4.44,4.46,4.43,4.44,1064500,0
2016-03-23,02:35:00,4.45,4.5,4.45,4.49,1300000,0
2016-03-23,02:40:00,4.49,4.5,4.48,4.5,147500,0
2016-03-23,02:45:00,4.5,4.51,4.48,4.51,172000,0
2016-03-23,02:50:00,4.51,4.51,4.46,4.51,694000,0
2016-03-23,02:55:00,4.51,4.52,4.5,4.51,349000,0
2016-03-23,03:00:00,4.51,4.53,4.51,4.53,397500,0
2016-03-23,03:05:00,4.53,4.54,4.53,4.53,88500,0
2016-03-23,03:10:00,4.53,4.54,4.53,4.54,62500,0
2016-03-23,03:15:00,4.54,4.58,4.53,4.58,1225500,0
2016-03-23,03:20:00,4.58,4.6,4.57,4.6,219500,0
2016-03-23,03:25:00,4.6,4.6,4.58,4.58,186500,0
2016-03-23,03:30:00,4.58,4.58,4.57,4.57,142500,0
2016-03-23,03:35:00,4.57,4.57,4.57,4.57,56000,0
2016-03-23,03:40:00,4.57,4.59,4.57,4.59,171000,0
2016-03-23,03:45:00,4.59,4.59,4.59,4.59,25000,0
2016-03-23,03:50:00,4.59,4.59,4.58,4.59,81000,0
2016-03-23,03:55:00,4.59,4.59,4.59,4.59,13500,0
2016-03-23,04:00:00,4.59,4.59,4.59,4.59,10500,0
2016-03-23,04:05:00,4.59,4.59,4.59,4.59,39500,0
2016-03-23,04:10:00,4.59,4.59,4.59,4.59,49500,0
2016-03-23,04:15:00,4.59,4.59,4.59,4.59,24000,0
2016-03-23,04:20:00,4.59,4.59,4.58,4.59,31500,0
2016-03-23,04:25:00,4.59,4.59,4.58,4.59,289000,0
2016-03-23,04:30:00,4.59,4.6,4.59,4.59,18000,0
2016-03-23,04:35:00,4.59,4.61,4.59,4.6,584000,0
2016-03-23,04:40:00,4.6,4.61,4.6,4.61,18500,0
2016-03-23,04:45:00,4.61,4.61,4.6,4.6,168000,0
2016-03-23,04:50:00,4.6,4.6,4.59,4.6,51000,0
2016-03-23,04:55:00,4.6,4.6,4.59,4.59,36500,0
2016-03-23,05:00:00,4.59,4.59,4.59,4.59,500,0
2016-03-23,06:05:00,4.59,4.6,4.59,4.59,79000,0
2016-03-23,06:10:00,4.59,4.6,4.59,4.59,26500,0
2016-03-23,06:15:00,4.59,4.59,4.58,4.58,123000,0
2016-03-23,06:20:00,4.58,4.58,4.57,4.57,171500,0
2016-03-23,06:25:00,4.57,4.58,4.57,4.58,11000,0
2016-03-23,06:30:00,4.58,4.58,4.57,4.58,49000,0
2016-03-23,06:35:00,4.58,4.58,4.57,4.57,61500,0
2016-03-23,06:40:00,4.57,4.58,4.57,4.58,78000,0
2016-03-23,06:45:00,4.58,4.58,4.57,4.57,31000,0
2016-03-23,06:50:00,4.57,4.59,4.55,4.58,586500,0
2016-03-23,06:55:00,4.58,4.58,4.57,4.57,82000,0
2016-03-23,07:00:00,4.57,4.58,4.56,4.57,157000,0
2016-03-23,07:05:00,4.57,4.58,4.57,4.57,19000,0
2016-03-23,07:10:00,4.57,4.58,4.57,4.57,148500,0
2016-03-23,07:15:00,4.57,4.58,4.57,4.57,11000,0
2016-03-23,07:20:00,4.57,4.57,4.55,4.56,225500,0
2016-03-23,07:25:00,4.56,4.57,4.55,4.57,153500,0
2016-03-23,07:30:00,4.57,4.57,4.57,4.57,51000,0
2016-03-23,07:35:00,4.57,4.58,4.57,4.57,50000,0
2016-03-23,07:40:00,4.57,4.58,4.55,4.56,496500,0
2016-03-23,07:45:00,4.56,4.57,4.56,4.56,156000,0
2016-03-23,07:50:00,4.56,4.57,4.56,4.57,1000,0
2016-03-23,07:55:00,4.57,4.57,4.56,4.56,28000,0
2016-03-23,08:00:00,4.56,4.57,4.56,4.56,117000,0
2016-03-23,08:05:00,4.56,4.56,4.56,4.56,186000,0
2016-03-23,08:10:00,4.56,4.57,4.56,4.57,428000,0
2016-03-23,08:15:00,4.57,4.58,4.57,4.57,61000,0
2016-03-23,08:20:00,4.57,4.57,4.57,4.57,77000,0
2016-03-23,08:25:00,4.57,4.58,4.57,4.57,45500,0
2016-03-23,08:30:00,4.57,4.58,4.57,4.57,149500,0
2016-03-23,08:35:00,4.57,4.58,4.57,4.57,71000,0
2016-03-23,08:40:00,4.57,4.58,4.57,4.57,124500,0
2016-03-23,08:45:00,4.57,4.58,4.55,4.55,317500,0
2016-03-23,08:50:00,4.55,4.58,4.55,4.58,382500,0
2016-03-23,08:55:00,4.58,4.58,4.54,4.55,322000,0
2016-03-23,09:00:00,4.55,4.58,4.54,4.57,1338000,0
2016-03-24,02:35:00,4.6,4.6,4.57,4.57,28000,0
2016-03-24,02:40:00,4.57,4.6,4.56,4.59,419500,0
2016-03-24,02:45:00,4.59,4.59,4.56,4.56,105000,0
2016-03-24,02:50:00,4.55,4.55,4.46,4.53,91000,0
2016-03-24,02:55:00,4.53,4.55,4.39,4.49,220000,0
2016-03-24,03:00:00,4.49,4.55,4.49,4.55,96000,0
2016-03-24,03:05:00,4.55,4.57,4.55,4.57,7500,0
2016-03-24,03:10:00,4.58,4.58,4.57,4.57,34000,0
2016-03-24,03:15:00,4.57,4.58,4.57,4.58,10500,0
2016-03-24,03:20:00,4.58,4.58,4.54,4.54,156000,0
2016-03-24,03:25:00,4.54,4.55,4.53,4.55,28000,0
2016-03-24,03:30:00,4.55,4.55,4.55,4.55,2000,0
2016-03-24,03:35:00,4.54,4.55,4.54,4.54,18000,0
2016-03-24,03:40:00,4.54,4.55,4.53,4.53,21500,0
2016-03-24,03:45:00,4.53,4.55,4.49,4.54,376500,0
2016-03-24,03:50:00,4.54,4.55,4.54,4.55,27000,0
2016-03-24,04:00:00,4.55,4.58,4.55,4.57,37500,0
2016-03-24,04:05:00,4.57,4.58,4.57,4.58,13000,0
2016-03-24,04:10:00,4.58,4.58,4.55,4.55,17500,0
2016-03-24,04:15:00,4.55,4.58,4.55,4.57,20500,0
2016-03-24,04:20:00,4.56,4.56,4.55,4.55,42500,0
2016-03-24,04:25:00,4.55,4.56,4.55,4.56,28500,0
2016-03-24,04:30:00,4.56,4.57,4.56,4.57,14500,0
2016-03-24,04:35:00,4.57,4.57,4.55,4.55,34000,0
2016-03-24,04:55:00,4.55,4.56,4.55,4.56,62500,0
2016-03-24,05:00:00,4.56,4.56,4.56,4.56,18000,0
2016-03-24,06:05:00,4.56,4.57,4.55,4.57,36500,0
2016-03-24,06:20:00,4.56,4.56,4.55,4.55,4000,0
2016-03-24,06:25:00,4.55,4.56,4.55,4.55,3000,0
2016-03-24,06:30:00,4.55,4.56,4.55,4.56,21000,0
2016-03-24,06:50:00,4.56,4.57,4.55,4.55,100000,0
2016-03-24,07:00:00,4.55,4.57,4.54,4.55,83500,0
2016-03-24,07:05:00,4.55,4.55,4.51,4.52,330500,0
2016-03-24,07:15:00,4.52,4.55,4.51,4.55,479500,0
2016-03-24,07:30:00,4.55,4.55,4.54,4.54,81500,0
2016-03-24,07:35:00,4.54,4.55,4.54,4.54,67500,0
2016-03-24,07:40:00,4.54,4.54,4.54,4.54,23000,0
2016-03-24,07:45:00,4.54,4.55,4.54,4.55,155000,0
2016-03-24,07:50:00,4.55,4.55,4.54,4.54,9000,0
2016-03-24,07:55:00,4.54,4.54,4.54,4.54,3500,0
2016-03-24,08:00:00,4.54,4.55,4.54,4.55,60500,0
2016-03-24,08:05:00,4.55,4.56,4.54,4.56,180500,0
2016-03-24,08:10:00,4.56,4.56,4.55,4.55,202000,0
2016-03-24,08:15:00,4.55,4.55,4.55,4.55,18500,0
2016-03-24,08:20:00,4.55,4.55,4.55,4.55,18500,0
2016-03-24,08:25:00,4.55,4.55,4.53,4.55,129000,0
2016-03-24,08:30:00,4.55,4.55,4.54,4.55,46500,0
2016-03-24,08:35:00,4.55,4.55,4.53,4.55,91000,0
2016-03-24,08:40:00,4.55,4.55,4.54,4.55,20500,0
2016-03-24,08:45:00,4.55,4.55,4.55,4.55,72500,0
2016-03-24,08:50:00,4.55,4.56,4.55,4.56,94500,0
2016-03-24,08:55:00,4.56,4.57,4.53,4.55,456500,0
2016-03-24,09:00:00,4.55,4.58,4.55,4.57,91000,0
2016-03-29,03:35:00,4.56,4.56,4.53,4.53,1000,0
2016-03-29,03:40:00,4.41,4.58,4.41,4.56,149500,0
2016-03-29,03:50:00,4.56,4.58,4.55,4.55,90000,0
2016-03-29,03:55:00,4.55,4.55,4.55,4.55,4000,0
2016-03-29,04:00:00,4.55,4.58,4.55,4.58,92500,0
2016-03-29,04:05:00,4.58,4.58,4.56,4.58,44500,0
2016-03-29,04:10:00,4.58,4.58,4.57,4.57,135500,0
2016-03-29,04:20:00,4.57,4.59,4.57,4.59,207000,0
2016-03-29,04:25:00,4.59,4.59,4.59,4.59,75500,0
2016-03-29,04:30:00,4.59,4.59,4.59,4.59,64500,0
2016-03-29,04:35:00,4.59,4.6,4.59,4.6,16000,0
2016-03-29,04:40:00,4.6,4.6,4.6,4.6,1000,0
2016-03-29,04:45:00,4.59,4.6,4.58,4.58,26000,0
2016-03-29,04:50:00,4.58,4.58,4.57,4.57,115000,0
2016-03-29,04:55:00,4.57,4.59,4.57,4.59,141500,0
2016-03-29,05:05:00,4.59,4.59,4.58,4.59,132500,0
2016-03-29,05:10:00,4.59,4.59,4.58,4.58,61000,0
2016-03-29,05:15:00,4.58,4.59,4.58,4.59,16000,0
2016-03-29,05:20:00,4.59,4.59,4.58,4.58,61000,0
2016-03-29,05:25:00,4.58,4.59,4.58,4.59,2000,0
2016-03-29,05:30:00,4.59,4.59,4.58,4.59,20000,0
2016-03-29,05:35:00,4.59,4.59,4.59,4.59,10500,0
2016-03-29,05:40:00,4.59,4.59,4.58,4.59,3500,0
2016-03-29,05:45:00,4.59,4.59,4.58,4.59,5500,0
2016-03-29,05:50:00,4.59,4.59,4.59,4.59,500,0
2016-03-29,05:55:00,4.59,4.59,4.59,4.59,500,0
2016-03-29,07:05:00,4.59,4.59,4.57,4.57,130000,0
2016-03-29,07:25:00,4.57,4.57,4.57,4.57,1000,0
2016-03-29,07:40:00,4.57,4.57,4.57,4.57,500,0
2016-03-29,07:45:00,4.57,4.58,4.57,4.58,8000,0
2016-03-29,07:50:00,4.58,4.58,4.57,4.57,2000,0
2016-03-29,07:55:00,4.57,4.58,4.57,4.57,4500,0
2016-03-29,08:05:00,4.57,4.58,4.55,4.58,66500,0
2016-03-29,08:10:00,4.58,4.58,4.58,4.58,1500,0
2016-03-29,08:15:00,4.58,4.58,4.58,4.58,1000,0
2016-03-29,08:20:00,4.58,4.58,4.57,4.57,193500,0
2016-03-29,08:25:00,4.57,4.58,4.57,4.58,11500,0
2016-03-29,08:30:00,4.58,4.58,4.57,4.57,132500,0
2016-03-29,08:35:00,4.57,4.58,4.57,4.58,7500,0
2016-03-29,08:40:00,4.58,4.58,4.57,4.58,3000,0
2016-03-29,08:45:00,4.58,4.58,4.57,4.57,48000,0
2016-03-29,08:50:00,4.57,4.58,4.57,4.58,8500,0
2016-03-29,08:55:00,4.58,4.58,4.57,4.58,103000,0
2016-03-29,09:00:00,4.58,4.58,4.57,4.57,94500,0
2016-03-29,09:05:00,4.57,4.58,4.57,4.57,16500,0
2016-03-29,09:10:00,4.57,4.57,4.57,4.57,296500,0
2016-03-29,09:20:00,4.57,4.57,4.57,4.57,2500,0
2016-03-29,09:30:00,4.57,4.57,4.57,4.57,500,0
2016-03-29,09:35:00,4.57,4.57,4.57,4.57,129500,0
2016-03-29,09:40:00,4.57,4.57,4.57,4.57,75000,0
2016-03-29,09:45:00,4.57,4.58,4.57,4.57,22000,0
2016-03-29,09:50:00,4.57,4.57,4.57,4.57,500,0
2016-03-29,09:55:00,4.57,4.57,4.57,4.57,127500,0
2016-03-29,10:00:00,4.57,4.58,4.57,4.58,39000,0
2016-03-30,03:35:00,4.56,4.57,4.52,4.55,66500,0
2016-03-30,03:40:00,4.55,4.56,4.54,4.55,104000,0
2016-03-30,03:45:00,4.55,4.56,4.53,4.56,104500,0
2016-03-30,03:50:00,4.56,4.56,4.52,4.52,66500,0
2016-03-30,03:55:00,4.52,4.53,4.5,4.53,76000,0
2016-03-30,04:00:00,4.53,4.53,4.49,4.5,617000,0
2016-03-30,04:05:00,4.5,4.53,4.5,4.53,1348500,0
2016-03-30,04:10:00,4.53,4.53,4.5,4.5,279500,0
2016-03-30,04:15:00,4.5,4.53,4.5,4.52,201000,0
2016-03-30,04:20:00,4.52,4.52,4.5,4.5,50500,0
2016-03-30,04:25:00,4.5,4.5,4.5,4.5,96500,0
2016-03-30,04:30:00,4.5,4.51,4.5,4.51,47000,0
2016-03-30,04:35:00,4.51,4.52,4.51,4.52,50500,0
2016-03-30,04:45:00,4.52,4.52,4.51,4.51,33500,0
2016-03-30,04:50:00,4.51,4.53,4.51,4.52,149500,0
2016-03-30,04:55:00,4.52,4.52,4.5,4.5,47000,0
2016-03-30,05:00:00,4.51,4.52,4.51,4.51,103000,0
2016-03-30,05:05:00,4.51,4.52,4.5,4.5,84000,0
2016-03-30,05:10:00,4.5,4.51,4.5,4.51,115000,0
2016-03-30,05:15:00,4.51,4.52,4.51,4.52,180000,0
2016-03-30,05:20:00,4.52,4.54,4.5,4.52,284000,0
2016-03-30,05:25:00,4.52,4.52,4.5,4.5,65000,0
2016-03-30,05:30:00,4.5,4.54,4.5,4.51,77000,0
2016-03-30,05:35:00,4.51,4.52,4.5,4.51,83500,0
2016-03-30,05:40:00,4.51,4.52,4.51,4.52,72500,0
2016-03-30,05:45:00,4.52,4.55,4.51,4.55,57500,0
2016-03-30,05:50:00,4.56,4.57,4.56,4.57,25500,0
2016-03-30,06:00:00,4.57,4.58,4.57,4.58,4000,0
2016-03-30,07:05:00,4.58,4.59,4.51,4.58,291500,0
2016-03-30,07:10:00,4.58,4.64,4.58,4.64,457000,0
2016-03-30,07:15:00,4.64,4.64,4.61,4.62,36705,0
2016-03-30,07:20:00,4.62,4.64,4.62,4.64,1000,0
2016-03-30,07:25:00,4.63,4.63,4.58,4.6,298000,0
2016-03-30,07:30:00,4.6,4.6,4.6,4.6,60500,0
2016-03-30,07:35:00,4.6,4.6,4.58,4.58,8000,0
2016-03-30,07:40:00,4.58,4.58,4.58,4.58,500,0
2016-03-30,07:50:00,4.58,4.6,4.58,4.6,112500,0
2016-03-30,08:00:00,4.6,4.6,4.59,4.59,1000,0
2016-03-30,08:05:00,4.59,4.61,4.58,4.59,2761500,0
2016-03-30,08:10:00,4.59,4.61,4.59,4.61,255000,0
2016-03-30,08:15:00,4.61,4.64,4.61,4.64,51500,0
2016-03-30,08:20:00,4.64,4.65,4.6,4.65,146000,0
2016-03-30,08:25:00,4.65,4.65,4.6,4.6,42000,0
2016-03-30,08:35:00,4.62,4.62,4.62,4.62,500,0
2016-03-30,08:40:00,4.62,4.63,4.62,4.63,3500,0
2016-03-30,08:45:00,4.63,4.64,4.62,4.63,34500,0
2016-03-30,08:55:00,4.63,4.63,4.63,4.63,4500,0
2016-03-30,09:00:00,4.63,4.63,4.63,4.63,1500,0
2016-03-30,09:05:00,4.63,4.65,4.63,4.64,63500,0
2016-03-30,09:10:00,4.64,4.65,4.64,4.64,12500,0
2016-03-30,09:15:00,4.64,4.64,4.63,4.63,1000,0
2016-03-30,09:20:00,4.63,4.63,4.63,4.63,115000,0
2016-03-30,09:30:00,4.63,4.65,4.63,4.65,35000,0
2016-03-30,09:35:00,4.65,4.65,4.64,4.65,9000,0
2016-03-30,09:40:00,4.65,4.65,4.65,4.65,2000,0
2016-03-30,09:45:00,4.65,4.65,4.64,4.64,53500,0
2016-03-30,09:50:00,4.64,4.65,4.64,4.64,106500,0
2016-03-30,09:55:00,4.64,4.65,4.63,4.65,11000,0
2016-03-30,10:00:00,4.65,4.68,4.64,4.67,217000,0
2016-03-31,03:35:00,4.65,4.69,4.64,4.68,2246000,0
2016-03-31,03:40:00,4.68,4.72,4.68,4.72,35500,0
2016-03-31,03:45:00,4.72,4.73,4.72,4.73,6500,0
2016-03-31,03:50:00,4.73,4.74,4.72,4.72,83000,0
2016-03-31,03:55:00,4.72,4.73,4.72,4.73,2500,0
2016-03-31,04:00:00,4.73,4.73,4.7,4.73,22500,0
2016-03-31,04:05:00,4.73,4.73,4.73,4.73,81000,0
2016-03-31,04:10:00,4.73,4.73,4.71,4.73,19000,0
2016-03-31,04:15:00,4.73,4.73,4.71,4.73,16500,0
2016-03-31,04:20:00,4.73,4.73,4.73,4.73,50500,0
2016-03-31,04:25:00,4.73,4.73,4.73,4.73,87000,0
2016-03-31,04:30:00,4.73,4.74,4.72,4.72,62500,0
2016-03-31,04:35:00,4.72,4.72,4.71,4.71,93500,0
2016-03-31,04:40:00,4.71,4.71,4.7,4.7,16000,0
2016-03-31,04:45:00,4.7,4.72,4.7,4.72,5500,0
2016-03-31,04:50:00,4.72,4.72,4.7,4.7,134500,0
2016-03-31,04:55:00,4.7,4.7,4.68,4.69,59500,0
2016-03-31,05:00:00,4.69,4.7,4.69,4.7,128500,0
2016-03-31,05:05:00,4.7,4.7,4.69,4.69,171000,0
2016-03-31,05:15:00,4.69,4.7,4.69,4.7,11500,0
2016-03-31,05:20:00,4.7,4.7,4.69,4.7,13500,0
2016-03-31,05:25:00,4.7,4.7,4.7,4.7,11000,0
2016-03-31,05:30:00,4.7,4.72,4.69,4.72,269000,0
2016-03-31,05:35:00,4.72,4.72,4.69,4.7,49000,0
2016-03-31,05:40:00,4.7,4.72,4.7,4.72,7000,0
2016-03-31,05:45:00,4.72,4.72,4.72,4.72,10500,0
2016-03-31,05:50:00,4.72,4.72,4.69,4.7,17000,0
2016-03-31,05:55:00,4.7,4.72,4.7,4.7,220000,0
2016-03-31,06:00:00,4.7,4.7,4.7,4.7,5000,0
2016-03-31,07:05:00,4.7,4.72,4.7,4.72,17500,0
2016-03-31,07:10:00,4.72,4.72,4.7,4.7,43500,0
2016-03-31,07:20:00,4.7,4.72,4.7,4.72,12000,0
2016-03-31,07:25:00,4.72,4.72,4.7,4.72,17500,0
2016-03-31,07:30:00,4.72,4.72,4.72,4.72,13000,0
2016-03-31,07:35:00,4.72,4.72,4.7,4.7,19500,0
2016-03-31,07:40:00,4.7,4.72,4.7,4.72,18500,0
2016-03-31,07:45:00,4.72,4.72,4.7,4.72,28500,0
2016-03-31,07:50:00,4.72,4.73,4.7,4.7,5500,0
2016-03-31,07:55:00,4.7,4.73,4.7,4.7,18000,0
2016-03-31,08:00:00,4.7,4.73,4.69,4.69,179500,0
2016-03-31,08:05:00,4.69,4.7,4.69,4.69,421000,0
2016-03-31,08:10:00,4.7,4.72,4.7,4.71,81500,0
2016-03-31,08:15:00,4.71,4.73,4.71,4.71,15000,0
2016-03-31,08:20:00,4.71,4.73,4.71,4.73,23000,0
2016-03-31,08:25:00,4.73,4.73,4.71,4.71,37500,0
2016-03-31,08:30:00,4.71,4.73,4.68,4.69,437500,0
2016-03-31,08:40:00,4.69,4.7,4.69,4.7,4000,0
2016-03-31,08:45:00,4.7,4.71,4.7,4.7,13500,0
2016-03-31,08:50:00,4.7,4.71,4.69,4.7,139500,0
2016-03-31,08:55:00,4.7,4.7,4.69,4.69,93500,0
2016-03-31,09:05:00,4.69,4.7,4.69,4.69,7000,0
2016-03-31,09:10:00,4.69,4.7,4.67,4.69,584000,0
2016-03-31,09:15:00,4.69,4.7,4.69,4.7,75500,0
2016-03-31,09:20:00,4.7,4.7,4.7,4.7,4500,0
2016-03-31,09:25:00,4.7,4.7,4.69,4.7,22000,0
2016-03-31,09:30:00,4.7,4.7,4.69,4.7,244500,0
2016-03-31,09:35:00,4.7,4.7,4.69,4.69,30500,0
2016-03-31,09:40:00,4.69,4.7,4.69,4.69,24000,0
2016-03-31,09:45:00,4.69,4.7,4.69,4.7,16000,0
2016-03-31,09:50:00,4.7,4.7,4.69,4.69,30000,0
2016-03-31,09:55:00,4.69,4.7,4.67,4.69,228000,0
2016-03-31,10:00:00,4.69,4.7,4.67,4.68,961500,0
2016-04-01,03:35:00,4.65,4.71,4.65,4.71,1200000,0
2016-04-01,03:40:00,4.71,4.74,4.64,4.74,34500,0
2016-04-01,03:45:00,4.75,4.75,4.65,4.71,516500,0
2016-04-01,03:50:00,4.71,4.72,4.71,4.71,532000,0
2016-04-01,03:55:00,4.71,4.72,4.71,4.72,20000,0
2016-04-01,04:00:00,4.72,4.72,4.7,4.71,114000,0
2016-04-01,04:05:00,4.71,4.71,4.7,4.71,59500,0
2016-04-01,04:10:00,4.71,4.71,4.71,4.71,6000,0
2016-04-01,04:15:00,4.71,4.72,4.68,4.7,809500,0
2016-04-01,04:20:00,4.71,4.72,4.71,4.72,5000,0
2016-04-01,04:25:00,4.72,4.72,4.72,4.72,10000,0
2016-04-01,04:30:00,4.72,4.72,4.7,4.7,29500,0
2016-04-01,04:35:00,4.7,4.7,4.69,4.7,9500,0
2016-04-01,04:40:00,4.7,4.7,4.7,4.7,4500,0
2016-04-01,04:45:00,4.7,4.71,4.7,4.71,9500,0
2016-04-01,04:50:00,4.71,4.72,4.7,4.72,98500,0
2016-04-01,04:55:00,4.72,4.72,4.69,4.69,34000,0
2016-04-01,05:00:00,4.69,4.7,4.69,4.7,2500,0
2016-04-01,05:05:00,4.7,4.7,4.69,4.69,6500,0
2016-04-01,05:10:00,4.69,4.7,4.69,4.7,3000,0
2016-04-01,05:15:00,4.7,4.7,4.68,4.68,19500,0
2016-04-01,05:20:00,4.68,4.69,4.68,4.69,51500,0
2016-04-01,05:25:00,4.69,4.7,4.69,4.7,6000,0
2016-04-01,05:30:00,4.7,4.7,4.69,4.7,19000,0
2016-04-01,05:35:00,4.7,4.7,4.68,4.69,39500,0
2016-04-01,05:40:00,4.69,4.69,4.69,4.69,5500,0
2016-04-01,05:45:00,4.69,4.69,4.68,4.68,13000,0
2016-04-01,05:50:00,4.68,4.69,4.67,4.69,60000,0
2016-04-01,05:55:00,4.69,4.69,4.68,4.69,8500,0
2016-04-01,06:00:00,4.69,4.69,4.69,4.69,5500,0
2016-04-01,07:05:00,4.69,4.69,4.68,4.68,44000,0
2016-04-01,07:10:00,4.68,4.69,4.68,4.68,13500,0
2016-04-01,07:15:00,4.68,4.69,4.68,4.69,6000,0
2016-04-01,07:20:00,4.69,4.69,4.67,4.67,17000,0
2016-04-01,07:25:00,4.67,4.69,4.67,4.69,8500,0
2016-04-01,07:30:00,4.69,4.69,4.67,4.68,9000,0
2016-04-01,07:35:00,4.68,4.69,4.68,4.69,5000,0
2016-04-01,07:40:00,4.69,4.69,4.68,4.69,10500,0
2016-04-01,07:45:00,4.69,4.69,4.68,4.68,16000,0
2016-04-01,07:50:00,4.68,4.68,4.68,4.68,1500,0
2016-04-01,07:55:00,4.68,4.68,4.67,4.68,9000,0
2016-04-01,08:00:00,4.64,4.69,4.64,4.69,506500,0
2016-04-01,08:05:00,4.69,4.69,4.68,4.68,45500,0
2016-04-01,08:10:00,4.68,4.69,4.68,4.69,13500,0
2016-04-01,08:15:00,4.69,4.69,4.68,4.69,24500,0
2016-04-01,08:20:00,4.69,4.69,4.67,4.67,40000,0
2016-04-01,08:25:00,4.67,4.69,4.65,4.69,575500,0
2016-04-01,08:30:00,4.69,4.69,4.69,4.69,9000,0
2016-04-01,08:35:00,4.69,4.69,4.68,4.68,48000,0
2016-04-01,08:40:00,4.68,4.69,4.68,4.69,33000,0
2016-04-01,08:45:00,4.69,4.69,4.68,4.68,12000,0
2016-04-01,08:50:00,4.68,4.69,4.68,4.68,16000,0
2016-04-01,08:55:00,4.68,4.69,4.66,4.66,94000,0
2016-04-01,09:00:00,4.66,4.7,4.66,4.7,489000,0
2016-04-01,09:05:00,4.7,4.7,4.7,4.7,2000,0
2016-04-01,09:10:00,4.7,4.7,4.69,4.69,20000,0
2016-04-01,09:15:00,4.69,4.7,4.69,4.69,49000,0
2016-04-01,09:20:00,4.69,4.7,4.69,4.69,28500,0
2016-04-01,09:25:00,4.69,4.7,4.69,4.69,19000,0
2016-04-01,09:30:00,4.69,4.7,4.67,4.68,1036000,0
2016-04-01,09:35:00,4.68,4.69,4.68,4.69,14500,0
2016-04-01,09:40:00,4.69,4.69,4.68,4.69,32500,0
2016-04-01,09:45:00,4.69,4.69,4.68,4.68,15500,0
2016-04-01,09:50:00,4.68,4.69,4.68,4.69,146000,0
2016-04-01,09:55:00,4.69,4.69,4.68,4.68,72500,0
2016-04-01,10:00:00,4.68,4.69,4.67,4.67,243000,0
2016-04-05,03:40:00,4.63,4.66,4.63,4.66,2000,0
2016-04-05,03:45:00,4.66,4.68,4.65,4.68,36500,0
2016-04-05,03:50:00,4.68,4.69,4.68,4.69,13500,0
2016-04-05,03:55:00,4.69,4.7,4.69,4.69,687000,0
2016-04-05,04:00:00,4.69,4.69,4.65,4.66,18000,0
2016-04-05,04:05:00,4.66,4.68,4.6,4.61,437500,0
2016-04-05,04:10:00,4.68,4.69,4.63,4.65,116000,0
2016-04-05,04:15:00,4.65,4.65,4.64,4.64,12000,0
2016-04-05,04:20:00,4.64,4.67,4.64,4.67,195000,0
2016-04-05,04:25:00,4.67,4.68,4.67,4.68,94000,0
2016-04-05,04:30:00,4.68,4.72,4.67,4.69,2048000,0
2016-04-05,04:35:00,4.69,4.69,4.65,4.67,293500,0
2016-04-05,04:40:00,4.67,4.69,4.67,4.69,60000,0
2016-04-05,04:45:00,4.68,4.68,4.65,4.65,457000,0
2016-04-05,04:50:00,4.65,4.68,4.65,4.68,84000,0
2016-04-05,04:55:00,4.68,4.68,4.68,4.68,21500,0
2016-04-05,05:00:00,4.68,4.68,4.68,4.68,2500,0
2016-04-05,05:05:00,4.68,4.68,4.66,4.68,52000,0
2016-04-05,05:10:00,4.68,4.69,4.66,4.68,447500,0
2016-04-05,05:15:00,4.68,4.69,4.66,4.67,104500,0
2016-04-05,05:20:00,4.67,4.68,4.67,4.68,361000,0
2016-04-05,05:25:00,4.68,4.68,4.68,4.68,25000,0
2016-04-05,05:30:00,4.68,4.69,4.68,4.68,53000,0
2016-04-05,05:35:00,4.68,4.68,4.67,4.68,194500,0
2016-04-05,05:40:00,4.68,4.68,4.68,4.68,34500,0
2016-04-05,05:45:00,4.68,4.68,4.68,4.68,26500,0
2016-04-05,05:50:00,4.68,4.68,4.68,4.68,61500,0
2016-04-05,05:55:00,4.68,4.68,4.68,4.68,40000,0
2016-04-05,06:00:00,4.68,4.68,4.68,4.68,152500,0
2016-04-05,07:05:00,4.68,4.69,4.67,4.68,457500,0
2016-04-05,07:10:00,4.68,4.68,4.68,4.68,130500,0
2016-04-05,07:20:00,4.68,4.69,4.67,4.67,191500,0
2016-04-05,07:25:00,4.67,4.68,4.67,4.68,148000,0
2016-04-05,07:35:00,4.68,4.68,4.62,4.63,761500,0
2016-04-05,07:40:00,4.63,4.67,4.63,4.66,272000,0
2016-04-05,07:45:00,4.66,4.67,4.66,4.67,44500,0
2016-04-05,07:50:00,4.67,4.67,4.65,4.66,61500,0
2016-04-05,07:55:00,4.66,4.67,4.66,4.67,90500,0
2016-04-05,08:00:00,4.67,4.67,4.66,4.66,16500,0
2016-04-05,08:05:00,4.66,4.66,4.66,4.66,48000,0
2016-04-05,08:10:00,4.66,4.66,4.66,4.66,32000,0
2016-04-05,08:15:00,4.66,4.66,4.65,4.66,263000,0
2016-04-05,08:20:00,4.66,4.66,4.65,4.66,74000,0
2016-04-05,08:25:00,4.66,4.66,4.64,4.65,277500,0
2016-04-05,08:30:00,4.65,4.66,4.65,4.66,275500,0
2016-04-05,08:35:00,4.66,4.67,4.65,4.65,262500,0
2016-04-05,08:40:00,4.65,4.66,4.65,4.65,24500,0
2016-04-05,08:45:00,4.65,4.65,4.65,4.65,40000,0
2016-04-05,08:50:00,4.65,4.65,4.65,4.65,128500,0
2016-04-05,08:55:00,4.65,4.66,4.64,4.65,423500,0
2016-04-05,09:00:00,4.65,4.66,4.65,4.65,232000,0
2016-04-05,09:05:00,4.65,4.65,4.65,4.65,78000,0
2016-04-05,09:10:00,4.65,4.66,4.65,4.66,507000,0
2016-04-05,09:15:00,4.66,4.67,4.66,4.66,317500,0
2016-04-05,09:20:00,4.66,4.66,4.66,4.66,155500,0
2016-04-05,09:25:00,4.66,4.67,4.66,4.66,874000,0
2016-04-05,09:30:00,4.66,4.67,4.65,4.66,314000,0
2016-04-05,09:35:00,4.66,4.67,4.64,4.64,591500,0
2016-04-05,09:40:00,4.64,4.68,4.64,4.68,1195500,0
2016-04-05,09:45:00,4.68,4.69,4.67,4.67,229000,0
2016-04-05,09:50:00,4.67,4.71,4.67,4.71,312000,0
2016-04-05,09:55:00,4.71,4.74,4.68,4.69,232500,0
2016-04-05,10:00:00,4.69,4.74,4.69,4.74,669500,0
2016-04-06,03:35:00,4.7,4.7,4.69,4.7,632000,0
2016-04-06,03:40:00,4.7,4.7,4.7,4.7,118000,0
2016-04-06,03:45:00,4.7,4.72,4.67,4.69,652500,0
2016-04-06,03:50:00,4.69,4.71,4.68,4.69,387500,0
2016-04-06,04:00:00,4.69,4.69,4.69,4.69,16000,0
2016-04-06,04:05:00,4.69,4.7,4.69,4.7,130000,0
2016-04-06,04:10:00,4.7,4.73,4.69,4.7,303000,0
2016-04-06,04:15:00,4.7,4.7,4.68,4.68,120500,0
2016-04-06,04:20:00,4.68,4.69,4.68,4.69,280000,0
2016-04-06,04:25:00,4.69,4.7,4.68,4.69,205500,0
2016-04-06,04:30:00,4.69,4.69,4.68,4.69,479500,0
2016-04-06,04:40:00,4.69,4.7,4.69,4.7,34500,0
2016-04-06,04:45:00,4.7,4.71,4.7,4.71,62500,0
2016-04-06,04:50:00,4.71,4.76,4.71,4.75,1098000,0
2016-04-06,04:55:00,4.75,4.76,4.75,4.76,26500,0
2016-04-06,05:00:00,4.76,4.78,4.75,4.77,143500,0
2016-04-06,05:05:00,4.77,4.85,4.77,4.83,1161500,0
2016-04-06,05:10:00,4.83,4.83,4.83,4.83,28000,0
2016-04-06,05:15:00,4.83,4.83,4.79,4.79,128000,0
2016-04-06,05:20:00,4.79,4.82,4.78,4.82,133000,0
2016-04-06,05:25:00,4.82,4.88,4.82,4.88,283500,0
2016-04-06,05:30:00,4.88,4.91,4.88,4.89,240000,0
2016-04-06,05:35:00,4.89,4.89,4.87,4.87,88500,0
2016-04-06,05:40:00,4.87,4.89,4.85,4.89,133000,0
2016-04-06,05:45:00,4.89,4.92,4.89,4.9,45500,0
2016-04-06,05:50:00,4.9,4.91,4.79,4.79,1404500,0
2016-04-06,05:55:00,4.79,4.88,4.7,4.86,530000,0
2016-04-06,06:00:00,4.86,4.89,4.86,4.89,12000,0
2016-04-06,07:05:00,4.89,4.89,4.86,4.86,40000,0
2016-04-06,07:15:00,4.87,4.89,4.87,4.89,115000,0
2016-04-06,07:20:00,4.89,4.9,4.89,4.9,339000,0
2016-04-06,07:25:00,4.9,4.91,4.9,4.9,141500,0
2016-04-06,07:30:00,4.9,4.91,4.9,4.9,201000,0
2016-04-06,07:40:00,4.9,4.9,4.89,4.89,59000,0
2016-04-06,07:45:00,4.89,4.89,4.89,4.89,91500,0
2016-04-06,07:50:00,4.89,4.9,4.89,4.9,38000,0
2016-04-06,07:55:00,4.9,4.91,4.9,4.91,51000,0
2016-04-06,08:00:00,4.91,4.91,4.91,4.91,36500,0
2016-04-06,08:05:00,4.91,4.91,4.91,4.91,23500,0
2016-04-06,08:10:00,4.91,4.91,4.9,4.9,114500,0
2016-04-06,08:15:00,4.9,4.9,4.9,4.9,14500,0
2016-04-06,08:20:00,4.9,4.9,4.88,4.88,67000,0
2016-04-06,08:25:00,4.88,4.89,4.88,4.89,30500,0
2016-04-06,08:30:00,4.89,4.89,4.88,4.89,39000,0
2016-04-06,08:35:00,4.89,4.89,4.88,4.88,91500,0
2016-04-06,08:40:00,4.87,4.89,4.87,4.89,23000,0
2016-04-06,08:45:00,4.89,4.89,4.89,4.89,21500,0
2016-04-06,08:50:00,4.89,4.89,4.89,4.89,33000,0
2016-04-06,08:55:00,4.89,4.89,4.89,4.89,9000,0
2016-04-06,09:00:00,4.89,4.89,4.88,4.88,60500,0
2016-04-06,09:05:00,4.88,4.9,4.88,4.9,132000,0
2016-04-06,09:10:00,4.9,4.91,4.9,4.9,289000,0
2016-04-06,09:15:00,4.9,4.9,4.9,4.9,49500,0
2016-04-06,09:20:00,4.9,4.9,4.9,4.9,69500,0
2016-04-06,09:25:00,4.9,4.9,4.9,4.9,7000,0
2016-04-06,09:30:00,4.9,4.9,4.88,4.88,55000,0
2016-04-06,09:35:00,4.89,4.9,4.89,4.9,70500,0
2016-04-06,09:40:00,4.9,4.9,4.9,4.9,59000,0
2016-04-06,09:45:00,4.9,4.91,4.9,4.9,314000,0
2016-04-06,09:50:00,4.9,4.9,4.89,4.9,342500,0
2016-04-06,09:55:00,4.9,4.91,4.88,4.9,404000,0
2016-04-06,10:00:00,4.9,4.92,4.85,4.86,1498500,0
2016-04-07,03:35:00,4.87,4.9,4.87,4.89,26000,0
2016-04-07,03:40:00,4.89,4.94,4.89,4.92,56500,0
2016-04-07,03:45:00,4.92,4.92,4.91,4.92,19000,0
2016-04-07,03:50:00,4.92,4.92,4.91,4.92,19000,0
2016-04-07,03:55:00,4.92,4.95,4.91,4.94,854500,0
2016-04-07,04:00:00,4.94,4.95,4.92,4.95,345500,0
2016-04-07,04:05:00,4.95,4.95,4.94,4.95,9000,0
2016-04-07,04:10:00,4.95,4.96,4.95,4.96,43000,0
2016-04-07,04:15:00,4.96,4.97,4.93,4.97,219000,0
2016-04-07,04:20:00,4.97,4.97,4.96,4.96,93000,0
2016-04-07,04:25:00,4.96,4.96,4.94,4.94,16500,0
2016-04-07,04:30:00,4.94,4.95,4.92,4.94,104500,0
2016-04-07,04:35:00,4.94,4.94,4.92,4.92,297000,0
2016-04-07,04:40:00,4.92,4.94,4.92,4.93,42500,0
2016-04-07,04:45:00,4.93,4.93,4.89,4.89,165000,0
2016-04-07,04:50:00,4.89,4.89,4.89,4.89,14500,0
2016-04-07,04:55:00,4.89,4.89,4.89,4.89,7000,0
2016-04-07,05:00:00,4.89,4.9,4.89,4.89,36500,0
2016-04-07,05:05:00,4.89,4.9,4.88,4.88,318500,0
2016-04-07,05:10:00,4.88,4.9,4.88,4.88,82000,0
2016-04-07,05:15:00,4.88,4.9,4.88,4.89,70000,0
2016-04-07,05:20:00,4.89,4.9,4.89,4.9,26000,0
2016-04-07,05:25:00,4.9,4.9,4.9,4.9,17000,0
2016-04-07,05:30:00,4.9,4.9,4.9,4.9,14000,0
2016-04-07,05:35:00,4.9,4.9,4.9,4.9,37500,0
2016-04-07,05:40:00,4.9,4.9,4.89,4.9,55500,0
2016-04-07,05:45:00,4.9,4.9,4.89,4.9,23500,0
2016-04-07,05:50:00,4.9,4.9,4.9,4.9,7000,0
2016-04-07,05:55:00,4.9,4.9,4.89,4.9,15000,0
2016-04-07,06:00:00,4.9,4.9,4.89,4.9,40500,0
2016-04-07,07:05:00,4.9,4.9,4.89,4.9,29500,0
2016-04-07,07:10:00,4.9,4.9,4.89,4.89,36500,0
2016-04-07,07:15:00,4.89,4.9,4.89,4.89,49000,0
2016-04-07,07:20:00,4.89,4.89,4.89,4.89,5000,0
2016-04-07,07:25:00,4.89,4.89,4.88,4.89,27500,0
2016-04-07,07:30:00,4.89,4.9,4.89,4.9,12000,0
2016-04-07,07:35:00,4.9,4.9,4.9,4.9,12500,0
2016-04-07,07:40:00,4.9,4.9,4.88,4.89,95500,0
2016-04-07,07:45:00,4.89,4.89,4.89,4.89,7500,0
2016-04-07,07:50:00,4.89,4.89,4.89,4.89,14500,0
2016-04-07,07:55:00,4.89,4.89,4.89,4.89,10000,0
2016-04-07,08:00:00,4.89,4.9,4.89,4.89,28000,0
2016-04-07,08:05:00,4.89,4.89,4.89,4.89,18000,0
2016-04-07,08:10:00,4.89,4.89,4.89,4.89,8000,0
2016-04-07,08:15:00,4.89,4.89,4.89,4.89,7500,0
2016-04-07,08:20:00,4.89,4.89,4.89,4.89,39500,0
2016-04-07,08:25:00,4.89,4.89,4.89,4.89,18000,0
2016-04-07,08:30:00,4.89,4.9,4.89,4.89,28000,0
2016-04-07,08:35:00,4.89,4.9,4.89,4.89,26500,0
2016-04-07,08:40:00,4.89,4.89,4.89,4.89,11500,0
2016-04-07,08:45:00,4.89,4.89,4.89,4.89,18000,0
2016-04-07,08:50:00,4.89,4.9,4.89,4.9,83000,0
2016-04-07,08:55:00,4.9,4.9,4.89,4.89,38500,0
2016-04-07,09:00:00,4.89,4.89,4.88,4.89,69000,0
2016-04-07,09:05:00,4.89,4.89,4.88,4.89,49500,0
2016-04-07,09:10:00,4.89,4.9,4.88,4.88,34000,0
2016-04-07,09:15:00,4.88,4.89,4.88,4.89,27500,0
2016-04-07,09:20:00,4.89,4.89,4.89,4.89,9000,0
2016-04-07,09:25:00,4.89,4.89,4.88,4.88,112500,0
2016-04-07,09:30:00,4.88,4.88,4.87,4.88,58500,0
2016-04-07,09:35:00,4.88,4.89,4.88,4.88,60000,0
2016-04-07,09:40:00,4.88,4.89,4.88,4.89,71000,0
2016-04-07,09:45:00,4.89,4.89,4.88,4.89,94500,0
2016-04-07,09:50:00,4.89,4.89,4.87,4.89,159500,0
2016-04-07,09:55:00,4.89,4.9,4.87,4.9,170500,0
2016-04-07,10:00:00,4.9,4.92,4.89,4.92,302000,0
2016-04-08,03:35:00,4.84,4.89,4.84,4.89,85500,0
2016-04-08,03:40:00,4.89,4.94,4.86,4.87,219500,0
2016-04-08,03:45:00,4.93,4.94,4.93,4.94,1500,0
2016-04-08,03:50:00,4.94,4.95,4.93,4.95,16000,0
2016-04-08,03:55:00,4.95,4.95,4.92,4.92,28500,0
2016-04-08,04:00:00,4.92,4.97,4.89,4.97,119500,0
2016-04-08,04:05:00,4.97,4.97,4.95,4.97,77000,0
2016-04-08,04:10:00,4.97,4.98,4.97,4.97,5000,0
2016-04-08,04:15:00,4.97,4.98,4.97,4.97,3000,0
2016-04-08,04:20:00,4.97,4.98,4.97,4.97,36000,0
2016-04-08,04:25:00,4.97,4.97,4.96,4.97,23500,0
2016-04-08,04:30:00,4.97,4.98,4.97,4.97,8000,0
2016-04-08,04:35:00,4.97,4.97,4.96,4.96,5000,0
2016-04-08,04:40:00,4.96,4.97,4.95,4.95,29500,0
2016-04-08,04:45:00,4.95,4.96,4.95,4.95,5500,0
2016-04-08,04:50:00,4.95,4.96,4.95,4.95,4500,0
2016-04-08,04:55:00,4.95,4.96,4.95,4.95,8500,0
2016-04-08,05:00:00,4.95,4.96,4.95,4.95,15500,0
2016-04-08,05:05:00,4.95,4.96,4.95,4.95,8500,0
2016-04-08,05:10:00,4.95,4.95,4.95,4.95,20500,0
2016-04-08,05:15:00,4.95,4.96,4.95,4.96,6500,0
2016-04-08,05:20:00,4.96,4.96,4.95,4.95,25000,0
2016-04-08,05:25:00,4.95,4.96,4.92,4.92,52000,0
2016-04-08,05:30:00,4.92,4.95,4.92,4.93,24000,0
2016-04-08,05:35:00,4.93,4.94,4.93,4.93,9000,0
2016-04-08,05:40:00,4.93,4.94,4.93,4.94,5500,0
2016-04-08,05:45:00,4.94,4.94,4.93,4.94,9500,0
2016-04-08,05:50:00,4.94,4.94,4.91,4.91,104000,0
2016-04-08,05:55:00,4.91,4.92,4.86,4.88,265500,0
2016-04-08,06:00:00,4.88,4.91,4.88,4.91,34500,0
2016-04-08,07:05:00,4.91,4.93,4.91,4.92,449500,0
2016-04-08,07:10:00,4.92,4.94,4.92,4.94,211000,0
2016-04-08,07:15:00,4.94,4.95,4.91,4.93,668000,0
2016-04-08,07:20:00,4.95,4.96,4.94,4.96,378000,0
2016-04-08,07:25:00,4.96,4.96,4.95,4.95,128000,0
2016-04-08,07:30:00,4.95,4.96,4.95,4.95,143000,0
2016-04-08,07:35:00,4.95,4.97,4.95,4.96,40500,0
2016-04-08,07:40:00,4.96,4.96,4.96,4.96,41000,0
2016-04-08,07:45:00,4.96,4.96,4.95,4.95,48500,0
2016-04-08,07:50:00,4.95,4.95,4.93,4.94,493000,0
2016-04-08,07:55:00,4.94,4.94,4.93,4.93,144500,0
2016-04-08,08:00:00,4.93,4.93,4.92,4.93,41500,0
2016-04-08,08:05:00,4.93,4.94,4.92,4.93,217500,0
2016-04-08,08:10:00,4.93,4.94,4.93,4.94,18000,0
2016-04-08,08:15:00,4.94,4.94,4.92,4.92,250000,0
2016-04-08,08:20:00,4.92,4.94,4.91,4.93,254500,0
2016-04-08,08:25:00,4.93,4.93,4.92,4.93,216000,0
2016-04-08,08:30:00,4.93,4.93,4.92,4.93,33500,0
2016-04-08,08:35:00,4.93,4.95,4.91,4.95,578000,0
2016-04-08,08:40:00,4.95,4.96,4.92,4.93,136000,0
2016-04-08,08:45:00,4.93,4.93,4.92,4.92,36500,0
2016-04-08,08:50:00,4.92,4.92,4.92,4.92,62500,0
2016-04-08,08:55:00,4.92,4.93,4.92,4.92,5000,0
2016-04-08,09:00:00,4.92,4.93,4.92,4.92,10000,0
2016-04-08,09:05:00,4.92,4.93,4.92,4.92,127500,0
2016-04-08,09:10:00,4.92,4.92,4.91,4.91,48000,0
2016-04-08,09:15:00,4.91,4.92,4.91,4.92,8500,0
2016-04-08,09:20:00,4.92,4.92,4.91,4.92,416000,0
2016-04-08,09:25:00,4.92,4.92,4.92,4.92,76000,0
2016-04-08,09:30:00,4.92,4.92,4.91,4.91,96000,0
2016-04-08,09:35:00,4.91,4.92,4.91,4.92,134000,0
2016-04-08,09:40:00,4.92,4.93,4.91,4.92,89500,0
2016-04-08,09:45:00,4.92,4.93,4.91,4.92,171500,0
2016-04-08,09:50:00,4.92,4.92,4.91,4.91,117000,0
2016-04-08,09:55:00,4.91,4.92,4.9,4.92,313000,0
2016-04-08,10:00:00,4.92,4.94,4.91,4.93,548500,0
2016-04-11,03:35:00,4.89,4.89,4.89,4.89,500,0
2016-04-11,03:40:00,4.92,4.94,4.92,4.94,22000,0
2016-04-11,03:45:00,4.94,4.97,4.94,4.97,34000,0
2016-04-11,03:50:00,4.97,4.98,4.97,4.97,107500,0
2016-04-11,03:55:00,4.97,4.98,4.96,4.97,128000,0
2016-04-11,04:00:00,4.96,4.96,4.95,4.95,35000,0
2016-04-11,04:05:00,4.95,4.95,4.95,4.95,10500,0
2016-04-11,04:10:00,4.95,4.96,4.95,4.95,2000,0
2016-04-11,04:15:00,4.95,4.96,4.95,4.95,46000,0
2016-04-11,04:20:00,4.95,4.96,4.95,4.95,8500,0
2016-04-11,04:25:00,4.95,4.95,4.94,4.95,40500,0
2016-04-11,04:35:00,4.95,4.95,4.95,4.95,500,0
2016-04-11,04:40:00,4.95,4.95,4.95,4.95,500,0
2016-04-11,04:45:00,4.95,4.95,4.95,4.95,2500,0
2016-04-11,04:50:00,4.95,4.96,4.94,4.95,178000,0
2016-04-11,04:55:00,4.95,4.95,4.94,4.94,13000,0
2016-04-11,05:00:00,4.94,4.96,4.94,4.96,998000,0
2016-04-11,05:05:00,4.96,4.97,4.96,4.96,243500,0
2016-04-11,05:10:00,4.96,4.97,4.96,4.96,75500,0
2016-04-11,05:15:00,4.96,4.97,4.96,4.97,11500,0
2016-04-11,05:20:00,4.97,4.97,4.96,4.96,79000,0
2016-04-11,05:25:00,4.96,4.98,4.96,4.97,798000,0
2016-04-11,05:30:00,4.97,4.98,4.97,4.98,11000,0
2016-04-11,05:35:00,4.98,4.98,4.97,4.98,37500,0
2016-04-11,05:40:00,4.98,4.98,4.97,4.97,104500,0
2016-04-11,05:45:00,4.97,4.98,4.97,4.97,120000,0
2016-04-11,05:50:00,4.97,4.98,4.97,4.98,95500,0
2016-04-11,05:55:00,4.98,4.98,4.97,4.97,76500,0
2016-04-11,06:00:00,4.97,4.98,4.97,4.97,23000,0
2016-04-11,07:05:00,4.97,4.98,4.96,4.97,225500,0
2016-04-11,07:10:00,4.97,4.97,4.96,4.96,1000,0
2016-04-11,07:15:00,4.96,4.97,4.96,4.97,1500,0
2016-04-11,07:20:00,4.97,4.97,4.97,4.97,6000,0
2016-04-11,07:25:00,4.97,4.98,4.97,4.98,3500,0
2016-04-11,07:30:00,4.98,4.98,4.97,4.98,10500,0
2016-04-11,07:35:00,4.98,4.98,4.97,4.98,9000,0
2016-04-11,07:40:00,4.98,4.98,4.97,4.98,11500,0
2016-04-11,07:45:00,4.98,4.98,4.97,4.97,18000,0
2016-04-11,07:50:00,4.97,4.98,4.97,4.98,18000,0
2016-04-11,07:55:00,4.98,4.99,4.97,4.99,478500,0
2016-04-11,08:00:00,4.99,4.99,4.98,4.98,2500,0
2016-04-11,08:05:00,4.98,4.99,4.98,4.99,70000,0
2016-04-11,08:10:00,4.99,4.99,4.98,4.98,11000,0
2016-04-11,08:15:00,4.98,4.99,4.98,4.98,13500,0
2016-04-11,08:20:00,4.98,4.99,4.98,4.98,12500,0
2016-04-11,08:25:00,4.98,4.99,4.98,4.98,16000,0
2016-04-11,08:30:00,4.98,4.99,4.98,4.98,2000,0
2016-04-11,08:35:00,4.98,4.99,4.98,4.99,63500,0
2016-04-11,08:40:00,4.99,4.99,4.98,4.98,32500,0
2016-04-11,08:45:00,4.98,4.99,4.98,4.99,18500,0
2016-04-11,08:50:00,4.99,4.99,4.98,4.98,135000,0
2016-04-11,08:55:00,4.98,4.99,4.98,4.99,109000,0
2016-04-11,09:00:00,4.99,4.99,4.98,4.98,15000,0
2016-04-11,09:05:00,4.98,4.99,4.98,4.98,47000,0
2016-04-11,09:10:00,4.98,4.99,4.97,4.99,264000,0
2016-04-11,09:15:00,4.99,4.99,4.98,4.99,28500,0
2016-04-11,09:20:00,4.99,4.99,4.98,4.98,25000,0
2016-04-11,09:25:00,4.98,4.98,4.98,4.98,1000,0
2016-04-11,09:30:00,4.98,4.99,4.98,4.98,15500,0
2016-04-11,09:35:00,4.98,4.99,4.98,4.98,11000,0
2016-04-11,09:40:00,4.98,4.99,4.98,4.99,19000,0
2016-04-11,09:45:00,4.99,4.99,4.98,4.98,52000,0
2016-04-11,09:50:00,4.98,5,4.98,4.99,495500,0
2016-04-11,09:55:00,4.99,5,4.99,4.99,164500,0
2016-04-11,10:00:00,4.99,5.01,4.99,5,610000,0
2016-04-12,03:35:00,4.99,5,4.99,4.99,9500,0
2016-04-12,03:40:00,4.99,5.08,4.97,5.05,781500,0
2016-04-12,03:45:00,5.05,5.08,5.04,5.08,72500,0
2016-04-12,03:50:00,5.08,5.08,5.04,5.06,121500,0
2016-04-12,03:55:00,5.06,5.08,5.03,5.04,144000,0
2016-04-12,04:00:00,5.07,5.13,5.04,5.11,1638000,0
2016-04-12,04:05:00,5.11,5.12,5.08,5.08,341000,0
2016-04-12,04:10:00,5.08,5.09,5.07,5.07,283500,0
2016-04-12,04:15:00,5.07,5.1,5.06,5.1,613500,0
2016-04-12,04:20:00,5.1,5.1,5.09,5.1,35000,0
2016-04-12,04:25:00,5.1,5.1,5.06,5.07,1100000,0
2016-04-12,04:30:00,5.07,5.1,5.07,5.07,945500,0
2016-04-12,04:35:00,5.07,5.1,5.07,5.07,229500,0
2016-04-12,04:40:00,5.07,5.08,5.07,5.08,107000,0
2016-04-12,04:45:00,5.08,5.08,5.06,5.07,220500,0
2016-04-12,04:50:00,5.07,5.08,5.07,5.07,55000,0
2016-04-12,04:55:00,5.07,5.07,5.06,5.07,848500,0
2016-04-12,05:00:00,5.07,5.1,5.07,5.08,335500,0
2016-04-12,05:05:00,5.08,5.08,5.08,5.08,33000,0
2016-04-12,05:10:00,5.08,5.08,5.07,5.07,38000,0
2016-04-12,05:15:00,5.07,5.07,5.07,5.07,41500,0
2016-04-12,05:20:00,5.07,5.07,5.07,5.07,23500,0
2016-04-12,05:25:00,5.07,5.07,5.07,5.07,32000,0
2016-04-12,05:30:00,5.07,5.07,5.06,5.07,115000,0
2016-04-12,05:35:00,5.07,5.08,5.07,5.08,35000,0
2016-04-12,05:40:00,5.08,5.08,5.07,5.07,31000,0
2016-04-12,05:45:00,5.07,5.08,5.07,5.08,33000,0
2016-04-12,05:50:00,5.08,5.08,5.07,5.07,41500,0
2016-04-12,05:55:00,5.07,5.08,5.07,5.08,23500,0
2016-04-12,06:00:00,5.08,5.08,5.07,5.07,26000,0
2016-04-12,07:05:00,5.07,5.08,5.06,5.08,84500,0
2016-04-12,07:10:00,5.08,5.08,5.07,5.08,24500,0
2016-04-12,07:15:00,5.08,5.09,5.07,5.09,25000,0
2016-04-12,07:20:00,5.09,5.09,5.09,5.09,12000,0
2016-04-12,07:25:00,5.09,5.09,5.08,5.08,61000,0
2016-04-12,07:30:00,5.08,5.08,5.08,5.08,9717,0
2016-04-12,07:35:00,5.08,5.09,5.08,5.09,12500,0
2016-04-12,07:40:00,5.09,5.09,5.08,5.09,36000,0
2016-04-12,07:45:00,5.09,5.1,5.08,5.1,63500,0
2016-04-12,07:50:00,5.1,5.1,5.08,5.08,118000,0
2016-04-12,07:55:00,5.08,5.09,5.08,5.08,34000,0
2016-04-12,08:00:00,5.08,5.09,5.08,5.08,63000,0
2016-04-12,08:05:00,5.08,5.09,5.08,5.09,26000,0
2016-04-12,08:10:00,5.09,5.09,5.08,5.08,75000,0
2016-04-12,08:15:00,5.08,5.09,5.08,5.08,17000,0
2016-04-12,08:20:00,5.08,5.09,5.08,5.09,23000,0
2016-04-12,08:25:00,5.09,5.09,5.08,5.08,17500,0
2016-04-12,08:30:00,5.08,5.09,5.08,5.09,44500,0
2016-04-12,08:35:00,5.09,5.09,5.09,5.09,19500,0
2016-04-12,08:40:00,5.09,5.09,5.08,5.09,32500,0
2016-04-12,08:45:00,5.09,5.09,5.08,5.08,30500,0
2016-04-12,08:50:00,5.08,5.09,5.07,5.07,86500,0
2016-04-12,08:55:00,5.07,5.08,5.07,5.08,23500,0
2016-04-12,09:00:00,5.08,5.08,5.07,5.08,53500,0
2016-04-12,09:05:00,5.08,5.08,5.07,5.07,152500,0
2016-04-12,09:10:00,5.07,5.08,5.06,5.08,541500,0
2016-04-12,09:15:00,5.08,5.09,5.07,5.09,118000,0
2016-04-12,09:20:00,5.09,5.09,5.08,5.08,87500,0
2016-04-12,09:25:00,5.08,5.09,5.08,5.08,168500,0
2016-04-12,09:30:00,5.08,5.09,5.07,5.07,175000,0
2016-04-12,09:35:00,5.07,5.08,5.07,5.07,107500,0
2016-04-12,09:40:00,5.07,5.08,5.07,5.07,63000,0
2016-04-12,09:45:00,5.07,5.08,5.07,5.08,175000,0
2016-04-12,09:50:00,5.08,5.09,5.07,5.08,166000,0
2016-04-12,09:55:00,5.08,5.09,5.08,5.08,288000,0
2016-04-12,10:00:00,5.08,5.1,5.08,5.09,728000,0
2016-04-13,03:35:00,5.14,5.14,5.1,5.1,415500,0
2016-04-13,03:40:00,5.1,5.1,5.1,5.1,60000,0
2016-04-13,03:45:00,5.1,5.11,5.09,5.09,22000,0
2016-04-13,03:50:00,5.09,5.09,5.08,5.09,12000,0
2016-04-13,03:55:00,5.09,5.1,5.09,5.09,80500,0
2016-04-13,04:00:00,5.09,5.11,5.09,5.1,91500,0
2016-04-13,04:05:00,5.1,5.1,5.08,5.08,1500,0
2016-04-13,04:10:00,5.08,5.12,5.08,5.1,620000,0
2016-04-13,04:15:00,5.1,5.12,5.08,5.08,134000,0
2016-04-13,04:20:00,5.08,5.08,5.07,5.07,136500,0
2016-04-13,04:25:00,5.07,5.07,5.07,5.07,18500,0
2016-04-13,04:30:00,5.07,5.1,5.07,5.09,245000,0
2016-04-13,04:35:00,5.09,5.1,5.08,5.1,880000,0
2016-04-13,04:45:00,5.1,5.1,5.08,5.08,18500,0
2016-04-13,04:50:00,5.08,5.08,5.06,5.06,125500,0
2016-04-13,04:55:00,5.06,5.08,5.05,5.07,359000,0
2016-04-13,05:00:00,5.07,5.08,5.07,5.07,129500,0
2016-04-13,05:05:00,5.07,5.07,5.06,5.06,38500,0
2016-04-13,05:10:00,5.06,5.06,5,5,359000,0
2016-04-13,05:15:00,5,5.07,5,5.07,205500,0
2016-04-13,05:20:00,5.07,5.07,5,5,268000,0
2016-04-13,05:25:00,5,5,5,5,38000,0
2016-04-13,05:30:00,5,5.02,4.93,5.01,837000,0
2016-04-13,05:35:00,5.01,5.04,5.01,5.01,80500,0
2016-04-13,05:40:00,5.01,5.05,5.01,5.02,51500,0
2016-04-13,05:45:00,5.04,5.05,5.04,5.04,19000,0
2016-04-13,05:50:00,5.04,5.06,5.04,5.05,184000,0
2016-04-13,05:55:00,5.05,5.06,5.05,5.05,62000,0
2016-04-13,06:00:00,5.05,5.06,5.03,5.06,159000,0
2016-04-13,07:05:00,5.06,5.06,5.04,5.05,414000,0
2016-04-13,07:10:00,5.05,5.06,5.05,5.06,10500,0
2016-04-13,07:15:00,5.06,5.06,5.02,5.02,93000,0
2016-04-13,07:20:00,5.02,5.02,5.02,5.02,20000,0
2016-04-13,07:25:00,5.02,5.02,5.01,5.01,39500,0
2016-04-13,07:30:00,5.01,5.01,5,5,17500,0
2016-04-13,07:35:00,5,5,5,5,69000,0
2016-04-13,07:40:00,5,5,4.98,4.98,19000,0
2016-04-13,07:45:00,4.98,5,4.98,5,82000,0
2016-04-13,07:50:00,5,5,5,5,27500,0
2016-04-13,07:55:00,5,5.02,4.98,5,105000,0
2016-04-13,08:00:00,5,5.01,4.98,5.01,105500,0
2016-04-13,08:05:00,5.01,5.03,5.01,5.03,128500,0
2016-04-13,08:10:00,5.03,5.05,5.03,5.04,196000,0
2016-04-13,08:15:00,5.04,5.04,5.04,5.04,12000,0
2016-04-13,08:20:00,5.04,5.04,5.04,5.04,33500,0
2016-04-13,08:25:00,5.04,5.04,5.03,5.03,62500,0
2016-04-13,08:30:00,5.03,5.07,5.03,5.06,619000,0
2016-04-13,08:35:00,5.06,5.07,5.06,5.07,31000,0
2016-04-13,08:40:00,5.07,5.07,5.05,5.05,15500,0
2016-04-13,08:45:00,5.05,5.05,5.01,5.01,108000,0
2016-04-13,08:50:00,5.01,5.05,5.01,5.05,221500,0
2016-04-13,08:55:00,5.05,5.05,5.05,5.05,8500,0
2016-04-13,09:00:00,5.05,5.05,5,5.01,107500,0
2016-04-13,09:05:00,5.01,5.01,4.99,5,48000,0
2016-04-13,09:10:00,5,5,4.99,5,49500,0
2016-04-13,09:15:00,5,5.01,5,5.01,44500,0
2016-04-13,09:20:00,5.01,5.01,5,5.01,415500,0
2016-04-13,09:25:00,5.01,5.02,5,5.02,328500,0
2016-04-13,09:30:00,5.02,5.02,5,5,22000,0
2016-04-13,09:35:00,5,5.01,5,5.01,46000,0
2016-04-13,09:40:00,5.01,5.01,5,5,32500,0
2016-04-13,09:45:00,5,5.01,4.99,4.99,56500,0
2016-04-13,09:50:00,4.99,5.04,4.99,5.02,83000,0
2016-04-13,09:55:00,5.02,5.02,5,5,136000,0
2016-04-13,10:00:00,5,5.07,4.99,5.07,605500,0
