Date,Time,Open,High,Low,Close,Volume,OpenInt
2016-02-04,05:00:00,0.72,0.72,0.71,0.71,40000,0
2016-02-04,06:05:00,0.71,0.72,0.71,0.72,20000,0
2016-02-04,06:10:00,0.72,0.72,0.7,0.7,80000,0
2016-02-04,07:05:00,0.71,0.71,0.71,0.71,145,0
2016-02-04,07:10:00,0.71,0.71,0.71,0.71,90000,0
2016-02-04,07:35:00,0.71,0.71,0.7,0.7,100000,0
2016-02-04,07:50:00,0.7,0.7,0.7,0.7,50000,0
2016-02-04,08:10:00,0.7,0.7,0.7,0.7,50000,0
2016-02-04,08:50:00,0.7,0.7,0.7,0.7,10000,0
2016-02-04,08:55:00,0.7,0.7,0.7,0.7,50000,0
2016-02-04,09:00:00,0.7,0.72,0.7,0.72,2000,0
2016-02-05,02:55:00,0.72,0.72,0.72,0.72,14000,0
2016-02-05,04:55:00,0.71,0.72,0.71,0.72,97000,0
2016-02-05,06:45:00,0.72,0.73,0.72,0.73,355000,0
2016-02-05,08:15:00,0.73,0.73,0.72,0.72,132000,0
2016-02-05,08:35:00,0.72,0.72,0.72,0.72,2000,0
2016-02-05,08:40:00,0.72,0.72,0.72,0.72,16000,0
2016-02-12,08:10:00,0.69,0.7,0.69,0.7,20000,0
2016-02-15,07:25:00,0.71,0.71,0.71,0.71,30000,0
2016-02-15,09:00:00,0.71,0.72,0.71,0.72,2000,0
2016-02-16,04:05:00,0.73,0.73,0.73,0.73,10000,0
2016-02-16,04:25:00,0.73,0.73,0.73,0.73,40000,0
2016-02-16,09:00:00,0.73,0.73,0.73,0.73,20000,0
2016-02-17,02:35:00,0.74,0.74,0.73,0.74,48000,0
2016-02-17,03:00:00,0.72,0.72,0.72,0.72,20000,0
2016-02-17,04:35:00,0.72,0.72,0.72,0.72,40000,0
2016-02-17,08:00:00,0.72,0.72,0.72,0.72,40000,0
2016-02-17,09:00:00,0.71,0.72,0.71,0.72,2000,0
2016-02-18,02:40:00,0.72,0.72,0.72,0.72,21000,0
2016-02-18,03:40:00,0.72,0.72,0.72,0.72,4000,0
2016-02-18,03:50:00,0.72,0.72,0.72,0.72,40000,0
2016-02-18,03:55:00,0.72,0.72,0.72,0.72,39000,0
2016-02-18,06:05:00,0.72,0.72,0.72,0.72,14000,0
2016-02-18,06:45:00,0.71,0.72,0.71,0.72,186000,0
2016-02-18,08:15:00,0.72,0.72,0.72,0.72,115000,0
2016-02-18,08:20:00,0.72,0.72,0.72,0.72,25000,0
2016-02-18,09:00:00,0.72,0.74,0.72,0.74,2000,0
2016-02-19,02:55:00,0.73,0.73,0.73,0.73,170000,0
2016-02-19,03:00:00,0.73,0.73,0.73,0.73,127000,0
2016-02-19,03:20:00,0.73,0.73,0.73,0.73,44000,0
2016-02-19,03:50:00,0.73,0.73,0.73,0.73,4000,0
2016-02-19,04:15:00,0.73,0.73,0.73,0.73,3000,0
2016-02-19,04:55:00,0.73,0.73,0.73,0.73,50000,0
2016-02-19,06:05:00,0.73,0.73,0.73,0.73,110000,0
2016-02-19,06:45:00,0.73,0.73,0.73,0.73,92000,0
2016-02-22,02:35:00,0.72,0.72,0.72,0.72,7000,0
2016-02-23,02:35:00,0.74,0.74,0.74,0.74,10000,0
2016-02-23,03:15:00,0.74,0.74,0.74,0.74,20000,0
2016-02-23,04:20:00,0.74,0.74,0.74,0.74,50000,0
2016-02-23,04:30:00,0.74,0.74,0.74,0.74,17000,0
2016-02-23,04:35:00,0.74,0.74,0.74,0.74,56000,0
2016-02-23,07:40:00,0.72,0.73,0.72,0.73,38000,0
2016-02-24,09:00:00,0.71,0.72,0.71,0.72,2000,0
2016-02-25,02:35:00,0.71,0.72,0.71,0.71,400000,0
2016-02-25,06:15:00,0.71,0.71,0.71,0.71,35000,0
2016-02-25,07:20:00,0.71,0.71,0.71,0.71,46000,0
2016-02-25,07:45:00,0.71,0.71,0.71,0.71,4000,0
2016-02-25,08:00:00,0.71,0.71,0.7,0.7,317000,0
2016-02-25,08:20:00,0.7,0.7,0.7,0.7,10000,0
2016-02-25,08:55:00,0.69,0.7,0.69,0.7,200000,0
2016-02-26,07:50:00,0.7,0.7,0.7,0.7,95000,0
2016-02-26,08:20:00,0.7,0.7,0.7,0.7,100000,0
2016-02-26,08:45:00,0.69,0.7,0.69,0.7,120000,0
2016-02-26,09:00:00,0.7,0.73,0.7,0.7,153000,0
2016-02-29,04:30:00,0.7,0.7,0.7,0.7,100000,0
2016-02-29,07:55:00,0.7,0.7,0.7,0.7,80000,0
2016-02-29,09:00:00,0.7,0.72,0.7,0.72,2000,0
2016-03-02,02:50:00,0.71,0.71,0.7,0.71,24000,0
2016-03-02,02:55:00,0.71,0.71,0.71,0.71,2000,0
2016-03-02,03:15:00,0.71,0.71,0.71,0.71,5000,0
2016-03-03,02:35:00,0.69,0.7,0.68,0.69,83000,0
2016-03-03,03:00:00,0.68,0.69,0.68,0.69,194000,0
2016-03-03,03:05:00,0.69,0.69,0.69,0.69,5000,0
2016-03-03,03:10:00,0.69,0.69,0.69,0.69,16000,0
2016-03-03,04:05:00,0.69,0.69,0.69,0.69,100000,0
2016-03-03,04:25:00,0.69,0.69,0.69,0.69,300000,0
2016-03-03,04:55:00,0.69,0.69,0.69,0.69,30000,0
2016-03-03,06:20:00,0.69,0.69,0.69,0.69,5000,0
2016-03-03,06:40:00,0.69,0.69,0.69,0.69,20000,0
2016-03-03,07:35:00,0.69,0.69,0.69,0.69,100000,0
2016-03-03,08:20:00,0.69,0.7,0.69,0.7,34000,0
2016-03-03,08:25:00,0.7,0.7,0.7,0.7,68000,0
2016-03-03,09:00:00,0.7,0.7,0.69,0.7,33000,0
2016-03-04,02:45:00,0.69,0.7,0.69,0.7,30000,0
2016-03-04,03:55:00,0.7,0.7,0.7,0.7,1000,0
2016-03-04,04:00:00,0.7,0.7,0.7,0.7,5000,0
2016-03-04,04:05:00,0.7,0.7,0.7,0.7,62000,0
2016-03-04,04:10:00,0.7,0.71,0.7,0.71,54000,0
2016-03-04,04:35:00,0.71,0.71,0.71,0.71,50000,0
2016-03-04,04:40:00,0.71,0.72,0.7,0.7,33000,0
2016-03-04,05:00:00,0.7,0.71,0.7,0.71,2000,0
2016-03-04,06:25:00,0.71,0.71,0.7,0.7,178000,0
2016-03-04,07:45:00,0.7,0.7,0.7,0.7,10000,0
2016-03-04,08:15:00,0.7,0.7,0.7,0.7,103000,0
2016-03-04,08:25:00,0.7,0.7,0.7,0.7,13000,0
2016-03-04,08:40:00,0.7,0.7,0.7,0.7,2000,0
2016-03-04,08:45:00,0.7,0.7,0.7,0.7,1000,0
2016-03-04,08:50:00,0.7,0.7,0.7,0.7,1000,0
2016-03-07,03:10:00,0.7,0.7,0.7,0.7,18000,0
2016-03-07,03:15:00,0.7,0.7,0.7,0.7,52000,0
2016-03-07,03:40:00,0.7,0.7,0.69,0.69,442000,0
2016-03-07,03:45:00,0.69,0.69,0.69,0.69,100000,0
2016-03-07,04:40:00,0.69,0.69,0.69,0.69,7000,0
2016-03-07,05:00:00,0.69,0.7,0.69,0.7,200000,0
2016-03-07,06:20:00,0.7,0.7,0.7,0.7,100000,0
2016-03-07,06:40:00,0.7,0.7,0.69,0.69,345000,0
2016-03-07,06:55:00,0.69,0.69,0.69,0.69,25000,0
2016-03-07,08:10:00,0.69,0.69,0.69,0.69,6000,0
2016-03-07,09:00:00,0.69,0.7,0.69,0.7,15000,0
2016-03-08,04:45:00,0.68,0.69,0.68,0.69,4000,0
2016-03-08,04:50:00,0.69,0.69,0.69,0.69,13000,0
2016-03-08,06:10:00,0.69,0.69,0.69,0.69,7000,0
2016-03-08,06:40:00,0.69,0.7,0.69,0.7,53000,0
2016-03-08,06:45:00,0.7,0.7,0.7,0.7,50000,0
2016-03-08,07:40:00,0.7,0.7,0.69,0.69,83000,0
2016-03-08,08:50:00,0.69,0.7,0.69,0.7,24000,0
2016-03-08,09:00:00,0.7,0.71,0.7,0.71,2000,0
2016-03-09,02:35:00,0.69,0.69,0.69,0.69,40000,0
2016-03-09,02:45:00,0.69,0.69,0.69,0.69,6000,0
2016-03-09,03:20:00,0.69,0.69,0.69,0.69,1000,0
2016-03-09,04:05:00,0.69,0.69,0.69,0.69,55000,0
2016-03-09,04:10:00,0.69,0.69,0.69,0.69,19000,0
2016-03-09,06:05:00,0.69,0.69,0.69,0.69,32000,0
2016-03-09,08:55:00,0.68,0.69,0.68,0.69,40000,0
2016-03-09,09:00:00,0.69,0.69,0.69,0.69,2000,0
2016-03-10,02:40:00,0.67,0.69,0.67,0.68,6000,0
2016-03-10,03:30:00,0.68,0.7,0.68,0.7,6000,0
2016-03-10,03:35:00,0.7,0.7,0.7,0.7,4000,0
2016-03-10,04:00:00,0.7,0.7,0.69,0.69,56000,0
2016-03-10,04:55:00,0.69,0.69,0.68,0.68,40000,0
2016-03-10,06:10:00,0.68,0.69,0.68,0.69,60000,0
2016-03-10,08:50:00,0.69,0.69,0.68,0.68,116000,0
2016-03-10,08:55:00,0.68,0.69,0.68,0.69,2000,0
2016-03-10,09:00:00,0.69,0.69,0.69,0.69,1000,0
2016-03-11,04:00:00,0.69,0.7,0.69,0.7,80000,0
2016-03-11,04:10:00,0.7,0.7,0.7,0.7,50000,0
2016-03-11,04:20:00,0.7,0.71,0.7,0.71,5000,0
2016-03-11,04:30:00,0.71,0.71,0.71,0.71,50000,0
2016-03-11,04:35:00,0.71,0.71,0.7,0.7,51000,0
2016-03-11,04:55:00,0.7,0.7,0.7,0.7,30000,0
2016-03-11,06:45:00,0.7,0.7,0.7,0.7,100000,0
2016-03-11,09:00:00,0.69,0.7,0.69,0.7,2000,0
2016-03-14,03:45:00,0.7,0.7,0.7,0.7,11000,0
2016-03-14,04:00:00,0.7,0.71,0.7,0.71,24000,0
2016-03-14,04:20:00,0.71,0.71,0.71,0.71,20000,0
2016-03-14,04:25:00,0.71,0.71,0.7,0.7,300000,0
2016-03-14,04:45:00,0.7,0.7,0.7,0.7,5000,0
2016-03-14,06:40:00,0.69,0.7,0.69,0.7,302000,0
2016-03-14,07:10:00,0.7,0.7,0.7,0.7,80000,0
2016-03-15,02:35:00,0.7,0.7,0.7,0.7,7000,0
2016-03-15,04:00:00,0.69,0.7,0.69,0.7,233000,0
2016-03-15,04:10:00,0.7,0.7,0.7,0.7,97000,0
2016-03-15,07:50:00,0.7,0.7,0.7,0.7,13000,0
2016-03-16,09:00:00,0.69,0.74,0.69,0.74,2000,0
2016-03-17,02:35:00,0.7,0.74,0.7,0.7,360000,0
2016-03-17,03:10:00,0.7,0.7,0.7,0.7,1000,0
2016-03-17,03:15:00,0.7,0.7,0.7,0.7,25000,0
2016-03-17,04:05:00,0.7,0.7,0.7,0.7,234000,0
2016-03-17,04:10:00,0.7,0.73,0.7,0.71,27000,0
2016-03-17,04:15:00,0.71,0.71,0.7,0.7,54000,0
2016-03-17,05:00:00,0.7,0.7,0.7,0.7,195000,0
2016-03-17,06:05:00,0.7,0.7,0.7,0.7,15000,0
2016-03-17,06:20:00,0.7,0.71,0.7,0.71,16000,0
2016-03-17,06:50:00,0.71,0.71,0.71,0.71,1000,0
2016-03-17,07:20:00,0.71,0.71,0.7,0.7,65000,0
2016-03-17,07:50:00,0.7,0.7,0.7,0.7,10000,0
2016-03-17,08:20:00,0.7,0.7,0.7,0.7,20000,0
2016-03-17,08:55:00,0.7,0.7,0.7,0.7,3000,0
2016-03-17,09:00:00,0.7,0.71,0.69,0.71,137000,0
2016-03-18,03:55:00,0.7,0.71,0.7,0.71,3000,0
2016-03-18,04:25:00,0.7,0.71,0.7,0.71,2000,0
2016-03-18,04:45:00,0.71,0.71,0.71,0.71,1000,0
2016-03-18,07:55:00,0.71,0.71,0.71,0.71,1000,0
2016-03-18,08:50:00,0.7,0.71,0.7,0.71,2000,0
2016-03-18,08:55:00,0.71,0.71,0.71,0.71,19000,0
2016-03-21,03:10:00,0.71,0.71,0.71,0.71,9000,0
2016-03-21,08:45:00,0.7,0.71,0.7,0.71,721000,0
2016-03-21,08:55:00,0.71,0.71,0.71,0.71,28000,0
2016-03-21,09:00:00,0.71,0.74,0.71,0.74,3000,0
2016-03-22,02:45:00,0.7,0.71,0.7,0.71,42000,0
2016-03-22,03:05:00,0.7,0.71,0.7,0.71,42000,0
2016-03-22,03:20:00,0.71,0.71,0.71,0.71,22000,0
2016-03-22,03:25:00,0.71,0.72,0.71,0.72,77000,0
2016-03-22,03:50:00,0.72,0.72,0.72,0.72,2000,0
2016-03-22,03:55:00,0.72,0.72,0.71,0.71,110000,0
2016-03-22,04:10:00,0.71,0.72,0.71,0.72,120000,0
2016-03-22,04:15:00,0.72,0.72,0.72,0.72,40000,0
2016-03-22,04:40:00,0.72,0.73,0.72,0.73,93000,0
2016-03-22,04:45:00,0.73,0.73,0.72,0.72,24000,0
2016-03-22,05:00:00,0.72,0.73,0.72,0.73,2000,0
2016-03-22,06:05:00,0.73,0.73,0.73,0.73,149000,0
2016-03-22,06:20:00,0.73,0.73,0.73,0.73,50000,0
2016-03-22,06:45:00,0.73,0.74,0.73,0.74,114000,0
2016-03-22,06:55:00,0.74,0.74,0.74,0.74,160000,0
2016-03-22,07:05:00,0.74,0.75,0.74,0.75,274000,0
2016-03-22,07:10:00,0.75,0.75,0.75,0.75,16000,0
2016-03-22,07:15:00,0.75,0.75,0.74,0.74,61000,0
2016-03-22,07:25:00,0.74,0.75,0.74,0.75,2000,0
2016-03-22,07:30:00,0.75,0.75,0.74,0.74,34000,0
2016-03-22,07:55:00,0.74,0.74,0.74,0.74,3000,0
2016-03-22,08:00:00,0.74,0.74,0.73,0.74,292000,0
2016-03-22,08:05:00,0.74,0.74,0.74,0.74,145000,0
2016-03-22,08:15:00,0.74,0.74,0.73,0.73,98000,0
2016-03-22,08:20:00,0.73,0.73,0.73,0.73,27000,0
2016-03-22,08:25:00,0.73,0.73,0.73,0.73,10000,0
2016-03-22,08:35:00,0.73,0.73,0.73,0.73,1000,0
2016-03-22,08:50:00,0.73,0.73,0.73,0.73,9000,0
2016-03-22,08:55:00,0.73,0.73,0.73,0.73,100000,0
2016-03-23,03:30:00,0.73,0.73,0.73,0.73,5000,0
2016-03-23,08:20:00,0.72,0.73,0.72,0.73,2000,0
2016-03-23,09:00:00,0.72,0.73,0.72,0.73,2000,0
2016-03-24,03:25:00,0.72,0.72,0.72,0.72,47000,0
2016-03-24,04:10:00,0.72,0.72,0.72,0.72,5000,0
2016-03-24,04:15:00,0.72,0.72,0.71,0.71,120000,0
2016-03-24,04:20:00,0.71,0.71,0.71,0.71,40000,0
2016-03-24,06:05:00,0.71,0.72,0.71,0.72,4000,0
2016-03-24,06:45:00,0.72,0.72,0.71,0.72,59000,0
2016-03-24,07:30:00,0.72,0.72,0.72,0.72,20000,0
2016-03-24,08:05:00,0.72,0.73,0.72,0.72,166000,0
2016-03-24,08:10:00,0.72,0.72,0.72,0.72,50000,0
2016-03-24,08:25:00,0.72,0.72,0.72,0.72,10000,0
2016-03-24,08:30:00,0.72,0.72,0.72,0.72,24000,0
2016-03-24,08:35:00,0.72,0.74,0.72,0.74,46000,0
2016-03-24,08:40:00,0.74,0.74,0.73,0.73,2000,0
2016-03-24,08:55:00,0.73,0.73,0.72,0.72,100000,0
2016-03-24,09:00:00,0.72,0.73,0.71,0.73,6000,0
2016-03-29,03:35:00,0.73,0.73,0.73,0.73,30000,0
2016-03-29,03:45:00,0.73,0.73,0.73,0.73,10000,0
2016-03-29,04:25:00,0.73,0.74,0.73,0.74,140000,0
2016-03-29,04:30:00,0.74,0.74,0.74,0.74,20000,0
2016-03-29,04:40:00,0.74,0.74,0.73,0.73,66000,0
2016-03-29,04:50:00,0.73,0.74,0.73,0.74,103000,0
2016-03-29,05:00:00,0.74,0.74,0.73,0.73,40000,0
2016-03-29,05:40:00,0.73,0.73,0.73,0.73,1000,0
2016-03-29,07:40:00,0.73,0.73,0.73,0.73,79000,0
2016-03-29,09:45:00,0.72,0.73,0.72,0.73,160000,0
2016-03-29,10:00:00,0.73,0.73,0.73,0.73,100000,0
2016-03-30,03:35:00,0.78,0.79,0.78,0.79,204000,0
2016-03-30,03:40:00,0.79,0.8,0.79,0.8,199000,0
2016-03-30,03:45:00,0.79,0.8,0.79,0.79,200000,0
2016-03-30,03:55:00,0.79,0.79,0.78,0.78,72000,0
2016-03-30,04:05:00,0.78,0.78,0.77,0.77,246000,0
2016-03-30,04:10:00,0.77,0.77,0.77,0.77,50000,0
2016-03-30,04:15:00,0.77,0.77,0.77,0.77,60000,0
2016-03-30,04:25:00,0.77,0.77,0.77,0.77,10000,0
2016-03-30,04:35:00,0.77,0.77,0.77,0.77,25000,0
2016-03-30,04:40:00,0.77,0.77,0.77,0.77,192000,0
2016-03-30,04:45:00,0.77,0.77,0.77,0.77,23000,0
2016-03-30,04:55:00,0.77,0.77,0.77,0.77,5000,0
2016-03-30,05:10:00,0.77,0.77,0.77,0.77,107000,0
2016-03-30,05:15:00,0.77,0.77,0.77,0.77,115000,0
2016-03-30,05:35:00,0.77,0.77,0.77,0.77,103000,0
2016-03-30,05:55:00,0.77,0.77,0.77,0.77,100000,0
2016-03-30,07:25:00,0.77,0.77,0.77,0.77,105000,0
2016-03-30,07:40:00,0.77,0.77,0.76,0.76,42000,0
2016-03-30,08:05:00,0.76,0.76,0.76,0.76,94000,0
2016-03-30,08:30:00,0.76,0.77,0.76,0.77,55000,0
2016-03-30,08:35:00,0.77,0.77,0.77,0.77,13000,0
2016-03-30,08:40:00,0.77,0.77,0.77,0.77,22000,0
2016-03-30,08:55:00,0.77,0.77,0.77,0.77,1000,0
2016-03-30,09:00:00,0.77,0.77,0.77,0.77,100000,0
2016-03-30,09:10:00,0.77,0.77,0.77,0.77,100000,0
2016-03-30,09:25:00,0.77,0.77,0.77,0.77,35000,0
2016-03-30,09:50:00,0.77,0.77,0.77,0.77,20000,0
2016-03-30,09:55:00,0.77,0.78,0.77,0.78,333000,0
2016-03-30,10:00:00,0.78,0.78,0.78,0.78,3000,0
2016-03-31,03:35:00,0.79,0.79,0.79,0.79,80000,0
2016-03-31,04:30:00,0.79,0.79,0.78,0.78,20000,0
2016-03-31,04:55:00,0.78,0.78,0.78,0.78,30000,0
2016-03-31,05:20:00,0.78,0.78,0.78,0.78,4000,0
2016-03-31,07:55:00,0.77,0.78,0.77,0.78,160000,0
2016-03-31,08:30:00,0.78,0.78,0.78,0.78,46000,0
2016-03-31,09:20:00,0.77,0.78,0.77,0.78,40000,0
2016-03-31,09:45:00,0.78,0.78,0.78,0.78,130000,0
2016-03-31,09:55:00,0.78,0.78,0.78,0.78,100000,0
2016-03-31,10:00:00,0.78,0.78,0.78,0.78,39000,0
2016-04-01,04:20:00,0.78,0.78,0.78,0.78,75000,0
2016-04-01,07:55:00,0.77,0.78,0.77,0.78,80000,0
2016-04-01,08:00:00,0.78,0.78,0.78,0.78,313000,0
2016-04-01,08:05:00,0.78,0.79,0.78,0.79,70000,0
2016-04-01,08:10:00,0.79,0.79,0.79,0.79,193000,0
2016-04-01,08:15:00,0.79,0.79,0.79,0.79,31000,0
2016-04-01,08:20:00,0.79,0.82,0.79,0.82,657000,0
2016-04-01,08:25:00,0.82,0.82,0.82,0.82,3000,0
2016-04-01,08:35:00,0.82,0.82,0.8,0.8,135000,0
2016-04-01,08:40:00,0.8,0.81,0.8,0.81,70000,0
2016-04-01,09:00:00,0.81,0.82,0.81,0.82,87000,0
2016-04-01,09:05:00,0.82,0.82,0.81,0.81,10000,0
2016-04-01,09:10:00,0.81,0.82,0.81,0.82,16000,0
2016-04-01,09:15:00,0.82,0.82,0.81,0.81,24000,0
2016-04-01,09:30:00,0.81,0.81,0.81,0.81,1000,0
2016-04-01,09:35:00,0.81,0.81,0.81,0.81,55000,0
2016-04-01,09:55:00,0.81,0.81,0.8,0.8,80000,0
2016-04-01,10:00:00,0.8,0.82,0.8,0.81,110000,0
2016-04-05,03:35:00,0.81,0.81,0.81,0.81,15000,0
2016-04-05,05:00:00,0.8,0.81,0.8,0.81,105000,0
2016-04-05,05:05:00,0.81,0.81,0.81,0.81,25000,0
2016-04-05,05:10:00,0.81,0.81,0.81,0.81,137000,0
2016-04-05,05:15:00,0.81,0.81,0.81,0.81,70000,0
2016-04-05,05:45:00,0.81,0.81,0.81,0.81,30000,0
2016-04-05,06:00:00,0.81,0.82,0.81,0.82,60000,0
2016-04-05,07:05:00,0.82,0.82,0.81,0.81,250000,0
2016-04-05,07:20:00,0.81,0.81,0.81,0.81,20000,0
2016-04-05,07:40:00,0.81,0.81,0.81,0.81,1000,0
2016-04-05,07:45:00,0.81,0.81,0.81,0.81,100000,0
2016-04-05,07:55:00,0.81,0.81,0.81,0.81,100000,0
2016-04-05,08:40:00,0.81,0.81,0.81,0.81,32000,0
2016-04-05,08:50:00,0.81,0.81,0.81,0.81,100000,0
2016-04-05,09:00:00,0.81,0.81,0.81,0.81,1000,0
2016-04-05,09:25:00,0.81,0.82,0.81,0.82,162000,0
2016-04-05,09:35:00,0.82,0.82,0.82,0.82,82000,0
2016-04-05,09:40:00,0.82,0.82,0.81,0.82,502000,0
2016-04-05,09:45:00,0.82,0.82,0.82,0.82,30000,0
2016-04-06,03:35:00,0.82,0.83,0.82,0.83,182000,0
2016-04-06,03:40:00,0.83,0.84,0.83,0.84,64000,0
2016-04-06,03:45:00,0.84,0.84,0.84,0.84,138000,0
2016-04-06,03:50:00,0.84,0.84,0.84,0.84,2000,0
2016-04-06,03:55:00,0.84,0.84,0.83,0.83,12000,0
2016-04-06,04:35:00,0.83,0.83,0.83,0.83,188000,0
2016-04-06,04:40:00,0.83,0.83,0.83,0.83,90000,0
2016-04-06,04:55:00,0.83,0.83,0.83,0.83,10000,0
2016-04-06,05:10:00,0.83,0.83,0.83,0.83,30000,0
2016-04-06,05:40:00,0.83,0.83,0.83,0.83,20000,0
2016-04-06,06:00:00,0.83,0.84,0.83,0.84,64000,0
2016-04-06,07:45:00,0.84,0.84,0.83,0.83,321000,0
2016-04-06,07:50:00,0.83,0.83,0.83,0.83,89000,0
2016-04-06,07:55:00,0.83,0.83,0.83,0.83,9000,0
2016-04-06,08:30:00,0.83,0.83,0.83,0.83,40000,0
2016-04-06,08:40:00,0.83,0.84,0.83,0.84,163000,0
2016-04-06,09:00:00,0.84,0.84,0.84,0.84,20000,0
2016-04-06,09:05:00,0.84,0.84,0.84,0.84,1000,0
2016-04-06,09:20:00,0.84,0.84,0.84,0.84,20000,0
2016-04-07,08:20:00,0.84,0.85,0.84,0.85,238000,0
2016-04-07,08:25:00,0.85,0.85,0.85,0.85,2000,0
2016-04-07,08:35:00,0.85,0.85,0.85,0.85,8000,0
2016-04-07,08:40:00,0.85,0.86,0.85,0.86,43000,0
2016-04-07,08:50:00,0.85,0.85,0.85,0.85,10000,0
2016-04-07,09:00:00,0.85,0.85,0.85,0.85,280000,0
2016-04-07,09:20:00,0.85,0.85,0.85,0.85,30000,0
2016-04-07,09:50:00,0.85,0.86,0.85,0.85,111000,0
2016-04-07,09:55:00,0.85,0.85,0.85,0.85,50000,0
2016-04-08,04:00:00,0.85,0.85,0.85,0.85,99000,0
2016-04-08,04:05:00,0.85,0.86,0.85,0.86,100000,0
2016-04-08,04:10:00,0.86,0.86,0.86,0.86,30000,0
2016-04-08,04:20:00,0.86,0.86,0.86,0.86,4000,0
2016-04-08,04:25:00,0.86,0.86,0.86,0.86,10000,0
2016-04-08,04:30:00,0.86,0.86,0.86,0.86,2000,0
2016-04-08,04:35:00,0.86,0.86,0.86,0.86,198000,0
2016-04-08,04:45:00,0.86,0.86,0.86,0.86,2000,0
2016-04-08,04:50:00,0.86,0.86,0.86,0.86,28000,0
2016-04-08,05:15:00,0.84,0.85,0.84,0.85,44000,0
2016-04-08,05:20:00,0.85,0.85,0.84,0.84,300000,0
2016-04-08,05:30:00,0.84,0.84,0.84,0.84,2000,0
2016-04-08,07:50:00,0.84,0.86,0.84,0.85,146000,0
2016-04-11,04:45:00,0.85,0.86,0.85,0.86,150000,0
2016-04-11,05:25:00,0.86,0.86,0.86,0.86,50000,0
2016-04-11,07:40:00,0.86,0.86,0.86,0.86,20000,0
2016-04-11,07:50:00,0.86,0.86,0.86,0.86,50000,0
2016-04-12,04:05:00,0.84,0.85,0.84,0.84,19000,0
2016-04-12,04:15:00,0.84,0.84,0.84,0.84,43000,0
2016-04-12,04:35:00,0.84,0.84,0.84,0.84,1000,0
2016-04-12,05:25:00,0.84,0.84,0.84,0.84,6000,0
2016-04-12,05:30:00,0.84,0.84,0.84,0.84,194000,0
2016-04-12,07:10:00,0.84,0.84,0.84,0.84,26000,0
2016-04-12,07:15:00,0.84,0.84,0.84,0.84,5000,0
2016-04-12,08:35:00,0.84,0.84,0.84,0.84,60000,0
2016-04-12,09:20:00,0.84,0.84,0.84,0.84,13000,0
2016-04-13,04:00:00,0.84,0.84,0.83,0.84,13000,0
2016-04-13,04:45:00,0.84,0.84,0.84,0.84,52000,0
2016-04-13,05:25:00,0.84,0.84,0.84,0.84,20000,0
2016-04-13,07:05:00,0.84,0.85,0.84,0.85,4000,0
2016-04-13,07:20:00,0.85,0.85,0.85,0.85,12000,0
2016-04-13,07:30:00,0.85,0.85,0.85,0.85,85000,0
2016-04-13,07:40:00,0.85,0.85,0.84,0.85,102000,0
2016-04-13,08:00:00,0.85,0.85,0.85,0.85,50000,0
2016-04-13,08:25:00,0.85,0.85,0.84,0.84,20000,0
2016-04-13,09:25:00,0.84,0.85,0.84,0.85,10000,0
2016-04-13,09:40:00,0.85,0.85,0.85,0.85,10000,0
2016-04-13,09:45:00,0.85,0.85,0.84,0.84,20000,0
2016-04-13,09:50:00,0.84,0.84,0.84,0.84,50000,0
2016-04-13,09:55:00,0.84,0.85,0.84,0.85,21000,0
