Date,Time,Open,High,Low,Close,Volume,OpenInt
2016-03-17,02:35:00,4.6,4.6,4.57,4.6,158000,0
2016-03-17,02:40:00,4.6,4.61,4.6,4.6,20000,0
2016-03-17,02:45:00,4.6,4.6,4.59,4.6,26000,0
2016-03-17,02:50:00,4.6,4.6,4.6,4.6,20000,0
2016-03-17,02:55:00,4.6,4.6,4.6,4.6,2248,0
2016-03-17,03:00:00,4.6,4.6,4.59,4.59,54000,0
2016-03-17,03:05:00,4.59,4.6,4.59,4.59,8000,0
2016-03-17,03:10:00,4.59,4.59,4.59,4.59,4000,0
2016-03-17,03:15:00,4.59,4.59,4.59,4.59,2000,0
2016-03-17,03:20:00,4.6,4.6,4.58,4.59,38000,0
2016-03-17,03:25:00,4.59,4.59,4.58,4.58,14000,0
2016-03-17,03:30:00,4.58,4.58,4.58,4.58,2000,0
2016-03-17,03:35:00,4.58,4.6,4.58,4.59,92000,0
2016-03-17,03:40:00,4.59,4.59,4.57,4.57,18000,0
2016-03-17,03:45:00,4.58,4.59,4.57,4.57,10000,0
2016-03-17,03:55:00,4.57,4.58,4.57,4.57,8000,0
2016-03-17,04:00:00,4.57,4.57,4.57,4.57,2000,0
2016-03-17,04:05:00,4.57,4.57,4.57,4.57,4000,0
2016-03-17,04:10:00,4.57,4.57,4.56,4.56,18000,0
2016-03-17,04:15:00,4.56,4.56,4.56,4.56,6000,0
2016-03-17,04:20:00,4.56,4.56,4.56,4.56,10000,0
2016-03-17,04:25:00,4.56,4.56,4.55,4.55,4000,0
2016-03-17,04:30:00,4.55,4.56,4.55,4.56,4000,0
2016-03-17,04:35:00,4.56,4.57,4.56,4.57,8000,0
2016-03-17,04:40:00,4.57,4.57,4.56,4.56,6000,0
2016-03-17,04:45:00,4.56,4.57,4.56,4.57,14000,0
2016-03-17,04:50:00,4.57,4.58,4.57,4.58,6000,0
2016-03-17,05:00:00,4.58,4.58,4.57,4.58,16000,0
2016-03-17,06:05:00,4.58,4.58,4.56,4.56,18000,0
2016-03-17,06:10:00,4.55,4.55,4.55,4.55,16000,0
2016-03-17,06:15:00,4.55,4.55,4.55,4.55,10000,0
2016-03-17,06:20:00,4.55,4.55,4.55,4.55,2000,0
2016-03-17,06:25:00,4.55,4.55,4.55,4.55,4000,0
2016-03-17,06:30:00,4.55,4.56,4.55,4.56,6000,0
2016-03-17,06:35:00,4.55,4.55,4.55,4.55,26000,0
2016-03-17,06:40:00,4.55,4.55,4.55,4.55,4000,0
2016-03-17,06:50:00,4.55,4.56,4.54,4.55,44000,0
2016-03-17,06:55:00,4.55,4.56,4.55,4.55,12000,0
2016-03-17,07:00:00,4.55,4.55,4.55,4.55,2000,0
2016-03-17,07:05:00,4.55,4.57,4.55,4.57,10000,0
2016-03-17,07:10:00,4.57,4.58,4.57,4.58,26000,0
2016-03-17,07:15:00,4.58,4.58,4.58,4.58,6000,0
2016-03-17,07:25:00,4.58,4.58,4.56,4.56,10000,0
2016-03-17,07:30:00,4.56,4.58,4.54,4.55,84000,0
2016-03-17,07:35:00,4.55,4.55,4.55,4.55,68000,0
2016-03-17,07:40:00,4.55,4.56,4.55,4.56,64000,0
2016-03-17,07:45:00,4.56,4.56,4.56,4.56,2000,0
2016-03-17,08:00:00,4.56,4.56,4.55,4.55,4000,0
2016-03-17,08:10:00,4.55,4.55,4.55,4.55,2000,0
2016-03-17,08:20:00,4.55,4.55,4.55,4.55,2000,0
2016-03-17,08:25:00,4.55,4.56,4.55,4.56,16000,0
2016-03-17,08:35:00,4.56,4.56,4.56,4.56,2000,0
2016-03-17,08:40:00,4.56,4.56,4.55,4.55,22000,0
2016-03-17,08:45:00,4.55,4.55,4.55,4.55,2000,0
2016-03-17,08:50:00,4.55,4.56,4.55,4.56,58000,0
2016-03-17,08:55:00,4.56,4.56,4.55,4.56,110000,0
2016-03-17,09:00:00,4.56,4.58,4.56,4.58,286000,0
2016-03-18,02:40:00,4.55,4.57,4.53,4.55,56000,0
2016-03-18,02:45:00,4.55,4.58,4.54,4.58,46000,0
2016-03-18,02:50:00,4.58,4.6,4.57,4.58,38000,0
2016-03-18,02:55:00,4.58,4.59,4.57,4.57,26000,0
2016-03-18,03:05:00,4.57,4.57,4.57,4.57,4000,0
2016-03-18,03:15:00,4.57,4.59,4.57,4.59,6000,0
2016-03-18,03:20:00,4.59,4.6,4.59,4.59,46000,0
2016-03-18,03:25:00,4.59,4.6,4.59,4.6,44000,0
2016-03-18,03:30:00,4.6,4.6,4.58,4.6,16000,0
2016-03-18,03:35:00,4.59,4.6,4.59,4.6,42000,0
2016-03-18,03:40:00,4.6,4.6,4.58,4.59,18000,0
2016-03-18,03:45:00,4.59,4.59,4.59,4.59,18000,0
2016-03-18,03:50:00,4.59,4.6,4.58,4.6,44000,0
2016-03-18,03:55:00,4.6,4.6,4.59,4.6,44000,0
2016-03-18,04:00:00,4.6,4.6,4.6,4.6,114000,0
2016-03-18,04:05:00,4.6,4.61,4.6,4.6,64000,0
2016-03-18,04:10:00,4.61,4.62,4.61,4.62,14000,0
2016-03-18,04:15:00,4.62,4.63,4.62,4.63,144000,0
2016-03-18,04:20:00,4.63,4.63,4.62,4.62,40000,0
2016-03-18,04:25:00,4.62,4.63,4.62,4.63,24000,0
2016-03-18,04:30:00,4.63,4.64,4.63,4.64,56000,0
2016-03-18,04:35:00,4.64,4.65,4.63,4.65,146000,0
2016-03-18,04:40:00,4.65,4.66,4.65,4.66,140000,0
2016-03-18,04:45:00,4.66,4.66,4.66,4.66,8000,0
2016-03-18,04:50:00,4.66,4.66,4.65,4.65,12000,0
2016-03-18,04:55:00,4.65,4.77,4.65,4.7,738000,0
2016-03-18,05:00:00,4.7,4.71,4.67,4.69,248000,0
2016-03-18,06:05:00,4.69,4.71,4.69,4.69,14000,0
2016-03-18,06:15:00,4.7,4.7,4.7,4.7,2000,0
2016-03-18,06:20:00,4.7,4.7,4.69,4.7,46000,0
2016-03-18,06:25:00,4.7,4.71,4.7,4.71,18000,0
2016-03-18,06:30:00,4.71,4.71,4.7,4.7,4500,0
2016-03-18,06:35:00,4.7,4.71,4.7,4.71,6000,0
2016-03-18,06:40:00,4.71,4.71,4.7,4.71,18000,0
2016-03-18,06:45:00,4.71,4.71,4.7,4.7,36000,0
2016-03-18,06:50:00,4.7,4.7,4.7,4.7,72000,0
2016-03-18,06:55:00,4.7,4.7,4.7,4.7,84000,0
2016-03-18,07:00:00,4.7,4.7,4.69,4.69,16000,0
2016-03-18,07:05:00,4.69,4.71,4.69,4.7,34000,0
2016-03-18,07:10:00,4.7,4.7,4.69,4.7,20000,0
2016-03-18,07:15:00,4.7,4.7,4.7,4.7,6000,0
2016-03-18,07:20:00,4.7,4.7,4.69,4.69,34000,0
2016-03-18,07:25:00,4.69,4.69,4.67,4.67,70000,0
2016-03-18,07:30:00,4.67,4.69,4.67,4.68,12000,0
2016-03-18,07:35:00,4.68,4.68,4.67,4.68,68000,0
2016-03-18,07:40:00,4.68,4.68,4.66,4.67,36000,0
2016-03-18,07:45:00,4.67,4.67,4.67,4.67,2000,0
2016-03-18,07:50:00,4.67,4.67,4.67,4.67,10000,0
2016-03-18,07:55:00,4.67,4.68,4.67,4.68,82000,0
2016-03-18,08:00:00,4.68,4.7,4.68,4.7,204000,0
2016-03-18,08:05:00,4.7,4.7,4.7,4.7,6000,0
2016-03-18,08:10:00,4.7,4.71,4.7,4.7,18000,0
2016-03-18,08:15:00,4.7,4.7,4.7,4.7,8000,0
2016-03-18,08:20:00,4.7,4.71,4.69,4.7,104000,0
2016-03-18,08:25:00,4.7,4.71,4.7,4.71,130000,0
2016-03-18,08:30:00,4.71,4.72,4.71,4.71,28000,0
2016-03-18,08:35:00,4.71,4.71,4.71,4.71,6000,0
2016-03-18,08:40:00,4.71,4.71,4.71,4.71,8000,0
2016-03-18,08:45:00,4.71,4.71,4.7,4.71,28000,0
2016-03-18,08:50:00,4.71,4.71,4.71,4.71,20000,0
2016-03-18,08:55:00,4.71,4.72,4.69,4.71,166000,0
2016-03-18,09:00:00,4.71,4.72,4.7,4.72,252000,0
2016-03-21,02:35:00,4.77,4.77,4.77,4.77,4000,0
2016-03-21,02:45:00,4.71,4.74,4.71,4.73,34000,0
2016-03-21,02:50:00,4.73,4.75,4.73,4.75,40000,0
2016-03-21,02:55:00,4.75,4.75,4.74,4.74,8000,0
2016-03-21,03:05:00,4.74,4.76,4.74,4.76,48000,0
2016-03-21,03:10:00,4.76,4.76,4.75,4.75,14000,0
2016-03-21,03:30:00,4.75,4.75,4.74,4.74,34000,0
2016-03-21,03:35:00,4.74,4.75,4.74,4.74,14000,0
2016-03-21,03:40:00,4.74,4.74,4.74,4.74,2000,0
2016-03-21,03:55:00,4.74,4.76,4.73,4.76,382000,0
2016-03-21,04:00:00,4.76,4.76,4.75,4.75,22000,0
2016-03-21,04:05:00,4.74,4.74,4.74,4.74,8000,0
2016-03-21,04:10:00,4.74,4.75,4.74,4.75,8000,0
2016-03-21,04:20:00,4.75,4.75,4.73,4.74,33700,0
2016-03-21,04:25:00,4.74,4.75,4.73,4.74,46000,0
2016-03-21,04:30:00,4.74,4.74,4.73,4.73,10000,0
2016-03-21,04:35:00,4.73,4.73,4.71,4.72,34000,0
2016-03-21,04:40:00,4.73,4.73,4.72,4.72,12000,0
2016-03-21,04:45:00,4.72,4.73,4.7,4.72,46000,0
2016-03-21,04:50:00,4.72,4.72,4.72,4.72,2000,0
2016-03-21,04:55:00,4.72,4.73,4.71,4.73,26000,0
2016-03-21,05:00:00,4.73,4.74,4.73,4.74,34000,0
2016-03-21,06:05:00,4.74,4.74,4.73,4.73,6000,0
2016-03-21,06:10:00,4.73,4.74,4.73,4.73,42000,0
2016-03-21,06:15:00,4.73,4.73,4.73,4.73,2000,0
2016-03-21,06:20:00,4.73,4.74,4.73,4.74,8000,0
2016-03-21,06:25:00,4.74,4.74,4.74,4.74,4000,0
2016-03-21,06:30:00,4.74,4.74,4.74,4.74,4000,0
2016-03-21,06:35:00,4.74,4.74,4.73,4.73,42000,0
2016-03-21,06:40:00,4.73,4.74,4.73,4.74,8000,0
2016-03-21,06:45:00,4.74,4.74,4.73,4.73,10000,0
2016-03-21,06:50:00,4.73,4.73,4.73,4.73,10000,0
2016-03-21,06:55:00,4.73,4.74,4.72,4.74,18000,0
2016-03-21,07:00:00,4.74,4.74,4.74,4.74,2000,0
2016-03-21,07:05:00,4.74,4.74,4.73,4.73,6000,0
2016-03-21,07:10:00,4.73,4.73,4.72,4.73,116000,0
2016-03-21,07:15:00,4.72,4.73,4.72,4.73,6000,0
2016-03-21,07:20:00,4.73,4.73,4.72,4.73,12000,0
2016-03-21,07:25:00,4.73,4.73,4.73,4.73,4000,0
2016-03-21,07:30:00,4.73,4.73,4.72,4.73,28000,0
2016-03-21,07:35:00,4.73,4.73,4.72,4.73,12000,0
2016-03-21,07:45:00,4.73,4.73,4.71,4.71,4000,0
2016-03-21,07:50:00,4.71,4.71,4.7,4.7,6000,0
2016-03-21,07:55:00,4.7,4.71,4.7,4.7,128000,0
2016-03-21,08:05:00,4.7,4.7,4.7,4.7,2000,0
2016-03-21,08:20:00,4.7,4.72,4.7,4.71,50000,0
2016-03-21,08:30:00,4.71,4.72,4.7,4.72,106000,0
2016-03-21,08:55:00,4.71,4.71,4.7,4.7,4000,0
2016-03-21,09:00:00,4.7,4.72,4.7,4.71,144000,0
2016-03-22,02:35:00,4.72,4.77,4.69,4.77,82000,0
2016-03-22,02:40:00,4.76,4.76,4.74,4.75,64000,0
2016-03-22,02:45:00,4.75,4.75,4.73,4.73,88000,0
2016-03-22,02:50:00,4.73,4.74,4.73,4.73,32000,0
2016-03-22,02:55:00,4.73,4.74,4.73,4.74,6000,0
2016-03-22,03:00:00,4.74,4.74,4.73,4.73,32000,0
2016-03-22,03:05:00,4.73,4.74,4.73,4.73,24000,0
2016-03-22,03:10:00,4.73,4.74,4.73,4.74,38000,0
2016-03-22,03:15:00,4.74,4.75,4.74,4.75,30000,0
2016-03-22,03:20:00,4.75,4.76,4.75,4.76,78000,0
2016-03-22,03:25:00,4.76,4.76,4.75,4.75,26000,0
2016-03-22,03:30:00,4.75,4.76,4.74,4.75,82000,0
2016-03-22,03:35:00,4.75,4.75,4.74,4.74,4000,0
2016-03-22,03:40:00,4.74,4.75,4.74,4.74,10000,0
2016-03-22,03:50:00,4.74,4.74,4.72,4.72,76000,0
2016-03-22,03:55:00,4.72,4.73,4.72,4.73,24000,0
2016-03-22,04:00:00,4.73,4.73,4.73,4.73,30000,0
2016-03-22,04:10:00,4.73,4.73,4.73,4.73,10000,0
2016-03-22,04:15:00,4.73,4.73,4.72,4.72,6000,0
2016-03-22,04:20:00,4.72,4.73,4.72,4.72,60000,0
2016-03-22,04:25:00,4.72,4.76,4.72,4.76,154000,0
2016-03-22,04:30:00,4.76,4.79,4.76,4.76,176000,0
2016-03-22,04:35:00,4.76,4.83,4.76,4.83,300000,0
2016-03-22,04:45:00,4.83,4.83,4.81,4.81,64000,0
2016-03-22,04:50:00,4.81,4.81,4.8,4.8,30000,0
2016-03-22,04:55:00,4.8,4.83,4.8,4.82,38000,0
2016-03-22,05:00:00,4.82,4.82,4.82,4.82,6028,0
2016-03-22,06:05:00,4.82,4.82,4.8,4.8,36000,0
2016-03-22,06:15:00,4.8,4.81,4.8,4.81,4000,0
2016-03-22,06:20:00,4.81,4.81,4.81,4.81,6000,0
2016-03-22,06:25:00,4.81,4.81,4.81,4.81,6000,0
2016-03-22,06:30:00,4.81,4.81,4.81,4.81,2000,0
2016-03-22,06:35:00,4.81,4.82,4.81,4.82,30000,0
2016-03-22,06:45:00,4.82,4.82,4.81,4.82,14000,0
2016-03-22,07:00:00,4.82,4.82,4.82,4.82,4000,0
2016-03-22,07:05:00,4.82,4.82,4.82,4.82,6000,0
2016-03-22,07:10:00,4.82,4.82,4.81,4.81,28000,0
2016-03-22,07:15:00,4.81,4.83,4.81,4.83,34000,0
2016-03-22,07:20:00,4.83,4.83,4.83,4.83,62000,0
2016-03-22,07:25:00,4.83,4.83,4.82,4.82,22000,0
2016-03-22,07:30:00,4.82,4.84,4.82,4.84,14000,0
2016-03-22,07:35:00,4.84,4.84,4.84,4.84,2000,0
2016-03-22,07:40:00,4.84,4.84,4.83,4.83,24000,0
2016-03-22,07:45:00,4.83,4.84,4.83,4.84,12000,0
2016-03-22,07:50:00,4.84,4.84,4.81,4.81,124000,0
2016-03-22,07:55:00,4.81,4.82,4.81,4.82,34000,0
2016-03-22,08:00:00,4.82,4.82,4.81,4.81,4000,0
2016-03-22,08:05:00,4.81,4.82,4.81,4.82,14000,0
2016-03-22,08:10:00,4.82,4.82,4.82,4.82,4000,0
2016-03-22,08:15:00,4.82,4.83,4.82,4.82,46000,0
2016-03-22,08:20:00,4.82,4.82,4.81,4.82,10000,0
2016-03-22,08:25:00,4.82,4.82,4.81,4.82,36000,0
2016-03-22,08:30:00,4.82,4.82,4.81,4.82,38000,0
2016-03-22,08:35:00,4.82,4.82,4.81,4.82,44000,0
2016-03-22,08:40:00,4.82,4.82,4.81,4.81,24000,0
2016-03-22,08:45:00,4.81,4.82,4.81,4.81,382000,0
2016-03-22,08:50:00,4.81,4.81,4.81,4.81,24000,0
2016-03-22,08:55:00,4.81,4.82,4.8,4.81,88000,0
2016-03-22,09:00:00,4.81,4.82,4.81,4.81,346000,0
2016-03-23,02:35:00,4.8,4.81,4.8,4.81,44000,0
2016-03-23,02:40:00,4.81,4.81,4.8,4.8,16000,0
2016-03-23,02:45:00,4.8,4.8,4.8,4.8,4000,0
2016-03-23,02:55:00,4.8,4.8,4.8,4.8,20000,0
2016-03-23,03:10:00,4.79,4.8,4.79,4.8,28000,0
2016-03-23,03:15:00,4.8,4.8,4.79,4.8,74000,0
2016-03-23,03:25:00,4.8,4.81,4.8,4.81,26000,0
2016-03-23,03:30:00,4.81,4.81,4.8,4.8,4000,0
2016-03-23,03:45:00,4.8,4.81,4.8,4.81,58000,0
2016-03-23,03:50:00,4.81,4.81,4.81,4.81,2000,0
2016-03-23,03:55:00,4.81,4.81,4.8,4.8,16000,0
2016-03-23,04:00:00,4.8,4.8,4.8,4.8,20000,0
2016-03-23,04:05:00,4.8,4.8,4.8,4.8,4000,0
2016-03-23,04:10:00,4.8,4.81,4.8,4.81,40000,0
2016-03-23,04:15:00,4.81,4.81,4.81,4.81,14000,0
2016-03-23,04:25:00,4.81,4.81,4.81,4.81,2000,0
2016-03-23,04:35:00,4.81,4.82,4.81,4.81,48000,0
2016-03-23,04:45:00,4.81,4.82,4.81,4.82,228000,0
2016-03-23,04:50:00,4.82,4.83,4.82,4.82,128000,0
2016-03-23,05:00:00,4.82,4.82,4.81,4.81,4000,0
2016-03-23,06:05:00,4.81,4.82,4.81,4.82,14000,0
2016-03-23,06:15:00,4.82,4.82,4.81,4.81,8000,0
2016-03-23,06:20:00,4.81,4.82,4.81,4.82,66000,0
2016-03-23,06:25:00,4.81,4.81,4.81,4.81,4000,0
2016-03-23,06:30:00,4.81,4.81,4.8,4.81,30000,0
2016-03-23,06:35:00,4.81,4.81,4.81,4.81,2000,0
2016-03-23,06:40:00,4.81,4.81,4.8,4.81,24000,0
2016-03-23,06:45:00,4.81,4.81,4.8,4.81,32000,0
2016-03-23,06:50:00,4.81,4.81,4.81,4.81,18000,0
2016-03-23,07:00:00,4.81,4.82,4.8,4.81,40000,0
2016-03-23,07:05:00,4.81,4.81,4.81,4.81,6000,0
2016-03-23,07:20:00,4.81,4.81,4.8,4.81,26000,0
2016-03-23,07:25:00,4.81,4.81,4.8,4.81,14000,0
2016-03-23,07:40:00,4.81,4.81,4.8,4.8,6000,0
2016-03-23,07:45:00,4.8,4.81,4.8,4.8,34000,0
2016-03-23,07:50:00,4.79,4.82,4.79,4.82,86000,0
2016-03-23,07:55:00,4.82,4.82,4.81,4.81,4000,0
2016-03-23,08:00:00,4.81,4.81,4.81,4.81,4000,0
2016-03-23,08:20:00,4.81,4.81,4.81,4.81,2000,0
2016-03-23,08:25:00,4.81,4.81,4.81,4.81,4000,0
2016-03-23,08:35:00,4.81,4.82,4.81,4.81,132000,0
2016-03-23,08:45:00,4.81,4.82,4.81,4.81,30000,0
2016-03-23,08:50:00,4.81,4.82,4.81,4.81,134000,0
2016-03-23,08:55:00,4.81,4.81,4.81,4.81,110000,0
2016-03-23,09:00:00,4.81,4.81,4.8,4.8,58000,0
2016-03-24,02:35:00,4.76,4.76,4.74,4.74,46000,0
2016-03-24,02:40:00,4.74,4.76,4.74,4.74,8000,0
2016-03-24,02:45:00,4.74,4.74,4.74,4.74,2000,0
2016-03-24,02:50:00,4.74,4.74,4.67,4.7,180000,0
2016-03-24,02:55:00,4.7,4.73,4.7,4.73,26000,0
2016-03-24,03:05:00,4.72,4.72,4.71,4.72,96000,0
2016-03-24,03:10:00,4.72,4.74,4.71,4.74,90000,0
2016-03-24,03:15:00,4.74,4.74,4.74,4.74,12000,0
2016-03-24,03:25:00,4.74,4.76,4.73,4.76,44000,0
2016-03-24,03:30:00,4.76,4.81,4.75,4.81,256000,0
2016-03-24,03:35:00,4.81,4.83,4.79,4.81,814000,0
2016-03-24,03:40:00,4.81,4.81,4.79,4.8,70000,0
2016-03-24,03:45:00,4.8,4.8,4.78,4.78,76000,0
2016-03-24,03:50:00,4.78,4.79,4.78,4.78,52000,0
2016-03-24,03:55:00,4.78,4.79,4.78,4.78,70000,0
2016-03-24,04:00:00,4.78,4.78,4.77,4.78,40000,0
2016-03-24,04:05:00,4.78,4.78,4.77,4.78,68000,0
2016-03-24,04:10:00,4.78,4.78,4.77,4.78,34000,0
2016-03-24,04:15:00,4.78,4.78,4.77,4.78,34000,0
2016-03-24,04:20:00,4.78,4.78,4.74,4.77,92000,0
2016-03-24,04:25:00,4.77,4.77,4.75,4.76,46000,0
2016-03-24,04:30:00,4.76,4.76,4.75,4.76,40000,0
2016-03-24,04:35:00,4.76,4.8,4.75,4.79,92000,0
2016-03-24,04:40:00,4.79,4.8,4.78,4.78,18000,0
2016-03-24,04:45:00,4.78,4.79,4.77,4.78,108000,0
2016-03-24,04:50:00,4.78,4.79,4.78,4.78,68000,0
2016-03-24,04:55:00,4.78,4.78,4.77,4.78,50000,0
2016-03-24,05:00:00,4.78,4.78,4.76,4.78,94000,0
2016-03-24,06:05:00,4.78,4.78,4.76,4.77,70000,0
2016-03-24,06:10:00,4.77,4.77,4.76,4.76,14000,0
2016-03-24,06:15:00,4.76,4.76,4.75,4.75,48000,0
2016-03-24,06:20:00,4.75,4.77,4.75,4.75,74000,0
2016-03-24,06:25:00,4.75,4.76,4.74,4.75,30000,0
2016-03-24,06:30:00,4.75,4.75,4.73,4.73,102000,0
2016-03-24,06:35:00,4.73,4.75,4.73,4.75,50000,0
2016-03-24,06:40:00,4.75,4.77,4.74,4.77,88000,0
2016-03-24,06:45:00,4.76,4.76,4.75,4.75,4000,0
2016-03-24,06:55:00,4.75,4.76,4.74,4.76,54000,0
2016-03-24,07:05:00,4.75,4.75,4.74,4.74,36000,0
2016-03-24,07:10:00,4.74,4.75,4.74,4.74,30000,0
2016-03-24,07:15:00,4.74,4.74,4.74,4.74,2000,0
2016-03-24,07:25:00,4.74,4.74,4.73,4.73,46000,0
2016-03-24,07:30:00,4.73,4.74,4.73,4.74,38000,0
2016-03-24,07:35:00,4.74,4.78,4.74,4.78,30000,0
2016-03-24,07:40:00,4.77,4.77,4.77,4.77,2000,0
2016-03-24,07:45:00,4.77,4.77,4.76,4.76,6000,0
2016-03-24,07:50:00,4.75,4.75,4.73,4.73,34000,0
2016-03-24,07:55:00,4.74,4.74,4.72,4.72,32000,0
2016-03-24,08:00:00,4.72,4.73,4.72,4.72,30000,0
2016-03-24,08:05:00,4.72,4.79,4.72,4.78,100000,0
2016-03-24,08:10:00,4.78,4.78,4.74,4.74,14000,0
2016-03-24,08:15:00,4.74,4.75,4.74,4.74,24000,0
2016-03-24,08:20:00,4.74,4.74,4.74,4.74,8000,0
2016-03-24,08:25:00,4.74,4.75,4.74,4.74,14000,0
2016-03-24,08:30:00,4.74,4.76,4.73,4.76,76000,0
2016-03-24,08:35:00,4.76,4.76,4.74,4.74,28000,0
2016-03-24,08:40:00,4.74,4.77,4.74,4.76,42000,0
2016-03-24,08:45:00,4.75,4.76,4.74,4.76,14000,0
2016-03-24,08:50:00,4.76,4.76,4.74,4.76,72000,0
2016-03-24,08:55:00,4.76,4.76,4.75,4.75,58000,0
2016-03-24,09:00:00,4.75,4.76,4.75,4.75,216000,0
2016-03-29,03:35:00,4.75,4.84,4.75,4.79,114000,0
2016-03-29,03:40:00,4.79,4.8,4.77,4.77,24000,0
2016-03-29,03:45:00,4.77,4.8,4.77,4.78,32000,0
2016-03-29,03:50:00,4.78,4.78,4.78,4.78,4000,0
2016-03-29,03:55:00,4.78,4.78,4.78,4.78,4000,0
2016-03-29,04:00:00,4.78,4.79,4.78,4.79,6000,0
2016-03-29,04:05:00,4.78,4.78,4.77,4.77,6000,0
2016-03-29,04:10:00,4.77,4.77,4.76,4.76,4000,0
2016-03-29,04:20:00,4.74,4.75,4.74,4.75,8000,0
2016-03-29,04:25:00,4.75,4.76,4.75,4.76,48344,0
2016-03-29,04:30:00,4.76,4.76,4.75,4.75,100000,0
2016-03-29,04:35:00,4.75,4.77,4.75,4.76,76000,0
2016-03-29,04:40:00,4.76,4.76,4.75,4.75,144000,0
2016-03-29,04:45:00,4.75,4.76,4.75,4.76,58000,0
2016-03-29,04:50:00,4.76,4.76,4.75,4.75,110000,0
2016-03-29,04:55:00,4.75,4.76,4.75,4.75,68000,0
2016-03-29,05:05:00,4.75,4.75,4.75,4.75,2000,0
2016-03-29,05:10:00,4.75,4.75,4.75,4.75,16000,0
2016-03-29,05:20:00,4.75,4.76,4.75,4.76,14000,0
2016-03-29,05:25:00,4.76,4.76,4.76,4.76,6000,0
2016-03-29,05:30:00,4.76,4.76,4.75,4.75,6000,0
2016-03-29,05:35:00,4.75,4.75,4.75,4.75,12000,0
2016-03-29,05:40:00,4.75,4.76,4.75,4.76,78000,0
2016-03-29,05:45:00,4.76,4.76,4.75,4.75,6000,0
2016-03-29,05:55:00,4.75,4.76,4.75,4.76,4000,0
2016-03-29,06:00:00,4.76,4.8,4.76,4.78,204000,0
2016-03-29,07:05:00,4.78,4.79,4.78,4.79,20000,0
2016-03-29,07:10:00,4.79,4.79,4.78,4.78,14000,0
2016-03-29,07:15:00,4.78,4.79,4.78,4.79,20000,0
2016-03-29,07:20:00,4.79,4.79,4.78,4.79,20000,0
2016-03-29,07:25:00,4.79,4.79,4.78,4.78,38000,0
2016-03-29,07:35:00,4.78,4.78,4.78,4.78,4000,0
2016-03-29,07:40:00,4.78,4.79,4.78,4.79,20000,0
2016-03-29,07:45:00,4.79,4.8,4.79,4.8,8000,0
2016-03-29,07:50:00,4.8,4.8,4.79,4.8,24000,0
2016-03-29,07:55:00,4.8,4.8,4.79,4.8,16000,0
2016-03-29,08:00:00,4.79,4.79,4.79,4.79,6000,0
2016-03-29,08:15:00,4.79,4.79,4.78,4.78,18000,0
2016-03-29,08:20:00,4.78,4.78,4.77,4.77,4000,0
2016-03-29,08:25:00,4.77,4.84,4.77,4.83,586000,0
2016-03-29,08:30:00,4.83,4.83,4.81,4.82,14000,0
2016-03-29,08:35:00,4.82,4.84,4.82,4.84,52000,0
2016-03-29,08:45:00,4.83,4.83,4.83,4.83,12000,0
2016-03-29,08:50:00,4.83,4.83,4.82,4.83,36000,0
2016-03-29,08:55:00,4.83,4.84,4.83,4.83,20000,0
2016-03-29,09:00:00,4.83,4.85,4.83,4.85,108000,0
2016-03-29,09:05:00,4.85,4.85,4.83,4.83,4000,0
2016-03-29,09:10:00,4.83,4.86,4.83,4.86,98000,0
2016-03-29,09:15:00,4.86,4.86,4.85,4.85,12000,0
2016-03-29,09:20:00,4.85,4.85,4.85,4.85,12000,0
2016-03-29,09:30:00,4.85,4.86,4.85,4.86,8000,0
2016-03-29,09:35:00,4.86,4.86,4.86,4.86,10000,0
2016-03-29,09:40:00,4.86,4.86,4.86,4.86,62000,0
2016-03-29,09:45:00,4.86,4.86,4.86,4.86,2000,0
2016-03-29,09:50:00,4.86,4.87,4.86,4.86,14000,0
2016-03-29,10:00:00,4.86,4.87,4.85,4.86,54000,0
2016-03-30,03:35:00,4.87,4.87,4.83,4.84,86000,0
2016-03-30,03:40:00,4.84,4.87,4.83,4.87,97000,0
2016-03-30,03:45:00,4.87,4.87,4.86,4.86,6000,0
2016-03-30,03:50:00,4.86,4.86,4.86,4.86,14000,0
2016-03-30,03:55:00,4.86,4.87,4.85,4.87,38000,0
2016-03-30,04:00:00,4.87,4.87,4.85,4.85,16000,0
2016-03-30,04:05:00,4.85,4.87,4.85,4.86,36000,0
2016-03-30,04:25:00,4.86,4.87,4.85,4.86,312000,0
2016-03-30,04:35:00,4.86,4.86,4.85,4.86,8000,0
2016-03-30,04:40:00,4.86,4.86,4.85,4.86,24000,0
2016-03-30,04:45:00,4.86,4.86,4.85,4.85,14000,0
2016-03-30,04:50:00,4.85,4.86,4.85,4.85,24000,0
2016-03-30,04:55:00,4.85,4.85,4.85,4.85,16000,0
2016-03-30,05:00:00,4.85,4.86,4.85,4.85,14000,0
2016-03-30,05:05:00,4.85,4.86,4.84,4.84,152000,0
2016-03-30,05:10:00,4.85,4.85,4.85,4.85,2000,0
2016-03-30,05:20:00,4.85,4.86,4.85,4.85,42000,0
2016-03-30,05:35:00,4.85,4.86,4.85,4.86,6000,0
2016-03-30,05:40:00,4.86,4.86,4.85,4.85,20000,0
2016-03-30,05:45:00,4.85,4.86,4.85,4.86,4000,0
2016-03-30,05:50:00,4.86,4.86,4.86,4.86,10000,0
2016-03-30,06:00:00,4.86,4.86,4.85,4.85,4000,0
2016-03-30,07:05:00,4.85,4.85,4.85,4.85,6000,0
2016-03-30,07:10:00,4.85,4.85,4.85,4.85,14000,0
2016-03-30,07:15:00,4.85,4.85,4.85,4.85,2000,0
2016-03-30,07:20:00,4.85,4.86,4.85,4.86,4000,0
2016-03-30,07:25:00,4.86,4.86,4.86,4.86,4000,0
2016-03-30,07:30:00,4.86,4.86,4.85,4.85,58000,0
2016-03-30,07:35:00,4.85,4.86,4.85,4.85,32000,0
2016-03-30,07:40:00,4.85,4.86,4.85,4.86,14000,0
2016-03-30,07:45:00,4.86,4.86,4.86,4.86,8000,0
2016-03-30,07:50:00,4.86,4.86,4.86,4.86,2000,0
2016-03-30,08:00:00,4.86,4.86,4.85,4.86,32000,0
2016-03-30,08:05:00,4.86,4.86,4.85,4.85,12000,0
2016-03-30,08:10:00,4.85,4.86,4.85,4.86,50000,0
2016-03-30,08:15:00,4.86,4.86,4.85,4.85,32000,0
2016-03-30,08:20:00,4.85,4.86,4.85,4.86,8000,0
2016-03-30,08:25:00,4.86,4.86,4.86,4.86,96000,0
2016-03-30,08:30:00,4.86,4.86,4.86,4.86,2000,0
2016-03-30,08:35:00,4.86,4.86,4.85,4.85,14000,0
2016-03-30,08:40:00,4.85,4.86,4.85,4.86,30000,0
2016-03-30,08:45:00,4.86,4.86,4.86,4.86,12000,0
2016-03-30,08:50:00,4.86,4.86,4.86,4.86,4000,0
2016-03-30,08:55:00,4.86,4.87,4.86,4.87,4000,0
2016-03-30,09:00:00,4.87,4.87,4.87,4.87,2000,0
2016-03-30,09:05:00,4.87,4.87,4.87,4.87,4000,0
2016-03-30,09:10:00,4.87,4.87,4.86,4.86,20000,0
2016-03-30,09:15:00,4.86,4.87,4.86,4.86,12000,0
2016-03-30,09:20:00,4.86,4.86,4.86,4.86,6000,0
2016-03-30,09:25:00,4.86,4.87,4.86,4.87,8000,0
2016-03-30,09:30:00,4.87,4.87,4.87,4.87,6000,0
2016-03-30,09:35:00,4.87,4.87,4.86,4.87,38000,0
2016-03-30,09:40:00,4.87,4.87,4.84,4.85,354000,0
2016-03-30,09:45:00,4.85,4.86,4.85,4.86,8000,0
2016-03-30,09:50:00,4.86,4.86,4.85,4.86,38000,0
2016-03-30,09:55:00,4.86,4.86,4.85,4.85,12000,0
2016-03-30,10:00:00,4.85,4.86,4.85,4.85,142000,0
2016-03-31,03:35:00,4.85,4.9,4.85,4.9,42000,0
2016-03-31,03:40:00,4.9,4.9,4.89,4.9,92000,0
2016-03-31,03:45:00,4.9,4.9,4.88,4.89,14000,0
2016-03-31,03:50:00,4.89,4.9,4.88,4.9,76000,0
2016-03-31,03:55:00,4.9,4.91,4.89,4.91,48000,0
2016-03-31,04:00:00,4.91,4.92,4.91,4.91,36000,0
2016-03-31,04:05:00,4.91,4.94,4.91,4.92,147900,0
2016-03-31,04:10:00,4.92,4.93,4.92,4.92,100000,0
2016-03-31,04:20:00,4.92,4.93,4.91,4.92,30000,0
2016-03-31,04:25:00,4.92,4.92,4.92,4.92,6000,0
2016-03-31,04:30:00,4.92,4.93,4.92,4.92,60000,0
2016-03-31,04:35:00,4.92,4.93,4.92,4.93,68000,0
2016-03-31,04:40:00,4.93,4.94,4.93,4.94,36000,0
2016-03-31,04:45:00,4.94,4.94,4.93,4.93,58000,0
2016-03-31,04:50:00,4.93,4.94,4.93,4.94,15118,0
2016-03-31,04:55:00,4.94,4.94,4.93,4.94,40000,0
2016-03-31,05:00:00,4.94,4.94,4.93,4.94,56000,0
2016-03-31,05:05:00,4.94,4.94,4.93,4.93,64000,0
2016-03-31,05:10:00,4.93,4.94,4.93,4.94,10000,0
2016-03-31,05:15:00,4.94,4.94,4.93,4.94,32000,0
2016-03-31,05:20:00,4.94,4.94,4.94,4.94,18000,0
2016-03-31,05:25:00,4.94,4.94,4.92,4.93,268000,0
2016-03-31,05:30:00,4.93,4.93,4.93,4.93,4000,0
2016-03-31,05:35:00,4.93,4.94,4.93,4.94,64000,0
2016-03-31,05:40:00,4.94,4.94,4.94,4.94,8000,0
2016-03-31,05:45:00,4.94,4.95,4.93,4.95,44000,0
2016-03-31,05:50:00,4.95,4.99,4.95,4.97,302000,0
2016-03-31,05:55:00,4.97,4.97,4.95,4.96,224000,0
2016-03-31,06:00:00,4.96,4.96,4.96,4.96,2000,0
2016-03-31,07:05:00,4.96,4.99,4.96,4.99,290000,0
2016-03-31,07:10:00,4.99,4.99,4.98,4.99,20000,0
2016-03-31,07:15:00,4.99,5,4.99,5,34000,0
2016-03-31,07:20:00,5,5,4.98,4.99,92000,0
2016-03-31,07:25:00,4.99,5.02,4.98,5.01,114000,0
2016-03-31,07:30:00,5.01,5.02,5,5,52000,0
2016-03-31,07:35:00,5,5.01,5,5.01,18000,0
2016-03-31,07:40:00,5.01,5.03,5.01,5.03,48000,0
2016-03-31,07:45:00,5.01,5.02,5.01,5.01,16000,0
2016-03-31,07:50:00,5.01,5.01,5.01,5.01,12000,0
2016-03-31,07:55:00,5.01,5.02,5,5.01,32000,0
2016-03-31,08:00:00,5.01,5.01,5,5,164000,0
2016-03-31,08:05:00,5,5,4.99,4.99,110000,0
2016-03-31,08:10:00,4.99,4.99,4.98,4.98,8000,0
2016-03-31,08:15:00,4.98,4.99,4.98,4.99,6000,0
2016-03-31,08:20:00,4.99,4.99,4.98,4.98,32000,0
2016-03-31,08:25:00,4.98,4.98,4.98,4.98,56000,0
2016-03-31,08:30:00,4.98,4.99,4.98,4.98,6000,0
2016-03-31,08:35:00,4.98,4.98,4.97,4.97,34000,0
2016-03-31,08:40:00,4.97,4.98,4.96,4.97,84000,0
2016-03-31,08:50:00,4.97,4.98,4.96,4.98,22000,0
2016-03-31,08:55:00,4.97,4.97,4.96,4.96,28000,0
2016-03-31,09:00:00,4.96,4.97,4.96,4.97,98000,0
2016-03-31,09:05:00,4.97,4.97,4.96,4.96,78000,0
2016-03-31,09:10:00,4.96,4.97,4.96,4.96,8000,0
2016-03-31,09:15:00,4.96,4.96,4.96,4.96,24000,0
2016-03-31,09:25:00,4.96,4.97,4.96,4.97,40000,0
2016-03-31,09:30:00,4.97,4.97,4.96,4.96,32000,0
2016-03-31,09:35:00,4.96,4.97,4.95,4.95,106000,0
2016-03-31,09:40:00,4.95,4.96,4.95,4.96,62000,0
2016-03-31,09:45:00,4.96,4.96,4.93,4.95,328000,0
2016-03-31,09:50:00,4.95,4.95,4.95,4.95,60000,0
2016-03-31,09:55:00,4.95,4.97,4.95,4.96,410000,0
2016-03-31,10:00:00,4.96,4.98,4.95,4.97,190000,0
2016-04-01,03:35:00,4.93,4.97,4.93,4.93,4000,0
2016-04-01,03:40:00,4.93,4.96,4.93,4.95,28000,0
2016-04-01,03:45:00,4.95,4.98,4.94,4.94,68000,0
2016-04-01,03:50:00,4.94,4.94,4.93,4.94,20000,0
2016-04-01,03:55:00,4.94,4.95,4.94,4.95,40000,0
2016-04-01,04:00:00,4.95,4.95,4.94,4.95,10000,0
2016-04-01,04:05:00,4.95,4.96,4.95,4.95,20000,0
2016-04-01,04:10:00,4.95,4.95,4.94,4.95,20000,0
2016-04-01,04:15:00,4.95,4.96,4.94,4.96,26000,0
2016-04-01,04:20:00,4.96,4.98,4.94,4.98,44000,0
2016-04-01,04:25:00,4.96,4.96,4.95,4.95,16000,0
2016-04-01,04:30:00,4.95,4.95,4.94,4.95,8000,0
2016-04-01,04:35:00,4.95,4.95,4.94,4.94,4000,0
2016-04-01,04:45:00,4.94,4.97,4.94,4.96,62000,0
2016-04-01,04:50:00,4.96,4.96,4.95,4.96,32000,0
2016-04-01,04:55:00,4.96,4.96,4.94,4.94,8659,0
2016-04-01,05:00:00,4.94,4.96,4.94,4.95,116000,0
2016-04-01,05:05:00,4.95,4.95,4.94,4.94,12000,0
2016-04-01,05:10:00,4.94,4.94,4.93,4.93,6000,0
2016-04-01,05:15:00,4.93,4.94,4.93,4.94,36000,0
2016-04-01,05:20:00,4.94,4.95,4.94,4.95,20000,0
2016-04-01,05:25:00,4.95,4.95,4.94,4.94,52000,0
2016-04-01,05:30:00,4.94,4.94,4.92,4.92,36000,0
2016-04-01,05:35:00,4.92,4.92,4.91,4.91,24000,0
2016-04-01,05:40:00,4.91,4.91,4.89,4.89,40000,0
2016-04-01,05:45:00,4.89,4.89,4.85,4.87,24000,0
2016-04-01,05:50:00,4.87,4.88,4.87,4.87,16000,0
2016-04-01,05:55:00,4.87,4.87,4.87,4.87,4000,0
2016-04-01,06:00:00,4.87,4.88,4.87,4.88,10000,0
2016-04-01,07:05:00,4.88,4.88,4.87,4.87,4000,0
2016-04-01,07:10:00,4.87,4.88,4.87,4.87,10000,0
2016-04-01,07:15:00,4.87,4.88,4.87,4.87,52000,0
2016-04-01,07:20:00,4.87,4.87,4.86,4.86,4000,0
2016-04-01,07:25:00,4.86,4.86,4.85,4.85,9420,0
2016-04-01,07:30:00,4.85,4.85,4.85,4.85,2000,0
2016-04-01,07:35:00,4.85,4.85,4.85,4.85,2000,0
2016-04-01,07:40:00,4.85,4.85,4.84,4.84,24000,0
2016-04-01,07:45:00,4.84,4.84,4.84,4.84,16000,0
2016-04-01,07:50:00,4.84,4.85,4.84,4.85,38000,0
2016-04-01,07:55:00,4.85,4.86,4.84,4.86,18000,0
2016-04-01,08:05:00,4.86,4.86,4.84,4.84,4000,0
2016-04-01,08:10:00,4.84,4.86,4.84,4.86,4000,0
2016-04-01,08:15:00,4.86,4.86,4.85,4.85,6000,0
2016-04-01,08:20:00,4.85,4.86,4.85,4.86,12000,0
2016-04-01,08:35:00,4.86,4.86,4.85,4.85,6000,0
2016-04-01,08:45:00,4.85,4.85,4.85,4.85,2000,0
2016-04-01,08:50:00,4.85,4.85,4.85,4.85,2000,0
2016-04-01,08:55:00,4.85,4.86,4.84,4.86,20000,0
2016-04-01,09:10:00,4.86,4.86,4.86,4.86,2000,0
2016-04-01,09:15:00,4.86,4.86,4.85,4.85,4000,0
2016-04-01,09:25:00,4.85,4.85,4.85,4.85,2000,0
2016-04-01,09:35:00,4.86,4.86,4.85,4.85,12000,0
2016-04-01,09:40:00,4.85,4.85,4.85,4.85,6000,0
2016-04-01,09:45:00,4.85,4.85,4.85,4.85,4000,0
2016-04-01,09:50:00,4.85,4.85,4.84,4.84,6000,0
2016-04-01,09:55:00,4.84,4.85,4.84,4.84,18000,0
2016-04-01,10:00:00,4.84,4.84,4.83,4.83,40000,0
2016-04-05,03:35:00,5.02,5.02,4.93,5.02,440000,0
2016-04-05,03:40:00,5.02,5.03,4.91,4.92,228000,0
2016-04-05,03:45:00,4.92,4.98,4.92,4.98,60000,0
2016-04-05,03:50:00,4.98,5.01,4.95,5,412000,0
2016-04-05,03:55:00,5,5.04,4.96,5.01,348000,0
2016-04-05,04:00:00,5.01,5.1,5.01,5.09,492000,0
2016-04-05,04:05:00,5.09,5.1,5.05,5.1,336000,0
2016-04-05,04:10:00,5.1,5.11,5.08,5.09,262000,0
2016-04-05,04:15:00,5.09,5.1,5.09,5.1,10000,0
2016-04-05,04:20:00,5.1,5.11,5.09,5.1,74000,0
2016-04-05,04:25:00,5.1,5.13,5.08,5.1,132000,0
2016-04-05,04:30:00,5.1,5.12,5.1,5.1,54000,0
2016-04-05,04:35:00,5.1,5.12,5.1,5.12,22000,0
2016-04-05,04:40:00,5.12,5.15,5.11,5.15,182000,0
2016-04-05,04:45:00,5.15,5.2,5.13,5.15,296105,0
2016-04-05,04:50:00,5.15,5.18,5.15,5.18,116000,0
2016-04-05,04:55:00,5.18,5.2,5.16,5.19,122000,0
2016-04-05,05:00:00,5.18,5.19,5.16,5.17,106000,0
2016-04-05,05:05:00,5.17,5.19,5.17,5.19,186000,0
2016-04-05,05:10:00,5.18,5.19,5.17,5.17,32000,0
2016-04-05,05:15:00,5.17,5.23,5.17,5.22,334000,0
2016-04-05,05:20:00,5.22,5.35,5.22,5.31,204000,0
2016-04-05,05:25:00,5.31,5.36,5.3,5.35,150000,0
2016-04-05,05:30:00,5.35,5.4,5.35,5.37,176000,0
2016-04-05,05:35:00,5.37,5.38,5.32,5.32,108000,0
2016-04-05,05:40:00,5.32,5.32,5.28,5.3,116877,0
2016-04-05,05:45:00,5.3,5.31,5.29,5.3,66000,0
2016-04-05,05:50:00,5.29,5.36,5.29,5.31,308000,0
2016-04-05,05:55:00,5.31,5.35,5.31,5.32,92000,0
2016-04-05,06:00:00,5.32,5.32,5.29,5.29,136000,0
2016-04-05,07:05:00,5.29,5.3,5.26,5.29,360000,0
2016-04-05,07:10:00,5.29,5.31,5.29,5.31,94000,0
2016-04-05,07:15:00,5.31,5.31,5.28,5.3,50000,0
2016-04-05,07:20:00,5.3,5.3,5.28,5.29,98000,0
2016-04-05,07:25:00,5.29,5.31,5.29,5.3,86000,0
2016-04-05,07:30:00,5.3,5.31,5.3,5.31,38000,0
2016-04-05,07:35:00,5.31,5.32,5.31,5.31,76000,0
2016-04-05,07:40:00,5.31,5.36,5.31,5.35,310000,0
2016-04-05,07:45:00,5.35,5.35,5.33,5.33,16000,0
2016-04-05,07:50:00,5.33,5.33,5.33,5.33,4000,0
2016-04-05,07:55:00,5.33,5.38,5.33,5.38,196000,0
2016-04-05,08:00:00,5.38,5.38,5.35,5.35,4000,0
2016-04-05,08:05:00,5.36,5.37,5.35,5.35,68000,0
2016-04-05,08:10:00,5.35,5.42,5.35,5.41,420000,0
2016-04-05,08:15:00,5.41,5.46,5.41,5.45,278000,0
2016-04-05,08:20:00,5.44,5.44,5.41,5.41,40000,0
2016-04-05,08:25:00,5.41,5.5,5.41,5.45,444000,0
2016-04-05,08:30:00,5.46,5.51,5.46,5.49,68000,0
2016-04-05,08:35:00,5.49,5.51,5.45,5.45,246000,0
2016-04-05,08:40:00,5.46,5.46,5.46,5.46,12000,0
2016-04-05,08:45:00,5.46,5.5,5.46,5.46,164000,0
2016-04-05,08:50:00,5.46,5.51,5.46,5.5,298000,0
2016-04-05,08:55:00,5.5,5.5,5.5,5.5,74000,0
2016-04-05,09:00:00,5.5,5.5,5.48,5.5,106000,0
2016-04-05,09:05:00,5.5,5.5,5.49,5.5,124000,0
2016-04-05,09:10:00,5.5,5.5,5.49,5.5,88000,0
2016-04-05,09:15:00,5.5,5.5,5.48,5.49,40000,0
2016-04-05,09:20:00,5.49,5.49,5.46,5.46,86000,0
2016-04-05,09:25:00,5.46,5.47,5.46,5.46,42000,0
2016-04-05,09:30:00,5.46,5.46,5.4,5.42,518000,0
2016-04-05,09:35:00,5.42,5.42,5.4,5.41,72000,0
2016-04-05,09:40:00,5.41,5.47,5.41,5.43,190000,0
2016-04-05,09:45:00,5.43,5.44,5.42,5.43,60000,0
2016-04-05,09:50:00,5.43,5.44,5.4,5.4,442000,0
2016-04-05,09:55:00,5.4,5.4,5.3,5.32,454000,0
2016-04-05,10:00:00,5.32,5.32,5.23,5.23,1404000,0
2016-04-06,03:35:00,5.15,5.24,5.11,5.22,228000,0
2016-04-06,03:40:00,5.22,5.3,5.22,5.25,244000,0
2016-04-06,03:45:00,5.25,5.33,5.25,5.28,300000,0
2016-04-06,03:50:00,5.28,5.32,5.26,5.3,562000,0
2016-04-06,03:55:00,5.3,5.3,5.28,5.28,32000,0
2016-04-06,04:00:00,5.28,5.29,5.26,5.26,100000,0
2016-04-06,04:05:00,5.26,5.28,5.26,5.27,88000,0
2016-04-06,04:10:00,5.27,5.28,5.26,5.28,60000,0
2016-04-06,04:15:00,5.28,5.28,5.27,5.28,48000,0
2016-04-06,04:20:00,5.28,5.28,5.27,5.27,30000,0
2016-04-06,04:25:00,5.27,5.3,5.27,5.28,238000,0
2016-04-06,04:30:00,5.28,5.28,5.28,5.28,16000,0
2016-04-06,04:35:00,5.28,5.28,5.26,5.26,66000,0
2016-04-06,04:40:00,5.26,5.27,5.26,5.26,20000,0
2016-04-06,04:45:00,5.26,5.28,5.26,5.27,148000,0
2016-04-06,04:50:00,5.27,5.27,5.27,5.27,14000,0
2016-04-06,04:55:00,5.27,5.27,5.26,5.27,84000,0
2016-04-06,05:00:00,5.27,5.27,5.26,5.27,26000,0
2016-04-06,05:05:00,5.27,5.27,5.26,5.26,22000,0
2016-04-06,05:10:00,5.26,5.27,5.26,5.26,14000,0
2016-04-06,05:15:00,5.26,5.26,5.25,5.26,136000,0
2016-04-06,05:20:00,5.26,5.27,5.26,5.26,52000,0
2016-04-06,05:25:00,5.26,5.27,5.26,5.27,4000,0
2016-04-06,05:30:00,5.27,5.27,5.25,5.25,90000,0
2016-04-06,05:35:00,5.25,5.26,5.25,5.25,68000,0
2016-04-06,05:40:00,5.25,5.26,5.25,5.25,42000,0
2016-04-06,05:45:00,5.25,5.25,5.23,5.23,168000,0
2016-04-06,05:50:00,5.23,5.23,5.2,5.21,170000,0
2016-04-06,05:55:00,5.21,5.21,5.2,5.21,58000,0
2016-04-06,06:00:00,5.21,5.22,5.21,5.22,12000,0
2016-04-06,07:05:00,5.22,5.23,5.21,5.21,118000,0
2016-04-06,07:10:00,5.21,5.21,5.21,5.21,14000,0
2016-04-06,07:15:00,5.22,5.22,5.22,5.22,2000,0
2016-04-06,07:20:00,5.22,5.23,5.22,5.23,130000,0
2016-04-06,07:25:00,5.23,5.25,5.23,5.25,100000,0
2016-04-06,07:30:00,5.25,5.25,5.25,5.25,4000,0
2016-04-06,07:35:00,5.25,5.25,5.24,5.24,16000,0
2016-04-06,07:40:00,5.24,5.24,5.24,5.24,2000,0
2016-04-06,07:45:00,5.24,5.25,5.24,5.24,14000,0
2016-04-06,07:50:00,5.24,5.25,5.24,5.24,32000,0
2016-04-06,07:55:00,5.24,5.25,5.24,5.24,38000,0
2016-04-06,08:00:00,5.24,5.26,5.24,5.25,106000,0
2016-04-06,08:05:00,5.25,5.27,5.25,5.26,86000,0
2016-04-06,08:10:00,5.26,5.26,5.24,5.24,112000,0
2016-04-06,08:15:00,5.24,5.24,5.23,5.24,34000,0
2016-04-06,08:20:00,5.24,5.26,5.24,5.25,120000,0
2016-04-06,08:25:00,5.25,5.26,5.24,5.26,12000,0
2016-04-06,08:30:00,5.26,5.26,5.24,5.25,20000,0
2016-04-06,08:35:00,5.25,5.25,5.24,5.24,6000,0
2016-04-06,08:40:00,5.24,5.26,5.24,5.25,116000,0
2016-04-06,08:45:00,5.25,5.25,5.24,5.24,214000,0
2016-04-06,08:50:00,5.24,5.25,5.24,5.25,308000,0
2016-04-06,08:55:00,5.25,5.26,5.25,5.25,106000,0
2016-04-06,09:00:00,5.25,5.26,5.24,5.24,130000,0
2016-04-06,09:05:00,5.24,5.25,5.24,5.25,210000,0
2016-04-06,09:10:00,5.25,5.25,5.23,5.24,390000,0
2016-04-06,09:15:00,5.24,5.26,5.24,5.25,200000,0
2016-04-06,09:20:00,5.25,5.25,5.24,5.25,112000,0
2016-04-06,09:25:00,5.25,5.26,5.25,5.26,94000,0
2016-04-06,09:30:00,5.26,5.27,5.24,5.27,248000,0
2016-04-06,09:35:00,5.27,5.27,5.26,5.27,90000,0
2016-04-06,09:40:00,5.27,5.29,5.27,5.29,112000,0
2016-04-06,09:45:00,5.29,5.3,5.29,5.3,50000,0
2016-04-06,09:50:00,5.3,5.31,5.3,5.3,90000,0
2016-04-06,09:55:00,5.3,5.3,5.25,5.28,250000,0
2016-04-06,10:00:00,5.28,5.31,5.28,5.31,88000,0
2016-04-07,03:35:00,5.33,5.4,5.3,5.38,256000,0
2016-04-07,03:40:00,5.38,5.38,5.37,5.37,12000,0
2016-04-07,03:45:00,5.37,5.42,5.37,5.42,170000,0
2016-04-07,03:50:00,5.42,5.44,5.41,5.42,418000,0
2016-04-07,03:55:00,5.42,5.46,5.42,5.46,126000,0
2016-04-07,04:00:00,5.46,5.47,5.45,5.45,74000,0
2016-04-07,04:05:00,5.45,5.46,5.43,5.45,184000,0
2016-04-07,04:10:00,5.45,5.45,5.44,5.44,26000,0
2016-04-07,04:15:00,5.44,5.44,5.41,5.42,636000,0
2016-04-07,04:20:00,5.42,5.42,5.41,5.42,46000,0
2016-04-07,04:25:00,5.42,5.43,5.36,5.43,270000,0
2016-04-07,04:30:00,5.43,5.48,5.43,5.48,276000,0
2016-04-07,04:35:00,5.48,5.53,5.46,5.48,424000,0
2016-04-07,04:40:00,5.48,5.49,5.48,5.49,32000,0
2016-04-07,04:45:00,5.49,5.5,5.49,5.49,84000,0
2016-04-07,04:50:00,5.49,5.5,5.48,5.48,118000,0
2016-04-07,04:55:00,5.48,5.51,5.48,5.51,104000,0
2016-04-07,05:00:00,5.51,5.51,5.49,5.49,88000,0
2016-04-07,05:05:00,5.49,5.49,5.47,5.47,120000,0
2016-04-07,05:10:00,5.47,5.49,5.46,5.46,214000,0
2016-04-07,05:15:00,5.46,5.46,5.45,5.45,74000,0
2016-04-07,05:20:00,5.45,5.46,5.43,5.46,312000,0
2016-04-07,05:25:00,5.46,5.48,5.44,5.45,118000,0
2016-04-07,05:30:00,5.45,5.46,5.45,5.46,10000,0
2016-04-07,05:35:00,5.46,5.46,5.44,5.45,138000,0
2016-04-07,05:40:00,5.45,5.46,5.45,5.46,28000,0
2016-04-07,05:45:00,5.46,5.49,5.46,5.49,44000,0
2016-04-07,05:50:00,5.49,5.51,5.48,5.51,170000,0
2016-04-07,05:55:00,5.51,5.51,5.5,5.51,66000,0
2016-04-07,06:00:00,5.51,5.53,5.51,5.53,86000,0
2016-04-07,07:05:00,5.53,5.53,5.51,5.51,82000,0
2016-04-07,07:10:00,5.51,5.51,5.48,5.48,106000,0
2016-04-07,07:15:00,5.48,5.48,5.46,5.46,120000,0
2016-04-07,07:20:00,5.46,5.48,5.46,5.46,46000,0
2016-04-07,07:25:00,5.46,5.48,5.46,5.47,120000,0
2016-04-07,07:30:00,5.47,5.47,5.46,5.46,54000,0
2016-04-07,07:35:00,5.46,5.46,5.45,5.46,108000,0
2016-04-07,07:40:00,5.46,5.49,5.46,5.49,96000,0
2016-04-07,07:45:00,5.49,5.5,5.49,5.5,26000,0
2016-04-07,07:50:00,5.5,5.5,5.5,5.5,2000,0
2016-04-07,07:55:00,5.5,5.5,5.5,5.5,18000,0
2016-04-07,08:00:00,5.5,5.53,5.5,5.52,92000,0
2016-04-07,08:05:00,5.52,5.59,5.52,5.59,440000,0
2016-04-07,08:10:00,5.59,5.65,5.58,5.64,354000,0
2016-04-07,08:15:00,5.64,5.64,5.62,5.63,98000,0
2016-04-07,08:20:00,5.63,5.63,5.59,5.6,120000,0
2016-04-07,08:25:00,5.6,5.6,5.58,5.59,176000,0
2016-04-07,08:30:00,5.59,5.6,5.58,5.58,88000,0
2016-04-07,08:35:00,5.58,5.58,5.57,5.58,52000,0
2016-04-07,08:40:00,5.58,5.58,5.57,5.58,34000,0
2016-04-07,08:45:00,5.58,5.58,5.57,5.58,26000,0
2016-04-07,08:50:00,5.58,5.6,5.58,5.59,614000,0
2016-04-07,08:55:00,5.59,5.6,5.59,5.6,34000,0
2016-04-07,09:00:00,5.6,5.6,5.6,5.6,104000,0
2016-04-07,09:05:00,5.6,5.61,5.6,5.61,40000,0
2016-04-07,09:10:00,5.61,5.63,5.6,5.63,136000,0
2016-04-07,09:15:00,5.63,5.63,5.62,5.63,56000,0
2016-04-07,09:20:00,5.63,5.63,5.63,5.63,36000,0
2016-04-07,09:25:00,5.63,5.63,5.63,5.63,30000,0
2016-04-07,09:30:00,5.63,5.64,5.62,5.63,112000,0
2016-04-07,09:35:00,5.63,5.65,5.62,5.64,118000,0
2016-04-07,09:40:00,5.64,5.65,5.61,5.61,482000,0
2016-04-07,09:45:00,5.61,5.61,5.58,5.58,144000,0
2016-04-07,09:50:00,5.58,5.6,5.58,5.6,46000,0
2016-04-07,09:55:00,5.6,5.6,5.59,5.6,110000,0
2016-04-07,10:00:00,5.6,5.62,5.6,5.61,253000,0
2016-04-08,03:35:00,5.61,5.61,5.5,5.51,200000,0
2016-04-08,03:40:00,5.51,5.51,5.39,5.49,462000,0
2016-04-08,03:45:00,5.49,5.51,5.47,5.5,178000,0
2016-04-08,03:50:00,5.5,5.53,5.47,5.47,196000,0
2016-04-08,03:55:00,5.47,5.5,5.46,5.5,108000,0
2016-04-08,04:00:00,5.5,5.55,5.49,5.54,108000,0
2016-04-08,04:05:00,5.5,5.54,5.48,5.48,100000,0
2016-04-08,04:10:00,5.48,5.54,5.48,5.48,144000,0
2016-04-08,04:15:00,5.48,5.49,5.47,5.49,54000,0
2016-04-08,04:25:00,5.49,5.5,5.49,5.5,26000,0
2016-04-08,04:30:00,5.5,5.51,5.48,5.48,82000,0
2016-04-08,04:40:00,5.48,5.5,5.48,5.5,22000,0
2016-04-08,04:50:00,5.5,5.5,5.49,5.49,32000,0
2016-04-08,04:55:00,5.49,5.49,5.47,5.47,154000,0
2016-04-08,05:00:00,5.47,5.48,5.47,5.48,4000,0
2016-04-08,05:05:00,5.48,5.48,5.45,5.45,110000,0
2016-04-08,05:10:00,5.45,5.45,5.44,5.44,22000,0
2016-04-08,05:15:00,5.44,5.45,5.44,5.45,14000,0
2016-04-08,05:20:00,5.45,5.45,5.44,5.45,20000,0
2016-04-08,05:25:00,5.45,5.45,5.44,5.44,18000,0
2016-04-08,05:30:00,5.44,5.44,5.43,5.43,24000,0
2016-04-08,05:35:00,5.43,5.43,5.42,5.42,10000,0
2016-04-08,05:40:00,5.42,5.45,5.42,5.45,36000,0
2016-04-08,05:45:00,5.45,5.45,5.44,5.44,4000,0
2016-04-08,05:50:00,5.44,5.45,5.44,5.45,18000,0
2016-04-08,05:55:00,5.45,5.46,5.43,5.46,96000,0
2016-04-08,06:00:00,5.46,5.46,5.43,5.43,18000,0
2016-04-08,07:10:00,5.43,5.44,5.43,5.44,22000,0
2016-04-08,07:15:00,5.44,5.45,5.44,5.45,20000,0
2016-04-08,07:25:00,5.45,5.45,5.44,5.44,24000,0
2016-04-08,07:30:00,5.44,5.44,5.42,5.42,86000,0
2016-04-08,07:35:00,5.42,5.44,5.42,5.44,22000,0
2016-04-08,07:40:00,5.44,5.44,5.44,5.44,14000,0
2016-04-08,07:45:00,5.44,5.44,5.42,5.42,18000,0
2016-04-08,07:50:00,5.42,5.42,5.42,5.42,2000,0
2016-04-08,07:55:00,5.42,5.42,5.42,5.42,8000,0
2016-04-08,08:00:00,5.42,5.42,5.41,5.41,18000,0
2016-04-08,08:05:00,5.41,5.42,5.41,5.42,60000,0
2016-04-08,08:10:00,5.42,5.42,5.42,5.42,4000,0
2016-04-08,08:15:00,5.42,5.43,5.42,5.42,48000,0
2016-04-08,08:20:00,5.42,5.43,5.41,5.41,216000,0
2016-04-08,08:25:00,5.41,5.43,5.4,5.43,328000,0
2016-04-08,08:30:00,5.43,5.43,5.41,5.41,84000,0
2016-04-08,08:35:00,5.41,5.42,5.41,5.42,76000,0
2016-04-08,08:40:00,5.42,5.42,5.42,5.42,14000,0
2016-04-08,08:45:00,5.42,5.42,5.41,5.41,26000,0
2016-04-08,08:50:00,5.41,5.41,5.41,5.41,2000,0
2016-04-08,08:55:00,5.41,5.41,5.41,5.41,2000,0
2016-04-08,09:00:00,5.41,5.41,5.41,5.41,6000,0
2016-04-08,09:05:00,5.41,5.42,5.41,5.42,48000,0
2016-04-08,09:10:00,5.42,5.42,5.42,5.42,6000,0
2016-04-08,09:15:00,5.42,5.43,5.42,5.43,26000,0
2016-04-08,09:20:00,5.43,5.43,5.43,5.43,14000,0
2016-04-08,09:25:00,5.43,5.44,5.43,5.44,24000,0
2016-04-08,09:30:00,5.44,5.44,5.44,5.44,8000,0
2016-04-08,09:35:00,5.44,5.44,5.43,5.43,16000,0
2016-04-08,09:40:00,5.43,5.43,5.43,5.43,8000,0
2016-04-08,09:45:00,5.43,5.43,5.42,5.42,200000,0
2016-04-08,09:50:00,5.42,5.43,5.42,5.43,60000,0
2016-04-08,09:55:00,5.43,5.43,5.42,5.43,74000,0
2016-04-08,10:00:00,5.43,5.45,5.43,5.44,148000,0
2016-04-11,03:35:00,5.46,5.47,5.4,5.47,60000,0
2016-04-11,03:40:00,5.46,5.46,5.45,5.45,18000,0
2016-04-11,03:50:00,5.45,5.47,5.45,5.47,44000,0
2016-04-11,03:55:00,5.47,5.47,5.47,5.47,2000,0
2016-04-11,04:00:00,5.47,5.48,5.47,5.48,8000,0
2016-04-11,04:05:00,5.48,5.49,5.48,5.49,38000,0
2016-04-11,04:10:00,5.49,5.49,5.48,5.48,32000,0
2016-04-11,04:15:00,5.48,5.49,5.44,5.45,140000,0
2016-04-11,04:20:00,5.45,5.45,5.44,5.44,62000,0
2016-04-11,04:25:00,5.44,5.44,5.42,5.42,50000,0
2016-04-11,04:30:00,5.42,5.42,5.42,5.42,10000,0
2016-04-11,04:35:00,5.42,5.42,5.4,5.41,132000,0
2016-04-11,04:40:00,5.41,5.43,5.41,5.42,90000,0
2016-04-11,04:45:00,5.42,5.43,5.42,5.43,46000,0
2016-04-11,04:50:00,5.43,5.44,5.43,5.44,28000,0
2016-04-11,04:55:00,5.44,5.45,5.43,5.45,68000,0
2016-04-11,05:00:00,5.45,5.45,5.42,5.42,96000,0
2016-04-11,05:05:00,5.42,5.44,5.42,5.44,42000,0
2016-04-11,05:10:00,5.44,5.44,5.42,5.42,36000,0
2016-04-11,05:15:00,5.42,5.42,5.41,5.42,90000,0
2016-04-11,05:20:00,5.42,5.42,5.41,5.42,100000,0
2016-04-11,05:30:00,5.42,5.42,5.4,5.4,54000,0
2016-04-11,05:40:00,5.4,5.4,5.39,5.4,80000,0
2016-04-11,05:45:00,5.4,5.41,5.39,5.4,134000,0
2016-04-11,05:50:00,5.4,5.4,5.4,5.4,22000,0
2016-04-11,05:55:00,5.4,5.4,5.4,5.4,10000,0
2016-04-11,06:00:00,5.4,5.4,5.39,5.39,44000,0
2016-04-11,07:05:00,5.39,5.4,5.39,5.4,16000,0
2016-04-11,07:10:00,5.4,5.4,5.4,5.4,50000,0
2016-04-11,07:15:00,5.4,5.41,5.4,5.4,28000,0
2016-04-11,07:20:00,5.4,5.4,5.39,5.39,34000,0
2016-04-11,07:25:00,5.39,5.4,5.39,5.4,14000,0
2016-04-11,07:30:00,5.4,5.4,5.39,5.39,14000,0
2016-04-11,07:35:00,5.39,5.39,5.39,5.39,10000,0
2016-04-11,07:40:00,5.39,5.39,5.39,5.39,4000,0
2016-04-11,07:45:00,5.39,5.41,5.38,5.41,196000,0
2016-04-11,07:50:00,5.41,5.41,5.35,5.37,406000,0
2016-04-11,07:55:00,5.37,5.37,5.34,5.34,138000,0
2016-04-11,08:00:00,5.34,5.35,5.34,5.35,68000,0
2016-04-11,08:05:00,5.35,5.4,5.35,5.38,52000,0
2016-04-11,08:10:00,5.38,5.39,5.37,5.37,78000,0
2016-04-11,08:15:00,5.37,5.37,5.37,5.37,10000,0
2016-04-11,08:20:00,5.37,5.38,5.37,5.38,4000,0
2016-04-11,08:25:00,5.38,5.38,5.38,5.38,48000,0
2016-04-11,08:30:00,5.38,5.38,5.37,5.38,12000,0
2016-04-11,08:35:00,5.38,5.38,5.36,5.36,54000,0
2016-04-11,08:40:00,5.36,5.38,5.36,5.38,22000,0
2016-04-11,08:45:00,5.38,5.38,5.36,5.36,8000,0
2016-04-11,08:50:00,5.36,5.37,5.36,5.37,8000,0
2016-04-11,08:55:00,5.37,5.38,5.37,5.37,26000,0
2016-04-11,09:00:00,5.37,5.39,5.37,5.39,34000,0
2016-04-11,09:05:00,5.39,5.39,5.38,5.38,10000,0
2016-04-11,09:10:00,5.38,5.39,5.38,5.38,20000,0
2016-04-11,09:15:00,5.38,5.39,5.38,5.39,6000,0
2016-04-11,09:20:00,5.39,5.39,5.37,5.37,68000,0
2016-04-11,09:25:00,5.37,5.37,5.37,5.37,2000,0
2016-04-11,09:30:00,5.38,5.38,5.38,5.38,28000,0
2016-04-11,09:35:00,5.38,5.45,5.38,5.45,168000,0
2016-04-11,09:40:00,5.45,5.51,5.42,5.43,594000,0
2016-04-11,09:45:00,5.43,5.48,5.43,5.46,210000,0
2016-04-11,09:50:00,5.46,5.49,5.46,5.48,144000,0
2016-04-11,09:55:00,5.48,5.5,5.48,5.5,96000,0
2016-04-11,10:00:00,5.5,5.51,5.46,5.49,150000,0
2016-04-12,03:35:00,5.51,5.53,5.48,5.53,64000,0
2016-04-12,03:40:00,5.53,5.55,5.53,5.55,100000,0
2016-04-12,03:45:00,5.55,5.59,5.55,5.58,22000,0
2016-04-12,03:50:00,5.58,5.59,5.54,5.56,104000,0
2016-04-12,03:55:00,5.56,5.56,5.55,5.56,56000,0
2016-04-12,04:00:00,5.56,5.56,5.55,5.55,16000,0
2016-04-12,04:05:00,5.55,5.58,5.55,5.58,38000,0
2016-04-12,04:10:00,5.58,5.58,5.58,5.58,20000,0
2016-04-12,04:15:00,5.58,5.59,5.58,5.59,38000,0
2016-04-12,04:20:00,5.59,5.61,5.59,5.61,56000,0
2016-04-12,04:25:00,5.61,5.61,5.6,5.6,12000,0
2016-04-12,04:30:00,5.61,5.64,5.61,5.64,124000,0
2016-04-12,04:35:00,5.64,5.65,5.64,5.65,92000,0
2016-04-12,04:40:00,5.65,5.65,5.63,5.63,4000,0
2016-04-12,04:45:00,5.63,5.63,5.63,5.63,20000,0
2016-04-12,04:50:00,5.63,5.64,5.63,5.63,14000,0
2016-04-12,04:55:00,5.63,5.63,5.63,5.63,14000,0
2016-04-12,05:00:00,5.63,5.63,5.61,5.61,4000,0
2016-04-12,05:05:00,5.61,5.61,5.6,5.61,36000,0
2016-04-12,05:15:00,5.6,5.6,5.59,5.59,4000,0
2016-04-12,05:20:00,5.59,5.59,5.58,5.59,20000,0
2016-04-12,05:25:00,5.59,5.59,5.58,5.58,20000,0
2016-04-12,05:30:00,5.58,5.59,5.56,5.56,42000,0
2016-04-12,05:35:00,5.56,5.61,5.56,5.61,72000,0
2016-04-12,05:40:00,5.59,5.59,5.58,5.58,4000,0
2016-04-12,05:45:00,5.58,5.6,5.58,5.6,16000,0
2016-04-12,05:50:00,5.59,5.59,5.59,5.59,2000,0
2016-04-12,05:55:00,5.59,5.59,5.58,5.58,8000,0
2016-04-12,06:00:00,5.58,5.58,5.57,5.58,30000,0
2016-04-12,07:05:00,5.57,5.57,5.56,5.57,46000,0
2016-04-12,07:10:00,5.57,5.57,5.55,5.55,18000,0
2016-04-12,07:15:00,5.55,5.55,5.55,5.55,14000,0
2016-04-12,07:20:00,5.55,5.55,5.54,5.54,116000,0
2016-04-12,07:25:00,5.54,5.55,5.54,5.54,28000,0
2016-04-12,07:30:00,5.54,5.55,5.53,5.55,44000,0
2016-04-12,07:35:00,5.55,5.55,5.54,5.54,4000,0
2016-04-12,07:40:00,5.54,5.54,5.53,5.53,10000,0
2016-04-12,07:45:00,5.53,5.54,5.53,5.54,6000,0
2016-04-12,07:50:00,5.54,5.54,5.54,5.54,2000,0
2016-04-12,07:55:00,5.54,5.54,5.53,5.53,42000,0
2016-04-12,08:00:00,5.53,5.55,5.53,5.55,24000,0
2016-04-12,08:05:00,5.55,5.55,5.54,5.55,10000,0
2016-04-12,08:10:00,5.55,5.55,5.55,5.55,4000,0
2016-04-12,08:15:00,5.55,5.55,5.55,5.55,4000,0
2016-04-12,08:20:00,5.55,5.55,5.54,5.55,14000,0
2016-04-12,08:25:00,5.55,5.55,5.54,5.54,10000,0
2016-04-12,08:30:00,5.54,5.55,5.54,5.55,20000,0
2016-04-12,08:35:00,5.55,5.55,5.54,5.55,34000,0
2016-04-12,08:40:00,5.55,5.55,5.54,5.55,12000,0
2016-04-12,08:45:00,5.55,5.55,5.55,5.55,2000,0
2016-04-12,08:50:00,5.55,5.55,5.54,5.54,14000,0
2016-04-12,08:55:00,5.54,5.55,5.54,5.54,24000,0
2016-04-12,09:00:00,5.54,5.55,5.54,5.55,8000,0
2016-04-12,09:05:00,5.55,5.55,5.54,5.55,20000,0
2016-04-12,09:10:00,5.55,5.55,5.54,5.54,8000,0
2016-04-12,09:15:00,5.54,5.55,5.54,5.55,10000,0
2016-04-12,09:20:00,5.55,5.55,5.54,5.55,60000,0
2016-04-12,09:30:00,5.55,5.57,5.55,5.57,30000,0
2016-04-12,09:35:00,5.57,5.57,5.56,5.57,34000,0
2016-04-12,09:40:00,5.57,5.58,5.57,5.58,8000,0
2016-04-12,09:45:00,5.58,5.59,5.57,5.58,98000,0
2016-04-12,09:50:00,5.58,5.59,5.58,5.58,34000,0
2016-04-12,09:55:00,5.58,5.59,5.58,5.59,32000,0
2016-04-12,10:00:00,5.59,5.59,5.57,5.58,108000,0
2016-04-13,03:35:00,5.54,5.57,5.52,5.55,96000,0
2016-04-13,03:40:00,5.55,5.55,5.53,5.54,102000,0
2016-04-13,03:45:00,5.54,5.55,5.54,5.55,52000,0
2016-04-13,03:50:00,5.55,5.56,5.55,5.55,10000,0
2016-04-13,03:55:00,5.55,5.55,5.55,5.55,18000,0
2016-04-13,04:00:00,5.55,5.56,5.55,5.56,4000,0
2016-04-13,04:05:00,5.56,5.56,5.55,5.55,24000,0
2016-04-13,04:10:00,5.55,5.55,5.51,5.51,76000,0
2016-04-13,04:15:00,5.51,5.51,5.44,5.49,260000,0
2016-04-13,04:20:00,5.49,5.49,5.48,5.48,36000,0
2016-04-13,04:25:00,5.48,5.48,5.47,5.47,50000,0
2016-04-13,04:35:00,5.47,5.47,5.42,5.46,284000,0
2016-04-13,04:40:00,5.46,5.47,5.46,5.46,150000,0
2016-04-13,04:45:00,5.46,5.47,5.46,5.46,20000,0
2016-04-13,04:50:00,5.46,5.46,5.46,5.46,68000,0
2016-04-13,05:00:00,5.46,5.46,5.46,5.46,38000,0
2016-04-13,05:05:00,5.46,5.47,5.46,5.46,36000,0
2016-04-13,05:10:00,5.46,5.46,5.46,5.46,8000,0
2016-04-13,05:15:00,5.46,5.47,5.46,5.46,102000,0
2016-04-13,05:20:00,5.46,5.46,5.45,5.45,64000,0
2016-04-13,05:25:00,5.45,5.45,5.45,5.45,36000,0
2016-04-13,05:30:00,5.45,5.45,5.45,5.45,26000,0
2016-04-13,05:35:00,5.45,5.46,5.45,5.46,12000,0
2016-04-13,05:40:00,5.46,5.46,5.45,5.45,4000,0
2016-04-13,05:45:00,5.45,5.46,5.45,5.46,72000,0
2016-04-13,05:50:00,5.46,5.5,5.46,5.5,228000,0
2016-04-13,05:55:00,5.5,5.5,5.49,5.49,28000,0
2016-04-13,06:00:00,5.49,5.49,5.49,5.49,36000,0
2016-04-13,07:05:00,5.49,5.49,5.47,5.47,56000,0
2016-04-13,07:10:00,5.47,5.48,5.47,5.48,4000,0
2016-04-13,07:15:00,5.48,5.48,5.48,5.48,12000,0
2016-04-13,07:20:00,5.48,5.48,5.46,5.46,44000,0
2016-04-13,07:25:00,5.46,5.46,5.46,5.46,4000,0
2016-04-13,07:30:00,5.46,5.46,5.45,5.45,4000,0
2016-04-13,07:35:00,5.45,5.45,5.45,5.45,10000,0
2016-04-13,07:40:00,5.46,5.46,5.46,5.46,6000,0
2016-04-13,07:45:00,5.46,5.46,5.45,5.45,50000,0
2016-04-13,07:50:00,5.45,5.45,5.45,5.45,34178,0
2016-04-13,07:55:00,5.45,5.47,5.45,5.45,70000,0
2016-04-13,08:00:00,5.45,5.45,5.45,5.45,6000,0
2016-04-13,08:05:00,5.46,5.48,5.46,5.48,16000,0
2016-04-13,08:10:00,5.48,5.49,5.48,5.48,22000,0
2016-04-13,08:15:00,5.48,5.49,5.48,5.49,20000,0
2016-04-13,08:20:00,5.49,5.49,5.48,5.48,6000,0
2016-04-13,08:25:00,5.48,5.48,5.48,5.48,12000,0
2016-04-13,08:30:00,5.48,5.48,5.47,5.47,14000,0
2016-04-13,08:35:00,5.47,5.47,5.47,5.47,8000,0
2016-04-13,08:40:00,5.47,5.47,5.45,5.45,28000,0
2016-04-13,08:45:00,5.45,5.49,5.45,5.49,4000,0
2016-04-13,09:15:00,5.49,5.49,5.49,5.49,4000,0
2016-04-13,09:20:00,5.49,5.49,5.48,5.48,60000,0
2016-04-13,09:30:00,5.48,5.5,5.48,5.5,22000,0
2016-04-13,09:35:00,5.5,5.5,5.5,5.5,12000,0
2016-04-13,09:40:00,5.5,5.5,5.5,5.5,16000,0
2016-04-13,09:45:00,5.5,5.52,5.49,5.52,48000,0
2016-04-13,09:50:00,5.52,5.53,5.52,5.53,22000,0
2016-04-13,09:55:00,5.53,5.53,5.53,5.53,24000,0
2016-04-13,10:00:00,5.53,5.54,5.51,5.52,58000,0
