Date,Time,Open,High,Low,Close,Volume,OpenInt
2016-03-07,02:35:00,0.64,0.64,0.63,0.64,1286000,0
2016-03-07,02:40:00,0.64,0.65,0.64,0.65,56000,0
2016-03-07,02:45:00,0.65,0.65,0.64,0.65,170000,0
2016-03-07,02:50:00,0.65,0.65,0.65,0.65,30000,0
2016-03-07,02:55:00,0.65,0.65,0.65,0.65,28000,0
2016-03-07,03:00:00,0.65,0.65,0.65,0.65,62000,0
2016-03-07,03:05:00,0.65,0.65,0.64,0.65,50000,0
2016-03-07,03:10:00,0.65,0.65,0.64,0.65,70000,0
2016-03-07,03:20:00,0.65,0.65,0.65,0.65,12000,0
2016-03-07,03:25:00,0.65,0.65,0.64,0.65,384000,0
2016-03-07,03:30:00,0.65,0.65,0.64,0.65,126000,0
2016-03-07,03:35:00,0.65,0.65,0.65,0.65,8000,0
2016-03-07,03:40:00,0.65,0.65,0.65,0.65,2000,0
2016-03-07,03:50:00,0.65,0.65,0.65,0.65,14000,0
2016-03-07,03:55:00,0.65,0.65,0.64,0.64,68000,0
2016-03-07,04:00:00,0.64,0.64,0.64,0.64,30000,0
2016-03-07,04:05:00,0.64,0.65,0.64,0.65,154000,0
2016-03-07,04:10:00,0.65,0.65,0.65,0.65,2000,0
2016-03-07,04:15:00,0.65,0.65,0.65,0.65,4000,0
2016-03-07,04:20:00,0.65,0.65,0.64,0.65,22000,0
2016-03-07,04:25:00,0.65,0.65,0.65,0.65,2000,0
2016-03-07,04:30:00,0.65,0.65,0.65,0.65,4000,0
2016-03-07,04:35:00,0.65,0.65,0.65,0.65,18000,0
2016-03-07,04:40:00,0.65,0.65,0.64,0.64,8000,0
2016-03-07,04:45:00,0.64,0.65,0.64,0.65,6000,0
2016-03-07,04:50:00,0.65,0.65,0.65,0.65,8000,0
2016-03-07,06:05:00,0.65,0.65,0.64,0.65,18000,0
2016-03-07,06:10:00,0.65,0.65,0.65,0.65,14000,0
2016-03-07,06:15:00,0.65,0.65,0.64,0.65,8000,0
2016-03-07,06:20:00,0.65,0.65,0.65,0.65,2000,0
2016-03-07,06:25:00,0.65,0.65,0.65,0.65,40000,0
2016-03-07,06:30:00,0.65,0.65,0.64,0.64,8000,0
2016-03-07,06:35:00,0.64,0.65,0.64,0.65,36000,0
2016-03-07,06:40:00,0.65,0.65,0.65,0.65,96000,0
2016-03-07,06:45:00,0.65,0.65,0.65,0.65,2000,0
2016-03-07,06:50:00,0.65,0.65,0.65,0.65,94000,0
2016-03-07,06:55:00,0.65,0.65,0.64,0.64,6000,0
2016-03-07,07:05:00,0.64,0.65,0.64,0.65,38000,0
2016-03-07,07:10:00,0.65,0.65,0.65,0.65,6000,0
2016-03-07,07:20:00,0.65,0.65,0.65,0.65,4000,0
2016-03-07,07:25:00,0.65,0.65,0.64,0.65,12000,0
2016-03-07,07:30:00,0.65,0.65,0.65,0.65,4000,0
2016-03-07,07:35:00,0.65,0.65,0.65,0.65,12000,0
2016-03-07,07:40:00,0.65,0.65,0.64,0.65,10000,0
2016-03-07,07:45:00,0.65,0.65,0.65,0.65,4000,0
2016-03-07,07:50:00,0.65,0.65,0.65,0.65,2000,0
2016-03-07,07:55:00,0.65,0.65,0.65,0.65,16000,0
2016-03-07,08:00:00,0.65,0.65,0.65,0.65,4000,0
2016-03-07,08:05:00,0.65,0.65,0.64,0.64,118000,0
2016-03-07,08:10:00,0.64,0.65,0.64,0.65,34000,0
2016-03-07,08:15:00,0.65,0.65,0.65,0.65,4000,0
2016-03-07,08:20:00,0.65,0.65,0.65,0.65,6000,0
2016-03-07,08:25:00,0.65,0.65,0.64,0.64,222000,0
2016-03-07,08:35:00,0.64,0.65,0.64,0.65,12000,0
2016-03-07,08:40:00,0.65,0.65,0.64,0.64,30000,0
2016-03-07,08:45:00,0.64,0.65,0.64,0.65,8000,0
2016-03-07,08:50:00,0.65,0.65,0.64,0.64,8000,0
2016-03-07,08:55:00,0.64,0.65,0.64,0.65,74000,0
2016-03-07,09:00:00,0.65,0.65,0.64,0.65,178000,0
2016-03-08,02:35:00,0.65,0.65,0.64,0.64,304000,0
2016-03-08,02:40:00,0.64,0.65,0.64,0.64,60000,0
2016-03-08,02:45:00,0.64,0.64,0.64,0.64,552000,0
2016-03-08,02:50:00,0.64,0.65,0.64,0.64,344000,0
2016-03-08,02:55:00,0.64,0.65,0.64,0.64,256000,0
2016-03-08,03:00:00,0.64,0.64,0.64,0.64,4000,0
2016-03-08,03:05:00,0.64,0.64,0.64,0.64,112000,0
2016-03-08,03:10:00,0.64,0.64,0.64,0.64,42000,0
2016-03-08,03:25:00,0.63,0.64,0.63,0.64,20000,0
2016-03-08,03:30:00,0.64,0.64,0.64,0.64,4000,0
2016-03-08,03:35:00,0.63,0.64,0.63,0.64,6000,0
2016-03-08,03:40:00,0.64,0.64,0.64,0.64,12000,0
2016-03-08,03:45:00,0.64,0.64,0.63,0.64,20000,0
2016-03-08,03:50:00,0.64,0.64,0.64,0.64,8000,0
2016-03-08,03:55:00,0.64,0.64,0.64,0.64,8000,0
2016-03-08,04:00:00,0.64,0.64,0.64,0.64,6000,0
2016-03-08,04:05:00,0.64,0.64,0.64,0.64,4000,0
2016-03-08,04:10:00,0.64,0.64,0.64,0.64,16000,0
2016-03-08,04:15:00,0.64,0.64,0.63,0.64,32000,0
2016-03-08,04:20:00,0.64,0.64,0.64,0.64,4000,0
2016-03-08,04:25:00,0.64,0.64,0.64,0.64,2000,0
2016-03-08,04:30:00,0.64,0.64,0.64,0.64,2000,0
2016-03-08,04:35:00,0.64,0.64,0.63,0.64,60000,0
2016-03-08,04:40:00,0.64,0.64,0.64,0.64,2000,0
2016-03-08,04:45:00,0.64,0.64,0.64,0.64,10000,0
2016-03-08,04:50:00,0.64,0.64,0.64,0.64,46000,0
2016-03-08,05:00:00,0.64,0.64,0.64,0.64,8000,0
2016-03-08,06:05:00,0.64,0.64,0.63,0.64,10000,0
2016-03-08,06:10:00,0.64,0.64,0.64,0.64,14000,0
2016-03-08,06:15:00,0.64,0.64,0.64,0.64,2000,0
2016-03-08,06:20:00,0.64,0.64,0.64,0.64,4000,0
2016-03-08,06:25:00,0.64,0.64,0.64,0.64,4911,0
2016-03-08,06:30:00,0.64,0.64,0.63,0.64,48000,0
2016-03-08,06:35:00,0.64,0.64,0.64,0.64,12000,0
2016-03-08,06:40:00,0.64,0.64,0.64,0.64,68000,0
2016-03-08,06:45:00,0.64,0.64,0.64,0.64,4000,0
2016-03-08,06:50:00,0.64,0.64,0.64,0.64,4000,0
2016-03-08,06:55:00,0.64,0.64,0.64,0.64,28000,0
2016-03-08,07:00:00,0.64,0.64,0.63,0.64,6000,0
2016-03-08,07:05:00,0.64,0.64,0.64,0.64,18000,0
2016-03-08,07:10:00,0.64,0.64,0.64,0.64,52000,0
2016-03-08,07:20:00,0.64,0.64,0.64,0.64,16000,0
2016-03-08,07:30:00,0.64,0.64,0.63,0.64,66000,0
2016-03-08,07:40:00,0.64,0.64,0.64,0.64,4000,0
2016-03-08,07:45:00,0.64,0.64,0.64,0.64,32000,0
2016-03-08,07:50:00,0.64,0.64,0.64,0.64,192000,0
2016-03-08,07:55:00,0.64,0.64,0.63,0.64,22000,0
2016-03-08,08:00:00,0.64,0.64,0.64,0.64,2000,0
2016-03-08,08:05:00,0.64,0.64,0.64,0.64,2000,0
2016-03-08,08:10:00,0.64,0.64,0.64,0.64,22000,0
2016-03-08,08:15:00,0.64,0.64,0.64,0.64,4000,0
2016-03-08,08:20:00,0.64,0.64,0.64,0.64,2000,0
2016-03-08,08:25:00,0.64,0.64,0.64,0.64,16000,0
2016-03-08,08:30:00,0.64,0.64,0.64,0.64,2000,0
2016-03-08,08:35:00,0.64,0.64,0.63,0.64,1734000,0
2016-03-08,08:40:00,0.64,0.64,0.64,0.64,244000,0
2016-03-08,08:45:00,0.64,0.64,0.64,0.64,306000,0
2016-03-08,08:50:00,0.63,0.64,0.63,0.64,10000,0
2016-03-08,08:55:00,0.64,0.64,0.64,0.64,14000,0
2016-03-08,09:00:00,0.64,0.65,0.63,0.65,176000,0
2016-03-09,02:35:00,0.64,0.65,0.64,0.64,38000,0
2016-03-09,02:40:00,0.64,0.64,0.63,0.64,524000,0
2016-03-09,02:45:00,0.64,0.64,0.64,0.64,4000,0
2016-03-09,02:55:00,0.64,0.65,0.64,0.64,39600,0
2016-03-09,03:10:00,0.63,0.64,0.63,0.64,28000,0
2016-03-09,03:15:00,0.64,0.64,0.64,0.64,2000,0
2016-03-09,03:20:00,0.64,0.64,0.64,0.64,4000,0
2016-03-09,03:30:00,0.64,0.64,0.64,0.64,2000,0
2016-03-09,03:35:00,0.63,0.64,0.63,0.64,6000,0
2016-03-09,03:40:00,0.64,0.64,0.64,0.64,12000,0
2016-03-09,03:45:00,0.64,0.64,0.64,0.64,2000,0
2016-03-09,03:50:00,0.64,0.64,0.64,0.64,302000,0
2016-03-09,03:55:00,0.64,0.64,0.64,0.64,14000,0
2016-03-09,04:00:00,0.64,0.64,0.64,0.64,4000,0
2016-03-09,04:10:00,0.63,0.64,0.63,0.64,32000,0
2016-03-09,04:15:00,0.64,0.64,0.64,0.64,2000,0
2016-03-09,04:20:00,0.64,0.64,0.64,0.64,2000,0
2016-03-09,04:30:00,0.63,0.64,0.63,0.64,4000,0
2016-03-09,04:35:00,0.63,0.64,0.63,0.64,4000,0
2016-03-09,04:40:00,0.64,0.64,0.64,0.64,14000,0
2016-03-09,04:45:00,0.63,0.64,0.63,0.64,4000,0
2016-03-09,04:50:00,0.64,0.64,0.64,0.64,2000,0
2016-03-09,04:55:00,0.64,0.64,0.64,0.64,2000,0
2016-03-09,06:05:00,0.63,0.64,0.63,0.64,4000,0
2016-03-09,06:10:00,0.64,0.64,0.64,0.64,12000,0
2016-03-09,06:15:00,0.64,0.64,0.64,0.64,4000,0
2016-03-09,06:20:00,0.63,0.64,0.63,0.64,4000,0
2016-03-09,06:25:00,0.64,0.64,0.64,0.64,24000,0
2016-03-09,06:30:00,0.64,0.64,0.64,0.64,2000,0
2016-03-09,06:35:00,0.64,0.64,0.64,0.64,2000,0
2016-03-09,06:40:00,0.64,0.64,0.64,0.64,4000,0
2016-03-09,06:50:00,0.64,0.64,0.64,0.64,2000,0
2016-03-09,06:55:00,0.63,0.64,0.63,0.64,26000,0
2016-03-09,07:00:00,0.64,0.64,0.64,0.64,34000,0
2016-03-09,07:05:00,0.64,0.64,0.64,0.64,4000,0
2016-03-09,07:20:00,0.63,0.64,0.63,0.64,16000,0
2016-03-09,07:25:00,0.64,0.64,0.64,0.64,2000,0
2016-03-09,07:30:00,0.64,0.64,0.64,0.64,4000,0
2016-03-09,07:40:00,0.64,0.64,0.64,0.64,2000,0
2016-03-09,07:45:00,0.63,0.64,0.63,0.64,4000,0
2016-03-09,07:50:00,0.64,0.64,0.64,0.64,14000,0
2016-03-09,07:55:00,0.64,0.64,0.64,0.64,2000,0
2016-03-09,08:00:00,0.64,0.64,0.64,0.64,6000,0
2016-03-09,08:05:00,0.64,0.64,0.64,0.64,64000,0
2016-03-09,08:15:00,0.63,0.64,0.63,0.64,6000,0
2016-03-09,08:20:00,0.64,0.64,0.64,0.64,2000,0
2016-03-09,08:25:00,0.64,0.64,0.64,0.64,14000,0
2016-03-09,08:30:00,0.63,0.64,0.63,0.64,42000,0
2016-03-09,08:35:00,0.64,0.64,0.64,0.64,4000,0
2016-03-09,08:40:00,0.64,0.64,0.63,0.64,14000,0
2016-03-09,08:45:00,0.64,0.64,0.63,0.64,10000,0
2016-03-09,08:50:00,0.64,0.64,0.64,0.64,6000,0
2016-03-09,08:55:00,0.63,0.64,0.63,0.64,90000,0
2016-03-09,09:00:00,0.64,0.64,0.63,0.64,92000,0
2016-03-10,03:10:00,0.64,0.64,0.64,0.64,44000,0
2016-03-10,03:20:00,0.64,0.64,0.64,0.64,12000,0
2016-03-10,03:25:00,0.64,0.64,0.64,0.64,156000,0
2016-03-10,03:30:00,0.64,0.64,0.63,0.63,4000,0
2016-03-10,03:35:00,0.63,0.64,0.63,0.64,26000,0
2016-03-10,03:45:00,0.64,0.64,0.64,0.64,138000,0
2016-03-10,03:50:00,0.64,0.64,0.64,0.64,40000,0
2016-03-10,03:55:00,0.64,0.64,0.63,0.64,30000,0
2016-03-10,04:05:00,0.64,0.64,0.64,0.64,10000,0
2016-03-10,04:30:00,0.64,0.64,0.64,0.64,2000,0
2016-03-10,04:35:00,0.64,0.64,0.64,0.64,10000,0
2016-03-10,04:50:00,0.64,0.64,0.64,0.64,10000,0
2016-03-10,06:05:00,0.64,0.64,0.63,0.63,224000,0
2016-03-10,06:10:00,0.63,0.64,0.63,0.64,20000,0
2016-03-10,06:20:00,0.64,0.64,0.64,0.64,134000,0
2016-03-10,06:25:00,0.64,0.64,0.64,0.64,10000,0
2016-03-10,06:50:00,0.64,0.64,0.64,0.64,2000,0
2016-03-10,06:55:00,0.64,0.64,0.64,0.64,10000,0
2016-03-10,07:10:00,0.64,0.64,0.64,0.64,10000,0
2016-03-10,07:25:00,0.64,0.64,0.64,0.64,10000,0
2016-03-10,07:30:00,0.64,0.64,0.64,0.64,2000,0
2016-03-10,07:45:00,0.64,0.64,0.63,0.63,4000,0
2016-03-10,07:50:00,0.63,0.63,0.63,0.63,350000,0
2016-03-10,07:55:00,0.63,0.64,0.63,0.64,20000,0
2016-03-10,08:05:00,0.64,0.64,0.64,0.64,2000,0
2016-03-10,08:10:00,0.64,0.64,0.63,0.63,440000,0
2016-03-10,08:15:00,0.63,0.63,0.63,0.63,100000,0
2016-03-10,08:25:00,0.63,0.63,0.63,0.63,24000,0
2016-03-10,08:30:00,0.63,0.63,0.63,0.63,4000,0
2016-03-10,08:50:00,0.63,0.63,0.63,0.63,10000,0
2016-03-10,08:55:00,0.63,0.63,0.63,0.63,10000,0
2016-03-10,09:00:00,0.62,0.63,0.62,0.63,140000,0
2016-03-11,02:45:00,0.63,0.63,0.63,0.63,122000,0
2016-03-11,02:55:00,0.63,0.63,0.63,0.63,12000,0
2016-03-11,03:00:00,0.63,0.63,0.63,0.63,54000,0
2016-03-11,03:05:00,0.63,0.64,0.63,0.64,124000,0
2016-03-11,03:10:00,0.64,0.64,0.64,0.64,6000,0
2016-03-11,03:15:00,0.64,0.64,0.64,0.64,12000,0
2016-03-11,03:25:00,0.64,0.64,0.64,0.64,12000,0
2016-03-11,03:30:00,0.64,0.64,0.64,0.64,2000,0
2016-03-11,03:35:00,0.64,0.64,0.63,0.63,74000,0
2016-03-11,03:40:00,0.63,0.64,0.63,0.63,32000,0
2016-03-11,03:45:00,0.63,0.64,0.63,0.64,22000,0
2016-03-11,03:55:00,0.64,0.64,0.64,0.64,2000,0
2016-03-11,04:05:00,0.64,0.64,0.64,0.64,10000,0
2016-03-11,04:15:00,0.64,0.64,0.62,0.63,1206000,0
2016-03-11,04:20:00,0.63,0.63,0.63,0.63,8000,0
2016-03-11,04:25:00,0.63,0.63,0.63,0.63,70000,0
2016-03-11,04:30:00,0.63,0.63,0.63,0.63,2000,0
2016-03-11,04:35:00,0.63,0.63,0.63,0.63,12000,0
2016-03-11,04:40:00,0.63,0.63,0.63,0.63,2000,0
2016-03-11,04:45:00,0.63,0.63,0.63,0.63,2000,0
2016-03-11,04:50:00,0.63,0.63,0.63,0.63,10000,0
2016-03-11,04:55:00,0.63,0.63,0.63,0.63,12000,0
2016-03-11,05:00:00,0.63,0.63,0.63,0.63,6000,0
2016-03-11,06:05:00,0.63,0.63,0.63,0.63,22000,0
2016-03-11,06:10:00,0.63,0.63,0.63,0.63,120000,0
2016-03-11,06:15:00,0.63,0.63,0.63,0.63,120000,0
2016-03-11,06:20:00,0.63,0.63,0.63,0.63,250000,0
2016-03-11,06:25:00,0.63,0.64,0.63,0.64,42000,0
2016-03-11,06:35:00,0.64,0.64,0.64,0.64,2000,0
2016-03-11,06:40:00,0.64,0.64,0.64,0.64,14000,0
2016-03-11,06:45:00,0.64,0.64,0.64,0.64,2000,0
2016-03-11,06:55:00,0.64,0.64,0.64,0.64,2000,0
2016-03-11,07:00:00,0.64,0.64,0.63,0.63,6000,0
2016-03-11,07:05:00,0.63,0.64,0.63,0.64,128000,0
2016-03-11,07:10:00,0.64,0.64,0.63,0.63,18000,0
2016-03-11,07:15:00,0.63,0.63,0.63,0.63,188000,0
2016-03-11,07:20:00,0.63,0.63,0.63,0.63,10000,0
2016-03-11,07:25:00,0.63,0.63,0.63,0.63,4000,0
2016-03-11,07:30:00,0.63,0.63,0.63,0.63,2000,0
2016-03-11,07:35:00,0.63,0.63,0.63,0.63,406000,0
2016-03-11,07:40:00,0.63,0.63,0.63,0.63,14000,0
2016-03-11,07:45:00,0.63,0.64,0.63,0.64,28000,0
2016-03-11,07:55:00,0.64,0.64,0.63,0.64,10000,0
2016-03-11,08:00:00,0.64,0.64,0.63,0.63,20000,0
2016-03-11,08:05:00,0.63,0.64,0.63,0.64,220000,0
2016-03-11,08:10:00,0.64,0.64,0.64,0.64,2000,0
2016-03-11,08:20:00,0.64,0.64,0.64,0.64,2000,0
2016-03-11,08:25:00,0.64,0.64,0.63,0.63,514000,0
2016-03-11,08:30:00,0.63,0.64,0.63,0.63,38000,0
2016-03-11,08:35:00,0.63,0.64,0.63,0.63,46000,0
2016-03-11,08:40:00,0.63,0.64,0.63,0.63,588000,0
2016-03-11,08:45:00,0.63,0.63,0.63,0.63,232976,0
2016-03-11,08:50:00,0.63,0.64,0.63,0.64,6000,0
2016-03-11,08:55:00,0.64,0.64,0.63,0.63,394000,0
2016-03-11,09:00:00,0.63,0.63,0.62,0.63,60000,0
2016-03-14,02:35:00,0.63,0.64,0.63,0.64,16000,0
2016-03-14,02:40:00,0.64,0.64,0.64,0.64,10000,0
2016-03-14,02:45:00,0.63,0.64,0.63,0.64,10000,0
2016-03-14,03:10:00,0.63,0.64,0.63,0.64,22000,0
2016-03-14,03:15:00,0.64,0.64,0.64,0.64,2000,0
2016-03-14,03:25:00,0.64,0.64,0.64,0.64,10000,0
2016-03-14,03:30:00,0.63,0.64,0.63,0.64,198000,0
2016-03-14,03:35:00,0.64,0.64,0.64,0.64,72000,0
2016-03-14,03:50:00,0.63,0.64,0.63,0.64,4000,0
2016-03-14,03:55:00,0.63,0.64,0.63,0.64,38000,0
2016-03-14,04:00:00,0.63,0.64,0.63,0.64,4000,0
2016-03-14,04:05:00,0.64,0.64,0.63,0.64,152000,0
2016-03-14,04:10:00,0.63,0.64,0.63,0.64,20000,0
2016-03-14,04:20:00,0.63,0.64,0.63,0.64,746000,0
2016-03-14,04:30:00,0.63,0.64,0.63,0.64,4000,0
2016-03-14,04:35:00,0.64,0.64,0.64,0.64,26000,0
2016-03-14,04:40:00,0.63,0.64,0.63,0.64,72000,0
2016-03-14,04:55:00,0.63,0.64,0.63,0.64,8000,0
2016-03-14,05:00:00,0.63,0.64,0.63,0.64,408000,0
2016-03-14,06:05:00,0.63,0.64,0.63,0.64,122000,0
2016-03-14,06:20:00,0.63,0.64,0.63,0.64,22000,0
2016-03-14,06:35:00,0.63,0.64,0.63,0.64,20000,0
2016-03-14,06:40:00,0.64,0.64,0.64,0.64,110000,0
2016-03-14,07:05:00,0.63,0.64,0.63,0.64,20000,0
2016-03-14,07:25:00,0.63,0.64,0.63,0.64,20000,0
2016-03-14,07:40:00,0.63,0.64,0.63,0.64,20000,0
2016-03-14,07:50:00,0.63,0.64,0.63,0.64,4000,0
2016-03-14,08:00:00,0.63,0.64,0.63,0.64,8000,0
2016-03-14,08:10:00,0.63,0.64,0.63,0.64,20000,0
2016-03-14,08:25:00,0.63,0.64,0.63,0.64,18000,0
2016-03-14,08:35:00,0.63,0.64,0.63,0.64,8000,0
2016-03-14,08:55:00,0.63,0.64,0.63,0.64,20000,0
2016-03-15,02:35:00,0.63,0.64,0.63,0.64,96000,0
2016-03-15,02:40:00,0.64,0.64,0.63,0.63,162000,0
2016-03-15,02:45:00,0.63,0.63,0.63,0.63,70000,0
2016-03-15,02:50:00,0.63,0.63,0.63,0.63,124000,0
2016-03-15,02:55:00,0.63,0.64,0.63,0.63,146000,0
2016-03-15,03:00:00,0.63,0.63,0.63,0.63,20000,0
2016-03-15,03:05:00,0.63,0.64,0.63,0.64,62000,0
2016-03-15,03:10:00,0.64,0.64,0.63,0.63,64000,0
2016-03-15,03:15:00,0.63,0.64,0.63,0.64,8000,0
2016-03-15,03:20:00,0.64,0.64,0.63,0.64,86000,0
2016-03-15,03:25:00,0.64,0.64,0.63,0.63,42000,0
2016-03-15,03:30:00,0.63,0.64,0.63,0.64,10000,0
2016-03-15,03:35:00,0.64,0.64,0.64,0.64,2000,0
2016-03-15,03:40:00,0.64,0.64,0.64,0.64,36000,0
2016-03-15,03:45:00,0.64,0.64,0.63,0.63,8000,0
2016-03-15,03:50:00,0.63,0.64,0.63,0.64,46000,0
2016-03-15,03:55:00,0.64,0.64,0.64,0.64,4000,0
2016-03-15,04:00:00,0.64,0.64,0.64,0.64,2000,0
2016-03-15,04:05:00,0.64,0.64,0.64,0.64,4000,0
2016-03-15,04:10:00,0.64,0.64,0.64,0.64,14000,0
2016-03-15,04:15:00,0.64,0.64,0.63,0.63,8000,0
2016-03-15,04:20:00,0.63,0.64,0.63,0.64,4000,0
2016-03-15,04:25:00,0.64,0.64,0.64,0.64,20000,0
2016-03-15,04:30:00,0.64,0.64,0.63,0.63,136000,0
2016-03-15,04:35:00,0.63,0.63,0.63,0.63,64000,0
2016-03-15,04:40:00,0.63,0.64,0.63,0.64,8000,0
2016-03-15,04:45:00,0.64,0.64,0.64,0.64,2000,0
2016-03-15,04:50:00,0.64,0.64,0.63,0.64,10000,0
2016-03-15,04:55:00,0.64,0.64,0.63,0.64,30000,0
2016-03-15,05:00:00,0.64,0.64,0.64,0.64,6000,0
2016-03-15,06:05:00,0.64,0.64,0.64,0.64,16000,0
2016-03-15,06:15:00,0.64,0.64,0.63,0.63,542000,0
2016-03-15,06:20:00,0.63,0.64,0.63,0.64,24000,0
2016-03-15,06:30:00,0.64,0.64,0.64,0.64,10000,0
2016-03-15,06:35:00,0.64,0.64,0.64,0.64,2000,0
2016-03-15,06:40:00,0.64,0.64,0.64,0.64,2000,0
2016-03-15,06:45:00,0.64,0.64,0.64,0.64,4000,0
2016-03-15,06:50:00,0.64,0.64,0.64,0.64,64000,0
2016-03-15,06:55:00,0.64,0.64,0.63,0.64,8000,0
2016-03-15,07:00:00,0.64,0.64,0.63,0.64,206000,0
2016-03-15,07:05:00,0.64,0.64,0.63,0.63,18000,0
2016-03-15,07:10:00,0.63,0.63,0.63,0.63,2000,0
2016-03-15,07:15:00,0.63,0.63,0.63,0.63,4000,0
2016-03-15,07:20:00,0.63,0.63,0.63,0.63,12000,0
2016-03-15,07:25:00,0.63,0.63,0.63,0.63,2000,0
2016-03-15,07:30:00,0.62,0.63,0.62,0.63,10000,0
2016-03-15,07:35:00,0.63,0.63,0.63,0.63,18000,0
2016-03-15,07:40:00,0.63,0.63,0.63,0.63,14000,0
2016-03-15,07:45:00,0.63,0.63,0.63,0.63,16000,0
2016-03-15,07:50:00,0.62,0.63,0.62,0.63,4000,0
2016-03-15,07:55:00,0.63,0.63,0.62,0.63,204000,0
2016-03-15,08:00:00,0.62,0.63,0.62,0.63,22000,0
2016-03-15,08:05:00,0.63,0.63,0.63,0.63,14000,0
2016-03-15,08:15:00,0.62,0.63,0.62,0.63,8000,0
2016-03-15,08:20:00,0.63,0.63,0.63,0.63,14000,0
2016-03-15,08:25:00,0.63,0.63,0.63,0.63,2000,0
2016-03-15,08:30:00,0.62,0.63,0.62,0.63,18000,0
2016-03-15,08:35:00,0.63,0.63,0.62,0.63,24000,0
2016-03-15,08:40:00,0.63,0.63,0.63,0.63,10000,0
2016-03-15,08:45:00,0.63,0.63,0.63,0.63,8000,0
2016-03-15,08:50:00,0.63,0.63,0.63,0.63,6000,0
2016-03-15,08:55:00,0.63,0.63,0.63,0.63,268000,0
2016-03-15,09:00:00,0.63,0.63,0.62,0.63,484000,0
2016-03-16,02:35:00,0.63,0.63,0.63,0.63,72000,0
2016-03-16,02:40:00,0.63,0.63,0.63,0.63,10000,0
2016-03-16,02:45:00,0.63,0.63,0.62,0.63,140000,0
2016-03-16,02:55:00,0.63,0.63,0.63,0.63,760000,0
2016-03-16,03:00:00,0.63,0.63,0.63,0.63,370000,0
2016-03-16,03:05:00,0.63,0.63,0.63,0.63,2000,0
2016-03-16,03:10:00,0.63,0.64,0.63,0.63,64000,0
2016-03-16,03:20:00,0.63,0.63,0.63,0.63,48000,0
2016-03-16,03:25:00,0.63,0.63,0.63,0.63,2000,0
2016-03-16,03:40:00,0.63,0.63,0.62,0.63,22000,0
2016-03-16,03:45:00,0.63,0.63,0.63,0.63,106000,0
2016-03-16,03:50:00,0.63,0.63,0.63,0.63,94000,0
2016-03-16,03:55:00,0.63,0.64,0.63,0.63,24000,0
2016-03-16,04:00:00,0.63,0.63,0.63,0.63,2000,0
2016-03-16,04:10:00,0.62,0.64,0.62,0.64,20000,0
2016-03-16,04:40:00,0.62,0.63,0.62,0.63,26000,0
2016-03-16,06:05:00,0.62,0.63,0.62,0.63,22000,0
2016-03-16,06:35:00,0.62,0.63,0.62,0.63,14000,0
2016-03-16,06:50:00,0.63,0.63,0.63,0.63,10000,0
2016-03-16,07:25:00,0.62,0.63,0.62,0.63,20000,0
2016-03-16,07:40:00,0.62,0.63,0.62,0.63,18000,0
2016-03-16,07:55:00,0.63,0.63,0.63,0.63,10000,0
2016-03-16,08:10:00,0.62,0.63,0.62,0.63,20000,0
2016-03-16,09:00:00,0.62,0.63,0.62,0.63,338000,0
2016-03-17,02:50:00,0.62,0.63,0.62,0.63,16000,0
2016-03-17,03:00:00,0.62,0.63,0.62,0.63,4000,0
2016-03-17,03:10:00,0.62,0.63,0.62,0.63,394000,0
2016-03-17,03:35:00,0.63,0.64,0.63,0.64,212000,0
2016-03-17,03:40:00,0.64,0.64,0.63,0.63,4000,0
2016-03-17,03:55:00,0.63,0.63,0.63,0.63,10000,0
2016-03-17,04:05:00,0.63,0.64,0.63,0.64,20000,0
2016-03-17,04:15:00,0.64,0.64,0.63,0.63,130000,0
2016-03-17,04:20:00,0.63,0.64,0.63,0.64,4000,0
2016-03-17,04:25:00,0.64,0.64,0.63,0.63,72000,0
2016-03-17,04:35:00,0.63,0.64,0.63,0.64,20000,0
2016-03-17,04:45:00,0.64,0.64,0.63,0.63,4000,0
2016-03-17,04:50:00,0.63,0.64,0.63,0.64,20000,0
2016-03-17,04:55:00,0.64,0.64,0.63,0.63,42000,0
2016-03-17,06:05:00,0.63,0.64,0.63,0.64,42000,0
2016-03-17,06:10:00,0.64,0.64,0.64,0.64,48000,0
2016-03-17,06:15:00,0.64,0.64,0.63,0.63,4000,0
2016-03-17,06:35:00,0.63,0.64,0.63,0.64,20000,0
2016-03-17,06:40:00,0.64,0.64,0.64,0.64,20000,0
2016-03-17,06:45:00,0.64,0.64,0.63,0.63,338000,0
2016-03-17,06:50:00,0.63,0.63,0.63,0.63,20000,0
2016-03-17,06:55:00,0.63,0.64,0.63,0.64,106000,0
2016-03-17,07:05:00,0.64,0.64,0.64,0.64,12000,0
2016-03-17,07:10:00,0.64,0.64,0.63,0.63,84000,0
2016-03-17,07:15:00,0.63,0.63,0.63,0.63,10000,0
2016-03-17,07:20:00,0.63,0.64,0.63,0.64,60000,0
2016-03-17,07:25:00,0.64,0.64,0.63,0.63,4000,0
2016-03-17,07:40:00,0.63,0.64,0.63,0.64,20000,0
2016-03-17,07:45:00,0.64,0.64,0.64,0.64,2000,0
2016-03-17,08:00:00,0.64,0.64,0.63,0.63,4000,0
2016-03-17,08:05:00,0.63,0.64,0.63,0.63,28000,0
2016-03-17,08:10:00,0.63,0.63,0.63,0.63,2000,0
2016-03-17,08:20:00,0.63,0.63,0.63,0.63,2000,0
2016-03-17,08:25:00,0.63,0.64,0.63,0.64,20000,0
2016-03-17,08:30:00,0.64,0.64,0.64,0.64,2000,0
2016-03-17,08:40:00,0.64,0.64,0.63,0.63,18000,0
2016-03-17,08:45:00,0.63,0.63,0.63,0.63,120000,0
2016-03-17,08:50:00,0.63,0.64,0.63,0.63,206000,0
2016-03-17,08:55:00,0.63,0.64,0.63,0.64,4000,0
2016-03-17,09:00:00,0.64,0.64,0.63,0.63,12000,0
2016-03-18,02:35:00,0.63,0.63,0.63,0.63,200000,0
2016-03-18,02:40:00,0.63,0.64,0.63,0.64,20000,0
2016-03-18,02:45:00,0.64,0.64,0.63,0.63,16000,0
2016-03-18,02:50:00,0.63,0.63,0.63,0.63,1217,0
2016-03-18,02:55:00,0.63,0.64,0.63,0.64,20000,0
2016-03-18,03:00:00,0.64,0.64,0.64,0.64,200000,0
2016-03-18,03:05:00,0.64,0.64,0.63,0.63,18000,0
2016-03-18,03:25:00,0.63,0.64,0.63,0.64,20000,0
2016-03-18,03:30:00,0.64,0.64,0.63,0.63,4000,0
2016-03-18,03:35:00,0.63,0.63,0.63,0.63,22000,0
2016-03-18,03:40:00,0.63,0.63,0.63,0.63,26000,0
2016-03-18,03:50:00,0.63,0.64,0.63,0.64,34000,0
2016-03-18,03:55:00,0.64,0.64,0.64,0.64,132000,0
2016-03-18,04:05:00,0.64,0.64,0.63,0.63,20000,0
2016-03-18,04:10:00,0.63,0.64,0.63,0.63,24000,0
2016-03-18,04:20:00,0.63,0.63,0.63,0.63,8000,0
2016-03-18,04:25:00,0.63,0.64,0.63,0.64,36000,0
2016-03-18,04:35:00,0.64,0.64,0.64,0.64,10000,0
2016-03-18,04:40:00,0.64,0.64,0.63,0.63,4000,0
2016-03-18,04:45:00,0.63,0.63,0.63,0.63,10000,0
2016-03-18,06:05:00,0.63,0.64,0.63,0.64,62000,0
2016-03-18,06:10:00,0.64,0.64,0.63,0.63,4000,0
2016-03-18,06:20:00,0.63,0.63,0.63,0.63,38000,0
2016-03-18,06:25:00,0.63,0.64,0.63,0.64,22000,0
2016-03-18,06:30:00,0.64,0.64,0.63,0.63,24000,0
2016-03-18,06:35:00,0.63,0.64,0.63,0.64,4000,0
2016-03-18,06:40:00,0.64,0.64,0.63,0.63,34000,0
2016-03-18,06:45:00,0.63,0.63,0.63,0.63,12000,0
2016-03-18,06:55:00,0.63,0.63,0.63,0.63,14000,0
2016-03-18,07:00:00,0.63,0.63,0.63,0.63,68000,0
2016-03-18,07:05:00,0.63,0.64,0.63,0.64,48000,0
2016-03-18,07:10:00,0.64,0.64,0.63,0.63,22000,0
2016-03-18,07:15:00,0.63,0.63,0.63,0.63,12000,0
2016-03-18,07:20:00,0.63,0.63,0.63,0.63,14000,0
2016-03-18,07:25:00,0.63,0.64,0.63,0.63,24000,0
2016-03-18,07:30:00,0.63,0.64,0.63,0.64,4000,0
2016-03-18,07:35:00,0.64,0.64,0.63,0.63,28000,0
2016-03-18,07:40:00,0.63,0.64,0.63,0.63,28000,0
2016-03-18,07:45:00,0.63,0.63,0.63,0.63,24000,0
2016-03-18,07:50:00,0.63,0.64,0.63,0.63,180000,0
2016-03-18,07:55:00,0.63,0.64,0.63,0.64,48000,0
2016-03-18,08:00:00,0.64,0.64,0.63,0.63,34000,0
2016-03-18,08:05:00,0.63,0.63,0.63,0.63,18000,0
2016-03-18,08:10:00,0.63,0.64,0.63,0.64,66000,0
2016-03-18,08:15:00,0.64,0.64,0.63,0.64,50000,0
2016-03-18,08:20:00,0.64,0.64,0.63,0.63,58000,0
2016-03-18,08:25:00,0.63,0.64,0.63,0.63,44000,0
2016-03-18,08:30:00,0.63,0.63,0.63,0.63,70000,0
2016-03-18,08:35:00,0.63,0.63,0.63,0.63,34000,0
2016-03-18,08:40:00,0.63,0.64,0.63,0.63,82000,0
2016-03-18,08:45:00,0.63,0.63,0.63,0.63,206000,0
2016-03-18,08:50:00,0.63,0.64,0.63,0.63,32000,0
2016-03-18,08:55:00,0.63,0.63,0.63,0.63,60000,0
2016-03-18,09:00:00,0.63,0.64,0.62,0.64,2542000,0
2016-03-21,02:40:00,0.63,0.64,0.63,0.64,64000,0
2016-03-21,02:45:00,0.63,0.64,0.63,0.64,36000,0
2016-03-21,03:15:00,0.63,0.64,0.63,0.64,4000,0
2016-03-21,03:20:00,0.64,0.64,0.64,0.64,148000,0
2016-03-21,03:25:00,0.64,0.64,0.63,0.64,32000,0
2016-03-21,03:35:00,0.64,0.64,0.64,0.64,162000,0
2016-03-21,03:40:00,0.64,0.64,0.64,0.64,60000,0
2016-03-21,03:50:00,0.63,0.64,0.63,0.64,20000,0
2016-03-21,03:55:00,0.64,0.64,0.64,0.64,6000,0
2016-03-21,04:00:00,0.64,0.64,0.64,0.64,80000,0
2016-03-21,04:15:00,0.64,0.64,0.64,0.64,2000,0
2016-03-21,04:20:00,0.63,0.64,0.63,0.64,20000,0
2016-03-21,04:25:00,0.64,0.64,0.64,0.64,4000,0
2016-03-21,04:30:00,0.63,0.64,0.63,0.64,152000,0
2016-03-21,04:35:00,0.64,0.64,0.64,0.64,10000,0
2016-03-21,04:45:00,0.64,0.64,0.64,0.64,2000,0
2016-03-21,04:50:00,0.64,0.64,0.64,0.64,10000,0
2016-03-21,06:10:00,0.63,0.64,0.63,0.64,20000,0
2016-03-21,06:15:00,0.64,0.64,0.64,0.64,2000,0
2016-03-21,06:25:00,0.64,0.64,0.64,0.64,10000,0
2016-03-21,06:30:00,0.64,0.64,0.64,0.64,60000,0
2016-03-21,06:40:00,0.64,0.64,0.64,0.64,10000,0
2016-03-21,06:50:00,0.63,0.64,0.63,0.64,4000,0
2016-03-21,07:10:00,0.63,0.64,0.63,0.64,104000,0
2016-03-21,07:40:00,0.63,0.64,0.63,0.64,20000,0
2016-03-21,07:50:00,0.64,0.64,0.64,0.64,90000,0
2016-03-21,07:55:00,0.63,0.65,0.63,0.64,3116000,0
2016-03-21,08:00:00,0.64,0.64,0.64,0.64,64000,0
2016-03-21,08:05:00,0.64,0.65,0.64,0.65,10000,0
2016-03-21,08:10:00,0.65,0.65,0.64,0.64,52000,0
2016-03-21,08:15:00,0.64,0.64,0.64,0.64,32000,0
2016-03-21,08:20:00,0.64,0.64,0.64,0.64,20000,0
2016-03-21,08:25:00,0.64,0.65,0.64,0.65,188000,0
2016-03-21,08:35:00,0.65,0.65,0.64,0.64,328000,0
2016-03-21,08:40:00,0.64,0.64,0.64,0.64,30000,0
2016-03-21,08:45:00,0.64,0.64,0.64,0.64,20000,0
2016-03-21,08:50:00,0.64,0.64,0.64,0.64,26000,0
2016-03-21,08:55:00,0.64,0.65,0.63,0.64,98000,0
2016-03-21,09:00:00,0.64,0.64,0.63,0.64,186000,0
2016-03-22,02:35:00,0.65,0.65,0.64,0.64,200000,0
2016-03-22,02:40:00,0.64,0.65,0.64,0.65,24000,0
2016-03-22,02:50:00,0.65,0.65,0.64,0.65,10000,0
2016-03-22,02:55:00,0.65,0.65,0.65,0.65,18000,0
2016-03-22,03:10:00,0.65,0.65,0.64,0.64,206000,0
2016-03-22,03:20:00,0.64,0.64,0.64,0.64,12000,0
2016-03-22,03:25:00,0.64,0.65,0.64,0.65,26000,0
2016-03-22,03:30:00,0.65,0.65,0.65,0.65,20000,0
2016-03-22,03:40:00,0.65,0.65,0.65,0.65,12000,0
2016-03-22,03:45:00,0.65,0.65,0.65,0.65,10000,0
2016-03-22,03:55:00,0.65,0.65,0.64,0.65,28000,0
2016-03-22,04:00:00,0.65,0.65,0.65,0.65,52000,0
2016-03-22,04:05:00,0.65,0.65,0.64,0.64,114000,0
2016-03-22,04:15:00,0.64,0.64,0.64,0.64,36000,0
2016-03-22,04:20:00,0.64,0.64,0.64,0.64,54000,0
2016-03-22,04:25:00,0.64,0.65,0.64,0.65,24000,0
2016-03-22,04:35:00,0.65,0.65,0.64,0.64,4000,0
2016-03-22,04:40:00,0.64,0.65,0.64,0.64,40000,0
2016-03-22,04:45:00,0.64,0.65,0.64,0.65,4000,0
2016-03-22,06:05:00,0.65,0.65,0.65,0.65,12000,0
2016-03-22,06:10:00,0.65,0.65,0.64,0.64,4000,0
2016-03-22,06:15:00,0.64,0.65,0.64,0.65,4000,0
2016-03-22,06:20:00,0.65,0.65,0.64,0.65,82000,0
2016-03-22,06:25:00,0.65,0.65,0.64,0.64,24000,0
2016-03-22,06:40:00,0.64,0.65,0.64,0.65,4000,0
2016-03-22,06:55:00,0.65,0.65,0.64,0.64,16000,0
2016-03-22,07:00:00,0.64,0.64,0.64,0.64,6000,0
2016-03-22,07:10:00,0.64,0.65,0.64,0.65,24000,0
2016-03-22,07:20:00,0.65,0.65,0.65,0.65,2000,0
2016-03-22,07:25:00,0.65,0.65,0.65,0.65,12000,0
2016-03-22,07:35:00,0.65,0.65,0.64,0.64,6000,0
2016-03-22,07:40:00,0.64,0.64,0.64,0.64,300000,0
2016-03-22,07:45:00,0.64,0.64,0.64,0.64,52000,0
2016-03-22,07:50:00,0.63,0.64,0.63,0.64,16000,0
2016-03-22,07:55:00,0.64,0.64,0.64,0.64,12000,0
2016-03-22,08:00:00,0.64,0.64,0.64,0.64,142000,0
2016-03-22,08:05:00,0.64,0.64,0.64,0.64,2000,0
2016-03-22,08:10:00,0.64,0.64,0.64,0.64,20000,0
2016-03-22,08:20:00,0.64,0.64,0.64,0.64,2000,0
2016-03-22,08:25:00,0.64,0.64,0.64,0.64,112000,0
2016-03-22,08:45:00,0.63,0.64,0.63,0.64,208000,0
2016-03-22,08:55:00,0.64,0.64,0.64,0.64,20000,0
2016-03-22,09:00:00,0.64,0.64,0.63,0.64,78000,0
2016-03-23,02:35:00,0.64,0.64,0.64,0.64,98000,0
2016-03-23,02:40:00,0.64,0.65,0.64,0.65,14000,0
2016-03-23,02:45:00,0.65,0.65,0.64,0.64,4000,0
2016-03-23,02:55:00,0.64,0.64,0.64,0.64,102000,0
2016-03-23,03:00:00,0.64,0.65,0.64,0.64,550000,0
2016-03-23,03:05:00,0.64,0.65,0.64,0.65,20000,0
2016-03-23,03:10:00,0.65,0.65,0.64,0.65,92000,0
2016-03-23,03:35:00,0.65,0.65,0.65,0.65,10000,0
2016-03-23,03:50:00,0.65,0.65,0.64,0.65,24000,0
2016-03-23,03:55:00,0.65,0.65,0.65,0.65,10000,0
2016-03-23,04:10:00,0.65,0.65,0.65,0.65,20000,0
2016-03-23,04:20:00,0.65,0.65,0.64,0.64,80000,0
2016-03-23,04:25:00,0.64,0.65,0.64,0.65,16000,0
2016-03-23,04:30:00,0.65,0.65,0.64,0.64,22000,0
2016-03-23,04:35:00,0.64,0.64,0.64,0.64,30000,0
2016-03-23,04:40:00,0.64,0.64,0.64,0.64,2000,0
2016-03-23,04:45:00,0.64,0.64,0.64,0.64,20000,0
2016-03-23,04:50:00,0.64,0.64,0.64,0.64,110000,0
2016-03-23,06:15:00,0.64,0.64,0.64,0.64,2000,0
2016-03-23,06:25:00,0.64,0.64,0.64,0.64,190000,0
2016-03-23,06:40:00,0.64,0.64,0.64,0.64,2000,0
2016-03-23,06:45:00,0.64,0.64,0.64,0.64,382000,0
2016-03-23,06:50:00,0.64,0.64,0.64,0.64,10000,0
2016-03-23,07:00:00,0.64,0.64,0.64,0.64,138000,0
2016-03-23,07:55:00,0.63,0.64,0.63,0.64,16000,0
2016-03-23,08:00:00,0.64,0.64,0.64,0.64,36000,0
2016-03-23,08:05:00,0.64,0.64,0.64,0.64,100000,0
2016-03-23,08:10:00,0.64,0.64,0.64,0.64,2000,0
2016-03-23,08:50:00,0.63,0.64,0.63,0.64,108000,0
2016-03-23,08:55:00,0.64,0.64,0.64,0.64,188000,0
2016-03-23,09:00:00,0.64,0.64,0.64,0.64,2000,0
2016-03-24,02:35:00,0.64,0.65,0.64,0.64,74000,0
2016-03-24,02:40:00,0.64,0.64,0.64,0.64,180000,0
2016-03-24,02:45:00,0.64,0.64,0.64,0.64,2000,0
2016-03-24,02:50:00,0.64,0.64,0.64,0.64,274000,0
2016-03-24,02:55:00,0.64,0.64,0.64,0.64,100000,0
2016-03-24,03:00:00,0.64,0.64,0.64,0.64,100000,0
2016-03-24,03:10:00,0.64,0.64,0.64,0.64,2000,0
2016-03-24,03:20:00,0.64,0.65,0.64,0.65,20000,0
2016-03-24,03:30:00,0.65,0.65,0.65,0.65,2000,0
2016-03-24,03:40:00,0.65,0.65,0.65,0.65,2000,0
2016-03-24,03:45:00,0.65,0.65,0.64,0.64,4000,0
2016-03-24,03:50:00,0.64,0.64,0.64,0.64,472000,0
2016-03-24,03:55:00,0.64,0.64,0.64,0.64,2000,0
2016-03-24,04:05:00,0.64,0.64,0.64,0.64,770000,0
2016-03-24,04:20:00,0.64,0.64,0.64,0.64,4000,0
2016-03-24,06:15:00,0.63,0.64,0.63,0.64,342000,0
2016-03-24,06:20:00,0.64,0.64,0.64,0.64,212000,0
2016-03-24,06:30:00,0.64,0.64,0.64,0.64,20000,0
2016-03-24,06:35:00,0.64,0.64,0.64,0.64,56000,0
2016-03-24,06:40:00,0.64,0.64,0.64,0.64,4000,0
2016-03-24,06:55:00,0.64,0.65,0.64,0.65,116000,0
2016-03-24,07:00:00,0.65,0.65,0.64,0.64,10000,0
2016-03-24,07:25:00,0.64,0.64,0.64,0.64,54000,0
2016-03-24,07:30:00,0.64,0.64,0.64,0.64,2000,0
2016-03-24,07:35:00,0.64,0.64,0.64,0.64,20000,0
2016-03-24,07:40:00,0.64,0.64,0.64,0.64,314000,0
2016-03-24,07:50:00,0.64,0.64,0.64,0.64,30000,0
2016-03-24,07:55:00,0.64,0.64,0.64,0.64,1310000,0
2016-03-24,08:40:00,0.63,0.64,0.63,0.64,8000,0
2016-03-24,08:55:00,0.63,0.64,0.63,0.64,84000,0
2016-03-29,03:45:00,0.63,0.63,0.63,0.63,302000,0
2016-03-29,03:50:00,0.63,0.63,0.63,0.63,16000,0
2016-03-29,03:55:00,0.63,0.64,0.63,0.64,4000,0
2016-03-29,04:00:00,0.64,0.64,0.63,0.63,26000,0
2016-03-29,04:15:00,0.63,0.63,0.63,0.63,2000,0
2016-03-29,04:20:00,0.63,0.63,0.63,0.63,800000,0
2016-03-29,04:40:00,0.63,0.63,0.63,0.63,32000,0
2016-03-29,05:20:00,0.62,0.63,0.62,0.63,360000,0
2016-03-29,07:05:00,0.62,0.63,0.62,0.63,32000,0
2016-03-29,09:05:00,0.62,0.63,0.62,0.63,60000,0
2016-03-29,09:50:00,0.62,0.63,0.62,0.63,4000,0
2016-03-30,03:35:00,0.62,0.63,0.62,0.63,34000,0
2016-03-30,03:40:00,0.62,0.63,0.62,0.63,258000,0
2016-03-30,03:55:00,0.62,0.63,0.62,0.63,12000,0
2016-03-30,04:00:00,0.63,0.63,0.63,0.63,6000,0
2016-03-30,04:05:00,0.63,0.63,0.63,0.63,138000,0
2016-03-30,04:10:00,0.63,0.63,0.63,0.63,2000,0
2016-03-30,04:30:00,0.63,0.64,0.63,0.63,410000,0
2016-03-30,04:35:00,0.63,0.64,0.63,0.64,4000,0
2016-03-30,04:50:00,0.64,0.64,0.63,0.63,4000,0
2016-03-30,05:00:00,0.63,0.63,0.63,0.63,68000,0
2016-03-30,05:05:00,0.63,0.63,0.63,0.63,10000,0
2016-03-30,05:20:00,0.63,0.64,0.63,0.64,12000,0
2016-03-30,05:35:00,0.64,0.64,0.63,0.63,120000,0
2016-03-30,05:45:00,0.63,0.63,0.63,0.63,28000,0
2016-03-30,05:50:00,0.63,0.64,0.63,0.64,4000,0
2016-03-30,07:05:00,0.64,0.64,0.64,0.64,2000,0
2016-03-30,07:15:00,0.64,0.64,0.63,0.63,4000,0
2016-03-30,07:30:00,0.63,0.63,0.63,0.63,198000,0
2016-03-30,08:00:00,0.63,0.63,0.63,0.63,6000,0
2016-03-30,08:05:00,0.63,0.64,0.63,0.64,4000,0
2016-03-30,08:20:00,0.64,0.64,0.63,0.63,186000,0
2016-03-30,08:25:00,0.63,0.64,0.63,0.64,4000,0
2016-03-30,08:40:00,0.64,0.64,0.63,0.63,10000,0
2016-03-30,08:45:00,0.63,0.63,0.63,0.63,402000,0
2016-03-30,08:55:00,0.63,0.63,0.63,0.63,758000,0
2016-03-30,09:00:00,0.63,0.63,0.62,0.63,34000,0
2016-03-30,09:10:00,0.62,0.63,0.62,0.63,4000,0
2016-03-30,09:15:00,0.62,0.63,0.62,0.63,4000,0
2016-03-30,09:25:00,0.62,0.63,0.62,0.63,12000,0
2016-03-30,09:30:00,0.62,0.63,0.62,0.63,8000,0
2016-03-30,09:45:00,0.62,0.63,0.62,0.63,52000,0
2016-03-30,09:50:00,0.63,0.64,0.63,0.64,4000,0
2016-03-30,09:55:00,0.64,0.64,0.63,0.63,124000,0
2016-03-30,10:00:00,0.63,0.64,0.63,0.64,164000,0
2016-03-31,03:35:00,0.64,0.64,0.63,0.63,44000,0
2016-03-31,03:50:00,0.63,0.63,0.63,0.63,8000,0
2016-03-31,03:55:00,0.63,0.63,0.63,0.63,66000,0
2016-03-31,04:15:00,0.63,0.63,0.63,0.63,2000,0
2016-03-31,04:20:00,0.63,0.63,0.63,0.63,48000,0
2016-03-31,04:25:00,0.63,0.63,0.63,0.63,2000,0
2016-03-31,04:30:00,0.63,0.64,0.63,0.63,174000,0
2016-03-31,04:35:00,0.63,0.64,0.63,0.64,4000,0
2016-03-31,04:45:00,0.64,0.64,0.63,0.63,160000,0
2016-03-31,04:50:00,0.63,0.63,0.63,0.63,2000,0
2016-03-31,05:00:00,0.63,0.64,0.63,0.64,4000,0
2016-03-31,05:10:00,0.64,0.64,0.64,0.64,2000,0
2016-03-31,05:20:00,0.64,0.64,0.63,0.63,4000,0
2016-03-31,05:30:00,0.63,0.64,0.63,0.64,4000,0
2016-03-31,05:35:00,0.64,0.64,0.64,0.64,4000,0
2016-03-31,05:45:00,0.64,0.64,0.63,0.63,8000,0
2016-03-31,07:05:00,0.63,0.64,0.63,0.64,74000,0
2016-03-31,07:15:00,0.64,0.64,0.63,0.63,8000,0
2016-03-31,07:30:00,0.63,0.64,0.63,0.63,50000,0
2016-03-31,07:50:00,0.63,0.64,0.63,0.64,10000,0
2016-03-31,07:55:00,0.64,0.64,0.63,0.63,1418000,0
2016-03-31,08:00:00,0.63,0.63,0.63,0.63,2000,0
2016-03-31,08:15:00,0.62,0.63,0.62,0.63,274000,0
2016-03-31,08:20:00,0.63,0.63,0.63,0.63,4000,0
2016-03-31,08:25:00,0.63,0.63,0.63,0.63,6000,0
2016-03-31,08:30:00,0.63,0.63,0.63,0.63,8000,0
2016-03-31,09:10:00,0.62,0.63,0.62,0.63,154000,0
2016-03-31,09:15:00,0.62,0.63,0.62,0.63,156000,0
2016-03-31,09:20:00,0.63,0.63,0.63,0.63,160000,0
2016-03-31,09:25:00,0.63,0.63,0.63,0.63,16000,0
2016-03-31,09:30:00,0.63,0.63,0.63,0.63,4000,0
2016-03-31,09:40:00,0.63,0.63,0.63,0.63,6000,0
2016-03-31,09:45:00,0.63,0.63,0.62,0.63,8000,0
2016-03-31,09:55:00,0.63,0.63,0.63,0.63,22000,0
2016-03-31,10:00:00,0.63,0.63,0.63,0.63,10000,0
2016-04-01,03:35:00,0.63,0.63,0.62,0.63,390000,0
2016-04-01,03:40:00,0.63,0.63,0.63,0.63,4000,0
2016-04-01,03:45:00,0.63,0.64,0.63,0.64,1246000,0
2016-04-01,03:50:00,0.64,0.64,0.64,0.64,2000,0
2016-04-01,03:55:00,0.64,0.64,0.64,0.64,4000,0
2016-04-01,04:05:00,0.64,0.64,0.64,0.64,2000,0
2016-04-01,04:10:00,0.64,0.64,0.64,0.64,12000,0
2016-04-01,04:15:00,0.64,0.64,0.64,0.64,104000,0
2016-04-01,04:20:00,0.64,0.65,0.64,0.65,2490000,0
2016-04-01,04:25:00,0.65,0.65,0.65,0.65,4000,0
2016-04-01,04:30:00,0.65,0.65,0.64,0.64,444000,0
2016-04-01,04:40:00,0.64,0.64,0.64,0.64,12000,0
2016-04-01,04:45:00,0.64,0.64,0.64,0.64,2000,0
2016-04-01,04:50:00,0.64,0.64,0.64,0.64,4000,0
2016-04-01,04:55:00,0.64,0.64,0.64,0.64,2000,0
2016-04-01,05:00:00,0.64,0.64,0.64,0.64,2000,0
2016-04-01,05:10:00,0.64,0.64,0.64,0.64,2000,0
2016-04-01,05:15:00,0.64,0.64,0.64,0.64,4000,0
2016-04-01,05:20:00,0.64,0.64,0.63,0.63,4000,0
2016-04-01,05:25:00,0.63,0.64,0.63,0.64,78000,0
2016-04-01,05:35:00,0.64,0.64,0.64,0.64,2000,0
2016-04-01,05:40:00,0.64,0.64,0.64,0.64,2000,0
2016-04-01,05:45:00,0.64,0.64,0.64,0.64,2000,0
2016-04-01,05:50:00,0.64,0.64,0.64,0.64,12000,0
2016-04-01,07:05:00,0.64,0.64,0.64,0.64,16000,0
2016-04-01,07:10:00,0.64,0.64,0.64,0.64,36000,0
2016-04-01,07:15:00,0.64,0.64,0.63,0.63,1034000,0
2016-04-01,07:20:00,0.63,0.64,0.63,0.64,12000,0
2016-04-01,07:30:00,0.64,0.64,0.63,0.63,22000,0
2016-04-01,07:40:00,0.63,0.64,0.63,0.64,4000,0
2016-04-01,07:50:00,0.64,0.64,0.64,0.64,2000,0
2016-04-01,07:55:00,0.64,0.64,0.64,0.64,4000,0
2016-04-01,08:05:00,0.64,0.64,0.64,0.64,2000,0
2016-04-01,08:10:00,0.64,0.64,0.63,0.63,4000,0
2016-04-01,08:15:00,0.63,0.64,0.63,0.64,4000,0
2016-04-01,08:25:00,0.64,0.64,0.64,0.64,6000,0
2016-04-01,08:30:00,0.64,0.64,0.63,0.64,32000,0
2016-04-01,08:40:00,0.64,0.64,0.64,0.64,2000,0
2016-04-01,08:45:00,0.64,0.64,0.64,0.64,2000,0
2016-04-01,08:50:00,0.64,0.64,0.63,0.63,4000,0
2016-04-01,08:55:00,0.63,0.64,0.63,0.64,6000,0
2016-04-01,09:05:00,0.64,0.64,0.64,0.64,2000,0
2016-04-01,09:10:00,0.64,0.64,0.63,0.64,8000,0
2016-04-01,09:20:00,0.64,0.64,0.64,0.64,2000,0
2016-04-01,09:25:00,0.64,0.64,0.64,0.64,4000,0
2016-04-01,09:30:00,0.64,0.64,0.63,0.63,4000,0
2016-04-01,09:35:00,0.63,0.63,0.63,0.63,76000,0
2016-04-01,09:40:00,0.63,0.64,0.63,0.64,8000,0
2016-04-01,09:50:00,0.64,0.64,0.64,0.64,4000,0
2016-04-01,09:55:00,0.64,0.64,0.64,0.64,2000,0
2016-04-01,10:00:00,0.64,0.64,0.63,0.63,90000,0
2016-04-05,03:35:00,0.63,0.63,0.63,0.63,190000,0
2016-04-05,03:45:00,0.63,0.64,0.63,0.64,4000,0
2016-04-05,03:55:00,0.64,0.64,0.63,0.63,36000,0
2016-04-05,04:10:00,0.63,0.63,0.63,0.63,2000,0
2016-04-05,04:20:00,0.63,0.63,0.63,0.63,4000,0
2016-04-05,04:25:00,0.63,0.63,0.63,0.63,10000,0
2016-04-05,04:40:00,0.63,0.63,0.63,0.63,2000,0
2016-04-05,04:45:00,0.63,0.63,0.63,0.63,370000,0
2016-04-05,04:50:00,0.63,0.63,0.63,0.63,2000,0
2016-04-05,04:55:00,0.63,0.63,0.63,0.63,150000,0
2016-04-05,05:00:00,0.63,0.64,0.63,0.64,12000,0
2016-04-05,05:30:00,0.64,0.64,0.63,0.63,4000,0
2016-04-05,05:35:00,0.63,0.64,0.63,0.64,4000,0
2016-04-05,05:55:00,0.64,0.64,0.63,0.63,4000,0
2016-04-05,07:05:00,0.63,0.64,0.63,0.64,10000,0
2016-04-05,07:10:00,0.64,0.64,0.63,0.63,350000,0
2016-04-05,07:15:00,0.63,0.63,0.63,0.63,10000,0
2016-04-05,07:25:00,0.63,0.63,0.63,0.63,18000,0
2016-04-05,07:35:00,0.63,0.63,0.63,0.63,2000,0
2016-04-05,07:55:00,0.62,0.63,0.62,0.63,194000,0
2016-04-05,08:00:00,0.63,0.63,0.63,0.63,154000,0
2016-04-05,08:05:00,0.63,0.63,0.63,0.63,4000,0
2016-04-05,08:10:00,0.62,0.63,0.62,0.63,6000,0
2016-04-05,08:25:00,0.62,0.63,0.62,0.63,10000,0
2016-04-05,08:30:00,0.63,0.63,0.63,0.63,12000,0
2016-04-05,08:35:00,0.63,0.63,0.63,0.63,6000,0
2016-04-05,08:40:00,0.62,0.63,0.62,0.63,18000,0
2016-04-05,08:45:00,0.63,0.63,0.63,0.63,20000,0
2016-04-05,08:55:00,0.63,0.63,0.62,0.63,20000,0
2016-04-05,09:00:00,0.63,0.63,0.63,0.63,6000,0
2016-04-05,09:05:00,0.63,0.63,0.63,0.63,12000,0
2016-04-05,09:10:00,0.63,0.63,0.63,0.63,32000,0
2016-04-05,09:15:00,0.63,0.63,0.63,0.63,18000,0
2016-04-05,09:20:00,0.63,0.63,0.63,0.63,18000,0
2016-04-05,09:25:00,0.63,0.63,0.63,0.63,24000,0
2016-04-05,09:35:00,0.62,0.63,0.62,0.63,10000,0
2016-04-05,09:40:00,0.63,0.63,0.63,0.63,42000,0
2016-04-05,09:45:00,0.63,0.63,0.63,0.63,26000,0
2016-04-05,09:50:00,0.63,0.63,0.63,0.63,30000,0
2016-04-05,09:55:00,0.63,0.63,0.63,0.63,64000,0
2016-04-05,10:00:00,0.63,0.63,0.63,0.63,156000,0
2016-04-06,03:40:00,0.62,0.63,0.62,0.63,28000,0
2016-04-06,03:45:00,0.62,0.63,0.62,0.63,20000,0
2016-04-06,04:25:00,0.62,0.63,0.62,0.63,4000,0
2016-04-06,04:35:00,0.62,0.63,0.62,0.63,898000,0
2016-04-06,04:55:00,0.62,0.63,0.62,0.63,4000,0
2016-04-06,05:10:00,0.63,0.63,0.63,0.63,10000,0
2016-04-06,05:15:00,0.63,0.63,0.63,0.63,4000,0
2016-04-06,05:30:00,0.63,0.63,0.63,0.63,2000,0
2016-04-06,05:40:00,0.63,0.63,0.63,0.63,104000,0
2016-04-06,07:10:00,0.62,0.63,0.62,0.63,4000,0
2016-04-06,07:15:00,0.63,0.63,0.63,0.63,2000,0
2016-04-06,07:25:00,0.63,0.63,0.63,0.63,10000,0
2016-04-06,07:45:00,0.62,0.63,0.62,0.63,4000,0
2016-04-06,08:00:00,0.62,0.63,0.62,0.63,4000,0
2016-04-06,08:05:00,0.63,0.63,0.63,0.63,4000,0
2016-04-06,08:35:00,0.62,0.63,0.62,0.63,100000,0
2016-04-06,08:45:00,0.63,0.63,0.63,0.63,50000,0
2016-04-06,08:50:00,0.62,0.63,0.62,0.63,4000,0
2016-04-06,09:05:00,0.62,0.63,0.62,0.63,4000,0
2016-04-06,09:30:00,0.63,0.63,0.63,0.63,80000,0
2016-04-06,09:35:00,0.62,0.63,0.62,0.63,4000,0
2016-04-06,09:50:00,0.63,0.63,0.63,0.63,80000,0
2016-04-06,09:55:00,0.63,0.63,0.63,0.63,18000,0
2016-04-06,10:00:00,0.63,0.63,0.62,0.63,24000,0
2016-04-07,03:35:00,0.62,0.63,0.62,0.63,4000,0
2016-04-07,03:40:00,0.63,0.63,0.63,0.63,2000,0
2016-04-07,03:45:00,0.63,0.63,0.63,0.63,104000,0
2016-04-07,03:50:00,0.63,0.63,0.63,0.63,10000,0
2016-04-07,03:55:00,0.62,0.63,0.62,0.63,10000,0
2016-04-07,04:00:00,0.63,0.63,0.63,0.63,2000,0
2016-04-07,04:05:00,0.63,0.63,0.63,0.63,2000,0
2016-04-07,04:10:00,0.63,0.63,0.63,0.63,4000,0
2016-04-07,04:15:00,0.62,0.63,0.62,0.63,4000,0
2016-04-07,04:20:00,0.62,0.63,0.62,0.63,12000,0
2016-04-07,04:25:00,0.63,0.63,0.63,0.63,2000,0
2016-04-07,04:35:00,0.63,0.63,0.62,0.63,158000,0
2016-04-07,04:45:00,0.62,0.63,0.62,0.63,4000,0
2016-04-07,04:50:00,0.62,0.63,0.62,0.63,4000,0
2016-04-07,04:55:00,0.63,0.63,0.63,0.63,2000,0
2016-04-07,05:10:00,0.62,0.63,0.62,0.63,4000,0
2016-04-07,05:45:00,0.62,0.63,0.62,0.63,12000,0
2016-04-07,05:50:00,0.63,0.63,0.63,0.63,2000,0
2016-04-07,06:00:00,0.62,0.63,0.62,0.63,26000,0
2016-04-07,07:15:00,0.63,0.63,0.63,0.63,24000,0
2016-04-07,07:20:00,0.63,0.63,0.63,0.63,18000,0
2016-04-07,07:25:00,0.63,0.63,0.63,0.63,42000,0
2016-04-07,07:35:00,0.63,0.63,0.63,0.63,2000,0
2016-04-07,07:45:00,0.62,0.63,0.62,0.63,4000,0
2016-04-07,08:00:00,0.63,0.63,0.63,0.63,6000,0
2016-04-07,08:15:00,0.62,0.63,0.62,0.63,4000,0
2016-04-07,08:35:00,0.63,0.63,0.62,0.63,216000,0
2016-04-07,08:45:00,0.63,0.63,0.63,0.63,2000,0
2016-04-07,08:50:00,0.63,0.63,0.63,0.63,84000,0
2016-04-07,08:55:00,0.62,0.63,0.62,0.63,4000,0
2016-04-07,09:00:00,0.63,0.63,0.63,0.63,2000,0
2016-04-07,09:05:00,0.63,0.63,0.63,0.63,2000,0
2016-04-07,09:10:00,0.63,0.63,0.63,0.63,8000,0
2016-04-07,09:15:00,0.63,0.63,0.63,0.63,4000,0
2016-04-07,09:20:00,0.63,0.63,0.63,0.63,18000,0
2016-04-07,09:25:00,0.63,0.63,0.62,0.63,172000,0
2016-04-07,09:30:00,0.63,0.63,0.63,0.63,4000,0
2016-04-07,09:35:00,0.62,0.63,0.62,0.63,28000,0
2016-04-07,09:40:00,0.63,0.63,0.63,0.63,8000,0
2016-04-07,09:45:00,0.63,0.63,0.63,0.63,10000,0
2016-04-07,09:50:00,0.63,0.63,0.63,0.63,18000,0
2016-04-07,09:55:00,0.63,0.63,0.62,0.63,24000,0
2016-04-07,10:00:00,0.63,0.63,0.62,0.63,70000,0
2016-04-08,03:50:00,0.62,0.63,0.62,0.63,100000,0
2016-04-08,03:55:00,0.63,0.63,0.63,0.63,28000,0
2016-04-08,04:10:00,0.63,0.63,0.62,0.63,36000,0
2016-04-08,04:15:00,0.62,0.63,0.62,0.63,4000,0
2016-04-08,04:40:00,0.63,0.63,0.63,0.63,100000,0
2016-04-08,04:45:00,0.63,0.63,0.62,0.63,60000,0
2016-04-08,05:05:00,0.63,0.63,0.62,0.63,190000,0
2016-04-08,05:10:00,0.63,0.63,0.62,0.63,46000,0
2016-04-08,05:30:00,0.63,0.63,0.62,0.63,170000,0
2016-04-08,05:45:00,0.63,0.63,0.62,0.63,170000,0
2016-04-08,05:50:00,0.63,0.63,0.63,0.63,14000,0
2016-04-08,05:55:00,0.63,0.63,0.63,0.63,2000,0
2016-04-08,06:00:00,0.63,0.63,0.62,0.63,14000,0
2016-04-08,07:05:00,0.62,0.63,0.62,0.63,12000,0
2016-04-08,07:10:00,0.63,0.63,0.63,0.63,16000,0
2016-04-08,07:40:00,0.62,0.63,0.62,0.63,4000,0
2016-04-08,08:25:00,0.62,0.63,0.62,0.63,4000,0
2016-04-08,08:35:00,0.63,0.63,0.63,0.63,2000,0
2016-04-08,08:55:00,0.62,0.63,0.62,0.63,12000,0
2016-04-08,09:10:00,0.62,0.63,0.62,0.63,24000,0
2016-04-08,09:25:00,0.62,0.63,0.62,0.63,8000,0
2016-04-08,09:35:00,0.62,0.63,0.62,0.63,4000,0
2016-04-08,09:40:00,0.63,0.63,0.62,0.63,10000,0
2016-04-08,09:50:00,0.63,0.63,0.63,0.63,2000,0
2016-04-08,09:55:00,0.63,0.63,0.63,0.63,16000,0
2016-04-08,10:00:00,0.63,0.63,0.62,0.63,144000,0
2016-04-11,03:40:00,0.63,0.63,0.63,0.63,6000,0
2016-04-11,03:45:00,0.62,0.63,0.62,0.63,4000,0
2016-04-11,04:00:00,0.62,0.63,0.62,0.63,16000,0
2016-04-11,04:05:00,0.63,0.63,0.63,0.63,6000,0
2016-04-11,04:25:00,0.62,0.63,0.62,0.63,4000,0
2016-04-11,04:40:00,0.63,0.63,0.63,0.63,100000,0
2016-04-11,04:45:00,0.63,0.63,0.62,0.63,308000,0
2016-04-11,04:50:00,0.63,0.63,0.63,0.63,508000,0
2016-04-11,04:55:00,0.63,0.63,0.63,0.63,42000,0
2016-04-11,05:10:00,0.63,0.63,0.63,0.63,20000,0
2016-04-11,05:30:00,0.63,0.64,0.63,0.64,48000,0
2016-04-11,05:35:00,0.64,0.64,0.64,0.64,26000,0
2016-04-11,05:40:00,0.64,0.64,0.64,0.64,24000,0
2016-04-11,05:45:00,0.64,0.64,0.64,0.64,24000,0
2016-04-11,05:50:00,0.64,0.64,0.64,0.64,52000,0
2016-04-11,05:55:00,0.64,0.64,0.63,0.64,26000,0
2016-04-11,06:00:00,0.64,0.64,0.64,0.64,6000,0
2016-04-11,07:05:00,0.64,0.64,0.64,0.64,40000,0
2016-04-11,07:10:00,0.64,0.64,0.63,0.64,132000,0
2016-04-11,07:15:00,0.64,0.64,0.63,0.64,116000,0
2016-04-11,07:30:00,0.64,0.64,0.63,0.64,30000,0
2016-04-11,07:45:00,0.64,0.64,0.63,0.64,58000,0
2016-04-11,08:10:00,0.64,0.64,0.63,0.64,46000,0
2016-04-11,08:15:00,0.64,0.64,0.63,0.64,586000,0
2016-04-11,08:20:00,0.64,0.64,0.64,0.64,30000,0
2016-04-11,08:25:00,0.64,0.64,0.63,0.64,278000,0
2016-04-11,08:30:00,0.64,0.64,0.64,0.64,48000,0
2016-04-11,08:35:00,0.64,0.64,0.63,0.63,422000,0
2016-04-11,08:40:00,0.63,0.63,0.63,0.63,34000,0
2016-04-11,08:45:00,0.63,0.63,0.63,0.63,90000,0
2016-04-11,08:50:00,0.63,0.64,0.63,0.64,8000,0
2016-04-11,08:55:00,0.64,0.64,0.63,0.63,14000,0
2016-04-11,09:05:00,0.63,0.64,0.63,0.64,56000,0
2016-04-11,09:25:00,0.64,0.64,0.64,0.64,4000,0
2016-04-11,09:30:00,0.64,0.64,0.63,0.64,34000,0
2016-04-11,09:35:00,0.64,0.64,0.64,0.64,24000,0
2016-04-11,09:40:00,0.64,0.64,0.63,0.64,174000,0
2016-04-11,09:45:00,0.64,0.64,0.64,0.64,14000,0
2016-04-11,09:50:00,0.64,0.64,0.64,0.64,32000,0
2016-04-11,09:55:00,0.64,0.64,0.63,0.64,40000,0
2016-04-11,10:00:00,0.64,0.64,0.63,0.64,430000,0
2016-04-12,03:35:00,0.63,0.64,0.63,0.63,670000,0
2016-04-12,03:40:00,0.63,0.63,0.63,0.63,34000,0
2016-04-12,03:45:00,0.63,0.63,0.63,0.63,114000,0
2016-04-12,03:55:00,0.63,0.63,0.63,0.63,20000,0
2016-04-12,04:00:00,0.63,0.63,0.63,0.63,24000,0
2016-04-12,04:05:00,0.63,0.63,0.63,0.63,32000,0
2016-04-12,04:10:00,0.63,0.63,0.63,0.63,34000,0
2016-04-12,04:15:00,0.63,0.63,0.63,0.63,6000,0
2016-04-12,04:20:00,0.63,0.63,0.63,0.63,96000,0
2016-04-12,04:30:00,0.63,0.63,0.63,0.63,18000,0
2016-04-12,04:35:00,0.63,0.63,0.63,0.63,28000,0
2016-04-12,04:40:00,0.63,0.63,0.63,0.63,40000,0
2016-04-12,04:45:00,0.63,0.63,0.63,0.63,10000,0
2016-04-12,04:50:00,0.63,0.63,0.63,0.63,12000,0
2016-04-12,05:00:00,0.63,0.64,0.63,0.63,36000,0
2016-04-12,05:10:00,0.63,0.63,0.63,0.63,12000,0
2016-04-12,05:20:00,0.63,0.63,0.63,0.63,114000,0
2016-04-12,05:45:00,0.62,0.63,0.62,0.63,6000,0
2016-04-12,05:55:00,0.63,0.63,0.63,0.63,90000,0
2016-04-12,07:05:00,0.63,0.63,0.62,0.63,36000,0
2016-04-12,07:10:00,0.63,0.63,0.63,0.63,8000,0
2016-04-12,07:20:00,0.62,0.63,0.62,0.63,20000,0
2016-04-12,07:25:00,0.63,0.63,0.63,0.63,30000,0
2016-04-12,07:35:00,0.63,0.63,0.63,0.63,18000,0
2016-04-12,07:40:00,0.63,0.63,0.63,0.63,8000,0
2016-04-12,07:45:00,0.63,0.63,0.63,0.63,14000,0
2016-04-12,07:55:00,0.63,0.63,0.63,0.63,28000,0
2016-04-12,08:05:00,0.63,0.63,0.63,0.63,2000,0
2016-04-12,08:30:00,0.63,0.64,0.63,0.64,22000,0
2016-04-12,08:35:00,0.64,0.64,0.63,0.63,4000,0
2016-04-12,08:40:00,0.63,0.64,0.63,0.64,14000,0
2016-04-12,08:45:00,0.64,0.64,0.63,0.64,40000,0
2016-04-12,08:50:00,0.64,0.64,0.64,0.64,2000,0
2016-04-12,08:55:00,0.64,0.64,0.63,0.64,36000,0
2016-04-12,09:05:00,0.64,0.64,0.63,0.64,188000,0
2016-04-12,09:10:00,0.64,0.64,0.63,0.64,88000,0
2016-04-12,09:20:00,0.64,0.64,0.63,0.64,44000,0
2016-04-12,09:30:00,0.64,0.64,0.63,0.63,4000,0
2016-04-12,09:35:00,0.63,0.64,0.63,0.64,24000,0
2016-04-12,09:45:00,0.64,0.64,0.63,0.64,40000,0
2016-04-12,09:50:00,0.64,0.64,0.63,0.64,44000,0
2016-04-12,09:55:00,0.64,0.64,0.63,0.64,52000,0
2016-04-12,10:00:00,0.64,0.64,0.63,0.63,710000,0
2016-04-13,03:35:00,0.63,0.64,0.63,0.64,46000,0
2016-04-13,03:40:00,0.64,0.64,0.64,0.64,120000,0
2016-04-13,03:45:00,0.64,0.64,0.63,0.64,8000,0
2016-04-13,03:50:00,0.64,0.64,0.63,0.64,14000,0
2016-04-13,03:55:00,0.64,0.64,0.64,0.64,70000,0
2016-04-13,04:00:00,0.64,0.64,0.64,0.64,42000,0
2016-04-13,04:05:00,0.64,0.64,0.64,0.64,448000,0
2016-04-13,04:10:00,0.64,0.65,0.64,0.65,46000,0
2016-04-13,04:20:00,0.65,0.65,0.64,0.64,178000,0
2016-04-13,04:35:00,0.64,0.64,0.64,0.64,2000,0
2016-04-13,04:45:00,0.64,0.64,0.64,0.64,386000,0
2016-04-13,04:50:00,0.64,0.64,0.64,0.64,50000,0
2016-04-13,05:05:00,0.64,0.64,0.64,0.64,198000,0
2016-04-13,05:15:00,0.64,0.65,0.64,0.65,12000,0
2016-04-13,05:20:00,0.65,0.65,0.64,0.65,66000,0
2016-04-13,05:30:00,0.65,0.65,0.65,0.65,4000,0
2016-04-13,05:40:00,0.65,0.65,0.64,0.64,100000,0
2016-04-13,05:45:00,0.64,0.64,0.64,0.64,84000,0
2016-04-13,05:50:00,0.64,0.65,0.64,0.65,14000,0
2016-04-13,05:55:00,0.65,0.65,0.64,0.64,4000,0
2016-04-13,07:05:00,0.64,0.64,0.64,0.64,10000,0
2016-04-13,07:10:00,0.64,0.65,0.64,0.65,20000,0
2016-04-13,07:20:00,0.65,0.65,0.64,0.64,36000,0
2016-04-13,07:30:00,0.64,0.64,0.64,0.64,2000,0
2016-04-13,07:45:00,0.64,0.64,0.64,0.64,4000,0
2016-04-13,07:50:00,0.64,0.64,0.64,0.64,76000,0
2016-04-13,08:05:00,0.64,0.65,0.64,0.64,114000,0
2016-04-13,08:10:00,0.64,0.64,0.64,0.64,2000,0
2016-04-13,08:15:00,0.64,0.64,0.64,0.64,66000,0
2016-04-13,08:25:00,0.64,0.65,0.64,0.65,22000,0
2016-04-13,08:40:00,0.65,0.65,0.64,0.64,8000,0
2016-04-13,08:55:00,0.64,0.65,0.64,0.65,370000,0
2016-04-13,09:05:00,0.65,0.65,0.64,0.64,12000,0
2016-04-13,09:10:00,0.64,0.65,0.64,0.65,24000,0
2016-04-13,09:20:00,0.65,0.65,0.64,0.64,140000,0
2016-04-13,09:25:00,0.64,0.65,0.64,0.65,166000,0
2016-04-13,09:35:00,0.65,0.65,0.64,0.64,6000,0
2016-04-13,09:45:00,0.64,0.65,0.64,0.65,8000,0
2016-04-13,09:55:00,0.65,0.65,0.65,0.65,80000,0
2016-04-13,10:00:00,0.65,0.65,0.64,0.65,192000,0
