Date,Time,Open,High,Low,Close,Volume,OpenInt
2016-03-16,03:10:00,3.36,3.42,3.33,3.41,50000,0
2016-03-16,03:30:00,3.4,3.4,3.32,3.34,53000,0
2016-03-16,03:35:00,3.34,3.36,3.3,3.31,62000,0
2016-03-16,03:45:00,3.34,3.34,3.33,3.34,5000,0
2016-03-16,04:00:00,3.34,3.35,3.34,3.34,5000,0
2016-03-16,04:05:00,3.34,3.34,3.34,3.34,5000,0
2016-03-16,04:15:00,3.34,3.34,3.33,3.33,2000,0
2016-03-16,04:25:00,3.33,3.33,3.33,3.33,3000,0
2016-03-16,04:30:00,3.33,3.33,3.32,3.33,10000,0
2016-03-16,04:35:00,3.33,3.33,3.19,3.19,168000,0
2016-03-16,04:40:00,3.19,3.27,3.19,3.27,80000,0
2016-03-16,04:55:00,3.26,3.26,3.25,3.25,16000,0
2016-03-16,05:00:00,3.25,3.42,3.25,3.42,22000,0
2016-03-16,06:10:00,3.38,3.38,3.31,3.31,4000,0
2016-03-16,06:15:00,3.31,3.31,3.29,3.29,10000,0
2016-03-16,06:30:00,3.29,3.3,3.26,3.26,20000,0
2016-03-16,06:50:00,3.28,3.3,3.28,3.29,12000,0
2016-03-16,07:00:00,3.3,3.3,3.3,3.3,1000,0
2016-03-16,07:05:00,3.3,3.3,3.28,3.28,4000,0
2016-03-16,07:15:00,3.28,3.28,3.28,3.28,1000,0
2016-03-16,07:20:00,3.28,3.28,3.27,3.27,3000,0
2016-03-16,07:25:00,3.27,3.28,3.27,3.28,10000,0
2016-03-16,07:35:00,3.28,3.28,3.27,3.27,6000,0
2016-03-16,07:50:00,3.27,3.27,3.26,3.26,2000,0
2016-03-16,07:55:00,3.26,3.26,3.24,3.24,27000,0
2016-03-16,08:00:00,3.24,3.25,3.24,3.25,14000,0
2016-03-16,08:15:00,3.33,3.33,3.33,3.33,1000,0
2016-03-16,08:20:00,3.33,3.34,3.33,3.34,2000,0
2016-03-16,08:30:00,3.34,3.34,3.34,3.34,3000,0
2016-03-16,08:35:00,3.34,3.34,3.33,3.33,4000,0
2016-03-16,08:50:00,3.33,3.33,3.33,3.33,1000,0
2016-03-16,09:00:00,3.32,3.32,3.28,3.28,16000,0
2016-03-17,02:35:00,3.28,3.41,3.28,3.41,4000,0
2016-03-17,02:40:00,3.41,3.45,3.41,3.43,32000,0
2016-03-17,02:45:00,3.43,3.44,3.41,3.44,23000,0
2016-03-17,02:50:00,3.43,3.43,3.42,3.42,12000,0
2016-03-17,02:55:00,3.42,3.42,3.4,3.4,45000,0
2016-03-17,03:00:00,3.4,3.41,3.4,3.4,7000,0
2016-03-17,03:05:00,3.4,3.41,3.4,3.4,15000,0
2016-03-17,03:10:00,3.4,3.41,3.4,3.4,9000,0
2016-03-17,03:15:00,3.4,3.41,3.4,3.4,10000,0
2016-03-17,03:20:00,3.4,3.41,3.4,3.4,9000,0
2016-03-17,03:25:00,3.4,3.4,3.37,3.37,32000,0
2016-03-17,03:30:00,3.37,3.38,3.37,3.38,31000,0
2016-03-17,03:35:00,3.38,3.38,3.37,3.37,4000,0
2016-03-17,03:40:00,3.37,3.38,3.37,3.38,4000,0
2016-03-17,03:45:00,3.38,3.5,3.38,3.46,63000,0
2016-03-17,03:50:00,3.46,3.46,3.41,3.41,24000,0
2016-03-17,03:55:00,3.41,3.41,3.39,3.39,10000,0
2016-03-17,04:00:00,3.39,3.39,3.35,3.37,47000,0
2016-03-17,04:05:00,3.37,3.37,3.37,3.37,2000,0
2016-03-17,04:10:00,3.37,3.37,3.37,3.37,2000,0
2016-03-17,04:15:00,3.37,3.44,3.37,3.44,27000,0
2016-03-17,04:20:00,3.44,3.46,3.44,3.45,25000,0
2016-03-17,04:25:00,3.45,3.45,3.4,3.4,28000,0
2016-03-17,04:30:00,3.39,3.39,3.37,3.37,2000,0
2016-03-17,04:35:00,3.37,3.44,3.37,3.42,36000,0
2016-03-17,04:40:00,3.42,3.42,3.38,3.39,31000,0
2016-03-17,04:45:00,3.38,3.38,3.35,3.35,11000,0
2016-03-17,04:50:00,3.33,3.33,3.28,3.28,23000,0
2016-03-17,04:55:00,3.28,3.44,3.28,3.44,30000,0
2016-03-17,05:00:00,3.44,3.44,3.35,3.35,10000,0
2016-03-17,06:05:00,3.37,3.39,3.35,3.36,29000,0
2016-03-17,06:10:00,3.36,3.37,3.36,3.36,13000,0
2016-03-17,06:15:00,3.36,3.36,3.36,3.36,4000,0
2016-03-17,06:20:00,3.36,3.37,3.36,3.36,10000,0
2016-03-17,06:25:00,3.36,3.38,3.36,3.37,104000,0
2016-03-17,06:30:00,3.37,3.37,3.37,3.37,15000,0
2016-03-17,06:35:00,3.37,3.37,3.36,3.36,8000,0
2016-03-17,06:40:00,3.36,3.36,3.35,3.35,12000,0
2016-03-17,06:45:00,3.35,3.35,3.33,3.33,16000,0
2016-03-17,06:50:00,3.33,3.33,3.28,3.31,47000,0
2016-03-17,06:55:00,3.31,3.35,3.31,3.32,63000,0
2016-03-17,07:00:00,3.32,3.32,3.29,3.29,10000,0
2016-03-17,07:05:00,3.29,3.3,3.28,3.28,22000,0
2016-03-17,07:15:00,3.28,3.37,3.28,3.37,26000,0
2016-03-17,07:20:00,3.39,3.44,3.36,3.36,27000,0
2016-03-17,07:25:00,3.35,3.35,3.33,3.33,12000,0
2016-03-17,07:35:00,3.33,3.35,3.33,3.35,36000,0
2016-03-17,07:40:00,3.35,3.36,3.35,3.35,5000,0
2016-03-17,07:45:00,3.35,3.36,3.35,3.36,5000,0
2016-03-17,07:50:00,3.36,3.36,3.35,3.35,6000,0
2016-03-17,07:55:00,3.35,3.35,3.35,3.35,21000,0
2016-03-17,08:00:00,3.35,3.35,3.34,3.35,19000,0
2016-03-17,08:05:00,3.35,3.35,3.35,3.35,4000,0
2016-03-17,08:10:00,3.35,3.35,3.35,3.35,14000,0
2016-03-17,08:15:00,3.35,3.36,3.35,3.36,5000,0
2016-03-17,08:20:00,3.36,3.36,3.35,3.35,15000,0
2016-03-17,08:25:00,3.35,3.36,3.35,3.36,3000,0
2016-03-17,08:30:00,3.36,3.36,3.36,3.36,4000,0
2016-03-17,08:35:00,3.36,3.36,3.36,3.36,3000,0
2016-03-17,08:40:00,3.36,3.36,3.35,3.36,10000,0
2016-03-17,08:45:00,3.36,3.36,3.35,3.36,22000,0
2016-03-17,08:50:00,3.36,3.36,3.35,3.35,15000,0
2016-03-17,08:55:00,3.35,3.35,3.32,3.32,58000,0
2016-03-17,09:00:00,3.32,3.35,3.3,3.32,131000,0
2016-03-18,02:50:00,3.23,3.31,3.23,3.26,2464,0
2016-03-18,02:55:00,3.26,3.26,3.23,3.23,3000,0
2016-03-18,03:05:00,3.23,3.23,3.19,3.21,15000,0
2016-03-18,03:10:00,3.21,3.23,3.21,3.22,27000,0
2016-03-18,03:15:00,3.22,3.24,3.22,3.24,69000,0
2016-03-18,03:20:00,3.24,3.24,3.23,3.23,11000,0
2016-03-18,03:25:00,3.27,3.28,3.23,3.23,114000,0
2016-03-18,03:30:00,3.23,3.24,3.23,3.23,39000,0
2016-03-18,03:35:00,3.23,3.23,3.22,3.22,18000,0
2016-03-18,03:40:00,3.22,3.25,3.22,3.25,62000,0
2016-03-18,03:45:00,3.31,3.31,3.23,3.24,21000,0
2016-03-18,03:50:00,3.24,3.25,3.23,3.25,42000,0
2016-03-18,04:00:00,3.25,3.26,3.25,3.26,18000,0
2016-03-18,04:05:00,3.26,3.26,3.26,3.26,1000,0
2016-03-18,04:10:00,3.26,3.26,3.23,3.23,26000,0
2016-03-18,04:15:00,3.23,3.24,3.23,3.23,13000,0
2016-03-18,04:20:00,3.23,3.23,3.23,3.23,4000,0
2016-03-18,04:25:00,3.23,3.24,3.23,3.23,10000,0
2016-03-18,04:30:00,3.23,3.24,3.23,3.24,18000,0
2016-03-18,04:35:00,3.24,3.24,3.23,3.24,7000,0
2016-03-18,04:40:00,3.24,3.24,3.23,3.23,3000,0
2016-03-18,04:45:00,3.23,3.24,3.23,3.24,3000,0
2016-03-18,04:50:00,3.24,3.24,3.23,3.24,13000,0
2016-03-18,04:55:00,3.24,3.25,3.24,3.24,11000,0
2016-03-18,05:00:00,3.24,3.25,3.24,3.24,6000,0
2016-03-18,06:05:00,3.24,3.24,3.24,3.24,6000,0
2016-03-18,06:10:00,3.24,3.25,3.24,3.24,7000,0
2016-03-18,06:15:00,3.24,3.24,3.24,3.24,2000,0
2016-03-18,06:20:00,3.24,3.24,3.24,3.24,2000,0
2016-03-18,06:25:00,3.24,3.25,3.24,3.24,10000,0
2016-03-18,06:30:00,3.24,3.25,3.24,3.24,12000,0
2016-03-18,06:35:00,3.24,3.25,3.23,3.23,14000,0
2016-03-18,06:40:00,3.23,3.23,3.23,3.23,2000,0
2016-03-18,06:50:00,3.23,3.24,3.22,3.22,12000,0
2016-03-18,07:00:00,3.23,3.23,3.23,3.23,4000,0
2016-03-18,07:15:00,3.23,3.23,3.23,3.23,1000,0
2016-03-18,07:45:00,3.23,3.24,3.22,3.23,26000,0
2016-03-18,08:00:00,3.24,3.24,3.23,3.23,4000,0
2016-03-18,08:10:00,3.24,3.24,3.24,3.24,4000,0
2016-03-18,08:15:00,3.24,3.24,3.22,3.22,42000,0
2016-03-18,08:20:00,3.22,3.25,3.22,3.22,20000,0
2016-03-18,08:25:00,3.22,3.24,3.22,3.24,6000,0
2016-03-18,08:30:00,3.24,3.25,3.24,3.24,29000,0
2016-03-18,08:40:00,3.24,3.24,3.23,3.23,4000,0
2016-03-18,08:45:00,3.23,3.23,3.22,3.23,15000,0
2016-03-18,08:50:00,3.23,3.24,3.23,3.23,20000,0
2016-03-18,08:55:00,3.23,3.24,3.22,3.22,9000,0
2016-03-18,09:00:00,3.22,3.26,3.22,3.23,354000,0
2016-03-21,03:10:00,3.32,3.37,3.32,3.36,4000,0
2016-03-21,03:15:00,3.36,3.36,3.31,3.32,82000,0
2016-03-21,03:30:00,3.32,3.32,3.32,3.32,10000,0
2016-03-21,03:40:00,3.32,3.35,3.32,3.32,73000,0
2016-03-21,03:45:00,3.32,3.32,3.3,3.3,27000,0
2016-03-21,03:55:00,3.3,3.3,3.29,3.29,9000,0
2016-03-21,04:00:00,3.29,3.3,3.29,3.3,4000,0
2016-03-21,04:05:00,3.3,3.3,3.29,3.3,7000,0
2016-03-21,04:10:00,3.3,3.3,3.29,3.29,2000,0
2016-03-21,04:15:00,3.29,3.3,3.29,3.3,6000,0
2016-03-21,04:20:00,3.3,3.3,3.29,3.29,7000,0
2016-03-21,04:25:00,3.29,3.3,3.29,3.29,4000,0
2016-03-21,04:30:00,3.29,3.3,3.29,3.3,10000,0
2016-03-21,04:35:00,3.3,3.3,3.29,3.3,11000,0
2016-03-21,04:40:00,3.3,3.3,3.29,3.3,12000,0
2016-03-21,04:45:00,3.3,3.31,3.3,3.3,24000,0
2016-03-21,04:50:00,3.3,3.31,3.29,3.3,18000,0
2016-03-21,04:55:00,3.3,3.3,3.29,3.3,19000,0
2016-03-21,05:00:00,3.3,3.3,3.28,3.28,21000,0
2016-03-21,06:05:00,3.28,3.3,3.27,3.3,17000,0
2016-03-21,06:10:00,3.3,3.31,3.29,3.3,50000,0
2016-03-21,06:15:00,3.3,3.3,3.29,3.29,36000,0
2016-03-21,06:20:00,3.3,3.3,3.3,3.3,28000,0
2016-03-21,06:25:00,3.3,3.3,3.3,3.3,21000,0
2016-03-21,06:30:00,3.3,3.31,3.29,3.3,26000,0
2016-03-21,06:35:00,3.3,3.3,3.29,3.29,22000,0
2016-03-21,06:40:00,3.29,3.3,3.29,3.3,12000,0
2016-03-21,06:45:00,3.3,3.3,3.29,3.3,72000,0
2016-03-21,06:50:00,3.29,3.31,3.29,3.3,17000,0
2016-03-21,06:55:00,3.3,3.3,3.3,3.3,7000,0
2016-03-21,07:00:00,3.3,3.3,3.3,3.3,23000,0
2016-03-21,07:05:00,3.3,3.3,3.3,3.3,17000,0
2016-03-21,07:10:00,3.3,3.3,3.3,3.3,22000,0
2016-03-21,07:15:00,3.3,3.3,3.3,3.3,15000,0
2016-03-21,07:20:00,3.3,3.3,3.3,3.3,9000,0
2016-03-21,07:25:00,3.3,3.3,3.3,3.3,21000,0
2016-03-21,07:30:00,3.3,3.31,3.3,3.3,41000,0
2016-03-21,07:35:00,3.3,3.3,3.29,3.29,6000,0
2016-03-21,07:40:00,3.29,3.3,3.29,3.3,10000,0
2016-03-21,07:45:00,3.3,3.3,3.3,3.3,3000,0
2016-03-21,07:50:00,3.3,3.3,3.29,3.29,5000,0
2016-03-21,07:55:00,3.29,3.3,3.29,3.29,13000,0
2016-03-21,08:00:00,3.29,3.3,3.29,3.29,8000,0
2016-03-21,08:05:00,3.29,3.3,3.29,3.3,6000,0
2016-03-21,08:10:00,3.3,3.3,3.3,3.3,5000,0
2016-03-21,08:15:00,3.3,3.3,3.29,3.29,13000,0
2016-03-21,08:20:00,3.29,3.3,3.29,3.3,5000,0
2016-03-21,08:25:00,3.3,3.3,3.29,3.29,5000,0
2016-03-21,08:30:00,3.29,3.3,3.29,3.3,6000,0
2016-03-21,08:35:00,3.3,3.3,3.3,3.3,18000,0
2016-03-21,08:40:00,3.3,3.3,3.3,3.3,10000,0
2016-03-21,08:45:00,3.3,3.3,3.29,3.29,9000,0
2016-03-21,08:50:00,3.29,3.3,3.29,3.29,22000,0
2016-03-21,08:55:00,3.29,3.3,3.29,3.29,53000,0
2016-03-21,09:00:00,3.29,3.3,3.25,3.26,239000,0
2016-03-22,02:35:00,3.27,3.36,3.24,3.24,55000,0
2016-03-22,02:40:00,3.23,3.3,3.21,3.27,64000,0
2016-03-22,02:45:00,3.27,3.28,3.27,3.28,5000,0
2016-03-22,02:50:00,3.28,3.28,3.27,3.28,6000,0
2016-03-22,02:55:00,3.28,3.28,3.27,3.27,14000,0
2016-03-22,03:00:00,3.27,3.27,3.27,3.27,8000,0
2016-03-22,03:05:00,3.27,3.28,3.24,3.28,85000,0
2016-03-22,03:10:00,3.27,3.27,3.21,3.26,50000,0
2016-03-22,03:15:00,3.24,3.24,3.22,3.23,8000,0
2016-03-22,03:20:00,3.23,3.24,3.22,3.22,38625,0
2016-03-22,03:25:00,3.22,3.23,3.21,3.22,31000,0
2016-03-22,03:30:00,3.22,3.22,3.21,3.22,26000,0
2016-03-22,03:35:00,3.22,3.22,3.19,3.19,78000,0
2016-03-22,03:40:00,3.19,3.19,3.17,3.19,14000,0
2016-03-22,03:45:00,3.2,3.22,3.2,3.22,12000,0
2016-03-22,03:50:00,3.23,3.25,3.23,3.24,9000,0
2016-03-22,03:55:00,3.24,3.24,3.22,3.22,42000,0
2016-03-22,04:00:00,3.22,3.22,3.22,3.22,3000,0
2016-03-22,04:05:00,3.23,3.23,3.22,3.22,17000,0
2016-03-22,04:10:00,3.22,3.22,3.19,3.19,38000,0
2016-03-22,04:15:00,3.19,3.19,3.18,3.19,12000,0
2016-03-22,04:20:00,3.19,3.22,3.19,3.22,18000,0
2016-03-22,04:25:00,3.22,3.22,3.22,3.22,10000,0
2016-03-22,04:30:00,3.22,3.24,3.21,3.22,71000,0
2016-03-22,04:35:00,3.22,3.22,3.22,3.22,4000,0
2016-03-22,04:40:00,3.22,3.22,3.2,3.2,2000,0
2016-03-22,04:45:00,3.21,3.22,3.21,3.22,19000,0
2016-03-22,04:50:00,3.22,3.23,3.22,3.23,3000,0
2016-03-22,04:55:00,3.23,3.24,3.2,3.22,74000,0
2016-03-22,05:00:00,3.22,3.24,3.2,3.22,20570,0
2016-03-22,06:05:00,3.22,3.23,3.22,3.23,14000,0
2016-03-22,06:10:00,3.23,3.24,3.23,3.24,2000,0
2016-03-22,06:15:00,3.24,3.24,3.2,3.2,12000,0
2016-03-22,06:35:00,3.22,3.23,3.21,3.22,78000,0
2016-03-22,06:40:00,3.22,3.22,3.21,3.21,6000,0
2016-03-22,06:45:00,3.22,3.22,3.22,3.22,1000,0
2016-03-22,06:50:00,3.22,3.23,3.22,3.23,9000,0
2016-03-22,06:55:00,3.23,3.23,3.22,3.23,5000,0
2016-03-22,07:00:00,3.23,3.23,3.22,3.22,6000,0
2016-03-22,07:05:00,3.23,3.23,3.23,3.23,2000,0
2016-03-22,07:10:00,3.23,3.23,3.23,3.23,1000,0
2016-03-22,07:20:00,3.23,3.23,3.22,3.22,22000,0
2016-03-22,07:25:00,3.22,3.22,3.22,3.22,9000,0
2016-03-22,07:30:00,3.22,3.23,3.22,3.22,7000,0
2016-03-22,07:35:00,3.22,3.22,3.22,3.22,2000,0
2016-03-22,07:40:00,3.22,3.23,3.22,3.22,4000,0
2016-03-22,07:50:00,3.22,3.23,3.22,3.22,17000,0
2016-03-22,07:55:00,3.22,3.22,3.22,3.22,1000,0
2016-03-22,08:00:00,3.22,3.23,3.22,3.22,81000,0
2016-03-22,08:05:00,3.22,3.22,3.22,3.22,3000,0
2016-03-22,08:10:00,3.22,3.22,3.22,3.22,2000,0
2016-03-22,08:15:00,3.22,3.23,3.21,3.21,15000,0
2016-03-22,08:20:00,3.21,3.22,3.21,3.22,40000,0
2016-03-22,08:25:00,3.22,3.22,3.22,3.22,15000,0
2016-03-22,08:30:00,3.22,3.22,3.22,3.22,1000,0
2016-03-22,08:35:00,3.22,3.23,3.21,3.22,24000,0
2016-03-22,08:40:00,3.22,3.23,3.22,3.23,21000,0
2016-03-22,08:45:00,3.23,3.23,3.21,3.22,129000,0
2016-03-22,08:50:00,3.22,3.22,3.22,3.22,6000,0
2016-03-22,08:55:00,3.22,3.24,3.21,3.24,82000,0
2016-03-22,09:00:00,3.24,3.29,3.21,3.25,183000,0
2016-03-23,03:20:00,3.35,3.35,3.25,3.25,13000,0
2016-03-23,03:25:00,3.25,3.28,3.25,3.27,4000,0
2016-03-23,03:30:00,3.27,3.27,3.24,3.26,4000,0
2016-03-23,03:35:00,3.26,3.27,3.25,3.25,15000,0
2016-03-23,03:45:00,3.25,3.25,3.24,3.25,17000,0
2016-03-23,03:50:00,3.25,3.25,3.25,3.25,1000,0
2016-03-23,03:55:00,3.25,3.25,3.25,3.25,3000,0
2016-03-23,04:00:00,3.25,3.27,3.25,3.26,40000,0
2016-03-23,04:05:00,3.26,3.26,3.24,3.24,50000,0
2016-03-23,04:10:00,3.24,3.25,3.24,3.24,28000,0
2016-03-23,04:15:00,3.24,3.25,3.24,3.25,4000,0
2016-03-23,04:20:00,3.25,3.25,3.24,3.24,4000,0
2016-03-23,04:25:00,3.24,3.25,3.24,3.25,18000,0
2016-03-23,04:30:00,3.25,3.26,3.25,3.25,22000,0
2016-03-23,04:35:00,3.25,3.26,3.25,3.26,5000,0
2016-03-23,04:40:00,3.26,3.28,3.24,3.24,29000,0
2016-03-23,04:45:00,3.24,3.24,3.24,3.24,1000,0
2016-03-23,04:50:00,3.24,3.24,3.24,3.24,1000,0
2016-03-23,04:55:00,3.24,3.25,3.24,3.25,14000,0
2016-03-23,05:00:00,3.25,3.25,3.23,3.23,9000,0
2016-03-23,06:05:00,3.23,3.24,3.23,3.23,11000,0
2016-03-23,06:10:00,3.23,3.24,3.23,3.23,10000,0
2016-03-23,06:15:00,3.23,3.24,3.23,3.23,11000,0
2016-03-23,06:20:00,3.23,3.26,3.23,3.26,20000,0
2016-03-23,06:25:00,3.26,3.28,3.26,3.28,27000,0
2016-03-23,06:35:00,3.28,3.28,3.28,3.28,4000,0
2016-03-23,06:40:00,3.28,3.29,3.28,3.28,12000,0
2016-03-23,06:45:00,3.28,3.28,3.24,3.24,29000,0
2016-03-23,06:50:00,3.25,3.28,3.23,3.23,30000,0
2016-03-23,06:55:00,3.23,3.27,3.23,3.24,9000,0
2016-03-23,07:00:00,3.24,3.26,3.23,3.26,11000,0
2016-03-23,07:05:00,3.26,3.26,3.26,3.26,2000,0
2016-03-23,07:15:00,3.26,3.26,3.25,3.26,13000,0
2016-03-23,07:20:00,3.26,3.26,3.25,3.25,6000,0
2016-03-23,07:25:00,3.25,3.26,3.24,3.24,63000,0
2016-03-23,07:30:00,3.24,3.25,3.23,3.25,5000,0
2016-03-23,07:35:00,3.25,3.26,3.24,3.25,24000,0
2016-03-23,07:45:00,3.25,3.26,3.25,3.25,11000,0
2016-03-23,07:50:00,3.25,3.25,3.25,3.25,2000,0
2016-03-23,07:55:00,3.25,3.26,3.25,3.26,9000,0
2016-03-23,08:00:00,3.26,3.26,3.25,3.26,5000,0
2016-03-23,08:05:00,3.26,3.26,3.25,3.25,3000,0
2016-03-23,08:10:00,3.25,3.26,3.25,3.26,14000,0
2016-03-23,08:15:00,3.26,3.26,3.26,3.26,5000,0
2016-03-23,08:20:00,3.26,3.27,3.26,3.26,113000,0
2016-03-23,08:25:00,3.27,3.28,3.26,3.27,35000,0
2016-03-23,08:30:00,3.27,3.27,3.26,3.27,55000,0
2016-03-23,08:35:00,3.27,3.27,3.26,3.27,13000,0
2016-03-23,08:40:00,3.27,3.27,3.26,3.26,47000,0
2016-03-23,08:45:00,3.26,3.27,3.26,3.26,11000,0
2016-03-23,08:50:00,3.26,3.28,3.26,3.28,81000,0
2016-03-23,08:55:00,3.28,3.29,3.28,3.29,18000,0
2016-03-23,09:00:00,3.29,3.33,3.27,3.32,101000,0
2016-03-24,02:35:00,3.27,3.32,3.21,3.31,28000,0
2016-03-24,02:50:00,3.31,3.31,3.31,3.31,1000,0
2016-03-24,03:20:00,3.31,3.31,3.31,3.31,210,0
2016-03-24,03:35:00,3.31,3.37,3.25,3.33,106000,0
2016-03-24,03:40:00,3.33,3.33,3.26,3.27,25000,0
2016-03-24,03:45:00,3.26,3.31,3.25,3.3,48000,0
2016-03-24,03:50:00,3.3,3.3,3.27,3.27,17000,0
2016-03-24,03:55:00,3.27,3.27,3.25,3.27,28000,0
2016-03-24,04:00:00,3.27,3.27,3.25,3.25,16000,0
2016-03-24,04:05:00,3.24,3.25,3.24,3.25,13000,0
2016-03-24,04:10:00,3.25,3.25,3.23,3.23,8000,0
2016-03-24,04:15:00,3.23,3.25,3.23,3.23,37000,0
2016-03-24,04:20:00,3.24,3.24,3.23,3.23,26000,0
2016-03-24,04:25:00,3.23,3.23,3.22,3.23,28000,0
2016-03-24,04:30:00,3.23,3.24,3.21,3.21,23000,0
2016-03-24,04:35:00,3.21,3.21,3.2,3.2,22000,0
2016-03-24,04:40:00,3.2,3.2,3.2,3.2,6000,0
2016-03-24,04:45:00,3.2,3.21,3.2,3.2,11000,0
2016-03-24,04:50:00,3.2,3.2,3.2,3.2,5000,0
2016-03-24,04:55:00,3.2,3.23,3.2,3.23,27000,0
2016-03-24,05:00:00,3.23,3.23,3.21,3.22,12000,0
2016-03-24,06:05:00,3.22,3.26,3.22,3.22,17000,0
2016-03-24,06:10:00,3.22,3.22,3.2,3.2,34000,0
2016-03-24,06:15:00,3.2,3.21,3.2,3.21,24000,0
2016-03-24,06:20:00,3.21,3.21,3.2,3.21,30000,0
2016-03-24,06:25:00,3.21,3.21,3.2,3.21,38000,0
2016-03-24,06:30:00,3.21,3.21,3.18,3.18,39000,0
2016-03-24,06:35:00,3.19,3.2,3.19,3.2,3000,0
2016-03-24,06:40:00,3.2,3.21,3.2,3.21,8000,0
2016-03-24,06:45:00,3.21,3.26,3.21,3.26,14000,0
2016-03-24,06:50:00,3.26,3.27,3.26,3.27,6000,0
2016-03-24,06:55:00,3.27,3.29,3.27,3.29,10000,0
2016-03-24,07:00:00,3.29,3.29,3.29,3.29,2000,0
2016-03-24,07:05:00,3.29,3.29,3.28,3.29,8000,0
2016-03-24,07:10:00,3.29,3.29,3.29,3.29,8000,0
2016-03-24,07:15:00,3.29,3.29,3.28,3.28,15000,0
2016-03-24,07:20:00,3.28,3.28,3.27,3.27,5000,0
2016-03-24,07:25:00,3.27,3.27,3.27,3.27,3000,0
2016-03-24,07:30:00,3.27,3.27,3.26,3.27,6000,0
2016-03-24,07:35:00,3.27,3.28,3.27,3.28,10000,0
2016-03-24,07:40:00,3.28,3.28,3.28,3.28,5000,0
2016-03-24,07:45:00,3.28,3.28,3.28,3.28,5000,0
2016-03-24,07:50:00,3.28,3.28,3.28,3.28,2000,0
2016-03-24,07:55:00,3.28,3.28,3.27,3.28,12000,0
2016-03-24,08:00:00,3.28,3.28,3.28,3.28,4000,0
2016-03-24,08:05:00,3.28,3.28,3.27,3.27,7000,0
2016-03-24,08:10:00,3.27,3.28,3.26,3.26,19000,0
2016-03-24,08:15:00,3.26,3.27,3.26,3.27,5000,0
2016-03-24,08:20:00,3.27,3.27,3.27,3.27,4000,0
2016-03-24,08:25:00,3.27,3.27,3.27,3.27,4000,0
2016-03-24,08:30:00,3.27,3.27,3.26,3.26,17000,0
2016-03-24,08:35:00,3.26,3.3,3.26,3.3,28000,0
2016-03-24,08:40:00,3.3,3.31,3.28,3.28,28000,0
2016-03-24,08:45:00,3.28,3.28,3.28,3.28,1000,0
2016-03-24,08:50:00,3.28,3.31,3.28,3.31,14000,0
2016-03-24,08:55:00,3.31,3.32,3.31,3.31,14000,0
2016-03-24,09:00:00,3.31,3.34,3.29,3.32,56000,0
2016-03-29,04:45:00,3.31,3.31,3.31,3.31,2000,0
2016-03-29,04:50:00,3.31,3.31,3.29,3.3,8000,0
2016-03-29,05:05:00,3.29,3.29,3.29,3.29,3000,0
2016-03-29,05:10:00,3.29,3.29,3.21,3.21,11000,0
2016-03-29,05:15:00,3.21,3.26,3.21,3.26,42000,0
2016-03-29,05:20:00,3.26,3.26,3.26,3.26,1000,0
2016-03-29,05:25:00,3.26,3.26,3.26,3.26,7000,0
2016-03-29,05:30:00,3.26,3.26,3.26,3.26,1000,0
2016-03-29,05:35:00,3.26,3.26,3.26,3.26,1000,0
2016-03-29,05:50:00,3.29,3.32,3.29,3.32,5000,0
2016-03-29,07:10:00,3.31,3.31,3.31,3.31,1000,0
2016-03-29,07:15:00,3.31,3.31,3.31,3.31,17000,0
2016-03-29,07:20:00,3.31,3.31,3.31,3.31,1000,0
2016-03-29,07:25:00,3.31,3.32,3.31,3.31,5000,0
2016-03-29,07:30:00,3.31,3.31,3.31,3.31,1000,0
2016-03-29,07:35:00,3.31,3.31,3.31,3.31,1000,0
2016-03-29,07:45:00,3.31,3.31,3.31,3.31,1000,0
2016-03-29,07:55:00,3.31,3.31,3.31,3.31,3000,0
2016-03-29,08:05:00,3.31,3.31,3.31,3.31,18000,0
2016-03-29,08:10:00,3.31,3.31,3.31,3.31,5000,0
2016-03-29,08:20:00,3.31,3.31,3.3,3.31,6000,0
2016-03-29,08:25:00,3.31,3.31,3.31,3.31,1000,0
2016-03-29,08:30:00,3.31,3.31,3.31,3.31,1000,0
2016-03-29,08:35:00,3.31,3.31,3.31,3.31,1000,0
2016-03-29,08:40:00,3.31,3.31,3.31,3.31,1000,0
2016-03-29,08:55:00,3.31,3.31,3.31,3.31,1000,0
2016-03-29,09:00:00,3.31,3.31,3.31,3.31,1000,0
2016-03-29,09:05:00,3.31,3.31,3.3,3.3,7000,0
2016-03-29,09:10:00,3.3,3.3,3.3,3.3,5000,0
2016-03-29,09:25:00,3.3,3.3,3.3,3.3,6000,0
2016-03-29,09:30:00,3.3,3.3,3.3,3.3,2000,0
2016-03-29,09:35:00,3.3,3.3,3.29,3.29,2000,0
2016-03-29,09:40:00,3.29,3.3,3.29,3.3,5000,0
2016-03-29,09:45:00,3.3,3.31,3.3,3.31,5000,0
2016-03-29,09:55:00,3.31,3.31,3.29,3.29,13000,0
2016-03-29,10:00:00,3.29,3.31,3.24,3.25,370000,0
2016-03-30,03:35:00,3.34,3.63,3.34,3.63,172000,0
2016-03-30,03:40:00,3.63,3.63,3.58,3.59,24000,0
2016-03-30,03:45:00,3.59,3.61,3.59,3.61,19000,0
2016-03-30,03:50:00,3.61,3.61,3.58,3.58,19000,0
2016-03-30,03:55:00,3.58,3.58,3.58,3.58,8000,0
2016-03-30,04:00:00,3.58,3.58,3.5,3.5,107000,0
2016-03-30,04:05:00,3.5,3.55,3.47,3.55,69000,0
2016-03-30,04:10:00,3.55,3.55,3.51,3.51,69000,0
2016-03-30,04:15:00,3.51,3.52,3.51,3.52,36000,0
2016-03-30,04:20:00,3.52,3.53,3.52,3.53,22000,0
2016-03-30,04:25:00,3.53,3.56,3.48,3.54,41000,0
2016-03-30,04:30:00,3.54,3.57,3.53,3.56,62000,0
2016-03-30,04:35:00,3.56,3.56,3.56,3.56,4000,0
2016-03-30,04:40:00,3.56,3.56,3.55,3.55,11000,0
2016-03-30,04:45:00,3.55,3.56,3.54,3.56,8000,0
2016-03-30,04:50:00,3.56,3.56,3.49,3.51,26000,0
2016-03-30,04:55:00,3.51,3.52,3.51,3.52,15000,0
2016-03-30,05:00:00,3.52,3.52,3.52,3.52,5000,0
2016-03-30,05:05:00,3.52,3.52,3.52,3.52,8000,0
2016-03-30,05:10:00,3.52,3.52,3.51,3.51,26000,0
2016-03-30,05:15:00,3.51,3.51,3.5,3.51,21000,0
2016-03-30,05:20:00,3.51,3.51,3.5,3.5,24000,0
2016-03-30,05:25:00,3.5,3.51,3.5,3.51,22000,0
2016-03-30,05:30:00,3.51,3.52,3.51,3.52,25000,0
2016-03-30,05:35:00,3.52,3.57,3.52,3.56,55000,0
2016-03-30,05:40:00,3.56,3.56,3.54,3.54,10000,0
2016-03-30,05:45:00,3.54,3.55,3.54,3.55,5000,0
2016-03-30,05:50:00,3.55,3.55,3.55,3.55,9000,0
2016-03-30,05:55:00,3.55,3.55,3.55,3.55,4000,0
2016-03-30,06:00:00,3.55,3.55,3.55,3.55,7000,0
2016-03-30,07:05:00,3.55,3.55,3.53,3.54,49000,0
2016-03-30,07:10:00,3.54,3.54,3.53,3.54,37000,0
2016-03-30,07:15:00,3.54,3.54,3.53,3.54,19000,0
2016-03-30,07:20:00,3.54,3.54,3.53,3.54,21000,0
2016-03-30,07:25:00,3.54,3.54,3.52,3.53,79000,0
2016-03-30,07:30:00,3.53,3.54,3.53,3.54,5000,0
2016-03-30,07:35:00,3.54,3.54,3.53,3.54,358000,0
2016-03-30,07:40:00,3.54,3.54,3.54,3.54,17000,0
2016-03-30,07:45:00,3.54,3.54,3.54,3.54,14000,0
2016-03-30,07:50:00,3.54,3.54,3.53,3.53,26000,0
2016-03-30,07:55:00,3.53,3.54,3.53,3.53,23000,0
2016-03-30,08:00:00,3.53,3.54,3.53,3.54,22000,0
2016-03-30,08:05:00,3.54,3.54,3.53,3.54,18000,0
2016-03-30,08:10:00,3.54,3.54,3.54,3.54,18000,0
2016-03-30,08:15:00,3.54,3.54,3.53,3.54,34000,0
2016-03-30,08:20:00,3.54,3.54,3.53,3.54,52000,0
2016-03-30,08:25:00,3.54,3.54,3.53,3.54,10000,0
2016-03-30,08:30:00,3.54,3.54,3.53,3.53,32000,0
2016-03-30,08:35:00,3.53,3.54,3.53,3.54,51000,0
2016-03-30,08:40:00,3.54,3.54,3.53,3.54,21000,0
2016-03-30,08:45:00,3.54,3.54,3.53,3.54,17000,0
2016-03-30,08:50:00,3.54,3.54,3.53,3.54,11000,0
2016-03-30,08:55:00,3.54,3.54,3.53,3.54,20000,0
2016-03-30,09:00:00,3.54,3.54,3.53,3.54,18000,0
2016-03-30,09:05:00,3.54,3.54,3.53,3.54,19000,0
2016-03-30,09:10:00,3.54,3.54,3.53,3.54,27000,0
2016-03-30,09:15:00,3.54,3.54,3.53,3.53,79000,0
2016-03-30,09:20:00,3.53,3.54,3.53,3.54,13000,0
2016-03-30,09:25:00,3.54,3.54,3.54,3.54,18000,0
2016-03-30,09:30:00,3.54,3.55,3.54,3.55,155000,0
2016-03-30,09:35:00,3.55,3.55,3.54,3.55,30000,0
2016-03-30,09:40:00,3.55,3.55,3.55,3.55,30000,0
2016-03-30,09:45:00,3.55,3.55,3.55,3.55,30000,0
2016-03-30,09:50:00,3.55,3.56,3.55,3.55,36000,0
2016-03-30,09:55:00,3.55,3.58,3.54,3.54,214000,0
2016-03-30,10:00:00,3.54,3.57,3.54,3.56,130000,0
2016-03-31,03:35:00,3.61,3.81,3.56,3.76,16000,0
2016-03-31,03:40:00,3.76,3.76,3.63,3.68,133000,0
2016-03-31,03:50:00,3.68,3.7,3.68,3.7,4000,0
2016-03-31,03:55:00,3.7,3.7,3.63,3.66,46000,0
2016-03-31,04:00:00,3.66,3.66,3.63,3.63,10000,0
2016-03-31,04:05:00,3.63,3.68,3.61,3.68,79000,0
2016-03-31,04:10:00,3.68,3.69,3.61,3.66,1132000,0
2016-03-31,04:15:00,3.66,3.66,3.61,3.66,26000,0
2016-03-31,04:20:00,3.66,3.66,3.66,3.66,2000,0
2016-03-31,04:25:00,3.66,3.66,3.64,3.66,7000,0
2016-03-31,04:30:00,3.66,3.68,3.66,3.68,31000,0
2016-03-31,04:35:00,3.68,3.68,3.65,3.66,60000,0
2016-03-31,04:40:00,3.66,3.68,3.66,3.68,5000,0
2016-03-31,04:45:00,3.68,3.68,3.66,3.68,19000,0
2016-03-31,04:50:00,3.68,3.7,3.68,3.7,3000,0
2016-03-31,04:55:00,3.7,3.7,3.66,3.7,29000,0
2016-03-31,05:00:00,3.7,3.7,3.69,3.7,6000,0
2016-03-31,05:05:00,3.7,3.7,3.69,3.7,18000,0
2016-03-31,05:10:00,3.7,3.7,3.7,3.7,2000,0
2016-03-31,05:15:00,3.7,3.72,3.7,3.72,21000,0
2016-03-31,05:20:00,3.72,3.73,3.72,3.73,15000,0
2016-03-31,05:25:00,3.73,3.73,3.73,3.73,4000,0
2016-03-31,05:30:00,3.73,3.74,3.72,3.74,15000,0
2016-03-31,05:35:00,3.74,3.74,3.74,3.74,2000,0
2016-03-31,05:40:00,3.74,3.74,3.7,3.7,19000,0
2016-03-31,05:45:00,3.71,3.72,3.71,3.72,7000,0
2016-03-31,05:50:00,3.72,3.72,3.7,3.7,148000,0
2016-03-31,05:55:00,3.7,3.72,3.7,3.71,66000,0
2016-03-31,06:00:00,3.71,3.71,3.7,3.7,28000,0
2016-03-31,07:05:00,3.7,3.71,3.7,3.71,31000,0
2016-03-31,07:10:00,3.71,3.71,3.7,3.7,127000,0
2016-03-31,07:15:00,3.7,3.71,3.69,3.7,66000,0
2016-03-31,07:20:00,3.7,3.7,3.68,3.68,21000,0
2016-03-31,07:25:00,3.68,3.69,3.68,3.69,67000,0
2016-03-31,07:30:00,3.69,3.69,3.68,3.68,3000,0
2016-03-31,07:35:00,3.68,3.69,3.68,3.69,32000,0
2016-03-31,07:40:00,3.69,3.7,3.69,3.69,85000,0
2016-03-31,07:45:00,3.69,3.7,3.69,3.7,4000,0
2016-03-31,07:50:00,3.7,3.7,3.68,3.68,145000,0
2016-03-31,07:55:00,3.68,3.69,3.68,3.68,10000,0
2016-03-31,08:00:00,3.68,3.69,3.68,3.69,26000,0
2016-03-31,08:05:00,3.69,3.69,3.68,3.69,38000,0
2016-03-31,08:10:00,3.69,3.7,3.69,3.7,18000,0
2016-03-31,08:15:00,3.7,3.7,3.68,3.69,44000,0
2016-03-31,08:20:00,3.69,3.69,3.69,3.69,4000,0
2016-03-31,08:25:00,3.69,3.69,3.68,3.69,26000,0
2016-03-31,08:30:00,3.69,3.7,3.69,3.7,6000,0
2016-03-31,08:35:00,3.7,3.7,3.7,3.7,2000,0
2016-03-31,08:40:00,3.7,3.7,3.69,3.69,17000,0
2016-03-31,08:45:00,3.69,3.7,3.69,3.69,6000,0
2016-03-31,08:50:00,3.69,3.7,3.69,3.7,49000,0
2016-03-31,08:55:00,3.7,3.7,3.68,3.68,29000,0
2016-03-31,09:00:00,3.68,3.7,3.68,3.69,4000,0
2016-03-31,09:05:00,3.69,3.7,3.68,3.7,55000,0
2016-03-31,09:10:00,3.7,3.7,3.68,3.69,38000,0
2016-03-31,09:15:00,3.69,3.7,3.69,3.69,34000,0
2016-03-31,09:20:00,3.69,3.7,3.68,3.68,58000,0
2016-03-31,09:25:00,3.68,3.7,3.68,3.7,8000,0
2016-03-31,09:30:00,3.69,3.7,3.69,3.7,24000,0
2016-03-31,09:35:00,3.7,3.7,3.68,3.69,85000,0
2016-03-31,09:40:00,3.69,3.69,3.68,3.68,3000,0
2016-03-31,09:45:00,3.68,3.69,3.68,3.69,91000,0
2016-03-31,09:50:00,3.69,3.69,3.69,3.69,5000,0
2016-03-31,09:55:00,3.69,3.7,3.68,3.68,66000,0
2016-03-31,10:00:00,3.68,3.72,3.68,3.69,476000,0
2016-04-01,03:35:00,3.69,3.9,3.69,3.86,72000,0
2016-04-01,03:40:00,3.86,3.86,3.79,3.85,103520,0
2016-04-01,03:45:00,3.84,3.84,3.81,3.82,99000,0
2016-04-01,03:50:00,3.82,3.82,3.81,3.81,4000,0
2016-04-01,03:55:00,3.81,3.82,3.8,3.8,54000,0
2016-04-01,04:00:00,3.8,3.86,3.8,3.86,45000,0
2016-04-01,04:05:00,3.85,3.85,3.84,3.84,1003000,0
2016-04-01,04:10:00,3.84,3.84,3.84,3.84,16000,0
2016-04-01,04:15:00,3.84,3.85,3.84,3.85,3000,0
2016-04-01,04:20:00,3.85,3.87,3.84,3.87,19000,0
2016-04-01,04:25:00,3.87,3.87,3.86,3.86,6000,0
2016-04-01,04:30:00,3.86,3.89,3.86,3.88,41000,0
2016-04-01,04:35:00,3.88,3.88,3.85,3.85,32000,0
2016-04-01,04:40:00,3.85,3.86,3.85,3.86,43000,0
2016-04-01,04:45:00,3.86,3.86,3.85,3.86,23000,0
2016-04-01,04:50:00,3.86,3.86,3.85,3.86,10000,0
2016-04-01,04:55:00,3.86,3.86,3.85,3.86,6000,0
2016-04-01,05:00:00,3.86,3.86,3.85,3.86,36000,0
2016-04-01,05:05:00,3.86,3.86,3.85,3.85,21000,0
2016-04-01,05:10:00,3.85,3.86,3.85,3.85,45000,0
2016-04-01,05:15:00,3.85,3.85,3.84,3.85,1010000,0
2016-04-01,05:20:00,3.85,3.85,3.84,3.84,18000,0
2016-04-01,05:25:00,3.84,3.85,3.84,3.84,64000,0
2016-04-01,05:30:00,3.84,3.85,3.84,3.85,9000,0
2016-04-01,05:35:00,3.85,3.85,3.83,3.84,58000,0
2016-04-01,05:40:00,3.84,3.84,3.8,3.8,80000,0
2016-04-01,05:45:00,3.8,3.89,3.79,3.89,372000,0
2016-04-01,05:50:00,3.89,3.89,3.87,3.87,15000,0
2016-04-01,05:55:00,3.87,3.89,3.87,3.88,46550,0
2016-04-01,06:00:00,3.88,3.89,3.88,3.89,25000,0
2016-04-01,07:05:00,3.89,3.89,3.88,3.88,19000,0
2016-04-01,07:10:00,3.88,3.89,3.88,3.88,17000,0
2016-04-01,07:15:00,3.88,3.88,3.87,3.88,21000,0
2016-04-01,07:20:00,3.88,3.88,3.87,3.87,3000,0
2016-04-01,07:25:00,3.87,3.88,3.87,3.87,52000,0
2016-04-01,07:30:00,3.87,3.88,3.87,3.87,10000,0
2016-04-01,07:35:00,3.87,3.88,3.87,3.87,26000,0
2016-04-01,07:40:00,3.87,3.88,3.87,3.87,28000,0
2016-04-01,07:45:00,3.87,3.88,3.87,3.88,15000,0
2016-04-01,07:50:00,3.88,3.88,3.87,3.87,10000,0
2016-04-01,07:55:00,3.87,3.88,3.87,3.88,17000,0
2016-04-01,08:00:00,3.88,3.88,3.87,3.87,18000,0
2016-04-01,08:05:00,3.87,3.87,3.87,3.87,5000,0
2016-04-01,08:10:00,3.87,3.88,3.87,3.87,15000,0
2016-04-01,08:15:00,3.87,3.88,3.87,3.87,45000,0
2016-04-01,08:20:00,3.87,3.87,3.84,3.85,9000,0
2016-04-01,08:25:00,3.85,3.87,3.84,3.87,24000,0
2016-04-01,08:30:00,3.86,3.86,3.85,3.86,18000,0
2016-04-01,08:35:00,3.86,3.87,3.85,3.86,16000,0
2016-04-01,08:40:00,3.86,3.88,3.85,3.88,37000,0
2016-04-01,08:45:00,3.88,3.88,3.87,3.88,22000,0
2016-04-01,08:50:00,3.88,3.89,3.88,3.88,94000,0
2016-04-01,08:55:00,3.88,3.88,3.87,3.88,8000,0
2016-04-01,09:00:00,3.88,3.88,3.87,3.87,6000,0
2016-04-01,09:05:00,3.87,3.87,3.87,3.87,6000,0
2016-04-01,09:10:00,3.87,3.87,3.87,3.87,6000,0
2016-04-01,09:15:00,3.87,3.88,3.85,3.87,82000,0
2016-04-01,09:20:00,3.87,3.88,3.87,3.87,32000,0
2016-04-01,09:25:00,3.87,3.88,3.87,3.87,23000,0
2016-04-01,09:30:00,3.87,3.88,3.87,3.88,26000,0
2016-04-01,09:35:00,3.88,3.88,3.87,3.87,73000,0
2016-04-01,09:40:00,3.87,3.87,3.83,3.86,31000,0
2016-04-01,09:45:00,3.86,3.89,3.86,3.89,35000,0
2016-04-01,09:50:00,3.89,3.89,3.86,3.86,26000,0
2016-04-01,09:55:00,3.86,3.86,3.85,3.85,48000,0
2016-04-01,10:00:00,3.85,3.88,3.84,3.86,360000,0
2016-04-05,03:35:00,3.86,3.86,3.84,3.86,21000,0
2016-04-05,03:40:00,3.86,3.86,3.85,3.86,25000,0
2016-04-05,03:45:00,3.86,3.89,3.86,3.89,39000,0
2016-04-05,03:50:00,3.89,3.89,3.89,3.89,28000,0
2016-04-05,03:55:00,3.89,3.9,3.89,3.9,39000,0
2016-04-05,04:00:00,3.9,3.9,3.89,3.89,8000,0
2016-04-05,04:05:00,3.89,3.91,3.89,3.91,31000,0
2016-04-05,04:10:00,3.91,3.92,3.91,3.92,30000,0
2016-04-05,04:15:00,3.92,4.01,3.92,4.01,83000,0
2016-04-05,04:20:00,4.01,4.02,4,4.02,5000,0
2016-04-05,04:25:00,4.02,4.04,4.01,4.03,26000,0
2016-04-05,04:30:00,4.03,4.04,4.02,4.02,9000,0
2016-04-05,04:35:00,4.02,4.04,4.02,4.03,21000,0
2016-04-05,04:40:00,4.03,4.03,4.01,4.03,24000,0
2016-04-05,04:45:00,4.03,4.03,4,4.02,44000,0
2016-04-05,04:50:00,4.02,4.02,3.98,3.98,25000,0
2016-04-05,04:55:00,3.98,4.01,3.98,3.99,15000,0
2016-04-05,05:00:00,3.99,3.99,3.98,3.99,10000,0
2016-04-05,05:05:00,3.99,3.99,3.98,3.99,19000,0
2016-04-05,05:10:00,3.99,3.99,3.98,3.99,11000,0
2016-04-05,05:15:00,3.99,3.99,3.98,3.99,17000,0
2016-04-05,05:20:00,3.99,4,3.98,4,14000,0
2016-04-05,05:25:00,4,4,3.98,3.98,21000,0
2016-04-05,05:30:00,3.98,3.99,3.97,3.98,12490,0
2016-04-05,05:35:00,3.98,4,3.98,4,24000,0
2016-04-05,05:40:00,4,4,3.98,3.99,13000,0
2016-04-05,05:45:00,3.99,3.99,3.98,3.99,31000,0
2016-04-05,05:50:00,3.99,4,3.98,3.99,25000,0
2016-04-05,05:55:00,3.99,3.99,3.98,3.99,12000,0
2016-04-05,06:00:00,3.99,3.99,3.95,3.95,31000,0
2016-04-05,07:05:00,3.95,3.98,3.95,3.98,20000,0
2016-04-05,07:10:00,3.98,3.98,3.96,3.98,16000,0
2016-04-05,07:15:00,3.98,4,3.97,3.99,32000,0
2016-04-05,07:20:00,3.99,4,3.98,3.98,22000,0
2016-04-05,07:25:00,3.98,3.98,3.96,3.97,28000,0
2016-04-05,07:30:00,3.97,3.98,3.96,3.97,35000,0
2016-04-05,07:35:00,3.97,3.97,3.97,3.97,1000,0
2016-04-05,07:40:00,3.97,4,3.97,3.99,19000,0
2016-04-05,07:45:00,3.99,4,3.98,3.99,16000,0
2016-04-05,07:50:00,3.99,3.99,3.98,3.99,13000,0
2016-04-05,07:55:00,3.99,3.99,3.97,3.99,7000,0
2016-04-05,08:00:00,3.99,4,3.96,3.97,30000,0
2016-04-05,08:05:00,3.97,4.01,3.97,3.99,17000,0
2016-04-05,08:10:00,3.99,3.99,3.98,3.99,12000,0
2016-04-05,08:15:00,3.99,3.99,3.96,3.96,11000,0
2016-04-05,08:20:00,3.96,3.99,3.96,3.96,11000,0
2016-04-05,08:25:00,3.96,3.99,3.96,3.97,22000,0
2016-04-05,08:30:00,3.97,3.98,3.96,3.96,16000,0
2016-04-05,08:35:00,3.96,3.98,3.96,3.96,18000,0
2016-04-05,08:40:00,3.96,3.97,3.96,3.97,17000,0
2016-04-05,08:45:00,3.97,3.97,3.96,3.96,13000,0
2016-04-05,08:50:00,3.96,3.97,3.96,3.97,9000,0
2016-04-05,08:55:00,3.97,3.97,3.96,3.96,13000,0
2016-04-05,09:00:00,3.96,3.97,3.96,3.96,10000,0
2016-04-05,09:05:00,3.96,3.97,3.96,3.96,16000,0
2016-04-05,09:10:00,3.96,3.97,3.96,3.96,15000,0
2016-04-05,09:15:00,3.96,3.97,3.96,3.97,22000,0
2016-04-05,09:20:00,3.97,3.97,3.96,3.97,9000,0
2016-04-05,09:25:00,3.97,3.97,3.96,3.97,37000,0
2016-04-05,09:30:00,3.97,3.97,3.96,3.96,55000,0
2016-04-05,09:35:00,3.96,3.97,3.96,3.97,29000,0
2016-04-05,09:40:00,3.97,3.97,3.96,3.97,27000,0
2016-04-05,09:45:00,3.97,3.97,3.96,3.96,13000,0
2016-04-05,09:50:00,3.96,3.97,3.96,3.96,24000,0
2016-04-05,09:55:00,3.96,3.97,3.96,3.97,19000,0
2016-04-05,10:00:00,3.97,4,3.96,4,100000,0
2016-04-06,03:40:00,3.96,3.99,3.96,3.99,28000,0
2016-04-06,03:50:00,3.99,4,3.99,3.99,9000,0
2016-04-06,03:55:00,3.99,4.02,3.99,4.01,18000,0
2016-04-06,04:00:00,4.01,4.02,4.01,4.01,4000,0
2016-04-06,04:05:00,4,4.04,4,4.03,109000,0
2016-04-06,04:10:00,4.03,4.04,3.98,4.03,114000,0
2016-04-06,04:15:00,4.03,4.03,3.99,4.01,60000,0
2016-04-06,04:20:00,4.01,4.02,3.99,4,322000,0
2016-04-06,04:25:00,4,4,3.99,4,7000,0
2016-04-06,04:30:00,4,4,4,4,1000,0
2016-04-06,04:35:00,4,4,4,4,2000,0
2016-04-06,04:40:00,4,4,4,4,24000,0
2016-04-06,04:45:00,4,4.01,4,4.01,13000,0
2016-04-06,04:50:00,4.01,4.01,4.01,4.01,6000,0
2016-04-06,04:55:00,4.01,4.01,4,4.01,6000,0
2016-04-06,05:00:00,4.01,4.01,4,4,11000,0
2016-04-06,05:05:00,4,4,3.98,3.98,9000,0
2016-04-06,05:10:00,3.98,4,3.98,4,20000,0
2016-04-06,05:15:00,4,4,4,4,5000,0
2016-04-06,05:20:00,4,4,4,4,3000,0
2016-04-06,05:25:00,4,4,3.99,3.99,12000,0
2016-04-06,05:30:00,3.99,4,3.99,4,2000,0
2016-04-06,05:35:00,4,4,3.99,4,5000,0
2016-04-06,05:40:00,4,4,3.99,3.99,6000,0
2016-04-06,05:45:00,3.99,4,3.99,3.99,62000,0
2016-04-06,05:50:00,3.99,4,3.99,4,38000,0
2016-04-06,05:55:00,4,4,3.99,4,25000,0
2016-04-06,06:00:00,4,4.03,4,4,66828,0
2016-04-06,07:05:00,4,4.03,4,4,50000,0
2016-04-06,07:10:00,4,4.02,4,4.02,8000,0
2016-04-06,07:15:00,4.02,4.02,4.02,4.02,1000,0
2016-04-06,07:20:00,4.02,4.02,4.01,4.01,13000,0
2016-04-06,07:25:00,4.01,4.02,4.01,4.02,8000,0
2016-04-06,07:30:00,4.01,4.02,4.01,4.02,3000,0
2016-04-06,07:35:00,4.01,4.02,4.01,4.01,6000,0
2016-04-06,07:40:00,4.01,4.02,4,4,8000,0
2016-04-06,07:45:00,4,4.01,4,4.01,5000,0
2016-04-06,07:50:00,4.01,4.01,4.01,4.01,6000,0
2016-04-06,07:55:00,4.01,4.01,3.98,4.01,123000,0
2016-04-06,08:00:00,4.01,4.02,4.01,4.02,8000,0
2016-04-06,08:05:00,4.02,4.02,4.01,4.01,5000,0
2016-04-06,08:10:00,4.01,4.02,4.01,4.01,6000,0
2016-04-06,08:15:00,4.01,4.02,4.01,4.01,5000,0
2016-04-06,08:20:00,4.01,4.01,4,4.01,6000,0
2016-04-06,08:25:00,4.01,4.01,4,4,4000,0
2016-04-06,08:30:00,4,4.02,4,4.02,22000,0
2016-04-06,08:35:00,4.02,4.02,4.02,4.02,2000,0
2016-04-06,08:40:00,4.02,4.02,4.02,4.02,5000,0
2016-04-06,08:45:00,4.02,4.02,4.01,4.02,11000,0
2016-04-06,08:50:00,4.02,4.02,4.02,4.02,2000,0
2016-04-06,08:55:00,4.02,4.03,4.01,4.01,25000,0
2016-04-06,09:00:00,4.01,4.01,4.01,4.01,1000,0
2016-04-06,09:05:00,4.01,4.03,4.01,4.03,5000,0
2016-04-06,09:10:00,4.03,4.03,4.03,4.03,1000,0
2016-04-06,09:15:00,4.03,4.03,4.01,4.03,14000,0
2016-04-06,09:20:00,4.03,4.03,4,4.01,128000,0
2016-04-06,09:25:00,4.01,4.02,4,4,32000,0
2016-04-06,09:30:00,4,4.02,4,4.01,19000,0
2016-04-06,09:35:00,4.01,4.01,4,4.01,10000,0
2016-04-06,09:40:00,4.01,4.01,4,4.01,22000,0
2016-04-06,09:45:00,4.01,4.01,4,4,14000,0
2016-04-06,09:50:00,4,4.01,4,4.01,17000,0
2016-04-06,09:55:00,4.01,4.03,4,4.02,25000,0
2016-04-06,10:00:00,4.02,4.05,4.01,4.03,135000,0
2016-04-07,03:35:00,4.43,4.49,4.15,4.16,103000,0
2016-04-07,03:40:00,4.16,4.22,4.16,4.22,6000,0
2016-04-07,03:45:00,4.22,4.22,4.22,4.22,5000,0
2016-04-07,04:00:00,4.2,4.2,4.16,4.16,114000,0
2016-04-07,04:05:00,4.16,4.16,4.16,4.16,13000,0
2016-04-07,04:10:00,4.16,4.17,4.16,4.17,8000,0
2016-04-07,04:15:00,4.17,4.17,4.17,4.17,4000,0
2016-04-07,04:20:00,4.17,4.17,4.15,4.15,93000,0
2016-04-07,04:25:00,4.15,4.15,4.15,4.15,2000,0
2016-04-07,04:30:00,4.15,4.15,4.13,4.13,4000,0
2016-04-07,04:35:00,4.13,4.13,4.1,4.12,62000,0
2016-04-07,04:40:00,4.12,4.13,4.12,4.13,20000,0
2016-04-07,04:45:00,4.13,4.13,4.05,4.07,62000,0
2016-04-07,04:50:00,4.07,4.11,4.07,4.08,4000,0
2016-04-07,04:55:00,4.08,4.08,4.08,4.08,7000,0
2016-04-07,05:00:00,4.08,4.11,4.08,4.08,10000,0
2016-04-07,05:05:00,4.08,4.11,4.08,4.09,24000,0
2016-04-07,05:10:00,4.09,4.1,4.08,4.1,8000,0
2016-04-07,05:15:00,4.1,4.1,4.08,4.08,15000,0
2016-04-07,05:20:00,4.08,4.1,4.08,4.1,4000,0
2016-04-07,05:25:00,4.1,4.1,4.09,4.1,20000,0
2016-04-07,05:30:00,4.1,4.12,4.1,4.12,167000,0
2016-04-07,05:35:00,4.12,4.12,4.12,4.12,4000,0
2016-04-07,05:40:00,4.12,4.14,4.12,4.14,5000,0
2016-04-07,05:45:00,4.14,4.14,4.11,4.14,34000,0
2016-04-07,05:50:00,4.14,4.16,4.14,4.16,22000,0
2016-04-07,05:55:00,4.16,4.16,4.16,4.16,6000,0
2016-04-07,06:00:00,4.16,4.16,4.16,4.16,2000,0
2016-04-07,07:05:00,4.16,4.18,4.14,4.16,19000,0
2016-04-07,07:10:00,4.16,4.16,4.14,4.16,11000,0
2016-04-07,07:15:00,4.16,4.16,4.16,4.16,2000,0
2016-04-07,07:20:00,4.16,4.16,4.16,4.16,4000,0
2016-04-07,07:25:00,4.16,4.16,4.15,4.15,9000,0
2016-04-07,07:30:00,4.15,4.15,4.15,4.15,4000,0
2016-04-07,07:35:00,4.15,4.15,4.15,4.15,2000,0
2016-04-07,07:40:00,4.15,4.16,4.15,4.16,8000,0
2016-04-07,07:45:00,4.16,4.16,4.15,4.15,5000,0
2016-04-07,07:50:00,4.15,4.15,4.14,4.15,16000,0
2016-04-07,07:55:00,4.15,4.15,4.14,4.14,39000,0
2016-04-07,08:00:00,4.14,4.15,4.14,4.15,4000,0
2016-04-07,08:05:00,4.15,4.15,4.15,4.15,2000,0
2016-04-07,08:10:00,4.15,4.15,4.14,4.14,11000,0
2016-04-07,08:15:00,4.14,4.15,4.14,4.15,11000,0
2016-04-07,08:20:00,4.15,4.15,4.14,4.15,8000,0
2016-04-07,08:25:00,4.15,4.15,4.14,4.15,9000,0
2016-04-07,08:30:00,4.15,4.15,4.14,4.15,13000,0
2016-04-07,08:35:00,4.15,4.15,4.14,4.15,8000,0
2016-04-07,08:40:00,4.15,4.15,4.14,4.15,8000,0
2016-04-07,08:45:00,4.15,4.15,4.14,4.14,11000,0
2016-04-07,08:50:00,4.14,4.15,4.14,4.15,12000,0
2016-04-07,08:55:00,4.15,4.15,4.14,4.15,9000,0
2016-04-07,09:00:00,4.15,4.15,4.1,4.14,306000,0
2016-04-07,09:05:00,4.14,4.14,4.12,4.12,33000,0
2016-04-07,09:10:00,4.14,4.15,4.14,4.14,97000,0
2016-04-07,09:15:00,4.14,4.14,4.14,4.14,35000,0
2016-04-07,09:20:00,4.14,4.14,4.12,4.12,25000,0
2016-04-07,09:25:00,4.12,4.14,4.12,4.14,86000,0
2016-04-07,09:30:00,4.14,4.15,4.12,4.14,62000,0
2016-04-07,09:35:00,4.14,4.15,4.14,4.14,57000,0
2016-04-07,09:40:00,4.14,4.15,4.12,4.14,34000,0
2016-04-07,09:45:00,4.14,4.15,4.14,4.15,119000,0
2016-04-07,09:50:00,4.15,4.16,4.15,4.16,8000,0
2016-04-07,09:55:00,4.16,4.16,4.15,4.15,7000,0
2016-04-07,10:00:00,4.15,4.18,4.14,4.17,53000,0
2016-04-08,04:10:00,4.1,4.11,4.1,4.1,5000,0
2016-04-08,04:15:00,4.1,4.1,4.09,4.09,69000,0
2016-04-08,04:25:00,4.09,4.14,4.07,4.12,71000,0
2016-04-08,04:30:00,4.12,4.12,4.09,4.09,8000,0
2016-04-08,04:35:00,4.09,4.09,4.08,4.09,15000,0
2016-04-08,04:40:00,4.09,4.09,4.09,4.09,2000,0
2016-04-08,04:45:00,4.09,4.15,4.08,4.15,39000,0
2016-04-08,05:05:00,4.13,4.13,4.12,4.12,4000,0
2016-04-08,05:15:00,4.12,4.12,4.11,4.11,2000,0
2016-04-08,05:25:00,4.11,4.11,4.1,4.11,8000,0
2016-04-08,05:45:00,4.11,4.11,4.09,4.1,16000,0
2016-04-08,06:00:00,4.1,4.1,4.09,4.09,41000,0
2016-04-08,07:05:00,4.09,4.1,4.08,4.09,43000,0
2016-04-08,07:10:00,4.09,4.09,4.08,4.09,4000,0
2016-04-08,07:15:00,4.09,4.1,4.09,4.1,6000,0
2016-04-08,07:20:00,4.1,4.1,4.09,4.09,3000,0
2016-04-08,07:25:00,4.09,4.09,4.09,4.09,1000,0
2016-04-08,07:30:00,4.09,4.09,4.08,4.08,8000,0
2016-04-08,07:35:00,4.08,4.09,4.08,4.08,7000,0
2016-04-08,07:40:00,4.08,4.08,4.08,4.08,3000,0
2016-04-08,07:55:00,4.08,4.08,4.08,4.08,2000,0
2016-04-08,08:05:00,4.08,4.08,4.08,4.08,3000,0
2016-04-08,08:15:00,4.08,4.08,4.07,4.07,22000,0
2016-04-08,08:20:00,4.07,4.09,4.07,4.09,17000,0
2016-04-08,08:25:00,4.09,4.09,4.07,4.09,4000,0
2016-04-08,08:30:00,4.08,4.08,4.07,4.08,13000,0
2016-04-08,08:35:00,4.08,4.08,4.07,4.07,3000,0
2016-04-08,08:40:00,4.07,4.07,4.06,4.07,72000,0
2016-04-08,08:45:00,4.07,4.09,4.07,4.08,39000,0
2016-04-08,08:50:00,4.08,4.08,4.08,4.08,4000,0
2016-04-08,08:55:00,4.08,4.08,4.08,4.08,19000,0
2016-04-08,09:00:00,4.08,4.09,4.08,4.08,19000,0
2016-04-08,09:05:00,4.08,4.09,4.08,4.09,12000,0
2016-04-08,09:10:00,4.09,4.09,4.08,4.08,6000,0
2016-04-08,09:15:00,4.08,4.09,4.08,4.08,25000,0
2016-04-08,09:20:00,4.08,4.09,4.08,4.09,27000,0
2016-04-08,09:25:00,4.09,4.09,4.08,4.08,6000,0
2016-04-08,09:30:00,4.08,4.11,4.08,4.09,48000,0
2016-04-08,09:35:00,4.09,4.1,4.09,4.09,81000,0
2016-04-08,09:40:00,4.09,4.09,4.08,4.08,6000,0
2016-04-08,09:45:00,4.08,4.09,4.07,4.09,56000,0
2016-04-08,09:50:00,4.09,4.09,4.08,4.09,32000,0
2016-04-08,09:55:00,4.09,4.09,4.08,4.09,55000,0
2016-04-08,10:00:00,4.09,4.12,4.08,4.12,709000,0
2016-04-11,03:35:00,4.12,4.13,4.12,4.12,23000,0
2016-04-11,03:40:00,4.12,4.12,4.09,4.09,28000,0
2016-04-11,03:45:00,4.09,4.11,4.09,4.1,30000,0
2016-04-11,03:50:00,4.1,4.12,4.1,4.12,14000,0
2016-04-11,03:55:00,4.12,4.13,4.12,4.13,7000,0
2016-04-11,04:00:00,4.13,4.18,4.13,4.18,21000,0
2016-04-11,04:05:00,4.18,4.2,4.17,4.17,34000,0
2016-04-11,04:10:00,4.17,4.17,4.12,4.13,19000,0
2016-04-11,04:15:00,4.13,4.16,4.12,4.15,131000,0
2016-04-11,04:20:00,4.15,4.16,4.15,4.15,10000,0
2016-04-11,04:25:00,4.15,4.16,4.15,4.15,37000,0
2016-04-11,04:30:00,4.15,4.15,4.14,4.14,5000,0
2016-04-11,04:35:00,4.14,4.15,4.13,4.14,18000,0
2016-04-11,04:40:00,4.14,4.15,4.14,4.15,48000,0
2016-04-11,04:50:00,4.15,4.15,4.14,4.14,8000,0
2016-04-11,04:55:00,4.14,4.15,4.14,4.14,8000,0
2016-04-11,05:00:00,4.14,4.15,4.14,4.15,22000,0
2016-04-11,05:05:00,4.15,4.15,4.15,4.15,1000,0
2016-04-11,05:10:00,4.15,4.15,4.14,4.14,4000,0
2016-04-11,05:15:00,4.14,4.15,4.14,4.15,8000,0
2016-04-11,05:20:00,4.15,4.15,4.14,4.14,7000,0
2016-04-11,05:25:00,4.14,4.15,4.14,4.14,11000,0
2016-04-11,05:30:00,4.14,4.15,4.14,4.14,14000,0
2016-04-11,05:35:00,4.14,4.15,4.14,4.15,19000,0
2016-04-11,05:40:00,4.15,4.15,4.14,4.15,14000,0
2016-04-11,05:45:00,4.15,4.15,4.15,4.15,10000,0
2016-04-11,05:50:00,4.15,4.16,4.15,4.15,81000,0
2016-04-11,05:55:00,4.15,4.15,4.14,4.14,18000,0
2016-04-11,06:00:00,4.14,4.14,4.14,4.14,9000,0
2016-04-11,07:05:00,4.14,4.15,4.11,4.12,73000,0
2016-04-11,07:10:00,4.12,4.12,4.11,4.11,38000,0
2016-04-11,07:15:00,4.11,4.12,4.1,4.11,35000,0
2016-04-11,07:20:00,4.11,4.12,4.11,4.11,17000,0
2016-04-11,07:25:00,4.11,4.12,4.1,4.11,76000,0
2016-04-11,07:30:00,4.11,4.11,4.11,4.11,16000,0
2016-04-11,07:35:00,4.11,4.11,4.1,4.1,44000,0
2016-04-11,07:40:00,4.1,4.11,4.1,4.1,19000,0
2016-04-11,07:45:00,4.1,4.11,4.1,4.11,11000,0
2016-04-11,07:50:00,4.11,4.11,4.09,4.09,94000,0
2016-04-11,07:55:00,4.09,4.09,4.08,4.08,34000,0
2016-04-11,08:00:00,4.08,4.09,4.08,4.08,51000,0
2016-04-11,08:10:00,4.08,4.09,4.08,4.08,37000,0
2016-04-11,08:15:00,4.08,4.09,4.08,4.08,17000,0
2016-04-11,08:20:00,4.08,4.08,4.08,4.08,7000,0
2016-04-11,08:25:00,4.08,4.08,4.07,4.07,33500,0
2016-04-11,08:30:00,4.07,4.08,4.07,4.08,37000,0
2016-04-11,08:35:00,4.08,4.08,4.07,4.07,38000,0
2016-04-11,08:40:00,4.07,4.08,4.07,4.08,31000,0
2016-04-11,08:45:00,4.08,4.09,4.07,4.08,39000,0
2016-04-11,08:50:00,4.08,4.08,4.07,4.07,37000,0
2016-04-11,08:55:00,4.07,4.08,4.07,4.08,32000,0
2016-04-11,09:00:00,4.08,4.08,4.07,4.08,52000,0
2016-04-11,09:05:00,4.08,4.08,4.07,4.07,49000,0
2016-04-11,09:10:00,4.07,4.08,4.07,4.07,13000,0
2016-04-11,09:15:00,4.07,4.08,4.07,4.08,30000,0
2016-04-11,09:20:00,4.08,4.08,4.07,4.07,51000,0
2016-04-11,09:25:00,4.07,4.08,4.07,4.07,16000,0
2016-04-11,09:30:00,4.07,4.08,4.07,4.07,40000,0
2016-04-11,09:35:00,4.07,4.08,4.07,4.08,43000,0
2016-04-11,09:40:00,4.08,4.08,4.07,4.08,38000,0
2016-04-11,09:45:00,4.08,4.08,4.06,4.06,107000,0
2016-04-11,09:50:00,4.06,4.06,4.04,4.04,73000,0
2016-04-11,09:55:00,4.04,4.11,4.02,4.1,390000,0
2016-04-11,10:00:00,4.1,4.1,4.05,4.06,194000,0
2016-04-12,03:35:00,4.02,4.1,4.02,4.1,4000,0
2016-04-12,03:45:00,4.1,4.1,4.09,4.1,5000,0
2016-04-12,03:50:00,4.1,4.1,4.04,4.07,31000,0
2016-04-12,03:55:00,4.07,4.07,4.05,4.06,10000,0
2016-04-12,04:00:00,4.06,4.06,4.05,4.05,15000,0
2016-04-12,04:10:00,4.05,4.06,4.05,4.06,12500,0
2016-04-12,04:15:00,4.06,4.06,4.06,4.06,2000,0
2016-04-12,04:25:00,4.06,4.07,4.04,4.05,11000,0
2016-04-12,04:30:00,4.05,4.06,4.03,4.04,30000,0
2016-04-12,04:35:00,4.04,4.06,4.04,4.04,18000,0
2016-04-12,04:40:00,4.04,4.05,4.04,4.04,5000,0
2016-04-12,04:45:00,4.04,4.06,4.04,4.05,16000,0
2016-04-12,04:50:00,4.05,4.06,4.03,4.03,37000,0
2016-04-12,04:55:00,4.03,4.05,4.03,4.05,2000,0
2016-04-12,05:00:00,4.03,4.03,4,4.01,24000,0
2016-04-12,05:05:00,4.01,4.01,3.98,3.98,14000,0
2016-04-12,05:10:00,3.98,4.01,3.98,4,21000,0
2016-04-12,05:15:00,4,4,4,4,2000,0
2016-04-12,05:20:00,3.99,3.99,3.98,3.99,12000,0
2016-04-12,05:30:00,3.99,3.99,3.98,3.99,4000,0
2016-04-12,05:35:00,3.99,3.99,3.99,3.99,2000,0
2016-04-12,05:40:00,3.99,3.99,3.97,3.99,27000,0
2016-04-12,05:45:00,3.99,3.99,3.98,3.99,9000,0
2016-04-12,05:50:00,3.99,3.99,3.97,3.99,15000,0
2016-04-12,05:55:00,3.99,4.02,3.99,4.01,121000,0
2016-04-12,06:00:00,4.01,4.05,4.01,4.05,55000,0
2016-04-12,07:05:00,4.05,4.06,4.05,4.05,63000,0
2016-04-12,07:10:00,4.05,4.06,4.05,4.05,31000,0
2016-04-12,07:15:00,4.05,4.06,4.05,4.05,31000,0
2016-04-12,07:20:00,4.05,4.06,4.04,4.04,17000,0
2016-04-12,07:25:00,4.04,4.06,4.04,4.06,70000,0
2016-04-12,07:30:00,4.06,4.06,4.05,4.06,51000,0
2016-04-12,07:35:00,4.06,4.06,4.05,4.05,56000,0
2016-04-12,07:40:00,4.05,4.06,4.05,4.05,22000,0
2016-04-12,07:45:00,4.05,4.06,4.05,4.05,81000,0
2016-04-12,07:50:00,4.05,4.06,4.05,4.05,21000,0
2016-04-12,07:55:00,4.05,4.06,4.05,4.05,25000,0
2016-04-12,08:00:00,4.05,4.05,4.04,4.05,31000,0
2016-04-12,08:05:00,4.05,4.05,4.04,4.04,30000,0
2016-04-12,08:10:00,4.04,4.05,4.04,4.05,20000,0
2016-04-12,08:15:00,4.05,4.05,4.02,4.03,47000,0
2016-04-12,08:20:00,4.03,4.03,4.02,4.03,19000,0
2016-04-12,08:25:00,4.03,4.03,4.02,4.02,14000,0
2016-04-12,08:30:00,4.02,4.02,4.01,4.01,29000,0
2016-04-12,08:35:00,4.01,4.01,3.99,4,112000,0
2016-04-12,08:40:00,4,4,4,4,9000,0
2016-04-12,08:45:00,4,4,3.99,4,32000,0
2016-04-12,08:50:00,4,4.01,4,4.01,31000,0
2016-04-12,08:55:00,4.01,4.01,3.99,4,55000,0
2016-04-12,09:00:00,4,4,4,4,10000,0
2016-04-12,09:05:00,4,4,3.99,3.99,5000,0
2016-04-12,09:10:00,3.99,4,3.99,4,43000,0
2016-04-12,09:15:00,4,4,3.99,4,24000,0
2016-04-12,09:20:00,4,4,3.99,4,21000,0
2016-04-12,09:25:00,4,4,3.99,4,47000,0
2016-04-12,09:30:00,4,4,3.99,4,25000,0
2016-04-12,09:35:00,4,4,3.99,4,16000,0
2016-04-12,09:40:00,4,4,3.99,3.99,61000,0
2016-04-12,09:45:00,3.99,4,3.98,3.99,59000,0
2016-04-12,09:50:00,3.99,4,3.99,4,34000,0
2016-04-12,09:55:00,4,4,3.99,3.99,88000,0
2016-04-12,10:00:00,3.99,4.01,3.98,3.99,294000,0
2016-04-13,03:35:00,3.98,4.06,3.97,4.01,14000,0
2016-04-13,03:40:00,4.01,4.24,4.01,4.14,29000,0
2016-04-13,03:45:00,4.14,4.14,4.11,4.14,17000,0
2016-04-13,03:50:00,4.18,4.2,4.11,4.12,38000,0
2016-04-13,03:55:00,4.12,4.2,4.12,4.17,60000,0
2016-04-13,04:00:00,4.17,4.23,4.17,4.19,118000,0
2016-04-13,04:05:00,4.17,4.19,4.14,4.15,30980,0
2016-04-13,04:10:00,4.16,4.17,4.11,4.12,55000,0
2016-04-13,04:15:00,4.12,4.13,4.1,4.1,28000,0
2016-04-13,04:20:00,4.1,4.11,4.09,4.11,54000,0
2016-04-13,04:25:00,4.11,4.11,4.09,4.09,24000,0
2016-04-13,04:30:00,4.09,4.1,4.08,4.08,32000,0
2016-04-13,04:35:00,4.08,4.08,4.06,4.07,17000,0
2016-04-13,04:40:00,4.07,4.08,4.07,4.07,30000,0
2016-04-13,04:45:00,4.07,4.08,4.07,4.07,7000,0
2016-04-13,04:50:00,4.07,4.08,4.07,4.08,5000,0
2016-04-13,04:55:00,4.08,4.08,4.08,4.08,6000,0
2016-04-13,05:00:00,4.08,4.08,4.07,4.07,13000,0
2016-04-13,05:05:00,4.07,4.08,4.07,4.08,4000,0
2016-04-13,05:10:00,4.08,4.08,4.07,4.08,50000,0
2016-04-13,05:15:00,4.08,4.08,4.07,4.08,36000,0
2016-04-13,05:20:00,4.08,4.08,4.07,4.08,14000,0
2016-04-13,05:25:00,4.08,4.08,4.07,4.08,27000,0
2016-04-13,05:30:00,4.08,4.08,4.07,4.08,57000,0
2016-04-13,05:35:00,4.08,4.08,4.07,4.08,36000,0
2016-04-13,05:40:00,4.08,4.08,4.07,4.07,22000,0
2016-04-13,05:45:00,4.07,4.08,4.07,4.08,88000,0
2016-04-13,05:50:00,4.08,4.14,4.08,4.14,55000,0
2016-04-13,05:55:00,4.13,4.13,4.11,4.11,34000,0
2016-04-13,06:00:00,4.11,4.15,4.08,4.13,143000,0
2016-04-13,07:05:00,4.13,4.15,4.12,4.12,35000,0
2016-04-13,07:10:00,4.12,4.14,4.09,4.09,137000,0
2016-04-13,07:15:00,4.09,4.09,4.08,4.08,81000,0
2016-04-13,07:20:00,4.08,4.1,4.08,4.1,29000,0
2016-04-13,07:25:00,4.1,4.1,4.08,4.08,34000,0
2016-04-13,07:30:00,4.08,4.08,4.08,4.08,14000,0
2016-04-13,07:35:00,4.08,4.09,4.08,4.08,29000,0
2016-04-13,07:40:00,4.08,4.09,4.08,4.09,27000,0
2016-04-13,07:45:00,4.09,4.1,4.08,4.1,23000,0
2016-04-13,07:50:00,4.1,4.1,4.08,4.08,22740,0
2016-04-13,07:55:00,4.08,4.09,4.08,4.08,21000,0
2016-04-13,08:00:00,4.08,4.11,4.08,4.11,49000,0
2016-04-13,08:05:00,4.11,4.11,4.1,4.1,7000,0
2016-04-13,08:10:00,4.1,4.11,4.09,4.09,19000,0
2016-04-13,08:15:00,4.09,4.1,4.09,4.09,29000,0
2016-04-13,08:20:00,4.09,4.1,4.09,4.09,16000,0
2016-04-13,08:25:00,4.09,4.11,4.09,4.1,25000,0
2016-04-13,08:30:00,4.1,4.11,4.1,4.11,15000,0
2016-04-13,08:35:00,4.11,4.11,4.1,4.1,37000,0
2016-04-13,08:40:00,4.1,4.15,4.1,4.14,126000,0
2016-04-13,08:45:00,4.11,4.11,4.11,4.11,8000,0
2016-04-13,08:50:00,4.11,4.11,4.08,4.09,24000,0
2016-04-13,08:55:00,4.09,4.1,4.08,4.08,23000,0
2016-04-13,09:00:00,4.08,4.11,4.08,4.11,39000,0
2016-04-13,09:05:00,4.1,4.11,4.09,4.1,19000,0
2016-04-13,09:10:00,4.1,4.1,4.1,4.1,10000,0
2016-04-13,09:15:00,4.1,4.1,4.1,4.1,19000,0
2016-04-13,09:20:00,4.1,4.14,4.1,4.11,91000,0
2016-04-13,09:25:00,4.11,4.14,4.1,4.1,18000,0
2016-04-13,09:30:00,4.1,4.13,4.1,4.1,42000,0
2016-04-13,09:35:00,4.1,4.12,4.09,4.11,48000,0
2016-04-13,09:40:00,4.11,4.11,4.1,4.1,23000,0
2016-04-13,09:45:00,4.1,4.11,4.09,4.09,55000,0
2016-04-13,09:50:00,4.09,4.12,4.09,4.1,39000,0
2016-04-13,09:55:00,4.1,4.12,4.09,4.09,74000,0
2016-04-13,10:00:00,4.09,4.13,4.09,4.12,206000,0
