Date,Time,Open,High,Low,Close,Volume,OpenInt
2016-02-29,02:50:00,2.5,2.5,2.48,2.48,17000,0
2016-02-29,02:55:00,2.48,2.49,2.48,2.49,5000,0
2016-02-29,03:00:00,2.49,2.49,2.47,2.47,37000,0
2016-02-29,03:25:00,2.46,2.46,2.46,2.46,9000,0
2016-02-29,03:40:00,2.46,2.46,2.46,2.46,3000,0
2016-02-29,03:50:00,2.46,2.46,2.46,2.46,10000,0
2016-02-29,04:25:00,2.46,2.46,2.46,2.46,1000,0
2016-02-29,04:35:00,2.46,2.46,2.46,2.46,1000,0
2016-02-29,04:40:00,2.46,2.46,2.46,2.46,3000,0
2016-02-29,06:05:00,2.46,2.46,2.46,2.46,1000,0
2016-02-29,06:35:00,2.45,2.47,2.45,2.46,7000,0
2016-02-29,06:55:00,2.46,2.46,2.46,2.46,1000,0
2016-02-29,07:10:00,2.45,2.48,2.45,2.47,49000,0
2016-02-29,07:35:00,2.48,2.48,2.48,2.48,2000,0
2016-02-29,07:45:00,2.48,2.48,2.48,2.48,2000,0
2016-02-29,07:55:00,2.48,2.48,2.47,2.47,9000,0
2016-02-29,08:00:00,2.47,2.47,2.47,2.47,23000,0
2016-02-29,08:05:00,2.47,2.47,2.47,2.47,63000,0
2016-02-29,08:30:00,2.47,2.47,2.47,2.47,32000,0
2016-02-29,08:45:00,2.47,2.47,2.47,2.47,3000,0
2016-02-29,08:50:00,2.47,2.49,2.47,2.49,34000,0
2016-02-29,09:00:00,2.49,2.51,2.45,2.47,14335000,0
2016-03-01,02:35:00,2.56,2.56,2.54,2.54,150000,0
2016-03-01,02:40:00,2.54,2.55,2.54,2.55,23000,0
2016-03-01,02:45:00,2.55,2.56,2.55,2.56,61000,0
2016-03-01,02:50:00,2.56,2.57,2.56,2.57,31000,0
2016-03-01,03:05:00,2.57,2.58,2.57,2.58,129000,0
2016-03-01,03:10:00,2.58,2.6,2.58,2.6,74000,0
2016-03-01,03:15:00,2.6,2.62,2.59,2.62,100000,0
2016-03-01,03:20:00,2.62,2.65,2.62,2.64,188000,0
2016-03-01,03:25:00,2.64,2.64,2.62,2.64,11000,0
2016-03-01,03:35:00,2.64,2.65,2.64,2.65,32000,0
2016-03-01,03:40:00,2.66,2.7,2.66,2.7,132000,0
2016-03-01,03:45:00,2.7,2.72,2.7,2.71,75000,0
2016-03-01,03:50:00,2.72,2.72,2.71,2.72,30000,0
2016-03-01,03:55:00,2.72,2.72,2.72,2.72,1000,0
2016-03-01,04:00:00,2.72,2.72,2.69,2.69,31000,0
2016-03-01,04:10:00,2.69,2.69,2.69,2.69,1000,0
2016-03-01,04:20:00,2.69,2.69,2.68,2.69,10000,0
2016-03-01,04:30:00,2.69,2.69,2.69,2.69,1000,0
2016-03-01,04:35:00,2.69,2.69,2.69,2.69,1000,0
2016-03-01,04:40:00,2.69,2.69,2.69,2.69,1000,0
2016-03-01,04:45:00,2.69,2.69,2.68,2.68,21000,0
2016-03-01,04:50:00,2.67,2.67,2.67,2.67,8000,0
2016-03-01,04:55:00,2.67,2.68,2.67,2.67,13000,0
2016-03-01,05:00:00,2.67,2.69,2.67,2.69,27000,0
2016-03-01,06:05:00,2.69,2.69,2.69,2.69,1000,0
2016-03-01,06:10:00,2.69,2.69,2.69,2.69,8000,0
2016-03-01,06:15:00,2.68,2.69,2.68,2.69,17000,0
2016-03-01,06:30:00,2.69,2.69,2.67,2.69,20000,0
2016-03-01,06:35:00,2.69,2.69,2.69,2.69,1000,0
2016-03-01,06:40:00,2.69,2.69,2.69,2.69,3000,0
2016-03-01,06:45:00,2.69,2.69,2.68,2.69,20000,0
2016-03-01,06:55:00,2.69,2.69,2.69,2.69,8000,0
2016-03-01,07:00:00,2.69,2.69,2.68,2.68,55000,0
2016-03-01,07:10:00,2.68,2.7,2.68,2.7,4000,0
2016-03-01,07:15:00,2.7,2.7,2.7,2.7,1000,0
2016-03-01,07:20:00,2.7,2.7,2.7,2.7,7000,0
2016-03-01,07:25:00,2.7,2.7,2.7,2.7,11000,0
2016-03-01,07:30:00,2.7,2.7,2.7,2.7,1000,0
2016-03-01,07:35:00,2.7,2.7,2.67,2.68,70000,0
2016-03-01,07:40:00,2.68,2.69,2.68,2.69,4000,0
2016-03-01,07:45:00,2.69,2.69,2.68,2.68,7000,0
2016-03-01,07:50:00,2.68,2.68,2.66,2.66,62000,0
2016-03-01,07:55:00,2.66,2.68,2.65,2.65,413000,0
2016-03-01,08:00:00,2.65,2.68,2.65,2.67,71000,0
2016-03-01,08:05:00,2.67,2.67,2.63,2.66,56000,0
2016-03-01,08:15:00,2.66,2.67,2.65,2.67,155000,0
2016-03-01,08:20:00,2.67,2.68,2.67,2.68,10000,0
2016-03-01,08:30:00,2.68,2.69,2.68,2.69,17000,0
2016-03-01,08:35:00,2.69,2.71,2.69,2.71,26000,0
2016-03-01,08:40:00,2.71,2.73,2.71,2.73,109000,0
2016-03-01,08:45:00,2.73,2.73,2.73,2.73,11000,0
2016-03-01,08:50:00,2.73,2.74,2.73,2.74,80000,0
2016-03-01,08:55:00,2.74,2.75,2.7,2.75,827000,0
2016-03-01,09:00:00,2.75,2.77,2.74,2.77,82000,0
2016-03-02,02:35:00,2.66,2.71,2.66,2.69,140000,0
2016-03-02,02:40:00,2.69,2.7,2.69,2.7,41000,0
2016-03-02,02:45:00,2.7,2.7,2.7,2.7,17000,0
2016-03-02,02:50:00,2.7,2.72,2.7,2.72,30000,0
2016-03-02,02:55:00,2.72,2.72,2.7,2.72,10000,0
2016-03-02,03:00:00,2.72,2.72,2.72,2.72,11000,0
2016-03-02,03:05:00,2.72,2.76,2.7,2.72,113000,0
2016-03-02,03:10:00,2.72,2.75,2.69,2.73,27000,0
2016-03-02,03:15:00,2.73,2.73,2.7,2.73,5000,0
2016-03-02,03:20:00,2.73,2.73,2.71,2.71,60000,0
2016-03-02,03:30:00,2.72,2.74,2.72,2.72,47000,0
2016-03-02,03:35:00,2.72,2.77,2.72,2.75,228000,0
2016-03-02,03:40:00,2.75,2.76,2.74,2.74,16000,0
2016-03-02,03:50:00,2.74,2.74,2.73,2.74,22000,0
2016-03-02,03:55:00,2.74,2.74,2.72,2.74,14000,0
2016-03-02,04:00:00,2.73,2.73,2.73,2.73,1000,0
2016-03-02,04:10:00,2.73,2.73,2.72,2.72,14000,0
2016-03-02,04:15:00,2.72,2.73,2.71,2.73,48000,0
2016-03-02,04:20:00,2.72,2.72,2.71,2.71,11000,0
2016-03-02,04:30:00,2.71,2.73,2.71,2.71,10000,0
2016-03-02,04:35:00,2.71,2.73,2.71,2.72,11000,0
2016-03-02,04:40:00,2.72,2.72,2.7,2.7,3000,0
2016-03-02,04:45:00,2.7,2.7,2.7,2.7,2000,0
2016-03-02,04:50:00,2.7,2.7,2.7,2.7,6000,0
2016-03-02,04:55:00,2.7,2.72,2.7,2.7,23000,0
2016-03-02,05:00:00,2.7,2.71,2.7,2.71,2000,0
2016-03-02,06:05:00,2.71,2.71,2.69,2.7,38000,0
2016-03-02,06:10:00,2.7,2.7,2.69,2.69,26000,0
2016-03-02,06:20:00,2.66,2.69,2.66,2.69,18000,0
2016-03-02,06:25:00,2.69,2.69,2.69,2.69,14000,0
2016-03-02,06:30:00,2.69,2.7,2.69,2.7,22000,0
2016-03-02,06:40:00,2.7,2.7,2.69,2.7,15000,0
2016-03-02,06:45:00,2.7,2.7,2.68,2.69,33000,0
2016-03-02,06:50:00,2.69,2.69,2.68,2.69,30000,0
2016-03-02,06:55:00,2.69,2.69,2.69,2.69,29000,0
2016-03-02,07:00:00,2.69,2.73,2.69,2.72,50000,0
2016-03-02,07:05:00,2.72,2.72,2.7,2.72,6000,0
2016-03-02,07:10:00,2.72,2.73,2.72,2.73,13000,0
2016-03-02,07:15:00,2.73,2.73,2.72,2.72,130000,0
2016-03-02,07:20:00,2.72,2.72,2.7,2.7,111000,0
2016-03-02,07:25:00,2.7,2.7,2.67,2.69,92000,0
2016-03-02,07:35:00,2.68,2.68,2.67,2.67,11000,0
2016-03-02,07:40:00,2.67,2.7,2.67,2.69,209000,0
2016-03-02,07:45:00,2.69,2.69,2.69,2.69,2000,0
2016-03-02,07:50:00,2.69,2.72,2.68,2.72,170000,0
2016-03-02,07:55:00,2.72,2.73,2.7,2.73,121000,0
2016-03-02,08:00:00,2.72,2.72,2.71,2.71,4000,0
2016-03-02,08:05:00,2.71,2.72,2.69,2.69,136000,0
2016-03-02,08:15:00,2.69,2.69,2.67,2.68,38000,0
2016-03-02,08:20:00,2.68,2.69,2.67,2.69,92000,0
2016-03-02,08:25:00,2.69,2.69,2.68,2.68,7000,0
2016-03-02,08:30:00,2.68,2.69,2.68,2.69,31000,0
2016-03-02,08:35:00,2.69,2.69,2.69,2.69,7000,0
2016-03-02,08:40:00,2.69,2.7,2.68,2.7,103000,0
2016-03-02,08:45:00,2.7,2.7,2.69,2.69,65000,0
2016-03-02,08:50:00,2.69,2.7,2.69,2.7,243000,0
2016-03-02,08:55:00,2.69,2.69,2.69,2.69,4000,0
2016-03-02,09:00:00,2.69,2.7,2.69,2.69,131000,0
2016-03-03,02:35:00,2.7,2.7,2.69,2.7,2000,0
2016-03-03,02:40:00,2.7,2.74,2.7,2.74,158000,0
2016-03-03,02:45:00,2.74,2.74,2.74,2.74,17000,0
2016-03-03,02:50:00,2.74,2.8,2.74,2.79,572000,0
2016-03-03,02:55:00,2.79,2.8,2.79,2.8,54000,0
2016-03-03,03:00:00,2.8,2.8,2.79,2.79,11000,0
2016-03-03,03:05:00,2.79,2.79,2.79,2.79,1000,0
2016-03-03,03:10:00,2.79,2.8,2.79,2.8,9000,0
2016-03-03,03:15:00,2.8,2.8,2.77,2.77,57000,0
2016-03-03,03:50:00,2.77,2.79,2.77,2.79,44000,0
2016-03-03,03:55:00,2.79,2.79,2.76,2.76,16000,0
2016-03-03,04:00:00,2.75,2.75,2.73,2.73,6000,0
2016-03-03,04:15:00,2.73,2.73,2.73,2.73,4000,0
2016-03-03,04:25:00,2.73,2.73,2.73,2.73,6000,0
2016-03-03,04:30:00,2.73,2.73,2.72,2.73,24000,0
2016-03-03,04:40:00,2.74,2.74,2.72,2.72,38000,0
2016-03-03,04:50:00,2.72,2.74,2.72,2.74,12000,0
2016-03-03,06:05:00,2.74,2.78,2.74,2.78,376000,0
2016-03-03,06:10:00,2.78,2.78,2.78,2.78,1000,0
2016-03-03,06:30:00,2.76,2.76,2.76,2.76,1000,0
2016-03-03,06:50:00,2.76,2.77,2.76,2.77,13000,0
2016-03-03,06:55:00,2.77,2.78,2.76,2.76,12000,0
2016-03-03,07:00:00,2.77,2.77,2.77,2.77,3000,0
2016-03-03,07:05:00,2.77,2.8,2.77,2.8,159000,0
2016-03-03,07:10:00,2.8,2.82,2.8,2.82,64000,0
2016-03-03,07:15:00,2.82,2.82,2.81,2.82,14000,0
2016-03-03,07:25:00,2.82,2.82,2.81,2.81,53000,0
2016-03-03,07:35:00,2.81,2.81,2.8,2.81,6000,0
2016-03-03,07:40:00,2.81,2.82,2.81,2.82,43000,0
2016-03-03,07:45:00,2.82,2.82,2.82,2.82,11000,0
2016-03-03,07:50:00,2.82,2.82,2.82,2.82,1000,0
2016-03-03,07:55:00,2.82,2.82,2.8,2.8,56000,0
2016-03-03,08:15:00,2.8,2.82,2.8,2.82,94000,0
2016-03-03,08:20:00,2.82,2.82,2.82,2.82,6000,0
2016-03-03,08:30:00,2.82,2.82,2.82,2.82,6000,0
2016-03-03,08:40:00,2.82,2.84,2.82,2.84,4000,0
2016-03-03,08:50:00,2.84,2.84,2.84,2.84,11000,0
2016-03-03,08:55:00,2.84,2.85,2.84,2.85,27000,0
2016-03-03,09:00:00,2.85,2.85,2.82,2.82,259000,0
2016-03-04,02:35:00,2.83,2.83,2.83,2.83,48000,0
2016-03-04,02:40:00,2.83,2.83,2.82,2.83,31000,0
2016-03-04,02:45:00,2.83,2.83,2.82,2.82,7000,0
2016-03-04,02:50:00,2.82,2.82,2.82,2.82,5000,0
2016-03-04,02:55:00,2.82,2.82,2.81,2.81,22000,0
2016-03-04,03:00:00,2.81,2.81,2.81,2.81,9000,0
2016-03-04,03:10:00,2.81,2.82,2.81,2.82,2000,0
2016-03-04,03:20:00,2.82,2.82,2.81,2.81,24000,0
2016-03-04,03:30:00,2.81,2.81,2.81,2.81,1000,0
2016-03-04,03:35:00,2.81,2.81,2.81,2.81,1000,0
2016-03-04,03:40:00,2.81,2.81,2.81,2.81,1000,0
2016-03-04,03:45:00,2.81,2.81,2.81,2.81,1000,0
2016-03-04,03:50:00,2.81,2.81,2.81,2.81,1000,0
2016-03-04,03:55:00,2.81,2.83,2.81,2.83,24000,0
2016-03-04,04:00:00,2.83,2.83,2.83,2.83,1000,0
2016-03-04,04:05:00,2.83,2.83,2.82,2.82,2000,0
2016-03-04,04:10:00,2.82,2.82,2.82,2.82,1000,0
2016-03-04,04:15:00,2.82,2.82,2.82,2.82,1000,0
2016-03-04,04:30:00,2.82,2.82,2.79,2.8,99000,0
2016-03-04,05:00:00,2.78,2.81,2.78,2.79,4000,0
2016-03-04,06:05:00,2.79,2.79,2.79,2.79,1000,0
2016-03-04,06:10:00,2.79,2.81,2.79,2.81,2000,0
2016-03-04,06:15:00,2.81,2.81,2.8,2.8,4000,0
2016-03-04,06:20:00,2.8,2.8,2.8,2.8,18000,0
2016-03-04,06:25:00,2.8,2.82,2.8,2.81,69000,0
2016-03-04,06:30:00,2.81,2.81,2.81,2.81,4000,0
2016-03-04,06:35:00,2.81,2.81,2.8,2.8,25000,0
2016-03-04,07:05:00,2.8,2.83,2.8,2.83,2000,0
2016-03-04,07:10:00,2.83,2.83,2.83,2.83,222000,0
2016-03-04,07:25:00,2.83,2.83,2.83,2.83,2000,0
2016-03-04,07:30:00,2.83,2.83,2.83,2.83,1000,0
2016-03-04,07:35:00,2.83,2.83,2.81,2.81,12000,0
2016-03-04,07:55:00,2.81,2.85,2.81,2.85,102000,0
2016-03-04,08:00:00,2.85,2.87,2.85,2.87,72000,0
2016-03-04,08:05:00,2.86,2.87,2.86,2.86,26000,0
2016-03-04,08:35:00,2.86,2.86,2.86,2.86,1000,0
2016-03-04,08:40:00,2.86,2.86,2.85,2.85,3000,0
2016-03-04,08:45:00,2.85,2.85,2.85,2.85,9000,0
2016-03-04,08:50:00,2.85,2.86,2.85,2.86,2000,0
2016-03-04,08:55:00,2.86,2.86,2.85,2.86,57000,0
2016-03-04,09:00:00,2.86,2.86,2.84,2.86,23000,0
2016-03-07,02:35:00,2.89,2.9,2.89,2.9,42000,0
2016-03-07,02:40:00,2.9,2.91,2.9,2.91,23000,0
2016-03-07,02:45:00,2.91,2.91,2.88,2.89,133000,0
2016-03-07,02:50:00,2.89,2.89,2.89,2.89,7000,0
2016-03-07,02:55:00,2.89,2.89,2.89,2.89,2000,0
2016-03-07,03:10:00,2.92,2.95,2.91,2.91,12000,0
2016-03-07,03:15:00,2.9,2.9,2.9,2.9,12000,0
2016-03-07,03:25:00,2.9,2.9,2.9,2.9,1000,0
2016-03-07,03:30:00,2.9,2.9,2.89,2.89,6000,0
2016-03-07,03:40:00,2.89,2.89,2.88,2.88,12000,0
2016-03-07,03:45:00,2.88,2.88,2.87,2.87,43000,0
2016-03-07,03:55:00,2.87,2.87,2.86,2.86,29000,0
2016-03-07,04:00:00,2.86,2.86,2.84,2.84,4000,0
2016-03-07,04:05:00,2.84,2.84,2.82,2.82,24000,0
2016-03-07,04:10:00,2.84,2.87,2.84,2.84,12000,0
2016-03-07,04:15:00,2.84,2.87,2.84,2.87,2000,0
2016-03-07,04:50:00,2.87,2.87,2.84,2.84,22000,0
2016-03-07,06:05:00,2.84,2.85,2.84,2.85,5000,0
2016-03-07,06:10:00,2.85,2.86,2.84,2.84,31000,0
2016-03-07,06:15:00,2.84,2.84,2.83,2.83,11000,0
2016-03-07,06:20:00,2.83,2.83,2.83,2.83,35000,0
2016-03-07,06:40:00,2.83,2.85,2.83,2.85,2000,0
2016-03-07,06:50:00,2.85,2.85,2.85,2.85,1000,0
2016-03-07,06:55:00,2.85,2.85,2.85,2.85,1000,0
2016-03-07,07:05:00,2.85,2.85,2.8,2.81,49000,0
2016-03-07,07:25:00,2.85,2.88,2.85,2.88,4000,0
2016-03-07,07:40:00,2.88,2.88,2.86,2.86,6000,0
2016-03-07,07:55:00,2.86,2.86,2.85,2.86,22000,0
2016-03-07,08:00:00,2.86,2.86,2.86,2.86,1000,0
2016-03-07,08:20:00,2.86,2.86,2.85,2.85,8000,0
2016-03-07,08:25:00,2.85,2.85,2.85,2.85,8000,0
2016-03-07,08:35:00,2.85,2.86,2.85,2.86,100000,0
2016-03-07,08:40:00,2.86,2.89,2.86,2.88,94000,0
2016-03-07,08:45:00,2.88,2.88,2.87,2.87,5000,0
2016-03-07,08:50:00,2.87,2.88,2.87,2.88,2000,0
2016-03-07,08:55:00,2.88,2.88,2.86,2.88,22000,0
2016-03-07,09:00:00,2.88,2.88,2.88,2.88,4000,0
2016-03-08,02:35:00,2.8,2.8,2.8,2.8,40000,0
2016-03-08,02:40:00,2.8,2.8,2.8,2.8,13000,0
2016-03-08,02:45:00,2.8,2.8,2.8,2.8,21000,0
2016-03-08,02:50:00,2.8,2.8,2.78,2.79,31000,0
2016-03-08,02:55:00,2.79,2.79,2.77,2.77,36000,0
2016-03-08,03:00:00,2.77,2.79,2.77,2.79,2000,0
2016-03-08,03:05:00,2.79,2.79,2.79,2.79,2000,0
2016-03-08,03:10:00,2.79,2.79,2.79,2.79,1000,0
2016-03-08,03:15:00,2.79,2.79,2.79,2.79,1000,0
2016-03-08,03:30:00,2.79,2.8,2.79,2.8,30000,0
2016-03-08,03:35:00,2.8,2.8,2.8,2.8,4000,0
2016-03-08,03:40:00,2.8,2.8,2.8,2.8,7000,0
2016-03-08,04:00:00,2.8,2.8,2.8,2.8,1000,0
2016-03-08,04:05:00,2.8,2.8,2.8,2.8,7000,0
2016-03-08,04:10:00,2.8,2.8,2.8,2.8,1000,0
2016-03-08,04:35:00,2.8,2.8,2.78,2.78,38000,0
2016-03-08,06:05:00,2.78,2.8,2.78,2.8,9000,0
2016-03-08,06:35:00,2.8,2.8,2.8,2.8,1000,0
2016-03-08,07:00:00,2.76,2.8,2.76,2.8,2000,0
2016-03-08,07:05:00,2.8,2.8,2.8,2.8,25000,0
2016-03-08,07:10:00,2.8,2.8,2.8,2.8,8000,0
2016-03-08,07:20:00,2.8,2.8,2.8,2.8,212000,0
2016-03-08,07:25:00,2.8,2.8,2.79,2.79,20000,0
2016-03-08,07:40:00,2.79,2.79,2.79,2.79,2000,0
2016-03-08,07:45:00,2.79,2.8,2.79,2.8,9000,0
2016-03-08,07:50:00,2.8,2.8,2.78,2.78,43000,0
2016-03-08,07:55:00,2.78,2.78,2.78,2.78,1000,0
2016-03-08,08:00:00,2.78,2.8,2.78,2.8,2000,0
2016-03-08,08:05:00,2.8,2.8,2.8,2.8,37000,0
2016-03-08,08:10:00,2.8,2.8,2.8,2.8,13000,0
2016-03-08,08:15:00,2.8,2.8,2.8,2.8,11000,0
2016-03-08,08:30:00,2.8,2.8,2.8,2.8,1000,0
2016-03-08,08:55:00,2.8,2.8,2.8,2.8,18000,0
2016-03-08,09:00:00,2.8,2.8,2.8,2.8,112000,0
2016-03-09,02:35:00,2.87,2.87,2.8,2.8,68000,0
2016-03-09,02:40:00,2.78,2.78,2.71,2.71,204000,0
2016-03-09,02:45:00,2.71,2.72,2.65,2.67,112000,0
2016-03-09,02:50:00,2.67,2.67,2.67,2.67,20000,0
2016-03-09,02:55:00,2.67,2.67,2.66,2.66,53000,0
2016-03-09,03:00:00,2.66,2.66,2.66,2.66,51000,0
2016-03-09,03:05:00,2.66,2.66,2.62,2.63,134000,0
2016-03-09,03:10:00,2.63,2.63,2.61,2.62,32000,0
2016-03-09,03:15:00,2.62,2.63,2.62,2.63,87000,0
2016-03-09,03:20:00,2.63,2.63,2.63,2.63,13000,0
2016-03-09,03:30:00,2.63,2.63,2.62,2.62,16000,0
2016-03-09,03:35:00,2.62,2.62,2.62,2.62,12000,0
2016-03-09,03:40:00,2.61,2.62,2.61,2.62,17000,0
2016-03-09,03:55:00,2.61,2.62,2.61,2.62,16000,0
2016-03-09,06:05:00,2.61,2.66,2.61,2.64,25000,0
2016-03-09,06:10:00,2.64,2.64,2.64,2.64,84000,0
2016-03-09,06:15:00,2.64,2.66,2.62,2.66,170000,0
2016-03-09,06:20:00,2.66,2.66,2.66,2.66,63000,0
2016-03-09,06:25:00,2.66,2.66,2.66,2.66,40000,0
2016-03-09,06:30:00,2.66,2.66,2.66,2.66,25000,0
2016-03-09,06:35:00,2.66,2.66,2.64,2.64,85000,0
2016-03-09,06:40:00,2.64,2.64,2.62,2.62,71000,0
2016-03-09,06:45:00,2.62,2.62,2.62,2.62,7000,0
2016-03-09,07:45:00,2.6,2.64,2.6,2.64,305000,0
2016-03-09,07:50:00,2.64,2.65,2.64,2.65,104000,0
2016-03-09,07:55:00,2.65,2.66,2.65,2.66,4000,0
2016-03-09,08:05:00,2.66,2.66,2.66,2.66,1000,0
2016-03-09,08:10:00,2.66,2.66,2.66,2.66,294000,0
2016-03-09,08:15:00,2.66,2.69,2.66,2.69,24000,0
2016-03-09,08:20:00,2.69,2.76,2.69,2.75,271000,0
2016-03-09,08:25:00,2.75,2.75,2.73,2.73,45000,0
2016-03-09,08:30:00,2.73,2.73,2.71,2.71,63000,0
2016-03-09,08:35:00,2.71,2.71,2.69,2.69,17000,0
2016-03-09,08:40:00,2.69,2.69,2.69,2.69,1000,0
2016-03-09,08:45:00,2.69,2.69,2.68,2.68,60000,0
2016-03-09,08:50:00,2.68,2.7,2.67,2.68,113000,0
2016-03-09,08:55:00,2.68,2.69,2.67,2.67,78000,0
2016-03-09,09:00:00,2.67,2.73,2.65,2.73,497000,0
2016-03-10,02:35:00,2.71,2.73,2.71,2.72,4000,0
2016-03-10,02:40:00,2.72,2.72,2.72,2.72,3000,0
2016-03-10,02:55:00,2.72,2.72,2.71,2.72,19000,0
2016-03-10,03:05:00,2.72,2.72,2.72,2.72,3000,0
2016-03-10,03:10:00,2.72,2.72,2.7,2.7,19000,0
2016-03-10,03:15:00,2.7,2.7,2.7,2.7,2000,0
2016-03-10,03:20:00,2.7,2.71,2.7,2.71,2000,0
2016-03-10,03:25:00,2.71,2.71,2.71,2.71,2000,0
2016-03-10,03:50:00,2.71,2.71,2.69,2.69,5000,0
2016-03-10,03:55:00,2.69,2.72,2.69,2.71,7000,0
2016-03-10,04:15:00,2.71,2.71,2.69,2.69,2000,0
2016-03-10,04:20:00,2.69,2.69,2.69,2.69,11000,0
2016-03-10,04:35:00,2.69,2.69,2.68,2.68,4000,0
2016-03-10,04:50:00,2.68,2.68,2.68,2.68,2000,0
2016-03-10,04:55:00,2.68,2.68,2.68,2.68,3000,0
2016-03-10,06:05:00,2.68,2.73,2.68,2.71,161000,0
2016-03-10,06:10:00,2.71,2.71,2.69,2.69,107000,0
2016-03-10,06:20:00,2.69,2.69,2.69,2.69,9000,0
2016-03-10,06:25:00,2.69,2.69,2.69,2.69,6000,0
2016-03-10,07:15:00,2.69,2.7,2.69,2.7,10000,0
2016-03-10,07:50:00,2.67,2.7,2.67,2.7,103000,0
2016-03-10,07:55:00,2.7,2.7,2.7,2.7,11000,0
2016-03-10,08:15:00,2.7,2.74,2.7,2.74,98000,0
2016-03-10,08:20:00,2.74,2.74,2.74,2.74,50000,0
2016-03-10,08:30:00,2.73,2.73,2.72,2.72,15000,0
2016-03-10,08:40:00,2.72,2.72,2.7,2.7,41000,0
2016-03-10,09:00:00,2.7,2.72,2.7,2.7,5000,0
2016-03-11,02:35:00,2.71,2.72,2.7,2.72,3000,0
2016-03-11,02:40:00,2.71,2.71,2.71,2.71,5000,0
2016-03-11,02:45:00,2.71,2.71,2.71,2.71,4000,0
2016-03-11,02:50:00,2.71,2.71,2.71,2.71,6000,0
2016-03-11,02:55:00,2.71,2.71,2.71,2.71,4000,0
2016-03-11,03:00:00,2.71,2.71,2.71,2.71,10000,0
2016-03-11,03:05:00,2.71,2.71,2.71,2.71,7000,0
2016-03-11,03:10:00,2.71,2.71,2.71,2.71,2000,0
2016-03-11,03:15:00,2.71,2.71,2.71,2.71,4000,0
2016-03-11,03:20:00,2.71,2.71,2.71,2.71,2000,0
2016-03-11,03:25:00,2.71,2.71,2.65,2.67,360000,0
2016-03-11,03:35:00,2.67,2.67,2.66,2.66,4000,0
2016-03-11,03:55:00,2.66,2.66,2.65,2.65,8000,0
2016-03-11,04:00:00,2.65,2.67,2.65,2.67,2000,0
2016-03-11,04:10:00,2.67,2.67,2.65,2.65,6000,0
2016-03-11,04:30:00,2.65,2.67,2.65,2.67,8000,0
2016-03-11,04:35:00,2.67,2.67,2.66,2.66,6000,0
2016-03-11,04:40:00,2.66,2.66,2.65,2.65,48000,0
2016-03-11,06:05:00,2.66,2.69,2.66,2.69,4000,0
2016-03-11,06:15:00,2.68,2.68,2.68,2.68,1000,0
2016-03-11,06:20:00,2.68,2.68,2.68,2.68,2000,0
2016-03-11,06:30:00,2.68,2.69,2.68,2.69,8000,0
2016-03-11,07:00:00,2.69,2.69,2.68,2.68,4000,0
2016-03-11,07:05:00,2.68,2.68,2.68,2.68,3000,0
2016-03-11,07:30:00,2.68,2.68,2.68,2.68,4000,0
2016-03-11,07:40:00,2.68,2.68,2.68,2.68,1000,0
2016-03-11,07:50:00,2.68,2.68,2.68,2.68,1000,0
2016-03-11,07:55:00,2.68,2.72,2.68,2.72,69000,0
2016-03-11,08:05:00,2.72,2.72,2.72,2.72,8000,0
2016-03-11,08:15:00,2.72,2.73,2.7,2.73,193000,0
2016-03-11,08:20:00,2.73,2.73,2.73,2.73,33000,0
2016-03-11,08:25:00,2.73,2.73,2.73,2.73,7000,0
2016-03-11,08:30:00,2.73,2.74,2.73,2.74,40000,0
2016-03-11,08:35:00,2.74,2.74,2.74,2.74,28000,0
2016-03-11,08:45:00,2.74,2.74,2.74,2.74,1000,0
2016-03-11,08:50:00,2.72,2.72,2.72,2.72,1774,0
2016-03-11,08:55:00,2.72,2.72,2.71,2.71,3000,0
2016-03-11,09:00:00,2.71,2.72,2.71,2.72,12000,0
2016-03-14,02:35:00,2.72,2.73,2.71,2.73,12000,0
2016-03-14,02:45:00,2.73,2.73,2.7,2.7,11000,0
2016-03-14,02:50:00,2.7,2.73,2.7,2.73,10000,0
2016-03-14,02:55:00,2.73,2.73,2.71,2.71,6000,0
2016-03-14,03:10:00,2.71,2.71,2.71,2.71,6000,0
2016-03-14,03:20:00,2.71,2.71,2.7,2.7,6000,0
2016-03-14,03:25:00,2.7,2.71,2.7,2.7,13000,0
2016-03-14,03:35:00,2.7,2.7,2.7,2.7,2000,0
2016-03-14,03:40:00,2.7,2.7,2.69,2.69,4000,0
2016-03-14,03:50:00,2.7,2.72,2.7,2.71,10000,0
2016-03-14,04:05:00,2.7,2.7,2.7,2.7,2000,0
2016-03-14,04:10:00,2.7,2.7,2.7,2.7,6000,0
2016-03-14,04:15:00,2.7,2.7,2.7,2.7,1000,0
2016-03-14,04:20:00,2.7,2.7,2.7,2.7,3000,0
2016-03-14,04:25:00,2.7,2.7,2.7,2.7,1000,0
2016-03-14,04:30:00,2.7,2.7,2.7,2.7,1000,0
2016-03-14,04:40:00,2.7,2.7,2.69,2.69,4000,0
2016-03-14,04:50:00,2.69,2.71,2.69,2.7,9000,0
2016-03-14,04:55:00,2.7,2.7,2.7,2.7,1000,0
2016-03-14,06:05:00,2.7,2.7,2.69,2.7,8000,0
2016-03-14,06:10:00,2.7,2.7,2.69,2.7,9000,0
2016-03-14,06:15:00,2.7,2.7,2.69,2.7,5000,0
2016-03-14,06:20:00,2.7,2.7,2.7,2.7,9000,0
2016-03-14,06:25:00,2.7,2.7,2.7,2.7,10000,0
2016-03-14,06:30:00,2.7,2.7,2.7,2.7,4000,0
2016-03-14,06:40:00,2.7,2.7,2.7,2.7,1000,0
2016-03-14,06:45:00,2.7,2.7,2.7,2.7,13000,0
2016-03-14,06:50:00,2.7,2.7,2.7,2.7,4000,0
2016-03-14,06:55:00,2.7,2.7,2.7,2.7,8000,0
2016-03-14,07:00:00,2.7,2.7,2.69,2.69,2000,0
2016-03-14,07:05:00,2.69,2.7,2.69,2.7,3000,0
2016-03-14,07:10:00,2.7,2.7,2.7,2.7,3000,0
2016-03-14,07:20:00,2.7,2.7,2.69,2.69,4000,0
2016-03-14,07:30:00,2.69,2.69,2.69,2.69,1000,0
2016-03-14,07:40:00,2.7,2.7,2.7,2.7,2000,0
2016-03-14,07:50:00,2.7,2.7,2.7,2.7,1000,0
2016-03-14,08:00:00,2.7,2.7,2.7,2.7,4000,0
2016-03-14,08:05:00,2.7,2.71,2.7,2.71,2000,0
2016-03-14,08:10:00,2.71,2.71,2.7,2.7,6000,0
2016-03-14,08:15:00,2.7,2.7,2.7,2.7,4000,0
2016-03-14,08:20:00,2.7,2.73,2.7,2.73,75000,0
2016-03-14,08:30:00,2.73,2.73,2.73,2.73,19000,0
2016-03-14,08:35:00,2.73,2.76,2.72,2.76,117000,0
2016-03-14,08:40:00,2.76,2.77,2.75,2.76,58000,0
2016-03-14,08:45:00,2.76,2.76,2.75,2.75,22000,0
2016-03-14,08:50:00,2.75,2.75,2.75,2.75,8000,0
2016-03-14,08:55:00,2.75,2.78,2.75,2.78,138000,0
2016-03-14,09:00:00,2.78,2.79,2.75,2.77,375000,0
2016-03-15,02:35:00,2.77,2.79,2.77,2.77,2000,0
2016-03-15,02:40:00,2.77,2.79,2.77,2.79,15000,0
2016-03-15,02:45:00,2.78,2.78,2.74,2.74,58000,0
2016-03-15,02:50:00,2.74,2.76,2.74,2.75,4000,0
2016-03-15,02:55:00,2.75,2.76,2.75,2.76,5000,0
2016-03-15,03:00:00,2.76,2.76,2.76,2.76,2000,0
2016-03-15,03:05:00,2.76,2.78,2.76,2.78,12000,0
2016-03-15,03:10:00,2.78,2.78,2.76,2.76,10000,0
2016-03-15,03:20:00,2.76,2.76,2.76,2.76,1000,0
2016-03-15,03:30:00,2.76,2.76,2.76,2.76,1000,0
2016-03-15,03:35:00,2.76,2.76,2.76,2.76,2000,0
2016-03-15,03:50:00,2.76,2.76,2.74,2.74,13000,0
2016-03-15,04:00:00,2.74,2.75,2.74,2.75,4000,0
2016-03-15,04:05:00,2.75,2.75,2.75,2.75,1000,0
2016-03-15,04:45:00,2.75,2.75,2.74,2.74,2000,0
2016-03-15,06:05:00,2.74,2.79,2.74,2.77,54000,0
2016-03-15,06:10:00,2.77,2.77,2.77,2.77,1000,0
2016-03-15,06:15:00,2.77,2.77,2.77,2.77,4000,0
2016-03-15,06:20:00,2.77,2.77,2.77,2.77,3000,0
2016-03-15,06:25:00,2.77,2.77,2.77,2.77,2000,0
2016-03-15,06:40:00,2.77,2.77,2.77,2.77,1000,0
2016-03-15,06:45:00,2.77,2.77,2.7,2.71,243000,0
2016-03-15,06:50:00,2.71,2.72,2.71,2.71,14000,0
2016-03-15,06:55:00,2.71,2.72,2.71,2.71,37000,0
2016-03-15,07:00:00,2.71,2.71,2.69,2.69,134000,0
2016-03-15,07:05:00,2.69,2.7,2.68,2.69,102000,0
2016-03-15,07:10:00,2.7,2.71,2.7,2.71,8000,0
2016-03-15,07:15:00,2.71,2.71,2.7,2.7,6000,0
2016-03-15,07:20:00,2.7,2.7,2.7,2.7,2000,0
2016-03-15,07:35:00,2.7,2.7,2.7,2.7,1000,0
2016-03-15,07:40:00,2.7,2.71,2.7,2.71,2000,0
2016-03-15,07:55:00,2.71,2.71,2.71,2.71,22000,0
2016-03-15,08:05:00,2.71,2.73,2.71,2.73,25000,0
2016-03-15,08:10:00,2.73,2.73,2.73,2.73,1000,0
2016-03-15,08:15:00,2.73,2.73,2.73,2.73,29000,0
2016-03-15,08:20:00,2.73,2.73,2.73,2.73,1000,0
2016-03-15,08:30:00,2.73,2.73,2.73,2.73,2000,0
2016-03-15,08:35:00,2.73,2.74,2.7,2.74,24000,0
2016-03-15,08:45:00,2.73,2.73,2.71,2.72,24000,0
2016-03-15,08:50:00,2.72,2.74,2.71,2.74,175000,0
2016-03-15,08:55:00,2.74,2.75,2.74,2.75,5000,0
2016-03-15,09:00:00,2.75,2.76,2.71,2.75,153000,0
2016-03-16,02:50:00,2.72,2.75,2.72,2.75,2000,0
2016-03-16,03:10:00,2.75,2.75,2.71,2.71,17000,0
2016-03-16,03:15:00,2.71,2.71,2.71,2.71,16000,0
2016-03-16,03:45:00,2.71,2.71,2.71,2.71,1000,0
2016-03-16,04:00:00,2.71,2.72,2.71,2.72,2000,0
2016-03-16,06:15:00,2.7,2.72,2.7,2.72,2000,0
2016-03-16,06:25:00,2.72,2.72,2.72,2.72,1000,0
2016-03-16,07:35:00,2.72,2.72,2.71,2.72,32000,0
2016-03-16,07:40:00,2.72,2.73,2.72,2.72,28000,0
2016-03-16,07:45:00,2.72,2.73,2.72,2.72,12000,0
2016-03-16,07:50:00,2.72,2.72,2.71,2.71,6000,0
2016-03-16,07:55:00,2.7,2.72,2.7,2.72,28000,0
2016-03-16,08:05:00,2.72,2.73,2.72,2.72,28000,0
2016-03-16,08:15:00,2.72,2.75,2.72,2.75,27000,0
2016-03-16,08:25:00,2.75,2.75,2.74,2.74,4000,0
2016-03-16,08:30:00,2.74,2.75,2.74,2.75,15000,0
2016-03-16,08:35:00,2.75,2.75,2.74,2.74,8000,0
2016-03-16,08:40:00,2.74,2.74,2.74,2.74,6000,0
2016-03-16,08:45:00,2.74,2.75,2.74,2.74,7000,0
2016-03-16,08:55:00,2.74,2.74,2.74,2.74,13000,0
2016-03-16,09:00:00,2.74,2.75,2.74,2.75,16000,0
2016-03-17,02:35:00,2.67,2.67,2.67,2.67,1000,0
2016-03-17,02:40:00,2.67,2.69,2.67,2.69,14000,0
2016-03-17,02:50:00,2.7,2.7,2.7,2.7,4000,0
2016-03-17,03:05:00,2.7,2.7,2.69,2.69,4000,0
2016-03-17,03:10:00,2.69,2.69,2.69,2.69,1000,0
2016-03-17,03:15:00,2.69,2.69,2.69,2.69,2000,0
2016-03-17,03:45:00,2.69,2.69,2.68,2.68,15000,0
2016-03-17,04:00:00,2.69,2.7,2.69,2.7,2000,0
2016-03-17,04:10:00,2.7,2.7,2.7,2.7,4000,0
2016-03-17,04:15:00,2.7,2.7,2.69,2.69,9000,0
2016-03-17,04:25:00,2.69,2.69,2.67,2.67,134000,0
2016-03-17,04:30:00,2.66,2.67,2.66,2.67,13000,0
2016-03-17,04:35:00,2.66,2.67,2.66,2.67,10000,0
2016-03-17,04:40:00,2.67,2.67,2.67,2.67,2000,0
2016-03-17,06:05:00,2.66,2.69,2.66,2.68,104000,0
2016-03-17,06:10:00,2.68,2.7,2.68,2.69,13000,0
2016-03-17,06:15:00,2.69,2.69,2.69,2.69,6000,0
2016-03-17,06:20:00,2.69,2.69,2.69,2.69,4000,0
2016-03-17,06:30:00,2.69,2.69,2.67,2.67,15000,0
2016-03-17,06:45:00,2.67,2.67,2.67,2.67,5000,0
2016-03-17,06:55:00,2.68,2.7,2.68,2.7,41000,0
2016-03-17,07:10:00,2.7,2.7,2.7,2.7,2000,0
2016-03-17,07:40:00,2.7,2.7,2.7,2.7,4000,0
2016-03-17,07:45:00,2.7,2.71,2.7,2.71,2000,0
2016-03-17,07:50:00,2.71,2.71,2.7,2.7,66000,0
2016-03-17,07:55:00,2.7,2.7,2.69,2.69,9000,0
2016-03-17,08:10:00,2.69,2.72,2.69,2.72,53000,0
2016-03-17,08:15:00,2.72,2.74,2.72,2.74,126000,0
2016-03-17,08:20:00,2.74,2.74,2.73,2.74,53000,0
2016-03-17,08:25:00,2.74,2.75,2.74,2.75,51000,0
2016-03-17,08:30:00,2.75,2.75,2.74,2.74,6000,0
2016-03-17,08:35:00,2.74,2.75,2.74,2.75,70000,0
2016-03-17,08:40:00,2.75,2.75,2.74,2.74,68000,0
2016-03-17,08:45:00,2.74,2.75,2.74,2.75,3000,0
2016-03-17,08:50:00,2.75,2.76,2.74,2.76,171000,0
2016-03-17,08:55:00,2.76,2.76,2.74,2.76,48000,0
2016-03-17,09:00:00,2.76,2.76,2.75,2.75,46000,0
2016-03-18,02:35:00,2.73,2.75,2.72,2.72,45000,0
2016-03-18,02:40:00,2.72,2.73,2.72,2.73,9000,0
2016-03-18,02:45:00,2.73,2.74,2.73,2.74,12000,0
2016-03-18,02:50:00,2.74,2.75,2.74,2.74,22000,0
2016-03-18,03:00:00,2.74,2.74,2.74,2.74,2000,0
2016-03-18,03:05:00,2.74,2.74,2.73,2.73,14000,0
2016-03-18,03:10:00,2.73,2.74,2.73,2.74,16000,0
2016-03-18,03:15:00,2.74,2.74,2.73,2.73,20000,0
2016-03-18,03:20:00,2.73,2.73,2.73,2.73,4000,0
2016-03-18,03:25:00,2.73,2.74,2.73,2.74,13000,0
2016-03-18,03:30:00,2.74,2.74,2.73,2.73,12000,0
2016-03-18,03:35:00,2.73,2.74,2.73,2.74,3000,0
2016-03-18,03:40:00,2.74,2.74,2.73,2.73,10000,0
2016-03-18,03:45:00,2.73,2.73,2.73,2.73,4000,0
2016-03-18,03:50:00,2.73,2.73,2.73,2.73,14000,0
2016-03-18,03:55:00,2.73,2.73,2.72,2.73,12000,0
2016-03-18,04:05:00,2.73,2.73,2.72,2.72,8000,0
2016-03-18,04:10:00,2.72,2.73,2.71,2.72,10000,0
2016-03-18,04:15:00,2.73,2.73,2.72,2.72,7000,0
2016-03-18,04:25:00,2.72,2.73,2.72,2.73,8000,0
2016-03-18,04:30:00,2.73,2.73,2.73,2.73,7000,0
2016-03-18,04:35:00,2.73,2.73,2.71,2.73,10000,0
2016-03-18,04:40:00,2.73,2.73,2.71,2.72,7000,0
2016-03-18,04:45:00,2.72,2.72,2.71,2.72,11000,0
2016-03-18,04:50:00,2.72,2.73,2.72,2.72,11000,0
2016-03-18,04:55:00,2.72,2.72,2.72,2.72,5000,0
2016-03-18,05:00:00,2.72,2.73,2.72,2.72,6000,0
2016-03-18,06:05:00,2.72,2.75,2.71,2.71,26000,0
2016-03-18,06:10:00,2.71,2.74,2.71,2.74,20000,0
2016-03-18,06:15:00,2.73,2.73,2.72,2.72,5000,0
2016-03-18,06:20:00,2.72,2.73,2.72,2.73,16000,0
2016-03-18,06:25:00,2.73,2.73,2.71,2.71,45000,0
2016-03-18,06:30:00,2.71,2.72,2.71,2.72,17000,0
2016-03-18,06:35:00,2.72,2.72,2.72,2.72,1000,0
2016-03-18,06:40:00,2.72,2.72,2.71,2.71,7000,0
2016-03-18,06:45:00,2.71,2.72,2.71,2.71,18000,0
2016-03-18,06:50:00,2.71,2.71,2.71,2.71,10000,0
2016-03-18,06:55:00,2.71,2.71,2.71,2.71,9000,0
2016-03-18,07:00:00,2.72,2.74,2.71,2.71,18000,0
2016-03-18,07:05:00,2.71,2.71,2.71,2.71,2000,0
2016-03-18,07:10:00,2.71,2.71,2.7,2.7,18723,0
2016-03-18,07:15:00,2.7,2.7,2.7,2.7,7000,0
2016-03-18,07:20:00,2.7,2.71,2.7,2.7,12000,0
2016-03-18,07:25:00,2.7,2.72,2.7,2.72,13000,0
2016-03-18,07:30:00,2.72,2.72,2.71,2.71,7000,0
2016-03-18,07:35:00,2.71,2.71,2.71,2.71,10000,0
2016-03-18,07:40:00,2.71,2.71,2.7,2.71,24000,0
2016-03-18,07:45:00,2.71,2.71,2.71,2.71,4000,0
2016-03-18,07:50:00,2.71,2.72,2.71,2.71,15000,0
2016-03-18,07:55:00,2.71,2.71,2.7,2.7,18000,0
2016-03-18,08:00:00,2.7,2.75,2.7,2.75,35000,0
2016-03-18,08:05:00,2.75,2.75,2.72,2.73,26000,0
2016-03-18,08:10:00,2.73,2.73,2.72,2.72,21000,0
2016-03-18,08:15:00,2.72,2.74,2.7,2.71,29000,0
2016-03-18,08:20:00,2.71,2.71,2.7,2.71,25000,0
2016-03-18,08:25:00,2.7,2.7,2.69,2.69,18000,0
2016-03-18,08:30:00,2.69,2.7,2.69,2.69,24000,0
2016-03-18,08:35:00,2.69,2.7,2.69,2.7,35907,0
2016-03-18,08:40:00,2.7,2.73,2.7,2.73,44000,0
2016-03-18,08:45:00,2.73,2.73,2.73,2.73,15000,0
2016-03-18,08:50:00,2.73,2.73,2.71,2.71,26000,0
2016-03-18,08:55:00,2.71,2.72,2.68,2.69,97000,0
2016-03-18,09:00:00,2.69,2.74,2.67,2.68,421000,0
2016-03-21,02:35:00,2.71,2.73,2.7,2.7,103618,0
2016-03-21,02:50:00,2.7,2.72,2.7,2.7,10000,0
2016-03-21,03:00:00,2.7,2.71,2.7,2.71,4000,0
2016-03-21,03:05:00,2.71,2.73,2.71,2.73,8000,0
2016-03-21,03:10:00,2.73,2.73,2.73,2.73,1000,0
2016-03-21,03:20:00,2.73,2.73,2.73,2.73,3000,0
2016-03-21,03:25:00,2.73,2.73,2.72,2.72,9000,0
2016-03-21,03:35:00,2.72,2.72,2.71,2.71,4000,0
2016-03-21,03:40:00,2.71,2.72,2.71,2.72,4000,0
2016-03-21,03:45:00,2.72,2.72,2.71,2.71,4000,0
2016-03-21,03:50:00,2.72,2.73,2.72,2.73,3000,0
2016-03-21,04:05:00,2.73,2.73,2.72,2.72,2000,0
2016-03-21,04:20:00,2.72,2.73,2.72,2.73,2000,0
2016-03-21,04:30:00,2.73,2.74,2.73,2.74,6000,0
2016-03-21,04:35:00,2.74,2.74,2.73,2.73,3000,0
2016-03-21,04:40:00,2.73,2.74,2.73,2.74,2000,0
2016-03-21,04:55:00,2.74,2.74,2.74,2.74,3000,0
2016-03-21,06:05:00,2.74,2.75,2.74,2.75,2000,0
2016-03-21,06:10:00,2.75,2.75,2.75,2.75,1000,0
2016-03-21,06:40:00,2.75,2.75,2.74,2.74,5000,0
2016-03-21,06:45:00,2.74,2.74,2.74,2.74,2000,0
2016-03-21,06:50:00,2.74,2.74,2.73,2.73,3000,0
2016-03-21,06:55:00,2.73,2.73,2.72,2.72,19000,0
2016-03-21,07:05:00,2.72,2.72,2.72,2.72,1000,0
2016-03-21,07:30:00,2.72,2.73,2.71,2.73,8000,0
2016-03-21,07:35:00,2.73,2.73,2.73,2.73,1000,0
2016-03-21,07:40:00,2.73,2.73,2.73,2.73,3000,0
2016-03-21,08:00:00,2.73,2.73,2.73,2.73,2000,0
2016-03-21,08:10:00,2.73,2.73,2.72,2.73,6000,0
2016-03-21,08:20:00,2.73,2.73,2.73,2.73,18000,0
2016-03-21,08:35:00,2.73,2.73,2.73,2.73,1000,0
2016-03-21,08:40:00,2.73,2.73,2.71,2.71,7000,0
2016-03-21,08:45:00,2.71,2.71,2.71,2.71,57000,0
2016-03-21,08:50:00,2.71,2.71,2.7,2.7,5000,0
2016-03-21,08:55:00,2.7,2.71,2.7,2.71,5000,0
2016-03-21,09:00:00,2.71,2.71,2.7,2.71,9000,0
2016-03-22,03:10:00,2.72,2.72,2.72,2.72,3000,0
2016-03-22,04:20:00,2.72,2.72,2.71,2.72,18000,0
2016-03-22,04:30:00,2.72,2.72,2.72,2.72,1000,0
2016-03-22,06:35:00,2.71,2.73,2.71,2.73,2000,0
2016-03-22,06:45:00,2.72,2.73,2.72,2.72,9000,0
2016-03-22,07:05:00,2.73,2.73,2.71,2.73,79000,0
2016-03-22,07:25:00,2.73,2.73,2.72,2.72,75000,0
2016-03-22,07:30:00,2.72,2.72,2.72,2.72,1000,0
2016-03-22,07:35:00,2.72,2.73,2.71,2.73,6000,0
2016-03-22,07:45:00,2.71,2.73,2.71,2.73,20000,0
2016-03-22,07:50:00,2.73,2.73,2.73,2.73,1000,0
2016-03-22,08:00:00,2.73,2.73,2.72,2.72,4000,0
2016-03-22,08:05:00,2.72,2.75,2.72,2.75,167000,0
2016-03-22,08:10:00,2.75,2.75,2.75,2.75,124000,0
2016-03-22,08:20:00,2.75,2.76,2.74,2.76,116000,0
2016-03-22,08:35:00,2.76,2.76,2.74,2.76,65000,0
2016-03-22,08:40:00,2.76,2.77,2.75,2.77,94000,0
2016-03-22,08:50:00,2.77,2.77,2.75,2.75,4000,0
2016-03-22,08:55:00,2.75,2.75,2.74,2.75,178000,0
2016-03-22,09:00:00,2.75,2.75,2.74,2.75,10000,0
2016-03-23,02:35:00,2.72,2.75,2.67,2.71,46000,0
2016-03-23,02:55:00,2.71,2.71,2.71,2.71,17000,0
2016-03-23,03:20:00,2.71,2.72,2.71,2.72,2000,0
2016-03-23,03:30:00,2.72,2.72,2.68,2.7,7000,0
2016-03-23,04:10:00,2.68,2.68,2.68,2.68,2000,0
2016-03-23,04:15:00,2.68,2.69,2.68,2.68,8000,0
2016-03-23,04:35:00,2.68,2.71,2.68,2.68,4000,0
2016-03-23,04:45:00,2.68,2.69,2.68,2.68,13000,0
2016-03-23,04:55:00,2.68,2.68,2.68,2.68,8000,0
2016-03-23,05:00:00,2.68,2.69,2.68,2.69,2000,0
2016-03-23,06:05:00,2.69,2.69,2.69,2.69,1000,0
2016-03-23,06:10:00,2.69,2.69,2.69,2.69,1000,0
2016-03-23,06:25:00,2.69,2.69,2.68,2.68,4000,0
2016-03-23,06:30:00,2.68,2.68,2.68,2.68,2000,0
2016-03-23,06:35:00,2.68,2.68,2.68,2.68,2000,0
2016-03-23,06:40:00,2.68,2.68,2.68,2.68,1000,0
2016-03-23,06:45:00,2.68,2.69,2.68,2.69,3000,0
2016-03-23,07:00:00,2.69,2.69,2.68,2.68,4000,0
2016-03-23,07:40:00,2.67,2.69,2.67,2.69,34000,0
2016-03-23,07:50:00,2.69,2.69,2.68,2.68,12000,0
2016-03-23,07:55:00,2.68,2.7,2.68,2.7,71000,0
2016-03-23,08:00:00,2.7,2.71,2.7,2.71,15000,0
2016-03-23,08:05:00,2.71,2.73,2.71,2.73,38000,0
2016-03-23,08:10:00,2.73,2.73,2.73,2.73,1000,0
2016-03-23,08:15:00,2.73,2.74,2.73,2.73,13000,0
2016-03-23,08:20:00,2.73,2.73,2.72,2.72,2000,0
2016-03-23,08:25:00,2.72,2.72,2.72,2.72,3000,0
2016-03-23,08:30:00,2.72,2.73,2.71,2.71,5000,0
2016-03-23,08:35:00,2.71,2.72,2.7,2.7,22000,0
2016-03-23,08:40:00,2.7,2.71,2.7,2.71,6000,0
2016-03-23,08:45:00,2.71,2.71,2.7,2.7,7000,0
2016-03-23,08:50:00,2.7,2.72,2.7,2.7,10000,0
2016-03-23,08:55:00,2.7,2.72,2.7,2.7,17078,0
2016-03-23,09:00:00,2.7,2.7,2.68,2.68,73000,0
2016-03-24,02:35:00,2.67,2.68,2.67,2.67,2000,0
2016-03-24,02:55:00,2.67,2.68,2.67,2.68,2000,0
2016-03-24,03:00:00,2.68,2.68,2.68,2.68,1000,0
2016-03-24,03:10:00,2.68,2.68,2.68,2.68,3000,0
2016-03-24,03:30:00,2.68,2.68,2.67,2.67,4000,0
2016-03-24,03:50:00,2.67,2.69,2.67,2.69,3000,0
2016-03-24,04:05:00,2.69,2.69,2.67,2.67,2000,0
2016-03-24,04:15:00,2.67,2.67,2.67,2.67,1000,0
2016-03-24,04:30:00,2.67,2.67,2.67,2.67,2000,0
2016-03-24,04:40:00,2.67,2.67,2.67,2.67,1000,0
2016-03-24,05:00:00,2.67,2.68,2.67,2.68,6000,0
2016-03-24,06:05:00,2.68,2.68,2.67,2.67,2000,0
2016-03-24,06:10:00,2.67,2.67,2.67,2.67,1000,0
2016-03-24,06:20:00,2.67,2.67,2.67,2.67,1000,0
2016-03-24,06:55:00,2.67,2.67,2.67,2.67,11000,0
2016-03-24,07:05:00,2.67,2.69,2.67,2.69,43000,0
2016-03-24,07:10:00,2.69,2.69,2.68,2.68,13000,0
2016-03-24,07:35:00,2.68,2.69,2.68,2.69,2000,0
2016-03-24,07:40:00,2.69,2.69,2.69,2.69,1000,0
2016-03-24,07:50:00,2.69,2.69,2.68,2.68,4000,0
2016-03-24,08:05:00,2.68,2.69,2.67,2.68,16000,0
2016-03-24,08:10:00,2.68,2.68,2.68,2.68,3000,0
2016-03-24,08:15:00,2.68,2.68,2.67,2.67,41000,0
2016-03-24,08:20:00,2.67,2.67,2.67,2.67,11000,0
2016-03-24,08:30:00,2.67,2.67,2.67,2.67,13000,0
2016-03-24,08:35:00,2.67,2.69,2.67,2.68,11000,0
2016-03-24,08:40:00,2.69,2.69,2.69,2.69,1000,0
2016-03-24,08:50:00,2.69,2.7,2.69,2.69,38000,0
2016-03-24,08:55:00,2.69,2.7,2.67,2.67,42000,0
2016-03-24,09:00:00,2.66,2.69,2.66,2.67,136000,0
2016-03-29,03:35:00,2.64,2.64,2.64,2.64,1000,0
2016-03-29,04:10:00,2.64,2.64,2.6,2.62,14000,0
2016-03-29,04:20:00,2.6,2.62,2.6,2.62,8000,0
2016-03-29,04:25:00,2.62,2.64,2.62,2.64,6366,0
2016-03-29,04:30:00,2.63,2.63,2.63,2.63,1000,0
2016-03-29,04:40:00,2.63,2.64,2.63,2.64,10000,0
2016-03-29,04:50:00,2.64,2.66,2.63,2.66,10000,0
2016-03-29,05:40:00,2.65,2.65,2.65,2.65,1000,0
2016-03-29,05:50:00,2.64,2.64,2.64,2.64,1000,0
2016-03-29,07:05:00,2.63,2.63,2.62,2.62,2000,0
2016-03-29,07:10:00,2.62,2.64,2.62,2.64,11000,0
2016-03-29,07:15:00,2.64,2.65,2.64,2.65,2000,0
2016-03-29,07:20:00,2.65,2.67,2.65,2.67,2000,0
2016-03-29,07:25:00,2.67,2.67,2.64,2.65,4000,0
2016-03-29,07:35:00,2.65,2.67,2.65,2.66,5000,0
2016-03-29,07:40:00,2.66,2.66,2.66,2.66,2000,0
2016-03-29,07:45:00,2.66,2.67,2.66,2.67,4000,0
2016-03-29,07:50:00,2.66,2.66,2.66,2.66,1000,0
2016-03-29,07:55:00,2.66,2.67,2.66,2.67,6000,0
2016-03-29,08:00:00,2.67,2.67,2.65,2.66,7000,0
2016-03-29,08:15:00,2.66,2.67,2.66,2.67,2000,0
2016-03-29,08:30:00,2.67,2.67,2.66,2.66,4000,0
2016-03-29,08:35:00,2.66,2.67,2.66,2.67,4000,0
2016-03-29,08:40:00,2.67,2.68,2.67,2.68,2000,0
2016-03-29,08:45:00,2.68,2.68,2.68,2.68,1000,0
2016-03-29,09:10:00,2.68,2.68,2.68,2.68,1000,0
2016-03-29,09:20:00,2.68,2.68,2.64,2.65,25000,0
2016-03-29,09:30:00,2.65,2.66,2.65,2.66,2000,0
2016-03-29,09:35:00,2.66,2.66,2.66,2.66,1000,0
2016-03-29,09:55:00,2.66,2.66,2.66,2.66,1000,0
2016-03-29,10:00:00,2.66,2.66,2.63,2.66,15000,0
2016-03-30,03:35:00,2.67,2.67,2.67,2.67,2000,0
2016-03-30,03:45:00,2.66,2.67,2.66,2.67,4000,0
2016-03-30,04:20:00,2.67,2.67,2.67,2.67,1000,0
2016-03-30,05:00:00,2.67,2.68,2.67,2.68,4000,0
2016-03-30,07:05:00,2.67,2.7,2.67,2.7,14000,0
2016-03-30,07:10:00,2.7,2.7,2.69,2.69,2000,0
2016-03-30,07:45:00,2.69,2.69,2.68,2.69,6000,0
2016-03-30,07:55:00,2.69,2.71,2.69,2.71,15000,0
2016-03-30,08:00:00,2.71,2.71,2.71,2.71,5000,0
2016-03-30,08:15:00,2.71,2.72,2.71,2.72,3000,0
2016-03-30,08:30:00,2.72,2.72,2.72,2.72,14000,0
2016-03-30,08:35:00,2.72,2.72,2.72,2.72,1000,0
2016-03-30,08:40:00,2.72,2.72,2.71,2.72,13000,0
2016-03-30,09:05:00,2.72,2.72,2.72,2.72,2000,0
2016-03-30,09:10:00,2.72,2.73,2.72,2.73,3000,0
2016-03-30,09:15:00,2.73,2.73,2.72,2.72,2000,0
2016-03-30,09:20:00,2.72,2.72,2.71,2.71,6000,0
2016-03-30,09:25:00,2.71,2.73,2.71,2.73,124879,0
2016-03-30,09:30:00,2.73,2.73,2.71,2.71,4000,0
2016-03-30,09:40:00,2.71,2.73,2.68,2.7,300000,0
2016-03-30,10:00:00,2.7,2.7,2.69,2.69,15000,0
2016-03-31,03:40:00,2.68,2.69,2.68,2.69,1000,0
2016-03-31,03:55:00,2.69,2.69,2.68,2.69,17000,0
2016-03-31,04:00:00,2.69,2.69,2.68,2.68,2000,0
2016-03-31,04:05:00,2.68,2.69,2.68,2.69,2000,0
2016-03-31,04:15:00,2.69,2.69,2.69,2.69,1000,0
2016-03-31,04:20:00,2.69,2.69,2.67,2.67,4000,0
2016-03-31,04:25:00,2.67,2.68,2.67,2.68,8000,0
2016-03-31,05:15:00,2.68,2.68,2.67,2.68,31000,0
2016-03-31,06:00:00,2.66,2.67,2.66,2.67,5000,0
2016-03-31,07:10:00,2.67,2.67,2.66,2.67,6000,0
2016-03-31,07:20:00,2.67,2.67,2.67,2.67,1000,0
2016-03-31,07:25:00,2.67,2.67,2.67,2.67,3000,0
2016-03-31,07:30:00,2.67,2.69,2.67,2.69,13000,0
2016-03-31,07:45:00,2.69,2.69,2.68,2.69,9000,0
2016-03-31,07:50:00,2.69,2.69,2.68,2.68,3000,0
2016-03-31,08:00:00,2.68,2.68,2.68,2.68,2000,0
2016-03-31,08:15:00,2.69,2.69,2.67,2.67,2000,0
2016-03-31,08:30:00,2.67,2.67,2.67,2.67,2000,0
2016-03-31,09:10:00,2.66,2.69,2.66,2.69,31000,0
2016-03-31,09:20:00,2.69,2.69,2.68,2.68,15000,0
2016-03-31,09:30:00,2.68,2.7,2.68,2.68,100000,0
2016-03-31,09:40:00,2.68,2.7,2.67,2.67,131000,0
2016-03-31,09:45:00,2.67,2.69,2.67,2.69,2000,0
2016-03-31,09:55:00,2.69,2.69,2.67,2.68,7000,0
2016-03-31,10:00:00,2.68,2.69,2.68,2.68,28000,0
2016-04-01,03:35:00,2.68,2.68,2.67,2.67,2000,0
2016-04-01,03:40:00,2.67,2.67,2.67,2.67,11000,0
2016-04-01,03:55:00,2.67,2.67,2.67,2.67,3000,0
2016-04-01,04:10:00,2.67,2.67,2.65,2.65,26000,0
2016-04-01,04:20:00,2.65,2.65,2.64,2.65,8000,0
2016-04-01,04:25:00,2.65,2.68,2.65,2.67,172000,0
2016-04-01,04:45:00,2.67,2.68,2.66,2.68,7000,0
2016-04-01,04:50:00,2.68,2.68,2.66,2.66,2000,0
2016-04-01,04:55:00,2.66,2.68,2.66,2.66,39000,0
2016-04-01,05:05:00,2.66,2.68,2.66,2.68,4000,0
2016-04-01,05:25:00,2.68,2.68,2.61,2.64,624000,0
2016-04-01,05:30:00,2.64,2.64,2.64,2.64,2000,0
2016-04-01,05:50:00,2.64,2.65,2.62,2.62,7000,0
2016-04-01,05:55:00,2.62,2.65,2.62,2.65,23000,0
2016-04-01,06:00:00,2.65,2.65,2.63,2.63,6000,0
2016-04-01,07:05:00,2.63,2.66,2.63,2.66,11000,0
2016-04-01,07:10:00,2.66,2.66,2.65,2.65,12000,0
2016-04-01,07:15:00,2.65,2.66,2.65,2.66,6000,0
2016-04-01,07:20:00,2.66,2.66,2.65,2.66,6000,0
2016-04-01,07:25:00,2.66,2.66,2.66,2.66,5000,0
2016-04-01,07:30:00,2.66,2.66,2.65,2.65,8000,0
2016-04-01,07:35:00,2.65,2.66,2.65,2.66,6000,0
2016-04-01,07:40:00,2.66,2.66,2.64,2.64,14000,0
2016-04-01,07:45:00,2.64,2.64,2.63,2.63,5000,0
2016-04-01,07:50:00,2.63,2.64,2.63,2.64,6000,0
2016-04-01,08:00:00,2.64,2.64,2.61,2.62,40000,0
2016-04-01,08:05:00,2.62,2.66,2.62,2.66,371000,0
2016-04-01,08:10:00,2.66,2.66,2.64,2.64,126000,0
2016-04-01,08:20:00,2.64,2.64,2.62,2.62,2000,0
2016-04-01,08:30:00,2.62,2.65,2.62,2.65,4000,0
2016-04-01,08:35:00,2.65,2.65,2.65,2.65,5000,0
2016-04-01,08:40:00,2.65,2.65,2.64,2.65,16000,0
2016-04-01,08:45:00,2.65,2.65,2.64,2.64,9000,0
2016-04-01,08:50:00,2.64,2.65,2.64,2.65,14000,0
2016-04-01,08:55:00,2.65,2.65,2.65,2.65,5000,0
2016-04-01,09:00:00,2.65,2.65,2.64,2.65,13000,0
2016-04-01,09:05:00,2.65,2.65,2.64,2.64,9577,0
2016-04-01,09:10:00,2.64,2.65,2.64,2.65,8000,0
2016-04-01,09:15:00,2.65,2.65,2.65,2.65,6000,0
2016-04-01,09:20:00,2.65,2.65,2.64,2.64,13000,0
2016-04-01,09:25:00,2.64,2.65,2.64,2.65,6000,0
2016-04-01,09:30:00,2.65,2.65,2.64,2.64,7000,0
2016-04-01,09:35:00,2.64,2.65,2.64,2.65,9000,0
2016-04-01,09:40:00,2.65,2.65,2.64,2.64,10000,0
2016-04-01,09:45:00,2.64,2.65,2.64,2.64,6000,0
2016-04-01,09:50:00,2.64,2.64,2.64,2.64,1000,0
2016-04-01,09:55:00,2.64,2.66,2.63,2.63,264000,0
2016-04-01,10:00:00,2.63,2.66,2.61,2.62,167000,0
2016-04-05,03:35:00,2.61,2.61,2.58,2.6,4000,0
2016-04-05,03:50:00,2.59,2.59,2.59,2.59,1000,0
2016-04-05,04:10:00,2.56,2.57,2.56,2.57,23000,0
2016-04-05,05:05:00,2.56,2.57,2.56,2.57,29000,0
2016-04-05,05:10:00,2.57,2.57,2.57,2.57,2000,0
2016-04-05,05:30:00,2.57,2.6,2.57,2.6,5000,0
2016-04-05,05:45:00,2.6,2.6,2.6,2.6,1000,0
2016-04-05,07:05:00,2.57,2.58,2.57,2.58,5000,0
2016-04-05,07:30:00,2.58,2.58,2.58,2.58,1000,0
2016-04-05,07:50:00,2.58,2.59,2.57,2.59,8000,0
2016-04-05,08:15:00,2.59,2.59,2.59,2.59,5000,0
2016-04-05,08:40:00,2.58,2.59,2.58,2.59,9000,0
2016-04-05,08:55:00,2.59,2.6,2.57,2.57,24000,0
2016-04-05,09:00:00,2.57,2.59,2.57,2.59,10000,0
2016-04-05,09:15:00,2.59,2.59,2.58,2.58,2000,0
2016-04-05,09:25:00,2.58,2.59,2.58,2.59,5000,0
2016-04-05,09:35:00,2.59,2.59,2.59,2.59,8000,0
2016-04-05,09:40:00,2.59,2.6,2.57,2.58,103000,0
2016-04-05,09:45:00,2.58,2.6,2.57,2.57,141000,0
2016-04-05,09:50:00,2.57,2.6,2.57,2.58,68000,0
2016-04-05,10:00:00,2.58,2.58,2.57,2.57,6000,0
2016-04-06,03:35:00,2.56,2.57,2.56,2.57,1000,0
2016-04-06,03:50:00,2.57,2.57,2.56,2.56,3000,0
2016-04-06,03:55:00,2.56,2.56,2.56,2.56,3000,0
2016-04-06,04:05:00,2.56,2.56,2.56,2.56,4000,0
2016-04-06,04:10:00,2.56,2.57,2.56,2.57,2000,0
2016-04-06,04:20:00,2.57,2.57,2.57,2.57,3000,0
2016-04-06,04:35:00,2.57,2.57,2.57,2.57,3000,0
2016-04-06,04:45:00,2.57,2.57,2.57,2.57,4000,0
2016-04-06,05:00:00,2.57,2.57,2.56,2.56,2000,0
2016-04-06,05:05:00,2.56,2.56,2.56,2.56,14000,0
2016-04-06,05:10:00,2.56,2.57,2.56,2.57,12000,0
2016-04-06,05:40:00,2.57,2.57,2.55,2.55,12000,0
2016-04-06,05:55:00,2.55,2.55,2.55,2.55,4000,0
2016-04-06,06:00:00,2.55,2.55,2.55,2.55,1536,0
2016-04-06,07:05:00,2.55,2.57,2.55,2.56,5000,0
2016-04-06,07:15:00,2.56,2.56,2.56,2.56,5000,0
2016-04-06,07:20:00,2.56,2.56,2.56,2.56,1000,0
2016-04-06,07:30:00,2.56,2.56,2.56,2.56,1000,0
2016-04-06,07:45:00,2.56,2.57,2.56,2.57,3000,0
2016-04-06,08:00:00,2.57,2.57,2.56,2.56,12000,0
2016-04-06,08:05:00,2.56,2.56,2.55,2.55,2000,0
2016-04-06,08:20:00,2.55,2.56,2.55,2.55,6000,0
2016-04-06,08:25:00,2.54,2.6,2.54,2.59,79000,0
2016-04-06,08:35:00,2.59,2.59,2.59,2.59,2000,0
2016-04-06,08:45:00,2.59,2.59,2.59,2.59,1000,0
2016-04-06,09:05:00,2.59,2.66,2.59,2.65,56000,0
2016-04-06,09:15:00,2.65,2.65,2.63,2.63,2000,0
2016-04-06,09:35:00,2.63,2.65,2.59,2.6,149000,0
2016-04-06,09:40:00,2.6,2.66,2.59,2.59,158000,0
2016-04-06,09:45:00,2.59,2.64,2.59,2.63,67000,0
2016-04-06,09:50:00,2.63,2.65,2.63,2.64,18000,0
2016-04-06,10:00:00,2.64,2.65,2.61,2.64,717000,0
2016-04-07,04:05:00,2.66,2.66,2.63,2.63,15000,0
2016-04-07,04:10:00,2.63,2.63,2.62,2.62,8000,0
2016-04-07,04:15:00,2.62,2.64,2.62,2.64,8000,0
2016-04-07,04:25:00,2.64,2.64,2.62,2.63,3000,0
2016-04-07,04:45:00,2.62,2.63,2.62,2.62,5000,0
2016-04-07,04:50:00,2.62,2.62,2.62,2.62,1000,0
2016-04-07,07:05:00,2.62,2.62,2.62,2.62,1000,0
2016-04-07,07:25:00,2.62,2.63,2.62,2.62,4000,0
2016-04-07,07:45:00,2.62,2.65,2.62,2.65,21000,0
2016-04-07,07:50:00,2.65,2.65,2.64,2.64,2000,0
2016-04-07,08:05:00,2.64,2.67,2.64,2.64,89000,0
2016-04-07,08:10:00,2.64,2.68,2.64,2.66,131000,0
2016-04-07,08:20:00,2.66,2.68,2.66,2.68,3000,0
2016-04-07,08:40:00,2.67,2.67,2.66,2.66,6000,0
2016-04-07,08:45:00,2.66,2.66,2.64,2.64,12000,0
2016-04-07,08:50:00,2.64,2.64,2.64,2.64,3000,0
2016-04-07,08:55:00,2.64,2.65,2.64,2.64,8000,0
2016-04-07,09:00:00,2.64,2.64,2.64,2.64,2000,0
2016-04-07,09:05:00,2.64,2.64,2.64,2.64,2000,0
2016-04-07,09:10:00,2.64,2.64,2.64,2.64,5000,0
2016-04-07,09:15:00,2.64,2.64,2.62,2.62,7000,0
2016-04-07,09:20:00,2.62,2.62,2.62,2.62,7000,0
2016-04-07,09:30:00,2.62,2.63,2.62,2.62,14000,0
2016-04-07,09:35:00,2.62,2.62,2.62,2.62,2000,0
2016-04-07,09:40:00,2.62,2.62,2.62,2.62,3000,0
2016-04-07,09:45:00,2.61,2.61,2.61,2.61,2000,0
2016-04-07,09:50:00,2.61,2.61,2.61,2.61,11000,0
2016-04-07,09:55:00,2.61,2.61,2.59,2.59,28000,0
2016-04-07,10:00:00,2.59,2.6,2.59,2.6,27000,0
2016-04-08,03:35:00,2.57,2.57,2.57,2.57,1000,0
2016-04-08,03:45:00,2.57,2.57,2.56,2.56,8000,0
2016-04-08,03:50:00,2.56,2.56,2.56,2.56,8000,0
2016-04-08,03:55:00,2.56,2.56,2.56,2.56,2000,0
2016-04-08,04:00:00,2.56,2.56,2.56,2.56,6000,0
2016-04-08,05:40:00,2.56,2.56,2.55,2.55,8000,0
2016-04-08,08:45:00,2.53,2.59,2.53,2.59,32000,0
2016-04-08,09:00:00,2.59,2.59,2.57,2.57,4000,0
2016-04-08,09:25:00,2.57,2.58,2.57,2.58,10000,0
2016-04-08,09:30:00,2.58,2.6,2.58,2.6,13000,0
2016-04-08,09:35:00,2.59,2.6,2.59,2.6,115000,0
2016-04-08,09:40:00,2.6,2.6,2.59,2.59,2000,0
2016-04-08,09:45:00,2.59,2.59,2.59,2.59,3000,0
2016-04-08,09:50:00,2.59,2.6,2.59,2.6,13000,0
2016-04-08,09:55:00,2.6,2.6,2.59,2.59,8000,0
2016-04-08,10:00:00,2.59,2.59,2.57,2.57,29000,0
2016-04-11,03:35:00,2.54,2.54,2.52,2.53,3000,0
2016-04-11,03:40:00,2.53,2.58,2.53,2.58,13000,0
2016-04-11,04:00:00,2.6,2.6,2.6,2.6,2000,0
2016-04-11,04:05:00,2.62,2.62,2.57,2.61,24000,0
2016-04-11,04:35:00,2.61,2.61,2.58,2.58,7000,0
2016-04-11,04:45:00,2.59,2.61,2.59,2.61,7000,0
2016-04-11,04:50:00,2.61,2.62,2.59,2.61,13000,0
2016-04-11,05:05:00,2.61,2.62,2.59,2.6,45000,0
2016-04-11,05:10:00,2.6,2.62,2.6,2.62,19000,0
2016-04-11,05:25:00,2.62,2.63,2.62,2.63,20000,0
2016-04-11,06:00:00,2.63,2.63,2.62,2.63,7000,0
2016-04-11,07:05:00,2.63,2.63,2.63,2.63,3000,0
2016-04-11,07:10:00,2.63,2.63,2.62,2.62,3000,0
2016-04-11,07:20:00,2.62,2.62,2.62,2.62,12000,0
2016-04-11,07:50:00,2.62,2.62,2.62,2.62,1000,0
2016-04-11,08:05:00,2.62,2.63,2.62,2.63,7000,0
2016-04-11,08:15:00,2.63,2.63,2.63,2.63,1000,0
2016-04-11,08:20:00,2.63,2.63,2.62,2.62,11000,0
2016-04-11,08:25:00,2.62,2.63,2.62,2.62,7000,0
2016-04-11,09:05:00,2.62,2.62,2.62,2.62,3000,0
2016-04-11,09:10:00,2.62,2.62,2.62,2.62,2000,0
2016-04-11,09:20:00,2.62,2.62,2.61,2.61,2000,0
2016-04-11,09:25:00,2.61,2.62,2.61,2.62,4000,0
2016-04-11,09:30:00,2.62,2.62,2.62,2.62,1000,0
2016-04-11,09:45:00,2.62,2.63,2.61,2.62,359000,0
2016-04-11,09:50:00,2.62,2.62,2.61,2.62,82000,0
2016-04-11,09:55:00,2.62,2.62,2.61,2.62,14000,0
2016-04-11,10:00:00,2.62,2.63,2.6,2.6,572000,0
2016-04-12,03:35:00,2.58,2.62,2.58,2.62,4000,0
2016-04-12,03:40:00,2.62,2.62,2.62,2.62,700,0
2016-04-12,06:00:00,2.61,2.62,2.61,2.62,4000,0
2016-04-12,07:40:00,2.61,2.61,2.59,2.61,22000,0
2016-04-12,07:45:00,2.61,2.61,2.61,2.61,1000,0
2016-04-12,08:05:00,2.61,2.65,2.61,2.65,7000,0
2016-04-12,09:50:00,2.64,2.68,2.61,2.64,508000,0
2016-04-12,09:55:00,2.64,2.64,2.64,2.64,98000,0
2016-04-12,10:00:00,2.64,2.65,2.63,2.64,214000,0
2016-04-13,03:35:00,2.66,2.67,2.64,2.67,5000,0
2016-04-13,03:45:00,2.67,2.67,2.67,2.67,4000,0
2016-04-13,04:05:00,2.67,2.71,2.67,2.71,174000,0
2016-04-13,04:10:00,2.71,2.71,2.71,2.71,12000,0
2016-04-13,04:15:00,2.71,2.71,2.71,2.71,1000,0
2016-04-13,04:20:00,2.71,2.71,2.71,2.71,3000,0
2016-04-13,04:25:00,2.71,2.71,2.71,2.71,21000,0
2016-04-13,04:30:00,2.71,2.71,2.7,2.7,45000,0
2016-04-13,04:35:00,2.7,2.71,2.7,2.71,9000,0
2016-04-13,04:40:00,2.71,2.71,2.71,2.71,3000,0
2016-04-13,04:45:00,2.71,2.71,2.71,2.71,4000,0
2016-04-13,04:50:00,2.71,2.71,2.71,2.71,9000,0
2016-04-13,04:55:00,2.71,2.71,2.71,2.71,4000,0
2016-04-13,05:05:00,2.71,2.71,2.71,2.71,1000,0
2016-04-13,05:10:00,2.71,2.72,2.71,2.72,3000,0
2016-04-13,05:20:00,2.72,2.72,2.72,2.72,2000,0
2016-04-13,05:25:00,2.72,2.72,2.72,2.72,4000,0
2016-04-13,05:30:00,2.72,2.72,2.72,2.72,2000,0
2016-04-13,05:35:00,2.72,2.72,2.72,2.72,1000,0
2016-04-13,05:40:00,2.72,2.72,2.69,2.69,100000,0
2016-04-13,05:50:00,2.69,2.7,2.69,2.7,4000,0
2016-04-13,06:00:00,2.7,2.7,2.7,2.7,4000,0
2016-04-13,07:05:00,2.7,2.7,2.64,2.7,26000,0
2016-04-13,07:10:00,2.7,2.7,2.7,2.7,1000,0
2016-04-13,07:20:00,2.7,2.7,2.7,2.7,1000,0
2016-04-13,07:25:00,2.7,2.7,2.69,2.69,38000,0
2016-04-13,07:40:00,2.69,2.7,2.69,2.7,2000,0
2016-04-13,07:45:00,2.7,2.7,2.7,2.7,1000,0
2016-04-13,07:50:00,2.7,2.7,2.7,2.7,105000,0
2016-04-13,07:55:00,2.7,2.71,2.7,2.71,10000,0
2016-04-13,08:00:00,2.71,2.71,2.7,2.7,4000,0
2016-04-13,08:10:00,2.7,2.7,2.7,2.7,7000,0
2016-04-13,08:20:00,2.7,2.7,2.7,2.7,2000,0
2016-04-13,08:25:00,2.7,2.71,2.7,2.71,4000,0
2016-04-13,08:35:00,2.71,2.71,2.71,2.71,1000,0
2016-04-13,08:40:00,2.71,2.71,2.7,2.7,17000,0
2016-04-13,08:45:00,2.7,2.7,2.7,2.7,13000,0
2016-04-13,08:55:00,2.7,2.71,2.7,2.71,2000,0
2016-04-13,09:00:00,2.71,2.71,2.71,2.71,2000,0
2016-04-13,09:05:00,2.71,2.71,2.71,2.71,1000,0
2016-04-13,09:10:00,2.71,2.71,2.71,2.71,1000,0
2016-04-13,09:15:00,2.71,2.72,2.71,2.72,82000,0
2016-04-13,09:20:00,2.72,2.72,2.72,2.72,1000,0
2016-04-13,09:25:00,2.72,2.72,2.72,2.72,3000,0
2016-04-13,09:30:00,2.72,2.72,2.7,2.7,62000,0
2016-04-13,09:35:00,2.7,2.7,2.69,2.69,29000,0
2016-04-13,09:40:00,2.69,2.7,2.69,2.7,12000,0
2016-04-13,09:45:00,2.7,2.7,2.68,2.68,636000,0
2016-04-13,09:50:00,2.68,2.7,2.68,2.7,190000,0
2016-04-13,09:55:00,2.7,2.7,2.69,2.69,26000,0
2016-04-13,10:00:00,2.69,2.69,2.68,2.68,72000,0
