Date,Time,Open,High,Low,Close,Volume,OpenInt
2016-03-18,02:35:00,9.48,9.5,9.35,9.42,314000,0
2016-03-18,02:40:00,9.42,9.49,9.39,9.46,366000,0
2016-03-18,02:45:00,9.46,9.48,9.43,9.43,208000,0
2016-03-18,02:50:00,9.43,9.5,9.43,9.5,130000,0
2016-03-18,02:55:00,9.5,9.52,9.49,9.5,100000,0
2016-03-18,03:00:00,9.5,9.54,9.5,9.54,176000,0
2016-03-18,03:05:00,9.54,9.54,9.5,9.51,290000,0
2016-03-18,03:10:00,9.51,9.53,9.51,9.52,64000,0
2016-03-18,03:15:00,9.52,9.53,9.5,9.5,132000,0
2016-03-18,03:20:00,9.5,9.53,9.5,9.52,262000,0
2016-03-18,03:25:00,9.52,9.54,9.52,9.54,112000,0
2016-03-18,03:30:00,9.54,9.58,9.54,9.56,286000,0
2016-03-18,03:35:00,9.56,9.57,9.56,9.56,48000,0
2016-03-18,03:40:00,9.56,9.56,9.54,9.54,138000,0
2016-03-18,03:45:00,9.54,9.54,9.49,9.5,134000,0
2016-03-18,03:50:00,9.5,9.5,9.48,9.49,104000,0
2016-03-18,03:55:00,9.49,9.5,9.49,9.5,60000,0
2016-03-18,04:00:00,9.5,9.52,9.5,9.52,78000,0
2016-03-18,04:05:00,9.52,9.56,9.52,9.56,92000,0
2016-03-18,04:10:00,9.56,9.59,9.56,9.59,140000,0
2016-03-18,04:15:00,9.59,9.59,9.58,9.59,54000,0
2016-03-18,04:20:00,9.59,9.6,9.58,9.6,122000,0
2016-03-18,04:25:00,9.6,9.6,9.59,9.59,68000,0
2016-03-18,04:30:00,9.59,9.63,9.59,9.63,190000,0
2016-03-18,04:35:00,9.63,9.64,9.62,9.64,100000,0
2016-03-18,04:40:00,9.64,9.64,9.63,9.64,116000,0
2016-03-18,04:45:00,9.64,9.64,9.63,9.64,38000,0
2016-03-18,04:50:00,9.64,9.65,9.63,9.64,200000,0
2016-03-18,04:55:00,9.64,9.64,9.62,9.62,114000,0
2016-03-18,05:00:00,9.62,9.63,9.62,9.63,30000,0
2016-03-18,06:05:00,9.63,9.63,9.6,9.61,142000,0
2016-03-18,06:10:00,9.61,9.61,9.6,9.61,68000,0
2016-03-18,06:15:00,9.61,9.61,9.59,9.59,152000,0
2016-03-18,06:20:00,9.59,9.59,9.56,9.56,166000,0
2016-03-18,06:25:00,9.56,9.57,9.56,9.56,42000,0
2016-03-18,06:30:00,9.56,9.57,9.54,9.54,100509,0
2016-03-18,06:35:00,9.54,9.56,9.54,9.56,44000,0
2016-03-18,06:40:00,9.56,9.56,9.55,9.55,40002,0
2016-03-18,06:45:00,9.55,9.56,9.54,9.54,127000,0
2016-03-18,06:50:00,9.54,9.55,9.54,9.55,60000,0
2016-03-18,06:55:00,9.55,9.55,9.54,9.54,38000,0
2016-03-18,07:00:00,9.54,9.56,9.54,9.56,74000,0
2016-03-18,07:05:00,9.56,9.57,9.56,9.56,50000,0
2016-03-18,07:10:00,9.56,9.57,9.56,9.56,74000,0
2016-03-18,07:15:00,9.56,9.58,9.56,9.58,92000,0
2016-03-18,07:20:00,9.58,9.58,9.57,9.58,38000,0
2016-03-18,07:25:00,9.58,9.58,9.57,9.57,64000,0
2016-03-18,07:30:00,9.57,9.58,9.55,9.55,150000,0
2016-03-18,07:35:00,9.55,9.55,9.52,9.52,158000,0
2016-03-18,07:40:00,9.52,9.52,9.51,9.52,82000,0
2016-03-18,07:45:00,9.52,9.55,9.52,9.55,132000,0
2016-03-18,07:50:00,9.55,9.57,9.54,9.57,146000,0
2016-03-18,07:55:00,9.57,9.62,9.56,9.61,566000,0
2016-03-18,08:00:00,9.61,9.62,9.61,9.61,94000,0
2016-03-18,08:05:00,9.61,9.62,9.61,9.62,116000,0
2016-03-18,08:10:00,9.62,9.62,9.61,9.61,122000,0
2016-03-18,08:15:00,9.61,9.62,9.61,9.62,86000,0
2016-03-18,08:20:00,9.62,9.62,9.61,9.62,366000,0
2016-03-18,08:25:00,9.62,9.62,9.61,9.62,110000,0
2016-03-18,08:30:00,9.62,9.66,9.62,9.66,522000,0
2016-03-18,08:35:00,9.66,9.66,9.63,9.63,142000,0
2016-03-18,08:40:00,9.63,9.64,9.63,9.63,162000,0
2016-03-18,08:45:00,9.63,9.64,9.62,9.64,404000,0
2016-03-18,08:50:00,9.64,9.64,9.62,9.63,332713,0
2016-03-18,08:55:00,9.63,9.63,9.62,9.63,466000,0
2016-03-18,09:00:00,9.63,9.69,9.62,9.66,3892000,0
2016-03-21,02:35:00,9.66,9.66,9.58,9.58,124000,0
2016-03-21,02:40:00,9.57,9.62,9.57,9.59,136000,0
2016-03-21,02:45:00,9.59,9.6,9.57,9.57,46000,0
2016-03-21,02:50:00,9.57,9.57,9.57,9.57,20000,0
2016-03-21,02:55:00,9.56,9.6,9.56,9.6,194000,0
2016-03-21,03:00:00,9.6,9.63,9.6,9.61,66000,0
2016-03-21,03:05:00,9.61,9.64,9.6,9.63,152000,0
2016-03-21,03:10:00,9.63,9.65,9.62,9.62,104000,0
2016-03-21,03:15:00,9.62,9.63,9.61,9.61,92000,0
2016-03-21,03:20:00,9.61,9.62,9.6,9.61,144000,0
2016-03-21,03:25:00,9.61,9.62,9.6,9.62,46000,0
2016-03-21,03:30:00,9.62,9.62,9.6,9.62,136000,0
2016-03-21,03:35:00,9.62,9.69,9.62,9.69,114000,0
2016-03-21,03:40:00,9.69,9.69,9.67,9.69,88000,0
2016-03-21,03:45:00,9.69,9.7,9.67,9.68,92000,0
2016-03-21,03:50:00,9.68,9.68,9.67,9.67,42000,0
2016-03-21,03:55:00,9.67,9.68,9.67,9.67,104000,0
2016-03-21,04:00:00,9.67,9.68,9.66,9.68,76000,0
2016-03-21,04:05:00,9.68,9.68,9.66,9.67,76000,0
2016-03-21,04:10:00,9.67,9.67,9.66,9.67,64000,0
2016-03-21,04:15:00,9.67,9.67,9.65,9.65,136000,0
2016-03-21,04:20:00,9.65,9.68,9.65,9.67,198000,0
2016-03-21,04:25:00,9.67,9.68,9.66,9.67,68000,0
2016-03-21,04:30:00,9.67,9.67,9.66,9.66,192000,0
2016-03-21,04:35:00,9.66,9.68,9.65,9.68,88000,0
2016-03-21,04:40:00,9.68,9.68,9.67,9.68,54000,0
2016-03-21,04:45:00,9.68,9.68,9.67,9.67,92000,0
2016-03-21,04:50:00,9.67,9.68,9.66,9.67,88000,0
2016-03-21,04:55:00,9.67,9.67,9.66,9.67,64000,0
2016-03-21,05:00:00,9.67,9.68,9.66,9.67,114000,0
2016-03-21,06:05:00,9.67,9.68,9.67,9.68,52000,0
2016-03-21,06:10:00,9.68,9.69,9.67,9.67,150000,0
2016-03-21,06:15:00,9.67,9.69,9.66,9.69,110000,0
2016-03-21,06:20:00,9.69,9.7,9.69,9.69,116000,0
2016-03-21,06:25:00,9.69,9.7,9.69,9.69,30000,0
2016-03-21,06:30:00,9.69,9.73,9.69,9.73,248000,0
2016-03-21,06:35:00,9.73,9.74,9.73,9.74,126000,0
2016-03-21,06:40:00,9.74,9.75,9.7,9.72,280000,0
2016-03-21,06:45:00,9.72,9.74,9.71,9.73,196000,0
2016-03-21,06:50:00,9.73,9.73,9.7,9.72,72000,0
2016-03-21,06:55:00,9.72,9.72,9.7,9.7,144000,0
2016-03-21,07:00:00,9.7,9.71,9.7,9.7,38000,0
2016-03-21,07:05:00,9.7,9.72,9.7,9.7,144000,0
2016-03-21,07:10:00,9.7,9.7,9.68,9.68,180000,0
2016-03-21,07:15:00,9.68,9.68,9.65,9.65,122000,0
2016-03-21,07:20:00,9.65,9.66,9.65,9.66,58000,0
2016-03-21,07:25:00,9.66,9.66,9.63,9.63,126000,0
2016-03-21,07:30:00,9.63,9.65,9.63,9.65,54000,0
2016-03-21,07:35:00,9.65,9.65,9.64,9.65,60000,0
2016-03-21,07:40:00,9.65,9.65,9.64,9.64,232000,0
2016-03-21,07:45:00,9.64,9.66,9.63,9.66,124000,0
2016-03-21,07:50:00,9.66,9.68,9.66,9.68,62000,0
2016-03-21,07:55:00,9.68,9.68,9.68,9.68,42000,0
2016-03-21,08:00:00,9.68,9.7,9.68,9.7,138000,0
2016-03-21,08:05:00,9.7,9.73,9.7,9.73,156000,0
2016-03-21,08:10:00,9.73,9.73,9.69,9.7,224000,0
2016-03-21,08:15:00,9.7,9.7,9.67,9.67,130000,0
2016-03-21,08:20:00,9.67,9.68,9.65,9.65,120000,0
2016-03-21,08:25:00,9.65,9.67,9.65,9.67,106000,0
2016-03-21,08:30:00,9.67,9.67,9.65,9.66,680000,0
2016-03-21,08:35:00,9.66,9.68,9.66,9.68,360000,0
2016-03-21,08:40:00,9.68,9.68,9.67,9.67,128000,0
2016-03-21,08:45:00,9.67,9.67,9.66,9.66,138000,0
2016-03-21,08:50:00,9.66,9.68,9.66,9.68,262000,0
2016-03-21,08:55:00,9.68,9.69,9.67,9.68,402000,0
2016-03-21,09:00:00,9.68,9.69,9.64,9.67,1024000,0
2016-03-22,02:35:00,9.72,9.72,9.63,9.63,260000,0
2016-03-22,02:40:00,9.63,9.63,9.62,9.62,26000,0
2016-03-22,02:45:00,9.62,9.63,9.61,9.61,56000,0
2016-03-22,02:50:00,9.61,9.64,9.61,9.64,126000,0
2016-03-22,02:55:00,9.64,9.64,9.62,9.62,62000,0
2016-03-22,03:00:00,9.62,9.62,9.59,9.6,88000,0
2016-03-22,03:05:00,9.6,9.62,9.6,9.61,54300,0
2016-03-22,03:10:00,9.61,9.65,9.61,9.65,116000,0
2016-03-22,03:15:00,9.65,9.65,9.64,9.64,30000,0
2016-03-22,03:20:00,9.64,9.65,9.64,9.64,68000,0
2016-03-22,03:25:00,9.64,9.64,9.63,9.63,6000,0
2016-03-22,03:30:00,9.63,9.63,9.61,9.61,58000,0
2016-03-22,03:35:00,9.61,9.61,9.56,9.56,105272,0
2016-03-22,03:40:00,9.56,9.57,9.56,9.57,94000,0
2016-03-22,03:45:00,9.57,9.57,9.55,9.55,94000,0
2016-03-22,03:50:00,9.55,9.55,9.54,9.54,44000,0
2016-03-22,03:55:00,9.54,9.55,9.53,9.53,34000,0
2016-03-22,04:00:00,9.53,9.53,9.51,9.51,120000,0
2016-03-22,04:05:00,9.51,9.52,9.51,9.52,546000,0
2016-03-22,04:10:00,9.52,9.53,9.51,9.52,90000,0
2016-03-22,04:15:00,9.52,9.52,9.5,9.5,128000,0
2016-03-22,04:20:00,9.51,9.51,9.5,9.51,48000,0
2016-03-22,04:25:00,9.51,9.51,9.5,9.5,38000,0
2016-03-22,04:30:00,9.5,9.51,9.5,9.5,52000,0
2016-03-22,04:35:00,9.5,9.51,9.42,9.43,275368,0
2016-03-22,04:40:00,9.43,9.45,9.43,9.44,78000,0
2016-03-22,04:45:00,9.44,9.45,9.44,9.45,56000,0
2016-03-22,04:50:00,9.45,9.47,9.45,9.46,68000,0
2016-03-22,04:55:00,9.46,9.47,9.46,9.46,44000,0
2016-03-22,05:00:00,9.46,9.47,9.46,9.46,20000,0
2016-03-22,06:05:00,9.46,9.47,9.46,9.46,48000,0
2016-03-22,06:10:00,9.46,9.5,9.46,9.5,74000,0
2016-03-22,06:15:00,9.5,9.5,9.49,9.5,16000,0
2016-03-22,06:20:00,9.5,9.51,9.49,9.51,38000,0
2016-03-22,06:25:00,9.51,9.53,9.5,9.53,74000,0
2016-03-22,06:30:00,9.53,9.54,9.51,9.51,22000,0
2016-03-22,06:35:00,9.52,9.52,9.51,9.51,22000,0
2016-03-22,06:40:00,9.51,9.51,9.48,9.48,80000,0
2016-03-22,06:45:00,9.48,9.49,9.48,9.48,14792,0
2016-03-22,06:50:00,9.48,9.48,9.48,9.48,20000,0
2016-03-22,06:55:00,9.48,9.49,9.47,9.47,36000,0
2016-03-22,07:00:00,9.47,9.47,9.47,9.47,14000,0
2016-03-22,07:05:00,9.47,9.48,9.47,9.47,50000,0
2016-03-22,07:10:00,9.47,9.5,9.47,9.5,618000,0
2016-03-22,07:15:00,9.5,9.5,9.48,9.49,44000,0
2016-03-22,07:20:00,9.49,9.49,9.48,9.48,16000,0
2016-03-22,07:25:00,9.48,9.49,9.48,9.48,14000,0
2016-03-22,07:30:00,9.48,9.49,9.48,9.48,30000,0
2016-03-22,07:35:00,9.48,9.49,9.47,9.47,56000,0
2016-03-22,07:40:00,9.47,9.49,9.47,9.47,30000,0
2016-03-22,07:45:00,9.47,9.47,9.47,9.47,30000,0
2016-03-22,07:50:00,9.47,9.48,9.47,9.47,80000,0
2016-03-22,07:55:00,9.47,9.47,9.45,9.45,70000,0
2016-03-22,08:00:00,9.45,9.45,9.43,9.44,16000,0
2016-03-22,08:05:00,9.41,9.43,9.41,9.43,80000,0
2016-03-22,08:10:00,9.43,9.45,9.43,9.45,32000,0
2016-03-22,08:15:00,9.45,9.45,9.44,9.45,24000,0
2016-03-22,08:20:00,9.45,9.45,9.44,9.44,30000,0
2016-03-22,08:25:00,9.44,9.44,9.44,9.44,12000,0
2016-03-22,08:30:00,9.44,9.45,9.44,9.45,52000,0
2016-03-22,08:35:00,9.45,9.45,9.44,9.44,18000,0
2016-03-22,08:40:00,9.44,9.46,9.44,9.44,176000,0
2016-03-22,08:45:00,9.44,9.46,9.44,9.44,124440,0
2016-03-22,08:50:00,9.44,9.47,9.44,9.47,250000,0
2016-03-22,08:55:00,9.47,9.47,9.46,9.46,68000,0
2016-03-22,09:00:00,9.46,9.47,9.41,9.45,930000,0
2016-03-23,02:35:00,9.56,9.56,9.49,9.5,180000,0
2016-03-23,02:40:00,9.5,9.52,9.49,9.52,82000,0
2016-03-23,02:45:00,9.52,9.52,9.51,9.52,42000,0
2016-03-23,02:50:00,9.52,9.54,9.52,9.53,68000,0
2016-03-23,02:55:00,9.53,9.53,9.52,9.53,40000,0
2016-03-23,03:00:00,9.53,9.53,9.52,9.53,64000,0
2016-03-23,03:05:00,9.53,9.53,9.5,9.51,154000,0
2016-03-23,03:10:00,9.51,9.51,9.5,9.51,146000,0
2016-03-23,03:15:00,9.51,9.51,9.5,9.51,36000,0
2016-03-23,03:20:00,9.51,9.51,9.48,9.49,422000,0
2016-03-23,03:25:00,9.49,9.49,9.48,9.48,28000,0
2016-03-23,03:30:00,9.48,9.48,9.48,9.48,2000,0
2016-03-23,03:35:00,9.48,9.48,9.45,9.47,328000,0
2016-03-23,03:40:00,9.47,9.47,9.46,9.47,16000,0
2016-03-23,03:50:00,9.47,9.47,9.46,9.46,16000,0
2016-03-23,03:55:00,9.46,9.46,9.44,9.44,342000,0
2016-03-23,04:00:00,9.44,9.44,9.44,9.44,28000,0
2016-03-23,04:05:00,9.44,9.47,9.44,9.47,278000,0
2016-03-23,04:10:00,9.47,9.48,9.47,9.48,982000,0
2016-03-23,04:15:00,9.48,9.48,9.48,9.48,66000,0
2016-03-23,04:20:00,9.48,9.49,9.48,9.48,58000,0
2016-03-23,04:25:00,9.48,9.48,9.45,9.45,32000,0
2016-03-23,04:30:00,9.45,9.46,9.45,9.45,38000,0
2016-03-23,04:35:00,9.45,9.45,9.45,9.45,2000,0
2016-03-23,04:40:00,9.45,9.46,9.45,9.45,72000,0
2016-03-23,04:45:00,9.45,9.45,9.43,9.44,136000,0
2016-03-23,04:50:00,9.44,9.44,9.42,9.42,104000,0
2016-03-23,04:55:00,9.42,9.42,9.41,9.42,68000,0
2016-03-23,05:00:00,9.42,9.42,9.41,9.42,62000,0
2016-03-23,06:05:00,9.41,9.41,9.39,9.39,126000,0
2016-03-23,06:10:00,9.39,9.39,9.37,9.39,142000,0
2016-03-23,06:15:00,9.39,9.39,9.37,9.39,238000,0
2016-03-23,06:20:00,9.38,9.38,9.37,9.37,12000,0
2016-03-23,06:25:00,9.37,9.37,9.37,9.37,16000,0
2016-03-23,06:30:00,9.37,9.37,9.36,9.36,108000,0
2016-03-23,06:35:00,9.36,9.37,9.35,9.36,82000,0
2016-03-23,06:40:00,9.36,9.37,9.36,9.37,60000,0
2016-03-23,06:45:00,9.37,9.37,9.35,9.36,114000,0
2016-03-23,06:50:00,9.36,9.36,9.35,9.35,44000,0
2016-03-23,06:55:00,9.35,9.36,9.34,9.36,74651,0
2016-03-23,07:00:00,9.35,9.35,9.34,9.34,102000,0
2016-03-23,07:10:00,9.34,9.34,9.33,9.33,122000,0
2016-03-23,07:15:00,9.33,9.37,9.32,9.37,486000,0
2016-03-23,07:20:00,9.37,9.4,9.37,9.4,152000,0
2016-03-23,07:25:00,9.4,9.4,9.4,9.4,34000,0
2016-03-23,07:30:00,9.4,9.41,9.39,9.4,74000,0
2016-03-23,07:35:00,9.4,9.4,9.39,9.39,16000,0
2016-03-23,07:40:00,9.39,9.39,9.38,9.38,48000,0
2016-03-23,07:45:00,9.38,9.39,9.36,9.39,234000,0
2016-03-23,07:50:00,9.39,9.39,9.38,9.38,44000,0
2016-03-23,07:55:00,9.38,9.39,9.38,9.39,76000,0
2016-03-23,08:00:00,9.39,9.39,9.37,9.37,156000,0
2016-03-23,08:05:00,9.37,9.37,9.36,9.36,22000,0
2016-03-23,08:10:00,9.36,9.36,9.35,9.36,118000,0
2016-03-23,08:15:00,9.36,9.37,9.35,9.36,178000,0
2016-03-23,08:20:00,9.36,9.37,9.36,9.37,76000,0
2016-03-23,08:25:00,9.37,9.41,9.37,9.4,274713,0
2016-03-23,08:30:00,9.4,9.42,9.4,9.42,78000,0
2016-03-23,08:35:00,9.42,9.42,9.4,9.4,64000,0
2016-03-23,08:40:00,9.4,9.41,9.4,9.4,172000,0
2016-03-23,08:45:00,9.4,9.41,9.4,9.4,138000,0
2016-03-23,08:50:00,9.4,9.41,9.4,9.4,236000,0
2016-03-23,08:55:00,9.4,9.41,9.39,9.39,356000,0
2016-03-23,09:00:00,9.39,9.43,9.38,9.4,2130000,0
2016-03-24,02:35:00,9.22,9.29,9.22,9.29,306000,0
2016-03-24,02:40:00,9.29,9.29,9.26,9.27,74000,0
2016-03-24,02:45:00,9.27,9.27,9.26,9.27,108000,0
2016-03-24,02:50:00,9.27,9.29,9.26,9.29,84000,0
2016-03-24,02:55:00,9.29,9.36,9.29,9.36,70000,0
2016-03-24,03:00:00,9.36,9.4,9.36,9.39,104000,0
2016-03-24,03:05:00,9.39,9.4,9.38,9.4,142000,0
2016-03-24,03:10:00,9.4,9.43,9.4,9.42,40000,0
2016-03-24,03:15:00,9.42,9.44,9.42,9.44,70000,0
2016-03-24,03:20:00,9.44,9.46,9.44,9.46,80000,0
2016-03-24,03:25:00,9.46,9.48,9.46,9.48,78000,0
2016-03-24,03:30:00,9.48,9.55,9.48,9.55,258000,0
2016-03-24,03:35:00,9.55,9.56,9.51,9.51,298000,0
2016-03-24,03:40:00,9.51,9.53,9.51,9.52,106000,0
2016-03-24,03:45:00,9.52,9.52,9.51,9.51,92000,0
2016-03-24,03:50:00,9.51,9.52,9.51,9.51,100000,0
2016-03-24,03:55:00,9.51,9.52,9.5,9.52,184000,0
2016-03-24,04:00:00,9.52,9.52,9.51,9.52,60000,0
2016-03-24,04:05:00,9.52,9.52,9.48,9.48,334000,0
2016-03-24,04:10:00,9.48,9.49,9.48,9.49,168000,0
2016-03-24,04:15:00,9.49,9.49,9.48,9.48,104000,0
2016-03-24,04:20:00,9.48,9.51,9.48,9.51,232000,0
2016-03-24,04:25:00,9.51,9.51,9.5,9.51,64000,0
2016-03-24,04:30:00,9.51,9.51,9.49,9.5,164000,0
2016-03-24,04:35:00,9.5,9.5,9.49,9.49,96000,0
2016-03-24,04:40:00,9.49,9.5,9.49,9.5,64000,0
2016-03-24,04:45:00,9.5,9.5,9.4,9.45,578000,0
2016-03-24,04:50:00,9.45,9.49,9.45,9.49,170000,0
2016-03-24,04:55:00,9.49,9.52,9.49,9.52,214000,0
2016-03-24,05:00:00,9.52,9.53,9.51,9.51,128000,0
2016-03-24,06:05:00,9.51,9.51,9.47,9.48,145322,0
2016-03-24,06:10:00,9.48,9.5,9.47,9.5,80000,0
2016-03-24,06:15:00,9.5,9.5,9.49,9.49,80000,0
2016-03-24,06:20:00,9.49,9.49,9.46,9.48,180000,0
2016-03-24,06:25:00,9.48,9.5,9.48,9.48,46000,0
2016-03-24,06:30:00,9.48,9.49,9.45,9.46,118000,0
2016-03-24,06:35:00,9.46,9.46,9.45,9.45,94000,0
2016-03-24,06:40:00,9.45,9.45,9.41,9.42,126000,0
2016-03-24,06:45:00,9.42,9.42,9.41,9.41,168000,0
2016-03-24,06:50:00,9.41,9.42,9.41,9.41,88000,0
2016-03-24,06:55:00,9.41,9.42,9.4,9.41,156000,0
2016-03-24,07:00:00,9.41,9.41,9.38,9.4,358000,0
2016-03-24,07:05:00,9.4,9.42,9.4,9.41,60000,0
2016-03-24,07:10:00,9.41,9.42,9.41,9.41,50000,0
2016-03-24,07:15:00,9.41,9.43,9.41,9.43,60000,0
2016-03-24,07:20:00,9.43,9.44,9.42,9.42,68000,0
2016-03-24,07:25:00,9.42,9.43,9.42,9.42,94000,0
2016-03-24,07:30:00,9.42,9.43,9.41,9.42,116000,0
2016-03-24,07:35:00,9.42,9.43,9.42,9.42,70000,0
2016-03-24,07:40:00,9.42,9.43,9.42,9.43,90000,0
2016-03-24,07:45:00,9.43,9.43,9.42,9.42,90000,0
2016-03-24,07:50:00,9.42,9.43,9.41,9.41,48000,0
2016-03-24,07:55:00,9.41,9.42,9.41,9.41,74000,0
2016-03-24,08:00:00,9.41,9.41,9.4,9.41,68000,0
2016-03-24,08:05:00,9.41,9.41,9.37,9.37,152000,0
2016-03-24,08:10:00,9.37,9.4,9.37,9.4,150000,0
2016-03-24,08:15:00,9.4,9.41,9.39,9.41,114000,0
2016-03-24,08:20:00,9.41,9.41,9.4,9.4,46000,0
2016-03-24,08:25:00,9.4,9.41,9.4,9.41,60000,0
2016-03-24,08:30:00,9.41,9.41,9.4,9.4,86000,0
2016-03-24,08:35:00,9.4,9.41,9.4,9.41,78000,0
2016-03-24,08:40:00,9.41,9.41,9.4,9.4,72000,0
2016-03-24,08:45:00,9.4,9.41,9.4,9.41,202000,0
2016-03-24,08:50:00,9.41,9.42,9.4,9.42,272000,0
2016-03-24,08:55:00,9.42,9.43,9.41,9.42,356000,0
2016-03-24,09:00:00,9.42,9.46,9.42,9.45,1400000,0
2016-03-29,03:35:00,9.6,9.62,9.59,9.6,160000,0
2016-03-29,03:40:00,9.6,9.7,9.6,9.7,300000,0
2016-03-29,03:45:00,9.7,9.7,9.65,9.66,438000,0
2016-03-29,03:50:00,9.66,9.68,9.64,9.64,320000,0
2016-03-29,03:55:00,9.64,9.74,9.64,9.74,344713,0
2016-03-29,04:00:00,9.74,9.81,9.74,9.77,444000,0
2016-03-29,04:05:00,9.77,9.79,9.75,9.77,242000,0
2016-03-29,04:10:00,9.77,9.82,9.76,9.82,262000,0
2016-03-29,04:15:00,9.82,9.84,9.81,9.83,134000,0
2016-03-29,04:20:00,9.83,9.88,9.83,9.86,444953,0
2016-03-29,04:25:00,9.86,9.96,9.84,9.92,1132000,0
2016-03-29,04:30:00,9.92,9.92,9.86,9.86,116000,0
2016-03-29,04:35:00,9.86,9.89,9.85,9.89,170000,0
2016-03-29,04:40:00,9.89,9.9,9.88,9.88,122000,0
2016-03-29,04:45:00,9.88,9.88,9.82,9.83,238000,0
2016-03-29,04:50:00,9.83,9.88,9.83,9.88,130000,0
2016-03-29,04:55:00,9.88,9.9,9.87,9.88,212000,0
2016-03-29,05:00:00,9.88,9.88,9.86,9.87,72000,0
2016-03-29,05:05:00,9.87,9.88,9.86,9.86,82000,0
2016-03-29,05:10:00,9.86,9.87,9.84,9.84,190000,0
2016-03-29,05:15:00,9.84,9.84,9.83,9.84,46000,0
2016-03-29,05:20:00,9.84,9.85,9.82,9.82,158000,0
2016-03-29,05:25:00,9.82,9.82,9.82,9.82,36000,0
2016-03-29,05:30:00,9.82,9.83,9.82,9.83,32000,0
2016-03-29,05:35:00,9.83,9.84,9.82,9.84,112000,0
2016-03-29,05:40:00,9.84,9.84,9.81,9.82,260000,0
2016-03-29,05:45:00,9.82,9.83,9.82,9.82,48000,0
2016-03-29,05:50:00,9.82,9.83,9.82,9.83,56000,0
2016-03-29,05:55:00,9.83,9.83,9.8,9.81,174000,0
2016-03-29,06:00:00,9.81,9.81,9.8,9.81,132000,0
2016-03-29,07:05:00,9.81,9.82,9.79,9.82,246000,0
2016-03-29,07:10:00,9.82,9.85,9.81,9.85,262000,0
2016-03-29,07:15:00,9.85,9.85,9.84,9.84,178000,0
2016-03-29,07:20:00,9.84,9.87,9.84,9.87,204000,0
2016-03-29,07:25:00,9.87,9.87,9.86,9.87,94000,0
2016-03-29,07:30:00,9.87,9.87,9.85,9.85,192000,0
2016-03-29,07:35:00,9.85,9.88,9.85,9.88,300000,0
2016-03-29,07:40:00,9.88,9.88,9.87,9.88,110000,0
2016-03-29,07:45:00,9.88,9.88,9.87,9.87,148396,0
2016-03-29,07:50:00,9.87,9.88,9.87,9.87,100000,0
2016-03-29,07:55:00,9.87,9.88,9.87,9.87,142000,0
2016-03-29,08:00:00,9.87,9.9,9.87,9.89,430000,0
2016-03-29,08:05:00,9.89,9.89,9.88,9.88,56000,0
2016-03-29,08:10:00,9.88,9.89,9.88,9.89,86000,0
2016-03-29,08:15:00,9.89,9.9,9.88,9.89,216000,0
2016-03-29,08:20:00,9.89,9.9,9.88,9.88,184000,0
2016-03-29,08:25:00,9.88,9.89,9.85,9.85,214000,0
2016-03-29,08:30:00,9.85,9.85,9.83,9.83,212000,0
2016-03-29,08:35:00,9.83,9.83,9.81,9.83,94000,0
2016-03-29,08:40:00,9.83,9.83,9.81,9.81,134000,0
2016-03-29,08:45:00,9.81,9.82,9.81,9.82,176000,0
2016-03-29,08:50:00,9.82,9.82,9.81,9.82,86000,0
2016-03-29,08:55:00,9.82,9.82,9.81,9.82,540000,0
2016-03-29,09:00:00,9.82,9.84,9.82,9.82,170000,0
2016-03-29,09:05:00,9.82,9.83,9.82,9.83,136000,0
2016-03-29,09:10:00,9.83,9.83,9.82,9.83,162000,0
2016-03-29,09:15:00,9.83,9.84,9.82,9.83,288000,0
2016-03-29,09:20:00,9.83,9.83,9.82,9.83,76000,0
2016-03-29,09:25:00,9.83,9.84,9.82,9.84,258000,0
2016-03-29,09:30:00,9.84,9.84,9.83,9.84,140000,0
2016-03-29,09:35:00,9.84,9.84,9.81,9.81,314000,0
2016-03-29,09:40:00,9.81,9.83,9.81,9.83,342000,0
2016-03-29,09:45:00,9.83,9.83,9.81,9.81,298000,0
2016-03-29,09:50:00,9.81,9.82,9.81,9.81,352000,0
2016-03-29,09:55:00,9.81,9.83,9.81,9.83,1122000,0
2016-03-29,10:00:00,9.83,9.83,9.81,9.82,1892000,0
2016-03-30,03:35:00,9.95,9.97,9.91,9.94,348000,0
2016-03-30,03:40:00,9.94,9.98,9.92,9.93,544000,0
2016-03-30,03:45:00,9.93,9.95,9.8,9.8,496000,0
2016-03-30,03:50:00,9.8,9.84,9.71,9.71,382000,0
2016-03-30,03:55:00,9.71,9.73,9.64,9.67,534000,0
2016-03-30,04:00:00,9.67,9.68,9.67,9.68,238000,0
2016-03-30,04:05:00,9.68,9.72,9.68,9.7,282000,0
2016-03-30,04:10:00,9.7,9.7,9.67,9.68,164000,0
2016-03-30,04:15:00,9.68,9.74,9.67,9.74,274000,0
2016-03-30,04:20:00,9.74,9.75,9.73,9.75,260000,0
2016-03-30,04:25:00,9.75,9.78,9.75,9.78,168000,0
2016-03-30,04:30:00,9.78,9.83,9.77,9.82,302000,0
2016-03-30,04:35:00,9.82,9.86,9.77,9.78,510000,0
2016-03-30,04:40:00,9.78,9.8,9.73,9.73,252000,0
2016-03-30,04:45:00,9.73,9.74,9.7,9.7,144000,0
2016-03-30,04:50:00,9.7,9.73,9.7,9.71,438000,0
2016-03-30,04:55:00,9.71,9.73,9.68,9.7,864000,0
2016-03-30,05:00:00,9.7,9.73,9.68,9.71,500000,0
2016-03-30,05:05:00,9.71,9.73,9.68,9.7,394000,0
2016-03-30,05:10:00,9.7,9.72,9.69,9.72,254000,0
2016-03-30,05:15:00,9.72,9.73,9.69,9.69,346000,0
2016-03-30,05:20:00,9.69,9.71,9.68,9.7,222000,0
2016-03-30,05:25:00,9.7,9.71,9.7,9.71,298000,0
2016-03-30,05:30:00,9.71,9.75,9.7,9.73,412000,0
2016-03-30,05:35:00,9.73,9.76,9.71,9.72,285328,0
2016-03-30,05:40:00,9.72,9.75,9.71,9.75,262000,0
2016-03-30,05:45:00,9.75,9.76,9.73,9.76,346000,0
2016-03-30,05:50:00,9.76,9.77,9.74,9.75,154000,0
2016-03-30,05:55:00,9.75,9.76,9.74,9.76,230000,0
2016-03-30,06:00:00,9.76,9.77,9.72,9.73,216000,0
2016-03-30,07:05:00,9.73,9.73,9.7,9.7,196000,0
2016-03-30,07:10:00,9.7,9.72,9.7,9.71,162000,0
2016-03-30,07:15:00,9.71,9.74,9.71,9.74,202000,0
2016-03-30,07:20:00,9.74,9.75,9.73,9.75,126000,0
2016-03-30,07:25:00,9.75,9.77,9.75,9.75,94000,0
2016-03-30,07:30:00,9.75,9.78,9.75,9.76,104000,0
2016-03-30,07:35:00,9.76,9.79,9.76,9.79,146000,0
2016-03-30,07:40:00,9.79,9.81,9.79,9.81,234000,0
2016-03-30,07:45:00,9.81,9.83,9.81,9.83,208800,0
2016-03-30,07:50:00,9.83,9.86,9.83,9.86,154000,0
2016-03-30,07:55:00,9.86,9.87,9.79,9.79,416000,0
2016-03-30,08:00:00,9.79,9.81,9.79,9.8,112000,0
2016-03-30,08:05:00,9.8,9.84,9.8,9.83,286000,0
2016-03-30,08:10:00,9.83,9.85,9.83,9.85,108000,0
2016-03-30,08:15:00,9.85,9.87,9.84,9.86,228000,0
2016-03-30,08:20:00,9.86,9.87,9.86,9.87,212000,0
2016-03-30,08:25:00,9.87,9.89,9.87,9.89,396000,0
2016-03-30,08:30:00,9.89,9.9,9.88,9.9,144000,0
2016-03-30,08:35:00,9.9,9.91,9.89,9.9,468000,0
2016-03-30,08:40:00,9.9,9.91,9.9,9.91,121800,0
2016-03-30,08:45:00,9.91,9.94,9.91,9.94,328000,0
2016-03-30,08:50:00,9.94,9.94,9.93,9.93,144000,0
2016-03-30,08:55:00,9.93,9.94,9.89,9.9,272000,0
2016-03-30,09:00:00,9.9,9.9,9.81,9.81,252000,0
2016-03-30,09:05:00,9.81,9.83,9.81,9.82,134000,0
2016-03-30,09:10:00,9.82,9.83,9.75,9.77,450000,0
2016-03-30,09:15:00,9.77,9.82,9.75,9.81,312000,0
2016-03-30,09:20:00,9.81,9.9,9.81,9.9,314000,0
2016-03-30,09:25:00,9.9,9.92,9.77,9.77,348000,0
2016-03-30,09:30:00,9.77,9.81,9.76,9.81,406000,0
2016-03-30,09:35:00,9.81,9.82,9.8,9.8,494000,0
2016-03-30,09:40:00,9.8,9.81,9.79,9.79,198000,0
2016-03-30,09:45:00,9.79,9.8,9.78,9.8,310000,0
2016-03-30,09:50:00,9.8,9.81,9.75,9.75,462000,0
2016-03-30,09:55:00,9.75,9.81,9.75,9.76,672000,0
2016-03-30,10:00:00,9.76,9.79,9.73,9.76,2522548,0
2016-03-31,03:35:00,9.73,9.83,9.72,9.83,330000,0
2016-03-31,03:40:00,9.83,9.84,9.78,9.79,354000,0
2016-03-31,03:45:00,9.79,9.79,9.71,9.72,188000,0
2016-03-31,03:50:00,9.72,9.73,9.7,9.7,204000,0
2016-03-31,03:55:00,9.7,9.72,9.7,9.72,182000,0
2016-03-31,04:00:00,9.72,9.72,9.71,9.71,196475,0
2016-03-31,04:05:00,9.71,9.72,9.71,9.71,48000,0
2016-03-31,04:10:00,9.71,9.71,9.7,9.7,578000,0
2016-03-31,04:15:00,9.7,9.71,9.7,9.71,110000,0
2016-03-31,04:20:00,9.71,9.71,9.63,9.63,470000,0
2016-03-31,04:25:00,9.63,9.63,9.62,9.62,154000,0
2016-03-31,04:30:00,9.62,9.62,9.6,9.61,240000,0
2016-03-31,04:35:00,9.61,9.61,9.58,9.58,248000,0
2016-03-31,04:40:00,9.58,9.58,9.56,9.58,220000,0
2016-03-31,04:45:00,9.58,9.58,9.56,9.57,140000,0
2016-03-31,04:50:00,9.57,9.58,9.57,9.57,128000,0
2016-03-31,04:55:00,9.57,9.58,9.57,9.57,126000,0
2016-03-31,05:00:00,9.57,9.58,9.56,9.57,198000,0
2016-03-31,05:05:00,9.57,9.58,9.56,9.57,38000,0
2016-03-31,05:10:00,9.56,9.63,9.56,9.62,270000,0
2016-03-31,05:15:00,9.62,9.62,9.6,9.61,64000,0
2016-03-31,05:20:00,9.61,9.65,9.61,9.65,244000,0
2016-03-31,05:25:00,9.65,9.65,9.64,9.64,44000,0
2016-03-31,05:30:00,9.64,9.66,9.64,9.66,128000,0
2016-03-31,05:35:00,9.66,9.66,9.65,9.65,22000,0
2016-03-31,05:40:00,9.65,9.66,9.65,9.65,100000,0
2016-03-31,05:45:00,9.65,9.72,9.65,9.72,238000,0
2016-03-31,05:50:00,9.72,9.73,9.71,9.72,80000,0
2016-03-31,05:55:00,9.72,9.73,9.72,9.72,68000,0
2016-03-31,06:00:00,9.72,9.73,9.72,9.72,80000,0
2016-03-31,07:05:00,9.72,9.72,9.68,9.68,182000,0
2016-03-31,07:10:00,9.68,9.68,9.67,9.67,100000,0
2016-03-31,07:15:00,9.67,9.68,9.67,9.67,108000,0
2016-03-31,07:20:00,9.67,9.68,9.67,9.67,130000,0
2016-03-31,07:25:00,9.67,9.69,9.67,9.69,160000,0
2016-03-31,07:30:00,9.69,9.71,9.69,9.7,86000,0
2016-03-31,07:35:00,9.7,9.71,9.69,9.69,96000,0
2016-03-31,07:40:00,9.69,9.69,9.68,9.68,94000,0
2016-03-31,07:45:00,9.68,9.68,9.68,9.68,20000,0
2016-03-31,07:50:00,9.68,9.68,9.68,9.68,56000,0
2016-03-31,07:55:00,9.68,9.68,9.66,9.68,304000,0
2016-03-31,08:00:00,9.68,9.68,9.67,9.67,36000,0
2016-03-31,08:05:00,9.67,9.68,9.67,9.67,54000,0
2016-03-31,08:10:00,9.67,9.68,9.67,9.67,204000,0
2016-03-31,08:15:00,9.67,9.69,9.66,9.68,152000,0
2016-03-31,08:20:00,9.68,9.68,9.68,9.68,72000,0
2016-03-31,08:25:00,9.68,9.69,9.68,9.68,140000,0
2016-03-31,08:30:00,9.68,9.69,9.68,9.68,70000,0
2016-03-31,08:35:00,9.68,9.69,9.68,9.68,36000,0
2016-03-31,08:40:00,9.68,9.68,9.68,9.68,40000,0
2016-03-31,08:45:00,9.68,9.68,9.66,9.67,336000,0
2016-03-31,08:50:00,9.67,9.67,9.66,9.66,87974,0
2016-03-31,08:55:00,9.66,9.7,9.66,9.69,106000,0
2016-03-31,09:00:00,9.69,9.69,9.69,9.69,34000,0
2016-03-31,09:05:00,9.69,9.69,9.64,9.64,196000,0
2016-03-31,09:10:00,9.64,9.64,9.64,9.64,182000,0
2016-03-31,09:15:00,9.64,9.67,9.64,9.67,372000,0
2016-03-31,09:20:00,9.67,9.67,9.66,9.67,146000,0
2016-03-31,09:25:00,9.67,9.67,9.64,9.65,282000,0
2016-03-31,09:30:00,9.65,9.66,9.65,9.66,192000,0
2016-03-31,09:35:00,9.66,9.66,9.65,9.65,172000,0
2016-03-31,09:40:00,9.65,9.66,9.65,9.65,212000,0
2016-03-31,09:45:00,9.65,9.65,9.64,9.65,570000,0
2016-03-31,09:50:00,9.65,9.67,9.65,9.67,334000,0
2016-03-31,09:55:00,9.67,9.67,9.66,9.67,472000,0
2016-03-31,10:00:00,9.67,9.72,9.66,9.68,4583142,0
2016-04-01,03:35:00,9.67,9.68,9.55,9.56,760000,0
2016-04-01,03:40:00,9.56,9.56,9.55,9.55,142000,0
2016-04-01,03:45:00,9.55,9.56,9.51,9.52,258000,0
2016-04-01,03:50:00,9.52,9.53,9.51,9.52,432000,0
2016-04-01,03:55:00,9.52,9.52,9.5,9.51,154000,0
2016-04-01,04:00:00,9.51,9.52,9.42,9.5,746000,0
2016-04-01,04:05:00,9.5,9.5,9.46,9.46,82000,0
2016-04-01,04:10:00,9.46,9.46,9.44,9.45,162000,0
2016-04-01,04:15:00,9.45,9.47,9.45,9.47,170000,0
2016-04-01,04:20:00,9.47,9.48,9.45,9.45,124000,0
2016-04-01,04:25:00,9.45,9.46,9.44,9.44,66000,0
2016-04-01,04:30:00,9.44,9.44,9.43,9.43,70000,0
2016-04-01,04:35:00,9.43,9.43,9.37,9.38,362000,0
2016-04-01,04:40:00,9.37,9.42,9.36,9.4,154000,0
2016-04-01,04:45:00,9.4,9.41,9.39,9.41,102000,0
2016-04-01,04:50:00,9.41,9.43,9.41,9.43,114000,0
2016-04-01,04:55:00,9.43,9.43,9.42,9.42,62000,0
2016-04-01,05:00:00,9.42,9.42,9.38,9.39,96000,0
2016-04-01,05:05:00,9.39,9.39,9.38,9.38,50000,0
2016-04-01,05:10:00,9.37,9.38,9.37,9.38,6000,0
2016-04-01,05:20:00,9.37,9.38,9.37,9.38,36000,0
2016-04-01,05:40:00,9.37,9.38,9.37,9.38,14000,0
2016-04-01,05:45:00,9.37,9.38,9.37,9.38,4000,0
2016-04-01,06:00:00,9.37,9.38,9.37,9.38,56000,0
2016-04-01,08:00:00,9.37,9.38,9.37,9.38,20000,0
2016-04-01,08:25:00,9.37,9.39,9.37,9.38,174000,0
2016-04-01,08:30:00,9.38,9.39,9.38,9.39,62000,0
2016-04-01,08:35:00,9.39,9.39,9.37,9.38,58000,0
2016-04-01,08:40:00,9.37,9.39,9.37,9.39,192000,0
2016-04-01,08:45:00,9.39,9.41,9.38,9.4,144000,0
2016-04-01,08:50:00,9.4,9.4,9.38,9.38,40000,0
2016-04-01,08:55:00,9.38,9.39,9.38,9.39,140000,0
2016-04-01,09:00:00,9.39,9.39,9.38,9.38,64000,0
2016-04-01,09:05:00,9.38,9.39,9.38,9.38,112000,0
2016-04-01,09:10:00,9.38,9.39,9.38,9.38,254000,0
2016-04-01,09:15:00,9.38,9.4,9.38,9.39,192000,0
2016-04-01,09:20:00,9.39,9.4,9.38,9.39,564000,0
2016-04-01,09:25:00,9.39,9.4,9.38,9.39,196000,0
2016-04-01,09:30:00,9.39,9.39,9.38,9.39,196000,0
2016-04-01,09:35:00,9.39,9.4,9.39,9.39,110000,0
2016-04-01,09:40:00,9.39,9.41,9.39,9.4,264000,0
2016-04-01,09:45:00,9.4,9.42,9.4,9.42,200000,0
2016-04-01,09:50:00,9.42,9.45,9.41,9.43,376000,0
2016-04-01,09:55:00,9.43,9.47,9.42,9.43,722000,0
2016-04-01,10:00:00,9.43,9.43,9.39,9.41,2112000,0
2016-04-05,03:35:00,9.36,9.36,9.16,9.18,734000,0
2016-04-05,03:40:00,9.18,9.22,9.16,9.22,728000,0
2016-04-05,03:45:00,9.22,9.23,9.21,9.21,298000,0
2016-04-05,03:50:00,9.21,9.22,9.18,9.19,410000,0
2016-04-05,03:55:00,9.19,9.21,9.18,9.2,599633,0
2016-04-05,04:00:00,9.2,9.2,9.18,9.18,206000,0
2016-04-05,04:05:00,9.18,9.2,9.18,9.19,230000,0
2016-04-05,04:10:00,9.19,9.19,9.17,9.17,380000,0
2016-04-05,04:15:00,9.17,9.18,9.17,9.18,218000,0
2016-04-05,04:20:00,9.18,9.18,9.17,9.17,114000,0
2016-04-05,04:25:00,9.17,9.19,9.17,9.18,214000,0
2016-04-05,04:30:00,9.18,9.19,9.18,9.18,258000,0
2016-04-05,04:35:00,9.18,9.19,9.17,9.18,348000,0
2016-04-05,04:40:00,9.18,9.19,9.16,9.17,292000,0
2016-04-05,04:45:00,9.17,9.17,9.12,9.12,491822,0
2016-04-05,04:50:00,9.12,9.12,9.11,9.11,92000,0
2016-04-05,04:55:00,9.11,9.12,9.11,9.12,34000,0
2016-04-05,05:00:00,9.07,9.09,9.07,9.08,154000,0
2016-04-05,05:05:00,9.08,9.12,9.08,9.11,414000,0
2016-04-05,05:10:00,9.11,9.11,9.1,9.11,86000,0
2016-04-05,05:15:00,9.11,9.14,9.1,9.14,330000,0
2016-04-05,05:20:00,9.14,9.15,9.13,9.14,204000,0
2016-04-05,05:25:00,9.14,9.15,9.13,9.13,126000,0
2016-04-05,05:30:00,9.13,9.15,9.13,9.14,188000,0
2016-04-05,05:35:00,9.14,9.16,9.14,9.16,166000,0
2016-04-05,05:40:00,9.16,9.18,9.15,9.18,198000,0
2016-04-05,05:45:00,9.18,9.19,9.18,9.19,46000,0
2016-04-05,05:50:00,9.19,9.19,9.17,9.17,74000,0
2016-04-05,05:55:00,9.17,9.18,9.17,9.17,82000,0
2016-04-05,06:00:00,9.17,9.2,9.17,9.18,226000,0
2016-04-05,07:05:00,9.18,9.19,9.17,9.17,200000,0
2016-04-05,07:10:00,9.17,9.18,9.16,9.16,134000,0
2016-04-05,07:15:00,9.16,9.16,9.14,9.14,104000,0
2016-04-05,07:20:00,9.14,9.15,9.14,9.14,106000,0
2016-04-05,07:25:00,9.14,9.15,9.12,9.12,220000,0
2016-04-05,07:30:00,9.12,9.17,9.12,9.17,370000,0
2016-04-05,07:35:00,9.17,9.18,9.16,9.17,186000,0
2016-04-05,07:40:00,9.17,9.18,9.16,9.16,108000,0
2016-04-05,07:45:00,9.16,9.17,9.16,9.16,80000,0
2016-04-05,07:50:00,9.16,9.18,9.16,9.18,160000,0
2016-04-05,07:55:00,9.18,9.18,9.17,9.18,74000,0
2016-04-05,08:00:00,9.18,9.18,9.17,9.17,126000,0
2016-04-05,08:05:00,9.17,9.18,9.16,9.16,158000,0
2016-04-05,08:10:00,9.16,9.17,9.16,9.17,86000,0
2016-04-05,08:15:00,9.17,9.17,9.15,9.15,120000,0
2016-04-05,08:20:00,9.15,9.16,9.15,9.15,70000,0
2016-04-05,08:25:00,9.15,9.16,9.14,9.15,590000,0
2016-04-05,08:30:00,9.15,9.16,9.14,9.15,174000,0
2016-04-05,08:35:00,9.15,9.16,9.15,9.15,266000,0
2016-04-05,08:40:00,9.15,9.16,9.14,9.16,188000,0
2016-04-05,08:45:00,9.16,9.17,9.16,9.17,70000,0
2016-04-05,08:50:00,9.17,9.17,9.16,9.16,90000,0
2016-04-05,08:55:00,9.16,9.17,9.16,9.17,88000,0
2016-04-05,09:00:00,9.17,9.17,9.16,9.16,104000,0
2016-04-05,09:05:00,9.16,9.17,9.16,9.16,406000,0
2016-04-05,09:10:00,9.16,9.17,9.15,9.16,410000,0
2016-04-05,09:15:00,9.16,9.17,9.16,9.16,130000,0
2016-04-05,09:20:00,9.16,9.18,9.15,9.15,642000,0
2016-04-05,09:25:00,9.15,9.15,9.14,9.14,78000,0
2016-04-05,09:30:00,9.14,9.15,9.14,9.14,94000,0
2016-04-05,09:35:00,9.14,9.15,9.14,9.15,424000,0
2016-04-05,09:40:00,9.15,9.15,9.12,9.13,504000,0
2016-04-05,09:45:00,9.13,9.13,9.12,9.12,158000,0
2016-04-05,09:50:00,9.12,9.15,9.12,9.14,532000,0
2016-04-05,09:55:00,9.14,9.16,9.13,9.16,702000,0
2016-04-05,10:00:00,9.16,9.18,9.12,9.13,1298000,0
2016-04-06,03:35:00,9.1,9.14,9.1,9.14,176000,0
2016-04-06,03:40:00,9.14,9.18,9.14,9.15,429300,0
2016-04-06,03:45:00,9.15,9.15,9.12,9.13,380000,0
2016-04-06,03:50:00,9.13,9.14,9.13,9.13,86000,0
2016-04-06,03:55:00,9.13,9.16,9.13,9.15,254000,0
2016-04-06,04:00:00,9.15,9.17,9.15,9.16,148000,0
2016-04-06,04:05:00,9.16,9.16,9.14,9.15,120000,0
2016-04-06,04:10:00,9.15,9.16,9.14,9.14,72000,0
2016-04-06,04:15:00,9.14,9.15,9.14,9.15,110000,0
2016-04-06,04:20:00,9.15,9.16,9.14,9.14,166000,0
2016-04-06,04:25:00,9.14,9.14,9.13,9.13,42000,0
2016-04-06,04:30:00,9.13,9.14,9.13,9.14,42000,0
2016-04-06,04:35:00,9.14,9.14,9.13,9.13,76000,0
2016-04-06,04:40:00,9.13,9.14,9.13,9.14,174000,0
2016-04-06,04:45:00,9.14,9.14,9.13,9.13,26000,0
2016-04-06,04:50:00,9.13,9.14,9.04,9.06,844000,0
2016-04-06,04:55:00,9.06,9.09,9.06,9.07,226000,0
2016-04-06,05:00:00,9.07,9.08,9.07,9.07,44667,0
2016-04-06,05:05:00,9.07,9.08,9.06,9.07,136000,0
2016-04-06,05:10:00,9.07,9.08,9.06,9.08,124000,0
2016-04-06,05:15:00,9.08,9.12,9.08,9.12,162000,0
2016-04-06,05:20:00,9.12,9.13,9.12,9.13,84000,0
2016-04-06,05:25:00,9.13,9.13,9.11,9.13,146000,0
2016-04-06,05:30:00,9.13,9.13,9.09,9.1,68000,0
2016-04-06,05:35:00,9.1,9.11,9.09,9.11,88000,0
2016-04-06,05:40:00,9.11,9.11,9.09,9.09,28000,0
2016-04-06,05:45:00,9.09,9.1,9.09,9.1,126000,0
2016-04-06,05:50:00,9.1,9.11,9.1,9.11,62000,0
2016-04-06,05:55:00,9.11,9.11,9.1,9.11,52000,0
2016-04-06,06:00:00,9.11,9.11,9.1,9.11,130000,0
2016-04-06,07:05:00,9.11,9.11,9.07,9.08,316000,0
2016-04-06,07:10:00,9.08,9.08,9.07,9.07,94000,0
2016-04-06,07:15:00,9.07,9.08,9.07,9.08,90000,0
2016-04-06,07:20:00,9.08,9.09,9.07,9.07,514000,0
2016-04-06,07:25:00,9.07,9.08,9.06,9.06,122000,0
2016-04-06,07:30:00,9.06,9.07,9.06,9.07,174000,0
2016-04-06,07:35:00,9.07,9.07,9.05,9.05,122000,0
2016-04-06,07:40:00,9.05,9.05,9.04,9.04,170000,0
2016-04-06,07:45:00,9.04,9.05,9.04,9.04,192000,0
2016-04-06,07:50:00,9.04,9.05,9.04,9.04,88000,0
2016-04-06,07:55:00,9.04,9.05,9.04,9.04,88000,0
2016-04-06,08:00:00,9.04,9.05,9.04,9.04,168400,0
2016-04-06,08:05:00,9.04,9.05,9.04,9.04,78000,0
2016-04-06,08:10:00,9.04,9.05,9.04,9.04,132000,0
2016-04-06,08:15:00,9.04,9.06,9.04,9.06,558000,0
2016-04-06,08:20:00,9.06,9.07,9.05,9.05,176000,0
2016-04-06,08:25:00,9.05,9.07,9.05,9.07,320000,0
2016-04-06,08:30:00,9.07,9.08,9.06,9.06,92000,0
2016-04-06,08:35:00,9.06,9.07,9.06,9.07,20000,0
2016-04-06,08:40:00,9.07,9.07,9.06,9.06,288000,0
2016-04-06,08:45:00,9.06,9.07,9.06,9.07,84000,0
2016-04-06,08:50:00,9.07,9.07,9.06,9.06,44000,0
2016-04-06,08:55:00,9.06,9.07,9.06,9.06,84000,0
2016-04-06,09:00:00,9.06,9.07,9.06,9.06,120000,0
2016-04-06,09:05:00,9.06,9.07,9.04,9.04,814000,0
2016-04-06,09:10:00,9.04,9.05,9.04,9.04,116000,0
2016-04-06,09:15:00,9.04,9.05,9.04,9.05,93000,0
2016-04-06,09:20:00,9.05,9.05,9.04,9.05,188000,0
2016-04-06,09:25:00,9.05,9.05,9.04,9.04,378000,0
2016-04-06,09:30:00,9.04,9.05,9.04,9.05,138000,0
2016-04-06,09:35:00,9.05,9.05,9.04,9.05,246000,0
2016-04-06,09:40:00,9.05,9.06,9.04,9.06,386000,0
2016-04-06,09:45:00,9.06,9.06,9.04,9.05,314000,0
2016-04-06,09:50:00,9.05,9.06,9.04,9.05,150000,0
2016-04-06,09:55:00,9.05,9.05,9.04,9.04,750000,0
2016-04-06,10:00:00,9.04,9.05,9.01,9.02,2408000,0
2016-04-07,03:35:00,9.18,9.19,9.14,9.16,398000,0
2016-04-07,03:40:00,9.16,9.16,9.1,9.11,226000,0
2016-04-07,03:45:00,9.11,9.12,9.11,9.12,62000,0
2016-04-07,03:50:00,9.12,9.14,9.12,9.14,108000,0
2016-04-07,03:55:00,9.14,9.14,9.11,9.13,247400,0
2016-04-07,04:00:00,9.13,9.13,9.09,9.09,226000,0
2016-04-07,04:05:00,9.09,9.1,9.07,9.09,220000,0
2016-04-07,04:10:00,9.09,9.1,9.08,9.1,158000,0
2016-04-07,04:15:00,9.1,9.1,9.08,9.1,74000,0
2016-04-07,04:20:00,9.1,9.11,9.1,9.1,126000,0
2016-04-07,04:25:00,9.1,9.11,9.1,9.11,34000,0
2016-04-07,04:30:00,9.11,9.11,9.1,9.11,96000,0
2016-04-07,04:35:00,9.11,9.11,9.1,9.1,138000,0
2016-04-07,04:40:00,9.1,9.11,9.1,9.1,84000,0
2016-04-07,04:45:00,9.1,9.1,9.06,9.06,358000,0
2016-04-07,04:50:00,9.06,9.07,9.06,9.07,52000,0
2016-04-07,04:55:00,9.07,9.07,9.06,9.06,102000,0
2016-04-07,05:00:00,9.06,9.07,9.06,9.06,88000,0
2016-04-07,05:05:00,9.06,9.08,9.06,9.08,170000,0
2016-04-07,05:10:00,9.08,9.09,9.07,9.09,126000,0
2016-04-07,05:15:00,9.09,9.1,9.09,9.1,50000,0
2016-04-07,05:20:00,9.1,9.1,9.09,9.1,54000,0
2016-04-07,05:25:00,9.1,9.1,9.09,9.1,74000,0
2016-04-07,05:30:00,9.1,9.11,9.09,9.11,106000,0
2016-04-07,05:35:00,9.11,9.12,9.11,9.12,96000,0
2016-04-07,05:40:00,9.12,9.14,9.11,9.14,180000,0
2016-04-07,05:45:00,9.14,9.14,9.12,9.12,132000,0
2016-04-07,05:50:00,9.12,9.13,9.12,9.13,32000,0
2016-04-07,05:55:00,9.13,9.13,9.12,9.13,78000,0
2016-04-07,06:00:00,9.13,9.14,9.12,9.13,88000,0
2016-04-07,07:05:00,9.13,9.13,9.1,9.1,176000,0
2016-04-07,07:10:00,9.1,9.13,9.1,9.12,190000,0
2016-04-07,07:15:00,9.12,9.12,9.11,9.11,16000,0
2016-04-07,07:20:00,9.11,9.12,9.1,9.1,224000,0
2016-04-07,07:25:00,9.1,9.1,9.08,9.09,62000,0
2016-04-07,07:30:00,9.09,9.1,9.08,9.1,158000,0
2016-04-07,07:35:00,9.1,9.1,9.09,9.1,84000,0
2016-04-07,07:40:00,9.1,9.11,9.1,9.11,186000,0
2016-04-07,07:45:00,9.11,9.12,9.11,9.11,142000,0
2016-04-07,07:50:00,9.11,9.13,9.11,9.12,100000,0
2016-04-07,07:55:00,9.12,9.13,9.12,9.13,28000,0
2016-04-07,08:00:00,9.13,9.14,9.13,9.13,156000,0
2016-04-07,08:05:00,9.13,9.17,9.13,9.16,380000,0
2016-04-07,08:10:00,9.16,9.16,9.14,9.14,214000,0
2016-04-07,08:15:00,9.14,9.15,9.14,9.15,60000,0
2016-04-07,08:20:00,9.15,9.15,9.14,9.14,22540,0
2016-04-07,08:25:00,9.14,9.15,9.14,9.14,86000,0
2016-04-07,08:30:00,9.14,9.15,9.14,9.14,70000,0
2016-04-07,08:35:00,9.14,9.15,9.14,9.14,140000,0
2016-04-07,08:40:00,9.14,9.15,9.14,9.14,70000,0
2016-04-07,08:45:00,9.14,9.15,9.13,9.13,216000,0
2016-04-07,08:50:00,9.13,9.13,9.1,9.1,126000,0
2016-04-07,08:55:00,9.1,9.11,9.09,9.09,142000,0
2016-04-07,09:00:00,9.09,9.09,9.08,9.09,48000,0
2016-04-07,09:05:00,9.09,9.09,9.05,9.05,220000,0
2016-04-07,09:10:00,9.05,9.05,9.04,9.04,78000,0
2016-04-07,09:15:00,9.04,9.05,9.03,9.03,206000,0
2016-04-07,09:20:00,9.03,9.04,9.03,9.03,90000,0
2016-04-07,09:25:00,9.03,9.04,9.03,9.03,90000,0
2016-04-07,09:30:00,9.03,9.04,9.02,9.03,164000,0
2016-04-07,09:35:00,9.03,9.03,9.01,9.03,388000,0
2016-04-07,09:40:00,9.03,9.03,9.02,9.02,164000,0
2016-04-07,09:45:00,9.02,9.03,9.02,9.02,48000,0
2016-04-07,09:50:00,9.02,9.03,9.02,9.02,232000,0
2016-04-07,09:55:00,9.02,9.03,9.02,9.02,298000,0
2016-04-07,10:00:00,9.02,9.03,9.02,9.02,128000,0
2016-04-08,03:35:00,8.76,8.81,8.76,8.81,384000,0
2016-04-08,03:40:00,8.81,8.82,8.79,8.79,212000,0
2016-04-08,03:45:00,8.79,8.81,8.79,8.81,324000,0
2016-04-08,03:50:00,8.81,8.83,8.8,8.83,268000,0
2016-04-08,03:55:00,8.83,8.83,8.81,8.81,98000,0
2016-04-08,04:00:00,8.81,8.83,8.81,8.83,90000,0
2016-04-08,04:05:00,8.83,8.83,8.82,8.83,194000,0
2016-04-08,04:10:00,8.83,8.83,8.82,8.83,152000,0
2016-04-08,04:15:00,8.83,8.83,8.81,8.82,276000,0
2016-04-08,04:20:00,8.82,8.82,8.8,8.8,232000,0
2016-04-08,04:25:00,8.8,8.82,8.8,8.81,170000,0
2016-04-08,04:30:00,8.81,8.82,8.8,8.81,122000,0
2016-04-08,04:35:00,8.81,8.83,8.81,8.83,246000,0
2016-04-08,04:40:00,8.83,8.84,8.82,8.84,98000,0
2016-04-08,04:45:00,8.84,8.86,8.84,8.85,194000,0
2016-04-08,04:50:00,8.85,8.86,8.85,8.85,86000,0
2016-04-08,04:55:00,8.85,8.85,8.84,8.85,96000,0
2016-04-08,05:00:00,8.85,8.85,8.84,8.85,58000,0
2016-04-08,05:05:00,8.85,8.85,8.81,8.81,394000,0
2016-04-08,05:10:00,8.81,8.81,8.8,8.8,48000,0
2016-04-08,05:15:00,8.8,8.81,8.8,8.81,114000,0
2016-04-08,05:20:00,8.81,8.81,8.8,8.81,92000,0
2016-04-08,05:25:00,8.81,8.81,8.8,8.81,94000,0
2016-04-08,05:30:00,8.81,8.82,8.81,8.81,110000,0
2016-04-08,05:35:00,8.81,8.82,8.8,8.81,176000,0
2016-04-08,05:40:00,8.81,8.82,8.8,8.81,58000,0
2016-04-08,05:45:00,8.81,8.82,8.8,8.81,234000,0
2016-04-08,05:50:00,8.81,8.83,8.81,8.83,240000,0
2016-04-08,05:55:00,8.83,8.83,8.83,8.83,36000,0
2016-04-08,06:00:00,8.83,8.83,8.82,8.82,138000,0
2016-04-08,07:05:00,8.82,8.86,8.82,8.86,242000,0
2016-04-08,07:10:00,8.86,8.88,8.86,8.88,82000,0
2016-04-08,07:15:00,8.88,8.9,8.87,8.9,240000,0
2016-04-08,07:20:00,8.9,8.9,8.89,8.89,156000,0
2016-04-08,07:25:00,8.89,8.9,8.89,8.9,58000,0
2016-04-08,07:30:00,8.9,8.91,8.9,8.91,26000,0
2016-04-08,07:35:00,8.91,8.91,8.9,8.9,140000,0
2016-04-08,07:40:00,8.9,8.9,8.9,8.9,14000,0
2016-04-08,07:45:00,8.9,8.9,8.86,8.88,400000,0
2016-04-08,07:50:00,8.88,8.88,8.87,8.87,30000,0
2016-04-08,07:55:00,8.87,8.88,8.86,8.88,294000,0
2016-04-08,08:00:00,8.88,8.89,8.87,8.87,108000,0
2016-04-08,08:05:00,8.87,8.87,8.82,8.82,502000,0
2016-04-08,08:10:00,8.82,8.84,8.82,8.84,196000,0
2016-04-08,08:15:00,8.84,8.84,8.83,8.83,176000,0
2016-04-08,08:20:00,8.83,8.84,8.83,8.83,310000,0
2016-04-08,08:25:00,8.83,8.84,8.83,8.83,58000,0
2016-04-08,08:30:00,8.83,8.83,8.82,8.83,94000,0
2016-04-08,08:35:00,8.83,8.83,8.82,8.82,68000,0
2016-04-08,08:40:00,8.82,8.83,8.82,8.82,160000,0
2016-04-08,08:45:00,8.82,8.84,8.82,8.84,364000,0
2016-04-08,08:50:00,8.84,8.85,8.84,8.85,192000,0
2016-04-08,08:55:00,8.85,8.85,8.83,8.83,124000,0
2016-04-08,09:00:00,8.83,8.84,8.83,8.84,176713,0
2016-04-08,09:05:00,8.84,8.87,8.83,8.87,418000,0
2016-04-08,09:10:00,8.87,8.89,8.87,8.88,66000,0
2016-04-08,09:15:00,8.88,8.9,8.88,8.9,194000,0
2016-04-08,09:20:00,8.9,8.93,8.88,8.92,356000,0
2016-04-08,09:25:00,8.92,8.96,8.92,8.95,562000,0
2016-04-08,09:30:00,8.95,8.95,8.9,8.91,254000,0
2016-04-08,09:35:00,8.91,8.91,8.88,8.88,154000,0
2016-04-08,09:40:00,8.88,8.89,8.87,8.88,264000,0
2016-04-08,09:45:00,8.88,8.91,8.88,8.91,440000,0
2016-04-08,09:50:00,8.91,8.93,8.91,8.91,312000,0
2016-04-08,09:55:00,8.91,8.93,8.88,8.89,1008000,0
2016-04-08,10:00:00,8.89,8.93,8.88,8.9,2064000,0
2016-04-11,03:35:00,8.78,8.99,8.78,8.99,318000,0
2016-04-11,03:40:00,8.99,9.04,8.98,9.04,242000,0
2016-04-11,03:45:00,9.04,9.04,8.99,8.99,192000,0
2016-04-11,03:50:00,8.99,9,8.99,9,90000,0
2016-04-11,03:55:00,9,9.07,8.99,9.07,232000,0
2016-04-11,04:00:00,9.07,9.08,9.05,9.07,66000,0
2016-04-11,04:05:00,9.07,9.09,9.07,9.08,44000,0
2016-04-11,04:10:00,9.08,9.08,9.04,9.04,182000,0
2016-04-11,04:15:00,9.04,9.07,9.03,9.07,180000,0
2016-04-11,04:20:00,9.07,9.08,9.06,9.08,100000,0
2016-04-11,04:25:00,9.08,9.1,9.07,9.07,90000,0
2016-04-11,04:30:00,9.07,9.07,9.06,9.06,22000,0
2016-04-11,04:35:00,9.06,9.09,9.06,9.09,100000,0
2016-04-11,04:40:00,9.09,9.1,9.09,9.1,122000,0
2016-04-11,04:45:00,9.1,9.17,9.1,9.16,602000,0
2016-04-11,04:50:00,9.16,9.16,9.15,9.15,16380,0
2016-04-11,04:55:00,9.15,9.2,9.15,9.19,316000,0
2016-04-11,05:00:00,9.19,9.23,9.19,9.23,266000,0
2016-04-11,05:05:00,9.23,9.24,9.21,9.23,146000,0
2016-04-11,05:10:00,9.23,9.23,9.2,9.2,144000,0
2016-04-11,05:15:00,9.2,9.21,9.2,9.21,118000,0
2016-04-11,05:20:00,9.21,9.22,9.2,9.2,156000,0
2016-04-11,05:25:00,9.2,9.22,9.2,9.22,58000,0
2016-04-11,05:30:00,9.22,9.23,9.22,9.23,77700,0
2016-04-11,05:35:00,9.23,9.25,9.23,9.24,136000,0
2016-04-11,05:40:00,9.24,9.24,9.23,9.23,88000,0
2016-04-11,05:45:00,9.23,9.23,9.2,9.2,128000,0
2016-04-11,05:50:00,9.2,9.22,9.2,9.22,104000,0
2016-04-11,05:55:00,9.22,9.25,9.22,9.24,48000,0
2016-04-11,06:00:00,9.24,9.25,9.24,9.25,70000,0
2016-04-11,07:05:00,9.25,9.27,9.24,9.27,226000,0
2016-04-11,07:10:00,9.27,9.28,9.27,9.27,122000,0
2016-04-11,07:15:00,9.27,9.28,9.27,9.28,90000,0
2016-04-11,07:20:00,9.28,9.31,9.28,9.31,164000,0
2016-04-11,07:25:00,9.31,9.31,9.28,9.28,294000,0
2016-04-11,07:30:00,9.28,9.29,9.28,9.28,48000,0
2016-04-11,07:35:00,9.28,9.29,9.27,9.27,184000,0
2016-04-11,07:40:00,9.27,9.27,9.26,9.27,116000,0
2016-04-11,07:45:00,9.27,9.27,9.23,9.23,268000,0
2016-04-11,07:50:00,9.23,9.24,9.23,9.23,34000,0
2016-04-11,07:55:00,9.23,9.24,9.23,9.23,68000,0
2016-04-11,08:00:00,9.23,9.26,9.23,9.26,176000,0
2016-04-11,08:05:00,9.26,9.3,9.26,9.28,154000,0
2016-04-11,08:10:00,9.28,9.28,9.27,9.27,170000,0
2016-04-11,08:15:00,9.27,9.28,9.27,9.28,170000,0
2016-04-11,08:20:00,9.28,9.28,9.27,9.28,122000,0
2016-04-11,08:25:00,9.28,9.3,9.28,9.3,100000,0
2016-04-11,08:30:00,9.3,9.3,9.29,9.29,74000,0
2016-04-11,08:35:00,9.29,9.31,9.28,9.28,296000,0
2016-04-11,08:40:00,9.28,9.28,9.27,9.27,128000,0
2016-04-11,08:45:00,9.27,9.28,9.26,9.28,176000,0
2016-04-11,08:50:00,9.28,9.3,9.28,9.29,246000,0
2016-04-11,08:55:00,9.29,9.29,9.28,9.28,168000,0
2016-04-11,09:00:00,9.28,9.28,9.27,9.27,108000,0
2016-04-11,09:05:00,9.27,9.27,9.26,9.26,80000,0
2016-04-11,09:10:00,9.26,9.27,9.25,9.25,170000,0
2016-04-11,09:15:00,9.25,9.27,9.25,9.26,307990,0
2016-04-11,09:20:00,9.26,9.26,9.25,9.26,138000,0
2016-04-11,09:25:00,9.26,9.28,9.25,9.27,284000,0
2016-04-11,09:30:00,9.27,9.28,9.27,9.28,200000,0
2016-04-11,09:35:00,9.28,9.29,9.27,9.27,146000,0
2016-04-11,09:40:00,9.27,9.28,9.27,9.27,126000,0
2016-04-11,09:45:00,9.27,9.29,9.27,9.28,136000,0
2016-04-11,09:50:00,9.28,9.32,9.28,9.32,568000,0
2016-04-11,09:55:00,9.32,9.33,9.31,9.33,568000,0
2016-04-11,10:00:00,9.33,9.34,9.3,9.31,1670000,0
2016-04-12,03:35:00,9.23,9.28,9.23,9.28,422000,0
2016-04-12,03:40:00,9.28,9.28,9.22,9.22,312000,0
2016-04-12,03:45:00,9.22,9.22,9.14,9.2,780000,0
2016-04-12,03:50:00,9.2,9.2,9.13,9.14,180000,0
2016-04-12,03:55:00,9.14,9.14,9.12,9.12,158000,0
2016-04-12,04:00:00,9.12,9.13,9.11,9.12,264000,0
2016-04-12,04:05:00,9.12,9.15,9.12,9.15,359000,0
2016-04-12,04:10:00,9.15,9.15,9.14,9.15,248000,0
2016-04-12,04:15:00,9.15,9.16,9.14,9.15,264000,0
2016-04-12,04:20:00,9.15,9.17,9.15,9.17,224000,0
2016-04-12,04:25:00,9.17,9.18,9.17,9.17,20000,0
2016-04-12,04:30:00,9.17,9.19,9.17,9.19,260000,0
2016-04-12,04:35:00,9.19,9.19,9.17,9.17,244000,0
2016-04-12,04:40:00,9.17,9.18,9.17,9.18,146000,0
2016-04-12,04:45:00,9.18,9.18,9.17,9.17,134000,0
2016-04-12,04:50:00,9.17,9.17,9.14,9.16,484058,0
2016-04-12,04:55:00,9.16,9.16,9.15,9.15,58000,0
2016-04-12,05:00:00,9.15,9.17,9.15,9.16,256000,0
2016-04-12,05:05:00,9.16,9.17,9.16,9.16,90000,0
2016-04-12,05:10:00,9.16,9.17,9.16,9.16,48000,0
2016-04-12,05:15:00,9.16,9.17,9.14,9.14,460000,0
2016-04-12,05:20:00,9.14,9.14,9.1,9.1,476000,0
2016-04-12,05:25:00,9.1,9.12,9.1,9.11,194000,0
2016-04-12,05:30:00,9.11,9.14,9.11,9.13,248129,0
2016-04-12,05:35:00,9.13,9.14,9.13,9.13,36000,0
2016-04-12,05:40:00,9.13,9.15,9.13,9.15,144000,0
2016-04-12,05:45:00,9.15,9.15,9.14,9.15,68000,0
2016-04-12,05:50:00,9.15,9.15,9.14,9.14,154000,0
2016-04-12,05:55:00,9.14,9.15,9.11,9.11,134000,0
2016-04-12,06:00:00,9.11,9.12,9.1,9.11,92000,0
2016-04-12,07:05:00,9.11,9.13,9.11,9.12,158000,0
2016-04-12,07:10:00,9.12,9.13,9.12,9.12,43300,0
2016-04-12,07:15:00,9.12,9.13,9.12,9.12,216000,0
2016-04-12,07:20:00,9.12,9.13,9.12,9.12,84000,0
2016-04-12,07:25:00,9.12,9.12,9.1,9.1,124000,0
2016-04-12,07:30:00,9.1,9.1,9.06,9.08,384645,0
2016-04-12,07:35:00,9.08,9.1,9.07,9.1,192000,0
2016-04-12,07:40:00,9.1,9.12,9.1,9.11,144000,0
2016-04-12,07:45:00,9.11,9.14,9.1,9.14,180000,0
2016-04-12,07:50:00,9.14,9.15,9.13,9.15,154000,0
2016-04-12,07:55:00,9.15,9.15,9.1,9.11,266000,0
2016-04-12,08:00:00,9.11,9.12,9.1,9.11,180000,0
2016-04-12,08:05:00,9.11,9.11,9.08,9.08,314000,0
2016-04-12,08:10:00,9.08,9.1,9.08,9.1,200000,0
2016-04-12,08:15:00,9.1,9.1,9.09,9.09,118000,0
2016-04-12,08:20:00,9.09,9.11,9.09,9.11,210000,0
2016-04-12,08:25:00,9.11,9.11,9.06,9.06,420000,0
2016-04-12,08:30:00,9.06,9.08,9.06,9.08,122000,0
2016-04-12,08:35:00,9.08,9.08,9.07,9.07,166000,0
2016-04-12,08:40:00,9.07,9.08,9.07,9.08,90000,0
2016-04-12,08:45:00,9.08,9.08,9.07,9.07,134000,0
2016-04-12,08:50:00,9.07,9.08,9.07,9.07,100000,0
2016-04-12,08:55:00,9.07,9.08,9.06,9.07,550000,0
2016-04-12,09:00:00,9.07,9.08,9.06,9.08,204000,0
2016-04-12,09:05:00,9.08,9.08,9.06,9.06,166000,0
2016-04-12,09:10:00,9.06,9.07,9.06,9.06,206000,0
2016-04-12,09:15:00,9.06,9.08,9.06,9.07,288000,0
2016-04-12,09:20:00,9.07,9.07,9.06,9.07,366000,0
2016-04-12,09:25:00,9.07,9.07,9.06,9.06,114000,0
2016-04-12,09:30:00,9.06,9.07,9.04,9.04,422000,0
2016-04-12,09:35:00,9.05,9.06,9.04,9.04,470000,0
2016-04-12,09:40:00,9.04,9.06,9.04,9.06,178000,0
2016-04-12,09:45:00,9.06,9.06,9.05,9.06,244000,0
2016-04-12,09:50:00,9.06,9.06,9.04,9.05,810000,0
2016-04-12,09:55:00,9.05,9.05,9.04,9.05,574617,0
2016-04-12,10:00:00,9.05,9.07,9.02,9.04,2426000,0
2016-04-13,03:35:00,9.1,9.16,9.05,9.06,1274000,0
2016-04-13,03:40:00,9.06,9.08,9.05,9.05,1004000,0
2016-04-13,03:45:00,9.05,9.07,9.03,9.04,904000,0
2016-04-13,03:50:00,9.04,9.07,9.03,9.03,692000,0
2016-04-13,03:55:00,9.03,9.07,9.03,9.06,726000,0
2016-04-13,04:00:00,9.06,9.07,9.04,9.05,608000,0
2016-04-13,04:05:00,9.05,9.06,9.05,9.06,308000,0
2016-04-13,04:10:00,9.06,9.12,9.06,9.1,428000,0
2016-04-13,04:15:00,9.1,9.13,9.1,9.12,216000,0
2016-04-13,04:20:00,9.12,9.15,9.12,9.15,454000,0
2016-04-13,04:25:00,9.15,9.16,9.11,9.11,472000,0
2016-04-13,04:30:00,9.11,9.12,9.1,9.12,184000,0
2016-04-13,04:35:00,9.12,9.14,9.12,9.14,122000,0
2016-04-13,04:40:00,9.14,9.14,9.13,9.14,162000,0
2016-04-13,04:45:00,9.14,9.15,9.13,9.13,158000,0
2016-04-13,04:50:00,9.13,9.13,9.12,9.12,178000,0
2016-04-13,04:55:00,9.12,9.13,9.11,9.12,391749,0
2016-04-13,05:00:00,9.12,9.13,9.12,9.13,50000,0
2016-04-13,05:05:00,9.13,9.16,9.13,9.14,484000,0
2016-04-13,05:10:00,9.14,9.24,9.14,9.21,1258000,0
2016-04-13,05:15:00,9.21,9.21,9.17,9.17,494000,0
2016-04-13,05:20:00,9.17,9.19,9.16,9.19,260000,0
2016-04-13,05:25:00,9.19,9.19,9.15,9.17,514000,0
2016-04-13,05:30:00,9.17,9.21,9.17,9.21,322000,0
2016-04-13,05:35:00,9.21,9.24,9.2,9.21,448000,0
2016-04-13,05:40:00,9.21,9.24,9.21,9.23,442000,0
2016-04-13,05:45:00,9.23,9.24,9.22,9.23,174000,0
2016-04-13,05:50:00,9.23,9.24,9.22,9.24,208000,0
2016-04-13,05:55:00,9.24,9.28,9.24,9.28,370000,0
2016-04-13,06:00:00,9.28,9.28,9.25,9.28,718000,0
2016-04-13,07:05:00,9.28,9.28,9.23,9.25,468000,0
2016-04-13,07:10:00,9.25,9.26,9.24,9.26,142000,0
2016-04-13,07:15:00,9.26,9.29,9.26,9.28,566000,0
2016-04-13,07:20:00,9.28,9.28,9.26,9.26,654000,0
2016-04-13,07:25:00,9.26,9.27,9.25,9.26,238000,0
2016-04-13,07:30:00,9.26,9.27,9.24,9.24,436000,0
2016-04-13,07:35:00,9.24,9.24,9.23,9.23,86000,0
2016-04-13,07:40:00,9.23,9.23,9.22,9.23,200000,0
2016-04-13,07:45:00,9.23,9.23,9.23,9.23,212000,0
2016-04-13,07:50:00,9.23,9.23,9.2,9.2,194000,0
2016-04-13,07:55:00,9.2,9.23,9.2,9.23,270000,0
2016-04-13,08:00:00,9.23,9.24,9.21,9.21,188000,0
2016-04-13,08:05:00,9.21,9.22,9.21,9.21,80000,0
2016-04-13,08:10:00,9.21,9.21,9.2,9.21,134000,0
2016-04-13,08:15:00,9.21,9.22,9.19,9.22,532000,0
2016-04-13,08:20:00,9.22,9.22,9.21,9.21,64000,0
2016-04-13,08:25:00,9.21,9.21,9.18,9.19,788000,0
2016-04-13,08:30:00,9.19,9.19,9.18,9.19,156000,0
2016-04-13,08:35:00,9.19,9.19,9.17,9.17,262000,0
2016-04-13,08:40:00,9.17,9.18,9.16,9.17,208000,0
2016-04-13,08:45:00,9.17,9.17,9.15,9.16,294000,0
2016-04-13,08:50:00,9.16,9.16,9.15,9.15,234000,0
2016-04-13,08:55:00,9.15,9.16,9.15,9.16,162000,0
2016-04-13,09:00:00,9.16,9.17,9.15,9.16,148000,0
2016-04-13,09:05:00,9.16,9.16,9.16,9.16,84000,0
2016-04-13,09:10:00,9.16,9.17,9.13,9.13,376000,0
2016-04-13,09:15:00,9.13,9.14,9.13,9.13,178000,0
2016-04-13,09:20:00,9.13,9.14,9.13,9.14,236000,0
2016-04-13,09:25:00,9.14,9.17,9.14,9.17,240000,0
2016-04-13,09:30:00,9.17,9.17,9.14,9.14,186000,0
2016-04-13,09:35:00,9.14,9.15,9.14,9.15,290000,0
2016-04-13,09:40:00,9.15,9.16,9.14,9.14,206000,0
2016-04-13,09:45:00,9.14,9.17,9.14,9.16,632000,0
2016-04-13,09:50:00,9.16,9.16,9.15,9.15,852000,0
2016-04-13,09:55:00,9.15,9.18,9.15,9.16,1136000,0
2016-04-13,10:00:00,9.16,9.2,9.16,9.19,2672000,0
