Date,Time,Open,High,Low,Close,Volume,OpenInt
2016-02-18,04:10:00,0.36,0.365,0.36,0.365,64000,0
2016-02-19,04:05:00,0.41,0.41,0.38,0.41,12000,0
2016-02-19,04:20:00,0.41,0.42,0.41,0.42,412000,0
2016-02-19,04:25:00,0.41,0.445,0.41,0.43,448000,0
2016-02-19,04:50:00,0.425,0.425,0.425,0.425,24000,0
2016-02-19,07:30:00,0.42,0.42,0.42,0.42,40000,0
2016-02-19,09:00:00,0.41,0.41,0.37,0.37,304000,0
2016-02-23,03:35:00,0.39,0.395,0.39,0.395,48000,0
2016-02-23,06:30:00,0.39,0.405,0.39,0.405,156000,0
2016-02-23,06:45:00,0.405,0.405,0.4,0.4,144000,0
2016-02-23,07:35:00,0.405,0.405,0.405,0.405,12000,0
2016-02-23,08:10:00,0.405,0.405,0.4,0.4,112000,0
2016-02-23,08:40:00,0.405,0.405,0.405,0.405,100000,0
2016-02-23,09:00:00,0.405,0.42,0.405,0.42,8000,0
2016-02-24,03:25:00,0.41,0.42,0.41,0.41,120000,0
2016-02-24,08:45:00,0.405,0.415,0.405,0.415,24000,0
2016-02-25,03:05:00,0.41,0.415,0.41,0.41,64000,0
2016-02-26,04:10:00,0.405,0.405,0.405,0.405,28000,0
2016-03-02,08:00:00,0.405,0.405,0.405,0.405,40000,0
2016-03-02,08:40:00,0.4,0.425,0.4,0.42,52000,0
2016-03-07,02:50:00,0.415,0.42,0.415,0.42,24000,0
2016-03-08,04:40:00,0.415,0.415,0.415,0.415,52000,0
2016-03-08,08:55:00,0.415,0.415,0.415,0.415,20000,0
2016-03-09,06:35:00,0.415,0.42,0.415,0.42,48000,0
2016-03-09,07:25:00,0.425,0.44,0.425,0.44,52000,0
2016-03-09,07:55:00,0.44,0.45,0.44,0.45,132000,0
2016-03-09,08:00:00,0.44,0.44,0.44,0.44,20000,0
2016-03-09,08:05:00,0.44,0.44,0.44,0.44,4000,0
2016-03-09,08:55:00,0.445,0.46,0.445,0.46,8000,0
2016-03-11,06:30:00,0.445,0.45,0.445,0.45,124000,0
2016-03-11,08:50:00,0.45,0.455,0.45,0.455,120000,0
2016-03-14,06:30:00,0.455,0.455,0.455,0.455,24000,0
2016-03-14,08:05:00,0.455,0.455,0.455,0.455,16000,0
2016-03-14,08:25:00,0.455,0.455,0.455,0.455,40000,0
2016-03-14,08:30:00,0.455,0.455,0.455,0.455,64000,0
2016-03-16,07:30:00,0.42,0.43,0.42,0.43,8000,0
2016-03-16,07:50:00,0.43,0.45,0.43,0.45,72000,0
2016-03-16,08:50:00,0.45,0.46,0.45,0.46,44000,0
2016-03-18,06:10:00,0.44,0.465,0.44,0.465,56000,0
2016-03-18,09:00:00,0.445,0.47,0.445,0.47,20000,0
2016-03-21,04:45:00,0.455,0.455,0.455,0.455,4000,0
2016-03-21,04:50:00,0.455,0.455,0.44,0.44,36000,0
2016-03-21,07:25:00,0.445,0.445,0.405,0.415,204000,0
2016-03-21,08:15:00,0.43,0.435,0.43,0.435,80000,0
2016-03-21,08:55:00,0.435,0.455,0.435,0.455,56000,0
2016-03-22,06:50:00,0.46,0.46,0.45,0.46,40000,0
2016-03-23,07:20:00,0.455,0.46,0.455,0.46,116000,0
2016-03-23,07:35:00,0.46,0.46,0.44,0.445,72000,0
2016-03-23,08:00:00,0.45,0.45,0.45,0.45,4000,0
2016-03-23,08:55:00,0.45,0.46,0.45,0.46,56000,0
2016-03-30,04:00:00,0.47,0.47,0.46,0.47,44000,0
2016-03-30,10:00:00,0.45,0.475,0.45,0.475,56000,0
2016-04-01,09:45:00,0.475,0.48,0.475,0.48,40000,0
2016-04-05,09:50:00,0.45,0.485,0.45,0.485,12000,0
2016-04-05,10:00:00,0.485,0.485,0.485,0.485,4000,0
2016-04-06,03:35:00,0.49,0.495,0.485,0.495,36000,0
2016-04-06,08:35:00,0.47,0.47,0.47,0.47,16000,0
2016-04-06,09:15:00,0.47,0.47,0.47,0.47,20000,0
2016-04-06,09:20:00,0.47,0.47,0.47,0.47,32000,0
2016-04-06,09:35:00,0.47,0.47,0.47,0.47,20000,0
2016-04-06,09:45:00,0.47,0.47,0.47,0.47,20000,0
2016-04-06,09:50:00,0.47,0.47,0.47,0.47,8000,0
2016-04-12,09:45:00,0.465,0.475,0.465,0.475,140000,0
