Date,Time,Open,High,Low,Close,Volume,OpenInt
2016-03-17,02:35:00,6.77,6.8,6.72,6.72,202000,0
2016-03-17,02:40:00,6.72,6.76,6.72,6.73,62000,0
2016-03-17,02:45:00,6.73,6.77,6.73,6.77,76000,0
2016-03-17,02:50:00,6.77,6.79,6.77,6.79,46000,0
2016-03-17,02:55:00,6.79,6.79,6.75,6.78,65000,0
2016-03-17,03:00:00,6.78,6.78,6.77,6.78,44000,0
2016-03-17,03:05:00,6.78,6.8,6.78,6.8,102000,0
2016-03-17,03:10:00,6.8,6.8,6.79,6.79,60000,0
2016-03-17,03:15:00,6.79,6.8,6.79,6.79,82000,0
2016-03-17,03:20:00,6.79,6.8,6.79,6.8,94000,0
2016-03-17,03:25:00,6.8,6.8,6.79,6.8,68000,0
2016-03-17,03:30:00,6.8,6.8,6.79,6.8,62000,0
2016-03-17,03:35:00,6.8,6.8,6.79,6.8,62000,0
2016-03-17,03:40:00,6.8,6.8,6.79,6.79,78000,0
2016-03-17,03:45:00,6.79,6.8,6.79,6.8,76000,0
2016-03-17,03:50:00,6.8,6.8,6.79,6.8,62000,0
2016-03-17,03:55:00,6.8,6.8,6.79,6.8,58000,0
2016-03-17,04:00:00,6.8,6.8,6.79,6.8,30000,0
2016-03-17,04:05:00,6.8,6.8,6.79,6.79,100000,0
2016-03-17,04:10:00,6.79,6.8,6.79,6.79,64000,0
2016-03-17,04:15:00,6.79,6.79,6.79,6.79,52000,0
2016-03-17,04:20:00,6.79,6.8,6.79,6.8,14000,0
2016-03-17,04:25:00,6.8,6.8,6.79,6.8,28000,0
2016-03-17,04:30:00,6.8,6.8,6.79,6.8,130000,0
2016-03-17,04:35:00,6.8,6.8,6.79,6.79,38000,0
2016-03-17,04:40:00,6.79,6.8,6.79,6.8,44000,0
2016-03-17,04:45:00,6.8,6.8,6.79,6.79,62000,0
2016-03-17,04:50:00,6.79,6.8,6.79,6.79,72000,0
2016-03-17,04:55:00,6.79,6.8,6.79,6.79,46000,0
2016-03-17,05:00:00,6.79,6.8,6.79,6.8,18000,0
2016-03-17,06:05:00,6.8,6.8,6.75,6.77,146000,0
2016-03-17,06:10:00,6.77,6.77,6.76,6.77,6000,0
2016-03-17,06:15:00,6.77,6.77,6.75,6.76,54000,0
2016-03-17,06:20:00,6.76,6.76,6.75,6.76,30000,0
2016-03-17,06:25:00,6.76,6.76,6.76,6.76,28000,0
2016-03-17,06:30:00,6.76,6.76,6.75,6.75,30000,0
2016-03-17,06:35:00,6.75,6.76,6.75,6.75,70000,0
2016-03-17,06:40:00,6.75,6.76,6.75,6.75,42000,0
2016-03-17,06:45:00,6.75,6.76,6.75,6.76,46000,0
2016-03-17,06:50:00,6.76,6.76,6.75,6.75,50000,0
2016-03-17,06:55:00,6.75,6.76,6.75,6.75,58000,0
2016-03-17,07:00:00,6.75,6.76,6.75,6.76,28000,0
2016-03-17,07:05:00,6.76,6.76,6.76,6.76,42000,0
2016-03-17,07:10:00,6.76,6.76,6.75,6.76,42000,0
2016-03-17,07:15:00,6.76,6.76,6.76,6.76,24000,0
2016-03-17,07:20:00,6.76,6.76,6.76,6.76,28000,0
2016-03-17,07:25:00,6.76,6.76,6.76,6.76,32000,0
2016-03-17,07:30:00,6.76,6.76,6.75,6.76,38000,0
2016-03-17,07:35:00,6.76,6.76,6.74,6.74,122000,0
2016-03-17,07:40:00,6.74,6.74,6.74,6.74,4000,0
2016-03-17,07:45:00,6.74,6.75,6.73,6.73,36000,0
2016-03-17,07:50:00,6.73,6.74,6.73,6.74,30000,0
2016-03-17,07:55:00,6.74,6.78,6.74,6.77,50000,0
2016-03-17,08:00:00,6.77,6.78,6.77,6.78,36000,0
2016-03-17,08:05:00,6.78,6.78,6.77,6.77,38000,0
2016-03-17,08:10:00,6.77,6.78,6.76,6.76,82000,0
2016-03-17,08:15:00,6.76,6.76,6.74,6.75,18000,0
2016-03-17,08:20:00,6.75,6.75,6.74,6.75,64000,0
2016-03-17,08:25:00,6.75,6.75,6.74,6.75,46000,0
2016-03-17,08:30:00,6.75,6.77,6.74,6.76,56000,0
2016-03-17,08:35:00,6.76,6.77,6.76,6.77,54000,0
2016-03-17,08:40:00,6.77,6.77,6.76,6.77,58000,0
2016-03-17,08:45:00,6.77,6.77,6.76,6.77,76000,0
2016-03-17,08:50:00,6.77,6.78,6.76,6.78,114000,0
2016-03-17,08:55:00,6.78,6.78,6.75,6.77,132000,0
2016-03-17,09:00:00,6.77,6.78,6.75,6.77,318000,0
2016-03-18,02:50:00,6.74,6.75,6.74,6.74,6484,0
2016-03-18,02:55:00,6.74,6.76,6.72,6.76,88000,0
2016-03-18,03:00:00,6.76,6.76,6.75,6.76,10000,0
2016-03-18,03:05:00,6.76,6.76,6.74,6.74,14000,0
2016-03-18,03:10:00,6.74,6.77,6.73,6.73,42000,0
2016-03-18,03:25:00,6.74,6.78,6.74,6.76,22000,0
2016-03-18,03:30:00,6.76,6.78,6.76,6.78,4000,0
2016-03-18,03:35:00,6.78,6.78,6.77,6.77,10000,0
2016-03-18,03:40:00,6.77,6.78,6.77,6.78,16000,0
2016-03-18,03:45:00,6.78,6.79,6.77,6.79,54000,0
2016-03-18,03:50:00,6.79,6.79,6.78,6.78,14000,0
2016-03-18,03:55:00,6.78,6.79,6.78,6.79,16000,0
2016-03-18,04:00:00,6.79,6.79,6.78,6.79,12000,0
2016-03-18,04:05:00,6.79,6.79,6.78,6.78,14000,0
2016-03-18,04:15:00,6.78,6.79,6.78,6.79,10000,0
2016-03-18,04:20:00,6.79,6.79,6.79,6.79,20000,0
2016-03-18,04:25:00,6.79,6.8,6.79,6.8,10000,0
2016-03-18,04:30:00,6.8,6.8,6.79,6.8,14000,0
2016-03-18,04:35:00,6.8,6.8,6.8,6.8,8000,0
2016-03-18,04:40:00,6.8,6.8,6.79,6.79,8000,0
2016-03-18,04:45:00,6.79,6.8,6.79,6.79,26000,0
2016-03-18,04:50:00,6.79,6.8,6.79,6.8,10000,0
2016-03-18,04:55:00,6.79,6.79,6.77,6.77,64000,0
2016-03-18,06:05:00,6.77,6.77,6.76,6.77,20000,0
2016-03-18,06:10:00,6.77,6.79,6.77,6.77,62000,0
2016-03-18,06:15:00,6.77,6.82,6.77,6.8,274000,0
2016-03-18,06:20:00,6.8,6.82,6.8,6.81,32000,0
2016-03-18,06:25:00,6.81,6.81,6.8,6.8,14000,0
2016-03-18,06:35:00,6.8,6.81,6.8,6.81,6000,0
2016-03-18,06:40:00,6.81,6.81,6.81,6.81,2000,0
2016-03-18,06:45:00,6.81,6.81,6.81,6.81,2000,0
2016-03-18,06:50:00,6.81,6.81,6.81,6.81,4000,0
2016-03-18,06:55:00,6.81,6.81,6.8,6.8,30000,0
2016-03-18,07:00:00,6.8,6.81,6.8,6.8,8000,0
2016-03-18,07:05:00,6.8,6.8,6.79,6.79,12000,0
2016-03-18,07:10:00,6.79,6.8,6.79,6.8,4000,0
2016-03-18,07:15:00,6.8,6.8,6.8,6.8,4000,0
2016-03-18,07:20:00,6.8,6.8,6.79,6.79,18000,0
2016-03-18,07:25:00,6.79,6.8,6.79,6.8,10000,0
2016-03-18,07:30:00,6.8,6.8,6.79,6.8,16000,0
2016-03-18,07:35:00,6.8,6.8,6.79,6.79,14000,0
2016-03-18,07:40:00,6.79,6.8,6.77,6.77,86000,0
2016-03-18,07:45:00,6.77,6.78,6.77,6.78,6000,0
2016-03-18,07:50:00,6.78,6.8,6.78,6.8,132000,0
2016-03-18,07:55:00,6.8,6.85,6.8,6.85,358000,0
2016-03-18,08:00:00,6.85,6.89,6.85,6.86,92000,0
2016-03-18,08:05:00,6.85,6.85,6.85,6.85,20000,0
2016-03-18,08:10:00,6.85,6.85,6.8,6.83,134000,0
2016-03-18,08:15:00,6.83,6.84,6.83,6.83,8000,0
2016-03-18,08:20:00,6.83,6.83,6.82,6.82,8000,0
2016-03-18,08:25:00,6.82,6.83,6.8,6.8,158000,0
2016-03-18,08:30:00,6.8,6.83,6.8,6.83,6000,0
2016-03-18,08:35:00,6.83,6.83,6.8,6.82,46000,0
2016-03-18,08:40:00,6.82,6.82,6.79,6.79,44000,0
2016-03-18,08:45:00,6.79,6.79,6.77,6.78,100000,0
2016-03-18,08:50:00,6.78,6.81,6.78,6.8,36000,0
2016-03-18,08:55:00,6.8,6.81,6.8,6.81,118000,0
2016-03-18,09:00:00,6.81,6.82,6.77,6.78,592000,0
2016-03-21,02:35:00,6.66,6.74,6.66,6.74,260000,0
2016-03-21,02:40:00,6.74,6.78,6.74,6.77,162000,0
2016-03-21,02:45:00,6.77,6.85,6.74,6.84,492000,0
2016-03-21,02:50:00,6.84,6.84,6.8,6.83,176000,0
2016-03-21,02:55:00,6.83,6.83,6.78,6.78,308000,0
2016-03-21,03:00:00,6.78,6.79,6.78,6.78,22000,0
2016-03-21,03:05:00,6.78,6.79,6.78,6.79,38000,0
2016-03-21,03:10:00,6.79,6.79,6.74,6.74,122000,0
2016-03-21,03:15:00,6.74,6.74,6.73,6.74,52000,0
2016-03-21,03:20:00,6.74,6.75,6.72,6.74,138000,0
2016-03-21,03:25:00,6.74,6.76,6.74,6.75,14000,0
2016-03-21,03:30:00,6.75,6.75,6.72,6.73,172000,0
2016-03-21,03:35:00,6.73,6.75,6.73,6.74,24000,0
2016-03-21,03:40:00,6.74,6.78,6.74,6.77,132000,0
2016-03-21,03:45:00,6.77,6.78,6.77,6.78,40000,0
2016-03-21,03:50:00,6.78,6.78,6.78,6.78,32000,0
2016-03-21,03:55:00,6.77,6.78,6.77,6.78,20000,0
2016-03-21,04:00:00,6.78,6.79,6.77,6.79,28000,0
2016-03-21,04:05:00,6.79,6.79,6.78,6.79,34000,0
2016-03-21,04:10:00,6.79,6.83,6.78,6.83,128000,0
2016-03-21,04:15:00,6.83,6.84,6.82,6.82,54000,0
2016-03-21,04:20:00,6.82,6.82,6.81,6.81,20000,0
2016-03-21,04:25:00,6.81,6.82,6.8,6.8,56000,0
2016-03-21,04:30:00,6.8,6.8,6.8,6.8,12000,0
2016-03-21,04:35:00,6.8,6.8,6.8,6.8,18000,0
2016-03-21,04:40:00,6.8,6.81,6.8,6.8,40000,0
2016-03-21,04:45:00,6.8,6.8,6.76,6.78,62000,0
2016-03-21,04:50:00,6.77,6.77,6.75,6.76,82000,0
2016-03-21,04:55:00,6.76,6.76,6.76,6.76,16000,0
2016-03-21,05:00:00,6.76,6.77,6.74,6.77,64000,0
2016-03-21,06:05:00,6.77,6.77,6.74,6.76,40000,0
2016-03-21,06:10:00,6.76,6.76,6.76,6.76,6000,0
2016-03-21,06:15:00,6.76,6.77,6.76,6.77,26000,0
2016-03-21,06:20:00,6.77,6.77,6.76,6.76,22000,0
2016-03-21,06:25:00,6.76,6.76,6.76,6.76,18000,0
2016-03-21,06:30:00,6.76,6.77,6.76,6.77,34000,0
2016-03-21,06:35:00,6.77,6.77,6.75,6.75,116000,0
2016-03-21,06:40:00,6.75,6.75,6.74,6.74,16000,0
2016-03-21,06:45:00,6.74,6.76,6.74,6.75,158000,0
2016-03-21,06:50:00,6.75,6.75,6.74,6.75,190000,0
2016-03-21,06:55:00,6.75,6.75,6.74,6.75,220000,0
2016-03-21,07:00:00,6.75,6.75,6.74,6.74,16000,0
2016-03-21,07:05:00,6.75,6.75,6.74,6.74,32000,0
2016-03-21,07:10:00,6.74,6.75,6.74,6.75,64000,0
2016-03-21,07:15:00,6.75,6.75,6.74,6.74,28000,0
2016-03-21,07:20:00,6.74,6.74,6.73,6.74,148000,0
2016-03-21,07:25:00,6.74,6.74,6.73,6.73,126000,0
2016-03-21,07:30:00,6.73,6.74,6.73,6.74,44000,0
2016-03-21,07:35:00,6.74,6.75,6.74,6.75,142000,0
2016-03-21,07:40:00,6.75,6.77,6.75,6.77,74000,0
2016-03-21,07:45:00,6.77,6.78,6.77,6.78,8000,0
2016-03-21,07:50:00,6.78,6.78,6.77,6.78,38000,0
2016-03-21,07:55:00,6.78,6.78,6.76,6.76,216000,0
2016-03-21,08:00:00,6.76,6.77,6.75,6.75,32000,0
2016-03-21,08:05:00,6.75,6.75,6.75,6.75,12000,0
2016-03-21,08:10:00,6.75,6.76,6.75,6.76,36000,0
2016-03-21,08:15:00,6.75,6.75,6.74,6.74,16000,0
2016-03-21,08:20:00,6.74,6.74,6.74,6.74,24000,0
2016-03-21,08:25:00,6.74,6.75,6.74,6.75,36000,0
2016-03-21,08:30:00,6.75,6.75,6.74,6.75,42000,0
2016-03-21,08:35:00,6.75,6.75,6.74,6.74,18000,0
2016-03-21,08:40:00,6.74,6.74,6.74,6.74,32000,0
2016-03-21,08:45:00,6.74,6.74,6.74,6.74,32000,0
2016-03-21,08:50:00,6.74,6.74,6.74,6.74,22000,0
2016-03-21,08:55:00,6.74,6.74,6.74,6.74,34000,0
2016-03-21,09:00:00,6.74,6.75,6.73,6.75,106000,0
2016-03-22,02:35:00,6.72,6.73,6.71,6.73,14000,0
2016-03-22,02:40:00,6.74,6.81,6.74,6.81,92000,0
2016-03-22,02:45:00,6.81,6.81,6.81,6.81,8000,0
2016-03-22,02:50:00,6.81,6.81,6.78,6.78,38000,0
2016-03-22,02:55:00,6.78,6.79,6.78,6.79,4000,0
2016-03-22,03:00:00,6.79,6.8,6.73,6.75,130000,0
2016-03-22,03:05:00,6.75,6.75,6.73,6.73,42000,0
2016-03-22,03:10:00,6.73,6.73,6.72,6.72,18000,0
2016-03-22,03:15:00,6.72,6.72,6.68,6.71,116000,0
2016-03-22,03:20:00,6.71,6.73,6.71,6.73,62000,0
2016-03-22,03:25:00,6.73,6.74,6.73,6.73,40000,0
2016-03-22,03:30:00,6.73,6.75,6.73,6.74,114000,0
2016-03-22,03:35:00,6.74,6.76,6.71,6.71,86000,0
2016-03-22,03:40:00,6.71,6.76,6.7,6.74,148000,0
2016-03-22,03:45:00,6.74,6.75,6.74,6.75,18000,0
2016-03-22,03:50:00,6.75,6.75,6.74,6.75,12000,0
2016-03-22,03:55:00,6.76,6.76,6.72,6.73,62000,0
2016-03-22,04:00:00,6.73,6.75,6.7,6.7,96000,0
2016-03-22,04:05:00,6.7,6.7,6.69,6.69,12000,0
2016-03-22,04:10:00,6.69,6.69,6.69,6.69,6000,0
2016-03-22,04:15:00,6.69,6.7,6.69,6.7,14000,0
2016-03-22,04:20:00,6.7,6.7,6.69,6.69,46000,0
2016-03-22,04:25:00,6.69,6.7,6.69,6.7,48000,0
2016-03-22,04:30:00,6.7,6.7,6.69,6.69,48000,0
2016-03-22,04:35:00,6.69,6.7,6.69,6.69,10000,0
2016-03-22,04:40:00,6.69,6.69,6.68,6.68,24000,0
2016-03-22,04:45:00,6.68,6.69,6.68,6.68,26000,0
2016-03-22,04:50:00,6.68,6.69,6.68,6.68,14000,0
2016-03-22,04:55:00,6.68,6.69,6.68,6.69,8000,0
2016-03-22,05:00:00,6.69,6.69,6.68,6.68,22000,0
2016-03-22,06:05:00,6.68,6.69,6.68,6.68,76000,0
2016-03-22,06:10:00,6.68,6.68,6.65,6.65,150000,0
2016-03-22,06:15:00,6.65,6.65,6.62,6.63,44000,0
2016-03-22,06:25:00,6.66,6.67,6.66,6.66,12000,0
2016-03-22,06:30:00,6.66,6.7,6.66,6.7,122000,0
2016-03-22,06:35:00,6.7,6.73,6.7,6.71,12000,0
2016-03-22,06:40:00,6.71,6.74,6.71,6.71,12000,0
2016-03-22,06:45:00,6.73,6.74,6.7,6.7,86000,0
2016-03-22,06:50:00,6.7,6.7,6.65,6.65,76000,0
2016-03-22,06:55:00,6.65,6.7,6.64,6.64,66000,0
2016-03-22,07:00:00,6.64,6.7,6.64,6.7,4000,0
2016-03-22,07:05:00,6.68,6.68,6.64,6.64,28000,0
2016-03-22,07:10:00,6.65,6.68,6.63,6.63,78000,0
2016-03-22,07:15:00,6.63,6.65,6.63,6.65,6000,0
2016-03-22,07:20:00,6.65,6.65,6.63,6.63,26000,0
2016-03-22,07:30:00,6.64,6.71,6.64,6.68,200000,0
2016-03-22,07:35:00,6.68,6.71,6.68,6.69,98000,0
2016-03-22,07:40:00,6.69,6.69,6.68,6.69,46000,0
2016-03-22,07:45:00,6.69,6.69,6.66,6.66,14000,0
2016-03-22,07:50:00,6.66,6.68,6.66,6.66,26000,0
2016-03-22,07:55:00,6.66,6.66,6.64,6.64,20000,0
2016-03-22,08:00:00,6.64,6.66,6.64,6.64,8000,0
2016-03-22,08:10:00,6.65,6.66,6.65,6.65,14000,0
2016-03-22,08:15:00,6.65,6.66,6.65,6.65,26000,0
2016-03-22,08:20:00,6.65,6.66,6.65,6.65,10000,0
2016-03-22,08:25:00,6.65,6.67,6.65,6.65,32000,0
2016-03-22,08:30:00,6.65,6.68,6.65,6.68,4000,0
2016-03-22,08:35:00,6.68,6.68,6.63,6.63,210000,0
2016-03-22,08:40:00,6.65,6.67,6.65,6.65,40000,0
2016-03-22,08:45:00,6.65,6.67,6.59,6.59,112000,0
2016-03-22,08:50:00,6.59,6.64,6.59,6.59,50000,0
2016-03-22,08:55:00,6.59,6.63,6.59,6.61,52000,0
2016-03-22,09:00:00,6.61,6.65,6.58,6.59,428000,0
2016-03-23,02:35:00,6.59,6.7,6.59,6.69,138000,0
2016-03-23,02:40:00,6.69,6.72,6.69,6.7,82000,0
2016-03-23,02:45:00,6.7,6.7,6.69,6.69,32000,0
2016-03-23,02:50:00,6.69,6.75,6.69,6.74,110000,0
2016-03-23,02:55:00,6.74,6.74,6.72,6.72,144000,0
2016-03-23,03:00:00,6.72,6.72,6.68,6.71,46000,0
2016-03-23,03:05:00,6.71,6.71,6.63,6.64,110000,0
2016-03-23,03:10:00,6.64,6.64,6.64,6.64,22000,0
2016-03-23,03:15:00,6.64,6.65,6.63,6.65,70000,0
2016-03-23,03:20:00,6.65,6.65,6.62,6.63,62000,0
2016-03-23,03:25:00,6.63,6.64,6.62,6.62,22000,0
2016-03-23,03:30:00,6.62,6.64,6.62,6.63,38000,0
2016-03-23,03:35:00,6.63,6.63,6.62,6.63,38000,0
2016-03-23,03:40:00,6.63,6.63,6.62,6.62,36000,0
2016-03-23,03:45:00,6.62,6.62,6.62,6.62,22000,0
2016-03-23,03:50:00,6.62,6.62,6.61,6.61,66000,0
2016-03-23,03:55:00,6.61,6.61,6.59,6.59,22000,0
2016-03-23,04:00:00,6.59,6.59,6.58,6.59,46000,0
2016-03-23,04:05:00,6.59,6.59,6.58,6.59,66000,0
2016-03-23,04:10:00,6.59,6.63,6.59,6.63,40000,0
2016-03-23,04:15:00,6.63,6.64,6.63,6.63,20000,0
2016-03-23,04:20:00,6.63,6.63,6.63,6.63,14000,0
2016-03-23,04:25:00,6.63,6.65,6.63,6.65,40000,0
2016-03-23,04:30:00,6.65,6.65,6.63,6.63,10000,0
2016-03-23,04:35:00,6.63,6.64,6.63,6.63,58000,0
2016-03-23,04:40:00,6.63,6.63,6.62,6.62,20000,0
2016-03-23,04:45:00,6.62,6.62,6.62,6.62,16000,0
2016-03-23,04:50:00,6.62,6.63,6.62,6.62,24000,0
2016-03-23,04:55:00,6.62,6.62,6.62,6.62,20000,0
2016-03-23,05:00:00,6.62,6.62,6.6,6.61,116000,0
2016-03-23,06:05:00,6.61,6.62,6.6,6.61,28000,0
2016-03-23,06:10:00,6.61,6.61,6.59,6.59,52000,0
2016-03-23,06:15:00,6.59,6.59,6.53,6.54,110000,0
2016-03-23,06:20:00,6.54,6.54,6.53,6.54,24000,0
2016-03-23,06:25:00,6.54,6.54,6.53,6.53,32000,0
2016-03-23,06:30:00,6.53,6.53,6.52,6.53,30000,0
2016-03-23,06:35:00,6.53,6.53,6.52,6.52,8000,0
2016-03-23,06:40:00,6.52,6.53,6.52,6.52,28000,0
2016-03-23,06:45:00,6.52,6.53,6.52,6.52,26000,0
2016-03-23,06:50:00,6.52,6.52,6.48,6.48,88000,0
2016-03-23,06:55:00,6.48,6.5,6.48,6.49,72000,0
2016-03-23,07:00:00,6.49,6.56,6.49,6.54,204000,0
2016-03-23,07:05:00,6.54,6.54,6.52,6.52,12000,0
2016-03-23,07:10:00,6.52,6.53,6.52,6.52,32000,0
2016-03-23,07:15:00,6.52,6.53,6.52,6.53,4000,0
2016-03-23,07:20:00,6.53,6.56,6.52,6.56,76000,0
2016-03-23,07:25:00,6.56,6.56,6.55,6.55,14000,0
2016-03-23,07:30:00,6.55,6.56,6.55,6.56,30000,0
2016-03-23,07:35:00,6.56,6.56,6.55,6.56,34000,0
2016-03-23,07:40:00,6.56,6.56,6.55,6.55,118000,0
2016-03-23,07:45:00,6.55,6.56,6.55,6.56,36000,0
2016-03-23,07:50:00,6.56,6.56,6.54,6.55,64000,0
2016-03-23,07:55:00,6.55,6.56,6.54,6.56,42000,0
2016-03-23,08:00:00,6.56,6.56,6.55,6.56,16000,0
2016-03-23,08:05:00,6.56,6.56,6.55,6.55,14000,0
2016-03-23,08:10:00,6.55,6.55,6.53,6.53,70000,0
2016-03-23,08:15:00,6.53,6.54,6.53,6.53,66000,0
2016-03-23,08:20:00,6.53,6.59,6.53,6.59,54301,0
2016-03-23,08:25:00,6.59,6.59,6.56,6.56,8000,0
2016-03-23,08:30:00,6.56,6.56,6.55,6.56,32000,0
2016-03-23,08:35:00,6.56,6.56,6.53,6.54,52000,0
2016-03-23,08:40:00,6.54,6.6,6.54,6.58,42000,0
2016-03-23,08:45:00,6.58,6.58,6.57,6.57,40000,0
2016-03-23,08:50:00,6.57,6.57,6.55,6.55,34000,0
2016-03-23,08:55:00,6.55,6.55,6.53,6.54,80991,0
2016-03-23,09:00:00,6.54,6.57,6.52,6.57,208000,0
2016-03-24,02:35:00,6.55,6.55,6.5,6.5,34900,0
2016-03-24,02:40:00,6.5,6.51,6.49,6.49,30000,0
2016-03-24,02:45:00,6.5,6.5,6.49,6.49,18000,0
2016-03-24,02:50:00,6.48,6.49,6.48,6.49,54000,0
2016-03-24,02:55:00,6.49,6.5,6.49,6.49,28000,0
2016-03-24,03:00:00,6.49,6.52,6.49,6.52,70000,0
2016-03-24,03:05:00,6.52,6.56,6.52,6.56,20000,0
2016-03-24,03:10:00,6.56,6.56,6.54,6.54,20000,0
2016-03-24,03:15:00,6.54,6.54,6.52,6.54,110000,0
2016-03-24,03:20:00,6.54,6.54,6.52,6.52,16000,0
2016-03-24,03:25:00,6.52,6.54,6.52,6.53,48000,0
2016-03-24,03:30:00,6.53,6.54,6.53,6.53,34000,0
2016-03-24,03:35:00,6.53,6.53,6.51,6.52,94000,0
2016-03-24,03:40:00,6.52,6.52,6.5,6.5,58000,0
2016-03-24,03:45:00,6.5,6.52,6.5,6.5,12000,0
2016-03-24,03:50:00,6.5,6.5,6.5,6.5,10000,0
2016-03-24,03:55:00,6.48,6.49,6.48,6.49,70000,0
2016-03-24,04:00:00,6.49,6.49,6.49,6.49,6000,0
2016-03-24,04:05:00,6.48,6.49,6.48,6.49,12000,0
2016-03-24,04:10:00,6.48,6.57,6.48,6.57,210000,0
2016-03-24,04:15:00,6.57,6.62,6.57,6.61,36000,0
2016-03-24,04:20:00,6.59,6.6,6.58,6.58,76000,0
2016-03-24,04:25:00,6.58,6.6,6.58,6.58,46000,0
2016-03-24,04:30:00,6.58,6.58,6.56,6.56,84000,0
2016-03-24,04:35:00,6.56,6.57,6.56,6.57,18000,0
2016-03-24,04:40:00,6.57,6.58,6.56,6.56,30000,0
2016-03-24,04:45:00,6.56,6.57,6.56,6.56,48000,0
2016-03-24,04:50:00,6.56,6.57,6.55,6.55,126000,0
2016-03-24,04:55:00,6.55,6.56,6.55,6.56,28000,0
2016-03-24,05:00:00,6.56,6.56,6.55,6.56,70000,0
2016-03-24,06:05:00,6.56,6.57,6.55,6.57,56000,0
2016-03-24,06:10:00,6.57,6.61,6.57,6.61,104000,0
2016-03-24,06:15:00,6.61,6.61,6.61,6.61,12000,0
2016-03-24,06:20:00,6.61,6.61,6.61,6.61,72000,0
2016-03-24,06:25:00,6.61,6.62,6.6,6.6,34000,0
2016-03-24,06:30:00,6.6,6.6,6.59,6.59,32000,0
2016-03-24,06:35:00,6.59,6.59,6.57,6.57,32000,0
2016-03-24,06:40:00,6.57,6.57,6.56,6.56,18000,0
2016-03-24,06:45:00,6.56,6.58,6.56,6.58,24000,0
2016-03-24,06:50:00,6.58,6.58,6.56,6.56,28000,0
2016-03-24,06:55:00,6.56,6.56,6.56,6.56,8000,0
2016-03-24,07:00:00,6.56,6.57,6.56,6.56,62000,0
2016-03-24,07:05:00,6.56,6.56,6.55,6.56,74000,0
2016-03-24,07:10:00,6.56,6.56,6.55,6.56,32000,0
2016-03-24,07:15:00,6.56,6.56,6.55,6.55,180000,0
2016-03-24,07:20:00,6.55,6.56,6.55,6.55,40000,0
2016-03-24,07:25:00,6.55,6.56,6.55,6.56,30000,0
2016-03-24,07:30:00,6.56,6.56,6.55,6.55,30000,0
2016-03-24,07:35:00,6.55,6.56,6.55,6.56,38000,0
2016-03-24,07:40:00,6.56,6.56,6.55,6.56,44000,0
2016-03-24,07:45:00,6.56,6.56,6.55,6.56,26000,0
2016-03-24,07:50:00,6.56,6.58,6.56,6.58,84000,0
2016-03-24,07:55:00,6.58,6.59,6.58,6.59,24000,0
2016-03-24,08:00:00,6.59,6.59,6.58,6.58,8000,0
2016-03-24,08:05:00,6.58,6.58,6.58,6.58,8000,0
2016-03-24,08:10:00,6.58,6.58,6.57,6.57,70000,0
2016-03-24,08:15:00,6.57,6.58,6.57,6.57,34000,0
2016-03-24,08:20:00,6.57,6.57,6.57,6.57,18000,0
2016-03-24,08:25:00,6.57,6.57,6.57,6.57,14000,0
2016-03-24,08:30:00,6.57,6.58,6.56,6.57,72000,0
2016-03-24,08:35:00,6.57,6.58,6.57,6.58,68000,0
2016-03-24,08:40:00,6.58,6.58,6.56,6.58,182000,0
2016-03-24,08:45:00,6.58,6.59,6.58,6.59,36000,0
2016-03-24,08:50:00,6.59,6.6,6.59,6.59,62000,0
2016-03-24,08:55:00,6.59,6.6,6.58,6.59,138000,0
2016-03-24,09:00:00,6.59,6.62,6.58,6.59,170000,0
2016-03-29,03:35:00,6.53,6.58,6.53,6.55,42000,0
2016-03-29,03:40:00,6.55,6.55,6.48,6.48,58000,0
2016-03-29,03:45:00,6.48,6.54,6.48,6.51,98000,0
2016-03-29,03:50:00,6.5,6.57,6.5,6.57,60000,0
2016-03-29,03:55:00,6.57,6.65,6.57,6.59,190000,0
2016-03-29,04:00:00,6.59,6.59,6.58,6.59,26000,0
2016-03-29,04:05:00,6.59,6.59,6.56,6.56,44000,0
2016-03-29,04:10:00,6.56,6.56,6.54,6.54,50000,0
2016-03-29,04:15:00,6.54,6.56,6.54,6.55,28000,0
2016-03-29,04:20:00,6.55,6.55,6.52,6.52,14000,0
2016-03-29,04:25:00,6.52,6.52,6.51,6.51,12000,0
2016-03-29,04:30:00,6.51,6.51,6.51,6.51,32000,0
2016-03-29,04:35:00,6.51,6.51,6.5,6.5,20000,0
2016-03-29,04:40:00,6.5,6.51,6.5,6.5,26000,0
2016-03-29,04:45:00,6.5,6.5,6.5,6.5,6000,0
2016-03-29,04:50:00,6.5,6.5,6.5,6.5,6000,0
2016-03-29,04:55:00,6.5,6.5,6.5,6.5,6000,0
2016-03-29,05:00:00,6.5,6.51,6.5,6.51,10000,0
2016-03-29,05:05:00,6.51,6.51,6.5,6.5,6000,0
2016-03-29,05:10:00,6.5,6.5,6.5,6.5,18000,0
2016-03-29,05:15:00,6.5,6.5,6.5,6.5,2000,0
2016-03-29,05:25:00,6.5,6.5,6.5,6.5,2000,0
2016-03-29,05:30:00,6.5,6.51,6.49,6.49,36000,0
2016-03-29,05:35:00,6.49,6.5,6.48,6.48,42000,0
2016-03-29,05:40:00,6.48,6.48,6.48,6.48,10000,0
2016-03-29,05:45:00,6.48,6.48,6.48,6.48,4000,0
2016-03-29,06:00:00,6.48,6.49,6.46,6.47,128000,0
2016-03-29,07:05:00,6.47,6.47,6.46,6.47,16000,0
2016-03-29,07:10:00,6.46,6.47,6.46,6.47,124000,0
2016-03-29,07:20:00,6.46,6.47,6.46,6.47,16000,0
2016-03-29,07:35:00,6.46,6.47,6.46,6.47,8000,0
2016-03-29,07:55:00,6.46,6.47,6.46,6.47,14000,0
2016-03-29,08:25:00,6.46,6.47,6.46,6.47,48000,0
2016-03-29,08:30:00,6.46,6.47,6.46,6.47,48000,0
2016-03-29,08:35:00,6.46,6.47,6.46,6.47,6000,0
2016-03-29,08:40:00,6.46,6.47,6.46,6.47,4000,0
2016-03-29,08:45:00,6.46,6.47,6.46,6.47,12000,0
2016-03-29,08:50:00,6.46,6.47,6.46,6.47,6000,0
2016-03-29,09:00:00,6.46,6.47,6.46,6.47,20000,0
2016-03-29,09:05:00,6.47,6.47,6.46,6.47,14000,0
2016-03-29,09:10:00,6.46,6.47,6.46,6.47,24000,0
2016-03-29,09:15:00,6.46,6.47,6.46,6.47,10000,0
2016-03-29,09:20:00,6.46,6.47,6.46,6.47,12000,0
2016-03-29,09:25:00,6.47,6.47,6.46,6.47,26000,0
2016-03-29,09:30:00,6.46,6.47,6.46,6.47,8000,0
2016-03-29,09:35:00,6.47,6.47,6.46,6.47,146000,0
2016-03-29,09:40:00,6.46,6.48,6.46,6.48,72000,0
2016-03-29,09:45:00,6.48,6.55,6.48,6.53,164000,0
2016-03-29,09:50:00,6.53,6.54,6.53,6.53,38000,0
2016-03-29,09:55:00,6.53,6.54,6.48,6.48,160000,0
2016-03-29,10:00:00,6.48,6.52,6.46,6.52,278000,0
2016-03-30,03:35:00,6.58,6.64,6.57,6.63,132000,0
2016-03-30,03:40:00,6.63,6.65,6.57,6.65,186000,0
2016-03-30,03:45:00,6.65,6.65,6.58,6.59,152000,0
2016-03-30,03:50:00,6.59,6.6,6.58,6.58,150000,0
2016-03-30,03:55:00,6.58,6.58,6.57,6.57,80000,0
2016-03-30,04:00:00,6.57,6.62,6.57,6.62,72000,0
2016-03-30,04:05:00,6.62,6.64,6.62,6.64,14000,0
2016-03-30,04:10:00,6.64,6.64,6.64,6.64,16000,0
2016-03-30,04:15:00,6.64,6.64,6.63,6.64,36000,0
2016-03-30,04:20:00,6.64,6.64,6.64,6.64,12000,0
2016-03-30,04:25:00,6.64,6.64,6.63,6.63,82000,0
2016-03-30,04:30:00,6.63,6.63,6.63,6.63,6000,0
2016-03-30,04:35:00,6.63,6.64,6.63,6.63,22000,0
2016-03-30,04:40:00,6.63,6.66,6.63,6.66,114000,0
2016-03-30,04:45:00,6.66,6.66,6.65,6.65,26000,0
2016-03-30,04:50:00,6.65,6.65,6.65,6.65,46000,0
2016-03-30,04:55:00,6.65,6.65,6.65,6.65,30000,0
2016-03-30,05:00:00,6.65,6.65,6.64,6.64,28000,0
2016-03-30,05:05:00,6.64,6.64,6.64,6.64,30000,0
2016-03-30,05:10:00,6.64,6.64,6.63,6.63,20000,0
2016-03-30,05:15:00,6.63,6.63,6.63,6.63,24000,0
2016-03-30,05:20:00,6.63,6.63,6.62,6.62,24000,0
2016-03-30,05:25:00,6.62,6.62,6.61,6.61,28000,0
2016-03-30,05:30:00,6.61,6.61,6.61,6.61,22000,0
2016-03-30,05:35:00,6.61,6.61,6.61,6.61,26000,0
2016-03-30,05:40:00,6.61,6.61,6.61,6.61,32000,0
2016-03-30,05:45:00,6.61,6.61,6.6,6.6,30000,0
2016-03-30,05:50:00,6.6,6.61,6.6,6.6,30000,0
2016-03-30,05:55:00,6.6,6.61,6.6,6.6,46000,0
2016-03-30,06:00:00,6.6,6.61,6.6,6.6,52000,0
2016-03-30,07:05:00,6.6,6.6,6.59,6.59,34000,0
2016-03-30,07:10:00,6.59,6.59,6.59,6.59,26000,0
2016-03-30,07:15:00,6.59,6.6,6.59,6.6,10000,0
2016-03-30,07:20:00,6.6,6.6,6.59,6.59,6000,0
2016-03-30,07:25:00,6.59,6.6,6.59,6.59,26000,0
2016-03-30,07:30:00,6.59,6.6,6.58,6.58,64000,0
2016-03-30,07:35:00,6.58,6.59,6.58,6.58,44000,0
2016-03-30,07:40:00,6.58,6.59,6.58,6.58,10000,0
2016-03-30,07:45:00,6.58,6.59,6.58,6.58,24000,0
2016-03-30,07:50:00,6.58,6.73,6.58,6.73,418000,0
2016-03-30,07:55:00,6.73,6.73,6.71,6.71,140000,0
2016-03-30,08:00:00,6.71,6.72,6.71,6.72,44000,0
2016-03-30,08:05:00,6.72,6.72,6.71,6.72,56000,0
2016-03-30,08:10:00,6.72,6.72,6.71,6.71,24000,0
2016-03-30,08:15:00,6.71,6.72,6.71,6.71,106000,0
2016-03-30,08:20:00,6.71,6.71,6.7,6.71,30000,0
2016-03-30,08:25:00,6.71,6.71,6.7,6.7,16000,0
2016-03-30,08:30:00,6.7,6.7,6.7,6.7,18000,0
2016-03-30,08:35:00,6.7,6.7,6.69,6.69,22000,0
2016-03-30,08:40:00,6.69,6.7,6.69,6.69,26000,0
2016-03-30,08:45:00,6.69,6.7,6.63,6.69,258000,0
2016-03-30,08:50:00,6.69,6.69,6.66,6.67,22000,0
2016-03-30,08:55:00,6.67,6.69,6.65,6.65,36000,0
2016-03-30,09:00:00,6.65,6.66,6.64,6.65,46000,0
2016-03-30,09:05:00,6.65,6.65,6.63,6.63,36000,0
2016-03-30,09:10:00,6.63,6.65,6.62,6.64,78000,0
2016-03-30,09:15:00,6.64,6.66,6.62,6.65,108000,0
2016-03-30,09:20:00,6.65,6.65,6.64,6.65,14000,0
2016-03-30,09:25:00,6.65,6.66,6.64,6.65,128000,0
2016-03-30,09:30:00,6.65,6.66,6.65,6.66,46000,0
2016-03-30,09:35:00,6.66,6.66,6.65,6.66,46000,0
2016-03-30,09:40:00,6.66,6.66,6.65,6.66,120000,0
2016-03-30,09:45:00,6.66,6.66,6.64,6.64,158000,0
2016-03-30,09:50:00,6.64,6.64,6.63,6.63,58000,0
2016-03-30,09:55:00,6.63,6.71,6.63,6.64,258000,0
2016-03-30,10:00:00,6.64,6.64,6.62,6.64,412000,0
2016-03-31,03:35:00,6.72,6.72,6.68,6.69,22000,0
2016-03-31,03:40:00,6.69,6.69,6.67,6.68,28000,0
2016-03-31,03:45:00,6.68,6.69,6.68,6.68,16000,0
2016-03-31,03:50:00,6.67,6.69,6.66,6.69,50000,0
2016-03-31,03:55:00,6.69,6.69,6.67,6.67,50000,0
2016-03-31,04:00:00,6.67,6.67,6.67,6.67,8000,0
2016-03-31,04:05:00,6.67,6.68,6.64,6.64,38000,0
2016-03-31,04:10:00,6.64,6.71,6.64,6.71,98000,0
2016-03-31,04:15:00,6.71,6.73,6.7,6.73,66000,0
2016-03-31,04:20:00,6.73,6.73,6.72,6.73,18000,0
2016-03-31,04:25:00,6.73,6.73,6.7,6.7,140000,0
2016-03-31,04:30:00,6.7,6.73,6.7,6.72,44000,0
2016-03-31,04:35:00,6.7,6.7,6.69,6.69,4000,0
2016-03-31,04:40:00,6.69,6.69,6.69,6.69,6000,0
2016-03-31,04:45:00,6.69,6.69,6.69,6.69,18000,0
2016-03-31,04:50:00,6.69,6.69,6.68,6.68,14000,0
2016-03-31,04:55:00,6.68,6.69,6.68,6.69,14000,0
2016-03-31,05:00:00,6.69,6.69,6.68,6.68,14000,0
2016-03-31,05:05:00,6.68,6.68,6.67,6.67,14000,0
2016-03-31,05:10:00,6.67,6.67,6.66,6.66,10000,0
2016-03-31,05:20:00,6.66,6.66,6.64,6.64,22000,0
2016-03-31,05:25:00,6.64,6.64,6.63,6.63,12000,0
2016-03-31,05:30:00,6.63,6.63,6.63,6.63,6000,0
2016-03-31,05:35:00,6.63,6.68,6.63,6.68,78000,0
2016-03-31,05:40:00,6.68,6.69,6.68,6.68,13384,0
2016-03-31,05:45:00,6.67,6.69,6.66,6.69,54000,0
2016-03-31,05:50:00,6.69,6.69,6.69,6.69,6000,0
2016-03-31,05:55:00,6.69,6.7,6.69,6.7,18000,0
2016-03-31,06:00:00,6.7,6.7,6.7,6.7,6000,0
2016-03-31,07:05:00,6.7,6.7,6.69,6.69,46000,0
2016-03-31,07:10:00,6.69,6.69,6.69,6.69,4000,0
2016-03-31,07:15:00,6.69,6.69,6.69,6.69,14000,0
2016-03-31,07:20:00,6.69,6.69,6.67,6.67,24000,0
2016-03-31,07:25:00,6.67,6.68,6.67,6.68,42000,0
2016-03-31,07:30:00,6.68,6.7,6.68,6.7,32000,0
2016-03-31,07:35:00,6.7,6.7,6.69,6.7,14000,0
2016-03-31,07:40:00,6.7,6.7,6.69,6.7,12000,0
2016-03-31,07:45:00,6.7,6.7,6.69,6.69,12000,0
2016-03-31,07:50:00,6.69,6.71,6.69,6.7,68000,0
2016-03-31,07:55:00,6.7,6.72,6.7,6.72,50000,0
2016-03-31,08:00:00,6.72,6.73,6.72,6.73,68000,0
2016-03-31,08:05:00,6.73,6.74,6.73,6.74,12000,0
2016-03-31,08:10:00,6.74,6.75,6.73,6.75,54000,0
2016-03-31,08:15:00,6.75,6.75,6.73,6.73,68000,0
2016-03-31,08:20:00,6.73,6.74,6.73,6.73,18000,0
2016-03-31,08:25:00,6.73,6.75,6.72,6.75,498000,0
2016-03-31,08:30:00,6.75,6.75,6.73,6.75,30000,0
2016-03-31,08:35:00,6.75,6.76,6.74,6.76,50000,0
2016-03-31,08:40:00,6.76,6.79,6.76,6.79,154000,0
2016-03-31,08:45:00,6.79,6.8,6.78,6.8,118000,0
2016-03-31,08:55:00,6.8,6.8,6.78,6.78,60000,0
2016-03-31,09:00:00,6.78,6.78,6.78,6.78,52000,0
2016-03-31,09:05:00,6.78,6.78,6.77,6.77,28000,0
2016-03-31,09:10:00,6.77,6.77,6.77,6.77,8000,0
2016-03-31,09:15:00,6.77,6.78,6.77,6.78,32000,0
2016-03-31,09:20:00,6.78,6.78,6.77,6.77,16000,0
2016-03-31,09:25:00,6.77,6.77,6.77,6.77,10000,0
2016-03-31,09:30:00,6.77,6.78,6.77,6.78,14000,0
2016-03-31,09:35:00,6.78,6.78,6.76,6.77,64000,0
2016-03-31,09:40:00,6.77,6.77,6.76,6.77,26000,0
2016-03-31,09:45:00,6.77,6.77,6.76,6.76,64000,0
2016-03-31,09:50:00,6.76,6.77,6.76,6.76,96000,0
2016-03-31,09:55:00,6.76,6.78,6.76,6.76,170750,0
2016-03-31,10:00:00,6.76,6.81,6.76,6.77,2442000,0
2016-04-01,03:35:00,6.85,6.85,6.78,6.83,64000,0
2016-04-01,03:40:00,6.83,6.85,6.82,6.82,64000,0
2016-04-01,03:45:00,6.82,6.86,6.82,6.84,196000,0
2016-04-01,03:50:00,6.84,6.85,6.82,6.82,56000,0
2016-04-01,03:55:00,6.82,6.85,6.82,6.85,58000,0
2016-04-01,04:00:00,6.85,6.85,6.82,6.82,48000,0
2016-04-01,04:05:00,6.82,6.84,6.81,6.84,12000,0
2016-04-01,04:10:00,6.84,6.84,6.82,6.82,10000,0
2016-04-01,04:15:00,6.82,6.83,6.82,6.82,8000,0
2016-04-01,04:20:00,6.82,6.84,6.82,6.84,42000,0
2016-04-01,04:25:00,6.84,6.85,6.83,6.84,80000,0
2016-04-01,04:30:00,6.84,6.85,6.84,6.84,44000,0
2016-04-01,04:35:00,6.84,6.84,6.83,6.84,62000,0
2016-04-01,04:40:00,6.84,6.85,6.84,6.85,6000,0
2016-04-01,04:45:00,6.85,6.85,6.84,6.84,16000,0
2016-04-01,04:50:00,6.84,6.84,6.83,6.83,22000,0
2016-04-01,04:55:00,6.83,6.84,6.82,6.82,76000,0
2016-04-01,05:00:00,6.82,6.82,6.82,6.82,4000,0
2016-04-01,05:05:00,6.82,6.82,6.81,6.81,8000,0
2016-04-01,05:10:00,6.81,6.82,6.81,6.82,8000,0
2016-04-01,05:15:00,6.82,6.82,6.8,6.8,42000,0
2016-04-01,05:20:00,6.8,6.8,6.8,6.8,4000,0
2016-04-01,05:25:00,6.8,6.81,6.8,6.81,8000,0
2016-04-01,05:30:00,6.81,6.83,6.8,6.83,30000,0
2016-04-01,05:35:00,6.83,6.83,6.82,6.82,8000,0
2016-04-01,05:40:00,6.82,6.82,6.81,6.81,24000,0
2016-04-01,05:45:00,6.81,6.81,6.8,6.8,16000,0
2016-04-01,05:50:00,6.81,6.82,6.81,6.81,12000,0
2016-04-01,05:55:00,6.81,6.82,6.8,6.82,12000,0
2016-04-01,06:00:00,6.82,6.82,6.8,6.81,16000,0
2016-04-01,07:05:00,6.81,6.82,6.81,6.82,6000,0
2016-04-01,07:10:00,6.82,6.82,6.81,6.81,4000,0
2016-04-01,07:15:00,6.81,6.82,6.81,6.82,6000,0
2016-04-01,07:20:00,6.82,6.82,6.81,6.82,10000,0
2016-04-01,07:25:00,6.82,6.82,6.79,6.79,48000,0
2016-04-01,07:30:00,6.79,6.79,6.79,6.79,12000,0
2016-04-01,07:35:00,6.79,6.8,6.79,6.79,14000,0
2016-04-01,07:40:00,6.79,6.79,6.78,6.78,28000,0
2016-04-01,07:45:00,6.78,6.79,6.78,6.78,36000,0
2016-04-01,07:50:00,6.78,6.78,6.77,6.77,114000,0
2016-04-01,07:55:00,6.77,6.77,6.75,6.77,74000,0
2016-04-01,08:00:00,6.77,6.77,6.77,6.77,2000,0
2016-04-01,08:05:00,6.77,6.77,6.77,6.77,6000,0
2016-04-01,08:10:00,6.77,6.77,6.76,6.76,22000,0
2016-04-01,08:15:00,6.76,6.77,6.76,6.77,16000,0
2016-04-01,08:20:00,6.77,6.78,6.76,6.78,22000,0
2016-04-01,08:25:00,6.78,6.78,6.78,6.78,10000,0
2016-04-01,08:30:00,6.78,6.78,6.78,6.78,8000,0
2016-04-01,08:35:00,6.78,6.78,6.77,6.77,12000,0
2016-04-01,08:40:00,6.77,6.78,6.77,6.78,6000,0
2016-04-01,08:45:00,6.78,6.79,6.78,6.79,106000,0
2016-04-01,08:50:00,6.79,6.83,6.78,6.8,190000,0
2016-04-01,08:55:00,6.8,6.84,6.8,6.84,144000,0
2016-04-01,09:00:00,6.84,6.84,6.84,6.84,16000,0
2016-04-01,09:05:00,6.84,6.84,6.83,6.84,108000,0
2016-04-01,09:10:00,6.84,6.84,6.83,6.83,16000,0
2016-04-01,09:15:00,6.83,6.84,6.83,6.84,108000,0
2016-04-01,09:20:00,6.84,6.84,6.83,6.83,58000,0
2016-04-01,09:25:00,6.83,6.84,6.83,6.83,42000,0
2016-04-01,09:30:00,6.83,6.84,6.83,6.83,64000,0
2016-04-01,09:35:00,6.83,6.84,6.83,6.83,46000,0
2016-04-01,09:40:00,6.83,6.84,6.83,6.83,60000,0
2016-04-01,09:45:00,6.83,6.84,6.83,6.84,268000,0
2016-04-01,09:50:00,6.84,6.84,6.83,6.83,252000,0
2016-04-01,09:55:00,6.83,6.84,6.83,6.83,352000,0
2016-04-01,10:00:00,6.83,6.84,6.83,6.84,812000,0
2016-04-05,03:35:00,6.84,6.86,6.83,6.83,8000,0
2016-04-05,03:40:00,6.82,6.88,6.81,6.88,228000,0
2016-04-05,03:45:00,6.87,6.89,6.86,6.89,172000,0
2016-04-05,03:50:00,6.89,7,6.89,6.99,520000,0
2016-04-05,03:55:00,6.99,6.99,6.97,6.98,36000,0
2016-04-05,04:00:00,6.98,6.98,6.96,6.96,187503,0
2016-04-05,04:05:00,6.96,6.97,6.95,6.95,230000,0
2016-04-05,04:10:00,6.95,6.97,6.95,6.96,434000,0
2016-04-05,04:15:00,6.96,6.97,6.96,6.97,40000,0
2016-04-05,04:20:00,6.97,6.97,6.94,6.95,422000,0
2016-04-05,04:25:00,6.95,6.97,6.93,6.97,1340000,0
2016-04-05,04:30:00,6.97,6.98,6.96,6.98,96000,0
2016-04-05,04:35:00,6.98,7,6.98,6.99,126000,0
2016-04-05,04:40:00,6.99,6.99,6.99,6.99,52000,0
2016-04-05,04:45:00,6.99,6.99,6.98,6.99,40000,0
2016-04-05,04:50:00,6.99,6.99,6.97,6.97,116000,0
2016-04-05,04:55:00,6.97,6.98,6.97,6.98,16000,0
2016-04-05,05:00:00,6.98,6.98,6.97,6.97,18000,0
2016-04-05,05:05:00,6.97,6.98,6.97,6.97,62000,0
2016-04-05,05:10:00,6.97,6.98,6.97,6.98,6000,0
2016-04-05,05:15:00,6.98,6.99,6.98,6.99,54000,0
2016-04-05,05:20:00,6.99,6.99,6.98,6.99,18000,0
2016-04-05,05:25:00,6.99,6.99,6.99,6.99,30000,0
2016-04-05,05:30:00,6.99,7,6.99,7,608000,0
2016-04-05,05:35:00,7,7.12,7,7.12,712000,0
2016-04-05,05:40:00,7.12,7.13,7.06,7.06,770000,0
2016-04-05,05:45:00,7.06,7.07,7.06,7.07,122000,0
2016-04-05,05:50:00,7.07,7.08,7.07,7.08,36000,0
2016-04-05,05:55:00,7.08,7.08,7.07,7.08,30000,0
2016-04-05,06:00:00,7.08,7.08,7.06,7.06,36000,0
2016-04-05,07:05:00,7.06,7.08,7.06,7.06,80000,0
2016-04-05,07:10:00,7.06,7.06,7.06,7.06,14000,0
2016-04-05,07:15:00,7.06,7.08,7.06,7.07,26000,0
2016-04-05,07:20:00,7.07,7.07,7.02,7.02,276000,0
2016-04-05,07:25:00,7.02,7.02,7,7,38000,0
2016-04-05,07:30:00,7,7,7,7,6000,0
2016-04-05,07:35:00,7,7,6.98,6.98,64000,0
2016-04-05,07:40:00,6.98,7.02,6.98,7.02,42000,0
2016-04-05,07:45:00,7.02,7.03,7.02,7.03,20000,0
2016-04-05,07:50:00,7.03,7.03,7.02,7.02,8000,0
2016-04-05,07:55:00,7.02,7.05,7.02,7.05,212000,0
2016-04-05,08:00:00,7.05,7.06,7.05,7.06,12000,0
2016-04-05,08:05:00,7.06,7.06,7.05,7.05,28000,0
2016-04-05,08:10:00,7.05,7.06,7.05,7.06,132000,0
2016-04-05,08:15:00,7.06,7.06,7.05,7.06,24000,0
2016-04-05,08:20:00,7.06,7.06,7.04,7.05,156000,0
2016-04-05,08:25:00,7.05,7.06,7.05,7.06,36000,0
2016-04-05,08:30:00,7.06,7.06,7.05,7.05,22000,0
2016-04-05,08:35:00,7.05,7.05,7.05,7.05,64000,0
2016-04-05,08:40:00,7.05,7.06,7.05,7.06,4000,0
2016-04-05,08:45:00,7.06,7.06,7.04,7.04,234000,0
2016-04-05,08:50:00,7.04,7.04,7.03,7.03,22000,0
2016-04-05,08:55:00,7.03,7.03,7.03,7.03,76000,0
2016-04-05,09:00:00,7.03,7.03,7.03,7.03,4000,0
2016-04-05,09:05:00,7.03,7.03,7.03,7.03,10000,0
2016-04-05,09:10:00,7.03,7.04,7.03,7.03,30000,0
2016-04-05,09:15:00,7.03,7.04,7.03,7.03,47000,0
2016-04-05,09:20:00,7.03,7.04,7.03,7.03,98000,0
2016-04-05,09:25:00,7.03,7.04,7.03,7.03,62000,0
2016-04-05,09:30:00,7.03,7.03,7.03,7.03,44000,0
2016-04-05,09:35:00,7.03,7.04,7.03,7.03,80000,0
2016-04-05,09:40:00,7.03,7.04,7.03,7.04,36000,0
2016-04-05,09:45:00,7.04,7.04,7.03,7.04,36000,0
2016-04-05,09:50:00,7.04,7.04,7.04,7.04,96000,0
2016-04-05,09:55:00,7.04,7.04,7.03,7.04,292000,0
2016-04-05,10:00:00,7.04,7.05,7.02,7.04,556000,0
2016-04-06,03:35:00,7.04,7.04,7.01,7.01,30000,0
2016-04-06,03:40:00,7.01,7.02,6.98,6.98,52000,0
2016-04-06,03:45:00,6.98,6.98,6.93,6.97,152000,0
2016-04-06,03:50:00,6.97,6.99,6.96,6.96,10000,0
2016-04-06,03:55:00,6.96,6.99,6.96,6.99,8000,0
2016-04-06,04:00:00,6.98,6.98,6.96,6.97,98000,0
2016-04-06,04:05:00,6.97,6.97,6.97,6.97,12000,0
2016-04-06,04:10:00,6.97,6.97,6.91,6.91,188000,0
2016-04-06,04:15:00,6.91,6.91,6.89,6.89,56000,0
2016-04-06,04:20:00,6.89,6.9,6.88,6.89,44000,0
2016-04-06,04:30:00,6.89,6.89,6.88,6.88,64000,0
2016-04-06,04:40:00,6.88,6.88,6.87,6.87,12000,0
2016-04-06,04:45:00,6.87,6.87,6.87,6.87,4000,0
2016-04-06,04:50:00,6.87,6.88,6.87,6.88,70000,0
2016-04-06,04:55:00,6.88,6.88,6.87,6.87,52000,0
2016-04-06,05:00:00,6.87,6.9,6.87,6.9,100000,0
2016-04-06,05:05:00,6.9,6.9,6.88,6.88,20000,0
2016-04-06,05:10:00,6.88,6.88,6.88,6.88,4000,0
2016-04-06,05:20:00,6.88,6.88,6.88,6.88,54400,0
2016-04-06,05:25:00,6.88,6.89,6.88,6.88,82000,0
2016-04-06,05:35:00,6.86,6.9,6.86,6.89,135008,0
2016-04-06,05:40:00,6.89,6.9,6.88,6.9,108000,0
2016-04-06,05:45:00,6.9,6.9,6.89,6.89,32000,0
2016-04-06,05:55:00,6.89,6.9,6.89,6.9,26000,0
2016-04-06,06:00:00,6.9,6.91,6.9,6.91,88000,0
2016-04-06,07:05:00,6.91,6.92,6.91,6.91,84000,0
2016-04-06,07:10:00,6.91,6.92,6.91,6.91,28000,0
2016-04-06,07:15:00,6.91,6.91,6.91,6.91,18000,0
2016-04-06,07:20:00,6.91,6.92,6.91,6.91,34000,0
2016-04-06,07:25:00,6.91,6.92,6.91,6.92,12000,0
2016-04-06,07:30:00,6.92,6.92,6.91,6.92,48000,0
2016-04-06,07:35:00,6.92,6.92,6.92,6.92,16000,0
2016-04-06,07:40:00,6.92,6.92,6.92,6.92,16000,0
2016-04-06,07:45:00,6.92,6.92,6.91,6.91,192000,0
2016-04-06,07:50:00,6.91,6.91,6.91,6.91,6000,0
2016-04-06,07:55:00,6.91,6.93,6.91,6.93,80000,0
2016-04-06,08:00:00,6.93,6.93,6.93,6.93,60000,0
2016-04-06,08:05:00,6.93,6.94,6.93,6.94,54000,0
2016-04-06,08:10:00,6.94,6.95,6.93,6.95,92000,0
2016-04-06,08:15:00,6.95,6.96,6.95,6.96,26000,0
2016-04-06,08:20:00,6.96,6.96,6.96,6.96,22000,0
2016-04-06,08:25:00,6.96,6.97,6.96,6.96,60000,0
2016-04-06,08:35:00,6.96,6.97,6.96,6.96,30000,0
2016-04-06,08:40:00,6.96,6.98,6.95,6.95,240000,0
2016-04-06,08:45:00,6.95,6.96,6.95,6.95,24000,0
2016-04-06,08:50:00,6.95,6.98,6.95,6.97,82000,0
2016-04-06,08:55:00,6.97,6.98,6.97,6.97,40000,0
2016-04-06,09:00:00,6.97,6.98,6.97,6.98,20000,0
2016-04-06,09:05:00,6.98,6.98,6.97,6.98,52000,0
2016-04-06,09:10:00,6.98,6.99,6.97,6.99,82000,0
2016-04-06,09:15:00,6.99,7,6.99,6.99,76000,0
2016-04-06,09:20:00,6.99,7,6.99,7,26000,0
2016-04-06,09:25:00,7,7.02,7,7.02,66000,0
2016-04-06,09:30:00,7.02,7.03,7.01,7.03,66000,0
2016-04-06,09:35:00,7.03,7.03,7.02,7.02,52000,0
2016-04-06,09:40:00,7.02,7.03,7.02,7.02,66000,0
2016-04-06,09:45:00,7.02,7.05,7.02,7.05,122000,0
2016-04-06,09:50:00,7.05,7.06,7.05,7.06,12000,0
2016-04-06,09:55:00,7.06,7.06,7.04,7.04,86000,0
2016-04-06,10:00:00,7.04,7.05,7,7.01,568000,0
2016-04-07,03:35:00,7.08,7.08,7,7.05,98000,0
2016-04-07,03:40:00,7.05,7.11,7.05,7.11,126000,0
2016-04-07,03:45:00,7.11,7.11,7.1,7.11,28000,0
2016-04-07,03:50:00,7.11,7.11,7.11,7.11,6000,0
2016-04-07,03:55:00,7.11,7.11,7.09,7.11,58000,0
2016-04-07,04:00:00,7.11,7.11,7.1,7.11,26000,0
2016-04-07,04:05:00,7.11,7.11,7.1,7.1,60000,0
2016-04-07,04:10:00,7.1,7.11,7.1,7.1,48000,0
2016-04-07,04:15:00,7.1,7.11,7.09,7.1,18000,0
2016-04-07,04:20:00,7.1,7.11,7.1,7.1,30000,0
2016-04-07,04:25:00,7.1,7.11,7.09,7.1,50000,0
2016-04-07,04:30:00,7.1,7.11,7.09,7.11,24000,0
2016-04-07,04:35:00,7.1,7.1,7.08,7.08,34000,0
2016-04-07,04:40:00,7.08,7.1,7.08,7.1,6000,0
2016-04-07,04:45:00,7.1,7.1,7.08,7.1,14000,0
2016-04-07,04:50:00,7.1,7.1,7.1,7.1,6000,0
2016-04-07,04:55:00,7.1,7.1,7.06,7.06,18000,0
2016-04-07,05:05:00,7.06,7.06,7.06,7.06,6000,0
2016-04-07,05:15:00,7.06,7.06,7.06,7.06,4000,0
2016-04-07,05:20:00,7.06,7.06,7.06,7.06,20000,0
2016-04-07,05:25:00,7.06,7.07,7.04,7.04,16000,0
2016-04-07,05:45:00,7.04,7.05,7.03,7.03,8000,0
2016-04-07,05:50:00,7.03,7.05,7.03,7.05,6000,0
2016-04-07,05:55:00,7.05,7.05,7.05,7.05,6000,0
2016-04-07,06:00:00,7.05,7.05,7.05,7.05,2000,0
2016-04-07,07:05:00,7.05,7.08,7.04,7.08,14000,0
2016-04-07,07:10:00,7.08,7.08,7.08,7.08,4000,0
2016-04-07,07:15:00,7.06,7.06,7.05,7.05,10000,0
2016-04-07,07:20:00,7.05,7.05,7.05,7.05,2000,0
2016-04-07,07:30:00,7.05,7.05,7.05,7.05,4000,0
2016-04-07,07:35:00,7.05,7.05,7.04,7.04,26000,0
2016-04-07,07:40:00,7.04,7.05,7.04,7.05,10000,0
2016-04-07,07:50:00,7.05,7.05,7.05,7.05,2000,0
2016-04-07,07:55:00,7.05,7.05,7.04,7.04,8000,0
2016-04-07,08:00:00,7.04,7.05,7.04,7.05,68000,0
2016-04-07,08:05:00,7.05,7.08,7.05,7.08,26000,0
2016-04-07,08:10:00,7.08,7.08,7.08,7.08,8000,0
2016-04-07,08:15:00,7.08,7.08,7.07,7.07,44000,0
2016-04-07,08:20:00,7.07,7.07,7.05,7.05,36000,0
2016-04-07,08:25:00,7.05,7.05,7.04,7.04,38000,0
2016-04-07,08:30:00,7.04,7.06,7.04,7.06,6000,0
2016-04-07,08:35:00,7.05,7.05,7.04,7.04,22000,0
2016-04-07,08:40:00,7.04,7.05,7.04,7.05,6000,0
2016-04-07,08:45:00,7.05,7.05,7.05,7.05,2000,0
2016-04-07,08:50:00,7.05,7.05,7.05,7.05,2000,0
2016-04-07,08:55:00,7.05,7.05,7.04,7.04,20000,0
2016-04-07,09:00:00,7.04,7.05,7.04,7.05,6000,0
2016-04-07,09:05:00,7.05,7.05,7.05,7.05,12000,0
2016-04-07,09:15:00,7.05,7.05,7.04,7.05,18000,0
2016-04-07,09:20:00,7.05,7.05,7.04,7.04,8000,0
2016-04-07,09:25:00,7.04,7.05,7.04,7.05,8000,0
2016-04-07,09:35:00,7.05,7.05,7.04,7.05,26000,0
2016-04-07,09:40:00,7.05,7.05,7.05,7.05,8000,0
2016-04-07,09:45:00,7.05,7.05,7.05,7.05,10000,0
2016-04-07,09:50:00,7.05,7.05,7.05,7.05,16000,0
2016-04-07,09:55:00,7.05,7.06,7.04,7.06,210000,0
2016-04-07,10:00:00,7.06,7.09,7.05,7.08,210000,0
2016-04-08,03:35:00,6.93,7.02,6.93,7.02,20000,0
2016-04-08,03:40:00,7.02,7.02,7,7,12000,0
2016-04-08,03:45:00,7,7.04,6.99,7.04,80000,0
2016-04-08,03:50:00,7.04,7.07,7.04,7.07,12000,0
2016-04-08,03:55:00,7.07,7.09,7.07,7.08,60000,0
2016-04-08,04:00:00,7.08,7.09,7.08,7.09,50000,0
2016-04-08,04:05:00,7.08,7.09,7.08,7.09,14000,0
2016-04-08,04:10:00,7.09,7.09,7.08,7.08,18000,0
2016-04-08,04:15:00,7.08,7.09,7.07,7.08,94000,0
2016-04-08,04:20:00,7.08,7.08,7.08,7.08,14000,0
2016-04-08,04:25:00,7.08,7.08,7.08,7.08,4000,0
2016-04-08,04:30:00,7.08,7.12,7.07,7.12,112000,0
2016-04-08,04:35:00,7.12,7.12,7.11,7.11,46000,0
2016-04-08,04:40:00,7.11,7.11,7.11,7.11,2000,0
2016-04-08,04:45:00,7.11,7.11,7.11,7.11,30000,0
2016-04-08,04:50:00,7.11,7.12,7.11,7.12,20000,0
2016-04-08,04:55:00,7.12,7.12,7.11,7.12,42000,0
2016-04-08,05:00:00,7.12,7.12,7.12,7.12,2000,0
2016-04-08,05:05:00,7.12,7.12,7.12,7.12,10000,0
2016-04-08,05:10:00,7.12,7.13,7.11,7.13,224000,0
2016-04-08,05:15:00,7.13,7.19,7.13,7.16,374000,0
2016-04-08,05:20:00,7.16,7.19,7.16,7.16,222000,0
2016-04-08,05:25:00,7.16,7.18,7.1,7.14,846000,0
2016-04-08,05:30:00,7.14,7.16,7.11,7.16,68000,0
2016-04-08,05:35:00,7.16,7.18,7.15,7.17,74000,0
2016-04-08,05:40:00,7.17,7.17,7.15,7.15,18000,0
2016-04-08,05:45:00,7.15,7.15,7.15,7.15,2000,0
2016-04-08,05:50:00,7.15,7.16,7.15,7.16,78000,0
2016-04-08,05:55:00,7.16,7.17,7.16,7.17,14000,0
2016-04-08,06:00:00,7.17,7.18,7.16,7.18,132000,0
2016-04-08,07:05:00,7.18,7.19,7.18,7.18,80000,0
2016-04-08,07:10:00,7.18,7.18,7.17,7.18,44000,0
2016-04-08,07:15:00,7.18,7.18,7.18,7.18,14000,0
2016-04-08,07:20:00,7.18,7.18,7.18,7.18,20000,0
2016-04-08,07:25:00,7.18,7.18,7.16,7.16,160000,0
2016-04-08,07:30:00,7.16,7.17,7.16,7.17,46000,0
2016-04-08,07:35:00,7.17,7.17,7.16,7.17,18000,0
2016-04-08,07:40:00,7.17,7.17,7.17,7.17,106000,0
2016-04-08,07:45:00,7.17,7.17,7.16,7.16,52000,0
2016-04-08,07:50:00,7.16,7.17,7.16,7.17,130000,0
2016-04-08,07:55:00,7.17,7.17,7.16,7.17,140000,0
2016-04-08,08:00:00,7.17,7.17,7.17,7.17,4000,0
2016-04-08,08:05:00,7.17,7.17,7.16,7.16,34000,0
2016-04-08,08:10:00,7.16,7.17,7.16,7.17,48000,0
2016-04-08,08:15:00,7.17,7.18,7.17,7.17,134000,0
2016-04-08,08:20:00,7.17,7.17,7.17,7.17,32000,0
2016-04-08,08:25:00,7.17,7.17,7.17,7.17,26000,0
2016-04-08,08:30:00,7.17,7.18,7.17,7.17,54000,0
2016-04-08,08:35:00,7.17,7.17,7.17,7.17,62000,0
2016-04-08,08:40:00,7.17,7.17,7.17,7.17,20000,0
2016-04-08,08:45:00,7.17,7.18,7.17,7.18,14000,0
2016-04-08,08:50:00,7.18,7.18,7.17,7.17,16000,0
2016-04-08,08:55:00,7.17,7.18,7.17,7.18,70000,0
2016-04-08,09:00:00,7.18,7.18,7.17,7.18,36000,0
2016-04-08,09:05:00,7.18,7.18,7.17,7.18,38000,0
2016-04-08,09:10:00,7.18,7.18,7.17,7.18,52000,0
2016-04-08,09:15:00,7.18,7.18,7.17,7.18,56000,0
2016-04-08,09:20:00,7.18,7.18,7.17,7.18,30000,0
2016-04-08,09:25:00,7.18,7.18,7.15,7.15,374000,0
2016-04-08,09:30:00,7.15,7.15,7.13,7.14,150000,0
2016-04-08,09:35:00,7.14,7.17,7.14,7.17,14000,0
2016-04-08,09:40:00,7.17,7.17,7.17,7.17,8000,0
2016-04-08,09:45:00,7.17,7.18,7.17,7.18,30000,0
2016-04-08,09:50:00,7.18,7.18,7.17,7.18,310000,0
2016-04-08,09:55:00,7.18,7.18,7.17,7.18,62000,0
2016-04-08,10:00:00,7.18,7.19,7.15,7.18,378000,0
2016-04-11,03:40:00,7.16,7.16,7.15,7.15,12000,0
2016-04-11,03:45:00,7.15,7.15,7.15,7.15,6000,0
2016-04-11,03:50:00,7.15,7.15,7.1,7.1,50000,0
2016-04-11,03:55:00,7.1,7.1,7.09,7.1,180000,0
2016-04-11,04:00:00,7.1,7.1,7.09,7.1,24000,0
2016-04-11,04:05:00,7.1,7.1,7.1,7.1,2000,0
2016-04-11,04:10:00,7.1,7.12,7.1,7.12,54000,0
2016-04-11,04:15:00,7.13,7.17,7.13,7.17,84000,0
2016-04-11,04:25:00,7.17,7.17,7.17,7.17,6000,0
2016-04-11,04:30:00,7.17,7.18,7.17,7.17,78000,0
2016-04-11,04:35:00,7.17,7.18,7.17,7.18,4000,0
2016-04-11,04:40:00,7.18,7.2,7.18,7.2,42000,0
2016-04-11,04:45:00,7.2,7.2,7.2,7.2,6000,0
2016-04-11,04:50:00,7.2,7.21,7.2,7.2,44000,0
2016-04-11,04:55:00,7.2,7.21,7.2,7.21,8000,0
2016-04-11,05:00:00,7.21,7.21,7.21,7.21,4000,0
2016-04-11,05:10:00,7.22,7.24,7.19,7.19,88000,0
2016-04-11,05:15:00,7.19,7.21,7.19,7.21,88000,0
2016-04-11,05:20:00,7.21,7.21,7.2,7.21,90000,0
2016-04-11,05:25:00,7.21,7.21,7.19,7.19,38000,0
2016-04-11,05:30:00,7.2,7.21,7.2,7.2,60000,0
2016-04-11,05:40:00,7.2,7.21,7.2,7.2,46000,0
2016-04-11,05:45:00,7.2,7.21,7.2,7.21,4000,0
2016-04-11,05:50:00,7.21,7.21,7.21,7.21,16000,0
2016-04-11,05:55:00,7.21,7.21,7.2,7.2,4000,0
2016-04-11,06:00:00,7.2,7.21,7.2,7.21,18000,0
2016-04-11,07:05:00,7.21,7.21,7.2,7.2,50000,0
2016-04-11,07:10:00,7.2,7.2,7.2,7.2,18000,0
2016-04-11,07:15:00,7.2,7.21,7.2,7.21,6000,0
2016-04-11,07:20:00,7.21,7.21,7.2,7.21,36000,0
2016-04-11,07:30:00,7.21,7.21,7.21,7.21,6000,0
2016-04-11,07:35:00,7.21,7.21,7.2,7.2,6000,0
2016-04-11,07:40:00,7.2,7.21,7.2,7.21,14000,0
2016-04-11,07:45:00,7.21,7.21,7.2,7.21,96000,0
2016-04-11,07:50:00,7.21,7.21,7.2,7.2,80000,0
2016-04-11,07:55:00,7.2,7.2,7.19,7.2,92000,0
2016-04-11,08:00:00,7.2,7.2,7.19,7.19,194000,0
2016-04-11,08:05:00,7.19,7.2,7.19,7.2,4000,0
2016-04-11,08:15:00,7.2,7.2,7.2,7.2,58000,0
2016-04-11,08:20:00,7.2,7.2,7.2,7.2,2000,0
2016-04-11,08:25:00,7.2,7.2,7.2,7.2,14000,0
2016-04-11,08:30:00,7.2,7.2,7.19,7.19,70000,0
2016-04-11,08:35:00,7.19,7.2,7.19,7.2,84000,0
2016-04-11,08:40:00,7.2,7.21,7.2,7.2,56000,0
2016-04-11,08:45:00,7.2,7.2,7.2,7.2,8000,0
2016-04-11,09:00:00,7.2,7.21,7.2,7.2,66000,0
2016-04-11,09:05:00,7.2,7.2,7.18,7.2,80000,0
2016-04-11,09:10:00,7.2,7.21,7.2,7.21,24000,0
2016-04-11,09:15:00,7.21,7.21,7.19,7.19,64000,0
2016-04-11,09:20:00,7.19,7.2,7.19,7.2,32000,0
2016-04-11,09:25:00,7.2,7.21,7.2,7.2,52000,0
2016-04-11,09:35:00,7.2,7.2,7.2,7.2,52000,0
2016-04-11,09:40:00,7.2,7.2,7.2,7.2,2000,0
2016-04-11,09:45:00,7.2,7.21,7.19,7.21,110000,0
2016-04-11,09:50:00,7.21,7.21,7.21,7.21,6000,0
2016-04-11,09:55:00,7.21,7.22,7.21,7.22,86000,0
2016-04-11,10:00:00,7.22,7.22,7.19,7.2,100000,0
2016-04-12,03:35:00,7.15,7.2,7.15,7.15,4000,0
2016-04-12,03:55:00,7.18,7.18,7.13,7.15,82000,0
2016-04-12,04:00:00,7.15,7.16,7.15,7.16,4000,0
2016-04-12,04:05:00,7.16,7.16,7.16,7.16,10000,0
2016-04-12,04:10:00,7.16,7.16,7.14,7.14,12000,0
2016-04-12,04:15:00,7.14,7.18,7.14,7.18,4000,0
2016-04-12,04:20:00,7.18,7.2,7.15,7.18,32000,0
2016-04-12,04:25:00,7.18,7.18,7.17,7.17,20000,0
2016-04-12,04:35:00,7.17,7.18,7.15,7.18,8000,0
2016-04-12,04:40:00,7.18,7.18,7.13,7.15,38000,0
2016-04-12,04:50:00,7.15,7.15,7.12,7.14,22000,0
2016-04-12,04:55:00,7.14,7.14,7.12,7.12,40000,0
2016-04-12,05:00:00,7.12,7.12,7.12,7.12,4000,0
2016-04-12,05:05:00,7.12,7.14,7.12,7.14,66000,0
2016-04-12,05:10:00,7.14,7.15,7.14,7.15,4000,0
2016-04-12,05:15:00,7.15,7.15,7.15,7.15,4000,0
2016-04-12,05:20:00,7.15,7.15,7.15,7.15,6000,0
2016-04-12,05:25:00,7.15,7.18,7.14,7.18,144000,0
2016-04-12,05:30:00,7.18,7.18,7.18,7.18,2000,0
2016-04-12,05:40:00,7.18,7.18,7.15,7.18,8000,0
2016-04-12,05:45:00,7.18,7.18,7.18,7.18,2000,0
2016-04-12,05:50:00,7.18,7.18,7.18,7.18,4000,0
2016-04-12,05:55:00,7.18,7.18,7.17,7.17,12000,0
2016-04-12,06:00:00,7.17,7.18,7.17,7.18,58000,0
2016-04-12,07:05:00,7.18,7.18,7.17,7.17,40000,0
2016-04-12,07:10:00,7.17,7.17,7.16,7.17,10000,0
2016-04-12,07:15:00,7.17,7.17,7.17,7.17,4000,0
2016-04-12,07:20:00,7.17,7.17,7.16,7.16,30000,0
2016-04-12,07:25:00,7.16,7.16,7.16,7.16,2000,0
2016-04-12,07:30:00,7.16,7.16,7.16,7.16,4000,0
2016-04-12,07:40:00,7.16,7.16,7.15,7.15,4000,0
2016-04-12,07:45:00,7.15,7.17,7.15,7.17,54000,0
2016-04-12,07:50:00,7.17,7.17,7.16,7.16,12000,0
2016-04-12,07:55:00,7.16,7.17,7.16,7.17,22000,0
2016-04-12,08:00:00,7.17,7.17,7.17,7.17,14000,0
2016-04-12,08:05:00,7.17,7.17,7.16,7.17,24000,0
2016-04-12,08:10:00,7.17,7.17,7.17,7.17,8000,0
2016-04-12,08:15:00,7.17,7.18,7.17,7.18,4000,0
2016-04-12,08:20:00,7.18,7.18,7.17,7.17,10000,0
2016-04-12,08:25:00,7.17,7.18,7.17,7.18,4000,0
2016-04-12,08:30:00,7.18,7.18,7.16,7.16,6000,0
2016-04-12,08:35:00,7.16,7.19,7.16,7.19,134000,0
2016-04-12,08:40:00,7.19,7.19,7.19,7.19,6000,0
2016-04-12,08:45:00,7.19,7.2,7.19,7.2,8000,0
2016-04-12,08:50:00,7.2,7.2,7.2,7.2,46000,0
2016-04-12,08:55:00,7.2,7.2,7.2,7.2,8000,0
2016-04-12,09:00:00,7.2,7.2,7.19,7.2,24000,0
2016-04-12,09:05:00,7.2,7.21,7.2,7.21,50000,0
2016-04-12,09:10:00,7.21,7.21,7.21,7.21,2000,0
2016-04-12,09:15:00,7.21,7.21,7.21,7.21,12000,0
2016-04-12,09:20:00,7.21,7.21,7.21,7.21,2000,0
2016-04-12,09:25:00,7.21,7.21,7.2,7.2,8000,0
2016-04-12,09:30:00,7.2,7.21,7.2,7.21,14000,0
2016-04-12,09:35:00,7.21,7.21,7.2,7.21,20000,0
2016-04-12,09:40:00,7.2,7.21,7.2,7.21,40000,0
2016-04-12,09:45:00,7.21,7.21,7.21,7.21,14000,0
2016-04-12,09:50:00,7.21,7.21,7.2,7.21,76000,0
2016-04-12,09:55:00,7.21,7.21,7.2,7.21,68000,0
2016-04-12,10:00:00,7.21,7.24,7.2,7.22,482000,0
2016-04-13,03:35:00,7.24,7.27,7.24,7.25,6000,0
2016-04-13,03:40:00,7.25,7.25,7.2,7.2,38000,0
2016-04-13,03:45:00,7.2,7.2,7.18,7.18,48000,0
2016-04-13,03:50:00,7.18,7.18,7.1,7.14,76000,0
2016-04-13,03:55:00,7.14,7.14,7.14,7.14,38000,0
2016-04-13,04:00:00,7.14,7.16,7.14,7.15,84000,0
2016-04-13,04:10:00,7.15,7.15,7.15,7.15,6000,0
2016-04-13,04:15:00,7.15,7.19,7.15,7.18,84000,0
2016-04-13,04:20:00,7.18,7.2,7.18,7.2,88000,0
2016-04-13,04:25:00,7.2,7.2,7.2,7.2,100000,0
2016-04-13,04:30:00,7.2,7.21,7.2,7.21,20000,0
2016-04-13,04:35:00,7.21,7.21,7.2,7.2,66000,0
2016-04-13,04:40:00,7.2,7.2,7.2,7.2,28000,0
2016-04-13,04:45:00,7.2,7.2,7.2,7.2,2000,0
2016-04-13,04:50:00,7.2,7.2,7.2,7.2,8000,0
2016-04-13,04:55:00,7.2,7.2,7.2,7.2,12000,0
2016-04-13,05:00:00,7.2,7.22,7.2,7.22,70000,0
2016-04-13,05:10:00,7.22,7.23,7.22,7.23,5000,0
2016-04-13,05:15:00,7.23,7.23,7.23,7.23,20000,0
2016-04-13,05:20:00,7.23,7.23,7.23,7.23,4000,0
2016-04-13,05:25:00,7.23,7.23,7.23,7.23,66000,0
2016-04-13,05:30:00,7.23,7.23,7.22,7.22,24000,0
2016-04-13,05:35:00,7.22,7.22,7.21,7.21,82000,0
2016-04-13,05:45:00,7.21,7.21,7.21,7.21,86000,0
2016-04-13,05:50:00,7.21,7.22,7.21,7.22,24000,0
2016-04-13,05:55:00,7.21,7.21,7.2,7.2,38000,0
2016-04-13,06:00:00,7.2,7.21,7.2,7.21,8000,0
2016-04-13,07:05:00,7.21,7.23,7.2,7.23,76000,0
2016-04-13,07:15:00,7.23,7.23,7.23,7.23,4000,0
2016-04-13,07:20:00,7.23,7.23,7.22,7.22,16000,0
2016-04-13,07:25:00,7.22,7.23,7.22,7.22,12000,0
2016-04-13,07:30:00,7.22,7.22,7.22,7.22,58000,0
2016-04-13,07:35:00,7.22,7.22,7.21,7.21,8000,0
2016-04-13,07:40:00,7.21,7.21,7.21,7.21,74000,0
2016-04-13,07:50:00,7.21,7.21,7.21,7.21,8000,0
2016-04-13,07:55:00,7.21,7.23,7.21,7.23,90000,0
2016-04-13,08:00:00,7.23,7.23,7.22,7.22,10000,0
2016-04-13,08:05:00,7.22,7.22,7.22,7.22,2000,0
2016-04-13,08:10:00,7.22,7.24,7.22,7.24,114000,0
2016-04-13,08:20:00,7.24,7.24,7.24,7.24,2000,0
2016-04-13,08:25:00,7.24,7.24,7.22,7.23,24000,0
2016-04-13,08:30:00,7.23,7.23,7.21,7.21,76000,0
2016-04-13,08:35:00,7.21,7.21,7.2,7.2,124000,0
2016-04-13,08:40:00,7.2,7.22,7.2,7.22,290000,0
2016-04-13,08:45:00,7.22,7.22,7.19,7.2,262000,0
2016-04-13,08:50:00,7.2,7.21,7.2,7.2,166000,0
2016-04-13,08:55:00,7.2,7.2,7.2,7.2,70000,0
2016-04-13,09:00:00,7.2,7.2,7.17,7.17,242000,0
2016-04-13,09:05:00,7.17,7.17,7.15,7.15,40000,0
2016-04-13,09:10:00,7.15,7.15,7.1,7.13,1880000,0
2016-04-13,09:15:00,7.13,7.14,7.12,7.13,76000,0
2016-04-13,09:20:00,7.13,7.13,7.1,7.1,230000,0
2016-04-13,09:25:00,7.1,7.14,7.1,7.14,204140,0
2016-04-13,09:35:00,7.14,7.14,7.14,7.14,10000,0
2016-04-13,09:40:00,7.14,7.14,7.11,7.11,130000,0
2016-04-13,09:45:00,7.11,7.12,7.1,7.11,132000,0
2016-04-13,09:50:00,7.11,7.13,7.1,7.13,86000,0
2016-04-13,09:55:00,7.13,7.13,7.11,7.11,84000,0
2016-04-13,10:00:00,7.11,7.11,7.05,7.06,1760000,0
