Date,Time,Open,High,Low,Close,Volume,OpenInt
2016-02-11,08:00:00,0.59,0.6,0.59,0.6,140000,0
2016-02-11,08:15:00,0.6,0.65,0.6,0.65,210000,0
2016-02-12,02:35:00,0.63,0.65,0.63,0.63,132000,0
2016-02-12,08:50:00,0.61,0.65,0.61,0.65,8000,0
2016-02-15,02:35:00,0.65,0.65,0.65,0.65,2000,0
2016-02-15,08:00:00,0.61,0.65,0.61,0.65,4000,0
2016-02-16,03:15:00,0.69,0.69,0.65,0.69,6000,0
2016-02-16,06:30:00,0.63,0.65,0.63,0.65,4000,0
2016-02-16,06:45:00,0.65,0.65,0.65,0.65,20000,0
2016-02-16,07:15:00,0.65,0.67,0.65,0.67,4000,0
2016-02-16,07:25:00,0.67,0.67,0.64,0.64,68000,0
2016-02-16,07:45:00,0.64,0.67,0.64,0.67,20000,0
2016-02-17,04:20:00,0.66,0.67,0.66,0.67,18000,0
2016-02-17,04:25:00,0.67,0.69,0.67,0.69,8000,0
2016-02-22,07:20:00,0.66,0.68,0.66,0.68,4000,0
2016-02-22,08:25:00,0.66,0.67,0.66,0.67,4000,0
2016-02-23,03:00:00,0.71,0.71,0.71,0.71,2000,0
2016-02-23,07:05:00,0.67,0.67,0.66,0.66,60000,0
2016-02-23,07:10:00,0.66,0.67,0.66,0.67,200000,0
2016-02-23,07:20:00,0.67,0.67,0.67,0.67,50000,0
2016-02-23,07:25:00,0.67,0.67,0.67,0.67,50000,0
2016-02-23,07:45:00,0.67,0.67,0.67,0.67,28000,0
2016-02-23,08:35:00,0.67,0.69,0.67,0.69,86000,0
2016-02-23,08:50:00,0.64,0.68,0.64,0.68,10000,0
2016-02-24,03:35:00,0.71,0.71,0.68,0.69,4000,0
2016-02-25,05:00:00,0.65,0.69,0.65,0.65,8000,0
2016-02-25,06:05:00,0.65,0.68,0.65,0.65,46000,0
2016-02-25,06:10:00,0.64,0.66,0.64,0.66,4000,0
2016-02-25,07:05:00,0.64,0.65,0.64,0.65,200000,0
2016-02-25,07:10:00,0.65,0.67,0.65,0.67,134000,0
2016-02-25,07:50:00,0.67,0.67,0.67,0.67,6000,0
2016-02-25,08:15:00,0.66,0.66,0.66,0.66,20000,0
2016-02-25,08:30:00,0.66,0.66,0.66,0.66,6000,0
2016-02-25,08:45:00,0.66,0.66,0.66,0.66,6000,0
2016-02-25,08:50:00,0.66,0.66,0.66,0.66,10000,0
2016-02-25,09:00:00,0.66,0.66,0.66,0.66,6000,0
2016-02-26,02:45:00,0.7,0.72,0.66,0.72,8000,0
2016-02-26,02:55:00,0.71,0.71,0.67,0.67,146000,0
2016-02-26,03:00:00,0.67,0.68,0.67,0.67,30000,0
2016-02-26,03:10:00,0.67,0.67,0.67,0.67,4000,0
2016-02-26,03:15:00,0.67,0.68,0.67,0.67,30000,0
2016-02-26,03:25:00,0.67,0.68,0.67,0.68,6000,0
2016-02-26,03:30:00,0.68,0.71,0.68,0.71,22000,0
2016-02-26,03:35:00,0.71,0.71,0.67,0.67,74000,0
2016-02-26,03:40:00,0.67,0.69,0.67,0.69,4000,0
2016-02-26,04:45:00,0.66,0.68,0.66,0.68,4000,0
2016-02-26,08:10:00,0.66,0.68,0.66,0.68,22000,0
2016-03-02,03:45:00,0.6,0.65,0.6,0.64,150000,0
2016-03-02,04:05:00,0.64,0.68,0.64,0.68,578000,0
2016-03-02,07:40:00,0.66,0.66,0.66,0.66,100000,0
2016-03-02,08:35:00,0.66,0.66,0.65,0.65,8000,0
2016-03-02,08:45:00,0.65,0.65,0.65,0.65,76000,0
2016-03-02,09:00:00,0.65,0.67,0.65,0.67,42000,0
2016-03-03,03:00:00,0.68,0.71,0.67,0.71,8000,0
2016-03-03,04:15:00,0.69,0.69,0.69,0.69,90000,0
2016-03-03,06:10:00,0.68,0.68,0.68,0.68,100000,0
2016-03-04,08:20:00,0.65,0.68,0.65,0.68,6000,0
2016-03-07,03:00:00,0.72,0.72,0.68,0.72,4000,0
2016-03-07,03:10:00,0.69,0.69,0.69,0.69,88000,0
2016-03-07,03:15:00,0.69,0.71,0.69,0.71,134000,0
2016-03-07,03:20:00,0.71,0.71,0.71,0.71,10000,0
2016-03-07,03:25:00,0.71,0.71,0.71,0.71,60000,0
2016-03-07,03:35:00,0.68,0.71,0.68,0.71,4000,0
2016-03-07,04:15:00,0.71,0.71,0.71,0.71,30000,0
2016-03-07,04:30:00,0.71,0.71,0.69,0.69,4000,0
2016-03-07,04:45:00,0.69,0.7,0.69,0.7,200000,0
2016-03-07,06:15:00,0.7,0.71,0.7,0.71,14000,0
2016-03-07,06:30:00,0.71,0.71,0.71,0.71,8000,0
2016-03-07,06:50:00,0.71,0.71,0.69,0.69,120000,0
2016-03-07,07:10:00,0.7,0.71,0.7,0.71,260000,0
2016-03-07,07:15:00,0.71,0.72,0.71,0.71,34000,0
2016-03-07,07:45:00,0.71,0.71,0.71,0.71,40000,0
2016-03-07,07:50:00,0.71,0.71,0.71,0.71,2000,0
2016-03-07,08:10:00,0.71,0.71,0.71,0.71,18000,0
2016-03-07,08:20:00,0.71,0.72,0.71,0.72,4000,0
2016-03-07,08:55:00,0.72,0.72,0.7,0.7,160000,0
2016-03-07,09:00:00,0.7,0.72,0.7,0.72,4000,0
2016-03-09,06:25:00,0.68,0.71,0.68,0.71,4000,0
2016-03-09,07:00:00,0.71,0.71,0.71,0.71,98000,0
2016-03-09,07:15:00,0.71,0.72,0.71,0.72,6000,0
2016-03-09,07:20:00,0.72,0.73,0.72,0.73,28000,0
2016-03-09,07:25:00,0.73,0.73,0.72,0.72,538000,0
2016-03-09,07:45:00,0.72,0.72,0.72,0.72,4000,0
2016-03-09,08:10:00,0.72,0.72,0.72,0.72,4000,0
2016-03-09,08:15:00,0.72,0.73,0.72,0.73,24000,0
2016-03-09,08:45:00,0.72,0.72,0.72,0.72,6000,0
2016-03-09,08:50:00,0.72,0.72,0.72,0.72,94000,0
2016-03-09,08:55:00,0.72,0.72,0.72,0.72,6000,0
2016-03-10,03:50:00,0.69,0.69,0.69,0.69,20000,0
2016-03-10,03:55:00,0.69,0.72,0.69,0.72,10000,0
2016-03-10,08:25:00,0.72,0.72,0.69,0.69,120000,0
2016-03-10,08:45:00,0.69,0.69,0.69,0.69,10000,0
2016-03-10,08:55:00,0.69,0.72,0.69,0.71,6000,0
2016-03-10,09:00:00,0.71,0.71,0.71,0.71,100000,0
2016-03-14,06:35:00,0.7,0.7,0.7,0.7,10000,0
2016-03-14,08:00:00,0.67,0.69,0.67,0.69,4000,0
2016-03-14,08:20:00,0.69,0.7,0.69,0.7,6000,0
2016-03-14,08:40:00,0.7,0.7,0.7,0.7,6000,0
2016-03-14,09:00:00,0.7,0.7,0.7,0.7,26000,0
2016-03-16,07:05:00,0.66,0.68,0.66,0.68,4000,0
2016-03-17,03:10:00,0.66,0.68,0.66,0.66,494000,0
2016-03-17,07:15:00,0.66,0.67,0.66,0.67,4000,0
2016-03-17,07:20:00,0.67,0.67,0.67,0.67,2000,0
2016-03-17,07:35:00,0.67,0.67,0.67,0.67,48000,0
2016-03-17,07:40:00,0.67,0.69,0.67,0.69,6000,0
2016-03-17,08:10:00,0.69,0.69,0.69,0.69,2000,0
2016-03-17,08:50:00,0.69,0.7,0.69,0.7,20000,0
2016-03-18,07:15:00,0.67,0.7,0.67,0.7,24000,0
2016-03-21,03:05:00,0.67,0.71,0.67,0.71,4000,0
2016-03-21,03:10:00,0.67,0.71,0.67,0.71,4000,0
2016-03-21,04:00:00,0.7,0.7,0.68,0.68,48000,0
2016-03-21,06:10:00,0.68,0.69,0.68,0.69,92000,0
2016-03-21,07:35:00,0.69,0.7,0.69,0.7,80000,0
2016-03-21,07:40:00,0.7,0.7,0.7,0.7,20000,0
2016-03-21,08:05:00,0.7,0.7,0.69,0.69,64000,0
2016-03-22,04:55:00,0.68,0.71,0.68,0.71,1200000,0
2016-03-22,05:00:00,0.71,0.71,0.71,0.71,64000,0
2016-03-22,06:05:00,0.71,0.72,0.71,0.72,4000,0
2016-03-22,06:30:00,0.71,0.72,0.71,0.72,104000,0
2016-03-22,06:35:00,0.71,0.71,0.71,0.71,100000,0
2016-03-22,07:00:00,0.71,0.71,0.7,0.7,8000,0
2016-03-22,07:20:00,0.7,0.7,0.7,0.7,46000,0
2016-03-22,08:00:00,0.7,0.7,0.69,0.69,4000,0
2016-03-22,08:15:00,0.69,0.7,0.69,0.7,204000,0
2016-03-23,04:10:00,0.7,0.73,0.7,0.73,4000,0
2016-03-23,08:35:00,0.7,0.71,0.7,0.71,4000,0
2016-03-23,09:00:00,0.71,0.72,0.71,0.72,32000,0
2016-03-24,04:30:00,0.72,0.72,0.72,0.72,20000,0
2016-03-24,06:10:00,0.71,0.71,0.71,0.71,2000,0
2016-03-24,06:15:00,0.71,0.71,0.71,0.71,20000,0
2016-03-24,07:30:00,0.71,0.71,0.7,0.7,200000,0
2016-03-24,07:55:00,0.7,0.71,0.7,0.71,20000,0
2016-03-24,08:00:00,0.71,0.71,0.7,0.7,198000,0
2016-03-24,09:00:00,0.7,0.7,0.68,0.69,192000,0
2016-03-29,09:50:00,0.71,0.71,0.69,0.71,4000,0
2016-03-30,04:30:00,0.71,0.71,0.71,0.71,40000,0
2016-03-30,05:55:00,0.7,0.71,0.7,0.71,40000,0
2016-03-30,08:45:00,0.7,0.71,0.7,0.71,4000,0
2016-03-30,09:10:00,0.71,0.71,0.71,0.71,190000,0
2016-03-30,09:20:00,0.71,0.71,0.71,0.71,74000,0
2016-03-30,09:35:00,0.71,0.71,0.71,0.71,56000,0
2016-03-30,09:50:00,0.71,0.71,0.71,0.71,2000,0
2016-03-31,03:35:00,0.72,0.77,0.72,0.77,888000,0
2016-03-31,03:40:00,0.75,0.75,0.74,0.75,234000,0
2016-03-31,03:45:00,0.76,0.76,0.76,0.76,20000,0
2016-03-31,03:50:00,0.76,0.76,0.76,0.76,6000,0
2016-03-31,03:55:00,0.76,0.76,0.76,0.76,4000,0
2016-03-31,04:00:00,0.76,0.79,0.76,0.79,426000,0
2016-03-31,04:05:00,0.78,0.82,0.78,0.82,54000,0
2016-03-31,04:10:00,0.8,0.8,0.79,0.79,60000,0
2016-03-31,04:15:00,0.79,0.79,0.78,0.78,28000,0
2016-03-31,04:20:00,0.78,0.78,0.76,0.76,58000,0
2016-03-31,04:25:00,0.76,0.78,0.76,0.78,4000,0
2016-03-31,04:55:00,0.78,0.78,0.78,0.78,2000,0
2016-03-31,05:00:00,0.78,0.78,0.78,0.78,2000,0
2016-03-31,05:45:00,0.78,0.78,0.77,0.77,108000,0
2016-03-31,05:50:00,0.77,0.78,0.77,0.78,8000,0
2016-03-31,07:45:00,0.78,0.78,0.76,0.76,8000,0
2016-03-31,07:50:00,0.76,0.76,0.76,0.76,100000,0
2016-03-31,08:10:00,0.76,0.76,0.76,0.76,4000,0
2016-03-31,08:15:00,0.76,0.77,0.76,0.77,4000,0
2016-03-31,08:25:00,0.77,0.77,0.77,0.77,4000,0
2016-03-31,08:40:00,0.77,0.77,0.76,0.76,114000,0
2016-03-31,09:00:00,0.76,0.76,0.76,0.76,18000,0
2016-03-31,09:25:00,0.76,0.76,0.75,0.75,60000,0
2016-03-31,09:50:00,0.75,0.75,0.75,0.75,10000,0
2016-04-01,03:45:00,0.82,0.82,0.75,0.75,70000,0
2016-04-01,04:30:00,0.75,0.75,0.75,0.75,2000,0
2016-04-01,04:40:00,0.75,0.75,0.75,0.75,32000,0
2016-04-01,04:50:00,0.75,0.75,0.73,0.73,6000,0
2016-04-01,05:00:00,0.73,0.75,0.73,0.75,120000,0
2016-04-01,05:10:00,0.75,0.77,0.75,0.77,50000,0
2016-04-01,05:55:00,0.75,0.75,0.74,0.74,100000,0
2016-04-01,07:20:00,0.74,0.75,0.74,0.75,40000,0
2016-04-01,07:35:00,0.75,0.75,0.75,0.75,50000,0
2016-04-01,09:05:00,0.75,0.76,0.75,0.76,164000,0
2016-04-01,10:00:00,0.75,0.76,0.75,0.76,50000,0
2016-04-05,04:20:00,0.76,0.76,0.75,0.75,4000,0
2016-04-05,04:25:00,0.75,0.75,0.75,0.75,38000,0
2016-04-05,07:50:00,0.72,0.73,0.72,0.73,14000,0
2016-04-05,08:00:00,0.73,0.75,0.73,0.75,96000,0
2016-04-05,09:10:00,0.75,0.75,0.73,0.73,16000,0
2016-04-05,09:20:00,0.73,0.75,0.73,0.75,54000,0
2016-04-06,04:10:00,0.75,0.79,0.75,0.76,108000,0
2016-04-07,03:55:00,0.75,0.77,0.75,0.77,36000,0
2016-04-07,05:15:00,0.77,0.77,0.73,0.74,26000,0
2016-04-07,08:40:00,0.74,0.77,0.74,0.77,6000,0
2016-04-08,05:45:00,0.72,0.73,0.72,0.73,80000,0
2016-04-08,05:50:00,0.73,0.74,0.73,0.74,118000,0
2016-04-08,05:55:00,0.74,0.74,0.74,0.74,70000,0
2016-04-08,06:00:00,0.74,0.74,0.74,0.74,68000,0
2016-04-08,09:10:00,0.74,0.74,0.74,0.74,2000,0
2016-04-08,09:20:00,0.74,0.74,0.73,0.73,4000,0
2016-04-08,09:40:00,0.73,0.74,0.73,0.74,68000,0
2016-04-11,04:35:00,0.75,0.75,0.74,0.75,98000,0
2016-04-11,05:30:00,0.75,0.75,0.75,0.75,2000,0
2016-04-11,07:30:00,0.75,0.75,0.75,0.75,18000,0
2016-04-11,09:20:00,0.75,0.76,0.75,0.76,20000,0
2016-04-12,09:20:00,0.75,0.76,0.75,0.75,80000,0
2016-04-12,09:40:00,0.75,0.76,0.75,0.76,4000,0
2016-04-12,09:45:00,0.76,0.76,0.76,0.76,10000,0
2016-04-13,04:10:00,0.76,0.77,0.76,0.77,154000,0
2016-04-13,04:30:00,0.77,0.78,0.77,0.78,68000,0
2016-04-13,04:40:00,0.78,0.78,0.77,0.77,40000,0
2016-04-13,04:50:00,0.77,0.79,0.77,0.77,514000,0
2016-04-13,04:55:00,0.77,0.77,0.74,0.77,198000,0
2016-04-13,05:00:00,0.77,0.78,0.77,0.78,4000,0
2016-04-13,05:10:00,0.78,0.79,0.78,0.79,72000,0
2016-04-13,05:15:00,0.79,0.79,0.79,0.79,30000,0
2016-04-13,05:40:00,0.78,0.78,0.77,0.77,4000,0
2016-04-13,05:45:00,0.77,0.77,0.77,0.77,14000,0
2016-04-13,07:50:00,0.77,0.77,0.77,0.77,32000,0
