Date,Time,Open,High,Low,Close,Volume,OpenInt
2016-03-18,02:35:00,27.7,27.9,27.55,27.7,103500,0
2016-03-18,02:40:00,27.7,27.8,27.7,27.8,10000,0
2016-03-18,02:45:00,27.8,27.9,27.8,27.9,31500,0
2016-03-18,02:50:00,27.9,27.9,27.8,27.9,36849,0
2016-03-18,02:55:00,27.9,27.9,27.85,27.85,27950,0
2016-03-18,03:00:00,27.85,27.85,27.8,27.85,45500,0
2016-03-18,03:05:00,27.85,27.85,27.8,27.85,22500,0
2016-03-18,03:10:00,27.85,27.9,27.85,27.9,11500,0
2016-03-18,03:15:00,27.9,27.9,27.85,27.9,24000,0
2016-03-18,03:20:00,27.9,28,27.9,28,36000,0
2016-03-18,03:25:00,28,28,27.95,28,20500,0
2016-03-18,03:30:00,28,28.2,28,28.15,59500,0
2016-03-18,03:35:00,28.15,28.15,28.05,28.1,43500,0
2016-03-18,03:40:00,28.1,28.1,28.05,28.1,24500,0
2016-03-18,03:50:00,28.1,28.1,27.95,27.95,18000,0
2016-03-18,03:55:00,27.95,28.05,27.95,27.95,13500,0
2016-03-18,04:00:00,27.95,27.95,27.95,27.95,3000,0
2016-03-18,04:05:00,27.95,27.95,27.8,27.8,38000,0
2016-03-18,04:10:00,27.8,27.8,27.6,27.6,10000,0
2016-03-18,04:15:00,27.6,27.6,27.55,27.55,5000,0
2016-03-18,04:20:00,27.55,27.6,27.55,27.6,22500,0
2016-03-18,04:25:00,27.6,27.65,27.6,27.65,1000,0
2016-03-18,04:30:00,27.65,27.65,27.6,27.65,6140,0
2016-03-18,04:35:00,27.65,27.65,27.6,27.6,9000,0
2016-03-18,04:40:00,27.6,27.6,27.6,27.6,2500,0
2016-03-18,04:45:00,27.6,27.65,27.6,27.6,13000,0
2016-03-18,04:50:00,27.6,27.6,27.6,27.6,4000,0
2016-03-18,04:55:00,27.6,27.65,27.6,27.6,12604,0
2016-03-18,05:00:00,27.6,27.6,27.6,27.6,5000,0
2016-03-18,06:05:00,27.6,27.65,27.6,27.65,6000,0
2016-03-18,06:10:00,27.65,27.65,27.65,27.65,1500,0
2016-03-18,06:15:00,27.65,27.65,27.6,27.65,11000,0
2016-03-18,06:20:00,27.65,27.65,27.6,27.6,4000,0
2016-03-18,06:25:00,27.6,27.65,27.6,27.65,6500,0
2016-03-18,06:30:00,27.65,27.65,27.65,27.65,4000,0
2016-03-18,06:35:00,27.65,27.8,27.65,27.8,10500,0
2016-03-18,06:40:00,27.8,27.9,27.8,27.85,23086,0
2016-03-18,06:45:00,27.85,27.85,27.8,27.8,3000,0
2016-03-18,06:50:00,27.8,27.8,27.8,27.8,2500,0
2016-03-18,06:55:00,27.8,27.8,27.8,27.8,5000,0
2016-03-18,07:00:00,27.8,27.85,27.8,27.85,2000,0
2016-03-18,07:05:00,27.85,27.85,27.8,27.85,12000,0
2016-03-18,07:10:00,27.85,27.85,27.8,27.8,3500,0
2016-03-18,07:15:00,27.8,27.85,27.8,27.8,3000,0
2016-03-18,07:20:00,27.8,27.8,27.8,27.8,1500,0
2016-03-18,07:25:00,27.8,27.85,27.8,27.85,17000,0
2016-03-18,07:30:00,27.85,27.85,27.8,27.85,14007,0
2016-03-18,07:35:00,27.85,27.85,27.85,27.85,3000,0
2016-03-18,07:40:00,27.85,27.9,27.85,27.9,3000,0
2016-03-18,07:45:00,27.9,27.9,27.85,27.9,12630,0
2016-03-18,07:50:00,27.9,27.9,27.9,27.9,4000,0
2016-03-18,07:55:00,27.9,27.9,27.85,27.9,13000,0
2016-03-18,08:00:00,27.9,27.9,27.85,27.9,18500,0
2016-03-18,08:05:00,27.9,27.9,27.85,27.9,22000,0
2016-03-18,08:10:00,27.9,27.9,27.85,27.9,20000,0
2016-03-18,08:15:00,27.9,28,27.9,28,50493,0
2016-03-18,08:20:00,28,28,27.9,27.95,13000,0
2016-03-18,08:25:00,27.95,27.95,27.9,27.9,2500,0
2016-03-18,08:30:00,27.9,27.95,27.9,27.95,8500,0
2016-03-18,08:35:00,27.95,27.95,27.95,27.95,1000,0
2016-03-18,08:40:00,27.95,27.95,27.9,27.9,22000,0
2016-03-18,08:45:00,27.9,27.95,27.9,27.9,6000,0
2016-03-18,08:50:00,27.9,28,27.9,28,28000,0
2016-03-18,08:55:00,28,28,27.95,27.95,25000,0
2016-03-18,09:00:00,27.95,28.05,27.8,27.95,523500,0
2016-03-21,02:35:00,27.95,27.95,27.95,27.95,350000,0
2016-03-21,02:50:00,27.95,28.1,27.95,28,36500,0
2016-03-21,03:00:00,28,28,28,28,16000,0
2016-03-21,03:05:00,28,28,28,28,4500,0
2016-03-21,03:10:00,28,28,28,28,1000,0
2016-03-21,03:15:00,28,28,28,28,500,0
2016-03-21,03:20:00,28,28,28,28,5000,0
2016-03-21,03:25:00,28,28,27.95,28,5500,0
2016-03-21,03:30:00,28,28,27.95,27.95,66000,0
2016-03-21,03:35:00,27.95,27.95,27.95,27.95,8000,0
2016-03-21,03:40:00,27.95,27.95,27.9,27.9,10500,0
2016-03-21,03:45:00,27.9,27.9,27.85,27.85,3500,0
2016-03-21,03:50:00,27.85,27.85,27.8,27.8,7500,0
2016-03-21,03:55:00,27.8,27.85,27.75,27.75,2000,0
2016-03-21,04:00:00,27.75,27.75,27.75,27.75,4000,0
2016-03-21,04:05:00,27.75,27.75,27.7,27.7,9000,0
2016-03-21,04:10:00,27.7,27.8,27.7,27.7,6000,0
2016-03-21,04:15:00,27.7,27.7,27.6,27.7,11500,0
2016-03-21,04:20:00,27.7,27.7,27.65,27.65,7500,0
2016-03-21,04:25:00,27.65,27.65,27.6,27.6,4500,0
2016-03-21,04:30:00,27.6,27.6,27.55,27.55,5500,0
2016-03-21,04:35:00,27.55,27.65,27.55,27.55,4500,0
2016-03-21,04:40:00,27.55,27.6,27.55,27.6,8359,0
2016-03-21,04:45:00,27.6,27.6,27.55,27.55,14500,0
2016-03-21,04:50:00,27.55,27.6,27.55,27.55,10500,0
2016-03-21,04:55:00,27.55,27.85,27.55,27.85,31500,0
2016-03-21,05:00:00,27.8,27.8,27.75,27.75,5500,0
2016-03-21,06:05:00,27.75,27.8,27.75,27.75,20500,0
2016-03-21,06:10:00,27.75,27.75,27.7,27.7,2500,0
2016-03-21,06:15:00,27.7,27.8,27.7,27.8,3000,0
2016-03-21,06:20:00,27.8,27.8,27.7,27.7,7000,0
2016-03-21,06:25:00,27.7,27.7,27.7,27.7,2500,0
2016-03-21,06:30:00,27.7,27.8,27.7,27.7,6000,0
2016-03-21,06:35:00,27.7,27.8,27.7,27.8,8500,0
2016-03-21,06:40:00,27.8,27.8,27.7,27.75,5500,0
2016-03-21,06:45:00,27.75,27.8,27.75,27.8,12000,0
2016-03-21,06:50:00,27.8,27.8,27.75,27.8,10000,0
2016-03-21,06:55:00,27.8,27.8,27.75,27.8,16500,0
2016-03-21,07:00:00,27.8,27.8,27.75,27.75,7000,0
2016-03-21,07:05:00,27.75,27.75,27.75,27.75,2000,0
2016-03-21,07:10:00,27.75,27.75,27.75,27.75,2000,0
2016-03-21,07:15:00,27.75,27.8,27.75,27.75,20000,0
2016-03-21,07:20:00,27.75,27.8,27.75,27.75,6500,0
2016-03-21,07:25:00,27.75,27.8,27.75,27.8,10500,0
2016-03-21,07:30:00,27.8,27.85,27.8,27.85,11000,0
2016-03-21,07:35:00,27.85,27.85,27.8,27.85,4000,0
2016-03-21,07:40:00,27.85,27.85,27.8,27.8,5000,0
2016-03-21,07:45:00,27.8,27.8,27.8,27.8,2500,0
2016-03-21,07:50:00,27.8,27.85,27.8,27.85,3500,0
2016-03-21,07:55:00,27.85,27.85,27.8,27.8,3500,0
2016-03-21,08:00:00,27.8,27.85,27.8,27.8,7000,0
2016-03-21,08:05:00,27.8,27.85,27.8,27.85,4000,0
2016-03-21,08:10:00,27.85,27.85,27.85,27.85,21500,0
2016-03-21,08:15:00,27.85,27.85,27.8,27.85,3500,0
2016-03-21,08:20:00,27.85,27.85,27.8,27.85,5000,0
2016-03-21,08:25:00,27.85,27.85,27.85,27.85,120500,0
2016-03-21,08:30:00,27.85,27.9,27.8,27.9,16000,0
2016-03-21,08:40:00,27.9,27.9,27.8,27.8,26000,0
2016-03-21,08:45:00,27.8,27.9,27.8,27.8,4500,0
2016-03-21,08:50:00,27.8,27.9,27.8,27.85,22000,0
2016-03-21,08:55:00,27.85,27.95,27.85,27.95,36000,0
2016-03-21,09:00:00,27.95,28,27.9,28,93500,0
2016-03-22,02:45:00,27.95,28.2,27.95,28.2,93500,0
2016-03-22,02:50:00,28.2,28.2,28.15,28.2,43000,0
2016-03-22,02:55:00,28.2,28.2,27.95,27.95,216500,0
2016-03-22,03:00:00,27.95,28.2,27.95,28.2,18000,0
2016-03-22,03:05:00,28.2,28.2,28.2,28.2,6000,0
2016-03-22,03:10:00,28.2,28.2,28.15,28.2,6000,0
2016-03-22,03:15:00,28.2,28.2,28.15,28.2,9000,0
2016-03-22,03:20:00,28.2,28.2,28.15,28.15,1500,0
2016-03-22,03:25:00,28.15,28.2,28.15,28.15,9500,0
2016-03-22,03:30:00,28.15,28.15,28.15,28.15,500,0
2016-03-22,03:35:00,28.15,28.2,28.15,28.15,10071,0
2016-03-22,03:40:00,28.15,28.2,28.15,28.2,2000,0
2016-03-22,03:45:00,28.2,28.2,28.15,28.15,13500,0
2016-03-22,03:50:00,28.15,28.2,28.15,28.15,17500,0
2016-03-22,03:55:00,28.15,28.15,28.15,28.15,500,0
2016-03-22,04:00:00,28.15,28.2,28.15,28.2,4500,0
2016-03-22,04:05:00,28.2,28.2,28.15,28.2,9000,0
2016-03-22,04:10:00,28.2,28.2,28.15,28.2,11500,0
2016-03-22,04:15:00,28.2,28.2,28.15,28.15,9000,0
2016-03-22,04:20:00,28.15,28.2,28.15,28.2,17000,0
2016-03-22,04:25:00,28.2,28.2,28.15,28.2,5500,0
2016-03-22,04:30:00,28.2,28.2,28.15,28.15,11000,0
2016-03-22,04:35:00,28.15,28.2,28.15,28.2,3500,0
2016-03-22,04:40:00,28.2,28.85,28.15,28.25,369000,0
2016-03-22,04:45:00,28.25,28.3,28.15,28.25,91500,0
2016-03-22,04:50:00,28.25,28.25,28.2,28.2,1000,0
2016-03-22,04:55:00,28.25,28.3,28.25,28.3,15500,0
2016-03-22,05:00:00,28.3,28.35,28.3,28.35,6500,0
2016-03-22,06:05:00,28.35,28.35,28.3,28.35,13500,0
2016-03-22,06:10:00,28.35,28.35,28.3,28.35,5500,0
2016-03-22,06:15:00,28.35,28.4,28.35,28.4,7500,0
2016-03-22,06:20:00,28.4,28.45,28.4,28.45,8000,0
2016-03-22,06:25:00,28.45,28.45,28.45,28.45,8000,0
2016-03-22,06:30:00,28.45,28.5,28.45,28.5,22500,0
2016-03-22,06:35:00,28.5,28.55,28.5,28.55,7000,0
2016-03-22,06:40:00,28.55,28.55,28.5,28.5,6000,0
2016-03-22,06:45:00,28.5,28.55,28.5,28.5,12500,0
2016-03-22,06:50:00,28.5,28.55,28.5,28.55,20500,0
2016-03-22,06:55:00,28.55,28.55,28.2,28.2,53500,0
2016-03-22,07:00:00,28.2,28.2,28.15,28.2,3000,0
2016-03-22,07:05:00,28.2,28.2,28.15,28.2,3000,0
2016-03-22,07:10:00,28.2,28.2,28.15,28.15,4452,0
2016-03-22,07:15:00,28.15,28.2,28.15,28.2,1500,0
2016-03-22,07:20:00,28.2,28.2,28.15,28.2,4500,0
2016-03-22,07:25:00,28.2,28.2,28.15,28.2,10000,0
2016-03-22,07:30:00,28.2,28.2,28.15,28.2,18000,0
2016-03-22,07:35:00,28.2,28.2,28.15,28.2,14000,0
2016-03-22,07:40:00,28.2,28.2,28.2,28.2,8500,0
2016-03-22,07:45:00,28.2,28.2,28.15,28.15,3000,0
2016-03-22,07:50:00,28.15,28.2,28.15,28.2,10000,0
2016-03-22,07:55:00,28.2,28.25,28.15,28.25,21000,0
2016-03-22,08:00:00,28.25,28.25,28.2,28.25,6000,0
2016-03-22,08:05:00,28.25,28.25,28.2,28.25,14000,0
2016-03-22,08:10:00,28.25,28.25,28.2,28.25,12500,0
2016-03-22,08:15:00,28.25,28.3,28.25,28.3,13000,0
2016-03-22,08:20:00,28.3,28.35,28.3,28.35,8500,0
2016-03-22,08:25:00,28.35,28.35,28.35,28.35,6000,0
2016-03-22,08:30:00,28.35,28.35,28.3,28.35,12000,0
2016-03-22,08:35:00,28.35,28.4,28.35,28.4,23000,0
2016-03-22,08:40:00,28.4,28.4,28.35,28.4,19500,0
2016-03-22,08:45:00,28.4,28.4,28.35,28.4,12500,0
2016-03-22,08:50:00,28.4,28.4,28.35,28.4,35500,0
2016-03-22,08:55:00,28.4,28.4,28.3,28.4,102500,0
2016-03-22,09:00:00,28.4,28.5,28.2,28.35,191000,0
2016-03-23,02:40:00,28.2,28.25,28.15,28.15,3000,0
2016-03-23,02:45:00,28.15,28.15,28.1,28.1,8500,0
2016-03-23,02:50:00,28.1,28.15,28.1,28.1,3500,0
2016-03-23,02:55:00,28.1,28.1,28.1,28.1,1000,0
2016-03-23,03:00:00,28.1,28.15,28.1,28.15,12500,0
2016-03-23,03:05:00,28.15,28.15,28.15,28.15,5000,0
2016-03-23,03:10:00,28.15,28.15,28.1,28.1,1000,0
2016-03-23,03:15:00,28.1,28.15,28.1,28.1,11000,0
2016-03-23,03:20:00,28.1,28.1,28.1,28.1,1000,0
2016-03-23,03:25:00,28.1,28.15,28.1,28.1,3000,0
2016-03-23,03:30:00,28.1,28.15,28.1,28.1,12000,0
2016-03-23,03:35:00,28.1,28.1,28.05,28.05,4500,0
2016-03-23,03:40:00,28.05,28.05,28,28.05,7000,0
2016-03-23,03:45:00,28.05,28.1,28.05,28.05,10000,0
2016-03-23,03:50:00,28.05,28.05,28,28,4000,0
2016-03-23,03:55:00,28,28,27.95,27.95,14500,0
2016-03-23,04:00:00,27.95,27.95,27.9,27.9,9500,0
2016-03-23,04:05:00,27.9,27.9,27.8,27.8,7500,0
2016-03-23,04:10:00,27.8,27.8,27.8,27.8,2870,0
2016-03-23,04:15:00,27.8,27.8,27.8,27.8,5000,0
2016-03-23,04:20:00,27.8,27.8,27.7,27.7,7500,0
2016-03-23,04:25:00,27.7,27.7,27.6,27.65,11500,0
2016-03-23,04:30:00,27.65,27.65,27.6,27.6,7500,0
2016-03-23,04:35:00,27.6,27.75,27.5,27.7,99000,0
2016-03-23,04:40:00,27.7,27.7,27.65,27.65,31000,0
2016-03-23,04:50:00,27.65,27.65,27.5,27.5,49000,0
2016-03-23,04:55:00,27.5,27.5,27.4,27.45,59500,0
2016-03-23,05:00:00,27.45,27.7,27.45,27.6,47000,0
2016-03-23,06:05:00,27.6,27.6,27.6,27.6,1500,0
2016-03-23,06:10:00,27.6,27.6,27.45,27.5,8000,0
2016-03-23,06:15:00,27.5,27.5,27.45,27.45,22500,0
2016-03-23,06:20:00,27.45,27.5,27.4,27.5,8000,0
2016-03-23,06:25:00,27.5,27.5,27.4,27.4,6500,0
2016-03-23,06:30:00,27.4,27.45,27.35,27.35,15000,0
2016-03-23,06:35:00,27.35,27.35,27.35,27.35,4000,0
2016-03-23,06:40:00,27.35,27.35,27.35,27.35,3000,0
2016-03-23,06:45:00,27.35,27.4,27.35,27.35,6000,0
2016-03-23,06:50:00,27.35,27.35,27.35,27.35,9000,0
2016-03-23,06:55:00,27.35,27.35,27.3,27.3,16796,0
2016-03-23,07:00:00,27.3,27.3,27.25,27.3,2500,0
2016-03-23,07:05:00,27.3,27.3,27.25,27.25,7000,0
2016-03-23,07:10:00,27.25,27.3,27.2,27.25,17500,0
2016-03-23,07:15:00,27.25,27.25,27.2,27.2,18500,0
2016-03-23,07:20:00,27.2,27.25,27.2,27.25,17000,0
2016-03-23,07:25:00,27.25,27.25,27.2,27.2,13500,0
2016-03-23,07:30:00,27.2,27.25,27.2,27.25,9000,0
2016-03-23,07:35:00,27.25,27.25,27.2,27.25,38500,0
2016-03-23,07:40:00,27.25,27.25,27.2,27.25,18000,0
2016-03-23,07:45:00,27.25,27.25,27.2,27.2,15500,0
2016-03-23,07:50:00,27.2,27.25,27.2,27.2,19000,0
2016-03-23,07:55:00,27.2,27.25,27.2,27.2,8000,0
2016-03-23,08:00:00,27.2,27.25,27.2,27.2,15000,0
2016-03-23,08:05:00,27.2,27.25,27.2,27.2,7000,0
2016-03-23,08:10:00,27.2,27.25,27.2,27.25,6500,0
2016-03-23,08:15:00,27.25,27.25,27.2,27.25,12000,0
2016-03-23,08:20:00,27.25,27.25,27.2,27.2,17500,0
2016-03-23,08:25:00,27.2,27.25,27.2,27.2,49000,0
2016-03-23,08:30:00,27.2,27.25,27.2,27.2,27500,0
2016-03-23,08:35:00,27.2,27.25,27.2,27.25,13000,0
2016-03-23,08:40:00,27.25,27.25,27.15,27.15,65500,0
2016-03-23,08:50:00,27.05,27.1,27.05,27.1,39500,0
2016-03-23,08:55:00,27.1,27.15,27.05,27.15,43500,0
2016-03-23,09:00:00,27.15,27.25,27.1,27.25,217500,0
2016-03-24,02:35:00,27.35,27.35,27.25,27.25,10000,0
2016-03-24,02:40:00,27.25,27.3,27.05,27.3,32000,0
2016-03-24,02:45:00,27.3,27.3,27.2,27.25,6000,0
2016-03-24,02:50:00,27.25,27.25,27.2,27.25,8000,0
2016-03-24,02:55:00,27.25,27.25,27.2,27.25,4500,0
2016-03-24,03:00:00,27.25,27.25,27.05,27.1,27000,0
2016-03-24,03:05:00,27.1,27.15,27.05,27.15,3000,0
2016-03-24,03:10:00,27.15,27.15,27.1,27.15,3500,0
2016-03-24,03:15:00,27.15,27.15,27.15,27.15,20500,0
2016-03-24,03:20:00,27.15,27.15,27.15,27.15,5000,0
2016-03-24,03:25:00,27.15,27.15,27.15,27.15,2500,0
2016-03-24,03:30:00,27.15,27.25,27.15,27.25,32500,0
2016-03-24,03:35:00,27.25,27.3,27.25,27.3,41000,0
2016-03-24,03:40:00,27.3,27.3,27.25,27.3,7500,0
2016-03-24,03:45:00,27.3,27.3,27.3,27.3,1000,0
2016-03-24,03:50:00,27.3,27.3,27.25,27.3,4500,0
2016-03-24,03:55:00,27.3,27.3,27.25,27.3,2862,0
2016-03-24,04:00:00,27.3,27.3,27.3,27.3,1000,0
2016-03-24,04:05:00,27.3,27.3,27.25,27.3,2500,0
2016-03-24,04:10:00,27.3,27.3,27.25,27.3,4000,0
2016-03-24,04:15:00,27.3,27.3,27.3,27.3,1000,0
2016-03-24,04:20:00,27.3,27.3,27.3,27.3,500,0
2016-03-24,04:25:00,27.3,27.3,27.3,27.3,5500,0
2016-03-24,04:30:00,27.3,27.3,27.3,27.3,3000,0
2016-03-24,04:35:00,27.3,27.35,27.25,27.35,30500,0
2016-03-24,04:40:00,27.35,27.35,27.35,27.35,3000,0
2016-03-24,04:45:00,27.35,27.35,27.35,27.35,500,0
2016-03-24,04:50:00,27.35,27.35,27.3,27.35,3500,0
2016-03-24,04:55:00,27.35,27.35,27.3,27.3,14500,0
2016-03-24,05:00:00,27.3,27.3,27.25,27.25,2000,0
2016-03-24,06:05:00,27.25,27.35,27.15,27.3,12000,0
2016-03-24,06:10:00,27.3,27.35,27.3,27.35,2000,0
2016-03-24,06:15:00,27.35,27.35,27.35,27.35,500,0
2016-03-24,06:25:00,27.35,27.35,27.35,27.35,1000,0
2016-03-24,06:30:00,27.35,27.35,27.35,27.35,1000,0
2016-03-24,06:35:00,27.35,27.35,27.35,27.35,8500,0
2016-03-24,06:40:00,27.35,27.35,27.3,27.35,6000,0
2016-03-24,06:45:00,27.35,27.35,27.25,27.3,16000,0
2016-03-24,06:50:00,27.3,27.3,27.2,27.2,11000,0
2016-03-24,06:55:00,27.2,27.25,27.2,27.25,36500,0
2016-03-24,07:00:00,27.3,27.3,27.3,27.3,3000,0
2016-03-24,07:05:00,27.3,27.3,27.3,27.3,1000,0
2016-03-24,07:10:00,27.3,27.3,27.3,27.3,2000,0
2016-03-24,07:15:00,27.3,27.3,27.25,27.25,3000,0
2016-03-24,07:20:00,27.25,27.3,27.25,27.3,6500,0
2016-03-24,07:25:00,27.3,27.3,27.15,27.15,30000,0
2016-03-24,07:30:00,27.15,27.15,27.05,27.05,18000,0
2016-03-24,07:35:00,27.05,27.05,27.05,27.05,2000,0
2016-03-24,07:40:00,27.05,27.15,27.05,27.15,2500,0
2016-03-24,07:45:00,27.15,27.15,27.05,27.15,4500,0
2016-03-24,07:50:00,27.15,27.15,27.05,27.05,16000,0
2016-03-24,08:00:00,27.05,27.1,27.05,27.1,6000,0
2016-03-24,08:05:00,27.1,27.15,27.1,27.1,4000,0
2016-03-24,08:10:00,27.1,27.1,27.1,27.1,6500,0
2016-03-24,08:15:00,27.1,27.15,27.1,27.15,4000,0
2016-03-24,08:20:00,27.15,27.15,27.05,27.05,17500,0
2016-03-24,08:25:00,27.05,27.05,27.05,27.05,5000,0
2016-03-24,08:30:00,27.05,27.1,27.05,27.05,3000,0
2016-03-24,08:35:00,27.05,27.1,27.05,27.05,7000,0
2016-03-24,08:40:00,27.05,27.1,27.05,27.1,7500,0
2016-03-24,08:45:00,27.1,27.1,27.05,27.1,7500,0
2016-03-24,08:50:00,27.1,27.1,27.05,27.05,8500,0
2016-03-24,08:55:00,27.05,27.1,27.05,27.1,24000,0
2016-03-24,09:00:00,27.1,27.1,27,27.1,137500,0
2016-03-29,03:35:00,27.25,27.25,26.75,26.85,34500,0
2016-03-29,03:40:00,26.85,26.85,26.65,26.7,86000,0
2016-03-29,03:45:00,26.7,26.75,26.7,26.75,12500,0
2016-03-29,03:50:00,26.75,26.8,26.7,26.7,11000,0
2016-03-29,04:00:00,26.7,26.7,26.65,26.7,8500,0
2016-03-29,04:05:00,26.7,26.7,26.55,26.55,52000,0
2016-03-29,04:10:00,26.55,26.6,26.55,26.6,3000,0
2016-03-29,04:15:00,26.6,26.6,26.55,26.55,8000,0
2016-03-29,04:20:00,26.55,26.6,26.55,26.6,2500,0
2016-03-29,04:25:00,26.6,26.6,26.55,26.6,6201,0
2016-03-29,04:30:00,26.6,26.6,26.55,26.6,6000,0
2016-03-29,04:35:00,26.6,26.6,26.55,26.6,8000,0
2016-03-29,04:40:00,26.6,26.6,26.6,26.6,2000,0
2016-03-29,04:45:00,26.6,26.6,26.55,26.6,12000,0
2016-03-29,04:50:00,26.6,26.6,26.55,26.6,14500,0
2016-03-29,04:55:00,26.6,26.6,26.55,26.6,12000,0
2016-03-29,05:00:00,26.6,26.6,26.6,26.6,6000,0
2016-03-29,05:05:00,26.6,26.6,26.55,26.6,9000,0
2016-03-29,05:10:00,26.6,26.6,26.55,26.6,7500,0
2016-03-29,05:15:00,26.6,26.6,26.55,26.6,12000,0
2016-03-29,05:20:00,26.6,26.6,26.55,26.6,5500,0
2016-03-29,05:25:00,26.6,26.6,26.55,26.6,47000,0
2016-03-29,05:30:00,26.6,26.6,26.55,26.55,17000,0
2016-03-29,05:35:00,26.55,26.55,26.5,26.5,14500,0
2016-03-29,05:40:00,26.5,26.55,26.5,26.5,5000,0
2016-03-29,05:45:00,26.5,26.55,26.5,26.55,9000,0
2016-03-29,05:50:00,26.55,26.55,26.5,26.5,15000,0
2016-03-29,05:55:00,26.5,26.55,26.5,26.5,51500,0
2016-03-29,06:00:00,26.5,26.55,26.45,26.55,2500,0
2016-03-29,07:05:00,26.55,26.55,26.4,26.4,35500,0
2016-03-29,07:10:00,26.4,26.45,26.4,26.45,7500,0
2016-03-29,07:25:00,26.45,26.45,26.4,26.4,3593,0
2016-03-29,07:30:00,26.4,26.45,26.4,26.45,6500,0
2016-03-29,07:35:00,26.45,26.45,26.4,26.45,4000,0
2016-03-29,07:40:00,26.45,26.45,26.4,26.4,9500,0
2016-03-29,07:45:00,26.4,26.45,26.4,26.4,5500,0
2016-03-29,07:50:00,26.4,26.45,26.4,26.45,5500,0
2016-03-29,07:55:00,26.45,26.45,26.4,26.4,12500,0
2016-03-29,08:00:00,26.4,26.45,26.4,26.45,5000,0
2016-03-29,08:05:00,26.45,26.45,26.4,26.45,4000,0
2016-03-29,08:10:00,26.45,26.45,26.4,26.45,5000,0
2016-03-29,08:15:00,26.45,26.45,26.4,26.45,23105,0
2016-03-29,08:20:00,26.45,26.45,26.4,26.4,6500,0
2016-03-29,08:25:00,26.4,26.45,26.4,26.45,11500,0
2016-03-29,08:30:00,26.45,26.45,26.4,26.4,32000,0
2016-03-29,08:35:00,26.4,26.45,26.4,26.4,16000,0
2016-03-29,08:40:00,26.4,26.45,26.4,26.4,8000,0
2016-03-29,08:45:00,26.4,26.45,26.4,26.4,9500,0
2016-03-29,08:50:00,26.4,26.45,26.4,26.45,5000,0
2016-03-29,08:55:00,26.45,26.45,26.4,26.4,3500,0
2016-03-29,09:00:00,26.4,26.4,26.4,26.4,2000,0
2016-03-29,09:05:00,26.4,26.45,26.4,26.4,10500,0
2016-03-29,09:10:00,26.4,26.45,26.4,26.4,8000,0
2016-03-29,09:15:00,26.4,26.45,26.4,26.45,17000,0
2016-03-29,09:20:00,26.45,26.45,26.4,26.45,11000,0
2016-03-29,09:25:00,26.45,26.45,26.4,26.45,9000,0
2016-03-29,09:30:00,26.45,26.45,26.4,26.4,15000,0
2016-03-29,09:35:00,26.4,26.45,26.4,26.45,6500,0
2016-03-29,09:40:00,26.45,26.45,26.4,26.4,12000,0
2016-03-29,09:45:00,26.4,26.45,26.4,26.45,20000,0
2016-03-29,09:50:00,26.45,26.45,26.4,26.45,32500,0
2016-03-29,09:55:00,26.45,26.45,26.4,26.4,20000,0
2016-03-29,10:00:00,26.4,26.45,26.35,26.45,183000,0
2016-03-30,03:35:00,26.6,26.6,26.5,26.5,9500,0
2016-03-30,03:40:00,26.5,26.75,26.5,26.7,53500,0
2016-03-30,03:45:00,26.7,26.7,26.55,26.65,44500,0
2016-03-30,03:50:00,26.65,26.65,26.65,26.65,5500,0
2016-03-30,03:55:00,26.65,26.65,26.5,26.5,13500,0
2016-03-30,04:00:00,26.5,26.5,26.45,26.45,8000,0
2016-03-30,04:05:00,26.45,26.45,26.45,26.45,10000,0
2016-03-30,04:10:00,26.45,26.45,26.45,26.45,8000,0
2016-03-30,04:15:00,26.45,26.45,26.45,26.45,24500,0
2016-03-30,04:20:00,26.45,26.5,26.45,26.5,4000,0
2016-03-30,04:25:00,26.5,26.55,26.5,26.55,10500,0
2016-03-30,04:30:00,26.55,26.6,26.55,26.6,14500,0
2016-03-30,04:35:00,26.6,26.6,26.55,26.55,2500,0
2016-03-30,04:40:00,26.55,26.6,26.55,26.6,4500,0
2016-03-30,04:45:00,26.6,26.65,26.6,26.6,15000,0
2016-03-30,04:50:00,26.6,26.65,26.6,26.65,1500,0
2016-03-30,04:55:00,26.65,26.75,26.65,26.75,51000,0
2016-03-30,05:00:00,26.75,26.8,26.75,26.8,28500,0
2016-03-30,05:05:00,26.8,26.85,26.75,26.75,19468,0
2016-03-30,05:10:00,26.75,26.75,26.7,26.75,11500,0
2016-03-30,05:15:00,26.75,26.75,26.7,26.7,6500,0
2016-03-30,05:20:00,26.7,26.75,26.7,26.7,9500,0
2016-03-30,05:25:00,26.7,26.8,26.7,26.8,30500,0
2016-03-30,05:30:00,26.8,26.8,26.8,26.8,1500,0
2016-03-30,05:35:00,26.8,26.8,26.8,26.8,8129,0
2016-03-30,05:40:00,26.8,26.8,26.75,26.75,9500,0
2016-03-30,05:50:00,26.75,26.8,26.75,26.75,6000,0
2016-03-30,05:55:00,26.75,26.8,26.75,26.8,3000,0
2016-03-30,06:00:00,26.8,26.8,26.75,26.8,2500,0
2016-03-30,07:05:00,26.8,26.8,26.75,26.8,29000,0
2016-03-30,07:10:00,26.8,26.8,26.8,26.8,2500,0
2016-03-30,07:15:00,26.8,26.8,26.8,26.8,1000,0
2016-03-30,07:20:00,26.8,26.8,26.8,26.8,500,0
2016-03-30,07:25:00,26.8,26.8,26.8,26.8,1500,0
2016-03-30,07:30:00,26.8,26.8,26.75,26.75,7500,0
2016-03-30,07:35:00,26.75,26.8,26.75,26.8,4500,0
2016-03-30,07:40:00,26.8,26.8,26.75,26.8,3000,0
2016-03-30,07:45:00,26.8,26.8,26.75,26.75,13500,0
2016-03-30,07:50:00,26.75,26.8,26.75,26.8,1500,0
2016-03-30,07:55:00,26.8,26.8,26.75,26.8,3000,0
2016-03-30,08:00:00,26.8,26.8,26.75,26.75,5500,0
2016-03-30,08:05:00,26.75,26.8,26.75,26.75,4500,0
2016-03-30,08:10:00,26.75,26.8,26.75,26.75,7000,0
2016-03-30,08:15:00,26.75,26.8,26.75,26.75,14000,0
2016-03-30,08:20:00,26.75,26.8,26.75,26.8,4000,0
2016-03-30,08:25:00,26.8,26.8,26.75,26.8,4500,0
2016-03-30,08:30:00,26.8,26.8,26.75,26.8,2500,0
2016-03-30,08:35:00,26.8,26.8,26.75,26.8,10000,0
2016-03-30,08:40:00,26.8,26.8,26.75,26.8,3500,0
2016-03-30,08:45:00,26.8,26.8,26.75,26.75,4000,0
2016-03-30,08:50:00,26.75,26.8,26.75,26.8,9500,0
2016-03-30,08:55:00,26.8,26.8,26.8,26.8,2500,0
2016-03-30,09:00:00,26.8,26.8,26.75,26.8,9000,0
2016-03-30,09:05:00,26.8,26.8,26.75,26.8,6000,0
2016-03-30,09:10:00,26.8,26.8,26.75,26.8,11500,0
2016-03-30,09:15:00,26.8,26.8,26.75,26.8,9000,0
2016-03-30,09:20:00,26.8,26.8,26.8,26.8,6500,0
2016-03-30,09:25:00,26.8,26.8,26.75,26.8,10500,0
2016-03-30,09:30:00,26.8,26.8,26.75,26.8,23500,0
2016-03-30,09:35:00,26.8,26.8,26.75,26.8,12000,0
2016-03-30,09:40:00,26.8,26.8,26.75,26.8,12500,0
2016-03-30,09:45:00,26.8,26.8,26.75,26.8,32000,0
2016-03-30,09:50:00,26.8,26.8,26.75,26.75,16000,0
2016-03-30,09:55:00,26.75,26.8,26.75,26.8,36500,0
2016-03-30,10:00:00,26.8,26.85,26.75,26.8,201500,0
2016-03-31,03:35:00,26.9,27.75,26.7,27.15,140500,0
2016-03-31,03:40:00,27.15,27.15,26.9,26.9,38000,0
2016-03-31,03:45:00,26.9,26.9,26.8,26.8,39500,0
2016-03-31,03:50:00,26.8,26.9,26.8,26.8,26000,0
2016-03-31,03:55:00,26.8,26.8,26.65,26.65,20000,0
2016-03-31,04:00:00,26.65,26.65,26.5,26.6,29500,0
2016-03-31,04:05:00,26.6,26.8,26.6,26.8,56428,0
2016-03-31,04:10:00,26.8,26.8,26.75,26.75,23500,0
2016-03-31,04:15:00,26.75,26.75,26.55,26.6,28500,0
2016-03-31,04:20:00,26.6,26.6,26.55,26.55,16500,0
2016-03-31,04:25:00,26.55,26.6,26.55,26.55,11000,0
2016-03-31,04:30:00,26.55,26.6,26.55,26.55,13263,0
2016-03-31,04:35:00,26.55,26.6,26.5,26.6,26000,0
2016-03-31,04:40:00,26.6,26.6,26.5,26.5,72500,0
2016-03-31,04:45:00,26.5,26.5,26.45,26.45,1000,0
2016-03-31,04:50:00,26.45,26.5,26.45,26.5,5500,0
2016-03-31,04:55:00,26.5,26.5,26.4,26.45,34500,0
2016-03-31,05:00:00,26.45,26.55,26.35,26.4,72500,0
2016-03-31,05:05:00,26.4,26.45,26.4,26.4,6500,0
2016-03-31,05:10:00,26.4,26.4,26.35,26.35,17500,0
2016-03-31,05:15:00,26.35,26.4,26.35,26.4,32000,0
2016-03-31,05:20:00,26.4,26.4,26.4,26.4,10500,0
2016-03-31,05:25:00,26.4,26.4,26.3,26.3,38000,0
2016-03-31,05:30:00,26.3,26.35,26.25,26.35,26000,0
2016-03-31,05:35:00,26.35,26.4,26.3,26.4,15500,0
2016-03-31,05:40:00,26.4,26.4,26.35,26.35,38500,0
2016-03-31,05:45:00,26.35,26.35,26.25,26.35,37000,0
2016-03-31,05:50:00,26.35,26.35,26.3,26.35,9000,0
2016-03-31,05:55:00,26.35,26.4,26.35,26.35,18587,0
2016-03-31,06:00:00,26.35,26.35,26.3,26.3,7000,0
2016-03-31,07:05:00,26.3,26.35,26.25,26.25,57500,0
2016-03-31,07:10:00,26.25,26.3,26.25,26.3,5000,0
2016-03-31,07:15:00,26.3,26.3,26.25,26.3,11000,0
2016-03-31,07:20:00,26.3,26.3,26.25,26.3,7500,0
2016-03-31,07:25:00,26.3,26.35,26.3,26.3,39500,0
2016-03-31,07:30:00,26.3,26.3,26.3,26.3,2000,0
2016-03-31,07:35:00,26.3,26.3,26.2,26.2,70000,0
2016-03-31,07:40:00,26.2,26.2,26.1,26.15,34000,0
2016-03-31,07:45:00,26.1,26.15,26.1,26.15,15000,0
2016-03-31,07:50:00,26.05,26.15,26.05,26.15,14000,0
2016-03-31,07:55:00,26.15,26.2,26.15,26.2,22861,0
2016-03-31,08:00:00,26.2,26.2,26.15,26.2,22000,0
2016-03-31,08:05:00,26.2,26.35,26.2,26.35,49000,0
2016-03-31,08:10:00,26.35,26.4,26.35,26.4,9000,0
2016-03-31,08:15:00,26.4,26.4,26.4,26.4,14500,0
2016-03-31,08:20:00,26.4,26.4,26.35,26.35,9000,0
2016-03-31,08:25:00,26.35,26.4,26.35,26.4,11500,0
2016-03-31,08:30:00,26.4,26.4,26.35,26.4,9000,0
2016-03-31,08:35:00,26.4,26.4,26.35,26.4,7500,0
2016-03-31,08:40:00,26.4,26.4,26.4,26.4,6500,0
2016-03-31,08:45:00,26.4,26.4,26.35,26.35,31500,0
2016-03-31,08:50:00,26.35,26.35,26.35,26.35,21500,0
2016-03-31,08:55:00,26.35,26.35,26.3,26.35,12000,0
2016-03-31,09:00:00,26.35,26.35,26.3,26.3,21000,0
2016-03-31,09:05:00,26.3,26.35,26.3,26.35,13500,0
2016-03-31,09:10:00,26.35,26.35,26.3,26.35,21500,0
2016-03-31,09:15:00,26.35,26.4,26.35,26.4,39000,0
2016-03-31,09:20:00,26.4,26.45,26.4,26.45,5000,0
2016-03-31,09:25:00,26.45,26.45,26.4,26.45,13500,0
2016-03-31,09:30:00,26.45,26.45,26.4,26.4,27000,0
2016-03-31,09:35:00,26.4,26.45,26.4,26.45,11000,0
2016-03-31,09:40:00,26.45,26.5,26.4,26.4,40500,0
2016-03-31,09:45:00,26.4,26.55,26.4,26.55,49500,0
2016-03-31,09:50:00,26.55,26.6,26.5,26.6,71650,0
2016-03-31,09:55:00,26.6,26.65,26.55,26.65,95000,0
2016-03-31,10:00:00,26.65,26.7,26.5,26.65,507590,0
2016-04-01,03:35:00,26.35,26.6,26.35,26.55,1500,0
2016-04-01,03:40:00,26.55,26.55,26.45,26.45,3500,0
2016-04-01,03:50:00,26.45,26.55,26.15,26.55,99500,0
2016-04-01,03:55:00,26.55,26.55,26.25,26.3,27500,0
2016-04-01,04:00:00,26.3,26.3,26.3,26.3,1000,0
2016-04-01,04:05:00,26.3,26.5,26.3,26.5,32000,0
2016-04-01,04:10:00,26.5,26.5,26.45,26.45,2000,0
2016-04-01,04:15:00,26.45,26.5,26.45,26.5,6000,0
2016-04-01,04:20:00,26.5,26.5,26.35,26.35,25500,0
2016-04-01,04:25:00,26.35,26.35,26.35,26.35,500,0
2016-04-01,04:30:00,26.35,26.4,26.35,26.4,6500,0
2016-04-01,04:35:00,26.4,26.5,26.4,26.45,19000,0
2016-04-01,04:40:00,26.45,26.5,26.45,26.5,1500,0
2016-04-01,04:50:00,26.5,26.5,26.5,26.5,3500,0
2016-04-01,04:55:00,26.5,26.5,26.5,26.5,1000,0
2016-04-01,05:00:00,26.5,26.5,26.45,26.45,2500,0
2016-04-01,05:05:00,26.5,26.55,26.5,26.5,6000,0
2016-04-01,05:10:00,26.5,26.6,26.5,26.55,20500,0
2016-04-01,05:15:00,26.55,26.55,26.55,26.55,500,0
2016-04-01,05:20:00,26.55,26.55,26.5,26.5,1000,0
2016-04-01,05:25:00,26.5,26.5,26.45,26.45,3000,0
2016-04-01,05:30:00,26.45,26.5,26.45,26.5,3500,0
2016-04-01,05:35:00,26.5,26.5,26.45,26.45,2450,0
2016-04-01,05:40:00,26.45,26.5,26.35,26.45,33500,0
2016-04-01,05:45:00,26.45,26.5,26.45,26.5,1000,0
2016-04-01,05:55:00,26.5,26.55,26.5,26.5,11000,0
2016-04-01,06:00:00,26.5,26.55,26.5,26.55,5000,0
2016-04-01,07:05:00,26.55,26.55,26.4,26.45,21500,0
2016-04-01,07:15:00,26.45,26.5,26.45,26.45,10500,0
2016-04-01,07:20:00,26.45,26.45,26.4,26.4,4000,0
2016-04-01,07:25:00,26.4,26.5,26.4,26.4,6500,0
2016-04-01,07:30:00,26.4,26.4,26.4,26.4,1000,0
2016-04-01,07:35:00,26.4,26.5,26.4,26.4,4500,0
2016-04-01,07:40:00,26.45,26.5,26.35,26.4,69500,0
2016-04-01,07:50:00,26.4,26.4,26.3,26.3,15000,0
2016-04-01,07:55:00,26.3,26.3,26.25,26.25,18000,0
2016-04-01,08:00:00,26.25,26.25,26.25,26.25,145,0
2016-04-01,08:05:00,26.25,26.35,26.25,26.25,3500,0
2016-04-01,08:10:00,26.25,26.35,26.25,26.25,7000,0
2016-04-01,08:15:00,26.25,26.3,26.25,26.25,19000,0
2016-04-01,08:20:00,26.25,26.35,26.25,26.35,44000,0
2016-04-01,08:25:00,26.35,26.35,26.3,26.35,8000,0
2016-04-01,08:30:00,26.35,26.35,26.35,26.35,5000,0
2016-04-01,08:35:00,26.35,26.35,26.3,26.35,12500,0
2016-04-01,08:40:00,26.35,26.35,26.3,26.35,8000,0
2016-04-01,08:45:00,26.35,26.4,26.3,26.4,18000,0
2016-04-01,08:50:00,26.4,26.4,26.4,26.4,534,0
2016-04-01,08:55:00,26.4,26.4,26.35,26.35,2500,0
2016-04-01,09:00:00,26.35,26.4,26.35,26.4,6000,0
2016-04-01,09:05:00,26.4,26.4,26.35,26.35,2500,0
2016-04-01,09:10:00,26.35,26.4,26.35,26.4,6000,0
2016-04-01,09:15:00,26.4,26.4,26.35,26.35,15500,0
2016-04-01,09:20:00,26.35,26.4,26.35,26.4,1500,0
2016-04-01,09:25:00,26.4,26.4,26.3,26.3,43500,0
2016-04-01,09:30:00,26.3,26.3,26.3,26.3,2500,0
2016-04-01,09:35:00,26.3,26.3,26.3,26.3,3500,0
2016-04-01,09:40:00,26.3,26.35,26.3,26.3,8500,0
2016-04-01,09:45:00,26.3,26.3,26.25,26.25,21000,0
2016-04-01,09:50:00,26.25,26.3,26.25,26.25,35000,0
2016-04-01,09:55:00,26.25,26.4,26.25,26.3,55500,0
2016-04-01,10:00:00,26.3,26.35,26.15,26.2,395500,0
2016-04-05,03:35:00,26.7,26.75,26.25,26.4,105800,0
2016-04-05,03:40:00,26.4,26.55,26.4,26.5,111200,0
2016-04-05,03:45:00,26.5,26.5,26.35,26.4,48000,0
2016-04-05,03:50:00,26.4,26.4,26.25,26.25,29512,0
2016-04-05,03:55:00,26.25,26.3,26.25,26.25,19500,0
2016-04-05,04:00:00,26.25,26.3,26.25,26.3,14500,0
2016-04-05,04:05:00,26.3,26.5,26.25,26.45,51500,0
2016-04-05,04:10:00,26.45,26.45,26.45,26.45,28500,0
2016-04-05,04:15:00,26.45,26.45,26.4,26.4,8000,0
2016-04-05,04:20:00,26.4,26.45,26.4,26.45,5500,0
2016-04-05,04:25:00,26.45,26.45,26.4,26.45,10000,0
2016-04-05,04:30:00,26.45,26.45,26.4,26.45,5500,0
2016-04-05,04:35:00,26.45,26.45,26.4,26.45,11750,0
2016-04-05,04:40:00,26.45,26.45,26.4,26.45,6000,0
2016-04-05,04:45:00,26.45,26.7,26.4,26.7,119500,0
2016-04-05,04:50:00,26.7,26.7,26.6,26.6,28500,0
2016-04-05,04:55:00,26.6,26.65,26.6,26.65,6500,0
2016-04-05,05:00:00,26.65,26.65,26.65,26.65,3000,0
2016-04-05,05:05:00,26.65,26.7,26.6,26.7,23500,0
2016-04-05,05:10:00,26.7,26.75,26.7,26.75,30500,0
2016-04-05,05:15:00,26.75,26.75,26.75,26.75,17000,0
2016-04-05,05:20:00,26.75,26.75,26.75,26.75,17500,0
2016-04-05,05:25:00,26.75,26.75,26.75,26.75,9500,0
2016-04-05,05:30:00,26.75,26.75,26.75,26.75,11680,0
2016-04-05,05:35:00,26.75,26.75,26.7,26.75,25500,0
2016-04-05,05:40:00,26.75,26.75,26.75,26.75,7500,0
2016-04-05,05:45:00,26.75,26.75,26.75,26.75,8500,0
2016-04-05,05:50:00,26.75,26.75,26.75,26.75,10000,0
2016-04-05,05:55:00,26.75,26.75,26.7,26.7,13000,0
2016-04-05,06:00:00,26.7,26.75,26.7,26.75,21000,0
2016-04-05,07:05:00,26.75,26.75,26.65,26.7,21000,0
2016-04-05,07:10:00,26.7,26.7,26.65,26.7,10000,0
2016-04-05,07:15:00,26.7,26.7,26.7,26.7,11000,0
2016-04-05,07:20:00,26.7,26.7,26.65,26.7,8000,0
2016-04-05,07:25:00,26.7,26.7,26.65,26.7,12500,0
2016-04-05,07:30:00,26.7,26.7,26.65,26.7,13500,0
2016-04-05,07:35:00,26.7,26.75,26.7,26.75,9000,0
2016-04-05,07:40:00,26.75,26.75,26.75,26.75,13500,0
2016-04-05,07:45:00,26.75,26.75,26.75,26.75,6000,0
2016-04-05,07:50:00,26.75,26.75,26.75,26.75,11000,0
2016-04-05,07:55:00,26.75,26.75,26.75,26.75,13000,0
2016-04-05,08:00:00,26.75,26.8,26.75,26.8,19000,0
2016-04-05,08:05:00,26.8,26.8,26.75,26.75,18500,0
2016-04-05,08:10:00,26.75,26.8,26.75,26.8,17000,0
2016-04-05,08:15:00,26.8,26.8,26.8,26.8,9000,0
2016-04-05,08:20:00,26.8,26.8,26.75,26.8,10000,0
2016-04-05,08:25:00,26.8,26.8,26.75,26.8,13500,0
2016-04-05,08:30:00,26.8,26.8,26.75,26.8,23500,0
2016-04-05,08:35:00,26.8,26.8,26.8,26.8,9000,0
2016-04-05,08:40:00,26.8,26.8,26.8,26.8,10500,0
2016-04-05,08:45:00,26.8,26.8,26.75,26.8,16000,0
2016-04-05,08:50:00,26.8,26.8,26.8,26.8,15500,0
2016-04-05,08:55:00,26.8,26.8,26.75,26.8,18000,0
2016-04-05,09:00:00,26.8,26.8,26.8,26.8,20000,0
2016-04-05,09:05:00,26.8,26.85,26.8,26.85,23000,0
2016-04-05,09:10:00,26.85,26.85,26.8,26.85,30500,0
2016-04-05,09:15:00,26.85,26.85,26.8,26.85,20500,0
2016-04-05,09:20:00,26.85,26.85,26.85,26.85,11500,0
2016-04-05,09:25:00,26.85,26.85,26.8,26.85,23500,0
2016-04-05,09:30:00,26.85,26.85,26.8,26.85,9500,0
2016-04-05,09:35:00,26.85,26.85,26.8,26.85,37500,0
2016-04-05,09:40:00,26.85,26.85,26.8,26.8,37500,0
2016-04-05,09:45:00,26.8,26.85,26.8,26.85,24000,0
2016-04-05,09:50:00,26.85,26.9,26.85,26.85,44500,0
2016-04-05,09:55:00,26.85,26.9,26.8,26.9,81500,0
2016-04-05,10:00:00,26.9,26.95,26.8,26.8,353500,0
2016-04-06,03:35:00,27.15,27.15,26.7,26.7,41500,0
2016-04-06,03:40:00,26.7,26.75,26.5,26.6,87500,0
2016-04-06,03:45:00,26.6,26.65,26.6,26.6,5500,0
2016-04-06,03:50:00,26.6,26.6,26.3,26.3,152000,0
2016-04-06,03:55:00,26.25,26.4,26.25,26.35,29500,0
2016-04-06,04:00:00,26.35,26.4,26.35,26.35,12500,0
2016-04-06,04:05:00,26.35,26.4,26.35,26.4,22500,0
2016-04-06,04:10:00,26.4,26.45,26.4,26.4,4500,0
2016-04-06,04:15:00,26.4,26.5,26.4,26.5,14000,0
2016-04-06,04:20:00,26.5,26.5,26.4,26.5,20500,0
2016-04-06,04:25:00,26.5,26.5,26.45,26.45,10000,0
2016-04-06,04:30:00,26.45,26.45,26.4,26.4,13000,0
2016-04-06,04:35:00,26.4,26.45,26.4,26.45,10000,0
2016-04-06,04:40:00,26.45,26.45,26.4,26.45,6000,0
2016-04-06,04:45:00,26.45,26.45,26.4,26.45,30000,0
2016-04-06,04:50:00,26.45,26.45,26.4,26.4,7500,0
2016-04-06,04:55:00,26.4,26.5,26.4,26.45,12000,0
2016-04-06,05:00:00,26.45,26.55,26.45,26.5,19500,0
2016-04-06,05:05:00,26.5,26.55,26.5,26.55,12500,0
2016-04-06,05:10:00,26.55,26.55,26.45,26.55,5000,0
2016-04-06,05:15:00,26.55,26.55,26.45,26.5,22500,0
2016-04-06,05:20:00,26.5,26.55,26.45,26.45,10000,0
2016-04-06,05:25:00,26.5,26.5,26.45,26.5,6000,0
2016-04-06,05:30:00,26.5,26.55,26.45,26.45,6000,0
2016-04-06,05:35:00,26.45,26.5,26.45,26.45,12000,0
2016-04-06,05:40:00,26.45,26.5,26.45,26.5,9500,0
2016-04-06,05:45:00,26.5,26.5,26.45,26.5,20000,0
2016-04-06,05:50:00,26.5,26.5,26.45,26.5,12500,0
2016-04-06,05:55:00,26.5,26.5,26.45,26.5,8000,0
2016-04-06,06:00:00,26.5,26.5,26.45,26.45,18500,0
2016-04-06,07:05:00,26.45,26.5,26.45,26.5,23500,0
2016-04-06,07:10:00,26.5,26.5,26.45,26.5,7000,0
2016-04-06,07:15:00,26.5,26.5,26.45,26.45,7000,0
2016-04-06,07:20:00,26.45,26.5,26.45,26.45,7000,0
2016-04-06,07:25:00,26.45,26.5,26.45,26.5,5503,0
2016-04-06,07:30:00,26.5,26.5,26.45,26.45,28000,0
2016-04-06,07:35:00,26.45,26.5,26.45,26.5,6500,0
2016-04-06,07:40:00,26.5,26.5,26.45,26.45,11000,0
2016-04-06,07:45:00,26.45,26.5,26.45,26.5,11500,0
2016-04-06,07:50:00,26.5,26.5,26.45,26.45,10500,0
2016-04-06,07:55:00,26.45,26.5,26.45,26.45,7500,0
2016-04-06,08:00:00,26.45,26.5,26.45,26.45,33500,0
2016-04-06,08:05:00,26.45,26.6,26.45,26.5,34000,0
2016-04-06,08:10:00,26.5,26.6,26.5,26.6,23500,0
2016-04-06,08:15:00,26.6,26.6,26.55,26.55,10500,0
2016-04-06,08:20:00,26.55,26.6,26.55,26.55,6000,0
2016-04-06,08:25:00,26.55,26.6,26.55,26.6,1000,0
2016-04-06,08:30:00,26.6,26.6,26.55,26.55,11000,0
2016-04-06,08:35:00,26.55,26.8,26.55,26.8,116500,0
2016-04-06,08:40:00,26.8,26.85,26.75,26.8,76500,0
2016-04-06,08:45:00,26.8,26.8,26.8,26.8,20500,0
2016-04-06,08:50:00,26.8,26.8,26.8,26.8,10000,0
2016-04-06,08:55:00,26.8,26.85,26.8,26.85,2500,0
2016-04-06,09:00:00,26.85,26.85,26.8,26.85,32500,0
2016-04-06,09:05:00,26.85,26.85,26.8,26.8,69000,0
2016-04-06,09:10:00,26.8,26.85,26.8,26.8,10500,0
2016-04-06,09:15:00,26.8,26.85,26.8,26.85,78500,0
2016-04-06,09:20:00,26.85,26.85,26.85,26.85,2500,0
2016-04-06,09:25:00,26.85,26.85,26.8,26.85,15000,0
2016-04-06,09:30:00,26.85,26.85,26.8,26.85,28000,0
2016-04-06,09:35:00,26.85,26.85,26.8,26.8,17500,0
2016-04-06,09:40:00,26.8,26.85,26.8,26.85,15000,0
2016-04-06,09:45:00,26.85,26.85,26.8,26.8,13000,0
2016-04-06,09:50:00,26.8,26.85,26.8,26.85,25000,0
2016-04-06,09:55:00,26.85,26.85,26.8,26.85,58000,0
2016-04-06,10:00:00,26.85,26.9,26.7,26.75,453000,0
2016-04-07,03:40:00,26.9,26.95,26.9,26.95,11500,0
2016-04-07,03:45:00,26.95,26.95,26.95,26.95,4000,0
2016-04-07,03:50:00,26.95,26.95,26.8,26.8,15500,0
2016-04-07,03:55:00,26.8,26.9,26.8,26.8,5000,0
2016-04-07,04:00:00,26.8,26.8,26.8,26.8,5000,0
2016-04-07,04:05:00,26.8,26.85,26.8,26.8,30500,0
2016-04-07,04:10:00,26.8,26.8,26.8,26.8,2500,0
2016-04-07,04:15:00,26.8,26.85,26.8,26.8,3500,0
2016-04-07,04:20:00,26.8,26.8,26.8,26.8,1000,0
2016-04-07,04:25:00,26.8,26.85,26.8,26.8,7000,0
2016-04-07,04:30:00,26.8,26.85,26.8,26.85,3000,0
2016-04-07,04:35:00,26.85,26.85,26.8,26.85,3000,0
2016-04-07,04:40:00,26.85,26.85,26.8,26.8,10500,0
2016-04-07,04:45:00,26.8,26.85,26.8,26.85,21972,0
2016-04-07,04:50:00,26.85,26.85,26.8,26.85,5000,0
2016-04-07,04:55:00,26.85,26.85,26.8,26.8,8500,0
2016-04-07,05:00:00,26.8,26.85,26.8,26.85,12500,0
2016-04-07,05:05:00,26.85,26.85,26.8,26.8,12000,0
2016-04-07,05:10:00,26.8,26.85,26.8,26.85,4500,0
2016-04-07,05:15:00,26.85,26.85,26.85,26.85,3500,0
2016-04-07,05:20:00,26.85,26.85,26.85,26.85,14500,0
2016-04-07,05:25:00,26.85,26.85,26.85,26.85,7000,0
2016-04-07,05:30:00,26.85,26.85,26.85,26.85,14000,0
2016-04-07,05:35:00,26.85,26.95,26.85,26.95,10000,0
2016-04-07,05:40:00,26.95,26.95,26.85,26.9,4500,0
2016-04-07,05:45:00,26.9,26.95,26.9,26.9,4500,0
2016-04-07,05:50:00,26.9,26.9,26.9,26.9,2000,0
2016-04-07,05:55:00,26.9,26.95,26.9,26.95,5000,0
2016-04-07,06:00:00,26.95,26.95,26.9,26.95,6500,0
2016-04-07,07:05:00,26.95,26.95,26.9,26.9,13000,0
2016-04-07,07:10:00,26.9,26.95,26.9,26.9,3500,0
2016-04-07,07:15:00,26.9,26.95,26.9,26.9,3500,0
2016-04-07,07:20:00,26.9,26.95,26.9,26.95,17000,0
2016-04-07,07:25:00,26.95,26.95,26.9,26.95,4000,0
2016-04-07,07:30:00,26.95,26.95,26.9,26.95,6000,0
2016-04-07,07:35:00,26.95,26.95,26.9,26.95,12000,0
2016-04-07,07:40:00,26.95,26.95,26.9,26.95,9500,0
2016-04-07,07:45:00,26.95,26.95,26.9,26.9,15500,0
2016-04-07,07:50:00,26.9,26.95,26.9,26.95,3000,0
2016-04-07,07:55:00,26.95,26.95,26.95,26.95,5000,0
2016-04-07,08:00:00,26.95,26.95,26.95,26.95,11000,0
2016-04-07,08:05:00,26.95,27.05,26.95,27.05,14000,0
2016-04-07,08:15:00,27,27.05,26.95,27.05,20000,0
2016-04-07,08:20:00,27.05,27.05,27,27.05,14000,0
2016-04-07,08:25:00,27.05,27.05,27,27,5500,0
2016-04-07,08:30:00,27,27.05,27,27,9000,0
2016-04-07,08:35:00,27,27.05,27,27,13000,0
2016-04-07,08:40:00,27,27.05,27,27,5500,0
2016-04-07,08:45:00,27,27.05,27,27.05,6000,0
2016-04-07,08:50:00,27.05,27.05,27,27.05,8000,0
2016-04-07,08:55:00,27.05,27.05,27.05,27.05,4500,0
2016-04-07,09:00:00,27.05,27.05,26.95,27,35000,0
2016-04-07,09:05:00,27,27,26.95,26.95,3000,0
2016-04-07,09:10:00,26.95,26.95,26.9,26.95,28000,0
2016-04-07,09:15:00,26.95,26.95,26.9,26.95,32500,0
2016-04-07,09:20:00,26.95,26.95,26.9,26.95,11000,0
2016-04-07,09:25:00,26.95,26.95,26.9,26.9,14000,0
2016-04-07,09:30:00,26.9,26.95,26.9,26.9,13500,0
2016-04-07,09:35:00,26.9,26.95,26.9,26.95,9000,0
2016-04-07,09:40:00,26.95,26.95,26.9,26.95,10000,0
2016-04-07,09:45:00,26.95,26.95,26.9,26.95,22500,0
2016-04-07,09:50:00,26.95,26.95,26.9,26.9,25500,0
2016-04-07,09:55:00,26.9,26.95,26.9,26.95,28000,0
2016-04-07,10:00:00,26.95,27.05,26.9,26.95,300500,0
2016-04-08,03:35:00,26.9,27.2,26.9,27,92500,0
2016-04-08,03:40:00,27,27,26.95,26.95,2000,0
2016-04-08,03:45:00,26.95,26.95,26.95,26.95,13000,0
2016-04-08,03:55:00,26.95,27,26.95,26.95,3500,0
2016-04-08,04:00:00,26.9,26.95,26.9,26.95,1500,0
2016-04-08,04:05:00,26.95,27.1,26.95,27.1,51000,0
2016-04-08,04:20:00,27.1,27.3,27.1,27.25,58000,0
2016-04-08,04:25:00,27.25,27.3,27.15,27.2,74500,0
2016-04-08,04:30:00,27.2,27.2,27.15,27.2,3500,0
2016-04-08,04:35:00,27.2,27.2,27.15,27.15,8000,0
2016-04-08,04:40:00,27.15,27.15,27.15,27.15,6000,0
2016-04-08,04:45:00,27.15,27.15,27.1,27.1,2500,0
2016-04-08,04:50:00,27.1,27.15,27,27,10000,0
2016-04-08,04:55:00,27,27,27,27,1000,0
2016-04-08,05:00:00,27,27,27,27,59,0
2016-04-08,05:05:00,27,27,27,27,1500,0
2016-04-08,05:15:00,27,27,27,27,2000,0
2016-04-08,05:20:00,27,27.1,27,27.1,26000,0
2016-04-08,05:25:00,27.1,27.1,27.05,27.05,4000,0
2016-04-08,05:30:00,27.05,27.1,27.05,27.1,11000,0
2016-04-08,05:35:00,27.1,27.1,27.1,27.1,1500,0
2016-04-08,05:40:00,27.1,27.1,27.1,27.1,3000,0
2016-04-08,05:45:00,27.1,27.1,27.05,27.05,27500,0
2016-04-08,06:00:00,27.05,27.05,27.05,27.05,1500,0
2016-04-08,07:05:00,27.05,27.05,27,27.05,5500,0
2016-04-08,07:10:00,27.05,27.05,27.05,27.05,2500,0
2016-04-08,07:15:00,27.05,27.05,27,27.05,4500,0
2016-04-08,07:20:00,27.05,27.05,27,27,4500,0
2016-04-08,07:25:00,27,27.05,27,27.05,18000,0
2016-04-08,07:30:00,27.05,27.1,27.05,27.1,8500,0
2016-04-08,07:35:00,27.1,27.15,27.1,27.15,1000,0
2016-04-08,07:40:00,27.15,27.15,27.15,27.15,500,0
2016-04-08,07:45:00,27.1,27.1,27.1,27.1,500,0
2016-04-08,07:50:00,27.1,27.1,27.05,27.05,8000,0
2016-04-08,07:55:00,27.05,27.15,27.05,27.15,4000,0
2016-04-08,08:00:00,27.15,27.2,27.15,27.2,10500,0
2016-04-08,08:05:00,27.2,27.3,27.2,27.3,40000,0
2016-04-08,08:10:00,27.3,27.3,27.1,27.15,12000,0
2016-04-08,08:20:00,27.15,27.15,27.15,27.15,124,0
2016-04-08,08:30:00,27.1,27.1,27.05,27.05,10000,0
2016-04-08,08:35:00,27.05,27.3,27.05,27.25,51000,0
2016-04-08,08:40:00,27.25,27.3,27.25,27.25,15500,0
2016-04-08,08:45:00,27.25,27.3,27.25,27.25,24500,0
2016-04-08,08:50:00,27.25,27.3,27.25,27.25,6500,0
2016-04-08,08:55:00,27.25,27.3,27.25,27.3,19500,0
2016-04-08,09:00:00,27.3,27.3,27.25,27.3,5000,0
2016-04-08,09:05:00,27.3,27.3,27.25,27.25,7000,0
2016-04-08,09:10:00,27.25,27.3,27.25,27.25,6000,0
2016-04-08,09:15:00,27.25,27.3,27.25,27.3,12000,0
2016-04-08,09:20:00,27.3,27.3,27.25,27.3,14500,0
2016-04-08,09:25:00,27.3,27.3,27.25,27.3,9000,0
2016-04-08,09:30:00,27.3,27.3,27.25,27.3,9500,0
2016-04-08,09:35:00,27.3,27.3,27.25,27.25,9500,0
2016-04-08,09:40:00,27.25,27.3,27.25,27.25,27000,0
2016-04-08,09:45:00,27.25,27.3,27.25,27.3,15500,0
2016-04-08,09:50:00,27.3,27.35,27.25,27.35,42500,0
2016-04-08,09:55:00,27.35,27.35,27.25,27.25,34000,0
2016-04-08,10:00:00,27.25,27.45,27.25,27.4,246000,0
2016-04-11,03:35:00,27.4,27.4,27.4,27.4,500,0
2016-04-11,03:40:00,27.4,27.4,27.25,27.3,1500,0
2016-04-11,03:45:00,27.3,27.4,27.25,27.3,53500,0
2016-04-11,03:50:00,27.3,27.55,27.3,27.55,19500,0
2016-04-11,03:55:00,27.55,27.55,27.55,27.55,2000,0
2016-04-11,04:00:00,27.55,27.55,27.55,27.55,4000,0
2016-04-11,04:05:00,27.55,27.55,27.55,27.55,7500,0
2016-04-11,04:10:00,27.55,27.55,27.5,27.5,9000,0
2016-04-11,04:20:00,27.5,27.5,27.45,27.5,2000,0
2016-04-11,04:30:00,27.5,27.5,27.45,27.45,2500,0
2016-04-11,04:45:00,27.45,27.45,27.45,27.45,4000,0
2016-04-11,04:50:00,27.45,27.55,27.45,27.55,10500,0
2016-04-11,04:55:00,27.5,27.5,27.5,27.5,2500,0
2016-04-11,05:00:00,27.5,27.55,27.5,27.55,16500,0
2016-04-11,05:05:00,27.55,27.6,27.55,27.55,18500,0
2016-04-11,05:10:00,27.55,27.65,27.55,27.6,5500,0
2016-04-11,05:15:00,27.6,27.6,27.6,27.6,2500,0
2016-04-11,05:20:00,27.6,27.6,27.55,27.6,5000,0
2016-04-11,05:25:00,27.6,27.7,27.55,27.7,7000,0
2016-04-11,05:30:00,27.7,27.7,27.6,27.7,3000,0
2016-04-11,05:35:00,27.7,27.7,27.55,27.6,3500,0
2016-04-11,05:40:00,27.6,27.6,27.55,27.55,5000,0
2016-04-11,05:55:00,27.55,27.8,27.55,27.75,47500,0
2016-04-11,06:00:00,27.75,27.75,27.75,27.75,4500,0
2016-04-11,07:05:00,27.75,27.75,27.6,27.6,67000,0
2016-04-11,07:10:00,27.6,27.75,27.55,27.75,17000,0
2016-04-11,07:15:00,27.75,27.75,27.7,27.75,3500,0
2016-04-11,07:20:00,27.75,27.75,27.65,27.65,14000,0
2016-04-11,07:25:00,27.65,27.65,27.6,27.65,12000,0
2016-04-11,07:30:00,27.65,27.7,27.55,27.7,81500,0
2016-04-11,07:35:00,27.7,27.7,27.6,27.7,12000,0
2016-04-11,07:40:00,27.7,27.7,27.7,27.7,3500,0
2016-04-11,07:45:00,27.7,27.7,27.7,27.7,20000,0
2016-04-11,07:50:00,27.7,27.7,27.7,27.7,1500,0
2016-04-11,07:55:00,27.7,27.75,27.65,27.7,10000,0
2016-04-11,08:00:00,27.7,27.75,27.7,27.7,11500,0
2016-04-11,08:05:00,27.7,27.75,27.7,27.7,6500,0
2016-04-11,08:10:00,27.7,27.75,27.7,27.75,8000,0
2016-04-11,08:15:00,27.75,27.75,27.7,27.7,7500,0
2016-04-11,08:20:00,27.7,27.75,27.7,27.75,45000,0
2016-04-11,08:25:00,27.75,27.75,27.75,27.75,2500,0
2016-04-11,08:30:00,27.75,27.8,27.7,27.8,9000,0
2016-04-11,08:35:00,27.8,27.8,27.75,27.75,5000,0
2016-04-11,08:40:00,27.75,27.8,27.75,27.8,8000,0
2016-04-11,08:45:00,27.8,27.8,27.75,27.75,9500,0
2016-04-11,08:50:00,27.75,27.8,27.75,27.75,4500,0
2016-04-11,08:55:00,27.75,27.8,27.75,27.8,7000,0
2016-04-11,09:00:00,27.8,27.8,27.75,27.8,11500,0
2016-04-11,09:05:00,27.8,27.8,27.75,27.75,48000,0
2016-04-11,09:10:00,27.75,27.8,27.7,27.75,19500,0
2016-04-11,09:15:00,27.75,27.8,27.75,27.75,15132,0
2016-04-11,09:20:00,27.75,27.8,27.75,27.75,25500,0
2016-04-11,09:25:00,27.75,27.8,27.7,27.8,32150,0
2016-04-11,09:30:00,27.8,27.8,27.75,27.75,11500,0
2016-04-11,09:35:00,27.75,27.8,27.75,27.75,6500,0
2016-04-11,09:40:00,27.75,27.8,27.7,27.8,26000,0
2016-04-11,09:45:00,27.8,27.8,27.75,27.8,9500,0
2016-04-11,09:50:00,27.8,27.8,27.75,27.75,17000,0
2016-04-11,09:55:00,27.75,27.8,27.75,27.8,18000,0
2016-04-11,10:00:00,27.8,27.85,27.75,27.85,253500,0
2016-04-12,03:35:00,27.95,27.95,27.65,27.75,8760,0
2016-04-12,03:40:00,27.75,27.75,27.75,27.75,6000,0
2016-04-12,03:45:00,27.75,27.8,27.7,27.7,15000,0
2016-04-12,03:50:00,27.7,27.75,27.7,27.7,15000,0
2016-04-12,03:55:00,27.7,28,27.7,28,238000,0
2016-04-12,04:00:00,28,28,27.85,28,25000,0
2016-04-12,04:05:00,28,28,27.8,27.8,31500,0
2016-04-12,04:10:00,27.8,27.8,27.75,27.75,44500,0
2016-04-12,04:15:00,27.75,27.75,27.75,27.75,18500,0
2016-04-12,04:20:00,27.75,27.8,27.75,27.75,20000,0
2016-04-12,04:25:00,27.75,27.8,27.75,27.8,8500,0
2016-04-12,04:30:00,27.8,27.8,27.75,27.75,9000,0
2016-04-12,04:35:00,27.75,27.75,27.75,27.75,12500,0
2016-04-12,04:40:00,27.75,27.75,27.75,27.75,24000,0
2016-04-12,04:45:00,27.75,27.8,27.75,27.75,36500,0
2016-04-12,04:50:00,27.75,27.75,27.7,27.7,20000,0
2016-04-12,04:55:00,27.7,27.7,27.7,27.7,6000,0
2016-04-12,05:00:00,27.7,27.7,27.7,27.7,5500,0
2016-04-12,05:05:00,27.7,27.75,27.7,27.7,163500,0
2016-04-12,05:10:00,27.7,27.7,27.7,27.7,4500,0
2016-04-12,05:15:00,27.7,27.7,27.7,27.7,7500,0
2016-04-12,05:20:00,27.7,27.75,27.7,27.7,14000,0
2016-04-12,05:25:00,27.7,27.75,27.7,27.75,33000,0
2016-04-12,05:30:00,27.75,27.75,27.7,27.7,27000,0
2016-04-12,05:35:00,27.7,27.75,27.7,27.7,11000,0
2016-04-12,05:40:00,27.7,27.75,27.7,27.7,38000,0
2016-04-12,05:45:00,27.7,27.75,27.7,27.7,13000,0
2016-04-12,05:50:00,27.7,27.75,27.7,27.75,22000,0
2016-04-12,05:55:00,27.75,27.75,27.7,27.7,20000,0
2016-04-12,06:00:00,27.7,27.75,27.7,27.7,24000,0
2016-04-12,07:05:00,27.7,27.75,27.7,27.7,43000,0
2016-04-12,07:10:00,27.7,27.75,27.7,27.75,12000,0
2016-04-12,07:15:00,27.75,27.75,27.7,27.7,12500,0
2016-04-12,07:20:00,27.7,27.75,27.7,27.75,7500,0
2016-04-12,07:25:00,27.75,27.75,27.7,27.75,22000,0
2016-04-12,07:30:00,27.75,27.75,27.7,27.7,29500,0
2016-04-12,07:35:00,27.7,27.75,27.7,27.75,20314,0
2016-04-12,07:40:00,27.75,27.75,27.7,27.7,9500,0
2016-04-12,07:45:00,27.7,27.75,27.65,27.7,194500,0
2016-04-12,07:50:00,27.7,27.7,27.7,27.7,15500,0
2016-04-12,07:55:00,27.7,27.7,27.7,27.7,10000,0
2016-04-12,08:00:00,27.7,27.7,27.7,27.7,48500,0
2016-04-12,08:05:00,27.7,27.75,27.7,27.7,15500,0
2016-04-12,08:10:00,27.7,27.75,27.7,27.7,8000,0
2016-04-12,08:15:00,27.7,27.75,27.7,27.75,19189,0
2016-04-12,08:20:00,27.75,27.75,27.7,27.7,12000,0
2016-04-12,08:25:00,27.7,27.7,27.7,27.7,12757,0
2016-04-12,08:30:00,27.7,27.75,27.7,27.75,22500,0
2016-04-12,08:35:00,27.75,27.75,27.7,27.75,15500,0
2016-04-12,08:40:00,27.75,27.75,27.7,27.75,17500,0
2016-04-12,08:45:00,27.75,27.75,27.7,27.7,20000,0
2016-04-12,08:50:00,27.7,27.75,27.7,27.7,22000,0
2016-04-12,08:55:00,27.7,27.75,27.7,27.7,16000,0
2016-04-12,09:00:00,27.7,27.75,27.7,27.75,19000,0
2016-04-12,09:05:00,27.75,27.75,27.7,27.7,45500,0
2016-04-12,09:10:00,27.7,27.75,27.7,27.75,19500,0
2016-04-12,09:15:00,27.75,27.75,27.7,27.7,11500,0
2016-04-12,09:20:00,27.7,27.75,27.7,27.75,30500,0
2016-04-12,09:25:00,27.75,27.75,27.7,27.75,16500,0
2016-04-12,09:30:00,27.75,27.75,27.7,27.75,29000,0
2016-04-12,09:35:00,27.75,27.75,27.7,27.75,21000,0
2016-04-12,09:40:00,27.75,27.75,27.7,27.7,17000,0
2016-04-12,09:45:00,27.7,27.75,27.7,27.7,48500,0
2016-04-12,09:50:00,27.7,27.75,27.7,27.7,60000,0
2016-04-12,09:55:00,27.7,27.75,27.65,27.65,353500,0
2016-04-12,10:00:00,27.65,27.7,27.55,27.6,463000,0
2016-04-13,03:35:00,27.95,27.95,27.3,27.35,94809,0
2016-04-13,03:40:00,27.35,27.45,27.3,27.45,17000,0
2016-04-13,03:45:00,27.45,27.45,27.45,27.45,500,0
2016-04-13,03:50:00,27.45,27.45,27.45,27.45,1000,0
2016-04-13,03:55:00,27.5,27.55,27.5,27.55,2500,0
2016-04-13,04:00:00,27.55,27.55,27.55,27.55,500,0
2016-04-13,04:05:00,27.55,27.55,27.5,27.55,9000,0
2016-04-13,04:10:00,27.55,27.55,27.5,27.5,3000,0
2016-04-13,04:15:00,27.5,27.5,27.5,27.5,500,0
2016-04-13,04:20:00,27.5,27.5,27.5,27.5,1500,0
2016-04-13,04:25:00,27.5,27.5,27.5,27.5,500,0
2016-04-13,04:30:00,27.5,27.5,27.5,27.5,2000,0
2016-04-13,04:35:00,27.5,27.5,27.5,27.5,1000,0
2016-04-13,04:40:00,27.5,27.5,27.5,27.5,5500,0
2016-04-13,04:45:00,27.5,27.5,27.5,27.5,1124,0
2016-04-13,04:50:00,27.5,27.5,27.45,27.5,11000,0
2016-04-13,04:55:00,27.5,27.5,27.45,27.45,1500,0
2016-04-13,05:00:00,27.45,27.45,27.45,27.45,6500,0
2016-04-13,05:10:00,27.45,27.45,27.35,27.4,41000,0
2016-04-13,05:20:00,27.4,27.4,27.4,27.4,1000,0
2016-04-13,05:25:00,27.4,27.4,27.35,27.35,1000,0
2016-04-13,05:30:00,27.35,27.35,27.35,27.35,500,0
2016-04-13,05:35:00,27.35,27.35,27.35,27.35,1780,0
2016-04-13,05:40:00,27.35,27.35,27.35,27.35,17500,0
2016-04-13,05:45:00,27.35,27.35,27.35,27.35,3500,0
2016-04-13,05:50:00,27.35,27.4,27.35,27.4,2000,0
2016-04-13,06:00:00,27.4,27.4,27.35,27.35,4500,0
2016-04-13,07:05:00,27.35,27.35,27.35,27.35,4000,0
2016-04-13,07:10:00,27.35,27.4,27.35,27.4,2500,0
2016-04-13,07:15:00,27.4,27.4,27.35,27.4,6500,0
2016-04-13,07:25:00,27.4,27.4,27.35,27.4,6500,0
2016-04-13,07:30:00,27.4,27.4,27.35,27.4,4000,0
2016-04-13,07:35:00,27.4,27.4,27.35,27.35,3500,0
2016-04-13,07:40:00,27.35,27.4,27.35,27.35,14500,0
2016-04-13,07:45:00,27.35,27.35,27.35,27.35,22000,0
2016-04-13,07:50:00,27.35,27.35,27.3,27.3,5000,0
2016-04-13,07:55:00,27.3,27.3,27.3,27.3,4500,0
2016-04-13,08:05:00,27.3,27.35,27.3,27.35,3000,0
2016-04-13,08:10:00,27.35,27.35,27.35,27.35,1000,0
2016-04-13,08:15:00,27.35,27.35,27.3,27.35,5000,0
2016-04-13,08:20:00,27.35,27.35,27.3,27.3,4000,0
2016-04-13,08:25:00,27.3,27.3,27.3,27.3,1000,0
2016-04-13,08:30:00,27.3,27.35,27.3,27.3,2500,0
2016-04-13,08:35:00,27.3,27.35,27.3,27.3,9000,0
2016-04-13,08:40:00,27.3,27.35,27.3,27.3,10500,0
2016-04-13,08:45:00,27.3,27.3,27.3,27.3,3000,0
2016-04-13,08:50:00,27.3,27.35,27.3,27.3,6500,0
2016-04-13,08:55:00,27.3,27.35,27.3,27.3,10000,0
2016-04-13,09:00:00,27.3,27.3,27.3,27.3,3000,0
2016-04-13,09:05:00,27.3,27.35,27.25,27.25,245000,0
2016-04-13,09:10:00,27.25,27.3,27.25,27.3,12000,0
2016-04-13,09:15:00,27.3,27.3,27.25,27.3,51000,0
2016-04-13,09:20:00,27.3,27.3,27.25,27.3,25500,0
2016-04-13,09:25:00,27.3,27.3,27.25,27.3,96500,0
2016-04-13,09:30:00,27.3,27.3,27.25,27.3,11500,0
2016-04-13,09:35:00,27.3,27.3,27.25,27.25,21000,0
2016-04-13,09:40:00,27.25,27.3,27.25,27.25,27500,0
2016-04-13,09:45:00,27.25,27.3,27.25,27.25,256000,0
2016-04-13,09:50:00,27.25,27.55,27.25,27.5,213000,0
2016-04-13,09:55:00,27.5,27.5,27.4,27.5,70000,0
2016-04-13,10:00:00,27.5,27.55,27.35,27.5,179500,0
