Date,Time,Open,High,Low,Close,Volume,OpenInt
2016-02-04,04:05:00,1.88,1.88,1.88,1.88,14000,0
2016-02-04,09:00:00,1.87,1.89,1.87,1.89,25000,0
2016-02-05,04:10:00,1.86,1.86,1.86,1.86,50000,0
2016-02-05,04:15:00,1.86,1.86,1.86,1.86,31000,0
2016-02-05,06:15:00,1.85,1.86,1.85,1.86,38000,0
2016-02-05,07:40:00,1.86,1.86,1.86,1.86,10000,0
2016-02-05,08:35:00,1.86,1.87,1.86,1.87,28000,0
2016-02-05,09:00:00,1.87,1.88,1.87,1.88,60000,0
2016-02-11,04:30:00,1.88,1.88,1.88,1.88,6000,0
2016-02-12,03:20:00,1.83,1.84,1.83,1.84,22000,0
2016-02-12,06:35:00,1.89,1.89,1.89,1.89,5000,0
2016-02-12,06:45:00,1.89,1.89,1.89,1.89,5000,0
2016-02-12,07:40:00,1.89,1.89,1.87,1.88,29000,0
2016-02-12,08:55:00,1.88,1.89,1.88,1.89,12000,0
2016-02-15,06:40:00,1.9,1.9,1.9,1.9,30000,0
2016-02-15,07:05:00,1.92,1.92,1.92,1.92,4000,0
2016-02-15,07:20:00,1.92,1.92,1.9,1.9,8000,0
2016-02-15,08:20:00,1.9,1.9,1.9,1.9,1000,0
2016-02-15,08:50:00,1.9,1.9,1.9,1.9,2000,0
2016-02-16,02:50:00,1.92,1.93,1.9,1.93,14000,0
2016-02-16,03:30:00,1.93,1.93,1.9,1.9,71000,0
2016-02-16,03:35:00,1.9,1.92,1.9,1.92,50000,0
2016-02-16,03:45:00,1.92,1.92,1.9,1.9,38000,0
2016-02-16,06:45:00,1.88,1.88,1.88,1.88,20000,0
2016-02-17,02:40:00,1.95,1.95,1.88,1.95,12000,0
2016-02-17,03:20:00,1.94,1.94,1.88,1.88,2000,0
2016-02-17,03:50:00,1.88,1.88,1.88,1.88,20000,0
2016-02-17,04:15:00,1.88,1.9,1.88,1.9,2000,0
2016-02-18,07:35:00,1.89,1.89,1.89,1.89,30000,0
2016-02-22,04:30:00,1.9,1.93,1.9,1.93,40000,0
2016-02-22,06:25:00,1.94,1.94,1.94,1.94,4000,0
2016-02-22,06:50:00,1.94,1.94,1.93,1.93,2000,0
2016-02-22,07:25:00,1.93,1.95,1.93,1.94,34000,0
2016-02-23,03:25:00,1.93,1.93,1.93,1.93,1000,0
2016-02-23,07:25:00,1.93,1.93,1.89,1.89,28000,0
2016-02-23,07:35:00,1.89,1.89,1.89,1.89,21000,0
2016-02-23,07:40:00,1.89,1.89,1.88,1.88,185000,0
2016-02-23,08:05:00,1.89,1.89,1.89,1.89,10000,0
2016-02-23,08:45:00,1.89,1.89,1.88,1.88,82000,0
2016-02-23,08:50:00,1.88,1.88,1.88,1.88,20000,0
2016-02-24,02:40:00,1.87,1.87,1.87,1.87,21000,0
2016-02-24,02:55:00,1.88,1.88,1.87,1.87,60000,0
2016-02-24,03:15:00,1.87,1.87,1.87,1.87,20000,0
2016-02-24,03:25:00,1.88,1.88,1.87,1.87,45000,0
2016-02-24,04:25:00,1.9,1.9,1.9,1.9,5000,0
2016-02-24,04:30:00,1.9,1.91,1.9,1.91,43000,0
2016-02-24,04:35:00,1.91,1.92,1.91,1.91,82000,0
2016-02-24,08:15:00,1.89,1.89,1.88,1.88,2000,0
2016-02-24,08:20:00,1.88,1.88,1.84,1.84,86000,0
2016-02-24,08:25:00,1.85,1.85,1.83,1.83,20000,0
2016-02-24,08:55:00,1.86,1.86,1.86,1.86,10000,0
2016-02-24,09:00:00,1.86,1.86,1.86,1.86,20000,0
2016-02-25,07:25:00,1.86,1.9,1.86,1.9,141000,0
2016-02-25,08:15:00,1.9,1.9,1.86,1.86,60000,0
2016-02-25,08:55:00,1.86,1.86,1.86,1.86,6000,0
2016-02-26,06:30:00,1.86,1.9,1.86,1.9,28000,0
2016-02-26,07:35:00,1.88,1.88,1.88,1.88,10000,0
2016-02-26,07:55:00,1.88,1.88,1.88,1.88,10000,0
2016-02-26,08:30:00,1.88,1.89,1.88,1.89,14000,0
2016-02-26,08:45:00,1.89,1.89,1.89,1.89,15000,0
2016-02-26,09:00:00,1.89,1.89,1.89,1.89,500000,0
2016-03-01,03:05:00,1.9,1.9,1.89,1.9,30000,0
2016-03-01,03:15:00,1.9,1.9,1.9,1.9,1000,0
2016-03-01,06:05:00,1.9,1.9,1.9,1.9,30000,0
2016-03-01,06:40:00,1.9,1.9,1.89,1.89,60000,0
2016-03-01,06:45:00,1.89,1.89,1.89,1.89,10000,0
2016-03-02,02:35:00,1.9,1.9,1.89,1.89,2000,0
2016-03-02,02:40:00,1.89,1.89,1.89,1.89,9000,0
2016-03-02,02:50:00,1.89,1.89,1.89,1.89,6000,0
2016-03-02,03:15:00,1.89,1.89,1.89,1.89,15000,0
2016-03-02,03:25:00,1.89,1.9,1.89,1.9,2000,0
2016-03-02,06:05:00,1.87,1.88,1.87,1.88,21000,0
2016-03-02,06:55:00,1.88,1.88,1.88,1.88,20000,0
2016-03-02,07:20:00,1.88,1.88,1.88,1.88,20000,0
2016-03-02,07:25:00,1.88,1.88,1.88,1.88,20000,0
2016-03-02,08:15:00,1.88,1.89,1.88,1.89,12000,0
2016-03-02,08:20:00,1.89,1.89,1.88,1.88,20000,0
2016-03-02,08:40:00,1.88,1.88,1.88,1.88,10000,0
2016-03-02,08:55:00,1.88,1.88,1.88,1.88,10000,0
2016-03-02,09:00:00,1.88,1.88,1.88,1.88,10000,0
2016-03-03,02:35:00,1.89,1.89,1.88,1.89,2000,0
2016-03-03,02:45:00,1.89,1.89,1.88,1.88,2000,0
2016-03-03,02:55:00,1.88,1.89,1.88,1.89,21000,0
2016-03-03,03:15:00,1.89,1.89,1.89,1.89,9000,0
2016-03-03,03:50:00,1.89,1.89,1.89,1.89,10000,0
2016-03-03,04:55:00,1.89,1.9,1.88,1.89,31000,0
2016-03-03,06:05:00,1.89,1.89,1.88,1.88,32000,0
2016-03-03,06:30:00,1.88,1.9,1.88,1.88,66000,0
2016-03-03,08:10:00,1.88,1.89,1.88,1.89,6000,0
2016-03-03,08:15:00,1.89,1.89,1.88,1.88,9000,0
2016-03-04,02:35:00,1.87,1.87,1.87,1.87,1000,0
2016-03-04,03:05:00,1.87,1.87,1.87,1.87,25000,0
2016-03-04,03:35:00,1.87,1.87,1.87,1.87,13000,0
2016-03-04,03:45:00,1.87,1.87,1.87,1.87,40000,0
2016-03-04,03:55:00,1.87,1.87,1.87,1.87,1000,0
2016-03-04,04:00:00,1.87,1.87,1.87,1.87,32000,0
2016-03-04,06:10:00,1.87,1.87,1.87,1.87,9000,0
2016-03-04,06:35:00,1.87,1.87,1.87,1.87,1000,0
2016-03-04,07:15:00,1.87,1.87,1.87,1.87,30000,0
2016-03-04,07:20:00,1.87,1.87,1.87,1.87,1000,0
2016-03-04,07:50:00,1.87,1.87,1.87,1.87,3000,0
2016-03-04,08:15:00,1.87,1.87,1.87,1.87,5000,0
2016-03-04,08:40:00,1.87,1.87,1.87,1.87,26000,0
2016-03-04,09:00:00,1.87,1.87,1.86,1.87,4000,0
2016-03-07,02:35:00,1.87,1.9,1.87,1.88,54000,0
2016-03-08,02:40:00,1.88,1.88,1.88,1.88,2000,0
2016-03-08,02:45:00,1.88,1.88,1.88,1.88,1000,0
2016-03-09,02:35:00,1.87,1.87,1.87,1.87,20000,0
2016-03-09,02:50:00,1.87,1.87,1.87,1.87,50000,0
2016-03-09,04:00:00,1.87,1.87,1.87,1.87,2000,0
2016-03-09,04:15:00,1.87,1.87,1.87,1.87,28000,0
2016-03-09,04:45:00,1.87,1.87,1.87,1.87,2000,0
2016-03-09,06:05:00,1.87,1.87,1.87,1.87,10000,0
2016-03-09,06:35:00,1.87,1.87,1.87,1.87,2000,0
2016-03-10,03:45:00,1.86,1.87,1.86,1.87,4000,0
2016-03-10,04:50:00,1.87,1.87,1.87,1.87,15000,0
2016-03-10,04:55:00,1.87,1.87,1.87,1.87,105000,0
2016-03-10,05:00:00,1.87,1.87,1.87,1.87,2000,0
2016-03-10,06:20:00,1.87,1.87,1.87,1.87,40000,0
2016-03-10,08:40:00,1.87,1.87,1.87,1.87,1000,0
2016-03-11,04:45:00,1.86,1.86,1.86,1.86,20000,0
2016-03-11,04:50:00,1.86,1.86,1.86,1.86,1000,0
2016-03-11,08:55:00,1.86,1.86,1.86,1.86,1000,0
2016-03-14,02:35:00,1.86,1.86,1.86,1.86,10000,0
2016-03-14,02:40:00,1.86,1.86,1.85,1.85,46000,0
2016-03-14,02:45:00,1.85,1.85,1.85,1.85,12000,0
2016-03-14,02:50:00,1.85,1.85,1.85,1.85,3000,0
2016-03-14,02:55:00,1.85,1.85,1.85,1.85,7000,0
2016-03-14,03:00:00,1.85,1.85,1.85,1.85,1000,0
2016-03-14,03:15:00,1.85,1.85,1.85,1.85,2000,0
2016-03-14,03:45:00,1.85,1.86,1.85,1.86,30000,0
2016-03-14,04:45:00,1.86,1.86,1.86,1.86,2000,0
2016-03-14,06:05:00,1.86,1.86,1.85,1.85,20000,0
2016-03-14,06:10:00,1.85,1.86,1.85,1.86,2000,0
2016-03-14,06:20:00,1.86,1.86,1.86,1.86,4000,0
2016-03-14,07:15:00,1.86,1.86,1.86,1.86,20000,0
2016-03-14,07:20:00,1.86,1.86,1.85,1.85,31000,0
2016-03-14,07:30:00,1.85,1.85,1.85,1.85,1000,0
2016-03-14,07:40:00,1.85,1.86,1.85,1.86,2000,0
2016-03-14,08:30:00,1.86,1.86,1.85,1.85,11000,0
2016-03-15,02:45:00,1.83,1.84,1.83,1.83,100000,0
2016-03-15,03:25:00,1.83,1.83,1.82,1.82,25000,0
2016-03-15,03:30:00,1.82,1.82,1.82,1.82,12000,0
2016-03-15,03:35:00,1.82,1.83,1.82,1.83,2000,0
2016-03-15,04:00:00,1.83,1.83,1.82,1.82,20000,0
2016-03-15,04:45:00,1.82,1.82,1.82,1.82,115000,0
2016-03-15,04:50:00,1.82,1.82,1.82,1.82,2000,0
2016-03-15,04:55:00,1.82,1.82,1.81,1.81,79000,0
2016-03-15,05:00:00,1.81,1.81,1.8,1.8,105000,0
2016-03-15,06:05:00,1.8,1.8,1.8,1.8,4000,0
2016-03-15,06:15:00,1.8,1.8,1.8,1.8,30000,0
2016-03-15,06:20:00,1.8,1.8,1.8,1.8,20000,0
2016-03-15,06:45:00,1.8,1.8,1.8,1.8,1000,0
2016-03-15,06:55:00,1.8,1.8,1.8,1.8,48000,0
2016-03-15,07:00:00,1.8,1.8,1.8,1.8,41000,0
2016-03-15,07:05:00,1.8,1.8,1.8,1.8,7000,0
2016-03-15,07:15:00,1.8,1.8,1.8,1.8,10000,0
2016-03-15,07:20:00,1.8,1.8,1.8,1.8,10000,0
2016-03-15,07:30:00,1.8,1.8,1.8,1.8,12000,0
2016-03-15,08:00:00,1.8,1.8,1.8,1.8,10000,0
2016-03-15,08:15:00,1.8,1.8,1.79,1.79,12000,0
2016-03-15,09:00:00,1.79,1.79,1.79,1.79,88000,0
2016-03-16,02:35:00,1.78,1.78,1.78,1.78,2000,0
2016-03-16,02:45:00,1.78,1.78,1.78,1.78,13000,0
2016-03-16,02:50:00,1.78,1.78,1.78,1.78,2000,0
2016-03-16,02:55:00,1.78,1.78,1.78,1.78,3000,0
2016-03-16,03:00:00,1.78,1.78,1.78,1.78,2000,0
2016-03-16,03:10:00,1.78,1.78,1.78,1.78,3000,0
2016-03-16,03:15:00,1.78,1.78,1.78,1.78,5000,0
2016-03-16,03:30:00,1.78,1.78,1.78,1.78,1000,0
2016-03-16,03:35:00,1.78,1.78,1.78,1.78,1000,0
2016-03-16,03:40:00,1.78,1.78,1.78,1.78,2000,0
2016-03-16,03:45:00,1.78,1.78,1.78,1.78,6000,0
2016-03-16,03:50:00,1.78,1.78,1.78,1.78,2000,0
2016-03-16,03:55:00,1.78,1.78,1.78,1.78,2000,0
2016-03-16,04:00:00,1.78,1.78,1.78,1.78,1000,0
2016-03-16,04:05:00,1.78,1.78,1.78,1.78,2000,0
2016-03-16,04:10:00,1.78,1.78,1.78,1.78,1000,0
2016-03-16,04:15:00,1.78,1.78,1.78,1.78,2000,0
2016-03-16,04:20:00,1.78,1.78,1.78,1.78,2000,0
2016-03-16,04:25:00,1.78,1.78,1.78,1.78,6000,0
2016-03-16,04:30:00,1.78,1.78,1.78,1.78,2000,0
2016-03-16,04:35:00,1.78,1.78,1.78,1.78,23000,0
2016-03-16,04:40:00,1.78,1.78,1.78,1.78,2000,0
2016-03-16,04:45:00,1.78,1.78,1.78,1.78,1000,0
2016-03-16,04:50:00,1.78,1.78,1.78,1.78,2000,0
2016-03-16,04:55:00,1.78,1.78,1.78,1.78,2000,0
2016-03-16,05:00:00,1.78,1.78,1.78,1.78,6000,0
2016-03-16,06:05:00,1.78,1.78,1.78,1.78,12000,0
2016-03-16,06:10:00,1.78,1.78,1.78,1.78,1000,0
2016-03-16,06:15:00,1.78,1.78,1.78,1.78,17000,0
2016-03-16,07:20:00,1.78,1.78,1.78,1.78,1000,0
2016-03-16,07:30:00,1.78,1.78,1.78,1.78,2000,0
2016-03-16,07:35:00,1.78,1.78,1.78,1.78,8000,0
2016-03-16,08:20:00,1.78,1.78,1.78,1.78,50000,0
2016-03-16,08:40:00,1.78,1.78,1.77,1.77,108000,0
2016-03-16,08:55:00,1.76,1.77,1.76,1.77,20000,0
2016-03-16,09:00:00,1.77,1.77,1.76,1.77,51000,0
2016-03-17,04:10:00,1.78,1.78,1.77,1.78,21000,0
2016-03-17,04:15:00,1.78,1.78,1.78,1.78,1000,0
2016-03-17,04:20:00,1.78,1.78,1.78,1.78,3000,0
2016-03-17,04:50:00,1.78,1.78,1.78,1.78,8000,0
2016-03-17,06:05:00,1.78,1.78,1.78,1.78,4000,0
2016-03-17,08:50:00,1.76,1.76,1.76,1.76,12000,0
2016-03-17,08:55:00,1.76,1.76,1.76,1.76,9000,0
2016-03-18,03:35:00,1.76,1.76,1.76,1.76,10000,0
2016-03-18,03:45:00,1.76,1.76,1.75,1.75,93000,0
2016-03-18,04:10:00,1.75,1.75,1.75,1.75,7000,0
2016-03-18,04:15:00,1.75,1.75,1.75,1.75,10000,0
2016-03-18,04:40:00,1.75,1.76,1.75,1.76,18000,0
2016-03-18,04:45:00,1.76,1.76,1.75,1.75,10000,0
2016-03-18,04:50:00,1.75,1.76,1.75,1.76,2000,0
2016-03-18,07:35:00,1.76,1.76,1.75,1.75,14000,0
2016-03-18,08:35:00,1.74,1.75,1.74,1.75,90000,0
2016-03-21,02:45:00,1.74,1.74,1.74,1.74,3000,0
2016-03-21,03:55:00,1.73,1.75,1.73,1.75,77000,0
2016-03-21,06:05:00,1.75,1.75,1.75,1.75,1000,0
2016-03-21,06:40:00,1.75,1.75,1.75,1.75,20000,0
2016-03-21,06:45:00,1.75,1.75,1.74,1.74,21000,0
2016-03-21,07:00:00,1.75,1.75,1.74,1.74,30000,0
2016-03-21,07:50:00,1.74,1.76,1.74,1.76,19000,0
2016-03-21,08:20:00,1.76,1.76,1.74,1.74,54000,0
2016-03-21,09:00:00,1.74,1.74,1.73,1.73,62000,0
2016-03-22,02:35:00,1.74,1.74,1.73,1.74,2000,0
2016-03-22,03:10:00,1.74,1.75,1.74,1.75,7000,0
2016-03-22,03:25:00,1.75,1.75,1.75,1.75,4000,0
2016-03-22,04:40:00,1.75,1.76,1.75,1.75,36000,0
2016-03-22,06:20:00,1.75,1.75,1.74,1.74,6000,0
2016-03-22,06:25:00,1.74,1.74,1.74,1.74,5000,0
2016-03-22,07:25:00,1.74,1.74,1.74,1.74,7000,0
2016-03-22,07:35:00,1.74,1.74,1.74,1.74,1000,0
2016-03-22,08:40:00,1.73,1.74,1.73,1.74,19000,0
2016-03-23,02:35:00,1.74,1.74,1.73,1.74,31000,0
2016-03-23,02:45:00,1.74,1.74,1.74,1.74,43000,0
2016-03-23,03:05:00,1.74,1.74,1.74,1.74,6000,0
2016-03-23,03:20:00,1.74,1.74,1.74,1.74,16000,0
2016-03-23,07:20:00,1.73,1.74,1.73,1.74,9000,0
2016-03-23,07:25:00,1.74,1.74,1.74,1.74,1000,0
2016-03-23,08:55:00,1.73,1.74,1.73,1.74,23000,0
2016-03-24,03:05:00,1.73,1.74,1.73,1.74,35000,0
2016-03-24,03:15:00,1.74,1.74,1.74,1.74,81000,0
2016-03-24,03:50:00,1.74,1.74,1.74,1.74,20000,0
2016-03-24,03:55:00,1.74,1.74,1.74,1.74,10000,0
2016-03-24,04:00:00,1.74,1.74,1.74,1.74,20000,0
2016-03-24,04:25:00,1.74,1.74,1.74,1.74,45000,0
2016-03-24,04:35:00,1.74,1.74,1.74,1.74,20000,0
2016-03-24,06:35:00,1.74,1.74,1.74,1.74,40000,0
2016-03-24,06:50:00,1.74,1.74,1.74,1.74,60000,0
2016-03-24,06:55:00,1.74,1.74,1.74,1.74,2000,0
2016-03-24,07:10:00,1.74,1.74,1.74,1.74,18000,0
2016-03-24,07:15:00,1.74,1.74,1.74,1.74,5000,0
2016-03-24,08:00:00,1.74,1.74,1.74,1.74,15000,0
2016-03-24,08:55:00,1.74,1.74,1.74,1.74,20000,0
2016-03-29,03:45:00,1.75,1.75,1.74,1.75,43000,0
2016-03-29,03:50:00,1.75,1.75,1.75,1.75,20000,0
2016-03-29,04:05:00,1.75,1.75,1.75,1.75,57000,0
2016-03-29,04:35:00,1.75,1.75,1.75,1.75,10000,0
2016-03-29,04:45:00,1.75,1.75,1.75,1.75,40000,0
2016-03-29,04:55:00,1.75,1.75,1.75,1.75,20000,0
2016-03-29,05:10:00,1.75,1.75,1.75,1.75,40000,0
2016-03-29,05:25:00,1.75,1.83,1.75,1.78,82000,0
2016-03-29,05:35:00,1.76,1.76,1.76,1.76,30000,0
2016-03-29,05:55:00,1.74,1.76,1.74,1.76,4000,0
2016-03-29,09:25:00,1.75,1.75,1.75,1.75,25000,0
2016-03-30,03:35:00,1.8,1.8,1.79,1.79,51000,0
2016-03-30,03:40:00,1.79,1.79,1.78,1.78,88000,0
2016-03-30,04:10:00,1.78,1.79,1.78,1.79,12000,0
2016-03-30,04:20:00,1.79,1.8,1.79,1.8,90000,0
2016-03-30,04:30:00,1.8,1.8,1.8,1.8,7000,0
2016-03-30,04:35:00,1.8,1.8,1.8,1.8,32000,0
2016-03-30,04:40:00,1.8,1.8,1.8,1.8,36000,0
2016-03-30,05:05:00,1.8,1.8,1.8,1.8,20000,0
2016-03-30,05:10:00,1.8,1.8,1.8,1.8,30000,0
2016-03-30,05:25:00,1.8,1.8,1.8,1.8,38000,0
2016-03-30,05:35:00,1.8,1.8,1.8,1.8,17000,0
2016-03-30,05:40:00,1.8,1.81,1.8,1.81,20000,0
2016-03-30,05:45:00,1.81,1.81,1.8,1.8,57000,0
2016-03-30,05:55:00,1.8,1.8,1.8,1.8,50000,0
2016-03-30,07:20:00,1.8,1.8,1.8,1.8,5000,0
2016-03-30,08:25:00,1.8,1.8,1.8,1.8,20000,0
2016-03-30,09:00:00,1.8,1.8,1.79,1.79,105000,0
2016-03-30,09:20:00,1.79,1.8,1.79,1.8,90000,0
2016-03-30,09:40:00,1.8,1.8,1.8,1.8,60000,0
2016-03-30,09:55:00,1.8,1.8,1.8,1.8,5000,0
2016-03-30,10:00:00,1.8,1.8,1.79,1.79,80000,0
2016-03-31,04:00:00,1.79,1.79,1.79,1.79,1000,0
2016-03-31,04:35:00,1.79,1.79,1.78,1.78,2000,0
2016-03-31,04:40:00,1.78,1.79,1.78,1.79,11000,0
2016-03-31,04:45:00,1.79,1.79,1.79,1.79,25000,0
2016-03-31,05:25:00,1.79,1.79,1.79,1.79,5000,0
2016-03-31,05:40:00,1.79,1.79,1.79,1.79,30000,0
2016-03-31,07:10:00,1.79,1.79,1.78,1.78,53000,0
2016-03-31,07:15:00,1.78,1.78,1.78,1.78,30000,0
2016-03-31,08:30:00,1.78,1.78,1.77,1.77,73000,0
2016-03-31,08:35:00,1.77,1.8,1.77,1.78,357000,0
2016-03-31,09:00:00,1.78,1.78,1.78,1.78,9000,0
2016-03-31,09:05:00,1.78,1.78,1.77,1.77,5000,0
2016-04-01,08:20:00,1.76,1.8,1.76,1.79,497000,0
2016-04-01,08:30:00,1.79,1.79,1.79,1.79,1956000,0
2016-04-01,08:35:00,1.79,1.79,1.79,1.79,2406000,0
2016-04-01,08:40:00,1.79,1.79,1.79,1.79,662000,0
2016-04-01,08:50:00,1.79,1.79,1.79,1.79,5000,0
2016-04-01,08:55:00,1.79,1.79,1.79,1.79,80000,0
2016-04-01,09:00:00,1.79,1.8,1.79,1.8,228000,0
2016-04-01,09:15:00,1.8,1.8,1.79,1.79,93000,0
2016-04-01,09:20:00,1.79,1.79,1.79,1.79,20000,0
2016-04-01,09:25:00,1.79,1.79,1.79,1.79,100000,0
2016-04-01,09:40:00,1.79,1.79,1.79,1.79,20000,0
2016-04-01,09:45:00,1.79,1.79,1.79,1.79,4000,0
2016-04-01,10:00:00,1.79,1.79,1.78,1.78,83000,0
2016-04-05,08:20:00,1.78,1.79,1.78,1.79,53000,0
2016-04-05,08:25:00,1.79,1.79,1.79,1.79,66000,0
2016-04-05,08:50:00,1.79,1.79,1.79,1.79,50000,0
2016-04-05,09:10:00,1.79,1.79,1.79,1.79,68000,0
2016-04-05,09:35:00,1.79,1.79,1.79,1.79,26000,0
2016-04-05,09:45:00,1.79,1.79,1.79,1.79,100000,0
2016-04-05,09:50:00,1.79,1.79,1.79,1.79,4000,0
2016-04-06,03:35:00,1.8,1.82,1.8,1.81,31410000,0
2016-04-06,03:40:00,1.81,1.83,1.81,1.82,301000,0
2016-04-06,03:45:00,1.82,1.84,1.82,1.84,133000,0
2016-04-06,03:50:00,1.84,1.85,1.82,1.83,557000,0
2016-04-06,03:55:00,1.83,1.84,1.83,1.84,86000,0
2016-04-06,04:00:00,1.84,1.85,1.84,1.84,523000,0
2016-04-06,04:05:00,1.84,1.85,1.84,1.85,357000,0
2016-04-06,04:10:00,1.85,1.85,1.84,1.85,296000,0
2016-04-06,04:15:00,1.85,1.85,1.84,1.84,346000,0
2016-04-06,04:20:00,1.84,1.85,1.84,1.84,176000,0
2016-04-06,04:25:00,1.84,1.85,1.84,1.85,57000,0
2016-04-06,04:30:00,1.85,1.85,1.84,1.84,340000,0
2016-04-06,04:35:00,1.84,1.85,1.84,1.85,32000,0
2016-04-06,04:40:00,1.85,1.85,1.85,1.85,61000,0
2016-04-06,04:45:00,1.85,1.89,1.85,1.89,632000,0
2016-04-06,04:50:00,1.89,1.95,1.89,1.95,338000,0
2016-04-06,04:55:00,1.95,1.96,1.9,1.94,330000,0
2016-04-06,05:00:00,1.94,1.94,1.94,1.94,5000,0
2016-04-06,05:05:00,1.94,1.94,1.88,1.9,543000,0
2016-04-06,05:10:00,1.9,1.93,1.9,1.93,105000,0
2016-04-06,05:15:00,1.93,1.93,1.92,1.92,128000,0
2016-04-06,05:20:00,1.92,1.95,1.92,1.95,283000,0
2016-04-06,05:25:00,1.95,2.04,1.95,1.97,280000,0
2016-04-06,05:30:00,1.97,2.02,1.97,1.99,132000,0
2016-04-06,05:35:00,1.99,2.01,1.99,2,158000,0
2016-04-06,05:40:00,2,2.02,2,2.02,85000,0
2016-04-06,05:45:00,2.02,2.02,2,2.01,142000,0
2016-04-06,05:50:00,2.01,2.01,1.98,1.99,120000,0
2016-04-06,05:55:00,1.99,1.99,1.97,1.97,50000,0
2016-04-06,06:00:00,1.97,1.97,1.96,1.96,74000,0
2016-04-06,07:05:00,1.96,1.97,1.96,1.96,104000,0
2016-04-06,07:10:00,1.96,1.96,1.96,1.96,30000,0
2016-04-06,07:15:00,1.96,1.98,1.96,1.98,224000,0
2016-04-06,07:20:00,1.98,1.98,1.97,1.97,82000,0
2016-04-06,07:25:00,1.97,1.97,1.97,1.97,35000,0
2016-04-06,07:30:00,1.97,1.97,1.97,1.97,52000,0
2016-04-06,07:35:00,1.97,1.97,1.96,1.96,32000,0
2016-04-06,07:40:00,1.96,1.96,1.95,1.95,83000,0
2016-04-06,07:45:00,1.95,1.96,1.95,1.95,127000,0
2016-04-06,07:50:00,1.95,1.95,1.93,1.93,137000,0
2016-04-06,07:55:00,1.93,1.93,1.92,1.92,41000,0
2016-04-06,08:00:00,1.92,1.97,1.92,1.97,111000,0
2016-04-06,08:05:00,1.97,1.98,1.97,1.98,66000,0
2016-04-06,08:10:00,1.98,1.98,1.97,1.97,128000,0
2016-04-06,08:15:00,1.97,1.97,1.97,1.97,10000,0
2016-04-06,08:20:00,1.97,1.97,1.96,1.97,101000,0
2016-04-06,08:25:00,1.96,1.97,1.96,1.96,210000,0
2016-04-06,08:30:00,1.96,1.96,1.94,1.94,67000,0
2016-04-06,08:35:00,1.94,1.94,1.93,1.93,12000,0
2016-04-06,08:40:00,1.93,1.94,1.93,1.94,86000,0
2016-04-06,08:45:00,1.94,1.96,1.94,1.96,137000,0
2016-04-06,08:50:00,1.96,1.96,1.95,1.96,73000,0
2016-04-06,08:55:00,1.96,1.97,1.95,1.96,313000,0
2016-04-06,09:00:00,1.96,1.96,1.96,1.96,176000,0
2016-04-06,09:05:00,1.96,1.96,1.95,1.95,20000,0
2016-04-06,09:10:00,1.95,1.95,1.95,1.95,120000,0
2016-04-06,09:15:00,1.95,1.95,1.93,1.93,219000,0
2016-04-06,09:20:00,1.93,1.94,1.92,1.93,303000,0
2016-04-06,09:30:00,1.93,1.93,1.93,1.93,45000,0
2016-04-06,09:35:00,1.93,1.93,1.93,1.93,20000,0
2016-04-06,09:40:00,1.93,1.93,1.93,1.93,84000,0
2016-04-06,09:45:00,1.93,1.94,1.93,1.94,244000,0
2016-04-06,09:50:00,1.94,1.94,1.93,1.93,251000,0
2016-04-06,09:55:00,1.93,1.93,1.93,1.93,104000,0
2016-04-06,10:00:00,1.93,1.96,1.93,1.96,275000,0
2016-04-07,03:35:00,1.99,2,1.98,2,165000,0
2016-04-07,03:40:00,2,2.04,1.98,1.98,288000,0
2016-04-07,03:45:00,1.98,1.98,1.95,1.95,33000,0
2016-04-07,03:50:00,1.95,2,1.95,2,137000,0
2016-04-07,03:55:00,2,2.01,2,2,154000,0
2016-04-07,04:00:00,2,2,2,2,10000,0
2016-04-07,04:05:00,2,2.01,2,2,113000,0
2016-04-07,04:10:00,2,2,1.99,1.99,81000,0
2016-04-07,04:15:00,1.99,2,1.99,2,178000,0
2016-04-07,04:20:00,2,2,2,2,25000,0
2016-04-07,04:25:00,2,2,1.99,1.99,80000,0
2016-04-07,04:30:00,1.99,1.99,1.99,1.99,30000,0
2016-04-07,04:35:00,1.99,1.99,1.99,1.99,84000,0
2016-04-07,04:40:00,1.99,1.99,1.99,1.99,42000,0
2016-04-07,04:45:00,1.99,1.99,1.98,1.98,200000,0
2016-04-07,04:50:00,1.98,1.99,1.98,1.98,104000,0
2016-04-07,04:55:00,1.98,1.99,1.98,1.99,25000,0
2016-04-07,05:00:00,1.99,1.99,1.99,1.99,4000,0
2016-04-07,05:20:00,1.99,2,1.99,1.99,99000,0
2016-04-07,05:25:00,1.99,1.99,1.99,1.99,12000,0
2016-04-07,05:30:00,1.99,2,1.99,2,137000,0
2016-04-07,05:40:00,2,2,2,2,20000,0
2016-04-07,05:45:00,2,2,2,2,32000,0
2016-04-07,05:55:00,2,2,2,2,10000,0
2016-04-07,06:00:00,2,2.01,2,2.01,64000,0
2016-04-07,07:05:00,2.01,2.01,2,2,22000,0
2016-04-07,07:15:00,2,2,2,2,30000,0
2016-04-07,07:35:00,2,2.02,2,2.02,150000,0
2016-04-07,07:40:00,2.02,2.02,2.02,2.02,151000,0
2016-04-07,07:45:00,2.02,2.02,2.02,2.02,30000,0
2016-04-07,07:50:00,2.02,2.02,2.02,2.02,50000,0
2016-04-07,08:00:00,2.02,2.02,2.01,2.01,4000,0
2016-04-07,08:05:00,2.01,2.02,2.01,2.02,22000,0
2016-04-07,08:10:00,2.02,2.02,2.02,2.02,2000,0
2016-04-07,08:15:00,2.02,2.02,2.01,2.01,13000,0
2016-04-07,08:25:00,2.01,2.02,2.01,2.02,89000,0
2016-04-07,08:30:00,2.02,2.02,2.02,2.02,39000,0
2016-04-07,08:40:00,2.02,2.02,2.02,2.02,10000,0
2016-04-07,08:45:00,2.02,2.02,2.01,2.01,110000,0
2016-04-07,08:50:00,2.01,2.02,2.01,2.02,85000,0
2016-04-07,08:55:00,2.02,2.02,2.01,2.01,84000,0
2016-04-07,09:05:00,2.01,2.02,2.01,2.02,61000,0
2016-04-07,09:10:00,2.02,2.02,2.01,2.01,14000,0
2016-04-07,09:25:00,2.01,2.01,2.01,2.01,55000,0
2016-04-07,09:30:00,2.01,2.01,2,2,40000,0
2016-04-07,09:35:00,2,2.01,2,2.01,90000,0
2016-04-07,09:45:00,2.01,2.01,2.01,2.01,40000,0
2016-04-07,09:50:00,2.01,2.01,2.01,2.01,529000,0
2016-04-07,09:55:00,2.01,2.01,2,2,18000,0
2016-04-07,10:00:00,2,2,1.99,1.99,212000,0
2016-04-08,03:35:00,1.99,1.99,1.98,1.98,18000,0
2016-04-08,03:40:00,1.98,1.98,1.96,1.96,53000,0
2016-04-08,03:45:00,1.96,1.96,1.96,1.96,11000,0
2016-04-08,03:55:00,1.94,1.95,1.94,1.95,20000,0
2016-04-08,04:00:00,1.95,1.96,1.95,1.96,14000,0
2016-04-08,04:20:00,1.95,1.96,1.95,1.96,105000,0
2016-04-08,04:25:00,1.96,1.96,1.96,1.96,5000,0
2016-04-08,04:30:00,1.96,1.96,1.96,1.96,20000,0
2016-04-08,04:45:00,1.96,1.97,1.96,1.96,121000,0
2016-04-08,04:50:00,1.96,1.96,1.96,1.96,20000,0
2016-04-08,05:00:00,1.96,1.96,1.96,1.96,4000,0
2016-04-08,05:10:00,1.96,1.96,1.96,1.96,24000,0
2016-04-08,05:20:00,1.96,1.96,1.95,1.95,19000,0
2016-04-08,05:30:00,1.95,1.96,1.95,1.96,36000,0
2016-04-08,05:45:00,1.96,1.96,1.95,1.95,82000,0
2016-04-08,06:00:00,1.94,1.95,1.94,1.95,2000,0
2016-04-08,07:05:00,1.95,1.95,1.95,1.95,29000,0
2016-04-08,07:25:00,1.95,1.95,1.95,1.95,27000,0
2016-04-08,07:30:00,1.95,1.95,1.95,1.95,9000,0
2016-04-08,07:40:00,1.95,1.95,1.95,1.95,17000,0
2016-04-08,07:50:00,1.95,1.95,1.95,1.95,10000,0
2016-04-08,08:40:00,1.94,1.95,1.94,1.95,17000,0
2016-04-08,08:45:00,1.95,1.95,1.95,1.95,3000,0
2016-04-08,08:50:00,1.95,1.95,1.95,1.95,32000,0
2016-04-08,09:00:00,1.95,1.95,1.95,1.95,10000,0
2016-04-08,09:05:00,1.95,1.95,1.95,1.95,45000,0
2016-04-08,09:15:00,1.95,1.95,1.94,1.95,129000,0
2016-04-08,09:20:00,1.95,1.95,1.95,1.95,8000,0
2016-04-08,09:25:00,1.95,1.95,1.95,1.95,10000,0
2016-04-08,09:30:00,1.95,1.95,1.95,1.95,5000,0
2016-04-08,09:35:00,1.95,1.95,1.95,1.95,20000,0
2016-04-08,09:55:00,1.94,1.95,1.94,1.95,43000,0
2016-04-08,10:00:00,1.95,1.95,1.95,1.95,25000,0
2016-04-11,03:35:00,1.95,1.99,1.94,1.98,17000,0
2016-04-11,03:55:00,1.97,1.97,1.95,1.95,8000,0
2016-04-11,04:05:00,1.95,1.97,1.95,1.97,50000,0
2016-04-11,04:15:00,1.96,1.96,1.95,1.95,25000,0
2016-04-11,04:25:00,1.95,1.95,1.95,1.95,8000,0
2016-04-11,04:30:00,1.95,1.96,1.95,1.96,23000,0
2016-04-11,04:55:00,1.96,1.97,1.96,1.97,6000,0
2016-04-11,05:00:00,1.97,1.97,1.97,1.97,11000,0
2016-04-11,05:05:00,1.97,1.97,1.97,1.97,16000,0
2016-04-11,05:10:00,1.97,1.97,1.97,1.97,6000,0
2016-04-11,05:15:00,1.97,1.97,1.96,1.96,23000,0
2016-04-11,05:25:00,1.96,1.96,1.95,1.95,23000,0
2016-04-11,05:30:00,1.95,1.95,1.95,1.95,22000,0
2016-04-11,05:40:00,1.96,1.96,1.95,1.95,35000,0
2016-04-11,05:50:00,1.95,1.95,1.95,1.95,20000,0
2016-04-11,05:55:00,1.95,1.97,1.95,1.97,60000,0
2016-04-11,07:05:00,1.97,2,1.97,2,69000,0
2016-04-11,07:10:00,1.99,1.99,1.99,1.99,10000,0
2016-04-11,07:15:00,1.99,1.99,1.97,1.98,21000,0
2016-04-11,07:30:00,1.98,1.98,1.97,1.97,191000,0
2016-04-11,07:35:00,1.97,1.97,1.97,1.97,5000,0
2016-04-11,07:45:00,1.97,1.97,1.96,1.96,20000,0
2016-04-11,07:50:00,1.97,1.97,1.97,1.97,20000,0
2016-04-11,07:55:00,1.97,1.97,1.97,1.97,3000,0
2016-04-11,08:15:00,1.97,1.97,1.97,1.97,20000,0
2016-04-11,08:20:00,1.97,1.97,1.96,1.96,19000,0
2016-04-11,08:25:00,1.96,1.96,1.96,1.96,30000,0
2016-04-11,08:55:00,1.96,1.96,1.96,1.96,56000,0
2016-04-11,09:30:00,1.96,1.96,1.95,1.95,65000,0
2016-04-11,09:40:00,1.95,1.96,1.95,1.96,20000,0
2016-04-11,09:45:00,1.96,1.96,1.95,1.95,2000,0
2016-04-11,09:50:00,1.95,1.95,1.94,1.95,26000,0
2016-04-11,09:55:00,1.95,1.96,1.95,1.96,48000,0
2016-04-11,10:00:00,1.96,1.96,1.96,1.96,35000,0
2016-04-12,03:40:00,1.94,1.96,1.94,1.94,18000,0
2016-04-12,03:45:00,1.94,1.94,1.94,1.94,2000,0
2016-04-12,03:50:00,1.94,1.94,1.93,1.93,26000,0
2016-04-12,03:55:00,1.93,1.93,1.93,1.93,8000,0
2016-04-12,04:20:00,1.93,1.93,1.93,1.93,2000,0
2016-04-12,04:25:00,1.93,1.93,1.92,1.92,20000,0
2016-04-12,04:30:00,1.92,1.92,1.91,1.91,32000,0
2016-04-12,04:35:00,1.92,1.93,1.92,1.93,92000,0
2016-04-12,04:40:00,1.93,1.93,1.93,1.93,13000,0
2016-04-12,04:45:00,1.93,1.94,1.93,1.94,100000,0
2016-04-12,04:50:00,1.94,1.94,1.93,1.93,117000,0
2016-04-12,05:00:00,1.93,1.94,1.93,1.94,115000,0
2016-04-12,05:30:00,1.94,1.94,1.94,1.94,10000,0
2016-04-12,05:35:00,1.94,1.94,1.94,1.94,2000,0
2016-04-12,05:50:00,1.94,1.94,1.94,1.94,25000,0
2016-04-12,07:05:00,1.94,1.94,1.94,1.94,29000,0
2016-04-12,07:45:00,1.94,1.94,1.94,1.94,10000,0
2016-04-12,07:55:00,1.94,1.94,1.94,1.94,6000,0
2016-04-12,08:00:00,1.94,1.94,1.93,1.93,30000,0
2016-04-12,08:05:00,1.93,1.93,1.93,1.93,62000,0
2016-04-12,08:10:00,1.93,1.93,1.93,1.93,3000,0
2016-04-12,08:15:00,1.93,1.93,1.93,1.93,10000,0
2016-04-12,08:40:00,1.93,1.94,1.93,1.94,11000,0
2016-04-12,08:50:00,1.94,1.94,1.93,1.93,10000,0
2016-04-12,08:55:00,1.93,1.93,1.93,1.93,24000,0
2016-04-12,09:10:00,1.93,1.93,1.93,1.93,50000,0
2016-04-12,09:25:00,1.93,1.93,1.92,1.92,28000,0
2016-04-12,09:30:00,1.92,1.92,1.92,1.92,10000,0
2016-04-12,09:40:00,1.92,1.92,1.91,1.91,130000,0
2016-04-12,09:45:00,1.91,1.93,1.91,1.93,20000,0
2016-04-12,09:50:00,1.93,1.93,1.91,1.91,60000,0
2016-04-12,09:55:00,1.91,1.92,1.91,1.92,34000,0
2016-04-12,10:00:00,1.92,1.93,1.92,1.93,2000,0
2016-04-13,03:35:00,1.96,1.96,1.93,1.96,2000,0
2016-04-13,03:45:00,1.95,1.95,1.93,1.93,23000,0
2016-04-13,03:50:00,1.93,1.93,1.92,1.92,18000,0
2016-04-13,04:00:00,1.93,1.93,1.93,1.93,5000,0
2016-04-13,04:35:00,1.94,1.95,1.94,1.95,90000,0
2016-04-13,04:45:00,1.95,1.96,1.95,1.96,10000,0
2016-04-13,04:50:00,1.96,1.96,1.95,1.95,60000,0
2016-04-13,04:55:00,1.95,1.95,1.95,1.95,10000,0
2016-04-13,05:25:00,1.95,1.95,1.94,1.94,2000,0
2016-04-13,06:00:00,1.94,1.94,1.94,1.94,10000,0
2016-04-13,07:05:00,1.94,1.95,1.94,1.95,40000,0
2016-04-13,07:10:00,1.95,1.95,1.95,1.95,40000,0
2016-04-13,07:30:00,1.95,1.95,1.94,1.95,62000,0
2016-04-13,07:40:00,1.95,1.95,1.95,1.95,10000,0
2016-04-13,08:55:00,1.95,1.95,1.95,1.95,1000,0
2016-04-13,09:00:00,1.95,1.95,1.94,1.94,8000,0
2016-04-13,09:10:00,1.94,1.94,1.93,1.93,8000,0
2016-04-13,09:15:00,1.93,1.93,1.93,1.93,12000,0
2016-04-13,09:20:00,1.93,1.93,1.93,1.93,42000,0
2016-04-13,09:50:00,1.93,1.93,1.93,1.93,12000,0
2016-04-13,09:55:00,1.93,1.93,1.92,1.92,39000,0
2016-04-13,10:00:00,1.92,1.92,1.92,1.92,10000,0
