Date,Time,Open,High,Low,Close,Volume,OpenInt
2016-03-11,02:45:00,2.75,2.75,2.72,2.75,120000,0
2016-03-11,02:55:00,2.73,2.73,2.73,2.73,30000,0
2016-03-11,03:00:00,2.73,2.73,2.71,2.71,77000,0
2016-03-11,03:15:00,2.71,2.72,2.71,2.72,41000,0
2016-03-11,03:30:00,2.72,2.72,2.71,2.71,46000,0
2016-03-11,03:35:00,2.71,2.85,2.71,2.84,178000,0
2016-03-11,03:40:00,2.84,2.84,2.78,2.78,56000,0
2016-03-11,03:50:00,2.76,2.76,2.72,2.74,400000,0
2016-03-11,03:55:00,2.74,2.74,2.72,2.72,143000,0
2016-03-11,04:00:00,2.72,2.75,2.72,2.75,70000,0
2016-03-11,04:05:00,2.74,2.74,2.73,2.73,72000,0
2016-03-11,04:15:00,2.73,2.75,2.73,2.75,168000,0
2016-03-11,04:20:00,2.74,2.74,2.74,2.74,20000,0
2016-03-11,04:25:00,2.74,2.75,2.74,2.75,103000,0
2016-03-11,04:45:00,2.75,2.75,2.74,2.74,80000,0
2016-03-11,04:50:00,2.74,2.74,2.74,2.74,18000,0
2016-03-11,04:55:00,2.74,2.74,2.73,2.74,86000,0
2016-03-11,06:05:00,2.74,2.74,2.72,2.73,110000,0
2016-03-11,06:30:00,2.73,2.73,2.73,2.73,23000,0
2016-03-11,06:35:00,2.73,2.74,2.73,2.74,22000,0
2016-03-11,06:40:00,2.74,2.75,2.74,2.75,175000,0
2016-03-11,06:45:00,2.75,2.75,2.74,2.74,137000,0
2016-03-11,06:50:00,2.74,2.75,2.74,2.75,2000,0
2016-03-11,06:55:00,2.75,2.75,2.75,2.75,3000,0
2016-03-11,07:00:00,2.75,2.75,2.75,2.75,47000,0
2016-03-11,07:10:00,2.75,2.75,2.74,2.74,42000,0
2016-03-11,07:15:00,2.74,2.75,2.74,2.75,154000,0
2016-03-11,07:20:00,2.75,2.76,2.75,2.76,20000,0
2016-03-11,07:25:00,2.76,2.76,2.76,2.76,104000,0
2016-03-11,07:35:00,2.76,2.77,2.76,2.77,150000,0
2016-03-11,07:40:00,2.77,2.77,2.77,2.77,10000,0
2016-03-11,07:45:00,2.77,2.8,2.76,2.76,386000,0
2016-03-11,07:50:00,2.76,2.76,2.76,2.76,4000,0
2016-03-11,07:55:00,2.76,2.77,2.76,2.76,88000,0
2016-03-11,08:00:00,2.77,2.79,2.77,2.79,4000,0
2016-03-11,08:05:00,2.79,2.79,2.77,2.79,11000,0
2016-03-11,08:10:00,2.79,2.79,2.79,2.79,10000,0
2016-03-11,08:15:00,2.79,2.79,2.78,2.78,113000,0
2016-03-11,08:20:00,2.78,2.78,2.73,2.73,330000,0
2016-03-11,08:25:00,2.73,2.75,2.73,2.75,146000,0
2016-03-11,08:30:00,2.75,2.75,2.73,2.73,92000,0
2016-03-11,08:35:00,2.73,2.77,2.73,2.77,183000,0
2016-03-11,08:40:00,2.77,2.78,2.77,2.78,28000,0
2016-03-11,08:45:00,2.78,2.79,2.75,2.75,64000,0
2016-03-11,08:50:00,2.75,2.78,2.75,2.78,28000,0
2016-03-11,08:55:00,2.78,2.78,2.75,2.75,24000,0
2016-03-11,09:00:00,2.75,2.8,2.75,2.8,194000,0
2016-03-14,02:35:00,3,3,2.8,3,62000,0
2016-03-14,02:40:00,2.9,2.9,2.88,2.89,128000,0
2016-03-14,02:45:00,2.89,2.91,2.89,2.91,277000,0
2016-03-14,02:50:00,2.9,2.9,2.89,2.89,10000,0
2016-03-14,02:55:00,2.89,2.91,2.89,2.9,36000,0
2016-03-14,03:00:00,2.9,2.91,2.86,2.86,178000,0
2016-03-14,03:05:00,2.86,2.86,2.86,2.86,40000,0
2016-03-14,03:10:00,2.86,2.87,2.86,2.87,40000,0
2016-03-14,03:20:00,2.87,2.87,2.87,2.87,17000,0
2016-03-14,03:25:00,2.87,2.87,2.87,2.87,44000,0
2016-03-14,03:30:00,2.87,2.89,2.86,2.87,83000,0
2016-03-14,03:45:00,2.87,2.88,2.87,2.88,72000,0
2016-03-14,03:50:00,2.88,2.89,2.88,2.89,32000,0
2016-03-14,03:55:00,2.89,2.9,2.89,2.9,41000,0
2016-03-14,04:00:00,2.9,2.93,2.9,2.93,384000,0
2016-03-14,04:15:00,2.93,2.93,2.89,2.89,222000,0
2016-03-14,04:20:00,2.89,2.91,2.88,2.91,217000,0
2016-03-14,04:25:00,2.91,2.92,2.88,2.92,35000,0
2016-03-14,04:40:00,2.92,2.92,2.88,2.88,71000,0
2016-03-14,04:45:00,2.88,2.88,2.88,2.88,2000,0
2016-03-14,04:55:00,2.88,2.92,2.88,2.92,209000,0
2016-03-14,05:00:00,2.92,2.92,2.92,2.92,202000,0
2016-03-14,06:05:00,2.92,2.92,2.92,2.92,158000,0
2016-03-14,06:10:00,2.92,2.93,2.92,2.92,138000,0
2016-03-14,06:25:00,2.92,2.93,2.92,2.93,187000,0
2016-03-14,06:35:00,2.93,2.93,2.93,2.93,1000,0
2016-03-14,06:40:00,2.93,2.93,2.93,2.93,101000,0
2016-03-14,06:50:00,2.93,2.93,2.93,2.93,20000,0
2016-03-14,06:55:00,2.93,2.93,2.91,2.91,90000,0
2016-03-14,07:05:00,2.91,2.92,2.91,2.92,2000,0
2016-03-14,07:10:00,2.92,2.92,2.91,2.91,23000,0
2016-03-14,07:20:00,2.91,2.92,2.91,2.92,55000,0
2016-03-14,07:25:00,2.92,2.94,2.92,2.94,109000,0
2016-03-14,07:35:00,2.94,2.94,2.93,2.93,39000,0
2016-03-14,07:40:00,2.93,2.94,2.93,2.94,55000,0
2016-03-14,07:45:00,2.94,2.94,2.94,2.94,30000,0
2016-03-14,07:50:00,2.94,2.94,2.94,2.94,59000,0
2016-03-14,07:55:00,2.94,2.94,2.94,2.94,47000,0
2016-03-14,08:00:00,2.94,2.94,2.93,2.94,104000,0
2016-03-14,08:05:00,2.94,2.94,2.94,2.94,4000,0
2016-03-14,08:10:00,2.94,2.94,2.94,2.94,13000,0
2016-03-14,08:20:00,2.94,2.94,2.94,2.94,1000,0
2016-03-14,08:25:00,2.94,2.94,2.94,2.94,5000,0
2016-03-14,08:30:00,2.94,2.94,2.94,2.94,4000,0
2016-03-14,08:40:00,2.94,2.94,2.93,2.94,177000,0
2016-03-14,08:45:00,2.94,2.95,2.94,2.95,54000,0
2016-03-14,08:50:00,2.95,2.96,2.95,2.95,96000,0
2016-03-14,08:55:00,2.95,2.95,2.95,2.95,84000,0
2016-03-14,09:00:00,2.95,2.96,2.94,2.95,139000,0
2016-03-15,02:35:00,3,3,2.95,2.98,4000,0
2016-03-15,03:00:00,2.96,2.97,2.96,2.97,169000,0
2016-03-15,03:05:00,2.96,2.97,2.96,2.97,42000,0
2016-03-15,03:10:00,2.97,2.97,2.97,2.97,7000,0
2016-03-15,03:15:00,2.97,2.99,2.97,2.99,104000,0
2016-03-15,03:20:00,2.99,2.99,2.99,2.99,84000,0
2016-03-15,03:25:00,2.99,2.99,2.99,2.99,11000,0
2016-03-15,03:30:00,2.99,3,2.99,3,59000,0
2016-03-15,03:35:00,3,3,2.99,2.99,66000,0
2016-03-15,03:40:00,2.99,2.99,2.99,2.99,35000,0
2016-03-15,03:45:00,2.99,2.99,2.99,2.99,29000,0
2016-03-15,03:50:00,2.99,3,2.99,2.99,90000,0
2016-03-15,03:55:00,2.99,3,2.99,2.99,45000,0
2016-03-15,04:05:00,2.99,3,2.99,3,10000,0
2016-03-15,04:10:00,3,3,3,3,102000,0
2016-03-15,04:15:00,3,3.01,3,3.01,154000,0
2016-03-15,04:20:00,3.01,3.01,3,3.01,17000,0
2016-03-15,04:25:00,3.01,3.01,3,3,105000,0
2016-03-15,04:30:00,3,3,3,3,6000,0
2016-03-15,04:35:00,3,3.02,3,3.02,199000,0
2016-03-15,04:40:00,3.02,3.06,3.02,3.06,291000,0
2016-03-15,04:45:00,3.06,3.08,3.06,3.07,123000,0
2016-03-15,04:50:00,3.07,3.07,3.06,3.06,60000,0
2016-03-15,04:55:00,3.06,3.09,3.06,3.07,69000,0
2016-03-15,05:00:00,3.07,3.1,3.06,3.1,132000,0
2016-03-15,06:05:00,3.1,3.15,3.09,3.09,245000,0
2016-03-15,06:10:00,3.09,3.09,3.09,3.09,36000,0
2016-03-15,06:15:00,3.09,3.09,3.07,3.07,292000,0
2016-03-15,06:20:00,3.07,3.08,3.07,3.08,168000,0
2016-03-15,06:25:00,3.08,3.13,3.08,3.13,230000,0
2016-03-15,06:30:00,3.13,3.15,3.13,3.15,102000,0
2016-03-15,06:35:00,3.15,3.15,3.1,3.1,269000,0
2016-03-15,06:40:00,3.1,3.12,3.08,3.1,347000,0
2016-03-15,06:45:00,3.1,3.12,3.09,3.1,175000,0
2016-03-15,06:50:00,3.1,3.1,3.01,3.08,955000,0
2016-03-15,06:55:00,3.08,3.08,3,3,581000,0
2016-03-15,07:00:00,2.96,3.01,2.96,3.01,403000,0
2016-03-15,07:05:00,3.01,3.01,3.01,3.01,3000,0
2016-03-15,07:10:00,3.01,3.06,2.97,2.98,323000,0
2016-03-15,07:15:00,2.98,2.99,2.96,2.98,473000,0
2016-03-15,07:20:00,2.98,3,2.98,2.99,63000,0
2016-03-15,07:25:00,2.99,3,2.99,3,136000,0
2016-03-15,07:30:00,3,3,3,3,45000,0
2016-03-15,07:40:00,3,3,3,3,5000,0
2016-03-15,07:45:00,3,3.01,2.99,3,215000,0
2016-03-15,07:50:00,3,3,2.99,2.99,317000,0
2016-03-15,07:55:00,2.99,3,2.99,2.99,24000,0
2016-03-15,08:05:00,2.99,2.99,2.99,2.99,64000,0
2016-03-15,08:10:00,2.99,2.99,2.99,2.99,36000,0
2016-03-15,08:15:00,2.99,3,2.99,3,170000,0
2016-03-15,08:25:00,3,3,2.99,2.99,40000,0
2016-03-15,08:40:00,2.99,3,2.99,3,49000,0
2016-03-15,08:45:00,3,3.01,3,3.01,122000,0
2016-03-15,08:50:00,3.01,3.02,3.01,3.02,387000,0
2016-03-15,08:55:00,3.02,3.05,3.02,3.04,174000,0
2016-03-15,09:00:00,3.04,3.05,3.04,3.04,48000,0
2016-03-16,02:35:00,3.09,3.18,3.04,3.18,116000,0
2016-03-16,02:40:00,3.17,3.17,3.13,3.13,119000,0
2016-03-16,02:45:00,3.13,3.15,3.13,3.13,9000,0
2016-03-16,02:50:00,3.12,3.13,3.11,3.11,6000,0
2016-03-16,02:55:00,3.11,3.12,3.11,3.12,147000,0
2016-03-16,03:00:00,3.12,3.12,3.11,3.11,126000,0
2016-03-16,03:05:00,3.11,3.11,3.1,3.1,5000,0
2016-03-16,03:10:00,3.1,3.1,3.08,3.08,143000,0
2016-03-16,03:15:00,3.07,3.07,3.07,3.07,32000,0
2016-03-16,03:20:00,3.07,3.07,3.06,3.06,17000,0
2016-03-16,03:25:00,3.06,3.06,3.05,3.05,11000,0
2016-03-16,03:30:00,3.05,3.07,3.05,3.07,20000,0
2016-03-16,03:35:00,3.07,3.07,3.07,3.07,13000,0
2016-03-16,03:40:00,3.07,3.09,3.07,3.08,26000,0
2016-03-16,03:50:00,3.08,3.08,3.08,3.08,17000,0
2016-03-16,04:00:00,3.08,3.09,3.08,3.09,22000,0
2016-03-16,04:05:00,3.09,3.09,3.08,3.08,10000,0
2016-03-16,04:10:00,3.08,3.08,3.07,3.07,34000,0
2016-03-16,04:15:00,3.07,3.07,3.07,3.07,8000,0
2016-03-16,04:30:00,3.07,3.07,3.07,3.07,74000,0
2016-03-16,04:35:00,3.07,3.07,3.05,3.05,8000,0
2016-03-16,04:40:00,3.05,3.06,3.05,3.05,64000,0
2016-03-16,04:45:00,3.05,3.05,3.05,3.05,2000,0
2016-03-16,04:50:00,3.05,3.07,3.05,3.05,77000,0
2016-03-16,04:55:00,3.05,3.05,3.05,3.05,12000,0
2016-03-16,05:00:00,3.05,3.07,3.05,3.05,8000,0
2016-03-16,06:05:00,3.05,3.07,3.05,3.05,37000,0
2016-03-16,06:10:00,3.05,3.06,3.05,3.06,4000,0
2016-03-16,06:15:00,3.06,3.07,3.05,3.06,101000,0
2016-03-16,06:20:00,3.06,3.07,3.06,3.06,56000,0
2016-03-16,06:25:00,3.06,3.06,3.05,3.05,2000,0
2016-03-16,06:30:00,3.05,3.05,3.05,3.05,2000,0
2016-03-16,06:35:00,3.05,3.05,3.05,3.05,2000,0
2016-03-16,06:40:00,3.05,3.05,3.05,3.05,38000,0
2016-03-16,06:45:00,3.05,3.05,3.05,3.05,2000,0
2016-03-16,06:50:00,3.05,3.06,3.05,3.06,62000,0
2016-03-16,06:55:00,3.06,3.06,3.06,3.06,124000,0
2016-03-16,07:00:00,3.06,3.07,3.06,3.06,24000,0
2016-03-16,07:05:00,3.06,3.07,3.06,3.06,5000,0
2016-03-16,07:10:00,3.06,3.06,3.06,3.06,3000,0
2016-03-16,07:15:00,3.06,3.06,3.06,3.06,2000,0
2016-03-16,07:20:00,3.06,3.06,3.06,3.06,2000,0
2016-03-16,07:25:00,3.06,3.06,3.06,3.06,2000,0
2016-03-16,07:30:00,3.06,3.06,3.06,3.06,2000,0
2016-03-16,07:35:00,3.06,3.06,3.06,3.06,2000,0
2016-03-16,07:40:00,3.06,3.06,3.06,3.06,2000,0
2016-03-16,07:45:00,3.06,3.06,3.06,3.06,93000,0
2016-03-16,07:50:00,3.06,3.06,3.06,3.06,84000,0
2016-03-16,07:55:00,3.06,3.06,3.06,3.06,67000,0
2016-03-16,08:05:00,3.06,3.06,3.05,3.06,102000,0
2016-03-16,08:10:00,3.06,3.06,3.04,3.05,865000,0
2016-03-16,08:15:00,3.05,3.05,3.04,3.04,95000,0
2016-03-16,08:20:00,3.04,3.04,3.03,3.03,69000,0
2016-03-16,08:25:00,3.02,3.04,3.02,3.04,31000,0
2016-03-16,08:30:00,3.04,3.04,3.03,3.03,130000,0
2016-03-16,08:35:00,3.03,3.03,3.03,3.03,107000,0
2016-03-16,08:45:00,3.03,3.03,3.03,3.03,37000,0
2016-03-16,08:55:00,3.02,3.04,3.02,3.03,267000,0
2016-03-16,09:00:00,3.03,3.08,3.03,3.03,187000,0
2016-03-17,02:35:00,3.1,3.1,3.06,3.09,3000,0
2016-03-17,02:40:00,3.09,3.09,3,3,221000,0
2016-03-17,02:45:00,3,3.07,3,3.07,16000,0
2016-03-17,02:50:00,3.07,3.07,3.07,3.07,4000,0
2016-03-17,02:55:00,3.07,3.07,3.05,3.05,43000,0
2016-03-17,03:05:00,3.05,3.06,3.05,3.06,41000,0
2016-03-17,03:10:00,3.06,3.06,3.06,3.06,59000,0
2016-03-17,03:20:00,3.06,3.06,3.05,3.05,41000,0
2016-03-17,03:30:00,3.05,3.05,3.04,3.04,145000,0
2016-03-17,03:35:00,3.04,3.04,3.03,3.03,44000,0
2016-03-17,03:40:00,3.03,3.03,3.03,3.03,1000,0
2016-03-17,03:45:00,3.03,3.03,3.02,3.02,176000,0
2016-03-17,03:50:00,3.02,3.04,3.02,3.04,55000,0
2016-03-17,03:55:00,3.03,3.03,3.03,3.03,2000,0
2016-03-17,04:00:00,3.03,3.06,3.03,3.06,223000,0
2016-03-17,04:05:00,3.06,3.06,3.04,3.04,113000,0
2016-03-17,04:10:00,3.04,3.05,3.04,3.05,33000,0
2016-03-17,04:20:00,3.05,3.06,3.05,3.06,22000,0
2016-03-17,04:25:00,3.06,3.06,3.06,3.06,26000,0
2016-03-17,04:40:00,3.06,3.06,3.05,3.05,2000,0
2016-03-17,04:45:00,3.05,3.05,3.05,3.05,16000,0
2016-03-17,04:55:00,3.05,3.05,3.05,3.05,71000,0
2016-03-17,05:00:00,3.05,3.05,3.05,3.05,40000,0
2016-03-17,06:05:00,3.05,3.05,3,3,674000,0
2016-03-17,06:10:00,3.01,3.02,3.01,3.02,3000,0
2016-03-17,06:15:00,3.02,3.02,3.01,3.01,122000,0
2016-03-17,06:20:00,3.01,3.01,3,3,60000,0
2016-03-17,06:25:00,3,3.02,3,3.02,205000,0
2016-03-17,06:30:00,3.02,3.02,2.99,2.99,214000,0
2016-03-17,06:35:00,2.99,3.01,2.99,3.01,15000,0
2016-03-17,06:40:00,3.01,3.01,3,3.01,50000,0
2016-03-17,06:45:00,3.01,3.01,3,3,6000,0
2016-03-17,06:50:00,3,3.01,3,3,31000,0
2016-03-17,07:00:00,3,3.03,3,3.02,45000,0
2016-03-17,07:05:00,3.02,3.02,3.02,3.02,7000,0
2016-03-17,07:15:00,3.02,3.03,3.02,3.02,86000,0
2016-03-17,07:35:00,3.02,3.03,3.02,3.02,24000,0
2016-03-17,07:45:00,3.02,3.03,3.02,3.03,72000,0
2016-03-17,07:55:00,3.03,3.03,3.03,3.03,50000,0
2016-03-17,08:00:00,3.03,3.03,3.02,3.02,12000,0
2016-03-17,08:05:00,3.02,3.04,3.02,3.04,2000,0
2016-03-17,08:10:00,3.04,3.05,3.04,3.05,62000,0
2016-03-17,08:15:00,3.05,3.05,3.03,3.03,48000,0
2016-03-17,08:20:00,3.03,3.04,3.03,3.04,2000,0
2016-03-17,08:30:00,3.04,3.04,3.03,3.03,33000,0
2016-03-17,08:35:00,3.03,3.04,3.03,3.04,34000,0
2016-03-17,08:40:00,3.04,3.05,3.04,3.05,11000,0
2016-03-17,08:45:00,3.05,3.05,3.05,3.05,69000,0
2016-03-17,08:50:00,3.05,3.07,3.05,3.07,68000,0
2016-03-17,08:55:00,3.07,3.07,3.06,3.07,113000,0
2016-03-17,09:00:00,3.07,3.11,3.06,3.09,420000,0
2016-03-18,02:40:00,3.14,3.26,3.09,3.25,893000,0
2016-03-18,02:45:00,3.25,3.28,3.24,3.24,677000,0
2016-03-18,02:50:00,3.24,3.24,3.21,3.21,20000,0
2016-03-18,02:55:00,3.21,3.22,3.18,3.18,35000,0
2016-03-18,03:00:00,3.18,3.19,3.17,3.17,83000,0
2016-03-18,03:05:00,3.17,3.17,3.17,3.17,9000,0
2016-03-18,03:10:00,3.17,3.17,3.16,3.16,7000,0
2016-03-18,03:15:00,3.16,3.16,3.15,3.15,19000,0
2016-03-18,03:20:00,3.15,3.16,3.15,3.16,6000,0
2016-03-18,03:25:00,3.16,3.16,3.09,3.1,498000,0
2016-03-18,03:30:00,3.1,3.14,3.05,3.06,202000,0
2016-03-18,03:35:00,3.06,3.12,3.06,3.12,161000,0
2016-03-18,03:40:00,3.12,3.15,3.1,3.1,170000,0
2016-03-18,03:45:00,3.1,3.14,3.1,3.14,68000,0
2016-03-18,03:50:00,3.14,3.14,3.14,3.14,10000,0
2016-03-18,03:55:00,3.13,3.13,3.01,3.09,791000,0
2016-03-18,04:00:00,3.09,3.09,3.09,3.09,1000,0
2016-03-18,04:05:00,3.09,3.09,3.09,3.09,5000,0
2016-03-18,04:15:00,3.08,3.09,3.08,3.08,86000,0
2016-03-18,04:25:00,3.08,3.09,3.06,3.06,46000,0
2016-03-18,04:50:00,3.08,3.11,3.08,3.11,24000,0
2016-03-18,04:55:00,3.12,3.12,3.12,3.12,128000,0
2016-03-18,05:00:00,3.12,3.14,3.12,3.14,26000,0
2016-03-18,06:10:00,3.13,3.13,3.07,3.07,89000,0
2016-03-18,06:15:00,3.07,3.1,3.05,3.09,170000,0
2016-03-18,06:35:00,3.1,3.1,3.1,3.1,47000,0
2016-03-18,06:40:00,3.1,3.11,3.1,3.1,24000,0
2016-03-18,06:45:00,3.1,3.1,3.1,3.1,189000,0
2016-03-18,06:50:00,3.1,3.11,3.1,3.1,58000,0
2016-03-18,06:55:00,3.1,3.11,3.1,3.1,74000,0
2016-03-18,07:00:00,3.1,3.11,3.1,3.11,17000,0
2016-03-18,07:10:00,3.11,3.11,3.11,3.11,42000,0
2016-03-18,07:15:00,3.11,3.11,3.1,3.11,119000,0
2016-03-18,07:25:00,3.11,3.11,3.11,3.11,36000,0
2016-03-18,07:40:00,3.11,3.14,3.11,3.12,38000,0
2016-03-18,07:55:00,3.1,3.12,3.1,3.12,82000,0
2016-03-18,08:00:00,3.12,3.14,3.12,3.13,33000,0
2016-03-18,08:15:00,3.13,3.13,3.13,3.13,92000,0
2016-03-18,08:20:00,3.13,3.13,3.13,3.13,35000,0
2016-03-18,08:25:00,3.13,3.13,3.11,3.11,2000,0
2016-03-18,08:35:00,3.11,3.14,3.11,3.12,97000,0
2016-03-18,08:40:00,3.13,3.14,3.13,3.14,84000,0
2016-03-18,08:45:00,3.14,3.14,3.13,3.14,95000,0
2016-03-18,08:50:00,3.14,3.16,3.14,3.16,238000,0
2016-03-18,08:55:00,3.16,3.17,3.16,3.17,46000,0
2016-03-18,09:00:00,3.17,3.18,3.16,3.18,162000,0
2016-03-21,02:35:00,3.2,3.27,3.18,3.27,243000,0
2016-03-21,02:40:00,3.24,3.24,3.2,3.2,43000,0
2016-03-21,02:45:00,3.2,3.2,3.19,3.19,37000,0
2016-03-21,02:50:00,3.19,3.19,3.19,3.19,46000,0
2016-03-21,02:55:00,3.19,3.19,3.19,3.19,1000,0
2016-03-21,03:05:00,3.19,3.2,3.19,3.2,28000,0
2016-03-21,03:10:00,3.2,3.21,3.2,3.21,60000,0
2016-03-21,03:20:00,3.21,3.22,3.2,3.2,52000,0
2016-03-21,03:25:00,3.2,3.21,3.2,3.21,40000,0
2016-03-21,03:35:00,3.21,3.23,3.21,3.23,77000,0
2016-03-21,03:40:00,3.23,3.23,3.23,3.23,21000,0
2016-03-21,03:45:00,3.23,3.23,3.23,3.23,2000,0
2016-03-21,03:50:00,3.23,3.24,3.23,3.23,22000,0
2016-03-21,03:55:00,3.23,3.23,3.23,3.23,14000,0
2016-03-21,04:00:00,3.23,3.26,3.22,3.22,72000,0
2016-03-21,04:05:00,3.22,3.22,3.22,3.22,39000,0
2016-03-21,04:10:00,3.22,3.23,3.22,3.23,47000,0
2016-03-21,04:25:00,3.23,3.23,3.2,3.22,121000,0
2016-03-21,04:30:00,3.22,3.23,3.22,3.23,52000,0
2016-03-21,04:50:00,3.23,3.23,3.23,3.23,19000,0
2016-03-21,04:55:00,3.23,3.23,3.22,3.22,40000,0
2016-03-21,06:10:00,3.22,3.22,3.22,3.22,1000,0
2016-03-21,06:20:00,3.22,3.22,3.21,3.21,70000,0
2016-03-21,06:30:00,3.21,3.21,3.21,3.21,5000,0
2016-03-21,06:35:00,3.21,3.22,3.21,3.22,56000,0
2016-03-21,06:45:00,3.22,3.22,3.21,3.21,55000,0
2016-03-21,06:55:00,3.21,3.22,3.2,3.2,101000,0
2016-03-21,07:00:00,3.2,3.21,3.2,3.21,122000,0
2016-03-21,07:05:00,3.21,3.21,3.21,3.21,4000,0
2016-03-21,07:10:00,3.21,3.21,3.2,3.21,57000,0
2016-03-21,07:15:00,3.21,3.21,3.2,3.2,57000,0
2016-03-21,07:20:00,3.2,3.21,3.2,3.21,6000,0
2016-03-21,07:25:00,3.21,3.22,3.21,3.22,30000,0
2016-03-21,07:40:00,3.22,3.22,3.22,3.22,47000,0
2016-03-21,07:45:00,3.22,3.24,3.22,3.24,85000,0
2016-03-21,07:50:00,3.24,3.24,3.24,3.24,1000,0
2016-03-21,07:55:00,3.24,3.24,3.22,3.22,254000,0
2016-03-21,08:00:00,3.22,3.24,3.22,3.23,91000,0
2016-03-21,08:05:00,3.23,3.24,3.22,3.22,54000,0
2016-03-21,08:10:00,3.22,3.22,3.22,3.22,61000,0
2016-03-21,08:25:00,3.22,3.23,3.22,3.23,12000,0
2016-03-21,08:30:00,3.23,3.24,3.23,3.23,110000,0
2016-03-21,08:35:00,3.23,3.25,3.23,3.25,159000,0
2016-03-21,08:40:00,3.24,3.24,3.24,3.24,3000,0
2016-03-21,08:45:00,3.24,3.26,3.24,3.25,192000,0
2016-03-21,08:50:00,3.25,3.25,3.24,3.24,103000,0
2016-03-21,08:55:00,3.24,3.25,3.24,3.25,59000,0
2016-03-21,09:00:00,3.25,3.3,3.25,3.3,584000,0
2016-03-22,02:35:00,3.31,3.31,3.29,3.31,140000,0
2016-03-22,02:40:00,3.31,3.35,3.31,3.34,268000,0
2016-03-22,02:45:00,3.34,3.39,3.34,3.36,350000,0
2016-03-22,02:50:00,3.36,3.38,3.35,3.38,68000,0
2016-03-22,02:55:00,3.38,3.38,3.35,3.36,105000,0
2016-03-22,03:00:00,3.36,3.36,3.36,3.36,38000,0
2016-03-22,03:05:00,3.36,3.36,3.34,3.34,73000,0
2016-03-22,03:10:00,3.34,3.35,3.34,3.35,120000,0
2016-03-22,03:15:00,3.35,3.37,3.35,3.36,349000,0
2016-03-22,03:20:00,3.36,3.36,3.35,3.35,12000,0
2016-03-22,03:25:00,3.35,3.35,3.34,3.34,185000,0
2016-03-22,03:30:00,3.34,3.35,3.34,3.35,40000,0
2016-03-22,03:35:00,3.35,3.35,3.35,3.35,20000,0
2016-03-22,03:40:00,3.35,3.35,3.35,3.35,6000,0
2016-03-22,03:45:00,3.35,3.35,3.35,3.35,44000,0
2016-03-22,03:50:00,3.35,3.35,3.35,3.35,1000,0
2016-03-22,03:55:00,3.35,3.35,3.35,3.35,20000,0
2016-03-22,04:00:00,3.35,3.36,3.35,3.36,47000,0
2016-03-22,04:05:00,3.36,3.37,3.36,3.37,90000,0
2016-03-22,04:10:00,3.37,3.37,3.36,3.36,2000,0
2016-03-22,04:15:00,3.36,3.37,3.36,3.37,40000,0
2016-03-22,04:20:00,3.37,3.37,3.34,3.35,700000,0
2016-03-22,04:25:00,3.35,3.37,3.35,3.37,20000,0
2016-03-22,04:35:00,3.37,3.37,3.36,3.36,17000,0
2016-03-22,05:00:00,3.36,3.37,3.36,3.36,34000,0
2016-03-22,06:05:00,3.36,3.37,3.36,3.37,143000,0
2016-03-22,06:15:00,3.37,3.38,3.37,3.38,120000,0
2016-03-22,06:20:00,3.38,3.4,3.38,3.4,96000,0
2016-03-22,06:25:00,3.4,3.4,3.4,3.4,20000,0
2016-03-22,06:30:00,3.4,3.4,3.4,3.4,90000,0
2016-03-22,06:35:00,3.4,3.4,3.39,3.39,34000,0
2016-03-22,06:40:00,3.39,3.4,3.39,3.4,10000,0
2016-03-22,06:45:00,3.4,3.4,3.39,3.39,30000,0
2016-03-22,06:50:00,3.39,3.39,3.39,3.39,20000,0
2016-03-22,06:55:00,3.39,3.41,3.39,3.41,143000,0
2016-03-22,07:00:00,3.41,3.41,3.41,3.41,40000,0
2016-03-22,07:05:00,3.41,3.41,3.41,3.41,17000,0
2016-03-22,07:10:00,3.41,3.41,3.41,3.41,46000,0
2016-03-22,07:15:00,3.41,3.41,3.41,3.41,4000,0
2016-03-22,07:20:00,3.41,3.41,3.39,3.39,26000,0
2016-03-22,07:40:00,3.39,3.41,3.39,3.4,12000,0
2016-03-22,07:45:00,3.4,3.4,3.4,3.4,67000,0
2016-03-22,07:50:00,3.4,3.41,3.4,3.41,52000,0
2016-03-22,07:55:00,3.41,3.41,3.41,3.41,29000,0
2016-03-22,08:00:00,3.41,3.42,3.41,3.42,25000,0
2016-03-22,08:05:00,3.42,3.42,3.42,3.42,10000,0
2016-03-22,08:10:00,3.42,3.42,3.41,3.41,2000,0
2016-03-22,08:15:00,3.41,3.43,3.41,3.43,136000,0
2016-03-22,08:20:00,3.43,3.43,3.42,3.43,58000,0
2016-03-22,08:25:00,3.43,3.43,3.42,3.42,16000,0
2016-03-22,08:30:00,3.42,3.43,3.42,3.43,298000,0
2016-03-22,08:35:00,3.43,3.43,3.42,3.43,140000,0
2016-03-22,08:40:00,3.43,3.44,3.43,3.44,296000,0
2016-03-22,08:45:00,3.44,3.45,3.44,3.45,61000,0
2016-03-22,08:50:00,3.44,3.45,3.44,3.44,76000,0
2016-03-22,08:55:00,3.44,3.46,3.44,3.46,433000,0
2016-03-22,09:00:00,3.46,3.49,3.46,3.49,295000,0
2016-03-23,02:35:00,3.55,3.58,3.54,3.55,337000,0
2016-03-23,02:40:00,3.55,3.57,3.55,3.57,108000,0
2016-03-23,02:45:00,3.57,3.6,3.56,3.59,381000,0
2016-03-23,02:50:00,3.59,3.59,3.56,3.56,84000,0
2016-03-23,02:55:00,3.56,3.57,3.56,3.57,81000,0
2016-03-23,03:00:00,3.57,3.58,3.57,3.58,30000,0
2016-03-23,03:05:00,3.58,3.58,3.55,3.55,312000,0
2016-03-23,03:10:00,3.55,3.55,3.53,3.55,170000,0
2016-03-23,03:15:00,3.55,3.57,3.55,3.57,183000,0
2016-03-23,03:20:00,3.57,3.57,3.57,3.57,30000,0
2016-03-23,03:25:00,3.57,3.58,3.57,3.58,80000,0
2016-03-23,03:30:00,3.58,3.58,3.57,3.57,20000,0
2016-03-23,03:35:00,3.57,3.57,3.56,3.56,110000,0
2016-03-23,03:40:00,3.56,3.57,3.56,3.57,151000,0
2016-03-23,03:45:00,3.57,3.57,3.56,3.56,15000,0
2016-03-23,03:50:00,3.56,3.56,3.56,3.56,3000,0
2016-03-23,03:55:00,3.56,3.56,3.55,3.55,112000,0
2016-03-23,04:05:00,3.55,3.55,3.55,3.55,163000,0
2016-03-23,04:10:00,3.55,3.55,3.54,3.55,64000,0
2016-03-23,04:15:00,3.55,3.55,3.54,3.55,163000,0
2016-03-23,04:20:00,3.55,3.55,3.55,3.55,21000,0
2016-03-23,04:25:00,3.55,3.55,3.55,3.55,142000,0
2016-03-23,04:30:00,3.55,3.55,3.54,3.54,43000,0
2016-03-23,04:35:00,3.54,3.55,3.54,3.54,159000,0
2016-03-23,04:40:00,3.54,3.54,3.54,3.54,7000,0
2016-03-23,04:45:00,3.54,3.54,3.53,3.54,150000,0
2016-03-23,04:50:00,3.54,3.54,3.54,3.54,100000,0
2016-03-23,04:55:00,3.54,3.54,3.53,3.54,120000,0
2016-03-23,05:00:00,3.54,3.57,3.54,3.57,221000,0
2016-03-23,06:05:00,3.57,3.57,3.55,3.55,81000,0
2016-03-23,06:10:00,3.55,3.55,3.55,3.55,46000,0
2016-03-23,06:15:00,3.55,3.55,3.53,3.53,273000,0
2016-03-23,06:20:00,3.53,3.54,3.53,3.54,44000,0
2016-03-23,06:25:00,3.54,3.54,3.53,3.53,5000,0
2016-03-23,06:30:00,3.53,3.54,3.53,3.54,127000,0
2016-03-23,06:40:00,3.54,3.54,3.53,3.53,10000,0
2016-03-23,06:45:00,3.53,3.53,3.53,3.53,4000,0
2016-03-23,06:50:00,3.53,3.54,3.53,3.54,139000,0
2016-03-23,06:55:00,3.54,3.54,3.54,3.54,8000,0
2016-03-23,07:00:00,3.54,3.54,3.54,3.54,10000,0
2016-03-23,07:05:00,3.54,3.54,3.54,3.54,34000,0
2016-03-23,07:10:00,3.54,3.54,3.53,3.53,125000,0
2016-03-23,07:20:00,3.53,3.55,3.53,3.54,75000,0
2016-03-23,07:25:00,3.54,3.55,3.54,3.55,59000,0
2016-03-23,07:30:00,3.55,3.55,3.53,3.53,6000,0
2016-03-23,07:35:00,3.53,3.54,3.53,3.54,150000,0
2016-03-23,07:45:00,3.54,3.54,3.54,3.54,20000,0
2016-03-23,07:55:00,3.54,3.54,3.53,3.53,11000,0
2016-03-23,08:05:00,3.53,3.53,3.53,3.53,1000,0
2016-03-23,08:10:00,3.53,3.53,3.52,3.52,231000,0
2016-03-23,08:15:00,3.52,3.52,3.51,3.52,85000,0
2016-03-23,08:20:00,3.52,3.52,3.5,3.5,131000,0
2016-03-23,08:25:00,3.5,3.51,3.5,3.51,117000,0
2016-03-23,08:30:00,3.51,3.51,3.51,3.51,2000,0
2016-03-23,08:35:00,3.51,3.52,3.51,3.52,186000,0
2016-03-23,08:40:00,3.51,3.51,3.5,3.5,164000,0
2016-03-23,08:45:00,3.5,3.51,3.47,3.5,383000,0
2016-03-23,08:50:00,3.5,3.52,3.5,3.5,169000,0
2016-03-23,08:55:00,3.5,3.55,3.5,3.55,440000,0
2016-03-23,09:00:00,3.55,3.57,3.54,3.57,507000,0
2016-03-24,02:35:00,3.59,3.59,3.56,3.58,40000,0
2016-03-24,02:40:00,3.58,3.59,3.57,3.59,322000,0
2016-03-24,02:45:00,3.59,3.6,3.56,3.6,467000,0
2016-03-24,02:50:00,3.6,3.6,3.58,3.58,209000,0
2016-03-24,02:55:00,3.58,3.59,3.57,3.58,460000,0
2016-03-24,03:00:00,3.58,3.59,3.57,3.58,66000,0
2016-03-24,03:05:00,3.58,3.58,3.57,3.57,25000,0
2016-03-24,03:10:00,3.57,3.57,3.56,3.57,25000,0
2016-03-24,03:15:00,3.57,3.58,3.57,3.57,66000,0
2016-03-24,03:20:00,3.57,3.57,3.56,3.56,20000,0
2016-03-24,03:25:00,3.56,3.57,3.56,3.57,38000,0
2016-03-24,03:30:00,3.57,3.57,3.56,3.56,23000,0
2016-03-24,03:40:00,3.56,3.56,3.56,3.56,81000,0
2016-03-24,03:45:00,3.56,3.57,3.56,3.57,2000,0
2016-03-24,03:50:00,3.57,3.57,3.57,3.57,6000,0
2016-03-24,03:55:00,3.57,3.57,3.57,3.57,5000,0
2016-03-24,04:00:00,3.57,3.57,3.56,3.56,80000,0
2016-03-24,04:05:00,3.56,3.56,3.56,3.56,1000,0
2016-03-24,04:10:00,3.56,3.56,3.55,3.55,73000,0
2016-03-24,04:15:00,3.55,3.55,3.53,3.53,122000,0
2016-03-24,04:20:00,3.53,3.56,3.53,3.55,208000,0
2016-03-24,04:25:00,3.55,3.56,3.55,3.56,200000,0
2016-03-24,04:40:00,3.55,3.55,3.54,3.54,44000,0
2016-03-24,04:50:00,3.54,3.59,3.54,3.59,525000,0
2016-03-24,04:55:00,3.59,3.6,3.59,3.6,41000,0
2016-03-24,05:00:00,3.6,3.6,3.59,3.59,37000,0
2016-03-24,06:05:00,3.59,3.59,3.59,3.59,19000,0
2016-03-24,06:10:00,3.59,3.6,3.58,3.6,107000,0
2016-03-24,06:15:00,3.59,3.6,3.59,3.6,50000,0
2016-03-24,06:20:00,3.6,3.6,3.6,3.6,22000,0
2016-03-24,06:25:00,3.6,3.6,3.6,3.6,1000,0
2016-03-24,06:30:00,3.6,3.6,3.6,3.6,20000,0
2016-03-24,06:35:00,3.6,3.6,3.59,3.6,80000,0
2016-03-24,06:40:00,3.6,3.6,3.59,3.6,285000,0
2016-03-24,06:45:00,3.6,3.6,3.59,3.59,219000,0
2016-03-24,06:50:00,3.59,3.62,3.59,3.62,162000,0
2016-03-24,06:55:00,3.62,3.63,3.62,3.62,140000,0
2016-03-24,07:00:00,3.62,3.65,3.62,3.64,380000,0
2016-03-24,07:05:00,3.64,3.65,3.64,3.64,180000,0
2016-03-24,07:10:00,3.64,3.69,3.64,3.69,244000,0
2016-03-24,07:15:00,3.69,3.69,3.68,3.68,170000,0
2016-03-24,07:20:00,3.68,3.69,3.67,3.69,154000,0
2016-03-24,07:25:00,3.68,3.68,3.67,3.67,140000,0
2016-03-24,07:30:00,3.67,3.69,3.66,3.67,148000,0
2016-03-24,07:35:00,3.67,3.67,3.66,3.66,49000,0
2016-03-24,07:40:00,3.66,3.67,3.65,3.65,82000,0
2016-03-24,07:45:00,3.66,3.68,3.66,3.68,69000,0
2016-03-24,07:50:00,3.68,3.68,3.66,3.68,39000,0
2016-03-24,07:55:00,3.68,3.68,3.65,3.65,166000,0
2016-03-24,08:00:00,3.65,3.67,3.65,3.67,35000,0
2016-03-24,08:10:00,3.66,3.67,3.66,3.67,5000,0
2016-03-24,08:15:00,3.67,3.68,3.67,3.68,2000,0
2016-03-24,08:20:00,3.68,3.68,3.68,3.68,8000,0
2016-03-24,08:25:00,3.68,3.69,3.68,3.68,37000,0
2016-03-24,08:30:00,3.68,3.69,3.67,3.68,54000,0
2016-03-24,08:35:00,3.68,3.7,3.66,3.7,272000,0
2016-03-24,08:40:00,3.7,3.71,3.68,3.71,361000,0
2016-03-24,08:45:00,3.71,3.75,3.71,3.75,163000,0
2016-03-24,08:50:00,3.75,3.76,3.74,3.75,636000,0
2016-03-24,08:55:00,3.75,3.77,3.75,3.77,692000,0
2016-03-24,09:00:00,3.77,3.88,3.74,3.8,1834000,0
2016-03-29,03:35:00,3.92,3.92,3.8,3.89,134000,0
2016-03-29,03:40:00,3.88,3.88,3.82,3.82,158000,0
2016-03-29,03:45:00,3.82,3.84,3.8,3.8,141000,0
2016-03-29,03:50:00,3.8,3.83,3.8,3.82,203000,0
2016-03-29,03:55:00,3.82,3.84,3.82,3.83,406000,0
2016-03-29,04:00:00,3.83,3.85,3.83,3.85,223000,0
2016-03-29,04:05:00,3.85,3.85,3.82,3.83,184000,0
2016-03-29,04:10:00,3.83,3.84,3.8,3.8,1086000,0
2016-03-29,04:15:00,3.8,3.83,3.8,3.81,241000,0
2016-03-29,04:20:00,3.81,3.83,3.81,3.82,43000,0
2016-03-29,04:25:00,3.82,3.82,3.81,3.81,2000,0
2016-03-29,04:30:00,3.81,3.81,3.81,3.81,71000,0
2016-03-29,04:35:00,3.81,3.82,3.79,3.79,292000,0
2016-03-29,04:40:00,3.8,3.8,3.78,3.78,452000,0
2016-03-29,04:45:00,3.78,3.79,3.78,3.78,550000,0
2016-03-29,04:55:00,3.78,3.8,3.7,3.8,448000,0
2016-03-29,05:00:00,3.8,3.8,3.8,3.8,10000,0
2016-03-29,05:05:00,3.8,3.8,3.76,3.76,80000,0
2016-03-29,05:15:00,3.76,3.76,3.71,3.73,78000,0
2016-03-29,05:25:00,3.72,3.72,3.72,3.72,4000,0
2016-03-29,05:45:00,3.74,3.74,3.74,3.74,3000,0
2016-03-29,05:50:00,3.74,3.75,3.74,3.75,36000,0
2016-03-29,05:55:00,3.75,3.78,3.75,3.78,47000,0
2016-03-29,06:00:00,3.78,3.81,3.78,3.8,46000,0
2016-03-29,07:10:00,3.8,3.8,3.77,3.79,94000,0
2016-03-29,07:15:00,3.79,3.8,3.79,3.79,72000,0
2016-03-29,07:20:00,3.79,3.79,3.76,3.78,111000,0
2016-03-29,07:25:00,3.78,3.78,3.75,3.75,126000,0
2016-03-29,07:30:00,3.75,3.77,3.75,3.76,99000,0
2016-03-29,07:35:00,3.76,3.77,3.76,3.77,23000,0
2016-03-29,07:40:00,3.77,3.77,3.77,3.77,32000,0
2016-03-29,07:45:00,3.77,3.8,3.77,3.8,59000,0
2016-03-29,07:50:00,3.8,3.8,3.8,3.8,925000,0
2016-03-29,07:55:00,3.79,3.79,3.79,3.79,40000,0
2016-03-29,08:00:00,3.79,3.79,3.75,3.75,89000,0
2016-03-29,08:05:00,3.75,3.76,3.75,3.76,4000,0
2016-03-29,08:10:00,3.77,3.78,3.77,3.77,9000,0
2016-03-29,08:20:00,3.78,3.78,3.78,3.78,30000,0
2016-03-29,08:25:00,3.78,3.78,3.78,3.78,69000,0
2016-03-29,08:30:00,3.78,3.8,3.78,3.8,50000,0
2016-03-29,08:40:00,3.8,3.8,3.78,3.78,11000,0
2016-03-29,08:45:00,3.78,3.8,3.78,3.8,32000,0
2016-03-29,08:50:00,3.8,3.8,3.78,3.79,38000,0
2016-03-29,08:55:00,3.79,3.79,3.79,3.79,35000,0
2016-03-29,09:00:00,3.78,3.78,3.77,3.78,20000,0
2016-03-29,09:05:00,3.78,3.78,3.77,3.77,70000,0
2016-03-29,09:10:00,3.77,3.78,3.77,3.78,16000,0
2016-03-29,09:15:00,3.78,3.78,3.78,3.78,3000,0
2016-03-29,09:20:00,3.78,3.78,3.76,3.76,13000,0
2016-03-29,09:25:00,3.76,3.78,3.76,3.78,16000,0
2016-03-29,09:35:00,3.78,3.78,3.77,3.77,74000,0
2016-03-29,09:40:00,3.77,3.78,3.77,3.77,55000,0
2016-03-29,09:50:00,3.77,3.77,3.76,3.76,27000,0
2016-03-29,09:55:00,3.76,3.81,3.76,3.8,223000,0
2016-03-29,10:00:00,3.8,3.82,3.75,3.78,581000,0
2016-03-30,03:35:00,3.8,3.8,3.78,3.79,53000,0
2016-03-30,03:40:00,3.79,3.88,3.79,3.88,4000,0
2016-03-30,03:45:00,3.87,3.87,3.79,3.79,153000,0
2016-03-30,03:50:00,3.79,3.8,3.77,3.8,30000,0
2016-03-30,04:00:00,3.8,3.8,3.77,3.77,50000,0
2016-03-30,04:10:00,3.77,3.79,3.77,3.79,94000,0
2016-03-30,04:20:00,3.78,3.79,3.77,3.78,196000,0
2016-03-30,04:25:00,3.78,3.79,3.78,3.79,28000,0
2016-03-30,04:40:00,3.79,3.79,3.77,3.77,116000,0
2016-03-30,04:45:00,3.78,3.8,3.78,3.79,344000,0
2016-03-30,04:50:00,3.79,3.79,3.77,3.77,65000,0
2016-03-30,05:00:00,3.77,3.78,3.75,3.78,203000,0
2016-03-30,05:05:00,3.78,3.78,3.76,3.76,32000,0
2016-03-30,05:10:00,3.76,3.77,3.76,3.77,77000,0
2016-03-30,05:15:00,3.77,3.77,3.77,3.77,15000,0
2016-03-30,05:20:00,3.77,3.77,3.77,3.77,2000,0
2016-03-30,05:25:00,3.77,3.77,3.76,3.76,131000,0
2016-03-30,05:30:00,3.76,3.78,3.76,3.77,82000,0
2016-03-30,05:35:00,3.77,3.79,3.77,3.79,70000,0
2016-03-30,05:40:00,3.79,3.79,3.77,3.77,16000,0
2016-03-30,05:45:00,3.77,3.78,3.72,3.78,153000,0
2016-03-30,05:50:00,3.77,3.77,3.77,3.77,1000,0
2016-03-30,05:55:00,3.77,3.78,3.76,3.77,171000,0
2016-03-30,06:00:00,3.77,3.77,3.77,3.77,1000,0
2016-03-30,07:05:00,3.77,3.77,3.76,3.76,35000,0
2016-03-30,07:10:00,3.76,3.76,3.76,3.76,1000,0
2016-03-30,07:20:00,3.76,3.76,3.75,3.75,40000,0
2016-03-30,07:30:00,3.75,3.75,3.73,3.73,16000,0
2016-03-30,07:35:00,3.73,3.77,3.73,3.77,9000,0
2016-03-30,07:40:00,3.77,3.77,3.73,3.73,11000,0
2016-03-30,07:45:00,3.73,3.75,3.73,3.75,50000,0
2016-03-30,07:50:00,3.75,3.77,3.75,3.76,46000,0
2016-03-30,07:55:00,3.76,3.76,3.76,3.76,58000,0
2016-03-30,08:00:00,3.76,3.76,3.72,3.72,292000,0
2016-03-30,08:05:00,3.72,3.73,3.72,3.73,4000,0
2016-03-30,08:10:00,3.73,3.75,3.72,3.72,181000,0
2016-03-30,08:15:00,3.71,3.75,3.71,3.74,170000,0
2016-03-30,08:25:00,3.74,3.74,3.72,3.72,62000,0
2016-03-30,08:30:00,3.72,3.72,3.72,3.72,45000,0
2016-03-30,08:35:00,3.73,3.73,3.73,3.73,8000,0
2016-03-30,08:40:00,3.73,3.73,3.72,3.72,47000,0
2016-03-30,08:45:00,3.71,3.74,3.71,3.74,17000,0
2016-03-30,08:50:00,3.73,3.73,3.72,3.72,127000,0
2016-03-30,09:00:00,3.71,3.72,3.71,3.72,8000,0
2016-03-30,09:05:00,3.71,3.73,3.71,3.73,242000,0
2016-03-30,09:10:00,3.73,3.76,3.73,3.74,51000,0
2016-03-30,09:15:00,3.74,3.75,3.72,3.74,41000,0
2016-03-30,09:20:00,3.74,3.74,3.73,3.73,6000,0
2016-03-30,09:25:00,3.73,3.74,3.72,3.74,28000,0
2016-03-30,09:30:00,3.74,3.74,3.73,3.73,3000,0
2016-03-30,09:35:00,3.73,3.73,3.72,3.72,26000,0
2016-03-30,09:40:00,3.72,3.74,3.72,3.73,22000,0
2016-03-30,09:45:00,3.73,3.75,3.73,3.74,69000,0
2016-03-30,09:50:00,3.74,3.74,3.71,3.72,101000,0
2016-03-30,10:00:00,3.71,3.78,3.7,3.78,1413000,0
2016-03-31,03:40:00,3.76,3.78,3.76,3.77,6000,0
2016-03-31,03:50:00,3.77,3.77,3.77,3.77,5000,0
2016-03-31,04:00:00,3.77,3.77,3.74,3.74,2000,0
2016-03-31,04:10:00,3.74,3.75,3.74,3.75,73000,0
2016-03-31,04:15:00,3.75,3.75,3.75,3.75,47000,0
2016-03-31,04:20:00,3.75,3.76,3.75,3.76,2000,0
2016-03-31,04:25:00,3.76,3.76,3.74,3.74,22000,0
2016-03-31,04:35:00,3.74,3.74,3.72,3.72,127000,0
2016-03-31,04:40:00,3.72,3.72,3.71,3.72,117000,0
2016-03-31,04:45:00,3.72,3.72,3.71,3.71,69000,0
2016-03-31,04:55:00,3.71,3.72,3.7,3.7,256000,0
2016-03-31,05:00:00,3.7,3.7,3.68,3.69,23000,0
2016-03-31,05:35:00,3.68,3.69,3.68,3.69,10000,0
2016-03-31,05:45:00,3.69,3.69,3.69,3.69,1000,0
2016-03-31,05:50:00,3.69,3.7,3.69,3.7,29000,0
2016-03-31,07:05:00,3.7,3.7,3.7,3.7,35000,0
2016-03-31,07:15:00,3.7,3.71,3.7,3.71,46000,0
2016-03-31,07:25:00,3.71,3.72,3.71,3.71,173000,0
2016-03-31,07:30:00,3.71,3.72,3.71,3.72,2000,0
2016-03-31,07:40:00,3.72,3.72,3.71,3.71,59000,0
2016-03-31,07:45:00,3.71,3.71,3.71,3.71,1000,0
2016-03-31,07:55:00,3.71,3.71,3.71,3.71,9000,0
2016-03-31,08:05:00,3.71,3.71,3.71,3.71,2000,0
2016-03-31,08:15:00,3.71,3.71,3.71,3.71,20000,0
2016-03-31,08:25:00,3.71,3.71,3.7,3.7,43000,0
2016-03-31,08:35:00,3.7,3.7,3.7,3.7,13000,0
2016-03-31,08:40:00,3.7,3.7,3.7,3.7,26000,0
2016-03-31,08:45:00,3.7,3.7,3.7,3.7,2000,0
2016-03-31,08:55:00,3.7,3.7,3.7,3.7,64000,0
2016-03-31,09:00:00,3.7,3.71,3.7,3.71,74000,0
2016-03-31,09:10:00,3.71,3.71,3.7,3.7,16000,0
2016-03-31,09:15:00,3.7,3.7,3.7,3.7,5000,0
2016-03-31,09:20:00,3.7,3.71,3.7,3.71,46000,0
2016-03-31,09:25:00,3.71,3.72,3.71,3.72,64000,0
2016-03-31,09:30:00,3.72,3.72,3.71,3.71,100000,0
2016-03-31,09:35:00,3.71,3.71,3.7,3.7,74000,0
2016-03-31,09:50:00,3.7,3.71,3.7,3.71,27000,0
2016-03-31,09:55:00,3.71,3.72,3.71,3.71,17000,0
2016-03-31,10:00:00,3.71,3.72,3.7,3.71,152000,0
2016-04-01,03:35:00,3.74,3.74,3.7,3.7,38000,0
2016-04-01,03:40:00,3.7,3.73,3.7,3.73,29000,0
2016-04-01,03:50:00,3.73,3.73,3.73,3.73,1000,0
2016-04-01,04:00:00,3.72,3.72,3.71,3.71,11000,0
2016-04-01,04:10:00,3.71,3.71,3.71,3.71,3000,0
2016-04-01,04:20:00,3.71,3.71,3.71,3.71,15000,0
2016-04-01,04:30:00,3.71,3.71,3.7,3.7,113000,0
2016-04-01,04:35:00,3.7,3.7,3.69,3.69,30000,0
2016-04-01,04:45:00,3.69,3.69,3.69,3.69,2000,0
2016-04-01,05:10:00,3.69,3.69,3.69,3.69,20000,0
2016-04-01,05:15:00,3.68,3.7,3.68,3.7,105000,0
2016-04-01,05:20:00,3.7,3.7,3.68,3.7,104000,0
2016-04-01,05:25:00,3.7,3.71,3.7,3.71,115000,0
2016-04-01,05:35:00,3.71,3.71,3.7,3.7,12000,0
2016-04-01,05:40:00,3.7,3.71,3.7,3.71,97000,0
2016-04-01,05:45:00,3.71,3.72,3.71,3.72,44000,0
2016-04-01,05:55:00,3.72,3.72,3.69,3.72,36000,0
2016-04-01,06:00:00,3.71,3.72,3.69,3.72,87000,0
2016-04-01,07:05:00,3.72,3.72,3.71,3.71,5000,0
2016-04-01,07:10:00,3.71,3.71,3.7,3.7,28000,0
2016-04-01,07:15:00,3.7,3.71,3.7,3.71,37000,0
2016-04-01,07:20:00,3.71,3.72,3.7,3.7,49000,0
2016-04-01,07:25:00,3.7,3.72,3.69,3.72,226000,0
2016-04-01,07:35:00,3.71,3.71,3.71,3.71,45000,0
2016-04-01,07:40:00,3.71,3.71,3.69,3.69,147000,0
2016-04-01,07:45:00,3.69,3.7,3.68,3.7,54000,0
2016-04-01,07:50:00,3.7,3.7,3.68,3.69,182000,0
2016-04-01,08:00:00,3.68,3.7,3.68,3.7,72000,0
2016-04-01,08:05:00,3.7,3.71,3.7,3.7,11000,0
2016-04-01,08:10:00,3.69,3.69,3.69,3.69,30000,0
2016-04-01,08:50:00,3.69,3.69,3.69,3.69,35000,0
2016-04-01,09:00:00,3.69,3.7,3.69,3.7,28000,0
2016-04-01,09:05:00,3.7,3.7,3.7,3.7,11000,0
2016-04-01,09:15:00,3.7,3.7,3.7,3.7,21000,0
2016-04-01,09:25:00,3.7,3.7,3.7,3.7,25000,0
2016-04-01,09:40:00,3.68,3.71,3.68,3.71,45000,0
2016-04-01,09:45:00,3.71,3.74,3.71,3.73,863000,0
2016-04-01,09:55:00,3.73,3.73,3.7,3.7,302000,0
2016-04-01,10:00:00,3.7,3.75,3.7,3.72,864000,0
2016-04-05,03:35:00,3.73,3.73,3.72,3.72,60000,0
2016-04-05,03:45:00,3.71,3.71,3.7,3.7,53000,0
2016-04-05,03:50:00,3.7,3.7,3.69,3.69,10000,0
2016-04-05,04:05:00,3.69,3.69,3.68,3.68,24000,0
2016-04-05,04:10:00,3.68,3.68,3.65,3.65,130000,0
2016-04-05,04:15:00,3.65,3.65,3.65,3.65,1000,0
2016-04-05,04:30:00,3.65,3.7,3.65,3.7,34000,0
2016-04-05,04:35:00,3.67,3.67,3.65,3.67,4000,0
2016-04-05,04:40:00,3.67,3.73,3.65,3.73,182000,0
2016-04-05,04:45:00,3.73,3.73,3.68,3.68,2000,0
2016-04-05,04:50:00,3.68,3.72,3.68,3.72,9000,0
2016-04-05,04:55:00,3.72,3.73,3.68,3.68,32000,0
2016-04-05,05:00:00,3.68,3.69,3.68,3.69,2000,0
2016-04-05,05:05:00,3.69,3.69,3.67,3.67,3000,0
2016-04-05,05:10:00,3.67,3.67,3.67,3.67,2000,0
2016-04-05,05:15:00,3.67,3.71,3.67,3.71,70000,0
2016-04-05,05:20:00,3.71,3.72,3.67,3.68,2412000,0
2016-04-05,05:25:00,3.68,3.68,3.67,3.67,3000,0
2016-04-05,05:30:00,3.67,3.67,3.66,3.66,4000,0
2016-04-05,05:35:00,3.66,3.67,3.66,3.67,26000,0
2016-04-05,05:40:00,3.67,3.67,3.66,3.66,3000,0
2016-04-05,05:45:00,3.66,3.7,3.66,3.7,15000,0
2016-04-05,05:50:00,3.7,3.7,3.67,3.67,2000,0
2016-04-05,05:55:00,3.67,3.67,3.66,3.66,3000,0
2016-04-05,06:00:00,3.66,3.66,3.66,3.66,1000,0
2016-04-05,07:05:00,3.66,3.66,3.66,3.66,2000,0
2016-04-05,07:10:00,3.66,3.66,3.66,3.66,3000,0
2016-04-05,07:15:00,3.66,3.66,3.66,3.66,2000,0
2016-04-05,07:20:00,3.66,3.66,3.66,3.66,2000,0
2016-04-05,07:25:00,3.66,3.66,3.66,3.66,2000,0
2016-04-05,07:30:00,3.66,3.67,3.66,3.67,4000,0
2016-04-05,07:35:00,3.67,3.67,3.66,3.66,2000,0
2016-04-05,07:40:00,3.66,3.66,3.66,3.66,2000,0
2016-04-05,07:45:00,3.66,3.66,3.66,3.66,2000,0
2016-04-05,07:50:00,3.66,3.66,3.66,3.66,2000,0
2016-04-05,07:55:00,3.66,3.66,3.66,3.66,2000,0
2016-04-05,08:00:00,3.66,3.69,3.66,3.69,35000,0
2016-04-05,08:05:00,3.69,3.69,3.66,3.66,4000,0
2016-04-05,08:10:00,3.66,3.66,3.66,3.66,1000,0
2016-04-05,08:15:00,3.66,3.66,3.66,3.66,2000,0
2016-04-05,08:20:00,3.66,3.66,3.66,3.66,2000,0
2016-04-05,08:25:00,3.66,3.66,3.66,3.66,2000,0
2016-04-05,08:30:00,3.66,3.66,3.66,3.66,2000,0
2016-04-05,08:35:00,3.66,3.66,3.66,3.66,2000,0
2016-04-05,08:40:00,3.66,3.66,3.66,3.66,22000,0
2016-04-05,08:45:00,3.66,3.66,3.66,3.66,2000,0
2016-04-05,08:50:00,3.66,3.67,3.66,3.67,2000,0
2016-04-05,08:55:00,3.67,3.67,3.66,3.66,3000,0
2016-04-05,09:00:00,3.66,3.66,3.66,3.66,2000,0
2016-04-05,09:05:00,3.66,3.66,3.66,3.66,2000,0
2016-04-05,09:10:00,3.66,3.67,3.66,3.67,2000,0
2016-04-05,09:15:00,3.67,3.67,3.66,3.66,3000,0
2016-04-05,09:20:00,3.66,3.66,3.66,3.66,2000,0
2016-04-05,09:25:00,3.66,3.67,3.66,3.67,2000,0
2016-04-05,09:30:00,3.67,3.67,3.66,3.66,55000,0
2016-04-05,09:35:00,3.66,3.66,3.65,3.65,3000,0
2016-04-05,09:40:00,3.65,3.66,3.65,3.66,4000,0
2016-04-05,09:45:00,3.66,3.66,3.65,3.65,103000,0
2016-04-05,09:55:00,3.64,3.67,3.64,3.67,54000,0
2016-04-05,10:00:00,3.67,3.71,3.64,3.71,426000,0
2016-04-06,03:35:00,3.7,3.72,3.7,3.7,30000,0
2016-04-06,03:50:00,3.71,3.71,3.71,3.71,1000,0
2016-04-06,03:55:00,3.71,3.71,3.7,3.7,20000,0
2016-04-06,04:00:00,3.69,3.7,3.69,3.7,83000,0
2016-04-06,04:15:00,3.66,3.68,3.66,3.68,60000,0
2016-04-06,04:20:00,3.68,3.7,3.68,3.7,119000,0
2016-04-06,04:30:00,3.7,3.72,3.67,3.72,1869000,0
2016-04-06,04:35:00,3.71,3.71,3.68,3.68,2000,0
2016-04-06,04:40:00,3.7,3.7,3.7,3.7,77000,0
2016-04-06,04:45:00,3.7,3.71,3.7,3.7,42000,0
2016-04-06,04:50:00,3.7,3.7,3.7,3.7,1000,0
2016-04-06,05:00:00,3.7,3.71,3.7,3.71,67000,0
2016-04-06,05:05:00,3.71,3.71,3.71,3.71,45000,0
2016-04-06,05:25:00,3.71,3.71,3.71,3.71,4000,0
2016-04-06,05:40:00,3.71,3.72,3.7,3.72,46000,0
2016-04-06,05:55:00,3.72,3.72,3.7,3.7,30000,0
2016-04-06,06:00:00,3.7,3.71,3.7,3.71,20000,0
2016-04-06,07:10:00,3.7,3.7,3.69,3.69,6000,0
2016-04-06,07:15:00,3.69,3.69,3.69,3.69,15000,0
2016-04-06,07:20:00,3.69,3.69,3.69,3.69,45000,0
2016-04-06,07:50:00,3.69,3.69,3.69,3.69,20000,0
2016-04-06,08:10:00,3.69,3.69,3.68,3.68,7000,0
2016-04-06,08:15:00,3.68,3.68,3.68,3.68,1000,0
2016-04-06,08:50:00,3.68,3.69,3.68,3.69,10000,0
2016-04-06,09:05:00,3.69,3.69,3.67,3.67,93000,0
2016-04-06,09:20:00,3.67,3.68,3.67,3.68,2000,0
2016-04-06,09:30:00,3.68,3.68,3.68,3.68,4000,0
2016-04-06,09:40:00,3.68,3.69,3.68,3.69,124000,0
2016-04-06,09:45:00,3.69,3.69,3.67,3.69,273000,0
2016-04-06,09:50:00,3.69,3.71,3.69,3.71,69000,0
2016-04-06,09:55:00,3.71,3.71,3.7,3.7,158000,0
2016-04-06,10:00:00,3.7,3.72,3.69,3.72,549000,0
2016-04-07,03:35:00,3.7,3.71,3.7,3.71,2000,0
2016-04-07,03:55:00,3.69,3.7,3.69,3.7,65000,0
2016-04-07,04:00:00,3.7,3.72,3.7,3.7,109000,0
2016-04-07,04:05:00,3.7,3.7,3.69,3.7,79000,0
2016-04-07,04:10:00,3.7,3.7,3.68,3.69,48000,0
2016-04-07,04:15:00,3.69,3.69,3.69,3.69,55000,0
2016-04-07,04:20:00,3.69,3.69,3.69,3.69,30000,0
2016-04-07,04:30:00,3.69,3.69,3.69,3.69,14000,0
2016-04-07,04:35:00,3.69,3.69,3.68,3.69,37000,0
2016-04-07,04:40:00,3.69,3.69,3.69,3.69,5000,0
2016-04-07,04:50:00,3.69,3.69,3.69,3.69,12000,0
2016-04-07,04:55:00,3.69,3.69,3.69,3.69,15000,0
2016-04-07,05:10:00,3.69,3.69,3.68,3.68,50000,0
2016-04-07,05:15:00,3.68,3.69,3.68,3.69,111000,0
2016-04-07,05:20:00,3.68,3.69,3.68,3.69,142000,0
2016-04-07,05:25:00,3.69,3.69,3.69,3.69,5000,0
2016-04-07,05:30:00,3.68,3.68,3.68,3.68,65000,0
2016-04-07,05:35:00,3.68,3.69,3.68,3.69,89000,0
2016-04-07,05:45:00,3.69,3.69,3.67,3.69,51000,0
2016-04-07,05:50:00,3.68,3.68,3.68,3.68,35000,0
2016-04-07,05:55:00,3.68,3.68,3.68,3.68,42000,0
2016-04-07,06:00:00,3.68,3.69,3.67,3.69,69000,0
2016-04-07,07:35:00,3.68,3.69,3.68,3.68,8000,0
2016-04-07,07:45:00,3.68,3.68,3.68,3.68,4000,0
2016-04-07,07:50:00,3.67,3.69,3.67,3.68,43000,0
2016-04-07,07:55:00,3.68,3.69,3.68,3.69,25000,0
2016-04-07,08:00:00,3.69,3.69,3.68,3.68,38000,0
2016-04-07,08:05:00,3.68,3.68,3.68,3.68,42000,0
2016-04-07,08:10:00,3.68,3.68,3.68,3.68,30000,0
2016-04-07,08:20:00,3.67,3.69,3.67,3.69,77000,0
2016-04-07,08:45:00,3.67,3.68,3.67,3.68,50000,0
2016-04-07,08:50:00,3.68,3.68,3.68,3.68,27000,0
2016-04-07,08:55:00,3.68,3.68,3.68,3.68,16000,0
2016-04-07,09:00:00,3.68,3.68,3.68,3.68,14000,0
2016-04-07,09:05:00,3.68,3.69,3.68,3.69,21000,0
2016-04-07,09:15:00,3.68,3.68,3.68,3.68,32000,0
2016-04-07,09:20:00,3.68,3.68,3.68,3.68,28000,0
2016-04-07,09:35:00,3.68,3.68,3.68,3.68,26000,0
2016-04-07,09:40:00,3.68,3.68,3.68,3.68,25000,0
2016-04-07,09:45:00,3.68,3.68,3.68,3.68,15000,0
2016-04-07,09:50:00,3.68,3.68,3.67,3.68,151000,0
2016-04-07,09:55:00,3.67,3.68,3.67,3.68,102000,0
2016-04-07,10:00:00,3.68,3.68,3.68,3.68,5000,0
2016-04-08,03:35:00,3.7,3.7,3.67,3.67,3000,0
2016-04-08,03:40:00,3.68,3.68,3.65,3.65,12000,0
2016-04-08,03:45:00,3.65,3.65,3.65,3.65,1000,0
2016-04-08,03:50:00,3.65,3.65,3.65,3.65,8000,0
2016-04-08,03:55:00,3.65,3.67,3.65,3.67,119000,0
2016-04-08,04:05:00,3.66,3.67,3.66,3.67,84000,0
2016-04-08,04:10:00,3.67,3.67,3.63,3.63,2000,0
2016-04-08,04:15:00,3.63,3.66,3.63,3.66,64000,0
2016-04-08,04:25:00,3.66,3.66,3.65,3.65,41000,0
2016-04-08,04:30:00,3.65,3.65,3.65,3.65,66000,0
2016-04-08,04:35:00,3.65,3.65,3.65,3.65,4000,0
2016-04-08,04:45:00,3.65,3.66,3.65,3.66,66000,0
2016-04-08,04:50:00,3.66,3.66,3.66,3.66,35000,0
2016-04-08,04:55:00,3.65,3.66,3.65,3.66,100000,0
2016-04-08,05:05:00,3.66,3.66,3.66,3.66,30000,0
2016-04-08,05:10:00,3.66,3.67,3.65,3.65,34000,0
2016-04-08,05:15:00,3.65,3.66,3.65,3.66,2000,0
2016-04-08,05:20:00,3.66,3.66,3.65,3.65,65000,0
2016-04-08,05:25:00,3.65,3.65,3.64,3.65,76000,0
2016-04-08,05:30:00,3.65,3.65,3.64,3.64,34000,0
2016-04-08,05:35:00,3.64,3.64,3.64,3.64,4000,0
2016-04-08,05:40:00,3.64,3.65,3.64,3.65,46000,0
2016-04-08,05:45:00,3.65,3.65,3.65,3.65,36000,0
2016-04-08,05:55:00,3.65,3.65,3.65,3.65,75000,0
2016-04-08,06:00:00,3.65,3.67,3.63,3.66,73000,0
2016-04-08,07:05:00,3.66,3.66,3.66,3.66,1000,0
2016-04-08,07:10:00,3.65,3.65,3.63,3.63,2000,0
2016-04-08,07:15:00,3.63,3.63,3.63,3.63,29000,0
2016-04-08,07:25:00,3.63,3.66,3.63,3.66,40000,0
2016-04-08,07:35:00,3.65,3.65,3.65,3.65,31000,0
2016-04-08,07:40:00,3.65,3.65,3.65,3.65,7000,0
2016-04-08,07:45:00,3.65,3.65,3.63,3.65,74000,0
2016-04-08,08:00:00,3.64,3.64,3.63,3.64,40000,0
2016-04-08,08:10:00,3.64,3.64,3.64,3.64,9000,0
2016-04-08,08:15:00,3.64,3.65,3.64,3.65,24000,0
2016-04-08,08:20:00,3.65,3.65,3.64,3.64,13000,0
2016-04-08,08:25:00,3.64,3.64,3.64,3.64,13000,0
2016-04-08,08:30:00,3.64,3.64,3.64,3.64,6000,0
2016-04-08,08:35:00,3.64,3.65,3.64,3.64,71000,0
2016-04-08,08:40:00,3.64,3.64,3.64,3.64,15000,0
2016-04-08,08:45:00,3.64,3.64,3.64,3.64,22000,0
2016-04-08,08:50:00,3.64,3.64,3.63,3.64,54000,0
2016-04-08,08:55:00,3.64,3.64,3.63,3.63,110000,0
2016-04-08,09:00:00,3.63,3.64,3.63,3.64,25000,0
2016-04-08,09:05:00,3.64,3.64,3.63,3.63,74000,0
2016-04-08,09:15:00,3.63,3.63,3.63,3.63,17000,0
2016-04-08,09:20:00,3.63,3.64,3.63,3.64,8000,0
2016-04-08,09:25:00,3.63,3.63,3.62,3.63,29000,0
2016-04-08,09:30:00,3.63,3.64,3.63,3.63,60000,0
2016-04-08,09:35:00,3.63,3.64,3.63,3.64,49000,0
2016-04-08,09:45:00,3.64,3.64,3.63,3.63,89000,0
2016-04-08,09:50:00,3.63,3.64,3.63,3.64,43000,0
2016-04-08,09:55:00,3.64,3.64,3.64,3.64,31000,0
2016-04-08,10:00:00,3.64,3.65,3.64,3.65,596000,0
2016-04-11,03:35:00,3.7,3.75,3.69,3.75,88000,0
2016-04-11,03:40:00,3.75,3.75,3.67,3.67,129000,0
2016-04-11,03:45:00,3.68,3.68,3.68,3.68,11000,0
2016-04-11,03:50:00,3.68,3.68,3.68,3.68,200000,0
2016-04-11,04:00:00,3.68,3.68,3.66,3.66,100000,0
2016-04-11,04:05:00,3.66,3.66,3.65,3.66,12000,0
2016-04-11,04:15:00,3.66,3.66,3.65,3.65,60000,0
2016-04-11,04:20:00,3.65,3.67,3.65,3.65,134000,0
2016-04-11,04:35:00,3.64,3.64,3.64,3.64,95000,0
2016-04-11,04:40:00,3.64,3.65,3.64,3.64,140000,0
2016-04-11,04:45:00,3.64,3.65,3.64,3.64,111000,0
2016-04-11,04:50:00,3.64,3.64,3.64,3.64,15000,0
2016-04-11,04:55:00,3.64,3.65,3.64,3.65,18000,0
2016-04-11,05:00:00,3.65,3.65,3.65,3.65,1000,0
2016-04-11,05:05:00,3.65,3.65,3.65,3.65,3000,0
2016-04-11,05:25:00,3.65,3.65,3.64,3.65,16000,0
2016-04-11,05:40:00,3.65,3.65,3.64,3.64,21000,0
2016-04-11,07:10:00,3.64,3.65,3.64,3.65,32000,0
2016-04-11,07:25:00,3.65,3.65,3.65,3.65,25000,0
2016-04-11,07:35:00,3.65,3.65,3.64,3.64,80000,0
2016-04-11,08:05:00,3.63,3.63,3.62,3.63,150000,0
2016-04-11,08:10:00,3.63,3.63,3.63,3.63,10000,0
2016-04-11,08:30:00,3.63,3.63,3.63,3.63,40000,0
2016-04-11,09:10:00,3.63,3.64,3.63,3.64,56000,0
2016-04-11,09:15:00,3.64,3.64,3.63,3.63,2000,0
2016-04-11,09:25:00,3.63,3.64,3.63,3.64,82000,0
2016-04-11,09:40:00,3.64,3.65,3.64,3.65,2000,0
2016-04-11,09:45:00,3.65,3.65,3.65,3.65,13000,0
2016-04-11,09:50:00,3.65,3.65,3.65,3.65,10000,0
2016-04-11,09:55:00,3.65,3.65,3.65,3.65,33000,0
2016-04-11,10:00:00,3.65,3.7,3.65,3.7,348000,0
2016-04-12,03:35:00,3.67,3.71,3.66,3.67,27000,0
2016-04-12,03:40:00,3.67,3.7,3.67,3.68,26000,0
2016-04-12,03:45:00,3.68,3.7,3.68,3.7,29000,0
2016-04-12,03:50:00,3.7,3.7,3.7,3.7,4000,0
2016-04-12,03:55:00,3.69,3.7,3.69,3.7,2389000,0
2016-04-12,04:00:00,3.7,3.7,3.66,3.66,254000,0
2016-04-12,04:10:00,3.66,3.7,3.66,3.7,3000,0
2016-04-12,04:20:00,3.69,3.69,3.69,3.69,74000,0
2016-04-12,04:45:00,3.69,3.69,3.69,3.69,6000,0
2016-04-12,05:05:00,3.69,3.69,3.69,3.69,30000,0
2016-04-12,05:20:00,3.69,3.69,3.68,3.68,35000,0
2016-04-12,05:30:00,3.68,3.68,3.68,3.68,2000,0
2016-04-12,05:40:00,3.68,3.68,3.67,3.67,137000,0
2016-04-12,05:45:00,3.67,3.69,3.66,3.69,125000,0
2016-04-12,05:55:00,3.69,3.69,3.69,3.69,47000,0
2016-04-12,07:30:00,3.69,3.69,3.69,3.69,4000,0
2016-04-12,07:35:00,3.68,3.68,3.68,3.68,10000,0
2016-04-12,07:40:00,3.68,3.68,3.68,3.68,20000,0
2016-04-12,07:45:00,3.68,3.68,3.68,3.68,20000,0
2016-04-12,07:55:00,3.68,3.68,3.67,3.67,55000,0
2016-04-12,08:05:00,3.67,3.68,3.67,3.68,22000,0
2016-04-12,08:15:00,3.68,3.68,3.68,3.68,40000,0
2016-04-12,08:20:00,3.68,3.68,3.68,3.68,40000,0
2016-04-12,08:25:00,3.68,3.68,3.68,3.68,20000,0
2016-04-12,08:30:00,3.68,3.68,3.68,3.68,20000,0
2016-04-12,08:35:00,3.68,3.69,3.68,3.69,2000,0
2016-04-12,08:50:00,3.69,3.69,3.69,3.69,110000,0
2016-04-12,08:55:00,3.69,3.69,3.66,3.69,133000,0
2016-04-12,09:20:00,3.68,3.68,3.68,3.68,61000,0
2016-04-12,09:25:00,3.68,3.68,3.68,3.68,1000,0
2016-04-12,09:30:00,3.68,3.69,3.68,3.69,92000,0
2016-04-12,09:35:00,3.69,3.69,3.68,3.69,766000,0
2016-04-12,09:40:00,3.69,3.7,3.68,3.68,35000,0
2016-04-12,09:45:00,3.68,3.68,3.67,3.67,122000,0
2016-04-12,09:55:00,3.67,3.67,3.66,3.66,69000,0
2016-04-12,10:00:00,3.66,3.7,3.66,3.7,81000,0
2016-04-13,03:35:00,3.76,3.76,3.7,3.7,5000,0
2016-04-13,03:45:00,3.69,3.69,3.69,3.69,72000,0
2016-04-13,03:50:00,3.69,3.69,3.69,3.69,60000,0
2016-04-13,03:55:00,3.69,3.7,3.69,3.7,10000,0
2016-04-13,04:05:00,3.68,3.68,3.67,3.68,11000,0
2016-04-13,04:10:00,3.68,3.68,3.67,3.68,7000,0
2016-04-13,04:15:00,3.68,3.68,3.68,3.68,5000,0
2016-04-13,04:20:00,3.68,3.68,3.68,3.68,66000,0
2016-04-13,04:25:00,3.68,3.69,3.68,3.69,55000,0
2016-04-13,04:30:00,3.69,3.69,3.68,3.69,113000,0
2016-04-13,04:35:00,3.69,3.69,3.66,3.66,194000,0
2016-04-13,04:40:00,3.66,3.69,3.66,3.66,135000,0
2016-04-13,04:45:00,3.66,3.68,3.66,3.68,4000,0
2016-04-13,04:50:00,3.68,3.68,3.65,3.68,94000,0
2016-04-13,04:55:00,3.68,3.68,3.68,3.68,2000,0
2016-04-13,05:00:00,3.68,3.68,3.65,3.68,11000,0
2016-04-13,05:10:00,3.68,3.68,3.65,3.65,114000,0
2016-04-13,05:15:00,3.65,3.68,3.65,3.68,2000,0
2016-04-13,05:25:00,3.68,3.68,3.68,3.68,3000,0
2016-04-13,05:30:00,3.68,3.68,3.66,3.68,52000,0
2016-04-13,05:35:00,3.68,3.68,3.66,3.66,9000,0
2016-04-13,05:40:00,3.66,3.66,3.66,3.66,5000,0
2016-04-13,05:45:00,3.66,3.68,3.66,3.68,11000,0
2016-04-13,06:00:00,3.68,3.69,3.68,3.69,14000,0
2016-04-13,07:05:00,3.68,3.68,3.68,3.68,2000,0
2016-04-13,07:10:00,3.68,3.68,3.68,3.68,2000,0
2016-04-13,07:15:00,3.68,3.68,3.67,3.67,3000,0
2016-04-13,07:30:00,3.67,3.67,3.67,3.67,3000,0
2016-04-13,07:35:00,3.67,3.68,3.67,3.68,3000,0
2016-04-13,07:45:00,3.68,3.68,3.68,3.68,1000,0
2016-04-13,07:55:00,3.68,3.68,3.68,3.68,5000,0
2016-04-13,08:05:00,3.68,3.68,3.68,3.68,48000,0
2016-04-13,08:10:00,3.68,3.69,3.68,3.69,3000,0
2016-04-13,08:15:00,3.69,3.69,3.68,3.68,39000,0
2016-04-13,08:20:00,3.68,3.69,3.68,3.69,3000,0
2016-04-13,08:25:00,3.69,3.69,3.68,3.68,114000,0
2016-04-13,08:30:00,3.68,3.69,3.67,3.67,167000,0
2016-04-13,08:35:00,3.67,3.69,3.67,3.69,3000,0
2016-04-13,08:40:00,3.68,3.69,3.68,3.68,10000,0
2016-04-13,08:45:00,3.68,3.68,3.68,3.68,3000,0
2016-04-13,08:50:00,3.68,3.69,3.68,3.69,127000,0
2016-04-13,08:55:00,3.69,3.69,3.68,3.68,85000,0
2016-04-13,09:00:00,3.68,3.68,3.67,3.67,16000,0
2016-04-13,09:10:00,3.67,3.68,3.67,3.68,4000,0
2016-04-13,09:15:00,3.68,3.68,3.66,3.67,95000,0
2016-04-13,09:25:00,3.67,3.67,3.67,3.67,1000,0
2016-04-13,09:30:00,3.67,3.72,3.67,3.69,700000,0
2016-04-13,09:35:00,3.69,3.72,3.68,3.7,725000,0
2016-04-13,09:40:00,3.7,3.71,3.68,3.69,71000,0
2016-04-13,09:45:00,3.69,3.7,3.67,3.69,3268000,0
2016-04-13,09:50:00,3.69,3.69,3.68,3.68,25000,0
2016-04-13,09:55:00,3.68,3.7,3.68,3.69,49000,0
2016-04-13,10:00:00,3.69,3.71,3.68,3.71,196000,0
