Date,Time,Open,High,Low,Close,Volume,OpenInt
2016-03-14,02:35:00,2.96,2.96,2.96,2.96,1000,0
2016-03-14,02:50:00,2.96,2.98,2.96,2.98,10000,0
2016-03-14,02:55:00,2.98,3,2.98,2.98,6000,0
2016-03-14,03:00:00,2.98,3.01,2.98,3.01,6000,0
2016-03-14,03:05:00,3.01,3.01,2.98,3.01,23000,0
2016-03-14,03:10:00,3.01,3.01,2.99,2.99,16000,0
2016-03-14,03:20:00,2.99,3,2.98,3,41000,0
2016-03-14,03:25:00,3,3,3,3,2000,0
2016-03-14,03:30:00,2.99,3.01,2.98,3,24000,0
2016-03-14,03:35:00,3,3,3,3,2000,0
2016-03-14,03:45:00,3,3,3,3,3000,0
2016-03-14,03:50:00,2.99,3.01,2.99,3.01,15000,0
2016-03-14,03:55:00,3.01,3.02,3,3.02,39000,0
2016-03-14,04:00:00,3.02,3.02,3.01,3.02,10000,0
2016-03-14,04:05:00,3.02,3.02,3.02,3.02,4000,0
2016-03-14,04:10:00,3.02,3.02,3.01,3.02,11000,0
2016-03-14,04:15:00,3.02,3.02,3,3,55000,0
2016-03-14,04:25:00,3,3.01,3,3,11000,0
2016-03-14,04:30:00,3,3.01,3,3.01,19000,0
2016-03-14,04:35:00,3.01,3.01,3,3.01,11000,0
2016-03-14,04:40:00,3.01,3.01,3,3.01,105000,0
2016-03-14,04:45:00,3.01,3.01,3.01,3.01,1000,0
2016-03-14,04:50:00,3.01,3.02,3.01,3.02,10000,0
2016-03-14,04:55:00,3.01,3.01,3.01,3.01,5000,0
2016-03-14,05:00:00,3.01,3.01,3,3.01,23000,0
2016-03-14,06:05:00,3.01,3.02,3,3.01,13000,0
2016-03-14,06:15:00,3.01,3.01,3.01,3.01,5000,0
2016-03-14,06:20:00,3.01,3.01,3,3,12000,0
2016-03-14,06:25:00,3,3.01,3,3.01,3000,0
2016-03-14,06:30:00,3.01,3.01,3,3.01,12000,0
2016-03-14,06:40:00,3.01,3.01,3,3.01,11000,0
2016-03-14,06:45:00,3.01,3.01,3,3,10000,0
2016-03-14,06:50:00,3,3.01,3,3.01,5000,0
2016-03-14,06:55:00,3.01,3.01,3,3,24000,0
2016-03-14,07:00:00,3,3,3,3,4000,0
2016-03-14,07:05:00,3,3,2.99,2.99,6000,0
2016-03-14,07:10:00,2.99,3,2.99,2.99,7000,0
2016-03-14,07:15:00,2.99,3,2.99,3,7000,0
2016-03-14,07:20:00,3,3,3,3,4000,0
2016-03-14,07:25:00,3,3.01,3,3.01,18000,0
2016-03-14,07:30:00,3.01,3.01,3.01,3.01,4000,0
2016-03-14,07:35:00,3.01,3.01,3,3.01,11000,0
2016-03-14,07:40:00,3.01,3.01,3,3,21000,0
2016-03-14,07:50:00,3,3,3,3,5000,0
2016-03-14,07:55:00,3,3,2.99,3,6000,0
2016-03-14,08:00:00,3,3,3,3,4000,0
2016-03-14,08:10:00,3,3,3,3,6000,0
2016-03-14,08:15:00,3,3,2.99,3,24000,0
2016-03-14,08:20:00,3,3,3,3,3000,0
2016-03-14,08:25:00,3,3,2.99,3,14000,0
2016-03-14,08:30:00,3,3,3,3,3000,0
2016-03-14,08:35:00,3,3,2.99,2.99,4000,0
2016-03-14,08:40:00,2.99,3.01,2.99,3.01,45000,0
2016-03-14,08:45:00,3.01,3.02,3.01,3.02,47000,0
2016-03-14,08:50:00,3.02,3.03,3.02,3.02,23000,0
2016-03-14,08:55:00,3.02,3.02,3.02,3.02,111000,0
2016-03-14,09:00:00,3.02,3.03,3.01,3.02,99000,0
2016-03-15,02:35:00,2.99,3.02,2.99,2.99,2000,0
2016-03-15,03:55:00,3,3.04,3,3,35000,0
2016-03-15,04:00:00,3,3.02,3,3.02,7000,0
2016-03-15,04:05:00,3.02,3.02,3,3,25000,0
2016-03-15,04:10:00,3,3,2.94,2.99,168000,0
2016-03-15,04:20:00,2.94,2.95,2.94,2.95,4000,0
2016-03-15,04:25:00,2.95,2.97,2.95,2.96,10000,0
2016-03-15,04:45:00,2.96,2.96,2.96,2.96,4000,0
2016-03-15,04:50:00,2.96,2.97,2.96,2.96,17000,0
2016-03-15,05:00:00,2.96,2.96,2.96,2.96,1000,0
2016-03-15,06:05:00,2.96,2.96,2.96,2.96,31000,0
2016-03-15,06:10:00,2.96,2.96,2.96,2.96,8000,0
2016-03-15,06:15:00,2.96,2.96,2.96,2.96,6000,0
2016-03-15,06:20:00,2.96,2.96,2.96,2.96,6000,0
2016-03-15,06:25:00,2.96,2.96,2.96,2.96,3000,0
2016-03-15,06:30:00,2.96,2.96,2.96,2.96,6000,0
2016-03-15,06:35:00,2.96,2.97,2.95,2.95,73000,0
2016-03-15,06:50:00,2.95,2.95,2.95,2.95,2000,0
2016-03-15,06:55:00,2.95,2.95,2.95,2.95,65000,0
2016-03-15,07:00:00,2.95,2.95,2.95,2.95,9000,0
2016-03-15,07:05:00,2.95,2.95,2.95,2.95,26000,0
2016-03-15,07:10:00,2.94,2.95,2.94,2.95,14000,0
2016-03-15,07:20:00,2.95,2.95,2.95,2.95,4000,0
2016-03-15,07:25:00,2.95,2.96,2.95,2.95,16000,0
2016-03-15,07:35:00,2.95,2.95,2.95,2.95,1000,0
2016-03-15,07:45:00,2.95,2.95,2.94,2.95,16000,0
2016-03-15,07:50:00,2.95,2.95,2.95,2.95,4000,0
2016-03-15,07:55:00,2.95,2.96,2.95,2.95,39000,0
2016-03-15,08:05:00,2.95,2.95,2.95,2.95,1000,0
2016-03-15,08:10:00,2.95,2.95,2.95,2.95,2000,0
2016-03-15,08:15:00,2.95,2.95,2.95,2.95,2000,0
2016-03-15,08:20:00,2.95,2.96,2.95,2.96,19000,0
2016-03-15,08:25:00,2.96,2.96,2.96,2.96,28000,0
2016-03-15,08:30:00,2.96,2.96,2.95,2.95,10000,0
2016-03-15,08:35:00,2.95,2.97,2.95,2.96,12000,0
2016-03-15,08:40:00,2.96,2.96,2.95,2.96,25000,0
2016-03-15,08:55:00,2.96,2.97,2.96,2.96,29000,0
2016-03-15,09:00:00,2.96,2.96,2.95,2.95,53000,0
2016-03-16,02:35:00,2.93,2.95,2.93,2.93,2000,0
2016-03-16,04:50:00,2.94,2.94,2.91,2.92,139000,0
2016-03-16,04:55:00,2.92,2.93,2.92,2.93,11000,0
2016-03-16,05:00:00,2.93,2.93,2.93,2.93,3000,0
2016-03-16,06:05:00,2.93,2.93,2.92,2.93,17000,0
2016-03-16,06:15:00,2.93,2.93,2.93,2.93,3000,0
2016-03-16,06:20:00,2.93,2.93,2.93,2.93,2000,0
2016-03-16,06:25:00,2.93,2.93,2.92,2.92,21000,0
2016-03-16,06:35:00,2.92,2.92,2.91,2.92,17000,0
2016-03-16,06:40:00,2.92,2.92,2.92,2.92,4000,0
2016-03-16,06:50:00,2.92,2.95,2.92,2.92,58000,0
2016-03-16,07:00:00,2.92,2.92,2.92,2.92,5000,0
2016-03-16,07:05:00,2.93,2.93,2.92,2.92,4000,0
2016-03-16,07:20:00,2.92,2.92,2.92,2.92,1000,0
2016-03-16,07:30:00,2.92,2.92,2.92,2.92,1000,0
2016-03-16,07:45:00,2.92,2.92,2.92,2.92,4000,0
2016-03-16,07:50:00,2.92,2.92,2.92,2.92,1000,0
2016-03-16,07:55:00,2.92,2.94,2.92,2.93,17000,0
2016-03-16,08:15:00,2.93,2.94,2.93,2.94,3000,0
2016-03-16,08:30:00,2.94,2.94,2.93,2.93,8000,0
2016-03-16,08:35:00,2.93,2.93,2.92,2.92,6000,0
2016-03-16,08:40:00,2.92,2.92,2.92,2.92,2000,0
2016-03-16,08:45:00,2.92,2.92,2.91,2.92,74000,0
2016-03-16,08:50:00,2.92,2.92,2.92,2.92,1000,0
2016-03-16,09:00:00,2.92,2.94,2.91,2.94,42000,0
2016-03-17,02:35:00,2.96,2.96,2.96,2.96,1000,0
2016-03-17,02:50:00,2.96,2.97,2.96,2.96,137000,0
2016-03-17,02:55:00,2.96,2.96,2.96,2.96,1000,0
2016-03-17,03:00:00,2.96,2.96,2.96,2.96,109000,0
2016-03-17,03:10:00,2.96,2.97,2.95,2.96,180000,0
2016-03-17,03:15:00,2.96,2.96,2.96,2.96,1000,0
2016-03-17,03:20:00,2.96,2.97,2.96,2.96,122000,0
2016-03-17,03:25:00,2.96,2.96,2.96,2.96,25000,0
2016-03-17,03:30:00,2.96,2.96,2.95,2.96,134000,0
2016-03-17,03:35:00,2.96,2.96,2.96,2.96,48000,0
2016-03-17,03:40:00,2.96,2.97,2.96,2.96,5000,0
2016-03-17,03:45:00,2.96,2.96,2.96,2.96,13000,0
2016-03-17,03:50:00,2.96,2.97,2.96,2.97,15000,0
2016-03-17,04:00:00,2.97,2.98,2.97,2.97,94000,0
2016-03-17,04:05:00,2.97,2.99,2.96,2.97,155000,0
2016-03-17,04:15:00,2.97,2.97,2.97,2.97,1000,0
2016-03-17,04:20:00,2.97,2.98,2.97,2.98,5000,0
2016-03-17,04:25:00,2.98,2.98,2.98,2.98,2000,0
2016-03-17,04:30:00,2.98,2.98,2.98,2.98,10000,0
2016-03-17,04:35:00,2.98,2.98,2.97,2.97,11000,0
2016-03-17,04:45:00,2.97,2.98,2.96,2.96,79000,0
2016-03-17,04:50:00,2.96,2.98,2.95,2.98,103000,0
2016-03-17,05:00:00,2.98,2.98,2.96,2.96,74000,0
2016-03-17,06:05:00,2.96,2.96,2.96,2.96,8000,0
2016-03-17,06:10:00,2.96,2.97,2.96,2.97,169000,0
2016-03-17,06:15:00,2.97,2.99,2.97,2.99,106000,0
2016-03-17,06:20:00,2.99,2.99,2.98,2.98,16000,0
2016-03-17,06:25:00,2.98,2.98,2.98,2.98,2000,0
2016-03-17,06:30:00,2.98,2.98,2.97,2.98,15000,0
2016-03-17,06:35:00,2.98,2.98,2.97,2.97,28000,0
2016-03-17,06:45:00,2.97,2.97,2.97,2.97,1000,0
2016-03-17,06:50:00,2.97,2.98,2.97,2.98,73000,0
2016-03-17,06:55:00,2.98,2.98,2.97,2.97,8000,0
2016-03-17,07:00:00,2.97,2.98,2.97,2.97,20000,0
2016-03-17,07:05:00,2.97,2.97,2.97,2.97,66000,0
2016-03-17,07:10:00,2.97,2.97,2.96,2.96,16000,0
2016-03-17,07:15:00,2.96,2.97,2.96,2.97,95000,0
2016-03-17,07:20:00,2.97,2.98,2.97,2.97,29000,0
2016-03-17,07:25:00,2.97,2.97,2.97,2.97,68000,0
2016-03-17,07:30:00,2.97,2.97,2.96,2.97,111000,0
2016-03-17,07:35:00,2.97,2.97,2.97,2.97,26000,0
2016-03-17,07:40:00,2.97,2.97,2.97,2.97,25000,0
2016-03-17,07:45:00,2.97,2.97,2.96,2.97,47000,0
2016-03-17,07:50:00,2.97,2.98,2.96,2.98,67000,0
2016-03-17,07:55:00,2.98,2.98,2.97,2.97,25000,0
2016-03-17,08:00:00,2.97,2.97,2.97,2.97,26000,0
2016-03-17,08:05:00,2.97,2.99,2.97,2.99,72000,0
2016-03-17,08:10:00,2.99,2.99,2.97,2.97,26000,0
2016-03-17,08:15:00,2.97,2.97,2.97,2.97,56000,0
2016-03-17,08:20:00,2.97,2.97,2.97,2.97,34000,0
2016-03-17,08:25:00,2.97,2.98,2.97,2.97,49000,0
2016-03-17,08:30:00,2.97,2.98,2.97,2.97,35000,0
2016-03-17,08:35:00,2.97,2.98,2.97,2.97,243000,0
2016-03-17,08:40:00,2.97,2.98,2.97,2.98,47000,0
2016-03-17,08:45:00,2.98,3,2.97,2.99,202000,0
2016-03-17,08:50:00,2.99,3.01,2.99,3,246000,0
2016-03-17,08:55:00,3,3,2.99,2.99,155000,0
2016-03-17,09:00:00,2.99,3,2.98,2.99,161000,0
2016-03-18,02:35:00,3.02,3.04,3.02,3.04,3000,0
2016-03-18,02:45:00,3.04,3.04,3.02,3.02,4000,0
2016-03-18,02:50:00,3.02,3.02,3.01,3.01,12321,0
2016-03-18,02:55:00,3.01,3.02,3.01,3.02,58000,0
2016-03-18,03:00:00,3.02,3.04,3.02,3.04,21000,0
2016-03-18,03:10:00,3.03,3.03,3.02,3.02,15000,0
2016-03-18,03:15:00,3.02,3.02,3.02,3.02,1000,0
2016-03-18,03:20:00,3.02,3.05,3.02,3.05,30000,0
2016-03-18,03:25:00,3.05,3.05,3.03,3.05,34000,0
2016-03-18,03:30:00,3.05,3.05,3.04,3.05,4000,0
2016-03-18,03:35:00,3.05,3.05,3.04,3.05,20000,0
2016-03-18,03:40:00,3.05,3.05,3.04,3.05,205000,0
2016-03-18,03:45:00,3.05,3.07,3.05,3.07,75000,0
2016-03-18,03:50:00,3.07,3.07,3.05,3.05,30000,0
2016-03-18,03:55:00,3.05,3.05,3.05,3.05,1000,0
2016-03-18,04:00:00,3.05,3.05,3.05,3.05,13000,0
2016-03-18,04:05:00,3.05,3.05,3.05,3.05,10000,0
2016-03-18,04:15:00,3.05,3.07,3.05,3.07,34000,0
2016-03-18,04:30:00,3.07,3.08,3.07,3.08,27000,0
2016-03-18,04:35:00,3.08,3.08,3.08,3.08,3000,0
2016-03-18,04:40:00,3.08,3.08,3.08,3.08,100000,0
2016-03-18,04:45:00,3.07,3.07,3.07,3.07,8000,0
2016-03-18,05:00:00,3.07,3.07,3.07,3.07,1000,0
2016-03-18,06:05:00,3.07,3.07,3.07,3.07,1000,0
2016-03-18,06:10:00,3.07,3.07,3.07,3.07,6000,0
2016-03-18,06:20:00,3.07,3.08,3.07,3.08,41000,0
2016-03-18,06:25:00,3.08,3.08,3.08,3.08,4000,0
2016-03-18,06:35:00,3.08,3.08,3.08,3.08,14000,0
2016-03-18,06:40:00,3.08,3.08,3.08,3.08,9000,0
2016-03-18,06:50:00,3.07,3.07,3.05,3.05,2000,0
2016-03-18,06:55:00,3.06,3.07,3.06,3.07,2000,0
2016-03-18,07:00:00,3.07,3.08,3.07,3.08,30000,0
2016-03-18,07:10:00,3.08,3.08,3.06,3.06,50000,0
2016-03-18,07:15:00,3.06,3.06,3.06,3.06,1000,0
2016-03-18,07:20:00,3.06,3.07,3.06,3.07,2000,0
2016-03-18,07:30:00,3.07,3.07,3.05,3.05,64000,0
2016-03-18,07:35:00,3.05,3.05,3.05,3.05,102000,0
2016-03-18,07:40:00,3.05,3.06,3.05,3.06,3000,0
2016-03-18,07:45:00,3.06,3.06,3.06,3.06,5000,0
2016-03-18,07:50:00,3.06,3.06,3.06,3.06,1000,0
2016-03-18,07:55:00,3.06,3.06,3.05,3.05,2000,0
2016-03-18,08:00:00,3.05,3.07,3.05,3.07,16000,0
2016-03-18,08:05:00,3.07,3.07,3.06,3.07,14000,0
2016-03-18,08:10:00,3.07,3.07,3.07,3.07,2000,0
2016-03-18,08:15:00,3.07,3.08,3.06,3.08,33000,0
2016-03-18,08:40:00,3.08,3.08,3.06,3.07,44000,0
2016-03-18,08:45:00,3.07,3.07,3.06,3.07,5000,0
2016-03-18,08:50:00,3.07,3.07,3.07,3.07,11000,0
2016-03-18,08:55:00,3.07,3.07,3.06,3.07,175000,0
2016-03-18,09:00:00,3.07,3.09,3.06,3.07,86000,0
2016-03-21,02:35:00,3.14,3.15,3.08,3.15,163000,0
2016-03-21,02:40:00,3.15,3.16,3.14,3.14,447000,0
2016-03-21,02:45:00,3.14,3.14,3.13,3.13,147000,0
2016-03-21,02:50:00,3.13,3.13,3.13,3.13,40000,0
2016-03-21,02:55:00,3.13,3.14,3.13,3.14,64000,0
2016-03-21,03:00:00,3.14,3.2,3.14,3.16,222000,0
2016-03-21,03:05:00,3.16,3.18,3.16,3.18,148000,0
2016-03-21,03:10:00,3.18,3.18,3.18,3.18,21000,0
2016-03-21,03:15:00,3.18,3.18,3.18,3.18,138000,0
2016-03-21,03:20:00,3.18,3.19,3.18,3.18,64000,0
2016-03-21,03:25:00,3.18,3.18,3.16,3.16,33000,0
2016-03-21,03:30:00,3.16,3.16,3.16,3.16,1000,0
2016-03-21,03:40:00,3.16,3.2,3.16,3.2,98000,0
2016-03-21,03:50:00,3.19,3.19,3.17,3.17,74000,0
2016-03-21,04:00:00,3.17,3.18,3.16,3.16,93000,0
2016-03-21,04:05:00,3.17,3.17,3.16,3.16,61000,0
2016-03-21,04:10:00,3.17,3.19,3.17,3.19,10000,0
2016-03-21,04:20:00,3.19,3.19,3.16,3.16,170000,0
2016-03-21,04:25:00,3.17,3.17,3.17,3.17,1000,0
2016-03-21,04:30:00,3.17,3.17,3.17,3.17,9000,0
2016-03-21,04:35:00,3.17,3.17,3.16,3.16,14000,0
2016-03-21,04:40:00,3.16,3.17,3.16,3.17,9000,0
2016-03-21,04:45:00,3.17,3.17,3.17,3.17,1000,0
2016-03-21,04:50:00,3.17,3.18,3.17,3.18,2000,0
2016-03-21,04:55:00,3.18,3.18,3.18,3.18,1000,0
2016-03-21,06:05:00,3.18,3.19,3.17,3.19,15000,0
2016-03-21,06:10:00,3.19,3.19,3.19,3.19,3000,0
2016-03-21,06:20:00,3.19,3.19,3.17,3.17,14000,0
2016-03-21,06:25:00,3.17,3.17,3.16,3.16,64000,0
2016-03-21,06:40:00,3.16,3.16,3.15,3.15,2000,0
2016-03-21,06:45:00,3.15,3.15,3.15,3.15,81000,0
2016-03-21,06:50:00,3.15,3.16,3.15,3.16,53000,0
2016-03-21,06:55:00,3.16,3.17,3.16,3.17,4000,0
2016-03-21,07:00:00,3.17,3.18,3.17,3.18,17000,0
2016-03-21,07:05:00,3.18,3.18,3.17,3.17,34000,0
2016-03-21,07:10:00,3.17,3.17,3.16,3.16,2000,0
2016-03-21,07:15:00,3.16,3.16,3.16,3.16,38000,0
2016-03-21,07:20:00,3.16,3.16,3.16,3.16,21000,0
2016-03-21,07:25:00,3.16,3.16,3.16,3.16,5000,0
2016-03-21,07:30:00,3.16,3.17,3.16,3.17,3000,0
2016-03-21,07:35:00,3.17,3.17,3.17,3.17,1000,0
2016-03-21,07:55:00,3.17,3.17,3.16,3.16,22000,0
2016-03-21,08:10:00,3.17,3.19,3.17,3.19,5000,0
2016-03-21,08:15:00,3.19,3.19,3.19,3.19,4000,0
2016-03-21,08:20:00,3.19,3.19,3.19,3.19,13000,0
2016-03-21,08:30:00,3.19,3.19,3.19,3.19,80000,0
2016-03-21,08:35:00,3.19,3.19,3.19,3.19,4000,0
2016-03-21,08:40:00,3.19,3.19,3.19,3.19,45000,0
2016-03-21,08:45:00,3.19,3.19,3.18,3.18,64000,0
2016-03-21,08:50:00,3.18,3.19,3.18,3.18,73000,0
2016-03-21,08:55:00,3.18,3.18,3.17,3.17,23000,0
2016-03-21,09:00:00,3.17,3.18,3.16,3.18,136000,0
2016-03-22,02:35:00,3.17,3.22,3.17,3.22,46000,0
2016-03-22,02:40:00,3.24,3.25,3.23,3.23,22000,0
2016-03-22,02:45:00,3.23,3.25,3.23,3.24,142000,0
2016-03-22,02:50:00,3.24,3.25,3.23,3.25,67000,0
2016-03-22,02:55:00,3.25,3.26,3.25,3.25,209000,0
2016-03-22,03:00:00,3.25,3.25,3.24,3.25,22000,0
2016-03-22,03:05:00,3.25,3.25,3.24,3.24,40000,0
2016-03-22,03:10:00,3.24,3.24,3.23,3.23,60000,0
2016-03-22,03:15:00,3.23,3.23,3.23,3.23,2000,0
2016-03-22,03:20:00,3.23,3.23,3.23,3.23,2000,0
2016-03-22,03:25:00,3.23,3.24,3.23,3.24,57000,0
2016-03-22,03:30:00,3.24,3.24,3.23,3.24,21000,0
2016-03-22,03:35:00,3.24,3.24,3.24,3.24,2000,0
2016-03-22,03:40:00,3.24,3.25,3.23,3.23,44000,0
2016-03-22,03:45:00,3.23,3.24,3.23,3.24,31000,0
2016-03-22,03:50:00,3.24,3.24,3.24,3.24,28000,0
2016-03-22,03:55:00,3.24,3.24,3.23,3.23,23000,0
2016-03-22,04:10:00,3.23,3.23,3.23,3.23,2000,0
2016-03-22,04:15:00,3.23,3.23,3.23,3.23,311000,0
2016-03-22,04:20:00,3.23,3.23,3.23,3.23,1000,0
2016-03-22,04:25:00,3.23,3.23,3.23,3.23,1000,0
2016-03-22,04:30:00,3.23,3.23,3.23,3.23,1000,0
2016-03-22,04:35:00,3.23,3.23,3.23,3.23,6000,0
2016-03-22,04:40:00,3.23,3.23,3.22,3.23,23000,0
2016-03-22,04:45:00,3.23,3.23,3.22,3.22,2000,0
2016-03-22,04:50:00,3.22,3.23,3.22,3.22,21000,0
2016-03-22,04:55:00,3.22,3.22,3.22,3.22,1000,0
2016-03-22,05:00:00,3.22,3.23,3.22,3.23,7000,0
2016-03-22,06:05:00,3.23,3.23,3.22,3.23,383000,0
2016-03-22,06:10:00,3.23,3.23,3.23,3.23,3000,0
2016-03-22,06:15:00,3.23,3.24,3.23,3.24,28000,0
2016-03-22,06:20:00,3.24,3.24,3.24,3.24,25000,0
2016-03-22,06:30:00,3.24,3.25,3.24,3.25,97000,0
2016-03-22,06:35:00,3.25,3.26,3.25,3.26,136000,0
2016-03-22,06:40:00,3.26,3.26,3.25,3.25,87000,0
2016-03-22,06:45:00,3.25,3.25,3.24,3.25,100000,0
2016-03-22,06:50:00,3.25,3.25,3.25,3.25,1000,0
2016-03-22,06:55:00,3.25,3.25,3.25,3.25,10000,0
2016-03-22,07:05:00,3.25,3.25,3.25,3.25,30000,0
2016-03-22,07:10:00,3.25,3.26,3.25,3.26,165000,0
2016-03-22,07:15:00,3.26,3.28,3.26,3.27,129000,0
2016-03-22,07:20:00,3.27,3.28,3.27,3.28,3000,0
2016-03-22,07:25:00,3.28,3.3,3.28,3.3,365000,0
2016-03-22,07:30:00,3.3,3.3,3.3,3.3,114000,0
2016-03-22,07:35:00,3.3,3.3,3.3,3.3,140000,0
2016-03-22,07:40:00,3.3,3.31,3.3,3.31,79000,0
2016-03-22,07:45:00,3.31,3.31,3.31,3.31,51000,0
2016-03-22,07:50:00,3.31,3.31,3.3,3.31,102000,0
2016-03-22,07:55:00,3.31,3.32,3.3,3.32,82000,0
2016-03-22,08:00:00,3.32,3.32,3.3,3.3,232000,0
2016-03-22,08:05:00,3.3,3.31,3.3,3.31,30000,0
2016-03-22,08:15:00,3.31,3.31,3.31,3.31,1000,0
2016-03-22,08:20:00,3.31,3.34,3.31,3.34,312000,0
2016-03-22,08:25:00,3.34,3.36,3.34,3.35,164000,0
2016-03-22,08:30:00,3.35,3.36,3.34,3.34,74000,0
2016-03-22,08:40:00,3.33,3.33,3.31,3.31,4000,0
2016-03-22,08:45:00,3.31,3.31,3.31,3.31,9000,0
2016-03-22,08:50:00,3.31,3.31,3.29,3.3,236000,0
2016-03-22,08:55:00,3.3,3.31,3.29,3.29,271000,0
2016-03-22,09:00:00,3.29,3.32,3.28,3.29,334000,0
2016-03-23,02:35:00,3.31,3.33,3.3,3.32,18000,0
2016-03-23,02:40:00,3.32,3.33,3.32,3.33,73000,0
2016-03-23,02:45:00,3.33,3.33,3.32,3.33,67000,0
2016-03-23,02:50:00,3.33,3.33,3.33,3.33,37000,0
2016-03-23,02:55:00,3.33,3.33,3.33,3.33,1000,0
2016-03-23,03:00:00,3.33,3.33,3.33,3.33,56000,0
2016-03-23,03:05:00,3.33,3.33,3.32,3.32,67000,0
2016-03-23,03:10:00,3.32,3.32,3.32,3.32,1000,0
2016-03-23,03:15:00,3.32,3.33,3.32,3.33,44000,0
2016-03-23,03:20:00,3.33,3.33,3.33,3.33,91000,0
2016-03-23,03:25:00,3.33,3.33,3.33,3.33,1000,0
2016-03-23,03:30:00,3.33,3.33,3.33,3.33,27000,0
2016-03-23,03:35:00,3.33,3.33,3.33,3.33,2000,0
2016-03-23,03:40:00,3.33,3.33,3.33,3.33,6000,0
2016-03-23,03:45:00,3.33,3.33,3.33,3.33,30000,0
2016-03-23,03:50:00,3.33,3.34,3.33,3.34,3000,0
2016-03-23,03:55:00,3.34,3.34,3.34,3.34,2000,0
2016-03-23,04:00:00,3.34,3.34,3.32,3.32,157000,0
2016-03-23,04:05:00,3.32,3.34,3.32,3.34,26000,0
2016-03-23,04:10:00,3.34,3.34,3.34,3.34,3000,0
2016-03-23,04:15:00,3.34,3.34,3.34,3.34,1000,0
2016-03-23,04:20:00,3.34,3.34,3.34,3.34,2000,0
2016-03-23,04:25:00,3.34,3.34,3.34,3.34,54000,0
2016-03-23,04:30:00,3.34,3.34,3.34,3.34,47000,0
2016-03-23,04:35:00,3.34,3.34,3.33,3.33,3000,0
2016-03-23,04:40:00,3.33,3.34,3.33,3.34,3000,0
2016-03-23,04:45:00,3.34,3.34,3.33,3.33,2000,0
2016-03-23,04:50:00,3.33,3.34,3.33,3.34,10000,0
2016-03-23,04:55:00,3.34,3.34,3.34,3.34,107000,0
2016-03-23,05:00:00,3.34,3.35,3.34,3.34,5000,0
2016-03-23,06:05:00,3.34,3.34,3.33,3.33,86000,0
2016-03-23,06:10:00,3.33,3.33,3.33,3.33,88000,0
2016-03-23,06:15:00,3.33,3.33,3.33,3.33,30000,0
2016-03-23,06:20:00,3.33,3.33,3.33,3.33,42000,0
2016-03-23,06:25:00,3.33,3.33,3.33,3.33,1000,0
2016-03-23,06:30:00,3.33,3.34,3.33,3.34,2000,0
2016-03-23,06:35:00,3.34,3.34,3.33,3.34,7000,0
2016-03-23,06:40:00,3.34,3.34,3.33,3.34,5000,0
2016-03-23,06:45:00,3.34,3.34,3.33,3.33,11000,0
2016-03-23,06:50:00,3.33,3.34,3.33,3.34,175000,0
2016-03-23,06:55:00,3.34,3.35,3.34,3.35,2000,0
2016-03-23,07:00:00,3.35,3.35,3.34,3.34,56000,0
2016-03-23,07:10:00,3.34,3.34,3.33,3.34,107000,0
2016-03-23,07:15:00,3.34,3.34,3.34,3.34,37000,0
2016-03-23,07:25:00,3.34,3.35,3.34,3.35,3000,0
2016-03-23,07:30:00,3.35,3.35,3.34,3.34,15000,0
2016-03-23,07:35:00,3.34,3.34,3.34,3.34,2000,0
2016-03-23,07:40:00,3.34,3.35,3.34,3.34,6000,0
2016-03-23,07:45:00,3.34,3.35,3.32,3.33,123000,0
2016-03-23,07:50:00,3.33,3.33,3.32,3.32,55000,0
2016-03-23,07:55:00,3.32,3.34,3.32,3.34,204000,0
2016-03-23,08:00:00,3.34,3.34,3.34,3.34,11000,0
2016-03-23,08:05:00,3.34,3.35,3.34,3.35,10000,0
2016-03-23,08:10:00,3.35,3.35,3.34,3.34,10000,0
2016-03-23,08:15:00,3.34,3.35,3.34,3.34,17000,0
2016-03-23,08:20:00,3.34,3.35,3.34,3.35,15000,0
2016-03-23,08:25:00,3.35,3.35,3.32,3.33,23000,0
2016-03-23,08:30:00,3.33,3.33,3.33,3.33,22000,0
2016-03-23,08:35:00,3.33,3.33,3.33,3.33,40000,0
2016-03-23,08:40:00,3.33,3.34,3.33,3.34,92000,0
2016-03-23,08:45:00,3.34,3.35,3.34,3.35,38000,0
2016-03-23,08:50:00,3.35,3.38,3.34,3.38,172000,0
2016-03-23,08:55:00,3.38,3.38,3.36,3.36,4000,0
2016-03-23,09:00:00,3.36,3.36,3.34,3.35,68000,0
2016-03-24,02:35:00,3.3,3.36,3.3,3.36,174000,0
2016-03-24,02:40:00,3.36,3.36,3.33,3.33,87000,0
2016-03-24,02:45:00,3.33,3.33,3.33,3.33,32000,0
2016-03-24,02:50:00,3.33,3.33,3.33,3.33,30000,0
2016-03-24,02:55:00,3.31,3.33,3.31,3.33,56000,0
2016-03-24,03:00:00,3.33,3.33,3.33,3.33,50000,0
2016-03-24,03:05:00,3.34,3.34,3.34,3.34,45000,0
2016-03-24,03:10:00,3.34,3.34,3.33,3.33,38000,0
2016-03-24,03:20:00,3.33,3.33,3.33,3.33,5000,0
2016-03-24,03:30:00,3.35,3.35,3.35,3.35,2000,0
2016-03-24,03:35:00,3.35,3.38,3.35,3.38,545000,0
2016-03-24,03:40:00,3.38,3.4,3.38,3.4,42000,0
2016-03-24,03:45:00,3.4,3.41,3.4,3.41,16000,0
2016-03-24,03:50:00,3.41,3.42,3.4,3.42,124000,0
2016-03-24,04:00:00,3.42,3.42,3.4,3.4,42000,0
2016-03-24,04:10:00,3.4,3.4,3.4,3.4,51000,0
2016-03-24,04:15:00,3.4,3.4,3.4,3.4,3000,0
2016-03-24,04:20:00,3.41,3.41,3.41,3.41,20000,0
2016-03-24,04:25:00,3.41,3.42,3.41,3.42,43000,0
2016-03-24,04:35:00,3.42,3.43,3.42,3.43,20000,0
2016-03-24,04:55:00,3.43,3.43,3.42,3.42,2000,0
2016-03-24,05:00:00,3.42,3.42,3.41,3.41,2000,0
2016-03-24,06:05:00,3.41,3.43,3.41,3.43,147000,0
2016-03-24,06:10:00,3.44,3.48,3.44,3.48,54000,0
2016-03-24,06:15:00,3.48,3.52,3.48,3.52,273000,0
2016-03-24,06:20:00,3.52,3.54,3.51,3.54,101000,0
2016-03-24,06:25:00,3.54,3.54,3.52,3.52,163000,0
2016-03-24,06:30:00,3.51,3.51,3.5,3.5,230000,0
2016-03-24,06:35:00,3.5,3.5,3.5,3.5,116000,0
2016-03-24,06:40:00,3.5,3.5,3.5,3.5,56000,0
2016-03-24,06:45:00,3.5,3.51,3.5,3.51,4000,0
2016-03-24,06:50:00,3.51,3.52,3.5,3.52,129000,0
2016-03-24,06:55:00,3.52,3.52,3.51,3.52,10000,0
2016-03-24,07:00:00,3.52,3.52,3.5,3.5,43000,0
2016-03-24,07:05:00,3.5,3.51,3.5,3.5,40000,0
2016-03-24,07:10:00,3.5,3.5,3.5,3.5,1000,0
2016-03-24,07:15:00,3.5,3.5,3.5,3.5,1000,0
2016-03-24,07:20:00,3.5,3.5,3.5,3.5,87000,0
2016-03-24,07:25:00,3.5,3.51,3.5,3.51,78000,0
2016-03-24,07:30:00,3.51,3.52,3.5,3.51,232000,0
2016-03-24,07:35:00,3.51,3.51,3.5,3.5,21000,0
2016-03-24,07:45:00,3.5,3.51,3.49,3.51,153000,0
2016-03-24,07:50:00,3.51,3.51,3.5,3.51,100000,0
2016-03-24,07:55:00,3.51,3.51,3.5,3.5,61000,0
2016-03-24,08:00:00,3.5,3.51,3.5,3.51,46000,0
2016-03-24,08:05:00,3.51,3.51,3.5,3.51,160000,0
2016-03-24,08:10:00,3.51,3.51,3.49,3.5,257000,0
2016-03-24,08:15:00,3.5,3.5,3.49,3.49,64000,0
2016-03-24,08:20:00,3.49,3.51,3.49,3.51,87000,0
2016-03-24,08:25:00,3.51,3.51,3.5,3.51,63000,0
2016-03-24,08:30:00,3.51,3.51,3.49,3.49,107000,0
2016-03-24,08:35:00,3.49,3.51,3.42,3.42,199000,0
2016-03-24,08:40:00,3.42,3.49,3.42,3.49,70000,0
2016-03-24,08:45:00,3.49,3.51,3.49,3.5,330000,0
2016-03-24,08:50:00,3.5,3.52,3.5,3.52,37000,0
2016-03-24,08:55:00,3.52,3.52,3.51,3.51,26000,0
2016-03-24,09:00:00,3.51,3.51,3.49,3.5,250000,0
2016-03-29,03:35:00,3.51,3.53,3.51,3.52,76000,0
2016-03-29,03:40:00,3.52,3.52,3.52,3.52,52000,0
2016-03-29,03:45:00,3.52,3.52,3.5,3.5,31000,0
2016-03-29,03:50:00,3.5,3.5,3.48,3.49,58000,0
2016-03-29,03:55:00,3.49,3.49,3.49,3.49,20000,0
2016-03-29,04:00:00,3.49,3.49,3.47,3.49,38000,0
2016-03-29,04:05:00,3.49,3.51,3.48,3.51,131000,0
2016-03-29,04:10:00,3.51,3.51,3.5,3.5,152000,0
2016-03-29,04:15:00,3.5,3.5,3.49,3.5,137000,0
2016-03-29,04:20:00,3.5,3.51,3.5,3.51,14000,0
2016-03-29,04:25:00,3.51,3.52,3.5,3.51,108000,0
2016-03-29,04:30:00,3.51,3.51,3.5,3.51,25000,0
2016-03-29,04:35:00,3.51,3.51,3.5,3.51,50000,0
2016-03-29,04:40:00,3.51,3.51,3.51,3.51,4000,0
2016-03-29,04:45:00,3.51,3.51,3.5,3.5,8000,0
2016-03-29,04:50:00,3.5,3.51,3.5,3.5,19000,0
2016-03-29,04:55:00,3.5,3.51,3.5,3.5,9000,0
2016-03-29,05:00:00,3.5,3.52,3.5,3.52,21000,0
2016-03-29,05:05:00,3.52,3.52,3.52,3.52,6000,0
2016-03-29,05:10:00,3.52,3.52,3.5,3.52,10000,0
2016-03-29,05:15:00,3.52,3.52,3.5,3.5,13000,0
2016-03-29,05:20:00,3.5,3.52,3.5,3.52,9000,0
2016-03-29,05:25:00,3.52,3.52,3.52,3.52,3000,0
2016-03-29,05:30:00,3.52,3.52,3.51,3.52,8000,0
2016-03-29,05:35:00,3.52,3.52,3.5,3.51,39000,0
2016-03-29,05:40:00,3.51,3.51,3.5,3.51,10000,0
2016-03-29,05:45:00,3.51,3.51,3.51,3.51,3000,0
2016-03-29,05:50:00,3.51,3.51,3.5,3.5,4000,0
2016-03-29,05:55:00,3.5,3.51,3.5,3.5,40000,0
2016-03-29,06:00:00,3.5,3.51,3.5,3.5,23000,0
2016-03-29,07:05:00,3.5,3.5,3.48,3.48,61000,0
2016-03-29,07:10:00,3.47,3.47,3.46,3.46,8000,0
2016-03-29,07:15:00,3.46,3.47,3.46,3.46,11000,0
2016-03-29,07:20:00,3.46,3.47,3.46,3.46,6000,0
2016-03-29,07:25:00,3.46,3.47,3.46,3.47,13000,0
2016-03-29,07:30:00,3.47,3.47,3.47,3.47,8000,0
2016-03-29,07:35:00,3.47,3.48,3.47,3.47,14000,0
2016-03-29,07:40:00,3.47,3.47,3.47,3.47,15000,0
2016-03-29,07:45:00,3.47,3.47,3.44,3.44,20000,0
2016-03-29,07:50:00,3.44,3.46,3.44,3.46,25000,0
2016-03-29,07:55:00,3.46,3.46,3.44,3.46,12000,0
2016-03-29,08:00:00,3.46,3.46,3.46,3.46,3000,0
2016-03-29,08:05:00,3.46,3.46,3.45,3.45,5000,0
2016-03-29,08:10:00,3.45,3.47,3.45,3.47,5000,0
2016-03-29,08:15:00,3.47,3.47,3.47,3.47,6000,0
2016-03-29,08:25:00,3.47,3.47,3.45,3.47,7000,0
2016-03-29,08:30:00,3.47,3.47,3.45,3.45,13000,0
2016-03-29,08:35:00,3.45,3.45,3.44,3.44,9000,0
2016-03-29,08:40:00,3.44,3.45,3.44,3.44,9000,0
2016-03-29,08:45:00,3.44,3.45,3.44,3.44,9000,0
2016-03-29,08:50:00,3.44,3.45,3.44,3.44,7000,0
2016-03-29,08:55:00,3.44,3.45,3.44,3.45,94000,0
2016-03-29,09:00:00,3.45,3.45,3.45,3.45,4000,0
2016-03-29,09:05:00,3.45,3.45,3.45,3.45,3000,0
2016-03-29,09:10:00,3.45,3.45,3.44,3.44,12000,0
2016-03-29,09:15:00,3.44,3.45,3.42,3.42,15000,0
2016-03-29,09:20:00,3.42,3.44,3.41,3.42,64000,0
2016-03-29,09:25:00,3.42,3.44,3.42,3.43,21000,0
2016-03-29,09:30:00,3.43,3.43,3.39,3.39,75000,0
2016-03-29,09:35:00,3.39,3.41,3.39,3.4,62000,0
2016-03-29,09:40:00,3.4,3.42,3.4,3.41,11000,0
2016-03-29,09:45:00,3.4,3.4,3.4,3.4,15000,0
2016-03-29,09:50:00,3.4,3.4,3.38,3.4,57000,0
2016-03-29,09:55:00,3.4,3.4,3.39,3.4,18000,0
2016-03-29,10:00:00,3.4,3.44,3.39,3.4,323000,0
2016-03-30,03:35:00,3.46,3.46,3.44,3.45,3000,0
2016-03-30,03:40:00,3.45,3.45,3.41,3.44,40000,0
2016-03-30,03:45:00,3.44,3.46,3.44,3.46,54000,0
2016-03-30,03:55:00,3.46,3.46,3.45,3.45,8000,0
2016-03-30,04:00:00,3.45,3.45,3.44,3.44,14000,0
2016-03-30,04:05:00,3.44,3.45,3.42,3.42,38000,0
2016-03-30,04:10:00,3.42,3.43,3.42,3.43,9000,0
2016-03-30,04:15:00,3.43,3.43,3.43,3.43,3000,0
2016-03-30,04:20:00,3.43,3.43,3.42,3.42,27000,0
2016-03-30,04:25:00,3.42,3.43,3.42,3.43,21000,0
2016-03-30,04:30:00,3.43,3.43,3.42,3.43,17000,0
2016-03-30,04:35:00,3.43,3.43,3.42,3.42,72000,0
2016-03-30,04:40:00,3.42,3.43,3.42,3.43,181000,0
2016-03-30,04:50:00,3.4,3.41,3.4,3.41,16000,0
2016-03-30,04:55:00,3.41,3.42,3.41,3.42,12000,0
2016-03-30,05:00:00,3.42,3.42,3.42,3.42,4000,0
2016-03-30,05:05:00,3.42,3.42,3.42,3.42,1000,0
2016-03-30,05:10:00,3.42,3.43,3.42,3.43,14000,0
2016-03-30,05:15:00,3.43,3.43,3.41,3.41,15000,0
2016-03-30,05:20:00,3.41,3.42,3.41,3.41,25000,0
2016-03-30,05:25:00,3.41,3.42,3.41,3.41,14000,0
2016-03-30,05:30:00,3.41,3.43,3.41,3.43,19000,0
2016-03-30,05:35:00,3.43,3.43,3.43,3.43,1000,0
2016-03-30,05:40:00,3.43,3.43,3.43,3.43,4000,0
2016-03-30,05:45:00,3.43,3.43,3.42,3.43,5000,0
2016-03-30,05:50:00,3.43,3.43,3.42,3.43,16000,0
2016-03-30,05:55:00,3.43,3.43,3.42,3.42,24000,0
2016-03-30,06:00:00,3.42,3.42,3.41,3.42,29000,0
2016-03-30,07:05:00,3.41,3.42,3.41,3.42,10000,0
2016-03-30,07:10:00,3.42,3.43,3.42,3.42,16000,0
2016-03-30,07:15:00,3.42,3.42,3.42,3.42,2000,0
2016-03-30,07:20:00,3.42,3.42,3.42,3.42,27000,0
2016-03-30,07:25:00,3.42,3.43,3.42,3.43,45000,0
2016-03-30,07:30:00,3.43,3.44,3.43,3.44,21000,0
2016-03-30,07:35:00,3.44,3.48,3.44,3.48,84000,0
2016-03-30,07:45:00,3.48,3.49,3.48,3.49,61000,0
2016-03-30,07:50:00,3.49,3.49,3.49,3.49,37000,0
2016-03-30,08:00:00,3.49,3.49,3.49,3.49,25000,0
2016-03-30,08:10:00,3.49,3.49,3.49,3.49,1000,0
2016-03-30,08:15:00,3.49,3.49,3.49,3.49,34000,0
2016-03-30,08:20:00,3.49,3.49,3.48,3.48,11000,0
2016-03-30,08:25:00,3.48,3.48,3.47,3.47,82000,0
2016-03-30,08:30:00,3.47,3.48,3.47,3.48,52000,0
2016-03-30,08:35:00,3.48,3.49,3.48,3.49,31000,0
2016-03-30,08:40:00,3.49,3.49,3.49,3.49,76000,0
2016-03-30,08:55:00,3.49,3.49,3.49,3.49,17000,0
2016-03-30,09:00:00,3.49,3.49,3.49,3.49,21000,0
2016-03-30,09:05:00,3.49,3.49,3.49,3.49,10000,0
2016-03-30,09:10:00,3.49,3.49,3.48,3.48,49000,0
2016-03-30,09:15:00,3.48,3.49,3.48,3.48,12000,0
2016-03-30,09:20:00,3.48,3.48,3.47,3.47,44000,0
2016-03-30,09:25:00,3.47,3.48,3.47,3.48,43000,0
2016-03-30,09:30:00,3.48,3.49,3.48,3.49,65000,0
2016-03-30,09:35:00,3.49,3.49,3.49,3.49,10000,0
2016-03-30,09:40:00,3.49,3.49,3.48,3.48,121000,0
2016-03-30,09:45:00,3.48,3.49,3.47,3.47,79000,0
2016-03-30,09:50:00,3.47,3.47,3.47,3.47,17000,0
2016-03-30,09:55:00,3.47,3.47,3.46,3.46,52000,0
2016-03-30,10:00:00,3.46,3.48,3.46,3.48,140000,0
2016-03-31,03:35:00,3.52,3.52,3.48,3.52,2000,0
2016-03-31,03:40:00,3.52,3.56,3.52,3.56,30000,0
2016-03-31,03:45:00,3.56,3.56,3.54,3.54,27000,0
2016-03-31,03:55:00,3.54,3.54,3.54,3.54,2000,0
2016-03-31,04:00:00,3.54,3.54,3.53,3.54,15000,0
2016-03-31,04:05:00,3.54,3.54,3.53,3.54,9000,0
2016-03-31,04:10:00,3.54,3.54,3.53,3.54,16000,0
2016-03-31,04:20:00,3.54,3.54,3.51,3.51,32000,0
2016-03-31,04:25:00,3.51,3.54,3.51,3.53,8000,0
2016-03-31,04:30:00,3.53,3.57,3.53,3.56,179000,0
2016-03-31,04:35:00,3.56,3.56,3.54,3.54,4000,0
2016-03-31,04:40:00,3.54,3.56,3.53,3.54,34000,0
2016-03-31,04:50:00,3.54,3.59,3.54,3.58,107000,0
2016-03-31,04:55:00,3.58,3.58,3.58,3.58,4000,0
2016-03-31,05:00:00,3.58,3.58,3.54,3.54,45000,0
2016-03-31,05:10:00,3.54,3.54,3.53,3.53,68000,0
2016-03-31,05:20:00,3.53,3.53,3.53,3.53,3000,0
2016-03-31,05:25:00,3.53,3.55,3.53,3.55,60000,0
2016-03-31,05:30:00,3.55,3.56,3.55,3.56,5000,0
2016-03-31,05:35:00,3.56,3.56,3.55,3.56,15000,0
2016-03-31,05:40:00,3.56,3.58,3.55,3.58,32000,0
2016-03-31,05:45:00,3.58,3.58,3.58,3.58,1000,0
2016-03-31,05:50:00,3.57,3.57,3.55,3.55,18000,0
2016-03-31,05:55:00,3.55,3.55,3.55,3.55,2000,0
2016-03-31,06:00:00,3.55,3.57,3.55,3.55,8000,0
2016-03-31,07:05:00,3.55,3.57,3.55,3.57,7000,0
2016-03-31,07:10:00,3.57,3.57,3.57,3.57,4000,0
2016-03-31,07:15:00,3.57,3.57,3.55,3.57,5000,0
2016-03-31,07:20:00,3.57,3.57,3.57,3.57,3000,0
2016-03-31,07:25:00,3.57,3.57,3.57,3.57,3000,0
2016-03-31,07:30:00,3.57,3.57,3.55,3.55,43000,0
2016-03-31,07:40:00,3.55,3.57,3.55,3.57,48000,0
2016-03-31,07:45:00,3.57,3.57,3.57,3.57,5000,0
2016-03-31,07:50:00,3.57,3.57,3.57,3.57,2000,0
2016-03-31,07:55:00,3.57,3.57,3.55,3.55,31000,0
2016-03-31,08:00:00,3.55,3.57,3.55,3.57,2000,0
2016-03-31,08:05:00,3.57,3.58,3.55,3.58,12000,0
2016-03-31,08:10:00,3.58,3.58,3.55,3.55,4000,0
2016-03-31,08:15:00,3.55,3.57,3.55,3.57,3000,0
2016-03-31,08:20:00,3.57,3.57,3.56,3.57,10000,0
2016-03-31,08:25:00,3.57,3.58,3.57,3.57,13000,0
2016-03-31,08:30:00,3.57,3.58,3.54,3.55,41000,0
2016-03-31,08:40:00,3.55,3.57,3.55,3.57,2000,0
2016-03-31,08:45:00,3.56,3.57,3.54,3.57,7000,0
2016-03-31,08:50:00,3.57,3.57,3.55,3.55,7000,0
2016-03-31,08:55:00,3.55,3.57,3.55,3.57,7000,0
2016-03-31,09:00:00,3.57,3.57,3.55,3.57,8000,0
2016-03-31,09:05:00,3.57,3.58,3.56,3.58,23000,0
2016-03-31,09:10:00,3.58,3.59,3.57,3.57,105000,0
2016-03-31,09:15:00,3.57,3.59,3.57,3.59,3000,0
2016-03-31,09:20:00,3.59,3.59,3.58,3.59,15000,0
2016-03-31,09:25:00,3.59,3.61,3.59,3.61,56000,0
2016-03-31,09:30:00,3.6,3.61,3.6,3.61,11000,0
2016-03-31,09:35:00,3.6,3.61,3.59,3.61,59000,0
2016-03-31,09:40:00,3.6,3.61,3.6,3.61,40000,0
2016-03-31,09:45:00,3.61,3.64,3.61,3.62,91000,0
2016-03-31,09:50:00,3.61,3.61,3.6,3.6,24000,0
2016-03-31,09:55:00,3.6,3.61,3.6,3.61,6000,0
2016-03-31,10:00:00,3.61,3.62,3.6,3.61,78000,0
2016-04-01,03:35:00,3.58,3.61,3.58,3.58,2000,0
2016-04-01,04:15:00,3.57,3.58,3.47,3.5,168000,0
2016-04-01,04:20:00,3.5,3.52,3.5,3.52,14000,0
2016-04-01,04:25:00,3.52,3.55,3.52,3.54,11000,0
2016-04-01,04:30:00,3.54,3.54,3.53,3.53,2000,0
2016-04-01,04:35:00,3.52,3.52,3.51,3.51,6000,0
2016-04-01,04:40:00,3.51,3.52,3.51,3.52,19000,0
2016-04-01,04:45:00,3.53,3.55,3.53,3.54,3000,0
2016-04-01,04:55:00,3.54,3.54,3.49,3.49,98000,0
2016-04-01,05:00:00,3.5,3.5,3.5,3.5,3000,0
2016-04-01,05:05:00,3.5,3.51,3.5,3.51,3000,0
2016-04-01,05:10:00,3.51,3.51,3.51,3.51,8000,0
2016-04-01,05:15:00,3.51,3.52,3.43,3.44,219000,0
2016-04-01,05:20:00,3.44,3.46,3.43,3.46,15000,0
2016-04-01,05:25:00,3.46,3.47,3.45,3.47,61000,0
2016-04-01,05:30:00,3.47,3.47,3.46,3.46,25000,0
2016-04-01,05:35:00,3.46,3.46,3.45,3.46,19000,0
2016-04-01,05:40:00,3.46,3.47,3.46,3.46,3000,0
2016-04-01,05:45:00,3.46,3.46,3.46,3.46,10000,0
2016-04-01,05:50:00,3.46,3.46,3.45,3.45,9000,0
2016-04-01,05:55:00,3.45,3.45,3.45,3.45,7000,0
2016-04-01,06:00:00,3.45,3.45,3.45,3.45,5000,0
2016-04-01,07:05:00,3.45,3.45,3.45,3.45,4000,0
2016-04-01,07:10:00,3.45,3.45,3.44,3.45,9000,0
2016-04-01,07:15:00,3.45,3.45,3.44,3.44,35000,0
2016-04-01,07:20:00,3.44,3.48,3.43,3.48,59000,0
2016-04-01,07:25:00,3.48,3.49,3.46,3.46,19000,0
2016-04-01,07:30:00,3.46,3.46,3.45,3.45,10000,0
2016-04-01,07:35:00,3.45,3.45,3.44,3.45,26000,0
2016-04-01,07:40:00,3.45,3.46,3.45,3.46,35000,0
2016-04-01,07:45:00,3.46,3.47,3.46,3.47,6000,0
2016-04-01,07:50:00,3.47,3.47,3.45,3.45,5000,0
2016-04-01,07:55:00,3.45,3.46,3.45,3.46,28000,0
2016-04-01,08:00:00,3.46,3.47,3.45,3.47,17000,0
2016-04-01,08:10:00,3.47,3.48,3.47,3.47,18000,0
2016-04-01,08:25:00,3.47,3.47,3.47,3.47,1000,0
2016-04-01,08:30:00,3.47,3.48,3.47,3.47,6000,0
2016-04-01,08:35:00,3.47,3.48,3.47,3.48,17000,0
2016-04-01,08:40:00,3.48,3.49,3.48,3.49,2000,0
2016-04-01,08:45:00,3.49,3.49,3.48,3.49,14000,0
2016-04-01,08:50:00,3.49,3.49,3.49,3.49,1000,0
2016-04-01,08:55:00,3.49,3.49,3.48,3.49,73000,0
2016-04-01,09:00:00,3.49,3.49,3.48,3.49,13000,0
2016-04-01,09:05:00,3.49,3.49,3.48,3.48,27000,0
2016-04-01,09:10:00,3.48,3.48,3.48,3.48,9000,0
2016-04-01,09:15:00,3.48,3.48,3.48,3.48,4000,0
2016-04-01,09:20:00,3.48,3.49,3.48,3.48,17000,0
2016-04-01,09:25:00,3.48,3.49,3.48,3.48,26000,0
2016-04-01,09:30:00,3.48,3.49,3.48,3.49,30000,0
2016-04-01,09:35:00,3.49,3.49,3.48,3.49,11000,0
2016-04-01,09:40:00,3.49,3.49,3.48,3.48,48000,0
2016-04-01,09:45:00,3.48,3.49,3.48,3.49,5000,0
2016-04-01,09:50:00,3.49,3.49,3.48,3.48,11000,0
2016-04-01,09:55:00,3.48,3.49,3.48,3.48,20000,0
2016-04-01,10:00:00,3.48,3.5,3.47,3.48,88000,0
2016-04-05,03:35:00,3.48,3.5,3.4,3.43,12000,0
2016-04-05,03:40:00,3.43,3.5,3.43,3.5,36000,0
2016-04-05,03:45:00,3.5,3.5,3.46,3.47,6000,0
2016-04-05,03:50:00,3.47,3.47,3.46,3.47,4000,0
2016-04-05,03:55:00,3.47,3.5,3.46,3.5,28000,0
2016-04-05,04:00:00,3.5,3.5,3.5,3.5,1000,0
2016-04-05,04:05:00,3.5,3.5,3.46,3.48,24000,0
2016-04-05,04:10:00,3.48,3.5,3.48,3.48,5000,0
2016-04-05,04:15:00,3.48,3.48,3.47,3.47,3000,0
2016-04-05,04:20:00,3.47,3.49,3.47,3.47,4000,0
2016-04-05,04:25:00,3.47,3.47,3.47,3.47,1000,0
2016-04-05,04:30:00,3.47,3.48,3.46,3.46,5000,0
2016-04-05,04:35:00,3.47,3.48,3.47,3.47,5000,0
2016-04-05,04:40:00,3.47,3.48,3.47,3.48,2000,0
2016-04-05,04:45:00,3.48,3.48,3.46,3.48,9000,0
2016-04-05,04:50:00,3.48,3.48,3.48,3.48,1000,0
2016-04-05,05:00:00,3.48,3.48,3.47,3.47,5000,0
2016-04-05,05:05:00,3.47,3.48,3.47,3.47,4000,0
2016-04-05,05:15:00,3.47,3.48,3.46,3.46,7000,0
2016-04-05,05:20:00,3.47,3.47,3.47,3.47,1000,0
2016-04-05,05:25:00,3.47,3.49,3.47,3.48,33000,0
2016-04-05,05:30:00,3.48,3.5,3.48,3.5,4000,0
2016-04-05,05:40:00,3.5,3.5,3.5,3.5,2000,0
2016-04-05,05:45:00,3.5,3.5,3.48,3.48,4000,0
2016-04-05,05:50:00,3.48,3.49,3.48,3.49,3000,0
2016-04-05,07:05:00,3.49,3.49,3.47,3.47,3000,0
2016-04-05,07:10:00,3.47,3.49,3.47,3.49,5000,0
2016-04-05,07:15:00,3.49,3.49,3.48,3.48,3000,0
2016-04-05,07:20:00,3.48,3.48,3.47,3.47,3000,0
2016-04-05,07:30:00,3.47,3.49,3.46,3.46,9000,0
2016-04-05,07:35:00,3.47,3.47,3.47,3.47,2000,0
2016-04-05,07:40:00,3.47,3.47,3.46,3.46,3000,0
2016-04-05,07:45:00,3.47,3.49,3.47,3.49,4000,0
2016-04-05,07:50:00,3.49,3.49,3.46,3.46,18000,0
2016-04-05,07:55:00,3.46,3.46,3.46,3.46,1000,0
2016-04-05,08:00:00,3.46,3.47,3.46,3.47,2000,0
2016-04-05,08:05:00,3.47,3.47,3.47,3.47,6000,0
2016-04-05,08:10:00,3.47,3.47,3.45,3.45,5000,0
2016-04-05,08:15:00,3.45,3.47,3.45,3.47,2000,0
2016-04-05,08:20:00,3.47,3.47,3.45,3.46,6000,0
2016-04-05,08:25:00,3.46,3.46,3.45,3.45,20000,0
2016-04-05,08:30:00,3.45,3.47,3.45,3.46,7000,0
2016-04-05,08:35:00,3.46,3.47,3.46,3.46,11000,0
2016-04-05,08:55:00,3.46,3.47,3.45,3.46,21000,0
2016-04-05,09:00:00,3.46,3.46,3.46,3.46,4000,0
2016-04-05,09:05:00,3.46,3.46,3.45,3.46,13000,0
2016-04-05,09:10:00,3.46,3.46,3.42,3.42,8000,0
2016-04-05,09:15:00,3.42,3.42,3.42,3.42,1000,0
2016-04-05,09:25:00,3.42,3.45,3.42,3.45,6000,0
2016-04-05,09:30:00,3.45,3.45,3.45,3.45,1000,0
2016-04-05,09:35:00,3.45,3.45,3.43,3.44,8000,0
2016-04-05,09:40:00,3.44,3.45,3.44,3.44,9000,0
2016-04-05,09:45:00,3.44,3.45,3.44,3.45,3000,0
2016-04-05,09:50:00,3.45,3.45,3.43,3.43,11000,0
2016-04-05,09:55:00,3.43,3.45,3.4,3.44,7000,0
2016-04-05,10:00:00,3.44,3.46,3.4,3.46,41000,0
2016-04-06,03:45:00,3.38,3.48,3.38,3.48,10000,0
2016-04-06,03:55:00,3.48,3.48,3.44,3.44,2000,0
2016-04-06,04:05:00,3.45,3.45,3.45,3.45,1000,0
2016-04-06,04:10:00,3.45,3.48,3.44,3.44,8000,0
2016-04-06,04:25:00,3.44,3.48,3.44,3.48,2000,0
2016-04-06,04:30:00,3.48,3.48,3.48,3.48,1000,0
2016-04-06,04:40:00,3.48,3.48,3.45,3.45,4000,0
2016-04-06,04:50:00,3.45,3.47,3.45,3.45,3000,0
2016-04-06,05:00:00,3.45,3.45,3.44,3.45,16000,0
2016-04-06,05:05:00,3.45,3.45,3.43,3.45,9000,0
2016-04-06,05:10:00,3.45,3.45,3.45,3.45,1000,0
2016-04-06,05:30:00,3.45,3.45,3.44,3.45,8000,0
2016-04-06,05:35:00,3.45,3.48,3.45,3.47,4000,0
2016-04-06,05:40:00,3.48,3.48,3.46,3.47,58000,0
2016-04-06,05:45:00,3.47,3.48,3.47,3.48,2000,0
2016-04-06,05:50:00,3.48,3.48,3.48,3.48,2000,0
2016-04-06,06:00:00,3.48,3.48,3.48,3.48,1000,0
2016-04-06,07:05:00,3.48,3.49,3.48,3.49,7000,0
2016-04-06,07:10:00,3.49,3.49,3.47,3.47,2000,0
2016-04-06,07:20:00,3.47,3.49,3.47,3.49,5000,0
2016-04-06,07:30:00,3.49,3.49,3.48,3.48,3000,0
2016-04-06,07:35:00,3.48,3.49,3.48,3.49,2000,0
2016-04-06,07:40:00,3.49,3.49,3.49,3.49,2000,0
2016-04-06,07:45:00,3.49,3.49,3.49,3.49,2000,0
2016-04-06,07:50:00,3.49,3.49,3.47,3.49,7000,0
2016-04-06,08:00:00,3.49,3.49,3.49,3.49,2000,0
2016-04-06,08:10:00,3.49,3.49,3.47,3.49,8000,0
2016-04-06,08:25:00,3.49,3.49,3.47,3.47,7000,0
2016-04-06,08:35:00,3.47,3.48,3.47,3.48,16000,0
2016-04-06,08:40:00,3.48,3.48,3.47,3.47,11000,0
2016-04-06,08:55:00,3.47,3.47,3.47,3.47,1000,0
2016-04-06,09:10:00,3.47,3.47,3.46,3.47,16000,0
2016-04-06,09:15:00,3.47,3.47,3.47,3.47,1000,0
2016-04-06,09:20:00,3.47,3.47,3.46,3.46,2000,0
2016-04-06,09:25:00,3.46,3.48,3.46,3.48,4000,0
2016-04-06,09:30:00,3.48,3.49,3.48,3.49,3000,0
2016-04-06,09:35:00,3.49,3.49,3.49,3.49,2000,0
2016-04-06,09:40:00,3.49,3.49,3.46,3.48,35000,0
2016-04-06,09:45:00,3.48,3.49,3.48,3.48,6000,0
2016-04-06,10:00:00,3.48,3.49,3.46,3.46,84000,0
2016-04-07,03:35:00,3.5,3.55,3.46,3.54,47000,0
2016-04-07,03:40:00,3.54,3.57,3.54,3.57,31000,0
2016-04-07,03:45:00,3.56,3.58,3.56,3.58,586000,0
2016-04-07,03:50:00,3.56,3.56,3.52,3.53,29000,0
2016-04-07,04:00:00,3.52,3.52,3.5,3.5,6000,0
2016-04-07,04:05:00,3.5,3.52,3.5,3.52,28000,0
2016-04-07,04:10:00,3.52,3.52,3.49,3.5,3000,0
2016-04-07,04:15:00,3.5,3.51,3.5,3.51,29000,0
2016-04-07,04:20:00,3.51,3.51,3.5,3.5,55000,0
2016-04-07,04:25:00,3.5,3.5,3.5,3.5,5000,0
2016-04-07,04:40:00,3.49,3.49,3.48,3.48,2000,0
2016-04-07,04:45:00,3.48,3.51,3.48,3.51,433000,0
2016-04-07,04:50:00,3.51,3.51,3.5,3.5,42000,0
2016-04-07,05:15:00,3.5,3.5,3.48,3.48,2000,0
2016-04-07,05:20:00,3.48,3.48,3.48,3.48,1000,0
2016-04-07,05:25:00,3.48,3.49,3.48,3.49,2000,0
2016-04-07,05:30:00,3.49,3.5,3.49,3.5,2000,0
2016-04-07,05:45:00,3.5,3.5,3.49,3.49,15000,0
2016-04-07,06:00:00,3.49,3.5,3.49,3.5,52000,0
2016-04-07,07:05:00,3.5,3.51,3.5,3.51,15000,0
2016-04-07,07:10:00,3.51,3.51,3.5,3.5,2000,0
2016-04-07,07:45:00,3.5,3.5,3.5,3.5,4000,0
2016-04-07,07:55:00,3.5,3.51,3.5,3.51,6000,0
2016-04-07,08:00:00,3.51,3.52,3.51,3.52,41000,0
2016-04-07,08:05:00,3.52,3.52,3.52,3.52,4000,0
2016-04-07,08:10:00,3.52,3.52,3.52,3.52,22000,0
2016-04-07,08:15:00,3.52,3.52,3.52,3.52,1000,0
2016-04-07,08:20:00,3.52,3.52,3.49,3.49,55000,0
2016-04-07,08:40:00,3.49,3.49,3.49,3.49,4000,0
2016-04-07,08:55:00,3.49,3.49,3.48,3.48,19000,0
2016-04-07,09:00:00,3.48,3.49,3.48,3.49,18000,0
2016-04-07,09:05:00,3.49,3.5,3.49,3.5,21000,0
2016-04-07,09:10:00,3.5,3.5,3.48,3.48,7000,0
2016-04-07,09:30:00,3.48,3.49,3.48,3.48,8000,0
2016-04-07,09:45:00,3.48,3.48,3.48,3.48,1000,0
2016-04-07,09:50:00,3.48,3.5,3.48,3.5,5000,0
2016-04-07,09:55:00,3.5,3.5,3.5,3.5,5000,0
2016-04-07,10:00:00,3.5,3.51,3.48,3.5,40000,0
2016-04-08,03:35:00,3.48,3.52,3.48,3.52,12000,0
2016-04-08,03:40:00,3.52,3.52,3.49,3.49,72000,0
2016-04-08,03:45:00,3.49,3.52,3.49,3.52,43000,0
2016-04-08,03:50:00,3.52,3.52,3.52,3.52,1000,0
2016-04-08,03:55:00,3.52,3.52,3.5,3.5,84000,0
2016-04-08,04:05:00,3.5,3.51,3.5,3.51,27000,0
2016-04-08,04:10:00,3.51,3.51,3.5,3.51,42000,0
2016-04-08,04:15:00,3.51,3.51,3.5,3.5,2000,0
2016-04-08,04:20:00,3.5,3.51,3.5,3.51,44000,0
2016-04-08,04:25:00,3.51,3.51,3.5,3.51,34000,0
2016-04-08,04:30:00,3.51,3.51,3.5,3.51,11000,0
2016-04-08,04:35:00,3.51,3.51,3.5,3.5,88000,0
2016-04-08,04:40:00,3.5,3.5,3.5,3.5,19000,0
2016-04-08,04:45:00,3.5,3.5,3.5,3.5,1000,0
2016-04-08,04:50:00,3.5,3.51,3.5,3.51,55000,0
2016-04-08,04:55:00,3.51,3.51,3.5,3.51,24000,0
2016-04-08,05:00:00,3.51,3.51,3.5,3.51,9000,0
2016-04-08,05:05:00,3.51,3.51,3.51,3.51,1000,0
2016-04-08,05:10:00,3.51,3.51,3.5,3.5,3000,0
2016-04-08,05:15:00,3.5,3.51,3.5,3.51,5000,0
2016-04-08,05:20:00,3.51,3.51,3.5,3.51,20000,0
2016-04-08,05:25:00,3.51,3.51,3.5,3.5,2000,0
2016-04-08,05:30:00,3.5,3.51,3.5,3.51,12000,0
2016-04-08,05:35:00,3.51,3.51,3.5,3.51,5000,0
2016-04-08,05:50:00,3.51,3.51,3.5,3.51,4000,0
2016-04-08,05:55:00,3.51,3.51,3.5,3.5,84000,0
2016-04-08,06:00:00,3.5,3.5,3.5,3.5,39000,0
2016-04-08,07:05:00,3.5,3.51,3.5,3.51,25000,0
2016-04-08,07:10:00,3.51,3.51,3.5,3.5,4000,0
2016-04-08,07:15:00,3.5,3.51,3.5,3.51,4000,0
2016-04-08,07:20:00,3.51,3.51,3.5,3.51,11000,0
2016-04-08,07:25:00,3.51,3.51,3.5,3.51,10000,0
2016-04-08,07:30:00,3.51,3.51,3.5,3.5,126000,0
2016-04-08,07:35:00,3.5,3.5,3.5,3.5,4000,0
2016-04-08,07:45:00,3.5,3.51,3.5,3.51,2000,0
2016-04-08,07:50:00,3.51,3.51,3.5,3.5,2000,0
2016-04-08,07:55:00,3.5,3.5,3.5,3.5,10000,0
2016-04-08,08:00:00,3.5,3.5,3.5,3.5,66000,0
2016-04-08,08:05:00,3.5,3.5,3.5,3.5,4000,0
2016-04-08,08:10:00,3.5,3.5,3.5,3.5,3000,0
2016-04-08,08:15:00,3.5,3.51,3.5,3.51,6000,0
2016-04-08,08:20:00,3.51,3.51,3.5,3.5,2000,0
2016-04-08,08:25:00,3.5,3.5,3.5,3.5,3000,0
2016-04-08,08:30:00,3.5,3.51,3.5,3.51,29000,0
2016-04-08,08:35:00,3.51,3.51,3.51,3.51,2000,0
2016-04-08,08:45:00,3.51,3.51,3.5,3.51,21000,0
2016-04-08,08:50:00,3.51,3.51,3.5,3.51,7000,0
2016-04-08,08:55:00,3.51,3.51,3.5,3.51,8000,0
2016-04-08,09:05:00,3.51,3.51,3.51,3.51,8000,0
2016-04-08,09:10:00,3.51,3.51,3.5,3.51,9000,0
2016-04-08,09:15:00,3.51,3.51,3.51,3.51,12000,0
2016-04-08,09:25:00,3.51,3.51,3.5,3.5,2000,0
2016-04-08,09:30:00,3.5,3.51,3.5,3.51,22000,0
2016-04-08,09:35:00,3.51,3.51,3.51,3.51,3000,0
2016-04-08,09:45:00,3.51,3.51,3.5,3.51,15000,0
2016-04-08,09:50:00,3.51,3.51,3.51,3.51,7000,0
2016-04-08,09:55:00,3.51,3.51,3.51,3.51,6000,0
2016-04-08,10:00:00,3.51,3.52,3.5,3.52,57000,0
2016-04-11,03:35:00,3.53,3.53,3.5,3.52,18000,0
2016-04-11,03:40:00,3.52,3.52,3.52,3.52,9000,0
2016-04-11,03:45:00,3.52,3.52,3.51,3.51,11000,0
2016-04-11,03:50:00,3.51,3.51,3.51,3.51,6000,0
2016-04-11,03:55:00,3.51,3.51,3.5,3.51,9000,0
2016-04-11,04:00:00,3.51,3.52,3.51,3.52,4000,0
2016-04-11,04:05:00,3.52,3.52,3.51,3.51,4000,0
2016-04-11,04:20:00,3.51,3.51,3.51,3.51,5000,0
2016-04-11,04:35:00,3.51,3.52,3.51,3.52,2000,0
2016-04-11,04:40:00,3.52,3.52,3.51,3.51,6000,0
2016-04-11,04:55:00,3.51,3.53,3.51,3.53,282000,0
2016-04-11,05:00:00,3.53,3.55,3.53,3.55,281000,0
2016-04-11,05:05:00,3.57,3.57,3.57,3.57,3000,0
2016-04-11,05:20:00,3.57,3.58,3.55,3.55,33000,0
2016-04-11,05:35:00,3.55,3.55,3.54,3.55,5000,0
2016-04-11,05:40:00,3.55,3.55,3.55,3.55,1000,0
2016-04-11,05:45:00,3.55,3.55,3.55,3.55,6000,0
2016-04-11,05:50:00,3.55,3.57,3.55,3.57,3000,0
2016-04-11,05:55:00,3.57,3.57,3.57,3.57,2000,0
2016-04-11,06:00:00,3.57,3.57,3.57,3.57,7000,0
2016-04-11,07:05:00,3.57,3.58,3.57,3.57,7000,0
2016-04-11,07:10:00,3.57,3.57,3.57,3.57,2000,0
2016-04-11,07:15:00,3.57,3.57,3.57,3.57,5000,0
2016-04-11,07:20:00,3.57,3.57,3.57,3.57,3000,0
2016-04-11,07:25:00,3.57,3.57,3.57,3.57,3000,0
2016-04-11,07:30:00,3.57,3.59,3.57,3.59,10000,0
2016-04-11,07:35:00,3.59,3.59,3.59,3.59,3000,0
2016-04-11,07:40:00,3.59,3.59,3.59,3.59,10000,0
2016-04-11,07:45:00,3.59,3.59,3.59,3.59,4000,0
2016-04-11,07:50:00,3.59,3.59,3.58,3.58,10000,0
2016-04-11,07:55:00,3.58,3.59,3.58,3.59,6000,0
2016-04-11,08:05:00,3.59,3.59,3.58,3.59,5000,0
2016-04-11,08:10:00,3.59,3.59,3.59,3.59,5000,0
2016-04-11,08:15:00,3.59,3.6,3.59,3.6,5000,0
2016-04-11,08:20:00,3.6,3.6,3.59,3.59,37000,0
2016-04-11,08:30:00,3.59,3.59,3.58,3.58,8000,0
2016-04-11,08:40:00,3.58,3.58,3.58,3.58,3000,0
2016-04-11,08:45:00,3.58,3.58,3.55,3.55,29000,0
2016-04-11,08:50:00,3.55,3.56,3.55,3.56,2000,0
2016-04-11,09:00:00,3.56,3.57,3.56,3.57,6000,0
2016-04-11,09:05:00,3.57,3.57,3.57,3.57,3000,0
2016-04-11,09:10:00,3.57,3.57,3.57,3.57,3000,0
2016-04-11,09:15:00,3.57,3.57,3.56,3.56,19000,0
2016-04-11,09:25:00,3.56,3.56,3.56,3.56,1000,0
2016-04-11,09:30:00,3.56,3.56,3.55,3.55,5000,0
2016-04-11,09:35:00,3.55,3.56,3.55,3.56,13000,0
2016-04-11,09:40:00,3.56,3.56,3.56,3.56,2000,0
2016-04-11,09:45:00,3.56,3.56,3.56,3.56,17000,0
2016-04-11,09:50:00,3.56,3.56,3.56,3.56,11000,0
2016-04-11,09:55:00,3.57,3.59,3.57,3.59,9000,0
2016-04-11,10:00:00,3.59,3.6,3.56,3.6,36000,0
2016-04-12,03:40:00,3.54,3.55,3.54,3.55,7000,0
2016-04-12,04:00:00,3.57,3.58,3.55,3.55,9000,0
2016-04-12,04:05:00,3.55,3.59,3.55,3.59,7000,0
2016-04-12,04:25:00,3.59,3.59,3.57,3.57,10000,0
2016-04-12,04:30:00,3.56,3.56,3.55,3.56,11000,0
2016-04-12,04:35:00,3.56,3.56,3.55,3.55,6000,0
2016-04-12,04:40:00,3.55,3.61,3.55,3.61,192000,0
2016-04-12,05:10:00,3.61,3.61,3.58,3.58,19000,0
2016-04-12,05:15:00,3.58,3.6,3.58,3.6,9000,0
2016-04-12,05:20:00,3.6,3.62,3.6,3.62,76000,0
2016-04-12,05:35:00,3.6,3.6,3.6,3.6,1000,0
2016-04-12,05:45:00,3.6,3.6,3.6,3.6,5000,0
2016-04-12,05:50:00,3.6,3.6,3.6,3.6,1000,0
2016-04-12,05:55:00,3.6,3.6,3.6,3.6,13000,0
2016-04-12,06:00:00,3.6,3.6,3.6,3.6,1000,0
2016-04-12,07:05:00,3.6,3.6,3.6,3.6,1000,0
2016-04-12,07:10:00,3.6,3.6,3.6,3.6,1000,0
2016-04-12,07:15:00,3.6,3.6,3.59,3.59,5000,0
2016-04-12,07:20:00,3.59,3.6,3.59,3.59,6000,0
2016-04-12,07:25:00,3.59,3.6,3.59,3.6,3000,0
2016-04-12,07:30:00,3.6,3.6,3.59,3.6,13000,0
2016-04-12,07:35:00,3.6,3.6,3.59,3.59,8000,0
2016-04-12,07:40:00,3.59,3.59,3.59,3.59,1000,0
2016-04-12,07:50:00,3.59,3.59,3.59,3.59,1000,0
2016-04-12,07:55:00,3.59,3.6,3.59,3.6,2000,0
2016-04-12,08:00:00,3.6,3.6,3.6,3.6,1000,0
2016-04-12,08:05:00,3.6,3.6,3.6,3.6,5000,0
2016-04-12,08:10:00,3.6,3.6,3.59,3.59,7000,0
2016-04-12,08:15:00,3.59,3.6,3.59,3.6,7000,0
2016-04-12,08:20:00,3.6,3.6,3.59,3.59,10000,0
2016-04-12,08:30:00,3.59,3.6,3.59,3.6,24000,0
2016-04-12,08:35:00,3.6,3.6,3.6,3.6,4000,0
2016-04-12,08:40:00,3.6,3.6,3.6,3.6,1000,0
2016-04-12,08:45:00,3.6,3.6,3.59,3.6,26000,0
2016-04-12,08:50:00,3.6,3.6,3.6,3.6,9000,0
2016-04-12,08:55:00,3.6,3.6,3.6,3.6,7000,0
2016-04-12,09:00:00,3.6,3.6,3.6,3.6,2000,0
2016-04-12,09:05:00,3.6,3.6,3.6,3.6,7000,0
2016-04-12,09:10:00,3.6,3.62,3.6,3.62,5000,0
2016-04-12,09:15:00,3.62,3.62,3.62,3.62,2000,0
2016-04-12,09:20:00,3.62,3.62,3.62,3.62,2000,0
2016-04-12,09:25:00,3.62,3.62,3.62,3.62,3000,0
2016-04-12,09:30:00,3.62,3.62,3.6,3.6,15000,0
2016-04-12,09:35:00,3.6,3.62,3.6,3.61,14000,0
2016-04-12,09:40:00,3.61,3.61,3.61,3.61,4000,0
2016-04-12,09:45:00,3.61,3.62,3.61,3.62,3000,0
2016-04-12,09:50:00,3.62,3.62,3.62,3.62,6000,0
2016-04-12,09:55:00,3.62,3.62,3.61,3.61,38000,0
2016-04-12,10:00:00,3.61,3.62,3.6,3.62,52000,0
2016-04-13,03:40:00,3.63,3.63,3.63,3.63,141000,0
2016-04-13,03:50:00,3.63,3.63,3.62,3.62,13000,0
2016-04-13,03:55:00,3.62,3.63,3.62,3.63,5000,0
2016-04-13,04:00:00,3.63,3.63,3.63,3.63,63000,0
2016-04-13,04:05:00,3.63,3.63,3.63,3.63,91000,0
2016-04-13,04:10:00,3.63,3.63,3.62,3.62,36000,0
2016-04-13,04:20:00,3.62,3.63,3.62,3.63,14000,0
2016-04-13,04:25:00,3.63,3.63,3.63,3.63,44000,0
2016-04-13,04:30:00,3.63,3.63,3.63,3.63,6000,0
2016-04-13,04:35:00,3.63,3.64,3.63,3.64,97000,0
2016-04-13,04:40:00,3.64,3.68,3.64,3.68,28000,0
2016-04-13,04:45:00,3.68,3.69,3.66,3.67,179000,0
2016-04-13,04:50:00,3.67,3.68,3.67,3.67,26000,0
2016-04-13,05:00:00,3.67,3.69,3.67,3.68,102000,0
2016-04-13,05:10:00,3.69,3.7,3.69,3.7,59000,0
2016-04-13,05:15:00,3.7,3.71,3.69,3.7,92000,0
2016-04-13,05:20:00,3.7,3.71,3.7,3.71,7000,0
2016-04-13,05:25:00,3.71,3.72,3.71,3.72,8000,0
2016-04-13,05:35:00,3.72,3.72,3.7,3.7,51000,0
2016-04-13,05:40:00,3.7,3.7,3.69,3.7,24000,0
2016-04-13,05:45:00,3.7,3.71,3.7,3.71,8000,0
2016-04-13,05:50:00,3.71,3.71,3.69,3.71,111000,0
2016-04-13,05:55:00,3.71,3.72,3.69,3.71,102000,0
2016-04-13,06:00:00,3.71,3.72,3.71,3.72,7000,0
2016-04-13,07:05:00,3.72,3.72,3.69,3.72,67000,0
2016-04-13,07:10:00,3.72,3.72,3.7,3.71,39000,0
2016-04-13,07:15:00,3.71,3.72,3.71,3.72,16000,0
2016-04-13,07:20:00,3.72,3.72,3.72,3.72,10000,0
2016-04-13,07:25:00,3.72,3.73,3.72,3.73,28000,0
2016-04-13,07:30:00,3.73,3.73,3.73,3.73,4000,0
2016-04-13,07:35:00,3.73,3.73,3.72,3.72,73000,0
2016-04-13,07:40:00,3.72,3.74,3.72,3.74,9000,0
2016-04-13,07:45:00,3.74,3.76,3.74,3.76,86000,0
2016-04-13,07:50:00,3.76,3.9,3.76,3.78,461000,0
2016-04-13,07:55:00,3.78,3.78,3.76,3.76,33000,0
2016-04-13,08:00:00,3.76,3.77,3.76,3.77,4000,0
2016-04-13,08:10:00,3.77,3.78,3.77,3.77,14000,0
2016-04-13,08:15:00,3.77,3.77,3.76,3.76,5000,0
2016-04-13,08:20:00,3.76,3.76,3.76,3.76,27000,0
2016-04-13,08:25:00,3.76,3.76,3.76,3.76,49000,0
2016-04-13,08:30:00,3.76,3.76,3.74,3.74,76000,0
2016-04-13,08:35:00,3.74,3.74,3.72,3.72,116000,0
2016-04-13,08:40:00,3.72,3.72,3.71,3.72,35000,0
2016-04-13,08:45:00,3.72,3.72,3.72,3.72,1000,0
2016-04-13,08:50:00,3.72,3.75,3.72,3.75,11000,0
2016-04-13,08:55:00,3.75,3.75,3.75,3.75,1000,0
2016-04-13,09:00:00,3.75,3.75,3.74,3.74,7000,0
2016-04-13,09:05:00,3.74,3.74,3.69,3.72,151000,0
2016-04-13,09:10:00,3.72,3.72,3.72,3.72,13000,0
2016-04-13,09:15:00,3.72,3.72,3.71,3.71,24000,0
2016-04-13,09:20:00,3.71,3.71,3.71,3.71,11000,0
2016-04-13,09:25:00,3.71,3.71,3.71,3.71,8000,0
2016-04-13,09:30:00,3.71,3.72,3.7,3.71,73000,0
2016-04-13,09:35:00,3.72,3.73,3.72,3.73,40000,0
2016-04-13,09:40:00,3.73,3.73,3.72,3.72,25000,0
2016-04-13,09:45:00,3.72,3.74,3.72,3.74,37000,0
2016-04-13,09:50:00,3.74,3.74,3.72,3.73,34000,0
2016-04-13,09:55:00,3.73,3.74,3.73,3.74,19000,0
2016-04-13,10:00:00,3.74,3.74,3.73,3.74,189000,0
