Date,Time,Open,High,Low,Close,Volume,OpenInt
2016-02-05,08:30:00,0.395,0.395,0.395,0.395,50000,0
2016-02-05,09:00:00,0.395,0.395,0.395,0.395,50000,0
2016-02-15,02:45:00,0.39,0.4,0.39,0.4,100000,0
2016-02-15,02:50:00,0.4,0.41,0.4,0.41,20000,0
2016-02-15,02:55:00,0.41,0.41,0.41,0.41,10000,0
2016-02-15,03:20:00,0.43,0.43,0.43,0.43,40000,0
2016-02-15,03:50:00,0.43,0.43,0.43,0.43,10000,0
2016-02-15,08:15:00,0.42,0.43,0.42,0.43,110000,0
2016-02-16,04:10:00,0.43,0.43,0.43,0.43,200000,0
2016-02-16,04:15:00,0.43,0.45,0.43,0.45,120000,0
2016-02-16,04:20:00,0.45,0.59,0.43,0.43,60000,0
2016-02-16,04:25:00,0.43,0.445,0.43,0.435,350000,0
2016-02-16,04:30:00,0.435,0.48,0.435,0.48,160000,0
2016-02-16,04:35:00,0.49,0.5,0.49,0.5,60000,0
2016-02-16,04:40:00,0.5,0.5,0.5,0.5,10000,0
2016-02-16,04:45:00,0.5,0.5,0.49,0.5,120000,0
2016-02-16,04:55:00,0.5,0.5,0.5,0.5,80000,0
2016-02-16,06:15:00,0.495,0.495,0.495,0.495,60000,0
2016-02-16,06:30:00,0.495,0.5,0.495,0.5,70000,0
2016-02-16,06:40:00,0.495,0.495,0.47,0.47,40000,0
2016-02-16,06:55:00,0.47,0.495,0.47,0.495,40000,0
2016-02-16,08:05:00,0.485,0.485,0.485,0.485,10000,0
2016-02-16,09:00:00,0.485,0.485,0.47,0.47,30000,0
2016-02-17,02:50:00,0.48,0.48,0.48,0.48,50000,0
2016-02-17,02:55:00,0.48,0.48,0.48,0.48,50000,0
2016-02-17,03:15:00,0.53,0.53,0.53,0.53,10000,0
2016-02-17,03:20:00,0.53,0.55,0.53,0.55,90000,0
2016-02-17,03:30:00,0.55,0.59,0.55,0.59,210000,0
2016-02-17,03:35:00,0.59,0.59,0.55,0.55,50000,0
2016-02-17,03:40:00,0.55,0.57,0.55,0.56,90000,0
2016-02-17,03:45:00,0.56,0.57,0.56,0.56,200000,0
2016-02-17,03:55:00,0.56,0.56,0.52,0.52,140000,0
2016-02-17,04:15:00,0.52,0.52,0.5,0.5,120000,0
2016-02-17,04:20:00,0.5,0.5,0.48,0.48,50000,0
2016-02-17,04:25:00,0.48,0.56,0.48,0.55,180000,0
2016-02-17,04:35:00,0.54,0.54,0.54,0.54,30000,0
2016-02-17,04:40:00,0.53,0.53,0.53,0.53,10000,0
2016-02-17,06:25:00,0.53,0.53,0.53,0.53,40000,0
2016-02-17,07:00:00,0.52,0.52,0.52,0.52,10000,0
2016-02-17,07:25:00,0.52,0.52,0.5,0.5,60000,0
2016-02-17,07:30:00,0.5,0.52,0.5,0.52,20000,0
2016-02-17,07:45:00,0.52,0.52,0.5,0.5,140000,0
2016-02-17,08:05:00,0.5,0.5,0.485,0.485,120000,0
2016-02-18,02:45:00,0.49,0.49,0.49,0.49,50000,0
2016-02-18,02:50:00,0.49,0.49,0.49,0.49,30000,0
2016-02-18,02:55:00,0.48,0.49,0.48,0.49,40000,0
2016-02-18,07:05:00,0.49,0.49,0.49,0.49,50000,0
2016-02-18,07:30:00,0.49,0.49,0.49,0.49,10000,0
2016-02-18,08:55:00,0.49,0.49,0.485,0.485,100000,0
2016-02-19,03:50:00,0.485,0.485,0.485,0.485,10000,0
2016-02-22,09:00:00,0.43,0.46,0.43,0.46,100000,0
2016-02-23,03:50:00,0.47,0.47,0.47,0.47,50000,0
2016-02-23,04:00:00,0.47,0.47,0.47,0.47,50000,0
2016-02-23,04:20:00,0.47,0.47,0.47,0.47,20000,0
2016-02-23,04:25:00,0.47,0.47,0.47,0.47,30000,0
2016-02-23,05:00:00,0.475,0.475,0.475,0.475,50000,0
2016-02-23,06:35:00,0.475,0.48,0.475,0.48,80000,0
2016-02-23,07:25:00,0.48,0.49,0.48,0.49,100000,0
2016-02-24,02:45:00,0.49,0.49,0.49,0.49,10000,0
2016-02-24,03:40:00,0.49,0.49,0.49,0.49,10000,0
2016-02-24,04:15:00,0.49,0.49,0.475,0.475,20000,0
2016-02-24,04:30:00,0.475,0.475,0.45,0.45,60000,0
2016-02-24,06:15:00,0.46,0.46,0.46,0.46,10000,0
2016-02-24,06:40:00,0.46,0.46,0.45,0.45,140000,0
2016-02-24,06:45:00,0.45,0.45,0.45,0.45,40000,0
2016-02-24,06:50:00,0.45,0.45,0.45,0.45,10000,0
2016-02-24,07:05:00,0.45,0.45,0.445,0.445,20000,0
2016-02-24,07:10:00,0.445,0.445,0.445,0.445,10000,0
2016-02-24,07:35:00,0.435,0.455,0.435,0.455,20000,0
2016-02-24,08:10:00,0.46,0.46,0.455,0.455,90000,0
2016-02-24,08:40:00,0.455,0.455,0.455,0.455,10000,0
2016-02-24,08:45:00,0.455,0.46,0.455,0.46,20000,0
2016-02-24,09:00:00,0.46,0.46,0.46,0.46,20000,0
2016-02-25,08:45:00,0.42,0.44,0.42,0.44,60000,0
2016-02-25,08:50:00,0.44,0.44,0.43,0.43,20000,0
2016-02-26,08:50:00,0.43,0.43,0.415,0.415,110000,0
2016-02-26,08:55:00,0.415,0.42,0.415,0.42,20000,0
2016-02-26,09:00:00,0.42,0.42,0.41,0.415,250000,0
2016-03-01,04:35:00,0.415,0.415,0.415,0.415,50000,0
2016-03-01,06:35:00,0.425,0.425,0.425,0.425,70000,0
2016-03-01,06:40:00,0.425,0.425,0.425,0.425,10000,0
2016-03-01,06:50:00,0.425,0.445,0.425,0.445,20000,0
2016-03-01,06:55:00,0.445,0.455,0.445,0.455,190000,0
2016-03-01,07:10:00,0.455,0.46,0.455,0.46,80000,0
2016-03-01,07:15:00,0.46,0.48,0.46,0.48,190000,0
2016-03-01,07:45:00,0.48,0.48,0.48,0.48,30000,0
2016-03-01,08:00:00,0.48,0.48,0.48,0.48,30000,0
2016-03-01,08:05:00,0.48,0.48,0.46,0.46,40000,0
2016-03-01,08:15:00,0.46,0.46,0.46,0.46,10000,0
2016-03-01,08:20:00,0.46,0.46,0.46,0.46,40000,0
2016-03-01,08:35:00,0.46,0.46,0.45,0.45,20000,0
2016-03-01,08:50:00,0.45,0.45,0.45,0.45,50000,0
2016-03-02,02:40:00,0.45,0.54,0.45,0.52,160000,0
2016-03-02,02:55:00,0.495,0.495,0.495,0.495,30000,0
2016-03-02,03:00:00,0.49,0.49,0.49,0.49,20000,0
2016-03-02,03:05:00,0.485,0.49,0.485,0.49,70000,0
2016-03-02,03:10:00,0.49,0.51,0.49,0.51,80000,0
2016-03-02,03:15:00,0.51,0.51,0.51,0.51,40000,0
2016-03-02,03:20:00,0.51,0.51,0.51,0.51,20000,0
2016-03-02,04:00:00,0.5,0.5,0.5,0.5,10000,0
2016-03-02,04:10:00,0.5,0.5,0.5,0.5,50000,0
2016-03-02,04:20:00,0.5,0.5,0.495,0.495,60000,0
2016-03-02,04:25:00,0.495,0.495,0.49,0.49,40000,0
2016-03-02,04:35:00,0.49,0.49,0.49,0.49,10000,0
2016-03-02,06:05:00,0.49,0.495,0.49,0.495,20000,0
2016-03-02,07:20:00,0.495,0.5,0.495,0.5,60000,0
2016-03-02,07:35:00,0.5,0.5,0.5,0.5,2000,0
2016-03-02,08:05:00,0.5,0.5,0.495,0.495,100000,0
2016-03-02,08:10:00,0.495,0.495,0.495,0.495,150000,0
2016-03-02,08:25:00,0.49,0.49,0.49,0.49,90000,0
2016-03-02,09:00:00,0.49,0.49,0.475,0.475,160000,0
2016-03-03,06:25:00,0.445,0.445,0.445,0.445,50000,0
2016-03-03,06:30:00,0.445,0.445,0.445,0.445,50000,0
2016-03-03,06:35:00,0.445,0.45,0.445,0.45,70000,0
2016-03-03,06:50:00,0.45,0.45,0.45,0.45,10000,0
2016-03-03,06:55:00,0.45,0.46,0.45,0.46,90000,0
2016-03-03,07:10:00,0.46,0.46,0.46,0.46,50000,0
2016-03-03,07:15:00,0.46,0.465,0.455,0.465,180000,0
2016-03-03,07:45:00,0.465,0.465,0.455,0.455,100000,0
2016-03-03,07:55:00,0.455,0.46,0.455,0.46,70000,0
2016-03-03,08:00:00,0.46,0.46,0.46,0.46,40000,0
2016-03-03,08:10:00,0.46,0.46,0.455,0.455,60000,0
2016-03-03,08:30:00,0.455,0.455,0.45,0.45,150000,0
2016-03-03,08:35:00,0.45,0.45,0.45,0.45,50000,0
2016-03-03,08:40:00,0.45,0.455,0.45,0.455,80000,0
2016-03-04,07:45:00,0.455,0.465,0.455,0.465,60000,0
2016-03-04,08:20:00,0.465,0.465,0.465,0.465,10000,0
2016-03-04,08:45:00,0.465,0.465,0.465,0.465,20000,0
2016-03-07,03:00:00,0.455,0.455,0.455,0.455,20000,0
2016-03-07,06:30:00,0.455,0.455,0.45,0.45,20000,0
2016-03-07,07:05:00,0.45,0.45,0.44,0.44,40000,0
2016-03-07,07:10:00,0.44,0.45,0.44,0.45,40000,0
2016-03-07,09:00:00,0.44,0.44,0.44,0.44,20000,0
2016-03-09,08:30:00,0.44,0.44,0.44,0.44,20000,0
2016-03-10,02:55:00,0.45,0.46,0.45,0.46,30000,0
2016-03-10,06:15:00,0.46,0.46,0.46,0.46,60000,0
2016-03-10,07:45:00,0.46,0.46,0.46,0.46,40000,0
2016-03-11,02:45:00,0.42,0.48,0.42,0.48,20000,0
2016-03-11,08:45:00,0.46,0.46,0.435,0.435,20000,0
2016-03-11,08:55:00,0.435,0.445,0.435,0.445,40000,0
2016-03-11,09:00:00,0.445,0.445,0.44,0.44,20000,0
2016-03-17,04:20:00,0.43,0.43,0.43,0.43,60000,0
2016-03-17,07:15:00,0.43,0.43,0.425,0.425,70000,0
2016-03-17,07:30:00,0.425,0.425,0.425,0.425,50000,0
2016-03-17,07:35:00,0.425,0.425,0.425,0.425,20000,0
2016-03-17,07:45:00,0.425,0.425,0.425,0.425,60000,0
2016-03-17,08:25:00,0.425,0.425,0.425,0.425,110000,0
2016-03-17,08:35:00,0.425,0.43,0.425,0.43,20000,0
2016-03-17,08:40:00,0.43,0.43,0.43,0.43,50000,0
2016-03-17,08:55:00,0.43,0.43,0.425,0.425,100000,0
2016-03-17,09:00:00,0.425,0.425,0.425,0.425,100000,0
2016-03-18,02:55:00,0.425,0.46,0.425,0.45,80000,0
2016-03-18,04:40:00,0.43,0.43,0.43,0.43,220000,0
2016-03-18,06:20:00,0.43,0.435,0.43,0.43,230000,0
2016-03-18,06:45:00,0.43,0.43,0.43,0.43,50000,0
2016-03-18,06:50:00,0.43,0.43,0.425,0.425,70000,0
2016-03-18,07:10:00,0.425,0.425,0.425,0.425,20000,0
2016-03-18,07:30:00,0.425,0.425,0.415,0.415,80000,0
2016-03-18,07:35:00,0.415,0.42,0.415,0.42,20000,0
2016-03-18,07:55:00,0.42,0.42,0.42,0.42,10000,0
2016-03-22,03:05:00,0.41,0.435,0.41,0.435,40000,0
2016-03-22,07:50:00,0.415,0.415,0.415,0.415,10000,0
2016-03-23,06:05:00,0.41,0.41,0.4,0.4,60000,0
2016-03-23,06:30:00,0.4,0.415,0.4,0.415,20000,0
2016-03-23,07:50:00,0.39,0.405,0.39,0.405,20000,0
2016-03-23,08:45:00,0.395,0.395,0.395,0.395,20000,0
2016-03-23,08:50:00,0.395,0.395,0.395,0.395,10000,0
2016-03-24,02:40:00,0.39,0.42,0.39,0.42,40000,0
2016-03-24,04:20:00,0.395,0.395,0.395,0.395,50000,0
2016-03-24,04:25:00,0.395,0.395,0.395,0.395,30000,0
2016-03-24,06:05:00,0.395,0.395,0.395,0.395,50000,0
2016-03-24,06:15:00,0.395,0.395,0.395,0.395,60000,0
2016-03-24,06:30:00,0.395,0.395,0.395,0.395,30000,0
2016-03-24,07:05:00,0.39,0.395,0.39,0.395,100000,0
2016-03-30,06:00:00,0.38,0.38,0.38,0.38,20000,0
2016-03-30,07:05:00,0.38,0.38,0.38,0.38,60000,0
2016-03-30,07:35:00,0.38,0.38,0.38,0.38,20000,0
2016-03-30,07:45:00,0.38,0.38,0.38,0.38,20000,0
2016-03-30,08:05:00,0.38,0.385,0.38,0.38,30000,0
2016-03-30,08:40:00,0.38,0.38,0.38,0.38,50000,0
2016-03-30,08:45:00,0.38,0.385,0.38,0.385,60000,0
2016-03-30,08:50:00,0.385,0.385,0.38,0.38,20000,0
2016-03-30,08:55:00,0.38,0.38,0.38,0.38,50000,0
2016-03-31,07:40:00,0.375,0.4,0.375,0.38,60000,0
2016-03-31,07:45:00,0.38,0.38,0.38,0.38,60000,0
2016-03-31,08:10:00,0.38,0.385,0.38,0.385,130000,0
2016-03-31,08:15:00,0.385,0.385,0.385,0.385,50000,0
2016-03-31,08:20:00,0.385,0.39,0.385,0.39,110000,0
2016-03-31,08:30:00,0.39,0.39,0.39,0.39,30000,0
2016-03-31,09:30:00,0.385,0.385,0.385,0.385,50000,0
2016-03-31,09:40:00,0.385,0.385,0.385,0.385,50000,0
2016-04-01,05:45:00,0.38,0.39,0.38,0.39,210000,0
2016-04-01,05:50:00,0.39,0.39,0.39,0.39,50000,0
2016-04-01,06:00:00,0.39,0.395,0.39,0.395,20000,0
2016-04-01,07:05:00,0.395,0.395,0.395,0.395,40000,0
2016-04-01,07:40:00,0.4,0.4,0.395,0.395,30000,0
2016-04-01,08:20:00,0.395,0.4,0.395,0.4,130000,0
2016-04-01,08:30:00,0.4,0.4,0.4,0.4,50000,0
2016-04-01,08:50:00,0.4,0.4,0.395,0.395,180000,0
2016-04-01,08:55:00,0.395,0.395,0.39,0.39,210000,0
2016-04-01,09:15:00,0.39,0.39,0.39,0.39,100000,0
2016-04-01,09:40:00,0.39,0.39,0.385,0.385,20000,0
2016-04-05,09:40:00,0.375,0.38,0.375,0.38,70000,0
2016-04-06,05:10:00,0.38,0.38,0.38,0.38,10000,0
2016-04-06,05:15:00,0.38,0.38,0.38,0.38,10000,0
2016-04-06,05:25:00,0.38,0.38,0.38,0.38,10000,0
2016-04-06,08:00:00,0.38,0.38,0.38,0.38,20000,0
2016-04-06,08:05:00,0.38,0.38,0.38,0.38,50000,0
2016-04-06,08:15:00,0.38,0.38,0.38,0.38,100000,0
2016-04-06,08:20:00,0.38,0.385,0.38,0.385,90000,0
2016-04-06,08:25:00,0.385,0.385,0.38,0.38,100000,0
2016-04-06,08:35:00,0.38,0.38,0.38,0.38,150000,0
2016-04-06,08:50:00,0.38,0.385,0.38,0.385,100000,0
2016-04-06,09:05:00,0.385,0.385,0.385,0.385,60000,0
2016-04-06,09:10:00,0.385,0.385,0.38,0.38,120000,0
2016-04-06,09:25:00,0.385,0.39,0.385,0.39,150000,0
2016-04-06,09:35:00,0.39,0.39,0.39,0.39,80000,0
2016-04-07,03:45:00,0.39,0.39,0.39,0.39,10000,0
2016-04-07,04:40:00,0.39,0.395,0.39,0.395,80000,0
2016-04-07,05:35:00,0.395,0.395,0.395,0.395,20000,0
2016-04-07,05:50:00,0.395,0.395,0.395,0.395,60000,0
2016-04-07,09:30:00,0.395,0.395,0.39,0.39,100000,0
2016-04-07,09:40:00,0.39,0.39,0.39,0.39,50000,0
2016-04-07,10:00:00,0.39,0.39,0.385,0.385,220000,0
2016-04-08,09:35:00,0.375,0.38,0.375,0.38,180000,0
2016-04-08,09:50:00,0.375,0.38,0.375,0.38,200000,0
2016-04-11,09:55:00,0.375,0.39,0.375,0.39,170000,0
2016-04-12,08:40:00,0.385,0.385,0.375,0.375,220000,0
2016-04-12,09:30:00,0.375,0.375,0.375,0.375,110000,0
2016-04-12,09:35:00,0.375,0.375,0.375,0.375,40000,0
2016-04-12,09:40:00,0.375,0.375,0.375,0.375,50000,0
2016-04-12,09:45:00,0.375,0.375,0.375,0.375,10000,0
2016-04-12,09:50:00,0.375,0.375,0.375,0.375,40000,0
2016-04-12,09:55:00,0.375,0.375,0.375,0.375,50000,0
2016-04-12,10:00:00,0.375,0.375,0.375,0.375,50000,0
2016-04-13,04:05:00,0.37,0.37,0.37,0.37,50000,0
2016-04-13,05:30:00,0.37,0.37,0.37,0.37,30000,0
2016-04-13,06:00:00,0.37,0.37,0.37,0.37,10000,0
2016-04-13,07:10:00,0.37,0.37,0.37,0.37,10000,0
2016-04-13,07:30:00,0.37,0.37,0.37,0.37,10000,0
2016-04-13,09:05:00,0.365,0.37,0.365,0.37,40000,0
2016-04-13,09:35:00,0.37,0.37,0.37,0.37,30000,0
2016-04-13,09:50:00,0.37,0.375,0.37,0.375,40000,0
2016-04-13,09:55:00,0.375,0.375,0.375,0.375,10000,0
2016-04-13,10:00:00,0.375,0.38,0.375,0.38,50000,0
