Date,Time,Open,High,Low,Close,Volume,OpenInt
2016-03-17,02:35:00,12.18,12.18,12.02,12.02,26000,0
2016-03-17,02:40:00,12.02,12.08,11.98,12,129000,0
2016-03-17,02:45:00,12,12.08,12,12.06,46000,0
2016-03-17,02:50:00,12.06,12.06,12.02,12.02,28500,0
2016-03-17,02:55:00,12.02,12.06,12.02,12.02,48000,0
2016-03-17,03:00:00,12.02,12.04,12.02,12.04,14000,0
2016-03-17,03:05:00,12.04,12.06,12.02,12.06,49000,0
2016-03-17,03:10:00,12.06,12.06,12.02,12.02,40000,0
2016-03-17,03:15:00,12.02,12.04,12.02,12.04,2000,0
2016-03-17,03:20:00,12.04,12.04,11.98,11.98,65028,0
2016-03-17,03:25:00,11.98,11.98,11.9,11.92,78000,0
2016-03-17,03:35:00,11.92,11.92,11.88,11.9,78000,0
2016-03-17,03:40:00,11.9,11.92,11.88,11.88,24000,0
2016-03-17,03:45:00,11.88,11.88,11.86,11.86,34783,0
2016-03-17,03:50:00,11.86,11.88,11.86,11.88,24000,0
2016-03-17,03:55:00,11.88,11.88,11.86,11.88,26000,0
2016-03-17,04:00:00,11.88,11.88,11.86,11.86,67000,0
2016-03-17,04:05:00,11.86,11.88,11.86,11.88,55000,0
2016-03-17,04:10:00,11.88,11.88,11.82,11.86,72000,0
2016-03-17,04:15:00,11.86,11.86,11.82,11.84,11000,0
2016-03-17,04:20:00,11.84,11.86,11.8,11.86,121000,0
2016-03-17,04:25:00,11.86,11.88,11.86,11.86,17000,0
2016-03-17,04:30:00,11.86,11.88,11.86,11.88,12000,0
2016-03-17,04:35:00,11.88,11.88,11.84,11.84,36000,0
2016-03-17,04:40:00,11.86,11.94,11.86,11.94,79000,0
2016-03-17,04:45:00,11.94,11.96,11.94,11.96,15000,0
2016-03-17,04:50:00,11.96,12,11.96,11.98,53000,0
2016-03-17,04:55:00,11.98,12,11.98,11.98,24000,0
2016-03-17,05:00:00,11.98,12,11.98,12,17000,0
2016-03-17,06:05:00,12,12,11.96,12,40000,0
2016-03-17,06:10:00,12,12,11.98,12,8000,0
2016-03-17,06:15:00,12,12,11.98,11.98,11000,0
2016-03-17,06:20:00,11.98,11.98,11.94,11.96,7000,0
2016-03-17,06:25:00,11.96,11.96,11.92,11.92,13000,0
2016-03-17,06:30:00,11.92,11.94,11.92,11.94,5000,0
2016-03-17,06:35:00,11.94,11.94,11.9,11.9,17000,0
2016-03-17,06:40:00,11.9,11.96,11.9,11.96,76578,0
2016-03-17,06:45:00,11.96,11.98,11.96,11.98,8131,0
2016-03-17,06:50:00,11.98,12,11.98,12,9000,0
2016-03-17,06:55:00,12,12,11.98,11.98,22000,0
2016-03-17,07:00:00,11.98,12,11.98,12,13000,0
2016-03-17,07:05:00,12,12.02,12,12.02,16000,0
2016-03-17,07:10:00,12.02,12.02,12,12,20000,0
2016-03-17,07:15:00,12,12.02,12,12.02,4000,0
2016-03-17,07:20:00,12.02,12.02,11.98,11.98,13000,0
2016-03-17,07:25:00,11.98,12,11.98,11.98,25000,0
2016-03-17,07:30:00,11.98,11.98,11.96,11.96,22000,0
2016-03-17,07:35:00,11.96,11.98,11.96,11.96,15000,0
2016-03-17,07:40:00,11.96,11.96,11.94,11.94,15000,0
2016-03-17,07:45:00,11.94,11.96,11.94,11.94,9000,0
2016-03-17,07:50:00,11.94,11.96,11.94,11.94,14000,0
2016-03-17,07:55:00,11.94,11.96,11.94,11.94,5000,0
2016-03-17,08:00:00,11.94,11.96,11.92,11.94,23000,0
2016-03-17,08:05:00,11.94,11.94,11.92,11.92,13000,0
2016-03-17,08:10:00,11.92,11.94,11.92,11.92,7000,0
2016-03-17,08:15:00,11.92,11.94,11.92,11.94,24000,0
2016-03-17,08:20:00,11.94,11.94,11.9,11.92,18000,0
2016-03-17,08:25:00,11.92,11.98,11.9,11.98,74000,0
2016-03-17,08:30:00,11.98,11.98,11.98,11.98,8000,0
2016-03-17,08:35:00,11.98,11.98,11.96,11.96,18000,0
2016-03-17,08:40:00,11.96,11.98,11.9,11.92,58000,0
2016-03-17,08:45:00,11.92,11.92,11.9,11.9,64000,0
2016-03-17,08:50:00,11.9,11.92,11.9,11.9,44000,0
2016-03-17,08:55:00,11.9,11.98,11.9,11.96,117000,0
2016-03-17,09:00:00,11.96,12.02,11.94,12,539192,0
2016-03-18,02:35:00,12.06,12.32,12.06,12.32,73000,0
2016-03-18,02:40:00,12.32,12.32,12.26,12.32,135000,0
2016-03-18,02:45:00,12.32,12.36,12.24,12.34,144000,0
2016-03-18,02:50:00,12.34,12.44,12.34,12.42,138000,0
2016-03-18,02:55:00,12.42,12.46,12.42,12.46,27000,0
2016-03-18,03:00:00,12.46,12.84,12.44,12.62,612707,0
2016-03-18,03:05:00,12.62,12.74,12.52,12.52,124000,0
2016-03-18,03:10:00,12.52,12.54,12.52,12.52,24032,0
2016-03-18,03:15:00,12.52,12.54,12.52,12.54,24000,0
2016-03-18,03:20:00,12.54,12.54,12.52,12.54,35000,0
2016-03-18,03:25:00,12.54,12.54,12.52,12.54,18000,0
2016-03-18,03:30:00,12.54,12.54,12.52,12.54,25000,0
2016-03-18,03:35:00,12.54,12.56,12.52,12.56,112000,0
2016-03-18,03:40:00,12.56,12.56,12.56,12.56,22000,0
2016-03-18,03:45:00,12.56,12.56,12.56,12.56,21000,0
2016-03-18,03:50:00,12.56,12.56,12.54,12.56,23000,0
2016-03-18,03:55:00,12.56,12.56,12.54,12.56,22000,0
2016-03-18,04:00:00,12.56,12.58,12.54,12.58,98000,0
2016-03-18,04:05:00,12.58,12.58,12.56,12.58,23000,0
2016-03-18,04:10:00,12.58,12.58,12.5,12.5,134000,0
2016-03-18,04:15:00,12.5,12.52,12.5,12.52,27000,0
2016-03-18,04:20:00,12.52,12.52,12.5,12.52,5000,0
2016-03-18,04:25:00,12.52,12.52,12.5,12.52,20000,0
2016-03-18,04:30:00,12.52,12.52,12.5,12.52,28360,0
2016-03-18,04:35:00,12.52,12.52,12.5,12.52,20000,0
2016-03-18,04:40:00,12.52,12.52,12.5,12.52,37000,0
2016-03-18,04:45:00,12.52,12.52,12.5,12.52,25000,0
2016-03-18,04:50:00,12.52,12.52,12.5,12.52,21000,0
2016-03-18,04:55:00,12.52,12.52,12.5,12.52,31020,0
2016-03-18,05:00:00,12.52,12.52,12.5,12.5,24000,0
2016-03-18,06:05:00,12.5,12.52,12.5,12.52,53350,0
2016-03-18,06:10:00,12.52,12.52,12.5,12.52,37000,0
2016-03-18,06:15:00,12.52,12.52,12.5,12.52,38000,0
2016-03-18,06:20:00,12.52,12.52,12.5,12.52,66000,0
2016-03-18,06:25:00,12.52,12.52,12.5,12.52,38000,0
2016-03-18,06:30:00,12.52,12.52,12.5,12.52,25000,0
2016-03-18,06:35:00,12.52,12.52,12.5,12.52,28000,0
2016-03-18,06:40:00,12.52,12.52,12.5,12.52,45419,0
2016-03-18,06:45:00,12.52,12.52,12.5,12.5,34000,0
2016-03-18,06:50:00,12.5,12.52,12.5,12.5,42000,0
2016-03-18,06:55:00,12.5,12.52,12.5,12.5,183000,0
2016-03-18,07:00:00,12.5,12.52,12.5,12.5,46000,0
2016-03-18,07:05:00,12.5,12.52,12.5,12.52,42000,0
2016-03-18,07:10:00,12.52,12.52,12.5,12.52,34000,0
2016-03-18,07:15:00,12.52,12.52,12.5,12.52,39000,0
2016-03-18,07:20:00,12.52,12.52,12.5,12.52,29000,0
2016-03-18,07:25:00,12.52,12.52,12.5,12.52,148000,0
2016-03-18,07:30:00,12.52,12.52,12.5,12.52,34000,0
2016-03-18,07:35:00,12.52,12.52,12.5,12.52,40000,0
2016-03-18,07:40:00,12.52,12.52,12.5,12.52,44000,0
2016-03-18,07:45:00,12.52,12.52,12.5,12.5,44539,0
2016-03-18,07:50:00,12.5,12.52,12.5,12.52,52000,0
2016-03-18,07:55:00,12.52,12.52,12.5,12.52,47983,0
2016-03-18,08:00:00,12.52,12.52,12.5,12.52,39000,0
2016-03-18,08:05:00,12.52,12.52,12.5,12.5,84000,0
2016-03-18,08:10:00,12.5,12.52,12.5,12.52,57912,0
2016-03-18,08:15:00,12.52,12.52,12.5,12.52,53000,0
2016-03-18,08:20:00,12.52,12.52,12.5,12.5,55000,0
2016-03-18,08:25:00,12.5,12.52,12.5,12.5,49000,0
2016-03-18,08:30:00,12.5,12.52,12.5,12.5,40000,0
2016-03-18,08:35:00,12.5,12.52,12.5,12.52,77000,0
2016-03-18,08:40:00,12.52,12.52,12.48,12.48,108536,0
2016-03-18,08:45:00,12.48,12.5,12.32,12.32,128000,0
2016-03-18,08:50:00,12.32,12.4,12.32,12.36,74000,0
2016-03-18,08:55:00,12.36,12.44,12.34,12.42,293000,0
2016-03-18,09:00:00,12.42,12.56,12.3,12.52,4710000,0
2016-03-21,02:35:00,12.52,12.78,12.5,12.72,101000,0
2016-03-21,02:40:00,12.72,12.72,12.56,12.56,32000,0
2016-03-21,02:45:00,12.56,12.56,12.54,12.56,7000,0
2016-03-21,02:50:00,12.56,12.56,12.5,12.54,48000,0
2016-03-21,02:55:00,12.54,12.54,12.52,12.54,4000,0
2016-03-21,03:00:00,12.54,12.54,12.52,12.54,8000,0
2016-03-21,03:05:00,12.54,12.54,12.52,12.54,5000,0
2016-03-21,03:10:00,12.54,12.54,12.52,12.54,15000,0
2016-03-21,03:15:00,12.54,12.54,12.5,12.54,72000,0
2016-03-21,03:20:00,12.54,12.6,12.54,12.58,32000,0
2016-03-21,03:25:00,12.58,12.58,12.58,12.58,1000,0
2016-03-21,03:30:00,12.58,12.58,12.56,12.56,31000,0
2016-03-21,03:35:00,12.56,12.72,12.56,12.72,101001,0
2016-03-21,03:40:00,12.72,12.72,12.64,12.64,356000,0
2016-03-21,03:45:00,12.64,12.64,12.6,12.62,7028,0
2016-03-21,03:50:00,12.62,12.62,12.58,12.58,26000,0
2016-03-21,03:55:00,12.58,12.58,12.54,12.54,10000,0
2016-03-21,04:00:00,12.54,12.54,12.54,12.54,17000,0
2016-03-21,04:05:00,12.54,12.58,12.54,12.58,11000,0
2016-03-21,04:10:00,12.58,12.58,12.58,12.58,10000,0
2016-03-21,04:15:00,12.58,12.6,12.58,12.6,5000,0
2016-03-21,04:20:00,12.6,12.6,12.58,12.58,4000,0
2016-03-21,04:25:00,12.58,12.6,12.58,12.58,21000,0
2016-03-21,04:30:00,12.58,12.58,12.54,12.54,19000,0
2016-03-21,04:35:00,12.54,12.56,12.54,12.54,6000,0
2016-03-21,04:40:00,12.54,12.54,12.54,12.54,260,0
2016-03-21,04:45:00,12.54,12.56,12.54,12.56,7000,0
2016-03-21,04:50:00,12.56,12.56,12.54,12.56,5000,0
2016-03-21,04:55:00,12.56,12.56,12.54,12.54,5000,0
2016-03-21,05:00:00,12.54,12.56,12.5,12.5,27000,0
2016-03-21,06:05:00,12.5,12.54,12.48,12.48,20000,0
2016-03-21,06:10:00,12.48,12.48,12.46,12.46,3000,0
2016-03-21,06:15:00,12.46,12.48,12.46,12.48,8000,0
2016-03-21,06:20:00,12.48,12.48,12.46,12.46,9000,0
2016-03-21,06:25:00,12.46,12.46,12.44,12.44,6000,0
2016-03-21,06:30:00,12.44,12.44,12.38,12.38,14000,0
2016-03-21,06:35:00,12.38,12.4,12.36,12.36,23000,0
2016-03-21,06:40:00,12.36,12.38,12.34,12.36,16000,0
2016-03-21,06:45:00,12.36,12.36,12.36,12.36,6000,0
2016-03-21,06:50:00,12.36,12.36,12.34,12.34,14000,0
2016-03-21,06:55:00,12.34,12.36,12.34,12.34,8000,0
2016-03-21,07:00:00,12.34,12.38,12.34,12.38,30000,0
2016-03-21,07:05:00,12.38,12.38,12.36,12.38,9000,0
2016-03-21,07:10:00,12.38,12.38,12.38,12.38,7000,0
2016-03-21,07:15:00,12.38,12.38,12.36,12.36,3000,0
2016-03-21,07:20:00,12.36,12.38,12.36,12.38,10000,0
2016-03-21,07:25:00,12.38,12.46,12.38,12.46,29000,0
2016-03-21,07:30:00,12.46,12.46,12.44,12.46,14000,0
2016-03-21,07:35:00,12.46,12.46,12.44,12.44,4000,0
2016-03-21,07:40:00,12.44,12.46,12.44,12.46,9000,0
2016-03-21,07:45:00,12.46,12.46,12.44,12.46,15000,0
2016-03-21,07:50:00,12.46,12.46,12.46,12.46,15000,0
2016-03-21,07:55:00,12.46,12.46,12.46,12.46,7000,0
2016-03-21,08:00:00,12.46,12.46,12.46,12.46,11000,0
2016-03-21,08:05:00,12.46,12.48,12.44,12.48,21000,0
2016-03-21,08:10:00,12.48,12.48,12.46,12.48,6000,0
2016-03-21,08:15:00,12.48,12.48,12.46,12.46,11000,0
2016-03-21,08:20:00,12.46,12.48,12.46,12.48,9000,0
2016-03-21,08:25:00,12.48,12.48,12.48,12.48,12000,0
2016-03-21,08:30:00,12.48,12.5,12.46,12.5,26000,0
2016-03-21,08:35:00,12.48,12.48,12.46,12.46,16000,0
2016-03-21,08:40:00,12.46,12.48,12.46,12.46,21000,0
2016-03-21,08:45:00,12.46,12.5,12.46,12.5,28000,0
2016-03-21,08:50:00,12.5,12.5,12.48,12.5,42000,0
2016-03-21,08:55:00,12.5,12.52,12.46,12.5,105000,0
2016-03-21,09:00:00,12.5,12.54,12.46,12.48,209000,0
2016-03-22,02:35:00,12.9,12.9,12.62,12.7,293000,0
2016-03-22,02:40:00,12.7,12.8,12.64,12.64,258260,0
2016-03-22,02:45:00,12.64,12.64,12.62,12.64,76000,0
2016-03-22,02:50:00,12.64,12.64,12.6,12.64,38000,0
2016-03-22,02:55:00,12.64,12.64,12.6,12.64,70000,0
2016-03-22,03:00:00,12.64,12.64,12.52,12.54,151000,0
2016-03-22,03:05:00,12.54,12.7,12.54,12.7,55000,0
2016-03-22,03:10:00,12.7,12.7,12.58,12.58,6000,0
2016-03-22,03:15:00,12.58,12.58,12.54,12.58,14000,0
2016-03-22,03:20:00,12.58,12.58,12.5,12.5,17000,0
2016-03-22,03:25:00,12.5,12.52,12.5,12.52,3000,0
2016-03-22,03:30:00,12.52,12.52,12.5,12.5,8000,0
2016-03-22,03:35:00,12.5,12.52,12.46,12.48,20150,0
2016-03-22,03:40:00,12.48,12.48,12.42,12.44,39000,0
2016-03-22,03:45:00,12.44,12.44,12.42,12.42,8000,0
2016-03-22,03:50:00,12.42,12.44,12.4,12.44,22000,0
2016-03-22,03:55:00,12.42,12.42,12.4,12.4,6000,0
2016-03-22,04:00:00,12.4,12.42,12.4,12.4,21000,0
2016-03-22,04:10:00,12.4,12.42,12.38,12.38,6000,0
2016-03-22,04:15:00,12.38,12.4,12.3,12.4,76000,0
2016-03-22,04:20:00,12.4,12.4,12.38,12.38,2000,0
2016-03-22,04:25:00,12.38,12.4,12.34,12.34,8000,0
2016-03-22,04:30:00,12.36,12.36,12.34,12.34,3000,0
2016-03-22,04:35:00,12.34,12.34,12.3,12.3,25000,0
2016-03-22,04:40:00,12.3,12.32,12.28,12.32,16000,0
2016-03-22,04:45:00,12.3,12.3,12.28,12.3,5000,0
2016-03-22,04:50:00,12.28,12.32,12.28,12.32,9000,0
2016-03-22,04:55:00,12.32,12.32,12.28,12.32,17000,0
2016-03-22,05:00:00,12.32,12.34,12.32,12.32,19000,0
2016-03-22,06:05:00,12.32,12.34,12.32,12.32,28000,0
2016-03-22,06:10:00,12.32,12.32,12.32,12.32,1000,0
2016-03-22,06:15:00,12.32,12.32,12.28,12.3,5000,0
2016-03-22,06:20:00,12.3,12.3,12.26,12.26,8000,0
2016-03-22,06:35:00,12.24,12.26,12.24,12.26,3000,0
2016-03-22,06:45:00,12.24,12.28,12.24,12.26,30000,0
2016-03-22,06:50:00,12.26,12.28,12.26,12.28,6000,0
2016-03-22,06:55:00,12.28,12.28,12.26,12.26,13000,0
2016-03-22,07:00:00,12.26,12.26,12.24,12.26,10000,0
2016-03-22,07:05:00,12.26,12.28,12.24,12.28,8000,0
2016-03-22,07:10:00,12.28,12.28,12.24,12.28,25000,0
2016-03-22,07:15:00,12.28,12.3,12.26,12.3,16048,0
2016-03-22,07:20:00,12.28,12.3,12.26,12.3,11000,0
2016-03-22,07:25:00,12.3,12.3,12.26,12.26,8000,0
2016-03-22,07:30:00,12.26,12.3,12.26,12.3,17000,0
2016-03-22,07:35:00,12.3,12.3,12.26,12.3,11000,0
2016-03-22,07:40:00,12.3,12.34,12.3,12.32,33000,0
2016-03-22,07:45:00,12.32,12.32,12.32,12.32,1000,0
2016-03-22,07:50:00,12.32,12.32,12.3,12.3,2000,0
2016-03-22,07:55:00,12.3,12.34,12.3,12.32,8000,0
2016-03-22,08:00:00,12.32,12.34,12.32,12.34,6000,0
2016-03-22,08:05:00,12.34,12.34,12.32,12.32,2000,0
2016-03-22,08:10:00,12.32,12.32,12.32,12.32,6000,0
2016-03-22,08:15:00,12.32,12.34,12.3,12.34,32000,0
2016-03-22,08:20:00,12.34,12.34,12.32,12.32,3000,0
2016-03-22,08:25:00,12.32,12.34,12.32,12.34,7000,0
2016-03-22,08:30:00,12.34,12.34,12.3,12.3,20000,0
2016-03-22,08:35:00,12.3,12.34,12.3,12.34,44000,0
2016-03-22,08:40:00,12.34,12.34,12.32,12.34,24000,0
2016-03-22,08:45:00,12.34,12.34,12.3,12.32,60000,0
2016-03-22,08:50:00,12.32,12.32,12.3,12.32,35000,0
2016-03-22,08:55:00,12.32,12.32,12.24,12.26,136000,0
2016-03-22,09:00:00,12.26,12.3,12.26,12.3,67000,0
2016-03-23,02:35:00,12.18,12.4,12.18,12.4,78000,0
2016-03-23,02:40:00,12.4,12.46,12.4,12.42,55000,0
2016-03-23,02:45:00,12.42,12.44,12.38,12.4,37000,0
2016-03-23,02:50:00,12.4,12.44,12.38,12.44,54000,0
2016-03-23,02:55:00,12.44,12.46,12.44,12.46,27000,0
2016-03-23,03:00:00,12.46,12.48,12.46,12.48,28000,0
2016-03-23,03:05:00,12.48,12.48,12.46,12.48,30000,0
2016-03-23,03:10:00,12.48,12.48,12.46,12.46,31000,0
2016-03-23,03:15:00,12.46,12.46,12.46,12.46,14000,0
2016-03-23,03:20:00,12.46,12.46,12.44,12.46,14000,0
2016-03-23,03:25:00,12.46,12.48,12.46,12.48,10000,0
2016-03-23,03:30:00,12.48,12.48,12.48,12.48,13000,0
2016-03-23,03:35:00,12.48,12.48,12.46,12.46,43000,0
2016-03-23,03:40:00,12.46,12.48,12.46,12.48,7000,0
2016-03-23,03:45:00,12.48,12.48,12.46,12.46,3000,0
2016-03-23,03:50:00,12.46,12.48,12.46,12.48,12000,0
2016-03-23,03:55:00,12.48,12.48,12.48,12.48,3000,0
2016-03-23,04:00:00,12.48,12.48,12.46,12.48,12000,0
2016-03-23,04:05:00,12.48,12.48,12.46,12.48,13000,0
2016-03-23,04:10:00,12.48,12.48,12.46,12.48,14000,0
2016-03-23,04:15:00,12.48,12.48,12.46,12.46,25000,0
2016-03-23,04:20:00,12.46,12.46,12.46,12.46,9000,0
2016-03-23,04:25:00,12.46,12.46,12.46,12.46,5000,0
2016-03-23,04:30:00,12.46,12.46,12.46,12.46,8000,0
2016-03-23,04:35:00,12.46,12.46,12.44,12.44,9000,0
2016-03-23,04:40:00,12.44,12.46,12.44,12.46,8000,0
2016-03-23,04:45:00,12.46,12.46,12.46,12.46,4000,0
2016-03-23,04:50:00,12.46,12.46,12.46,12.46,8000,0
2016-03-23,04:55:00,12.46,12.48,12.46,12.46,16000,0
2016-03-23,05:00:00,12.46,12.6,12.46,12.56,143000,0
2016-03-23,06:05:00,12.56,12.56,12.52,12.54,23000,0
2016-03-23,06:10:00,12.54,12.54,12.54,12.54,10000,0
2016-03-23,06:15:00,12.54,12.54,12.54,12.54,11000,0
2016-03-23,06:20:00,12.54,12.54,12.52,12.52,27000,0
2016-03-23,06:25:00,12.52,12.54,12.44,12.48,155000,0
2016-03-23,06:30:00,12.48,12.48,12.46,12.48,17000,0
2016-03-23,06:35:00,12.48,12.48,12.48,12.48,11000,0
2016-03-23,06:40:00,12.48,12.48,12.46,12.48,17000,0
2016-03-23,06:45:00,12.48,12.48,12.48,12.48,10000,0
2016-03-23,06:50:00,12.48,12.48,12.46,12.46,15000,0
2016-03-23,06:55:00,12.48,12.48,12.46,12.48,17704,0
2016-03-23,07:00:00,12.48,12.48,12.44,12.44,20867,0
2016-03-23,07:05:00,12.44,12.44,12.44,12.44,10000,0
2016-03-23,07:10:00,12.44,12.44,12.34,12.38,62000,0
2016-03-23,07:15:00,12.38,12.4,12.38,12.38,15000,0
2016-03-23,07:20:00,12.38,12.4,12.38,12.38,19000,0
2016-03-23,07:25:00,12.38,12.38,12.36,12.38,16000,0
2016-03-23,07:30:00,12.38,12.38,12.38,12.38,11000,0
2016-03-23,07:35:00,12.38,12.4,12.38,12.4,21000,0
2016-03-23,07:40:00,12.4,12.42,12.38,12.42,20000,0
2016-03-23,07:45:00,12.42,12.42,12.4,12.42,16000,0
2016-03-23,07:50:00,12.42,12.42,12.42,12.42,14000,0
2016-03-23,07:55:00,12.42,12.42,12.4,12.42,17000,0
2016-03-23,08:00:00,12.42,12.44,12.42,12.44,16000,0
2016-03-23,08:05:00,12.44,12.44,12.42,12.44,14000,0
2016-03-23,08:10:00,12.44,12.44,12.42,12.44,32000,0
2016-03-23,08:15:00,12.44,12.46,12.44,12.46,17000,0
2016-03-23,08:20:00,12.46,12.46,12.46,12.46,16000,0
2016-03-23,08:25:00,12.46,12.46,12.46,12.46,16000,0
2016-03-23,08:30:00,12.46,12.46,12.44,12.46,25000,0
2016-03-23,08:35:00,12.46,12.5,12.46,12.5,157000,0
2016-03-23,08:40:00,12.5,12.5,12.48,12.5,24000,0
2016-03-23,08:45:00,12.5,12.5,12.48,12.5,17000,0
2016-03-23,08:50:00,12.5,12.5,12.48,12.5,58000,0
2016-03-23,08:55:00,12.5,12.5,12.44,12.44,75000,0
2016-03-23,09:00:00,12.44,12.44,12.36,12.38,510000,0
2016-03-24,02:35:00,12.3,12.38,12.3,12.38,2000,0
2016-03-24,02:40:00,12.28,12.34,12.28,12.34,42000,0
2016-03-24,02:45:00,12.34,12.34,12.34,12.34,15000,0
2016-03-24,02:50:00,12.34,12.34,12.32,12.34,15000,0
2016-03-24,03:00:00,12.34,12.36,12.34,12.36,13000,0
2016-03-24,03:05:00,12.36,12.36,12.36,12.36,5000,0
2016-03-24,03:10:00,12.34,12.36,12.34,12.36,5000,0
2016-03-24,03:15:00,12.36,12.36,12.36,12.36,4000,0
2016-03-24,03:20:00,12.36,12.36,12.36,12.36,45289,0
2016-03-24,03:25:00,12.36,12.36,12.34,12.34,13000,0
2016-03-24,03:45:00,12.34,12.36,12.34,12.36,2000,0
2016-03-24,03:50:00,12.36,12.36,12.36,12.36,1000,0
2016-03-24,03:55:00,12.36,12.36,12.36,12.36,3000,0
2016-03-24,04:00:00,12.36,12.36,12.36,12.36,1000,0
2016-03-24,04:05:00,12.36,12.36,12.36,12.36,1000,0
2016-03-24,04:10:00,12.36,12.36,12.36,12.36,2000,0
2016-03-24,04:15:00,12.36,12.36,12.36,12.36,2000,0
2016-03-24,04:25:00,12.36,12.36,12.36,12.36,3000,0
2016-03-24,04:35:00,12.36,12.36,12.36,12.36,3000,0
2016-03-24,04:45:00,12.36,12.36,12.34,12.34,16000,0
2016-03-24,05:00:00,12.34,12.36,12.34,12.36,2000,0
2016-03-24,06:05:00,12.34,12.34,12.34,12.34,2000,0
2016-03-24,06:25:00,12.34,12.34,12.32,12.32,4000,0
2016-03-24,06:40:00,12.32,12.32,12.3,12.3,13000,0
2016-03-24,06:55:00,12.3,12.34,12.3,12.34,3000,0
2016-03-24,07:00:00,12.34,12.34,12.34,12.34,1000,0
2016-03-24,07:10:00,12.34,12.34,12.32,12.32,4000,0
2016-03-24,07:25:00,12.32,12.32,12.32,12.32,2000,0
2016-03-24,08:05:00,12.32,12.34,12.32,12.32,6000,0
2016-03-24,08:10:00,12.32,12.32,12.32,12.32,3000,0
2016-03-24,08:30:00,12.32,12.32,12.3,12.3,14000,0
2016-03-24,08:35:00,12.3,12.3,12.3,12.3,1000,0
2016-03-24,08:40:00,12.3,12.3,12.3,12.3,1000,0
2016-03-24,08:55:00,12.28,12.3,12.28,12.3,2000,0
2016-03-24,09:00:00,12.3,12.34,12.3,12.32,200000,0
2016-03-29,03:55:00,12.3,12.36,12.22,12.24,103000,0
2016-03-29,04:00:00,12.24,12.26,12.24,12.24,11000,0
2016-03-29,04:05:00,12.24,12.24,12.2,12.2,8000,0
2016-03-29,04:10:00,12.2,12.2,12.14,12.14,25000,0
2016-03-29,04:15:00,12.14,12.18,12.14,12.18,14000,0
2016-03-29,04:20:00,12.18,12.18,12.16,12.16,3000,0
2016-03-29,04:30:00,12.16,12.18,12.16,12.18,3000,0
2016-03-29,04:35:00,12.18,12.18,12.1,12.1,15000,0
2016-03-29,04:40:00,12.1,12.1,12.08,12.08,33000,0
2016-03-29,04:45:00,12.08,12.1,12.04,12.06,22000,0
2016-03-29,04:50:00,12.06,12.06,12.04,12.04,7000,0
2016-03-29,04:55:00,12.04,12.04,12.04,12.04,12000,0
2016-03-29,05:00:00,12.04,12.04,12.02,12.02,14000,0
2016-03-29,05:05:00,12.02,12.02,11.98,12,23218,0
2016-03-29,05:10:00,12,12,12,12,5000,0
2016-03-29,05:20:00,12,12,11.98,12,6000,0
2016-03-29,05:30:00,12,12,11.98,11.98,2000,0
2016-03-29,05:35:00,11.98,11.98,11.98,11.98,1000,0
2016-03-29,05:55:00,11.98,11.98,11.98,11.98,1000,0
2016-03-29,07:05:00,11.98,11.98,11.98,11.98,1000,0
2016-03-29,07:10:00,11.98,12,11.98,12,27000,0
2016-03-29,07:15:00,12,12,12,12,4000,0
2016-03-29,07:20:00,12,12,12,12,2000,0
2016-03-29,07:25:00,12,12,12,12,441,0
2016-03-29,07:35:00,12,12,12,12,3000,0
2016-03-29,07:40:00,12,12,11.98,11.98,12000,0
2016-03-29,07:45:00,11.98,11.98,11.94,11.94,11562,0
2016-03-29,07:50:00,11.94,11.98,11.94,11.98,20000,0
2016-03-29,07:55:00,11.98,11.98,11.96,11.98,15000,0
2016-03-29,08:00:00,11.98,12.02,11.96,12.02,26000,0
2016-03-29,08:05:00,12.02,12.02,12,12,6000,0
2016-03-29,08:10:00,12,12,11.98,11.98,62000,0
2016-03-29,08:15:00,11.98,11.98,11.98,11.98,9000,0
2016-03-29,08:20:00,11.98,11.98,11.98,11.98,3000,0
2016-03-29,08:25:00,11.98,11.98,11.98,11.98,1000,0
2016-03-29,08:30:00,11.98,12.02,11.98,12.02,47000,0
2016-03-29,08:35:00,12.02,12.02,12,12,8000,0
2016-03-29,08:45:00,12,12,12,12,13000,0
2016-03-29,08:55:00,12,12,12,12,15000,0
2016-03-29,09:00:00,12,12.02,12,12,4000,0
2016-03-29,09:05:00,12,12.02,12,12,6000,0
2016-03-29,09:10:00,12,12,12,12,1000,0
2016-03-29,09:15:00,12,12.02,12,12.02,3000,0
2016-03-29,09:20:00,12.02,12.02,12,12,3000,0
2016-03-29,09:25:00,12,12.02,12,12.02,11000,0
2016-03-29,09:30:00,12.02,12.02,12,12,10000,0
2016-03-29,09:35:00,12,12.02,12,12.02,2000,0
2016-03-29,09:40:00,12.02,12.06,12.02,12.06,38000,0
2016-03-29,09:45:00,12.06,12.08,12.04,12.06,45000,0
2016-03-29,09:50:00,12.06,12.06,12.04,12.06,14000,0
2016-03-29,09:55:00,12.06,12.06,12.06,12.06,13000,0
2016-03-29,10:00:00,12.06,12.08,12.04,12.04,140000,0
2016-03-30,03:35:00,12.1,12.18,12.1,12.1,11000,0
2016-03-30,03:40:00,12.16,12.18,12.16,12.18,5000,0
2016-03-30,03:45:00,12.18,12.2,12.18,12.18,8000,0
2016-03-30,03:50:00,12.18,12.36,12.18,12.26,86000,0
2016-03-30,03:55:00,12.26,12.26,12.14,12.2,6000,0
2016-03-30,04:00:00,12.2,12.22,12.18,12.18,14600,0
2016-03-30,04:05:00,12.18,12.18,12.12,12.14,9000,0
2016-03-30,04:10:00,12.14,12.14,12.1,12.12,11000,0
2016-03-30,04:15:00,12.1,12.1,12.02,12.04,33000,0
2016-03-30,04:20:00,12.04,12.1,12.04,12.1,9000,0
2016-03-30,04:25:00,12.1,12.1,12.08,12.08,17000,0
2016-03-30,04:30:00,12.1,12.18,12.1,12.16,63000,0
2016-03-30,04:35:00,12.16,12.18,12.16,12.18,7000,0
2016-03-30,04:40:00,12.18,12.18,12.18,12.18,4000,0
2016-03-30,04:45:00,12.18,12.18,12.16,12.16,10000,0
2016-03-30,04:50:00,12.16,12.16,12.14,12.16,11000,0
2016-03-30,04:55:00,12.16,12.16,12.16,12.16,7000,0
2016-03-30,05:00:00,12.16,12.16,12.14,12.14,4000,0
2016-03-30,05:05:00,12.14,12.16,12.14,12.16,4032,0
2016-03-30,05:10:00,12.16,12.16,12.14,12.16,5000,0
2016-03-30,05:15:00,12.16,12.18,12.16,12.18,14000,0
2016-03-30,05:20:00,12.18,12.18,12.16,12.18,17000,0
2016-03-30,05:30:00,12.18,12.2,12.16,12.2,31000,0
2016-03-30,05:35:00,12.2,12.28,12.2,12.2,62000,0
2016-03-30,05:40:00,12.2,12.2,12.2,12.2,2592,0
2016-03-30,05:45:00,12.22,12.22,12.22,12.22,1000,0
2016-03-30,05:50:00,12.22,12.22,12.2,12.2,2000,0
2016-03-30,05:55:00,12.2,12.2,12.2,12.2,1000,0
2016-03-30,06:00:00,12.2,12.2,12.18,12.18,8000,0
2016-03-30,07:05:00,12.18,12.2,12.18,12.18,27000,0
2016-03-30,07:10:00,12.18,12.18,12.18,12.18,1000,0
2016-03-30,07:15:00,12.18,12.2,12.18,12.2,4000,0
2016-03-30,07:20:00,12.2,12.2,12.18,12.18,7000,0
2016-03-30,07:25:00,12.18,12.2,12.18,12.18,4000,0
2016-03-30,07:30:00,12.18,12.2,12.18,12.18,10000,0
2016-03-30,07:35:00,12.18,12.2,12.18,12.2,2000,0
2016-03-30,07:40:00,12.2,12.2,12.18,12.18,37000,0
2016-03-30,07:45:00,12.18,12.18,12.18,12.18,1000,0
2016-03-30,07:50:00,12.18,12.2,12.14,12.2,24000,0
2016-03-30,07:55:00,12.22,12.24,12.22,12.22,6500,0
2016-03-30,08:00:00,12.22,12.22,12.18,12.22,6000,0
2016-03-30,08:05:00,12.2,12.2,12.16,12.2,10000,0
2016-03-30,08:10:00,12.2,12.22,12.2,12.22,5000,0
2016-03-30,08:15:00,12.22,12.26,12.22,12.24,14000,0
2016-03-30,08:20:00,12.24,12.26,12.24,12.26,2000,0
2016-03-30,08:25:00,12.26,12.26,12.26,12.26,12000,0
2016-03-30,08:30:00,12.26,12.28,12.24,12.26,44000,0
2016-03-30,08:35:00,12.26,12.28,12.26,12.26,4000,0
2016-03-30,08:40:00,12.26,12.26,12.24,12.26,26000,0
2016-03-30,08:45:00,12.26,12.26,12.24,12.26,5000,0
2016-03-30,08:50:00,12.24,12.24,12.22,12.24,5000,0
2016-03-30,08:55:00,12.24,12.24,12.22,12.22,4000,0
2016-03-30,09:00:00,12.22,12.22,12.2,12.22,6000,0
2016-03-30,09:05:00,12.22,12.22,12.2,12.2,5000,0
2016-03-30,09:10:00,12.2,12.22,12.2,12.22,2000,0
2016-03-30,09:15:00,12.22,12.26,12.22,12.24,23000,0
2016-03-30,09:20:00,12.26,12.28,12.26,12.28,4000,0
2016-03-30,09:25:00,12.28,12.28,12.24,12.24,8000,0
2016-03-30,09:30:00,12.24,12.26,12.22,12.26,23000,0
2016-03-30,09:35:00,12.26,12.26,12.24,12.24,13328,0
2016-03-30,09:40:00,12.24,12.26,12.24,12.26,9000,0
2016-03-30,09:45:00,12.26,12.26,12.24,12.26,24000,0
2016-03-30,09:50:00,12.26,12.26,12.22,12.22,24000,0
2016-03-30,09:55:00,12.22,12.24,12.2,12.22,68000,0
2016-03-30,10:00:00,12.22,12.3,12.14,12.24,351000,0
2016-03-31,03:35:00,12.2,12.2,12.08,12.08,11000,0
2016-03-31,03:40:00,12.08,12.28,12.08,12.28,17000,0
2016-03-31,03:45:00,12.28,12.28,12.26,12.26,16000,0
2016-03-31,03:50:00,12.26,12.3,12.22,12.3,59000,0
2016-03-31,03:55:00,12.3,12.32,12.3,12.32,12000,0
2016-03-31,04:00:00,12.32,12.34,12.3,12.34,17000,0
2016-03-31,04:05:00,12.34,12.44,12.32,12.44,53000,0
2016-03-31,04:10:00,12.44,12.46,12.4,12.4,43000,0
2016-03-31,04:15:00,12.4,12.42,12.34,12.34,8000,0
2016-03-31,04:20:00,12.34,12.36,12.34,12.36,5000,0
2016-03-31,04:25:00,12.36,12.36,12.36,12.36,7000,0
2016-03-31,04:30:00,12.36,12.36,12.34,12.34,8000,0
2016-03-31,04:35:00,12.34,12.36,12.34,12.36,23000,0
2016-03-31,04:40:00,12.36,12.36,12.34,12.34,11000,0
2016-03-31,04:45:00,12.34,12.34,12.32,12.34,18000,0
2016-03-31,04:50:00,12.34,12.34,12.34,12.34,5000,0
2016-03-31,04:55:00,12.34,12.36,12.34,12.36,2000,0
2016-03-31,05:00:00,12.36,12.36,12.34,12.34,2000,0
2016-03-31,05:05:00,12.34,12.34,12.34,12.34,17000,0
2016-03-31,05:10:00,12.34,12.34,12.32,12.32,9000,0
2016-03-31,05:15:00,12.32,12.32,12.32,12.32,4000,0
2016-03-31,05:20:00,12.32,12.32,12.32,12.32,4000,0
2016-03-31,05:25:00,12.32,12.32,12.32,12.32,4000,0
2016-03-31,05:30:00,12.32,12.32,12.32,12.32,13000,0
2016-03-31,05:35:00,12.32,12.32,12.3,12.3,6000,0
2016-03-31,05:40:00,12.3,12.3,12.3,12.3,9000,0
2016-03-31,05:45:00,12.3,12.3,12.3,12.3,4547,0
2016-03-31,05:50:00,12.3,12.3,12.3,12.3,3000,0
2016-03-31,05:55:00,12.3,12.3,12.3,12.3,14194,0
2016-03-31,06:00:00,12.3,12.3,12.3,12.3,3000,0
2016-03-31,07:05:00,12.3,12.3,12.28,12.28,16000,0
2016-03-31,07:10:00,12.28,12.32,12.28,12.32,36000,0
2016-03-31,07:15:00,12.32,12.36,12.32,12.34,26000,0
2016-03-31,07:20:00,12.34,12.36,12.34,12.36,16000,0
2016-03-31,07:25:00,12.36,12.36,12.34,12.34,5000,0
2016-03-31,07:35:00,12.34,12.34,12.34,12.34,7000,0
2016-03-31,07:40:00,12.34,12.36,12.34,12.36,4000,0
2016-03-31,07:45:00,12.36,12.36,12.34,12.34,7000,0
2016-03-31,07:50:00,12.34,12.36,12.34,12.34,11000,0
2016-03-31,07:55:00,12.34,12.34,12.34,12.34,4000,0
2016-03-31,08:00:00,12.34,12.36,12.34,12.34,9000,0
2016-03-31,08:05:00,12.34,12.34,12.34,12.34,5000,0
2016-03-31,08:10:00,12.34,12.34,12.34,12.34,4000,0
2016-03-31,08:15:00,12.34,12.38,12.34,12.36,19000,0
2016-03-31,08:20:00,12.36,12.36,12.36,12.36,5000,0
2016-03-31,08:25:00,12.36,12.38,12.36,12.38,14000,0
2016-03-31,08:30:00,12.38,12.42,12.38,12.42,49000,0
2016-03-31,08:35:00,12.42,12.42,12.4,12.42,22000,0
2016-03-31,08:40:00,12.42,12.44,12.42,12.44,4000,0
2016-03-31,08:45:00,12.44,12.44,12.4,12.4,34000,0
2016-03-31,08:50:00,12.4,12.42,12.4,12.4,34000,0
2016-03-31,08:55:00,12.4,12.4,12.4,12.4,1000,0
2016-03-31,09:00:00,12.4,12.4,12.4,12.4,8000,0
2016-03-31,09:05:00,12.4,12.4,12.4,12.4,2000,0
2016-03-31,09:10:00,12.4,12.4,12.4,12.4,12000,0
2016-03-31,09:15:00,12.4,12.4,12.4,12.4,1000,0
2016-03-31,09:20:00,12.4,12.4,12.38,12.4,16928,0
2016-03-31,09:25:00,12.4,12.4,12.38,12.38,6000,0
2016-03-31,09:30:00,12.38,12.4,12.38,12.4,10000,0
2016-03-31,09:35:00,12.4,12.4,12.38,12.4,12000,0
2016-03-31,09:40:00,12.4,12.4,12.38,12.38,18000,0
2016-03-31,09:45:00,12.38,12.4,12.38,12.4,78000,0
2016-03-31,09:50:00,12.4,12.4,12.38,12.4,48000,0
2016-03-31,09:55:00,12.4,12.4,12.38,12.4,68000,0
2016-03-31,10:00:00,12.4,12.4,12.32,12.38,586652,0
2016-04-01,03:35:00,12.38,12.46,12.18,12.18,28000,0
2016-04-01,03:40:00,12.18,12.32,12.14,12.3,51000,0
2016-04-01,03:45:00,12.3,12.3,12.16,12.18,47000,0
2016-04-01,03:50:00,12.18,12.18,12.12,12.14,52000,0
2016-04-01,03:55:00,12.14,12.14,12.14,12.14,5000,0
2016-04-01,04:00:00,12.14,12.14,12.12,12.12,4000,0
2016-04-01,04:05:00,12.12,12.12,12.08,12.1,95000,0
2016-04-01,04:10:00,12.1,12.1,12,12.04,25000,0
2016-04-01,04:15:00,12.04,12.08,12,12.02,418000,0
2016-04-01,04:20:00,12.02,12.02,12,12.02,32000,0
2016-04-01,04:25:00,12.02,12.02,12,12,4000,0
2016-04-01,04:30:00,12,12.04,12,12.04,15000,0
2016-04-01,04:35:00,12.04,12.04,12.04,12.04,5000,0
2016-04-01,04:40:00,12.04,12.04,12.04,12.04,13000,0
2016-04-01,04:45:00,12.04,12.04,12.02,12.02,6000,0
2016-04-01,04:50:00,12.02,12.02,12.02,12.02,3000,0
2016-04-01,04:55:00,12.02,12.02,12,12,2000,0
2016-04-01,05:00:00,12,12.02,12,12,9000,0
2016-04-01,05:05:00,12,12.02,12,12,6000,0
2016-04-01,05:10:00,12,12.02,12,12,12000,0
2016-04-01,05:15:00,12,12.02,11.98,11.98,12000,0
2016-04-01,05:20:00,11.98,11.98,11.96,11.96,3000,0
2016-04-01,05:25:00,11.96,11.98,11.94,11.94,29000,0
2016-04-01,05:30:00,11.94,11.94,11.92,11.92,12000,0
2016-04-01,05:35:00,11.92,11.94,11.92,11.94,17000,0
2016-04-01,05:40:00,11.94,11.98,11.94,11.94,32000,0
2016-04-01,05:45:00,11.94,11.94,11.92,11.92,15000,0
2016-04-01,05:50:00,11.92,11.92,11.92,11.92,13000,0
2016-04-01,05:55:00,11.92,11.94,11.92,11.94,15000,0
2016-04-01,06:00:00,11.94,11.96,11.94,11.96,6000,0
2016-04-01,07:05:00,11.96,11.96,11.94,11.96,10000,0
2016-04-01,07:10:00,11.96,11.96,11.96,11.96,3000,0
2016-04-01,07:15:00,11.96,11.96,11.96,11.96,2000,0
2016-04-01,07:20:00,11.96,11.96,11.96,11.96,2000,0
2016-04-01,07:25:00,11.96,11.96,11.96,11.96,4000,0
2016-04-01,07:30:00,11.96,11.96,11.94,11.94,3000,0
2016-04-01,07:35:00,11.94,11.96,11.94,11.96,3000,0
2016-04-01,07:40:00,11.96,11.96,11.96,11.96,13000,0
2016-04-01,07:45:00,11.96,11.98,11.96,11.98,24000,0
2016-04-01,07:50:00,11.98,12,11.98,12,5000,0
2016-04-01,07:55:00,12,12,11.98,12,5000,0
2016-04-01,08:00:00,12,12,11.98,12,4867,0
2016-04-01,08:05:00,12,12,11.98,12,7000,0
2016-04-01,08:10:00,12,12,11.98,11.98,9000,0
2016-04-01,08:15:00,11.98,12,11.98,11.98,6000,0
2016-04-01,08:20:00,11.98,12.04,11.98,12.04,24000,0
2016-04-01,08:25:00,12.04,12.04,12.04,12.04,2000,0
2016-04-01,08:30:00,12.04,12.04,12.04,12.04,16000,0
2016-04-01,08:35:00,12.04,12.08,12.04,12.08,21000,0
2016-04-01,08:40:00,12.08,12.08,12.06,12.08,13000,0
2016-04-01,08:45:00,12.08,12.08,11.96,11.96,192000,0
2016-04-01,08:55:00,11.96,11.98,11.96,11.98,8164,0
2016-04-01,09:00:00,11.98,11.98,11.92,11.94,65000,0
2016-04-01,09:10:00,11.94,11.94,11.94,11.94,11000,0
2016-04-01,09:15:00,11.94,11.94,11.92,11.92,2000,0
2016-04-01,09:20:00,11.92,11.94,11.92,11.94,7000,0
2016-04-01,09:25:00,11.94,11.94,11.92,11.94,11000,0
2016-04-01,09:30:00,11.94,11.94,11.92,11.92,10000,0
2016-04-01,09:35:00,11.92,11.92,11.9,11.9,19000,0
2016-04-01,09:40:00,11.9,11.92,11.9,11.9,30000,0
2016-04-01,09:45:00,11.9,11.94,11.88,11.94,105000,0
2016-04-01,09:50:00,11.94,11.94,11.9,11.92,35000,0
2016-04-01,09:55:00,11.92,11.92,11.9,11.9,88000,0
2016-04-01,10:00:00,11.9,11.9,11.84,11.86,266000,0
2016-04-05,03:35:00,12,12,12,12,1000,0
2016-04-05,03:40:00,11.94,12.04,11.92,12.04,86458,0
2016-04-05,03:45:00,12.04,12.04,11.9,11.9,144000,0
2016-04-05,03:50:00,11.9,12,11.9,12,22744,0
2016-04-05,03:55:00,12,12.02,11.98,12.02,22000,0
2016-04-05,04:00:00,12.02,12.02,12,12.02,32001,0
2016-04-05,04:05:00,12.02,12.08,12.02,12.08,140000,0
2016-04-05,04:10:00,12.08,12.1,12.08,12.1,30000,0
2016-04-05,04:15:00,12.1,12.12,12.1,12.12,11000,0
2016-04-05,04:20:00,12.12,12.12,12.02,12.02,136000,0
2016-04-05,04:25:00,12.02,12.02,11.98,12,12000,0
2016-04-05,04:30:00,12,12.04,12,12.02,14000,0
2016-04-05,04:35:00,12.02,12.06,12,12.06,39934,0
2016-04-05,04:40:00,12.06,12.08,12.04,12.08,15000,0
2016-04-05,04:45:00,12.08,12.08,12.04,12.04,59000,0
2016-04-05,04:50:00,12.04,12.04,12.04,12.04,11000,0
2016-04-05,04:55:00,12.04,12.04,12.04,12.04,6000,0
2016-04-05,05:00:00,12.04,12.1,12.04,12.1,24000,0
2016-04-05,05:05:00,12.1,12.1,12.1,12.1,3000,0
2016-04-05,05:10:00,12.1,12.1,12.06,12.08,47000,0
2016-04-05,05:15:00,12.08,12.08,12.06,12.08,18000,0
2016-04-05,05:20:00,12.08,12.08,12.06,12.06,5000,0
2016-04-05,05:25:00,12.06,12.08,12.06,12.06,10000,0
2016-04-05,05:30:00,12.06,12.08,12.06,12.08,9000,0
2016-04-05,05:35:00,12.08,12.12,12.08,12.1,50000,0
2016-04-05,05:45:00,12.1,12.12,12.1,12.1,6000,0
2016-04-05,05:50:00,12.1,12.12,12.1,12.1,7000,0
2016-04-05,05:55:00,12.1,12.12,12.1,12.12,17000,0
2016-04-05,06:00:00,12.12,12.14,12.12,12.12,26000,0
2016-04-05,07:05:00,12.12,12.16,12.12,12.14,31000,0
2016-04-05,07:10:00,12.14,12.16,12.14,12.14,13000,0
2016-04-05,07:15:00,12.14,12.16,12.14,12.14,17000,0
2016-04-05,07:20:00,12.14,12.16,12.06,12.06,67000,0
2016-04-05,07:25:00,12.06,12.06,12.06,12.06,3000,0
2016-04-05,07:30:00,12.06,12.12,12.06,12.12,2000,0
2016-04-05,07:35:00,12.12,12.12,12.06,12.08,6000,0
2016-04-05,07:40:00,12.08,12.08,12.08,12.08,17000,0
2016-04-05,07:45:00,12.1,12.12,12.1,12.1,16000,0
2016-04-05,07:50:00,12.1,12.12,12.1,12.1,5000,0
2016-04-05,07:55:00,12.1,12.12,12.1,12.1,12000,0
2016-04-05,08:00:00,12.1,12.12,12.1,12.12,16000,0
2016-04-05,08:05:00,12.12,12.12,12.1,12.1,6000,0
2016-04-05,08:10:00,12.1,12.12,12.1,12.1,20000,0
2016-04-05,08:15:00,12.1,12.12,12.1,12.12,14000,0
2016-04-05,08:20:00,12.12,12.12,12.1,12.12,16000,0
2016-04-05,08:25:00,12.12,12.12,12.12,12.12,8000,0
2016-04-05,08:30:00,12.12,12.12,12.1,12.12,12000,0
2016-04-05,08:35:00,12.12,12.12,12.1,12.12,14000,0
2016-04-05,08:40:00,12.12,12.14,12.1,12.14,22000,0
2016-04-05,08:45:00,12.14,12.14,12.12,12.14,11000,0
2016-04-05,08:50:00,12.14,12.14,12.12,12.14,19000,0
2016-04-05,08:55:00,12.14,12.14,12.12,12.14,24000,0
2016-04-05,09:00:00,12.14,12.14,12.12,12.12,11000,0
2016-04-05,09:05:00,12.12,12.14,12.12,12.14,18000,0
2016-04-05,09:10:00,12.14,12.14,12.12,12.12,26000,0
2016-04-05,09:15:00,12.12,12.14,12.12,12.12,19000,0
2016-04-05,09:20:00,12.12,12.14,12.12,12.14,16000,0
2016-04-05,09:25:00,12.14,12.14,12.12,12.12,3000,0
2016-04-05,09:30:00,12.12,12.14,12.12,12.14,51000,0
2016-04-05,09:35:00,12.14,12.14,12.12,12.14,20000,0
2016-04-05,09:40:00,12.14,12.14,12.12,12.14,21000,0
2016-04-05,09:45:00,12.14,12.14,12.12,12.14,39000,0
2016-04-05,09:50:00,12.14,12.14,12,12.08,99000,0
2016-04-05,09:55:00,12.08,12.08,12.02,12.04,50000,0
2016-04-05,10:00:00,12.04,12.12,12.04,12.12,524000,0
2016-04-06,03:35:00,11.94,12.08,11.94,11.98,6000,0
2016-04-06,03:40:00,11.98,12.06,11.98,12.04,84000,0
2016-04-06,03:45:00,12.04,12.08,12.04,12.04,36000,0
2016-04-06,03:50:00,12.04,12.04,12.02,12.04,32000,0
2016-04-06,03:55:00,12.04,12.2,12.04,12.06,133000,0
2016-04-06,04:00:00,12.06,12.06,12.02,12.02,10000,0
2016-04-06,04:05:00,12.04,12.06,12.04,12.06,19000,0
2016-04-06,04:10:00,12.06,12.06,12.06,12.06,11000,0
2016-04-06,04:15:00,12.06,12.06,12.04,12.04,10000,0
2016-04-06,04:20:00,12.04,12.04,12.04,12.04,3000,0
2016-04-06,04:30:00,12.04,12.04,12.02,12.04,28000,0
2016-04-06,04:45:00,12.04,12.04,12.02,12.04,4000,0
2016-04-06,04:50:00,12.04,12.04,12.04,12.04,5000,0
2016-04-06,04:55:00,12.04,12.08,12.04,12.06,23000,0
2016-04-06,05:00:00,12.06,12.06,12.04,12.04,16000,0
2016-04-06,05:05:00,12.04,12.06,12.04,12.06,2000,0
2016-04-06,05:10:00,12.06,12.06,12.06,12.06,1000,0
2016-04-06,05:25:00,12.06,12.06,12.06,12.06,1000,0
2016-04-06,05:30:00,12.06,12.06,12.04,12.04,8000,0
2016-04-06,05:35:00,12.04,12.04,12.04,12.04,1000,0
2016-04-06,05:40:00,12.04,12.06,12.04,12.06,12000,0
2016-04-06,05:45:00,12.06,12.06,12.04,12.04,14000,0
2016-04-06,05:50:00,12.04,12.04,12.04,12.04,1000,0
2016-04-06,05:55:00,12.04,12.06,12.04,12.04,12000,0
2016-04-06,06:00:00,12.04,12.04,12.04,12.04,1000,0
2016-04-06,07:05:00,12.04,12.06,12.04,12.06,6000,0
2016-04-06,07:10:00,12.06,12.06,12.06,12.06,2000,0
2016-04-06,07:15:00,12.06,12.06,12.04,12.06,10000,0
2016-04-06,07:20:00,12.06,12.06,12.04,12.06,22000,0
2016-04-06,07:25:00,12.06,12.06,12.06,12.06,7000,0
2016-04-06,07:30:00,12.06,12.06,12.06,12.06,2000,0
2016-04-06,07:35:00,12.06,12.06,12.06,12.06,15000,0
2016-04-06,07:40:00,12.06,12.06,12.04,12.06,12000,0
2016-04-06,07:45:00,12.06,12.06,12.06,12.06,4000,0
2016-04-06,07:55:00,12.06,12.06,12.06,12.06,6000,0
2016-04-06,08:00:00,12.06,12.06,12.06,12.06,6000,0
2016-04-06,08:05:00,12.06,12.06,12.04,12.06,17000,0
2016-04-06,08:10:00,12.06,12.06,12.06,12.06,16000,0
2016-04-06,08:15:00,12.06,12.06,12.06,12.06,2000,0
2016-04-06,08:20:00,12.06,12.06,12.04,12.06,11000,0
2016-04-06,08:25:00,12.06,12.06,12.04,12.04,17000,0
2016-04-06,08:30:00,12.04,12.06,12.04,12.04,139000,0
2016-04-06,08:45:00,12.04,12.04,12.02,12.02,16000,0
2016-04-06,08:50:00,12.02,12.04,12.02,12.04,2000,0
2016-04-06,09:05:00,12.04,12.04,12.02,12.04,21000,0
2016-04-06,09:10:00,12.04,12.04,12.02,12.02,8000,0
2016-04-06,09:15:00,12.02,12.06,12.02,12.02,20000,0
2016-04-06,09:25:00,12.02,12.04,12.02,12.02,14000,0
2016-04-06,09:30:00,12.02,12.02,12.02,12.02,8000,0
2016-04-06,09:35:00,12.02,12.04,12.02,12.04,16000,0
2016-04-06,09:40:00,12.04,12.04,12.02,12.04,9000,0
2016-04-06,09:45:00,12.04,12.04,12.02,12.02,16000,0
2016-04-06,09:50:00,12.02,12.04,12.02,12.02,50000,0
2016-04-06,09:55:00,12.02,12.04,12.02,12.02,69000,0
2016-04-06,10:00:00,12.02,12.04,11.94,11.96,508000,0
2016-04-07,03:35:00,12.18,12.18,12.06,12.14,18000,0
2016-04-07,03:40:00,12.14,12.14,12.1,12.1,10038,0
2016-04-07,03:45:00,12.1,12.1,12,12,28000,0
2016-04-07,03:50:00,12,12.14,12,12.06,71000,0
2016-04-07,03:55:00,12.06,12.1,12.06,12.1,7000,0
2016-04-07,04:00:00,12.1,12.1,12.04,12.06,16000,0
2016-04-07,04:05:00,12.06,12.06,11.98,11.98,21000,0
2016-04-07,04:15:00,11.94,11.94,11.94,11.94,3000,0
2016-04-07,04:20:00,11.94,11.94,11.94,11.94,7000,0
2016-04-07,04:30:00,11.94,11.94,11.94,11.94,5000,0
2016-04-07,04:35:00,11.94,11.94,11.94,11.94,3000,0
2016-04-07,04:40:00,11.94,11.94,11.9,11.9,11000,0
2016-04-07,04:45:00,11.9,11.9,11.88,11.88,3586,0
2016-04-07,04:50:00,11.88,11.9,11.86,11.9,10000,0
2016-04-07,04:55:00,11.88,11.88,11.86,11.88,20000,0
2016-04-07,05:00:00,11.88,11.88,11.88,11.88,7000,0
2016-04-07,05:05:00,11.88,11.9,11.88,11.9,4124,0
2016-04-07,05:10:00,11.9,11.9,11.86,11.86,7000,0
2016-04-07,05:15:00,11.86,11.9,11.86,11.9,14000,0
2016-04-07,05:25:00,11.9,11.9,11.9,11.9,2000,0
2016-04-07,05:30:00,11.9,11.9,11.9,11.9,5000,0
2016-04-07,05:35:00,11.9,11.9,11.88,11.9,6000,0
2016-04-07,05:40:00,11.9,11.9,11.9,11.9,3000,0
2016-04-07,05:55:00,11.9,11.9,11.9,11.9,1000,0
2016-04-07,06:00:00,11.9,11.9,11.88,11.88,24000,0
2016-04-07,07:05:00,11.88,11.88,11.86,11.88,27000,0
2016-04-07,07:10:00,11.88,11.9,11.88,11.9,7000,0
2016-04-07,07:15:00,11.9,11.9,11.88,11.88,8000,0
2016-04-07,07:20:00,11.88,11.9,11.88,11.9,7000,0
2016-04-07,07:25:00,11.9,11.9,11.88,11.9,7000,0
2016-04-07,07:30:00,11.9,11.9,11.88,11.88,3000,0
2016-04-07,07:35:00,11.88,11.9,11.82,11.84,42000,0
2016-04-07,07:40:00,11.84,11.86,11.84,11.84,7000,0
2016-04-07,07:45:00,11.84,11.88,11.72,11.78,78000,0
2016-04-07,07:50:00,11.78,11.82,11.78,11.82,21000,0
2016-04-07,07:55:00,11.82,11.82,11.78,11.8,24000,0
2016-04-07,08:00:00,11.8,11.82,11.8,11.8,21000,0
2016-04-07,08:05:00,11.8,11.8,11.8,11.8,15000,0
2016-04-07,08:10:00,11.8,11.8,11.78,11.8,12000,0
2016-04-07,08:15:00,11.8,11.8,11.78,11.78,5000,0
2016-04-07,08:20:00,11.78,11.8,11.78,11.8,12000,0
2016-04-07,08:25:00,11.8,11.82,11.8,11.82,5000,0
2016-04-07,08:30:00,11.82,11.82,11.82,11.82,1000,0
2016-04-07,08:35:00,11.82,11.82,11.78,11.8,28000,0
2016-04-07,08:40:00,11.8,11.82,11.8,11.8,7000,0
2016-04-07,08:45:00,11.8,11.82,11.8,11.8,7000,0
2016-04-07,08:50:00,11.8,11.82,11.8,11.8,15000,0
2016-04-07,08:55:00,11.8,11.82,11.8,11.82,3000,0
2016-04-07,09:00:00,11.82,11.82,11.8,11.8,16000,0
2016-04-07,09:05:00,11.8,11.82,11.8,11.8,11000,0
2016-04-07,09:10:00,11.8,11.82,11.8,11.8,7000,0
2016-04-07,09:15:00,11.8,11.82,11.8,11.82,8000,0
2016-04-07,09:20:00,11.82,11.82,11.8,11.8,4000,0
2016-04-07,09:25:00,11.8,11.82,11.8,11.8,13000,0
2016-04-07,09:30:00,11.8,11.82,11.8,11.8,17000,0
2016-04-07,09:35:00,11.8,11.82,11.8,11.8,9000,0
2016-04-07,09:40:00,11.8,11.82,11.8,11.8,16000,0
2016-04-07,09:45:00,11.8,11.82,11.8,11.82,22000,0
2016-04-07,09:50:00,11.82,11.82,11.76,11.78,48000,0
2016-04-07,09:55:00,11.78,11.78,11.76,11.78,107000,0
2016-04-07,10:00:00,11.78,11.78,11.74,11.76,475000,0
2016-04-08,03:35:00,11.72,11.92,11.72,11.74,90000,0
2016-04-08,03:40:00,11.76,11.9,11.76,11.8,69000,0
2016-04-08,03:45:00,11.82,11.82,11.8,11.82,10000,0
2016-04-08,03:50:00,11.82,11.84,11.82,11.84,5000,0
2016-04-08,03:55:00,11.84,11.84,11.82,11.82,7000,0
2016-04-08,04:00:00,11.82,11.84,11.82,11.84,27000,0
2016-04-08,04:05:00,11.84,11.88,11.84,11.88,12000,0
2016-04-08,04:10:00,11.88,11.88,11.86,11.86,4000,0
2016-04-08,04:15:00,11.86,11.88,11.86,11.88,3000,0
2016-04-08,04:20:00,11.88,11.9,11.76,11.76,59000,0
2016-04-08,04:25:00,11.8,11.8,11.8,11.8,1000,0
2016-04-08,04:40:00,11.8,11.8,11.72,11.74,19727,0
2016-04-08,04:45:00,11.74,11.74,11.74,11.74,1000,0
2016-04-08,05:00:00,11.74,11.76,11.74,11.76,2000,0
2016-04-08,05:05:00,11.76,11.78,11.76,11.78,7000,0
2016-04-08,05:10:00,11.78,11.84,11.78,11.8,38000,0
2016-04-08,05:15:00,11.8,11.8,11.74,11.74,26000,0
2016-04-08,05:25:00,11.78,11.8,11.78,11.8,3000,0
2016-04-08,05:30:00,11.8,11.8,11.78,11.78,4000,0
2016-04-08,05:40:00,11.78,11.8,11.78,11.8,2000,0
2016-04-08,05:45:00,11.8,11.8,11.78,11.8,13000,0
2016-04-08,05:55:00,11.8,11.82,11.8,11.82,6000,0
2016-04-08,06:00:00,11.82,11.82,11.82,11.82,2000,0
2016-04-08,07:05:00,11.82,11.84,11.82,11.84,16000,0
2016-04-08,07:10:00,11.84,11.84,11.82,11.82,8000,0
2016-04-08,07:15:00,11.82,11.84,11.82,11.84,2000,0
2016-04-08,07:20:00,11.84,11.84,11.82,11.82,5000,0
2016-04-08,07:25:00,11.82,11.84,11.82,11.84,2000,0
2016-04-08,07:30:00,11.84,11.84,11.82,11.82,18000,0
2016-04-08,07:35:00,11.82,11.84,11.82,11.84,2000,0
2016-04-08,07:40:00,11.84,11.84,11.84,11.84,3000,0
2016-04-08,07:45:00,11.84,11.86,11.82,11.82,55000,0
2016-04-08,08:05:00,11.82,11.86,11.82,11.84,10000,0
2016-04-08,08:15:00,11.84,11.84,11.72,11.76,65000,0
2016-04-08,08:25:00,11.76,11.76,11.76,11.76,376,0
2016-04-08,08:30:00,11.78,11.8,11.78,11.8,7000,0
2016-04-08,08:35:00,11.8,11.8,11.78,11.78,3000,0
2016-04-08,08:45:00,11.78,11.8,11.78,11.8,9000,0
2016-04-08,08:50:00,11.8,11.8,11.8,11.8,1000,0
2016-04-08,08:55:00,11.8,11.8,11.8,11.8,2000,0
2016-04-08,09:00:00,11.8,11.8,11.8,11.8,1000,0
2016-04-08,09:05:00,11.8,11.8,11.8,11.8,1000,0
2016-04-08,09:10:00,11.8,11.8,11.8,11.8,2000,0
2016-04-08,09:15:00,11.8,11.8,11.8,11.8,1000,0
2016-04-08,09:25:00,11.8,11.82,11.8,11.8,102000,0
2016-04-08,09:30:00,11.8,11.82,11.8,11.8,6000,0
2016-04-08,09:35:00,11.8,11.82,11.8,11.82,35996,0
2016-04-08,09:40:00,11.82,11.82,11.8,11.8,21000,0
2016-04-08,09:45:00,11.8,11.84,11.8,11.8,60000,0
2016-04-08,09:50:00,11.8,11.82,11.8,11.8,5000,0
2016-04-08,09:55:00,11.8,11.82,11.8,11.8,43000,0
2016-04-08,10:00:00,11.8,11.82,11.78,11.8,212000,0
2016-04-11,03:35:00,11.8,11.82,11.68,11.68,66000,0
2016-04-11,03:40:00,11.66,11.68,11.66,11.68,2000,0
2016-04-11,03:45:00,11.66,11.7,11.66,11.68,19000,0
2016-04-11,03:50:00,11.68,11.7,11.68,11.68,29000,0
2016-04-11,03:55:00,11.68,11.7,11.68,11.68,11000,0
2016-04-11,04:00:00,11.68,11.94,11.68,11.78,89000,0
2016-04-11,04:05:00,11.78,11.78,11.78,11.78,17000,0
2016-04-11,04:10:00,11.78,11.78,11.78,11.78,4000,0
2016-04-11,04:15:00,11.78,11.78,11.76,11.76,9000,0
2016-04-11,04:20:00,11.76,11.78,11.76,11.78,4000,0
2016-04-11,04:25:00,11.78,11.78,11.78,11.78,2000,0
2016-04-11,04:30:00,11.78,11.78,11.76,11.78,12000,0
2016-04-11,04:35:00,11.78,11.78,11.78,11.78,2000,0
2016-04-11,04:40:00,11.78,11.78,11.78,11.78,5000,0
2016-04-11,04:45:00,11.78,11.78,11.78,11.78,5000,0
2016-04-11,04:50:00,11.78,11.78,11.78,11.78,1964,0
2016-04-11,04:55:00,11.78,11.82,11.76,11.82,35000,0
2016-04-11,05:00:00,11.82,11.82,11.8,11.8,35000,0
2016-04-11,05:10:00,11.82,11.84,11.82,11.84,7000,0
2016-04-11,05:15:00,11.84,11.84,11.84,11.84,2000,0
2016-04-11,05:20:00,11.84,11.84,11.82,11.82,10000,0
2016-04-11,05:25:00,11.82,11.84,11.82,11.84,3000,0
2016-04-11,05:30:00,11.84,11.86,11.84,11.84,4000,0
2016-04-11,05:35:00,11.84,11.86,11.84,11.86,6000,0
2016-04-11,05:40:00,11.86,11.86,11.86,11.86,1000,0
2016-04-11,05:45:00,11.86,11.88,11.86,11.86,19000,0
2016-04-11,05:50:00,11.86,11.86,11.84,11.84,6000,0
2016-04-11,07:05:00,11.84,11.86,11.82,11.86,13000,0
2016-04-11,07:30:00,11.86,11.86,11.84,11.84,30000,0
2016-04-11,07:40:00,11.84,11.84,11.82,11.82,6000,0
2016-04-11,07:50:00,11.82,11.84,11.82,11.82,7000,0
2016-04-11,07:55:00,11.82,11.82,11.82,11.82,2000,0
2016-04-11,08:00:00,11.82,11.82,11.82,11.82,2000,0
2016-04-11,08:05:00,11.82,11.82,11.82,11.82,6000,0
2016-04-11,08:15:00,11.82,11.82,11.82,11.82,2000,0
2016-04-11,08:30:00,11.82,11.82,11.82,11.82,2176,0
2016-04-11,08:35:00,11.82,11.82,11.8,11.82,8187,0
2016-04-11,08:45:00,11.82,11.82,11.8,11.8,3000,0
2016-04-11,08:50:00,11.8,11.82,11.8,11.82,2000,0
2016-04-11,09:00:00,11.82,11.82,11.82,11.82,1000,0
2016-04-11,09:05:00,11.82,11.82,11.8,11.82,10000,0
2016-04-11,09:10:00,11.82,11.82,11.82,11.82,3000,0
2016-04-11,09:15:00,11.82,11.82,11.78,11.8,15376,0
2016-04-11,09:20:00,11.8,11.8,11.8,11.8,1000,0
2016-04-11,09:30:00,11.8,11.8,11.78,11.78,12000,0
2016-04-11,09:45:00,11.78,11.78,11.78,11.78,1000,0
2016-04-11,09:55:00,11.78,11.8,11.78,11.8,2000,0
2016-04-11,10:00:00,11.8,11.8,11.78,11.78,44000,0
2016-04-12,03:35:00,11.7,11.84,11.7,11.84,138000,0
2016-04-12,03:40:00,11.84,11.9,11.84,11.9,96187,0
2016-04-12,03:45:00,11.9,11.98,11.9,11.94,68000,0
2016-04-12,03:50:00,11.94,11.94,11.92,11.92,17000,0
2016-04-12,03:55:00,11.92,11.94,11.92,11.94,34000,0
2016-04-12,04:00:00,11.94,11.94,11.92,11.94,25000,0
2016-04-12,04:05:00,11.94,11.94,11.92,11.94,34000,0
2016-04-12,04:10:00,11.94,11.94,11.92,11.92,52000,0
2016-04-12,04:15:00,11.92,11.94,11.92,11.92,45000,0
2016-04-12,04:20:00,11.92,11.94,11.92,11.94,18000,0
2016-04-12,04:25:00,11.94,11.96,11.94,11.96,69000,0
2016-04-12,04:30:00,11.96,11.98,11.96,11.98,3000,0
2016-04-12,04:35:00,11.98,11.98,11.98,11.98,5000,0
2016-04-12,04:40:00,11.98,11.98,11.96,11.98,13000,0
2016-04-12,04:45:00,11.98,11.98,11.96,11.96,19000,0
2016-04-12,04:50:00,11.96,11.98,11.96,11.98,4000,0
2016-04-12,04:55:00,11.98,11.98,11.96,11.98,7000,0
2016-04-12,05:00:00,11.98,11.98,11.96,11.98,9000,0
2016-04-12,05:05:00,11.98,11.98,11.98,11.98,5000,0
2016-04-12,05:10:00,11.98,11.98,11.98,11.98,8000,0
2016-04-12,05:15:00,11.98,11.98,11.96,11.96,6000,0
2016-04-12,05:20:00,11.96,11.98,11.96,11.98,10000,0
2016-04-12,05:25:00,11.98,11.98,11.96,11.98,9000,0
2016-04-12,05:30:00,11.98,11.98,11.96,11.96,32000,0
2016-04-12,05:35:00,11.96,11.96,11.96,11.96,1000,0
2016-04-12,05:40:00,11.96,11.96,11.96,11.96,2000,0
2016-04-12,05:45:00,11.96,11.96,11.96,11.96,3000,0
2016-04-12,05:50:00,11.96,11.96,11.94,11.94,14000,0
2016-04-12,05:55:00,11.94,11.96,11.94,11.94,6000,0
2016-04-12,06:00:00,11.94,11.96,11.94,11.94,28000,0
2016-04-12,07:05:00,11.94,11.96,11.94,11.96,3000,0
2016-04-12,07:10:00,11.96,11.96,11.94,11.94,9000,0
2016-04-12,07:15:00,11.94,11.96,11.94,11.94,14000,0
2016-04-12,07:20:00,11.94,11.94,11.92,11.92,46000,0
2016-04-12,07:30:00,11.92,11.94,11.92,11.92,4000,0
2016-04-12,07:35:00,11.92,11.94,11.92,11.94,4000,0
2016-04-12,07:40:00,11.94,11.94,11.92,11.92,18000,0
2016-04-12,07:45:00,11.92,11.94,11.92,11.94,6000,0
2016-04-12,07:50:00,11.94,11.94,11.9,11.9,55000,0
2016-04-12,08:00:00,11.9,11.9,11.9,11.9,2000,0
2016-04-12,08:05:00,11.9,11.9,11.9,11.9,4000,0
2016-04-12,08:10:00,11.9,11.9,11.88,11.9,8000,0
2016-04-12,08:15:00,11.9,11.9,11.9,11.9,1000,0
2016-04-12,08:20:00,11.9,11.9,11.9,11.9,6000,0
2016-04-12,08:25:00,11.9,11.9,11.9,11.9,5000,0
2016-04-12,08:30:00,11.9,11.9,11.9,11.9,9000,0
2016-04-12,08:35:00,11.9,11.9,11.9,11.9,4000,0
2016-04-12,08:40:00,11.9,11.9,11.9,11.9,4000,0
2016-04-12,08:45:00,11.9,11.9,11.88,11.88,42000,0
2016-04-12,08:50:00,11.88,11.88,11.84,11.84,28000,0
2016-04-12,08:55:00,11.82,11.84,11.82,11.82,16000,0
2016-04-12,09:00:00,11.82,11.84,11.82,11.84,17000,0
2016-04-12,09:05:00,11.84,11.84,11.84,11.84,4000,0
2016-04-12,09:10:00,11.84,11.84,11.84,11.84,4000,0
2016-04-12,09:15:00,11.84,11.84,11.82,11.82,55000,0
2016-04-12,09:20:00,11.82,11.82,11.8,11.8,8000,0
2016-04-12,09:25:00,11.8,11.82,11.8,11.8,9000,0
2016-04-12,09:30:00,11.8,11.82,11.8,11.82,15000,0
2016-04-12,09:35:00,11.82,11.82,11.8,11.8,6000,0
2016-04-12,09:40:00,11.8,11.82,11.8,11.8,29000,0
2016-04-12,09:45:00,11.8,11.82,11.8,11.82,14000,0
2016-04-12,09:50:00,11.82,11.82,11.8,11.82,29000,0
2016-04-12,09:55:00,11.82,11.82,11.78,11.78,94000,0
2016-04-12,10:00:00,11.78,11.8,11.78,11.8,499000,0
2016-04-13,03:35:00,11.96,11.96,11.78,11.84,64194,0
2016-04-13,03:40:00,11.84,11.9,11.84,11.9,52500,0
2016-04-13,03:45:00,11.9,11.9,11.86,11.88,16000,0
2016-04-13,03:50:00,11.88,11.9,11.88,11.9,15000,0
2016-04-13,03:55:00,11.9,11.9,11.9,11.9,4000,0
2016-04-13,04:00:00,11.9,11.92,11.9,11.92,21000,0
2016-04-13,04:05:00,11.92,11.94,11.92,11.92,5000,0
2016-04-13,04:10:00,11.92,11.98,11.92,11.98,15000,0
2016-04-13,04:15:00,11.98,11.98,11.98,11.98,4000,0
2016-04-13,04:20:00,11.98,11.98,11.96,11.96,18000,0
2016-04-13,04:25:00,11.96,11.98,11.96,11.96,21000,0
2016-04-13,04:30:00,11.96,11.96,11.94,11.94,6000,0
2016-04-13,04:35:00,11.94,11.94,11.92,11.92,2000,0
2016-04-13,04:45:00,11.94,11.96,11.94,11.96,6376,0
2016-04-13,04:50:00,11.96,11.96,11.94,11.94,3000,0
2016-04-13,05:00:00,11.94,11.96,11.94,11.96,5000,0
2016-04-13,05:05:00,11.96,11.96,11.96,11.96,1000,0
2016-04-13,05:10:00,11.96,11.96,11.96,11.96,3000,0
2016-04-13,05:15:00,11.96,11.96,11.94,11.94,4000,0
2016-04-13,05:20:00,11.94,11.96,11.94,11.96,3000,0
2016-04-13,05:25:00,11.96,11.96,11.96,11.96,1000,0
2016-04-13,05:30:00,11.96,11.96,11.96,11.96,1000,0
2016-04-13,05:35:00,11.96,11.96,11.94,11.94,12720,0
2016-04-13,05:40:00,11.94,11.94,11.94,11.94,1000,0
2016-04-13,05:45:00,11.94,11.94,11.94,11.94,5000,0
2016-04-13,05:55:00,11.94,11.96,11.94,11.96,2000,0
2016-04-13,06:00:00,11.96,11.96,11.94,11.94,4000,0
2016-04-13,07:05:00,11.94,11.96,11.94,11.94,9000,0
2016-04-13,07:10:00,11.94,11.96,11.94,11.94,4000,0
2016-04-13,07:15:00,11.94,11.94,11.94,11.94,2000,0
2016-04-13,07:20:00,11.94,11.96,11.94,11.94,6000,0
2016-04-13,07:25:00,11.94,11.94,11.92,11.92,19000,0
2016-04-13,07:30:00,11.92,11.92,11.9,11.9,7000,0
2016-04-13,07:35:00,11.9,11.9,11.88,11.88,3000,0
2016-04-13,07:40:00,11.88,11.9,11.88,11.9,12000,0
2016-04-13,07:45:00,11.9,11.9,11.9,11.9,2000,0
2016-04-13,07:50:00,11.9,11.9,11.88,11.88,12000,0
2016-04-13,07:55:00,11.88,11.92,11.88,11.92,16000,0
2016-04-13,08:00:00,11.92,11.92,11.92,11.92,6000,0
2016-04-13,08:05:00,11.92,11.92,11.9,11.9,2000,0
2016-04-13,08:10:00,11.9,11.92,11.9,11.92,2000,0
2016-04-13,08:20:00,11.92,11.92,11.9,11.92,6000,0
2016-04-13,08:25:00,11.92,11.92,11.92,11.92,8000,0
2016-04-13,08:30:00,11.92,11.92,11.9,11.9,14000,0
2016-04-13,08:40:00,11.9,11.9,11.9,11.9,2000,0
2016-04-13,08:45:00,11.9,11.9,11.9,11.9,3000,0
2016-04-13,08:50:00,11.9,11.9,11.9,11.9,1000,0
2016-04-13,08:55:00,11.9,11.92,11.9,11.92,5000,0
2016-04-13,09:00:00,11.92,11.92,11.92,11.92,4000,0
2016-04-13,09:10:00,11.92,11.92,11.9,11.9,5000,0
2016-04-13,09:15:00,11.9,11.9,11.9,11.9,1000,0
2016-04-13,09:20:00,11.9,11.9,11.9,11.9,1000,0
2016-04-13,09:25:00,11.92,11.94,11.9,11.9,46000,0
2016-04-13,09:35:00,11.9,11.92,11.9,11.9,6000,0
2016-04-13,09:40:00,11.9,11.92,11.9,11.9,26000,0
2016-04-13,09:45:00,11.9,11.92,11.88,11.92,21000,0
2016-04-13,09:50:00,11.92,11.94,11.9,11.92,19000,0
2016-04-13,09:55:00,11.92,11.94,11.9,11.92,17000,0
2016-04-13,10:00:00,11.92,11.94,11.88,11.9,159000,0
