Date,Time,Open,High,Low,Close,Volume,OpenInt
2016-02-04,02:35:00,0.85,0.92,0.85,0.92,70000,0
2016-02-04,02:40:00,0.92,0.92,0.92,0.92,6000,0
2016-02-04,02:45:00,0.92,0.93,0.92,0.93,5194000,0
2016-02-04,02:50:00,0.93,0.95,0.93,0.95,92000,0
2016-02-04,02:55:00,0.95,0.98,0.95,0.97,196000,0
2016-02-04,03:00:00,0.97,1.1,0.97,1.1,350000,0
2016-02-04,03:05:00,1.1,1.1,1.1,1.1,90000,0
2016-02-04,03:10:00,1.1,1.1,1.07,1.07,28000,0
2016-02-04,03:15:00,1.07,1.07,0.98,0.99,38000,0
2016-02-04,03:20:00,1.05,1.06,1.05,1.06,206000,0
2016-02-04,03:25:00,1.06,1.06,1.06,1.06,24000,0
2016-02-04,03:30:00,1.06,1.06,1.06,1.06,16000,0
2016-02-04,03:35:00,1.04,1.04,1,1,14000,0
2016-02-04,03:40:00,1,1,1,1,6000,0
2016-02-04,03:50:00,1,1,1,1,2000,0
2016-02-04,03:55:00,1,1.01,0.99,0.99,46000,0
2016-02-04,04:00:00,0.99,0.99,0.99,0.99,4000,0
2016-02-04,04:05:00,1,1,1,1,6000,0
2016-02-04,04:10:00,1,1,0.97,0.98,254000,0
2016-02-04,04:20:00,0.98,0.98,0.97,0.97,32000,0
2016-02-04,04:30:00,0.97,0.97,0.97,0.97,2000,0
2016-02-04,04:40:00,0.97,0.98,0.97,0.98,4000,0
2016-02-04,04:45:00,0.98,1,0.98,1,46000,0
2016-02-04,04:50:00,1.02,1.02,1.02,1.02,70000,0
2016-02-04,04:55:00,1.02,1.02,1,1,172000,0
2016-02-04,05:00:00,1.01,1.01,1.01,1.01,10000,0
2016-02-04,06:05:00,1.01,1.01,1,1,24000,0
2016-02-04,06:50:00,1,1.01,1,1.01,40000,0
2016-02-04,07:00:00,1.01,1.01,1.01,1.01,10000,0
2016-02-04,07:05:00,1.01,1.01,0.98,0.98,230000,0
2016-02-04,07:10:00,0.98,0.98,0.97,0.97,50000,0
2016-02-04,07:20:00,0.97,0.99,0.97,0.99,38000,0
2016-02-04,07:30:00,0.98,0.98,0.98,0.98,2000,0
2016-02-04,07:35:00,0.98,0.98,0.98,0.98,2000,0
2016-02-04,07:40:00,0.98,0.98,0.98,0.98,8000,0
2016-02-04,07:45:00,0.98,0.99,0.98,0.99,60000,0
2016-02-04,08:20:00,1.01,1.02,1.01,1.02,30000,0
2016-02-04,08:40:00,1.02,1.02,1.02,1.02,2000,0
2016-02-04,08:55:00,1.02,1.02,1.02,1.02,50000,0
2016-02-04,09:00:00,1.02,1.02,1.02,1.02,44000,0
2016-02-05,03:30:00,1.04,1.04,1.02,1.04,18000,0
2016-02-05,03:40:00,1.04,1.04,1.04,1.04,20000,0
2016-02-05,03:50:00,1,1,1,1,50000,0
2016-02-05,04:05:00,1,1,1,1,4000,0
2016-02-05,04:15:00,1,1,1,1,72000,0
2016-02-05,04:25:00,0.99,0.99,0.99,0.99,10000,0
2016-02-05,04:30:00,0.99,0.99,0.99,0.99,2000,0
2016-02-05,04:35:00,0.99,0.99,0.99,0.99,12000,0
2016-02-05,04:45:00,0.99,0.99,0.99,0.99,10000,0
2016-02-05,06:05:00,0.99,0.99,0.99,0.99,20000,0
2016-02-05,06:30:00,1,1.02,1,1.02,8000,0
2016-02-05,08:05:00,1.02,1.02,1.02,1.02,4000,0
2016-02-05,08:10:00,1.02,1.08,1.02,1.04,40000,0
2016-02-05,08:15:00,1.03,1.03,1.03,1.03,6000,0
2016-02-05,08:20:00,1.03,1.04,1.03,1.04,10000,0
2016-02-05,08:25:00,1.04,1.04,1.03,1.03,4000,0
2016-02-05,08:30:00,1.03,1.12,1.03,1.1,100000,0
2016-02-11,02:50:00,1.1,1.1,1.1,1.1,40000,0
2016-02-11,04:10:00,1.1,1.1,1.02,1.02,10000,0
2016-02-11,04:15:00,1.02,1.02,1.01,1.01,24000,0
2016-02-11,08:35:00,1.02,1.13,1.02,1.13,8000,0
2016-02-12,02:35:00,1.13,1.13,1.13,1.13,28000,0
2016-02-12,02:45:00,1.13,1.13,1.03,1.03,8000,0
2016-02-12,03:15:00,1.06,1.06,1.06,1.06,30000,0
2016-02-12,03:20:00,1.06,1.06,1.06,1.06,10000,0
2016-02-12,04:50:00,1.08,1.08,1.08,1.08,30000,0
2016-02-12,05:00:00,1.08,1.08,1.07,1.07,20000,0
2016-02-12,07:45:00,1.07,1.07,1.07,1.07,22000,0
2016-02-12,07:50:00,1.07,1.08,1.07,1.08,4000,0
2016-02-12,08:10:00,1.08,1.08,1.08,1.08,6000,0
2016-02-12,08:50:00,1.07,1.07,1.06,1.06,8000,0
2016-02-15,02:35:00,1.1,1.14,1.06,1.14,8000,0
2016-02-15,03:15:00,1.12,1.12,1.11,1.11,16000,0
2016-02-15,03:25:00,1.11,1.11,1.1,1.1,400000,0
2016-02-15,04:40:00,1.09,1.09,1.09,1.09,20000,0
2016-02-15,04:45:00,1.09,1.09,1.09,1.09,30000,0
2016-02-15,04:55:00,1.09,1.1,1.09,1.1,44000,0
2016-02-15,06:05:00,1.1,1.1,1.1,1.1,24000,0
2016-02-15,06:15:00,1.1,1.1,1.1,1.1,4000,0
2016-02-15,06:20:00,1.1,1.1,1.1,1.1,12000,0
2016-02-15,07:55:00,1.1,1.11,1.1,1.11,40000,0
2016-02-15,08:10:00,1.11,1.11,1.11,1.11,10000,0
2016-02-15,08:30:00,1.11,1.11,1.05,1.05,64000,0
2016-02-15,08:40:00,1.06,1.08,1.06,1.08,150000,0
2016-02-15,08:45:00,1.08,1.08,1.02,1.02,70000,0
2016-02-15,08:50:00,1.02,1.05,1.02,1.05,14000,0
2016-02-15,09:00:00,1.05,1.05,1.01,1.05,16000,0
2016-02-16,03:15:00,1.07,1.1,1.05,1.1,82000,0
2016-02-16,07:15:00,1.07,1.07,1.07,1.07,2000,0
2016-02-17,03:25:00,1.03,1.05,1.01,1.01,20000,0
2016-02-17,03:30:00,1.01,1.05,1.01,1.05,4000,0
2016-02-17,04:05:00,1.05,1.05,1.05,1.05,8000,0
2016-02-17,04:15:00,1.05,1.06,1.05,1.06,28000,0
2016-02-17,06:30:00,1.06,1.06,1.05,1.05,18000,0
2016-02-17,06:55:00,1.05,1.05,0.99,1.02,196000,0
2016-02-17,07:05:00,1.02,1.03,1.02,1.03,4000,0
2016-02-17,07:55:00,1.03,1.03,1.03,1.03,8000,0
2016-02-17,08:30:00,1.03,1.03,1.03,1.03,2000,0
2016-02-17,08:40:00,1.03,1.04,1.03,1.04,6000,0
2016-02-17,08:55:00,1.04,1.04,1.04,1.04,10000,0
2016-02-17,09:00:00,1.04,1.04,1.02,1.04,34000,0
2016-02-18,03:00:00,1.05,1.09,1.04,1.09,104000,0
2016-02-18,04:20:00,1.09,1.09,1.03,1.03,106000,0
2016-02-18,04:25:00,1.03,1.08,1.03,1.08,16000,0
2016-02-18,06:15:00,1.08,1.08,1.04,1.04,160000,0
2016-02-18,06:45:00,1.04,1.04,1.03,1.03,22000,0
2016-02-18,07:10:00,1.03,1.06,1.03,1.06,12000,0
2016-02-18,07:15:00,1.06,1.06,1.03,1.03,42000,0
2016-02-18,07:40:00,1.03,1.03,1.03,1.03,36000,0
2016-02-18,08:05:00,1.03,1.03,1.02,1.02,38000,0
2016-02-18,08:10:00,1.02,1.02,1,1,740000,0
2016-02-18,08:15:00,1,1,0.99,0.99,128000,0
2016-02-18,08:35:00,1,1.02,1,1.02,14000,0
2016-02-18,08:40:00,1.02,1.02,1,1,108000,0
2016-02-18,08:55:00,1,1,0.99,0.99,122000,0
2016-02-18,09:00:00,0.99,1,0.98,1,96000,0
2016-02-19,02:55:00,0.88,1,0.88,0.92,12000,0
2016-02-19,03:15:00,1,1,1,1,10000,0
2016-02-19,04:25:00,0.99,1.02,0.99,1.02,74000,0
2016-02-22,03:00:00,1.04,1.04,1.03,1.03,56000,0
2016-02-22,03:10:00,1.03,1.03,1.02,1.02,28000,0
2016-02-22,03:30:00,1.02,1.02,1.02,1.02,8000,0
2016-02-22,04:30:00,1.02,1.02,0.99,0.99,30000,0
2016-02-22,07:25:00,0.98,0.98,0.97,0.97,20000,0
2016-02-22,07:35:00,0.97,0.97,0.97,0.97,40000,0
2016-02-22,08:25:00,0.98,0.98,0.98,0.98,50000,0
2016-02-22,09:00:00,0.97,1,0.97,0.97,50000,0
2016-02-23,04:50:00,0.97,0.97,0.97,0.97,4000,0
2016-02-24,02:45:00,0.94,0.96,0.91,0.92,576000,0
2016-02-24,02:50:00,0.92,0.92,0.88,0.9,568000,0
2016-02-24,02:55:00,0.9,0.91,0.9,0.91,54000,0
2016-02-24,03:00:00,0.91,0.91,0.89,0.89,330000,0
2016-02-24,03:05:00,0.89,0.91,0.89,0.89,530000,0
2016-02-24,03:10:00,0.89,0.9,0.89,0.9,270000,0
2016-02-24,03:25:00,0.9,0.9,0.9,0.9,20000,0
2016-02-24,03:30:00,0.9,0.9,0.9,0.9,44000,0
2016-02-24,03:50:00,0.9,0.9,0.9,0.9,40000,0
2016-02-24,03:55:00,0.9,0.91,0.9,0.91,4000,0
2016-02-24,04:35:00,0.91,0.91,0.9,0.9,8000,0
2016-02-24,04:40:00,0.9,0.9,0.9,0.9,8000,0
2016-02-24,04:50:00,0.9,0.91,0.9,0.9,12000,0
2016-02-24,04:55:00,0.9,0.9,0.9,0.9,14000,0
2016-02-24,05:00:00,0.9,0.9,0.88,0.88,206000,0
2016-02-24,06:05:00,0.88,0.88,0.87,0.88,202000,0
2016-02-24,06:10:00,0.88,0.88,0.88,0.88,52000,0
2016-02-24,06:45:00,0.89,0.89,0.89,0.89,4000,0
2016-02-24,08:05:00,0.89,0.9,0.89,0.9,4000,0
2016-02-24,08:20:00,0.9,0.9,0.87,0.87,322000,0
2016-02-24,08:40:00,0.87,0.89,0.87,0.89,12000,0
2016-02-24,08:45:00,0.89,0.9,0.89,0.9,38000,0
2016-02-24,08:50:00,0.9,0.9,0.9,0.9,100000,0
2016-02-24,09:00:00,0.9,0.91,0.88,0.91,28000,0
2016-02-25,02:40:00,0.99,0.99,0.91,0.99,82000,0
2016-02-25,05:00:00,0.97,0.97,0.89,0.89,12000,0
2016-02-25,07:35:00,0.91,0.91,0.91,0.91,4000,0
2016-02-25,07:45:00,0.91,0.91,0.91,0.91,10000,0
2016-02-25,09:00:00,0.91,0.91,0.87,0.88,160000,0
2016-02-26,02:40:00,0.88,0.88,0.88,0.88,4000,0
2016-02-26,02:45:00,0.88,0.92,0.88,0.92,134000,0
2016-02-26,09:00:00,0.88,0.88,0.88,0.88,26000,0
2016-02-29,04:40:00,0.85,0.87,0.85,0.87,12000,0
2016-02-29,04:45:00,0.87,0.89,0.87,0.89,46000,0
2016-03-01,03:00:00,0.94,0.95,0.89,0.94,62000,0
2016-03-02,02:45:00,0.85,0.94,0.85,0.92,344000,0
2016-03-02,08:30:00,0.92,0.93,0.92,0.92,18000,0
2016-03-04,05:00:00,0.88,0.9,0.88,0.9,6000,0
2016-03-04,07:50:00,0.85,0.89,0.85,0.89,4000,0
2016-03-07,03:05:00,0.86,0.89,0.81,0.81,192000,0
2016-03-07,03:10:00,0.81,0.84,0.8,0.83,98000,0
2016-03-07,03:15:00,0.83,0.83,0.81,0.81,192000,0
2016-03-07,03:20:00,0.81,0.83,0.8,0.83,140000,0
2016-03-07,03:25:00,0.83,0.83,0.83,0.83,16000,0
2016-03-07,03:30:00,0.83,0.83,0.79,0.79,216000,0
2016-03-07,03:45:00,0.78,0.81,0.78,0.81,122000,0
2016-03-07,03:50:00,0.81,0.81,0.8,0.81,162000,0
2016-03-07,03:55:00,0.81,0.81,0.81,0.81,72000,0
2016-03-07,04:00:00,0.81,0.82,0.81,0.82,52000,0
2016-03-07,04:20:00,0.82,0.82,0.82,0.82,12000,0
2016-03-07,04:25:00,0.82,0.82,0.82,0.82,6000,0
2016-03-07,04:30:00,0.82,0.85,0.82,0.85,440000,0
2016-03-07,06:05:00,0.85,0.86,0.85,0.86,32000,0
2016-03-07,06:10:00,0.86,0.87,0.86,0.87,62000,0
2016-03-07,06:20:00,0.86,0.86,0.86,0.86,50000,0
2016-03-07,06:30:00,0.86,0.86,0.86,0.86,10000,0
2016-03-07,06:35:00,0.86,0.88,0.86,0.88,50000,0
2016-03-07,06:40:00,0.88,0.88,0.88,0.88,14000,0
2016-03-07,06:45:00,0.88,0.88,0.88,0.88,10000,0
2016-03-07,06:50:00,0.88,0.88,0.85,0.85,34000,0
2016-03-07,06:55:00,0.85,0.85,0.85,0.85,28000,0
2016-03-07,07:30:00,0.85,0.89,0.85,0.89,84000,0
2016-03-07,07:35:00,0.89,0.93,0.89,0.93,38000,0
2016-03-07,07:50:00,0.91,0.91,0.91,0.91,48000,0
2016-03-07,07:55:00,0.91,0.91,0.91,0.91,2000,0
2016-03-07,08:15:00,0.91,0.91,0.87,0.87,56000,0
2016-03-07,08:20:00,0.87,0.87,0.86,0.86,70000,0
2016-03-07,08:40:00,0.86,0.86,0.86,0.86,10000,0
2016-03-07,09:00:00,0.87,0.87,0.86,0.87,8000,0
2016-03-08,03:50:00,0.9,0.94,0.87,0.92,212000,0
2016-03-08,04:25:00,0.91,0.91,0.86,0.86,204000,0
2016-03-08,04:30:00,0.86,0.88,0.86,0.88,16000,0
2016-03-08,04:45:00,0.87,0.87,0.86,0.86,36000,0
2016-03-08,05:00:00,0.86,0.87,0.86,0.87,16000,0
2016-03-08,07:35:00,0.87,0.87,0.85,0.85,76000,0
2016-03-08,08:55:00,0.85,0.88,0.85,0.88,12000,0
2016-03-08,09:00:00,0.88,0.9,0.88,0.9,4000,0
2016-03-09,08:05:00,0.85,0.89,0.85,0.86,148000,0
2016-03-09,08:10:00,0.86,0.89,0.86,0.89,40000,0
2016-03-09,08:35:00,0.89,0.89,0.86,0.86,40000,0
2016-03-09,08:55:00,0.87,0.87,0.87,0.87,10000,0
2016-03-10,06:25:00,0.88,0.88,0.87,0.88,20000,0
2016-03-11,02:45:00,0.88,0.88,0.88,0.88,56000,0
2016-03-11,08:00:00,0.85,0.87,0.85,0.87,20000,0
2016-03-14,03:10:00,0.86,0.87,0.86,0.87,142000,0
2016-03-14,03:35:00,0.87,0.87,0.87,0.87,30000,0
2016-03-14,03:55:00,0.87,0.87,0.86,0.86,246000,0
2016-03-14,06:15:00,0.86,0.86,0.86,0.86,12000,0
2016-03-14,08:00:00,0.85,0.87,0.85,0.87,8000,0
2016-03-14,09:00:00,0.87,0.87,0.85,0.86,12000,0
2016-03-15,02:40:00,0.82,0.83,0.82,0.83,6000,0
2016-03-15,02:55:00,0.84,0.86,0.84,0.86,20000,0
2016-03-15,03:00:00,0.86,0.86,0.86,0.86,2000,0
2016-03-15,03:15:00,0.86,0.86,0.86,0.86,16000,0
2016-03-15,03:20:00,0.86,0.86,0.86,0.86,30000,0
2016-03-15,03:25:00,0.86,0.86,0.86,0.86,12000,0
2016-03-15,03:50:00,0.86,0.86,0.86,0.86,10000,0
2016-03-15,04:05:00,0.86,0.86,0.86,0.86,2000,0
2016-03-15,08:20:00,0.86,0.86,0.86,0.86,10000,0
2016-03-16,04:05:00,0.84,0.86,0.82,0.82,212000,0
2016-03-16,04:25:00,0.82,0.85,0.82,0.85,12000,0
2016-03-16,05:00:00,0.83,0.83,0.83,0.83,4000,0
2016-03-16,08:10:00,0.83,0.83,0.82,0.82,18000,0
2016-03-16,08:20:00,0.82,0.84,0.82,0.84,4000,0
2016-03-16,09:00:00,0.81,0.85,0.81,0.85,18000,0
2016-03-17,02:50:00,0.85,0.85,0.85,0.85,30000,0
2016-03-17,08:55:00,0.82,0.83,0.82,0.83,6000,0
2016-03-17,09:00:00,0.83,0.85,0.83,0.85,8000,0
2016-03-18,02:50:00,0.85,0.85,0.85,0.85,46000,0
2016-03-18,03:15:00,0.85,0.86,0.85,0.86,108000,0
2016-03-18,06:20:00,0.86,0.86,0.86,0.86,50000,0
2016-03-18,07:40:00,0.86,0.86,0.85,0.85,30000,0
2016-03-18,08:10:00,0.85,0.85,0.85,0.85,42000,0
2016-03-18,09:00:00,0.85,0.85,0.84,0.85,8000,0
2016-03-21,03:20:00,0.85,0.87,0.85,0.86,26000,0
2016-03-21,03:35:00,0.86,0.86,0.86,0.86,4000,0
2016-03-21,04:15:00,0.86,0.87,0.86,0.87,46000,0
2016-03-21,04:35:00,0.87,0.87,0.87,0.87,22000,0
2016-03-21,04:40:00,0.87,0.89,0.87,0.89,30000,0
2016-03-21,04:55:00,0.89,0.89,0.89,0.89,20000,0
2016-03-21,05:00:00,0.89,0.9,0.89,0.9,8000,0
2016-03-21,07:00:00,0.9,0.9,0.88,0.88,28000,0
2016-03-21,07:10:00,0.88,0.88,0.88,0.88,10000,0
2016-03-21,07:25:00,0.88,0.88,0.88,0.88,2000,0
2016-03-21,08:45:00,0.87,0.87,0.87,0.87,2000,0
2016-03-21,08:55:00,0.87,0.87,0.87,0.87,20000,0
2016-03-22,04:30:00,0.87,0.87,0.87,0.87,4000,0
2016-03-22,06:20:00,0.87,0.87,0.87,0.87,10000,0
2016-03-22,07:10:00,0.87,0.87,0.87,0.87,2000,0
2016-03-22,07:40:00,0.87,0.87,0.87,0.87,4000,0
2016-03-22,09:00:00,0.87,0.87,0.86,0.87,20000,0
2016-03-23,03:35:00,0.9,0.9,0.87,0.9,4000,0
2016-03-23,03:55:00,0.9,0.92,0.9,0.92,98000,0
2016-03-23,04:15:00,0.92,0.92,0.91,0.91,68000,0
2016-03-23,04:20:00,0.91,0.91,0.91,0.91,40000,0
2016-03-23,04:30:00,0.91,0.91,0.91,0.91,22000,0
2016-03-23,06:45:00,0.91,0.93,0.91,0.93,84000,0
2016-03-23,06:55:00,0.93,0.94,0.93,0.94,24000,0
2016-03-23,07:00:00,0.94,0.94,0.94,0.94,10000,0
2016-03-23,07:45:00,0.94,0.94,0.9,0.9,114000,0
2016-03-23,09:00:00,0.91,0.92,0.91,0.91,12000,0
2016-03-24,04:10:00,0.9,0.91,0.9,0.91,10000,0
2016-03-24,06:40:00,0.9,0.9,0.85,0.85,88000,0
2016-03-24,06:50:00,0.85,0.9,0.85,0.9,8000,0
2016-03-24,08:50:00,0.9,0.94,0.9,0.94,58000,0
2016-03-29,10:00:00,0.89,0.89,0.87,0.89,12000,0
2016-03-30,04:30:00,0.91,0.91,0.91,0.91,6000,0
2016-03-30,07:45:00,0.91,0.93,0.91,0.93,18000,0
2016-03-30,07:55:00,0.91,0.92,0.91,0.92,92000,0
2016-03-30,08:15:00,0.91,0.91,0.91,0.91,68000,0
2016-03-30,08:20:00,0.91,0.92,0.91,0.92,316000,0
2016-03-30,08:30:00,0.92,0.92,0.92,0.92,12000,0
2016-03-30,10:00:00,0.9,0.9,0.88,0.89,30000,0
2016-03-31,03:50:00,0.89,0.89,0.89,0.89,20000,0
2016-03-31,07:25:00,0.89,0.89,0.89,0.89,2000,0
2016-03-31,08:35:00,0.88,0.88,0.88,0.88,30000,0
2016-03-31,08:50:00,0.88,0.89,0.88,0.89,4000,0
2016-03-31,09:55:00,0.87,0.9,0.87,0.89,24000,0
2016-04-01,03:45:00,0.86,0.89,0.86,0.86,20000,0
2016-04-01,03:55:00,0.86,0.86,0.86,0.86,30000,0
2016-04-01,04:35:00,0.86,0.87,0.86,0.87,4000,0
2016-04-01,08:55:00,0.87,0.87,0.87,0.87,28000,0
2016-04-01,09:05:00,0.87,0.87,0.87,0.87,72000,0
2016-04-01,09:55:00,0.86,0.86,0.86,0.86,50000,0
2016-04-01,10:00:00,0.85,0.89,0.85,0.89,22000,0
2016-04-05,07:20:00,0.89,0.89,0.85,0.85,38000,0
2016-04-05,07:45:00,0.84,0.89,0.84,0.89,12000,0
2016-04-05,09:50:00,0.88,0.88,0.88,0.88,10000,0
2016-04-05,10:00:00,0.88,0.88,0.88,0.88,2000,0
2016-04-06,04:20:00,0.88,0.88,0.88,0.88,10000,0
2016-04-06,04:55:00,0.88,0.88,0.88,0.88,16000,0
2016-04-06,07:10:00,0.88,0.88,0.86,0.86,20000,0
2016-04-06,07:15:00,0.86,0.86,0.84,0.84,70000,0
2016-04-06,07:20:00,0.84,0.84,0.84,0.84,50000,0
2016-04-06,07:25:00,0.84,0.84,0.83,0.83,70000,0
2016-04-06,07:40:00,0.83,0.83,0.81,0.81,170000,0
2016-04-06,07:45:00,0.81,0.81,0.81,0.81,82000,0
2016-04-06,08:10:00,0.81,0.83,0.81,0.83,104000,0
2016-04-06,08:20:00,0.83,0.85,0.83,0.85,74000,0
2016-04-06,08:35:00,0.85,0.85,0.82,0.82,52000,0
2016-04-06,08:40:00,0.82,0.82,0.81,0.81,420000,0
2016-04-06,08:45:00,0.81,0.81,0.81,0.81,40000,0
2016-04-06,08:55:00,0.81,0.84,0.81,0.84,106000,0
2016-04-06,09:05:00,0.84,0.84,0.84,0.84,54000,0
2016-04-06,09:10:00,0.84,0.84,0.84,0.84,6000,0
2016-04-06,09:25:00,0.84,0.86,0.84,0.86,56000,0
2016-04-06,09:30:00,0.86,0.87,0.86,0.87,80000,0
2016-04-06,09:40:00,0.86,0.87,0.84,0.84,44000,0
2016-04-06,09:45:00,0.84,0.88,0.84,0.86,52000,0
2016-04-06,09:50:00,0.86,0.86,0.86,0.86,2000,0
2016-04-06,09:55:00,0.86,0.88,0.86,0.88,18000,0
2016-04-06,10:00:00,0.88,0.9,0.85,0.87,130000,0
2016-04-07,03:50:00,0.9,0.9,0.87,0.9,4000,0
2016-04-07,08:10:00,0.89,0.91,0.89,0.91,66000,0
2016-04-07,08:15:00,0.91,0.91,0.91,0.91,2000,0
2016-04-07,08:20:00,0.91,0.91,0.9,0.9,8000,0
2016-04-08,04:50:00,0.86,0.86,0.86,0.86,28000,0
2016-04-08,06:00:00,0.86,0.86,0.86,0.86,62000,0
2016-04-08,09:15:00,0.85,0.88,0.85,0.88,18000,0
2016-04-11,07:10:00,0.86,0.88,0.86,0.86,32000,0
2016-04-11,07:50:00,0.85,0.87,0.85,0.87,30000,0
2016-04-12,04:40:00,0.87,0.88,0.87,0.88,20000,0
2016-04-13,04:40:00,0.88,0.89,0.88,0.89,44000,0
2016-04-13,05:30:00,0.87,0.87,0.85,0.85,20000,0
2016-04-13,07:05:00,0.85,0.89,0.85,0.88,124000,0
2016-04-13,07:25:00,0.88,0.88,0.85,0.85,238000,0
2016-04-13,07:35:00,0.85,0.85,0.83,0.83,220000,0
2016-04-13,08:10:00,0.84,0.85,0.84,0.85,90000,0
2016-04-13,08:15:00,0.85,0.87,0.85,0.87,34000,0
2016-04-13,08:40:00,0.87,0.87,0.83,0.83,442000,0
2016-04-13,08:45:00,0.83,0.85,0.83,0.85,16000,0
2016-04-13,09:55:00,0.84,0.84,0.84,0.84,64000,0
2016-04-13,10:00:00,0.84,0.84,0.83,0.83,72000,0
