Date,Time,Open,High,Low,Close,Volume,OpenInt
2016-03-18,02:35:00,12.26,12.3,12.24,12.26,362400,0
2016-03-18,02:40:00,12.26,12.36,12.24,12.34,373600,0
2016-03-18,02:45:00,12.34,12.34,12.28,12.3,129200,0
2016-03-18,02:50:00,12.3,12.36,12.3,12.36,861600,0
2016-03-18,02:55:00,12.36,12.44,12.34,12.42,1219600,0
2016-03-18,03:00:00,12.42,12.48,12.42,12.42,174800,0
2016-03-18,03:05:00,12.42,12.44,12.38,12.4,220800,0
2016-03-18,03:10:00,12.4,12.46,12.4,12.4,260400,0
2016-03-18,03:15:00,12.4,12.42,12.4,12.4,94000,0
2016-03-18,03:20:00,12.4,12.46,12.38,12.46,184800,0
2016-03-18,03:25:00,12.46,12.5,12.44,12.5,434800,0
2016-03-18,03:30:00,12.5,12.56,12.5,12.5,768400,0
2016-03-18,03:35:00,12.5,12.56,12.5,12.5,414800,0
2016-03-18,03:40:00,12.5,12.54,12.5,12.52,277200,0
2016-03-18,03:45:00,12.52,12.52,12.48,12.52,235600,0
2016-03-18,03:50:00,12.52,12.54,12.5,12.52,130000,0
2016-03-18,03:55:00,12.52,12.52,12.46,12.48,202400,0
2016-03-18,04:00:00,12.48,12.5,12.46,12.48,140400,0
2016-03-18,04:05:00,12.48,12.5,12.46,12.48,127200,0
2016-03-18,04:10:00,12.48,12.52,12.48,12.48,291600,0
2016-03-18,04:15:00,12.48,12.5,12.48,12.48,78800,0
2016-03-18,04:20:00,12.48,12.54,12.48,12.52,204400,0
2016-03-18,04:25:00,12.52,12.56,12.52,12.54,198800,0
2016-03-18,04:30:00,12.54,12.58,12.54,12.58,472000,0
2016-03-18,04:35:00,12.58,12.62,12.58,12.62,673667,0
2016-03-18,04:40:00,12.62,12.62,12.58,12.6,451200,0
2016-03-18,04:45:00,12.6,12.62,12.58,12.58,271600,0
2016-03-18,04:50:00,12.58,12.62,12.58,12.6,200800,0
2016-03-18,04:55:00,12.6,12.62,12.6,12.6,188800,0
2016-03-18,05:00:00,12.6,12.62,12.58,12.62,192000,0
2016-03-18,06:05:00,12.62,12.62,12.6,12.62,260800,0
2016-03-18,06:10:00,12.62,12.66,12.6,12.64,295600,0
2016-03-18,06:15:00,12.64,12.66,12.62,12.64,602800,0
2016-03-18,06:20:00,12.64,12.66,12.6,12.6,491200,0
2016-03-18,06:25:00,12.6,12.62,12.58,12.6,289600,0
2016-03-18,06:30:00,12.6,12.6,12.58,12.58,324483,0
2016-03-18,06:35:00,12.58,12.62,12.58,12.58,578400,0
2016-03-18,06:40:00,12.58,12.6,12.56,12.58,439200,0
2016-03-18,06:45:00,12.58,12.58,12.54,12.56,502000,0
2016-03-18,06:50:00,12.56,12.58,12.56,12.58,119600,0
2016-03-18,06:55:00,12.58,12.6,12.56,12.58,233600,0
2016-03-18,07:00:00,12.58,12.6,12.58,12.58,147200,0
2016-03-18,07:05:00,12.58,12.6,12.56,12.58,338800,0
2016-03-18,07:10:00,12.58,12.6,12.58,12.6,151200,0
2016-03-18,07:15:00,12.6,12.62,12.6,12.62,208800,0
2016-03-18,07:20:00,12.62,12.62,12.6,12.62,138400,0
2016-03-18,07:25:00,12.62,12.62,12.6,12.62,46400,0
2016-03-18,07:30:00,12.62,12.62,12.56,12.58,588800,0
2016-03-18,07:35:00,12.58,12.6,12.56,12.58,228000,0
2016-03-18,07:40:00,12.58,12.58,12.56,12.58,117200,0
2016-03-18,07:45:00,12.58,12.6,12.56,12.58,356400,0
2016-03-18,07:50:00,12.58,12.62,12.56,12.58,496000,0
2016-03-18,07:55:00,12.58,12.58,12.54,12.56,522800,0
2016-03-18,08:00:00,12.56,12.6,12.54,12.6,830400,0
2016-03-18,08:05:00,12.6,12.6,12.58,12.6,126800,0
2016-03-18,08:10:00,12.6,12.62,12.58,12.6,444800,0
2016-03-18,08:15:00,12.6,12.62,12.58,12.6,250400,0
2016-03-18,08:20:00,12.6,12.62,12.58,12.6,394400,0
2016-03-18,08:25:00,12.6,12.62,12.58,12.62,291200,0
2016-03-18,08:30:00,12.62,12.62,12.6,12.6,236800,0
2016-03-18,08:35:00,12.6,12.62,12.56,12.58,247600,0
2016-03-18,08:40:00,12.58,12.58,12.54,12.56,583200,0
2016-03-18,08:45:00,12.56,12.58,12.54,12.56,431200,0
2016-03-18,08:50:00,12.56,12.58,12.54,12.58,815528,0
2016-03-18,08:55:00,12.58,12.62,12.56,12.6,972400,0
2016-03-18,09:00:00,12.6,12.68,12.6,12.64,5734000,0
2016-03-21,02:35:00,12.92,13.16,12.84,13.16,4754000,0
2016-03-21,02:40:00,13.16,13.38,13.12,13.28,2631550,0
2016-03-21,02:45:00,13.28,13.4,13.26,13.3,4001600,0
2016-03-21,02:50:00,13.3,13.32,13.24,13.3,1936200,0
2016-03-21,02:55:00,13.3,13.5,13.28,13.48,3955828,0
2016-03-21,03:00:00,13.48,13.5,13.42,13.42,1240800,0
2016-03-21,03:05:00,13.42,13.52,13.42,13.52,1974910,0
2016-03-21,03:10:00,13.52,13.52,13.4,13.46,1586800,0
2016-03-21,03:15:00,13.46,13.54,13.42,13.5,1722000,0
2016-03-21,03:20:00,13.5,13.54,13.48,13.5,956400,0
2016-03-21,03:25:00,13.5,13.56,13.5,13.52,824400,0
2016-03-21,03:30:00,13.52,13.62,13.5,13.62,2100730,0
2016-03-21,03:35:00,13.62,13.64,13.6,13.62,732400,0
2016-03-21,03:40:00,13.62,13.72,13.62,13.7,2291600,0
2016-03-21,03:45:00,13.7,13.72,13.64,13.68,810000,0
2016-03-21,03:50:00,13.68,13.7,13.64,13.68,481600,0
2016-03-21,03:55:00,13.68,13.68,13.66,13.68,504400,0
2016-03-21,04:00:00,13.68,13.72,13.68,13.7,598000,0
2016-03-21,04:05:00,13.7,13.72,13.68,13.68,858400,0
2016-03-21,04:10:00,13.68,13.68,13.54,13.66,1258800,0
2016-03-21,04:15:00,13.66,13.68,13.62,13.62,528000,0
2016-03-21,04:20:00,13.62,13.62,13.54,13.54,1244400,0
2016-03-21,04:25:00,13.54,13.58,13.5,13.5,1184800,0
2016-03-21,04:30:00,13.5,13.52,13.46,13.5,754800,0
2016-03-21,04:35:00,13.5,13.54,13.48,13.52,454400,0
2016-03-21,04:40:00,13.52,13.56,13.5,13.5,698800,0
2016-03-21,04:45:00,13.5,13.52,13.42,13.42,745600,0
2016-03-21,04:50:00,13.42,13.42,13.36,13.4,1051600,0
2016-03-21,04:55:00,13.4,13.42,13.36,13.38,952880,0
2016-03-21,05:00:00,13.38,13.4,13.34,13.4,731200,0
2016-03-21,06:05:00,13.4,13.46,13.36,13.36,1945200,0
2016-03-21,06:10:00,13.36,13.38,13.34,13.34,423200,0
2016-03-21,06:15:00,13.34,13.34,13.26,13.3,2012000,0
2016-03-21,06:20:00,13.3,13.34,13.28,13.3,774400,0
2016-03-21,06:25:00,13.3,13.32,13.28,13.32,839200,0
2016-03-21,06:30:00,13.32,13.36,13.3,13.34,1022060,0
2016-03-21,06:35:00,13.34,13.38,13.34,13.36,771640,0
2016-03-21,06:40:00,13.36,13.4,13.34,13.4,380869,0
2016-03-21,06:45:00,13.4,13.4,13.36,13.38,509200,0
2016-03-21,06:50:00,13.38,13.38,13.28,13.28,1392800,0
2016-03-21,06:55:00,13.28,13.28,13.24,13.28,485200,0
2016-03-21,07:00:00,13.28,13.28,13.2,13.2,656800,0
2016-03-21,07:05:00,13.2,13.24,13.18,13.18,1068800,0
2016-03-21,07:10:00,13.18,13.2,13.16,13.16,491200,0
2016-03-21,07:15:00,13.16,13.18,13.14,13.16,476000,0
2016-03-21,07:20:00,13.16,13.2,13.16,13.2,496400,0
2016-03-21,07:25:00,13.2,13.26,13.18,13.24,1206800,0
2016-03-21,07:30:00,13.24,13.24,13.2,13.22,450800,0
2016-03-21,07:35:00,13.22,13.28,13.22,13.28,964400,0
2016-03-21,07:40:00,13.28,13.34,13.28,13.32,625200,0
2016-03-21,07:45:00,13.32,13.34,13.28,13.28,761200,0
2016-03-21,07:50:00,13.28,13.32,13.26,13.26,605200,0
2016-03-21,07:55:00,13.26,13.3,13.24,13.28,478800,0
2016-03-21,08:00:00,13.28,13.3,13.26,13.28,333200,0
2016-03-21,08:05:00,13.28,13.3,13.26,13.3,487600,0
2016-03-21,08:10:00,13.3,13.32,13.26,13.32,589600,0
2016-03-21,08:15:00,13.32,13.36,13.32,13.36,729600,0
2016-03-21,08:20:00,13.36,13.4,13.36,13.38,1132000,0
2016-03-21,08:25:00,13.38,13.44,13.38,13.42,1460000,0
2016-03-21,08:30:00,13.42,13.44,13.38,13.4,979200,0
2016-03-21,08:35:00,13.4,13.46,13.38,13.42,1240000,0
2016-03-21,08:40:00,13.42,13.42,13.3,13.3,1547200,0
2016-03-21,08:45:00,13.3,13.34,13.3,13.34,830300,0
2016-03-21,08:50:00,13.34,13.36,13.3,13.34,625200,0
2016-03-21,08:55:00,13.34,13.38,13.28,13.28,1632800,0
2016-03-21,09:00:00,13.28,13.36,13.28,13.32,3548000,0
2016-03-22,02:35:00,13.42,13.42,13.22,13.24,841600,0
2016-03-22,02:40:00,13.24,13.34,13.22,13.34,447600,0
2016-03-22,02:45:00,13.34,13.34,13.32,13.34,207200,0
2016-03-22,02:50:00,13.34,13.4,13.32,13.38,445600,0
2016-03-22,02:55:00,13.38,13.4,13.26,13.26,461600,0
2016-03-22,03:00:00,13.26,13.32,13.26,13.28,481600,0
2016-03-22,03:05:00,13.28,13.32,13.26,13.3,372000,0
2016-03-22,03:10:00,13.3,13.32,13.3,13.3,135600,0
2016-03-22,03:15:00,13.3,13.32,13.24,13.26,1063200,0
2016-03-22,03:20:00,13.26,13.32,13.26,13.32,343600,0
2016-03-22,03:25:00,13.32,13.34,13.3,13.3,172000,0
2016-03-22,03:30:00,13.3,13.32,13.3,13.3,185200,0
2016-03-22,03:35:00,13.3,13.32,13.28,13.3,745912,0
2016-03-22,03:40:00,13.3,13.3,13.28,13.3,384000,0
2016-03-22,03:45:00,13.3,13.36,13.3,13.34,301200,0
2016-03-22,03:50:00,13.34,13.36,13.3,13.34,494800,0
2016-03-22,03:55:00,13.34,13.36,13.3,13.32,516400,0
2016-03-22,04:00:00,13.32,13.34,13.3,13.3,434800,0
2016-03-22,04:05:00,13.3,13.34,13.3,13.34,330040,0
2016-03-22,04:10:00,13.34,13.38,13.34,13.34,287200,0
2016-03-22,04:15:00,13.34,13.36,13.32,13.32,269200,0
2016-03-22,04:20:00,13.32,13.34,13.28,13.28,82000,0
2016-03-22,04:25:00,13.28,13.28,13.24,13.24,263600,0
2016-03-22,04:30:00,13.24,13.26,13.24,13.24,24800,0
2016-03-22,04:35:00,13.24,13.26,13.24,13.26,126000,0
2016-03-22,04:40:00,13.26,13.26,13.22,13.22,245600,0
2016-03-22,04:45:00,13.22,13.24,13.22,13.24,70800,0
2016-03-22,04:50:00,13.24,13.24,13.18,13.2,382800,0
2016-03-22,04:55:00,13.2,13.2,13.16,13.18,279600,0
2016-03-22,05:00:00,13.18,13.2,13.14,13.18,531600,0
2016-03-22,06:05:00,13.18,13.24,13.18,13.2,512800,0
2016-03-22,06:10:00,13.2,13.24,13.2,13.2,404800,0
2016-03-22,06:15:00,13.2,13.22,13.2,13.2,70400,0
2016-03-22,06:20:00,13.2,13.22,13.18,13.18,253600,0
2016-03-22,06:25:00,13.18,13.28,13.18,13.26,448400,0
2016-03-22,06:30:00,13.26,13.3,13.26,13.28,336000,0
2016-03-22,06:35:00,13.28,13.28,13.26,13.28,76800,0
2016-03-22,06:40:00,13.28,13.3,13.24,13.24,412800,0
2016-03-22,06:45:00,13.24,13.24,13.18,13.2,180800,0
2016-03-22,06:50:00,13.2,13.28,13.2,13.26,401200,0
2016-03-22,06:55:00,13.26,13.32,13.26,13.3,558000,0
2016-03-22,07:00:00,13.3,13.32,13.3,13.32,222000,0
2016-03-22,07:05:00,13.32,13.32,13.3,13.32,174800,0
2016-03-22,07:10:00,13.32,13.32,13.26,13.3,543200,0
2016-03-22,07:15:00,13.3,13.3,13.26,13.28,163200,0
2016-03-22,07:20:00,13.28,13.28,13.24,13.24,211200,0
2016-03-22,07:25:00,13.24,13.26,13.22,13.24,350800,0
2016-03-22,07:30:00,13.24,13.28,13.24,13.26,178000,0
2016-03-22,07:35:00,13.26,13.28,13.24,13.26,524400,0
2016-03-22,07:40:00,13.26,13.26,13.24,13.26,186000,0
2016-03-22,07:45:00,13.26,13.3,13.26,13.28,312800,0
2016-03-22,07:50:00,13.28,13.28,13.2,13.2,750400,0
2016-03-22,07:55:00,13.2,13.24,13.14,13.18,883600,0
2016-03-22,08:00:00,13.18,13.22,13.18,13.22,153600,0
2016-03-22,08:05:00,13.22,13.22,13.2,13.22,171200,0
2016-03-22,08:10:00,13.22,13.24,13.18,13.2,430400,0
2016-03-22,08:15:00,13.2,13.22,13.2,13.22,103200,0
2016-03-22,08:20:00,13.22,13.22,13.18,13.2,172200,0
2016-03-22,08:25:00,13.2,13.2,13.18,13.2,106000,0
2016-03-22,08:30:00,13.2,13.2,13.14,13.16,322400,0
2016-03-22,08:35:00,13.16,13.2,13.14,13.18,559600,0
2016-03-22,08:40:00,13.18,13.2,13.16,13.18,158400,0
2016-03-22,08:45:00,13.18,13.2,13.18,13.2,311600,0
2016-03-22,08:50:00,13.2,13.2,13.14,13.18,954800,0
2016-03-22,08:55:00,13.18,13.26,13.18,13.22,1274800,0
2016-03-22,09:00:00,13.22,13.28,13.2,13.24,2922400,0
2016-03-23,02:35:00,13.2,13.28,13.14,13.28,213600,0
2016-03-23,02:40:00,13.28,13.3,13.24,13.24,105600,0
2016-03-23,02:45:00,13.24,13.32,13.24,13.32,144400,0
2016-03-23,02:50:00,13.32,13.36,13.3,13.34,241200,0
2016-03-23,02:55:00,13.34,13.36,13.3,13.32,710800,0
2016-03-23,03:00:00,13.32,13.32,13.28,13.3,478400,0
2016-03-23,03:05:00,13.3,13.34,13.28,13.28,598400,0
2016-03-23,03:10:00,13.28,13.28,13.26,13.28,114800,0
2016-03-23,03:15:00,13.28,13.28,13.26,13.28,180800,0
2016-03-23,03:20:00,13.28,13.28,13.24,13.24,49600,0
2016-03-23,03:25:00,13.24,13.28,13.24,13.28,51600,0
2016-03-23,03:30:00,13.28,13.28,13.22,13.28,400000,0
2016-03-23,03:35:00,13.28,13.28,13.24,13.24,219200,0
2016-03-23,03:40:00,13.24,13.24,13.22,13.22,153600,0
2016-03-23,03:45:00,13.22,13.24,13.2,13.22,414800,0
2016-03-23,03:50:00,13.22,13.26,13.22,13.22,367600,0
2016-03-23,03:55:00,13.22,13.26,13.22,13.24,357200,0
2016-03-23,04:00:00,13.24,13.28,13.22,13.28,223600,0
2016-03-23,04:05:00,13.28,13.3,13.26,13.28,403600,0
2016-03-23,04:10:00,13.28,13.36,13.28,13.3,1458400,0
2016-03-23,04:15:00,13.3,13.3,13.28,13.28,256000,0
2016-03-23,04:20:00,13.28,13.3,13.28,13.3,112000,0
2016-03-23,04:25:00,13.3,13.3,13.28,13.3,99200,0
2016-03-23,04:30:00,13.3,13.3,13.26,13.28,150800,0
2016-03-23,04:35:00,13.28,13.28,13.24,13.26,164400,0
2016-03-23,04:40:00,13.26,13.26,13.26,13.26,38000,0
2016-03-23,04:45:00,13.26,13.28,13.24,13.26,146000,0
2016-03-23,04:50:00,13.26,13.28,13.24,13.28,56400,0
2016-03-23,04:55:00,13.28,13.28,13.26,13.28,70000,0
2016-03-23,05:00:00,13.28,13.28,13.26,13.28,99200,0
2016-03-23,06:05:00,13.28,13.28,13.26,13.26,232800,0
2016-03-23,06:10:00,13.26,13.26,13.16,13.16,321200,0
2016-03-23,06:15:00,13.16,13.18,13.14,13.16,155600,0
2016-03-23,06:20:00,13.16,13.2,13.16,13.18,101600,0
2016-03-23,06:25:00,13.18,13.2,13.14,13.18,267600,0
2016-03-23,06:30:00,13.18,13.18,13.14,13.16,218000,0
2016-03-23,06:35:00,13.16,13.16,13.14,13.14,339200,0
2016-03-23,06:40:00,13.14,13.16,13.12,13.16,67200,0
2016-03-23,06:45:00,13.16,13.18,13.14,13.18,148000,0
2016-03-23,06:50:00,13.18,13.18,13.14,13.14,137200,0
2016-03-23,06:55:00,13.14,13.16,13.12,13.16,99189,0
2016-03-23,07:00:00,13.16,13.16,13.12,13.12,144400,0
2016-03-23,07:05:00,13.12,13.12,13.06,13.1,576400,0
2016-03-23,07:10:00,13.1,13.14,13.1,13.14,48800,0
2016-03-23,07:15:00,13.14,13.18,13.12,13.18,148000,0
2016-03-23,07:20:00,13.18,13.2,13.16,13.18,90400,0
2016-03-23,07:25:00,13.18,13.2,13.16,13.16,87200,0
2016-03-23,07:30:00,13.16,13.18,13.12,13.12,192000,0
2016-03-23,07:35:00,13.12,13.16,13.12,13.16,142800,0
2016-03-23,07:40:00,13.16,13.16,13.14,13.16,117200,0
2016-03-23,07:45:00,13.16,13.18,13.14,13.18,157200,0
2016-03-23,07:50:00,13.18,13.2,13.18,13.2,138400,0
2016-03-23,07:55:00,13.2,13.26,13.18,13.22,360000,0
2016-03-23,08:00:00,13.22,13.22,13.2,13.2,186800,0
2016-03-23,08:05:00,13.2,13.22,13.16,13.16,175200,0
2016-03-23,08:10:00,13.16,13.2,13.16,13.2,100000,0
2016-03-23,08:15:00,13.2,13.22,13.16,13.22,135200,0
2016-03-23,08:20:00,13.22,13.22,13.16,13.2,170800,0
2016-03-23,08:25:00,13.2,13.22,13.18,13.2,75200,0
2016-03-23,08:30:00,13.2,13.24,13.2,13.24,348728,0
2016-03-23,08:35:00,13.24,13.24,13.2,13.2,231200,0
2016-03-23,08:40:00,13.2,13.22,13.18,13.2,334800,0
2016-03-23,08:45:00,13.2,13.24,13.2,13.2,695200,0
2016-03-23,08:50:00,13.2,13.22,13.18,13.18,452508,0
2016-03-23,08:55:00,13.18,13.2,13.18,13.2,412800,0
2016-03-23,09:00:00,13.2,13.2,13.16,13.2,1518000,0
2016-03-24,02:35:00,13.04,13.04,12.92,12.94,1492800,0
2016-03-24,02:40:00,12.94,12.94,12.86,12.92,1307200,0
2016-03-24,02:45:00,12.92,13,12.92,12.94,654800,0
2016-03-24,02:50:00,12.94,12.94,12.84,12.9,886400,0
2016-03-24,02:55:00,12.9,12.92,12.88,12.92,489600,0
2016-03-24,03:00:00,12.92,12.94,12.88,12.92,404800,0
2016-03-24,03:05:00,12.92,12.94,12.9,12.94,224400,0
2016-03-24,03:10:00,12.94,12.96,12.92,12.92,803600,0
2016-03-24,03:15:00,12.92,12.94,12.9,12.94,542800,0
2016-03-24,03:20:00,12.94,12.98,12.92,12.98,848800,0
2016-03-24,03:25:00,12.98,13,12.98,12.98,360000,0
2016-03-24,03:30:00,12.98,13.1,12.98,13.08,957200,0
2016-03-24,03:35:00,13.08,13.08,12.98,13,340400,0
2016-03-24,03:40:00,13,13,12.98,13,178800,0
2016-03-24,03:45:00,13,13,12.96,12.96,300800,0
2016-03-24,03:50:00,12.96,12.98,12.96,12.96,46800,0
2016-03-24,03:55:00,12.96,12.98,12.9,12.92,852800,0
2016-03-24,04:00:00,12.92,12.94,12.9,12.9,180800,0
2016-03-24,04:05:00,12.9,12.92,12.88,12.88,159600,0
2016-03-24,04:10:00,12.88,12.92,12.88,12.88,487200,0
2016-03-24,04:15:00,12.88,12.92,12.88,12.9,152000,0
2016-03-24,04:20:00,12.9,12.92,12.86,12.88,715200,0
2016-03-24,04:25:00,12.88,12.88,12.86,12.88,64000,0
2016-03-24,04:30:00,12.88,12.92,12.86,12.9,337200,0
2016-03-24,04:35:00,12.9,12.9,12.86,12.88,538800,0
2016-03-24,04:40:00,12.88,12.9,12.88,12.9,48000,0
2016-03-24,04:45:00,12.9,12.9,12.86,12.86,150400,0
2016-03-24,04:50:00,12.86,12.88,12.84,12.84,379600,0
2016-03-24,04:55:00,12.84,12.88,12.84,12.88,153200,0
2016-03-24,05:00:00,12.88,12.88,12.86,12.86,64000,0
2016-03-24,06:05:00,12.86,12.88,12.86,12.88,186502,0
2016-03-24,06:10:00,12.88,12.9,12.88,12.88,124800,0
2016-03-24,06:15:00,12.88,12.9,12.86,12.88,200800,0
2016-03-24,06:20:00,12.88,12.92,12.86,12.9,778400,0
2016-03-24,06:25:00,12.9,12.94,12.9,12.92,134400,0
2016-03-24,06:30:00,12.92,12.94,12.9,12.92,125600,0
2016-03-24,06:35:00,12.92,12.92,12.88,12.88,339200,0
2016-03-24,06:40:00,12.88,12.9,12.88,12.88,45400,0
2016-03-24,06:45:00,12.88,12.9,12.88,12.9,92800,0
2016-03-24,06:50:00,12.9,12.9,12.88,12.9,257600,0
2016-03-24,06:55:00,12.9,12.9,12.88,12.88,302800,0
2016-03-24,07:00:00,12.88,12.92,12.88,12.9,240400,0
2016-03-24,07:05:00,12.9,12.9,12.88,12.88,280372,0
2016-03-24,07:10:00,12.88,12.92,12.88,12.88,224800,0
2016-03-24,07:15:00,12.88,12.9,12.88,12.9,50100,0
2016-03-24,07:20:00,12.9,12.9,12.88,12.88,107200,0
2016-03-24,07:25:00,12.88,12.92,12.86,12.92,676000,0
2016-03-24,07:30:00,12.92,12.92,12.86,12.86,436400,0
2016-03-24,07:35:00,12.86,12.88,12.84,12.84,327200,0
2016-03-24,07:40:00,12.84,12.88,12.84,12.86,239200,0
2016-03-24,07:45:00,12.86,12.86,12.8,12.8,584800,0
2016-03-24,07:50:00,12.8,12.84,12.8,12.84,274400,0
2016-03-24,07:55:00,12.84,12.84,12.8,12.82,354000,0
2016-03-24,08:00:00,12.82,12.82,12.8,12.8,240800,0
2016-03-24,08:05:00,12.8,12.82,12.8,12.8,429200,0
2016-03-24,08:10:00,12.8,12.82,12.8,12.8,205600,0
2016-03-24,08:15:00,12.8,12.82,12.74,12.74,652000,0
2016-03-24,08:20:00,12.72,12.74,12.72,12.74,115600,0
2016-03-24,08:25:00,12.72,12.76,12.72,12.74,236000,0
2016-03-24,08:30:00,12.74,12.76,12.74,12.74,82800,0
2016-03-24,08:35:00,12.72,12.76,12.72,12.76,331200,0
2016-03-24,08:40:00,12.76,12.76,12.74,12.74,586800,0
2016-03-24,08:45:00,12.74,12.76,12.74,12.74,580000,0
2016-03-24,08:50:00,12.74,12.76,12.72,12.74,882800,0
2016-03-24,08:55:00,12.74,12.74,12.72,12.74,147600,0
2016-03-24,09:00:00,12.72,12.76,12.72,12.74,1558800,0
2016-03-29,03:35:00,12.7,12.76,12.68,12.7,411200,0
2016-03-29,03:40:00,12.7,12.72,12.68,12.72,305200,0
2016-03-29,03:45:00,12.72,12.72,12.64,12.7,388000,0
2016-03-29,03:50:00,12.7,12.72,12.7,12.7,106400,0
2016-03-29,03:55:00,12.7,12.78,12.7,12.78,126400,0
2016-03-29,04:00:00,12.78,12.82,12.74,12.74,251128,0
2016-03-29,04:05:00,12.74,12.78,12.74,12.78,298800,0
2016-03-29,04:10:00,12.78,12.78,12.78,12.78,155600,0
2016-03-29,04:15:00,12.78,12.86,12.78,12.84,204000,0
2016-03-29,04:20:00,12.84,12.9,12.8,12.86,603200,0
2016-03-29,04:25:00,12.86,12.88,12.84,12.84,427200,0
2016-03-29,04:30:00,12.84,12.84,12.82,12.82,234800,0
2016-03-29,04:35:00,12.82,12.82,12.78,12.8,79200,0
2016-03-29,04:40:00,12.8,12.84,12.78,12.8,250800,0
2016-03-29,04:45:00,12.8,12.82,12.8,12.82,30800,0
2016-03-29,04:50:00,12.82,12.82,12.8,12.82,39600,0
2016-03-29,04:55:00,12.82,12.84,12.8,12.8,92800,0
2016-03-29,05:00:00,12.8,12.82,12.78,12.8,220800,0
2016-03-29,05:05:00,12.8,12.86,12.8,12.86,43200,0
2016-03-29,05:10:00,12.86,12.86,12.82,12.84,163600,0
2016-03-29,05:15:00,12.84,12.84,12.82,12.84,60800,0
2016-03-29,05:20:00,12.84,12.86,12.84,12.84,269600,0
2016-03-29,05:25:00,12.84,12.84,12.82,12.84,162400,0
2016-03-29,05:30:00,12.84,12.84,12.78,12.78,374000,0
2016-03-29,05:35:00,12.78,12.78,12.74,12.78,176800,0
2016-03-29,05:40:00,12.78,12.8,12.76,12.8,334400,0
2016-03-29,05:45:00,12.8,12.8,12.78,12.78,46800,0
2016-03-29,05:50:00,12.78,12.84,12.78,12.82,572400,0
2016-03-29,05:55:00,12.82,12.82,12.8,12.8,91200,0
2016-03-29,06:00:00,12.8,12.84,12.8,12.84,387600,0
2016-03-29,07:05:00,12.84,12.84,12.82,12.82,77600,0
2016-03-29,07:10:00,12.82,12.84,12.8,12.8,88800,0
2016-03-29,07:15:00,12.8,12.84,12.8,12.82,241200,0
2016-03-29,07:20:00,12.82,12.86,12.82,12.84,270400,0
2016-03-29,07:25:00,12.84,12.84,12.84,12.84,31600,0
2016-03-29,07:30:00,12.84,12.84,12.82,12.84,158400,0
2016-03-29,07:35:00,12.84,12.9,12.82,12.9,115600,0
2016-03-29,07:40:00,12.9,12.92,12.88,12.9,248800,0
2016-03-29,07:45:00,12.9,12.94,12.9,12.9,250000,0
2016-03-29,07:50:00,12.9,12.94,12.9,12.92,86800,0
2016-03-29,07:55:00,12.92,12.94,12.92,12.92,34800,0
2016-03-29,08:00:00,12.92,12.96,12.92,12.96,118400,0
2016-03-29,08:05:00,12.96,12.96,12.94,12.94,87600,0
2016-03-29,08:10:00,12.94,12.96,12.94,12.96,242000,0
2016-03-29,08:15:00,12.96,12.96,12.94,12.94,102000,0
2016-03-29,08:20:00,12.94,12.96,12.92,12.94,135200,0
2016-03-29,08:25:00,12.94,12.94,12.9,12.9,187600,0
2016-03-29,08:30:00,12.9,12.92,12.9,12.9,261200,0
2016-03-29,08:35:00,12.9,12.9,12.88,12.9,73200,0
2016-03-29,08:40:00,12.9,12.9,12.86,12.86,364000,0
2016-03-29,08:45:00,12.86,12.88,12.86,12.86,87600,0
2016-03-29,08:50:00,12.86,12.88,12.84,12.84,367600,0
2016-03-29,08:55:00,12.84,12.88,12.84,12.86,138400,0
2016-03-29,09:00:00,12.86,12.88,12.84,12.84,231200,0
2016-03-29,09:05:00,12.84,12.86,12.84,12.84,367200,0
2016-03-29,09:10:00,12.84,12.88,12.84,12.86,72800,0
2016-03-29,09:15:00,12.86,12.86,12.84,12.84,383600,0
2016-03-29,09:20:00,12.84,12.9,12.84,12.86,390000,0
2016-03-29,09:25:00,12.86,12.88,12.86,12.86,340800,0
2016-03-29,09:30:00,12.86,12.88,12.86,12.86,124400,0
2016-03-29,09:35:00,12.86,12.86,12.82,12.86,548800,0
2016-03-29,09:40:00,12.86,12.86,12.8,12.8,227200,0
2016-03-29,09:45:00,12.8,12.84,12.8,12.8,303200,0
2016-03-29,09:50:00,12.8,12.84,12.8,12.82,562800,0
2016-03-29,09:55:00,12.82,12.84,12.8,12.82,421600,0
2016-03-29,10:00:00,12.82,12.88,12.8,12.86,2580000,0
2016-03-30,03:35:00,12.98,13.1,12.92,13.04,700600,0
2016-03-30,03:40:00,13.04,13.26,13.02,13.24,701600,0
2016-03-30,03:45:00,13.24,13.24,13.14,13.14,490800,0
2016-03-30,03:50:00,13.14,13.2,13.14,13.14,121600,0
2016-03-30,03:55:00,13.14,13.18,13.12,13.18,332800,0
2016-03-30,04:00:00,13.18,13.22,13.16,13.18,644400,0
2016-03-30,04:05:00,13.18,13.3,13.16,13.18,995600,0
2016-03-30,04:10:00,13.18,13.2,13.16,13.18,177200,0
2016-03-30,04:15:00,13.18,13.2,13.16,13.18,353600,0
2016-03-30,04:20:00,13.18,13.2,13.14,13.16,620000,0
2016-03-30,04:25:00,13.16,13.18,13.14,13.18,284400,0
2016-03-30,04:30:00,13.18,13.2,13.16,13.18,159200,0
2016-03-30,04:35:00,13.18,13.22,13.16,13.2,554000,0
2016-03-30,04:40:00,13.2,13.2,13.16,13.18,314000,0
2016-03-30,04:45:00,13.18,13.18,13.16,13.18,128400,0
2016-03-30,04:50:00,13.18,13.18,13.12,13.16,367200,0
2016-03-30,04:55:00,13.16,13.16,13,13.06,574400,0
2016-03-30,05:00:00,13.06,13.14,13.04,13.1,428400,0
2016-03-30,05:05:00,13.1,13.12,13.06,13.08,324800,0
2016-03-30,05:10:00,13.08,13.14,13.06,13.1,215600,0
2016-03-30,05:15:00,13.1,13.14,13.1,13.12,79600,0
2016-03-30,05:20:00,13.12,13.14,13.1,13.12,293600,0
2016-03-30,05:25:00,13.12,13.12,13.1,13.12,119200,0
2016-03-30,05:30:00,13.12,13.14,13.1,13.1,224800,0
2016-03-30,05:35:00,13.1,13.16,13.1,13.16,300508,0
2016-03-30,05:40:00,13.16,13.18,13.1,13.12,225200,0
2016-03-30,05:45:00,13.12,13.14,13.1,13.14,110400,0
2016-03-30,05:50:00,13.14,13.16,13.1,13.12,111200,0
2016-03-30,05:55:00,13.12,13.14,13.1,13.12,119600,0
2016-03-30,06:00:00,13.12,13.14,13.1,13.12,229600,0
2016-03-30,07:05:00,13.12,13.16,13.1,13.12,308400,0
2016-03-30,07:10:00,13.12,13.14,13.1,13.12,110400,0
2016-03-30,07:15:00,13.12,13.12,13.1,13.1,84400,0
2016-03-30,07:20:00,13.1,13.12,13.1,13.1,107200,0
2016-03-30,07:25:00,13.1,13.12,13.1,13.12,116800,0
2016-03-30,07:30:00,13.12,13.18,13.1,13.14,344000,0
2016-03-30,07:35:00,13.14,13.18,13.14,13.14,124800,0
2016-03-30,07:40:00,13.14,13.16,13.12,13.14,129600,0
2016-03-30,07:45:00,13.14,13.14,13.12,13.14,141200,0
2016-03-30,07:50:00,13.14,13.16,13.12,13.14,108400,0
2016-03-30,07:55:00,13.14,13.16,13.12,13.12,203200,0
2016-03-30,08:00:00,13.12,13.14,13.12,13.14,82000,0
2016-03-30,08:05:00,13.14,13.16,13.12,13.14,298000,0
2016-03-30,08:10:00,13.14,13.16,13.08,13.1,453600,0
2016-03-30,08:15:00,13.1,13.14,13.1,13.12,298400,0
2016-03-30,08:20:00,13.12,13.18,13.12,13.16,374000,0
2016-03-30,08:25:00,13.16,13.18,13.14,13.18,572800,0
2016-03-30,08:30:00,13.18,13.2,13.16,13.2,320800,0
2016-03-30,08:35:00,13.2,13.2,13.16,13.2,637200,0
2016-03-30,08:40:00,13.2,13.2,13.16,13.16,304400,0
2016-03-30,08:45:00,13.16,13.2,13.16,13.18,925600,0
2016-03-30,08:50:00,13.18,13.2,13.18,13.2,80000,0
2016-03-30,08:55:00,13.2,13.2,13.16,13.18,967200,0
2016-03-30,09:00:00,13.18,13.18,13.16,13.18,99600,0
2016-03-30,09:05:00,13.18,13.18,13.16,13.16,164400,0
2016-03-30,09:10:00,13.16,13.22,13.16,13.2,725600,0
2016-03-30,09:15:00,13.2,13.2,13.16,13.16,268400,0
2016-03-30,09:20:00,13.16,13.18,13.16,13.18,479200,0
2016-03-30,09:25:00,13.18,13.2,13.16,13.18,465200,0
2016-03-30,09:30:00,13.18,13.18,13.16,13.18,688000,0
2016-03-30,09:35:00,13.18,13.22,13.18,13.2,1505600,0
2016-03-30,09:40:00,13.2,13.24,13.2,13.24,1135200,0
2016-03-30,09:45:00,13.24,13.24,13.22,13.24,442000,0
2016-03-30,09:50:00,13.24,13.24,13.18,13.18,955200,0
2016-03-30,09:55:00,13.18,13.2,13.16,13.16,598400,0
2016-03-30,10:00:00,13.16,13.26,13.16,13.24,2219401,0
2016-03-31,03:35:00,13.28,13.3,13.16,13.28,603600,0
2016-03-31,03:40:00,13.28,13.36,13.22,13.36,963600,0
2016-03-31,03:45:00,13.36,13.36,13.24,13.26,989200,0
2016-03-31,03:50:00,13.26,13.3,13.2,13.2,243958,0
2016-03-31,03:55:00,13.2,13.34,13.18,13.34,955200,0
2016-03-31,04:00:00,13.34,13.36,13.32,13.34,185600,0
2016-03-31,04:05:00,13.34,13.36,13.32,13.34,249600,0
2016-03-31,04:10:00,13.34,13.34,13.3,13.3,716000,0
2016-03-31,04:15:00,13.3,13.34,13.26,13.3,403200,0
2016-03-31,04:20:00,13.3,13.32,13.3,13.32,79600,0
2016-03-31,04:25:00,13.32,13.32,13.28,13.28,146400,0
2016-03-31,04:30:00,13.28,13.3,13.26,13.28,280000,0
2016-03-31,04:35:00,13.28,13.3,13.24,13.28,368400,0
2016-03-31,04:40:00,13.28,13.28,13.24,13.26,236400,0
2016-03-31,04:45:00,13.26,13.3,13.26,13.28,183600,0
2016-03-31,04:50:00,13.28,13.3,13.26,13.26,207600,0
2016-03-31,04:55:00,13.26,13.26,13.22,13.22,546000,0
2016-03-31,05:00:00,13.22,13.24,13.18,13.18,832800,0
2016-03-31,05:05:00,13.18,13.18,13.14,13.16,271600,0
2016-03-31,05:10:00,13.16,13.22,13.14,13.2,246800,0
2016-03-31,05:15:00,13.2,13.2,13.16,13.16,82400,0
2016-03-31,05:20:00,13.16,13.26,13.16,13.24,474800,0
2016-03-31,05:25:00,13.24,13.28,13.24,13.28,354800,0
2016-03-31,05:30:00,13.28,13.3,13.28,13.3,341600,0
2016-03-31,05:35:00,13.3,13.34,13.28,13.3,869600,0
2016-03-31,05:40:00,13.3,13.32,13.3,13.32,300400,0
2016-03-31,05:45:00,13.32,13.34,13.3,13.34,552000,0
2016-03-31,05:50:00,13.34,13.38,13.32,13.36,630400,0
2016-03-31,05:55:00,13.36,13.38,13.32,13.32,173600,0
2016-03-31,06:00:00,13.32,13.34,13.28,13.3,279200,0
2016-03-31,07:05:00,13.3,13.34,13.3,13.34,140800,0
2016-03-31,07:10:00,13.34,13.34,13.28,13.3,184000,0
2016-03-31,07:15:00,13.3,13.36,13.28,13.36,182400,0
2016-03-31,07:20:00,13.36,13.38,13.32,13.38,162800,0
2016-03-31,07:25:00,13.38,13.44,13.36,13.44,524800,0
2016-03-31,07:30:00,13.44,13.46,13.44,13.44,694400,0
2016-03-31,07:35:00,13.44,13.44,13.4,13.44,391200,0
2016-03-31,07:40:00,13.44,13.44,13.36,13.38,417600,0
2016-03-31,07:45:00,13.38,13.38,13.36,13.36,115200,0
2016-03-31,07:50:00,13.36,13.36,13.3,13.3,256000,0
2016-03-31,07:55:00,13.3,13.34,13.3,13.32,200400,0
2016-03-31,08:00:00,13.32,13.32,13.3,13.3,47600,0
2016-03-31,08:05:00,13.3,13.34,13.3,13.32,161200,0
2016-03-31,08:10:00,13.32,13.32,13.26,13.26,460800,0
2016-03-31,08:15:00,13.26,13.26,13.2,13.2,259600,0
2016-03-31,08:20:00,13.2,13.24,13.18,13.24,258800,0
2016-03-31,08:25:00,13.24,13.26,13.22,13.24,180900,0
2016-03-31,08:30:00,13.24,13.24,13.2,13.22,166400,0
2016-03-31,08:35:00,13.22,13.24,13.22,13.22,80400,0
2016-03-31,08:40:00,13.22,13.24,13.2,13.22,192800,0
2016-03-31,08:45:00,13.22,13.24,13.16,13.22,552000,0
2016-03-31,08:50:00,13.22,13.22,13.2,13.2,53725,0
2016-03-31,08:55:00,13.2,13.22,13.18,13.2,196000,0
2016-03-31,09:00:00,13.2,13.24,13.2,13.24,187600,0
2016-03-31,09:05:00,13.24,13.24,13.2,13.2,189600,0
2016-03-31,09:10:00,13.2,13.22,13.18,13.18,404800,0
2016-03-31,09:15:00,13.18,13.24,13.18,13.24,375200,0
2016-03-31,09:20:00,13.24,13.26,13.22,13.24,281200,0
2016-03-31,09:25:00,13.24,13.24,13.2,13.2,308800,0
2016-03-31,09:30:00,13.2,13.24,13.18,13.24,464800,0
2016-03-31,09:35:00,13.24,13.24,13.18,13.2,489600,0
2016-03-31,09:40:00,13.2,13.24,13.18,13.22,958400,0
2016-03-31,09:45:00,13.22,13.22,13.18,13.2,425600,0
2016-03-31,09:50:00,13.2,13.24,13.18,13.18,1259200,0
2016-03-31,09:55:00,13.18,13.2,13.18,13.18,685200,0
2016-03-31,10:00:00,13.18,13.28,13.18,13.26,4397200,0
2016-04-01,03:35:00,13.3,13.3,13.18,13.2,328800,0
2016-04-01,03:40:00,13.2,13.38,13.2,13.36,814000,0
2016-04-01,03:45:00,13.36,13.38,13.24,13.28,607600,0
2016-04-01,03:50:00,13.28,13.3,13.26,13.26,280000,0
2016-04-01,03:55:00,13.26,13.26,13.18,13.2,362800,0
2016-04-01,04:00:00,13.2,13.22,13.16,13.2,402400,0
2016-04-01,04:05:00,13.2,13.22,13.16,13.18,302400,0
2016-04-01,04:10:00,13.18,13.18,13.1,13.1,208400,0
2016-04-01,04:15:00,13.1,13.16,13.08,13.1,448900,0
2016-04-01,04:20:00,13.1,13.16,13.1,13.14,229600,0
2016-04-01,04:25:00,13.14,13.16,13.14,13.14,114000,0
2016-04-01,04:30:00,13.14,13.16,13.12,13.14,116400,0
2016-04-01,04:35:00,13.14,13.14,13.12,13.12,303200,0
2016-04-01,04:40:00,13.12,13.16,13.12,13.12,359200,0
2016-04-01,04:45:00,13.12,13.16,13.12,13.14,95600,0
2016-04-01,04:50:00,13.14,13.16,13.14,13.16,79600,0
2016-04-01,04:55:00,13.16,13.16,13.14,13.14,19780,0
2016-04-01,05:00:00,13.14,13.14,13.12,13.12,56800,0
2016-04-01,05:05:00,13.12,13.16,13.12,13.14,142400,0
2016-04-01,05:10:00,13.14,13.14,13.12,13.12,178800,0
2016-04-01,05:15:00,13.12,13.12,13.06,13.08,697600,0
2016-04-01,05:20:00,13.08,13.1,13.06,13.08,361600,0
2016-04-01,05:25:00,13.08,13.08,13.04,13.08,151600,0
2016-04-01,05:30:00,13.08,13.14,13.06,13.12,360800,0
2016-04-01,05:35:00,13.12,13.14,13.1,13.14,124800,0
2016-04-01,05:40:00,13.14,13.18,13.12,13.12,403200,0
2016-04-01,05:45:00,13.12,13.12,13.1,13.1,270000,0
2016-04-01,05:50:00,13.1,13.12,13.1,13.12,254800,0
2016-04-01,05:55:00,13.12,13.12,13.1,13.12,271600,0
2016-04-01,06:00:00,13.12,13.16,13.06,13.12,385600,0
2016-04-01,07:05:00,13.12,13.12,13.08,13.12,136400,0
2016-04-01,07:10:00,13.12,13.16,13.12,13.14,102400,0
2016-04-01,07:15:00,13.14,13.14,13.12,13.12,60400,0
2016-04-01,07:20:00,13.12,13.14,13.1,13.1,207200,0
2016-04-01,07:25:00,13.1,13.12,13.1,13.1,34800,0
2016-04-01,07:30:00,13.1,13.16,13.1,13.14,168800,0
2016-04-01,07:35:00,13.14,13.14,13.1,13.14,151221,0
2016-04-01,07:40:00,13.14,13.16,13.12,13.14,113600,0
2016-04-01,07:45:00,13.14,13.14,13.14,13.14,69600,0
2016-04-01,07:50:00,13.14,13.16,13.12,13.12,110400,0
2016-04-01,07:55:00,13.12,13.16,13.12,13.14,68000,0
2016-04-01,08:00:00,13.14,13.2,13.12,13.14,718800,0
2016-04-01,08:05:00,13.14,13.14,13.1,13.14,337200,0
2016-04-01,08:10:00,13.14,13.14,13.08,13.08,184000,0
2016-04-01,08:15:00,13.08,13.1,13.08,13.1,336400,0
2016-04-01,08:20:00,13.1,13.12,13.08,13.1,236400,0
2016-04-01,08:25:00,13.1,13.14,13.08,13.12,204400,0
2016-04-01,08:30:00,13.12,13.12,13.1,13.1,126000,0
2016-04-01,08:35:00,13.1,13.12,13.1,13.12,68800,0
2016-04-01,08:40:00,13.12,13.12,13.08,13.12,291200,0
2016-04-01,08:45:00,13.12,13.12,13.1,13.12,56400,0
2016-04-01,08:50:00,13.12,13.16,13.1,13.14,419600,0
2016-04-01,08:55:00,13.14,13.14,13.12,13.12,420800,0
2016-04-01,09:00:00,13.12,13.14,13.1,13.1,512400,0
2016-04-01,09:05:00,13.1,13.12,13.08,13.1,490800,0
2016-04-01,09:10:00,13.1,13.12,13.08,13.1,513600,0
2016-04-01,09:15:00,13.1,13.1,13.1,13.1,118400,0
2016-04-01,09:20:00,13.1,13.12,13.08,13.08,135600,0
2016-04-01,09:25:00,13.08,13.1,13.08,13.1,98800,0
2016-04-01,09:30:00,13.1,13.1,13.08,13.1,79600,0
2016-04-01,09:35:00,13.1,13.1,13.08,13.08,425200,0
2016-04-01,09:40:00,13.08,13.1,13.08,13.08,381600,0
2016-04-01,09:45:00,13.08,13.1,13.08,13.1,146800,0
2016-04-01,09:50:00,13.1,13.12,13.1,13.12,202800,0
2016-04-01,09:55:00,13.12,13.12,13.1,13.1,435600,0
2016-04-01,10:00:00,13.1,13.16,13.1,13.14,2014000,0
2016-04-05,03:35:00,13,13,12.78,12.94,1145200,0
2016-04-05,03:40:00,12.94,12.98,12.82,12.88,748800,0
2016-04-05,03:45:00,12.88,12.92,12.86,12.9,399200,0
2016-04-05,03:50:00,12.9,12.9,12.82,12.82,378000,0
2016-04-05,03:55:00,12.82,12.86,12.72,12.78,874105,0
2016-04-05,04:00:00,12.78,12.84,12.78,12.8,332400,0
2016-04-05,04:05:00,12.8,12.8,12.68,12.68,422400,0
2016-04-05,04:10:00,12.68,12.76,12.68,12.72,376800,0
2016-04-05,04:15:00,12.72,12.8,12.72,12.78,454000,0
2016-04-05,04:20:00,12.78,12.82,12.78,12.8,354000,0
2016-04-05,04:25:00,12.8,12.82,12.78,12.8,189600,0
2016-04-05,04:30:00,12.8,12.8,12.78,12.8,77600,0
2016-04-05,04:35:00,12.8,12.8,12.76,12.78,260400,0
2016-04-05,04:40:00,12.78,12.8,12.72,12.72,326400,0
2016-04-05,04:45:00,12.72,12.76,12.7,12.74,427008,0
2016-04-05,04:50:00,12.74,12.74,12.7,12.74,208400,0
2016-04-05,04:55:00,12.74,12.74,12.66,12.7,626400,0
2016-04-05,05:00:00,12.7,12.74,12.68,12.68,476400,0
2016-04-05,05:05:00,12.68,12.78,12.68,12.74,442400,0
2016-04-05,05:10:00,12.74,12.82,12.74,12.8,307200,0
2016-04-05,05:15:00,12.8,12.84,12.8,12.84,376400,0
2016-04-05,05:20:00,12.84,12.88,12.82,12.88,377200,0
2016-04-05,05:25:00,12.88,12.88,12.84,12.84,210400,0
2016-04-05,05:30:00,12.84,12.88,12.84,12.88,131600,0
2016-04-05,05:35:00,12.88,12.88,12.86,12.88,180400,0
2016-04-05,05:40:00,12.88,12.9,12.88,12.88,64800,0
2016-04-05,05:45:00,12.88,12.9,12.86,12.9,361200,0
2016-04-05,05:50:00,12.9,12.92,12.9,12.9,236000,0
2016-04-05,05:55:00,12.9,12.9,12.88,12.9,73600,0
2016-04-05,06:00:00,12.9,12.94,12.88,12.92,239200,0
2016-04-05,07:05:00,12.92,12.94,12.9,12.92,444000,0
2016-04-05,07:10:00,12.92,12.94,12.9,12.92,86000,0
2016-04-05,07:15:00,12.92,12.92,12.9,12.92,171200,0
2016-04-05,07:20:00,12.92,12.92,12.86,12.86,226400,0
2016-04-05,07:25:00,12.86,12.88,12.86,12.88,21200,0
2016-04-05,07:30:00,12.88,12.94,12.88,12.92,326800,0
2016-04-05,07:35:00,12.92,12.94,12.9,12.9,233200,0
2016-04-05,07:40:00,12.9,12.92,12.9,12.92,22800,0
2016-04-05,07:45:00,12.92,12.96,12.9,12.94,278800,0
2016-04-05,07:50:00,12.94,13,12.94,12.98,446800,0
2016-04-05,07:55:00,12.98,13,12.98,12.98,294400,0
2016-04-05,08:00:00,12.98,12.98,12.96,12.96,285200,0
2016-04-05,08:05:00,12.96,12.98,12.94,12.94,122000,0
2016-04-05,08:10:00,12.94,12.96,12.94,12.96,189200,0
2016-04-05,08:15:00,12.96,12.98,12.94,12.96,205200,0
2016-04-05,08:20:00,12.96,12.98,12.96,12.96,36800,0
2016-04-05,08:25:00,12.96,13.04,12.96,13.04,591200,0
2016-04-05,08:30:00,13.04,13.06,13.02,13.02,637200,0
2016-04-05,08:35:00,13.02,13.04,13,13.02,344800,0
2016-04-05,08:40:00,13.02,13.02,13,13,417600,0
2016-04-05,08:45:00,13,13.02,12.98,13,455200,0
2016-04-05,08:50:00,13,13,12.98,13,39600,0
2016-04-05,08:55:00,13,13,12.98,13,93200,0
2016-04-05,09:00:00,13,13,12.98,13,175600,0
2016-04-05,09:05:00,13,13,12.94,12.98,626000,0
2016-04-05,09:10:00,12.98,13,12.98,12.98,84800,0
2016-04-05,09:15:00,12.98,12.98,12.94,12.94,218800,0
2016-04-05,09:20:00,12.94,12.98,12.94,12.96,161600,0
2016-04-05,09:25:00,12.96,12.96,12.94,12.94,650800,0
2016-04-05,09:30:00,12.94,12.96,12.92,12.94,87200,0
2016-04-05,09:35:00,12.94,12.98,12.94,12.94,152753,0
2016-04-05,09:40:00,12.94,12.96,12.84,12.9,1302400,0
2016-04-05,09:45:00,12.9,12.92,12.88,12.92,236800,0
2016-04-05,09:50:00,12.92,12.94,12.78,12.8,1814000,0
2016-04-05,09:55:00,12.8,12.9,12.8,12.88,564800,0
2016-04-05,10:00:00,12.88,12.94,12.88,12.9,1713570,0
2016-04-06,03:35:00,12.72,12.88,12.7,12.84,460400,0
2016-04-06,03:40:00,12.84,12.84,12.78,12.78,538400,0
2016-04-06,03:45:00,12.78,12.78,12.72,12.74,192000,0
2016-04-06,03:50:00,12.74,12.74,12.68,12.72,637200,0
2016-04-06,03:55:00,12.72,12.76,12.7,12.74,647200,0
2016-04-06,04:00:00,12.74,12.82,12.74,12.78,742800,0
2016-04-06,04:05:00,12.78,12.8,12.76,12.78,531200,0
2016-04-06,04:10:00,12.78,12.82,12.76,12.8,332800,0
2016-04-06,04:15:00,12.8,12.82,12.78,12.82,330400,0
2016-04-06,04:20:00,12.82,12.82,12.76,12.78,307600,0
2016-04-06,04:25:00,12.78,12.8,12.74,12.74,270400,0
2016-04-06,04:30:00,12.74,12.76,12.72,12.74,154000,0
2016-04-06,04:35:00,12.74,12.76,12.72,12.76,202000,0
2016-04-06,04:40:00,12.76,12.78,12.72,12.76,226400,0
2016-04-06,04:45:00,12.76,12.78,12.74,12.76,134800,0
2016-04-06,04:50:00,12.76,12.78,12.74,12.76,148800,0
2016-04-06,04:55:00,12.76,12.76,12.74,12.74,42400,0
2016-04-06,05:00:00,12.74,12.78,12.74,12.76,340400,0
2016-04-06,05:05:00,12.76,12.76,12.74,12.76,157200,0
2016-04-06,05:10:00,12.76,12.78,12.74,12.76,142800,0
2016-04-06,05:15:00,12.76,12.76,12.74,12.76,56400,0
2016-04-06,05:20:00,12.76,12.78,12.74,12.76,101200,0
2016-04-06,05:25:00,12.76,12.78,12.74,12.78,125200,0
2016-04-06,05:30:00,12.78,12.78,12.76,12.76,59600,0
2016-04-06,05:35:00,12.76,12.78,12.76,12.76,161200,0
2016-04-06,05:40:00,12.76,12.76,12.72,12.72,180000,0
2016-04-06,05:45:00,12.72,12.74,12.72,12.74,14400,0
2016-04-06,05:50:00,12.74,12.74,12.72,12.72,211200,0
2016-04-06,05:55:00,12.72,12.76,12.72,12.76,226800,0
2016-04-06,06:00:00,12.76,12.78,12.76,12.78,281200,0
2016-04-06,07:05:00,12.78,12.8,12.76,12.76,102000,0
2016-04-06,07:10:00,12.76,12.78,12.74,12.76,71600,0
2016-04-06,07:15:00,12.76,12.78,12.74,12.76,219600,0
2016-04-06,07:20:00,12.76,12.76,12.72,12.74,202400,0
2016-04-06,07:25:00,12.74,12.76,12.74,12.74,38000,0
2016-04-06,07:30:00,12.74,12.76,12.72,12.74,113600,0
2016-04-06,07:35:00,12.74,12.74,12.72,12.74,10400,0
2016-04-06,07:40:00,12.74,12.74,12.68,12.68,552400,0
2016-04-06,07:45:00,12.68,12.72,12.68,12.7,159200,0
2016-04-06,07:50:00,12.7,12.72,12.68,12.68,92800,0
2016-04-06,07:55:00,12.68,12.72,12.68,12.7,110800,0
2016-04-06,08:00:00,12.7,12.74,12.7,12.72,144000,0
2016-04-06,08:05:00,12.72,12.74,12.72,12.72,52400,0
2016-04-06,08:10:00,12.72,12.74,12.72,12.72,44800,0
2016-04-06,08:15:00,12.72,12.76,12.72,12.74,177200,0
2016-04-06,08:20:00,12.74,12.76,12.74,12.76,37200,0
2016-04-06,08:25:00,12.76,12.76,12.74,12.74,96400,0
2016-04-06,08:30:00,12.74,12.76,12.74,12.74,100800,0
2016-04-06,08:35:00,12.74,12.76,12.74,12.76,217600,0
2016-04-06,08:40:00,12.76,12.76,12.74,12.76,66000,0
2016-04-06,08:45:00,12.76,12.76,12.74,12.76,215200,0
2016-04-06,08:50:00,12.76,12.78,12.74,12.78,106400,0
2016-04-06,08:55:00,12.78,12.78,12.74,12.78,346400,0
2016-04-06,09:00:00,12.78,12.78,12.76,12.76,72400,0
2016-04-06,09:05:00,12.76,12.78,12.74,12.74,453600,0
2016-04-06,09:10:00,12.74,12.76,12.72,12.74,261600,0
2016-04-06,09:15:00,12.74,12.76,12.72,12.76,286000,0
2016-04-06,09:20:00,12.76,12.78,12.74,12.76,288400,0
2016-04-06,09:25:00,12.76,12.78,12.74,12.76,192800,0
2016-04-06,09:30:00,12.76,12.8,12.76,12.78,520800,0
2016-04-06,09:35:00,12.78,12.8,12.78,12.78,162400,0
2016-04-06,09:40:00,12.78,12.8,12.78,12.8,160400,0
2016-04-06,09:45:00,12.8,12.8,12.78,12.8,235600,0
2016-04-06,09:50:00,12.8,12.84,12.76,12.8,1272000,0
2016-04-06,09:55:00,12.8,12.82,12.8,12.82,604800,0
2016-04-06,10:00:00,12.82,12.84,12.76,12.8,1810000,0
2016-04-07,03:35:00,12.84,12.92,12.8,12.9,395200,0
2016-04-07,03:40:00,12.9,12.9,12.86,12.86,302800,0
2016-04-07,03:45:00,12.86,12.9,12.86,12.9,224000,0
2016-04-07,03:50:00,12.9,12.92,12.9,12.9,206800,0
2016-04-07,03:55:00,12.9,12.92,12.84,12.84,315600,0
2016-04-07,04:00:00,12.84,12.84,12.8,12.8,240000,0
2016-04-07,04:05:00,12.8,12.86,12.8,12.84,228800,0
2016-04-07,04:10:00,12.84,12.88,12.84,12.86,220400,0
2016-04-07,04:15:00,12.86,12.88,12.82,12.88,306400,0
2016-04-07,04:20:00,12.88,12.96,12.82,12.84,858000,0
2016-04-07,04:25:00,12.84,12.92,12.84,12.88,202400,0
2016-04-07,04:30:00,12.88,12.9,12.88,12.9,78000,0
2016-04-07,04:35:00,12.9,12.9,12.84,12.86,90400,0
2016-04-07,04:40:00,12.86,12.88,12.8,12.8,348000,0
2016-04-07,04:45:00,12.8,12.8,12.78,12.78,52000,0
2016-04-07,04:50:00,12.78,12.82,12.78,12.82,186000,0
2016-04-07,04:55:00,12.82,12.84,12.8,12.82,173600,0
2016-04-07,05:00:00,12.82,12.84,12.8,12.8,321200,0
2016-04-07,05:05:00,12.8,12.82,12.8,12.82,214165,0
2016-04-07,05:10:00,12.82,12.82,12.78,12.78,191600,0
2016-04-07,05:15:00,12.78,12.8,12.78,12.8,123600,0
2016-04-07,05:20:00,12.8,12.8,12.78,12.78,164400,0
2016-04-07,05:25:00,12.78,12.78,12.74,12.74,99600,0
2016-04-07,05:30:00,12.74,12.78,12.74,12.78,15600,0
2016-04-07,05:35:00,12.78,12.78,12.76,12.76,97600,0
2016-04-07,05:40:00,12.76,12.78,12.74,12.76,54000,0
2016-04-07,05:45:00,12.76,12.78,12.76,12.78,23600,0
2016-04-07,05:50:00,12.78,12.78,12.76,12.78,48400,0
2016-04-07,05:55:00,12.78,12.78,12.72,12.74,244800,0
2016-04-07,06:00:00,12.74,12.76,12.72,12.72,36000,0
2016-04-07,07:05:00,12.72,12.74,12.72,12.74,88400,0
2016-04-07,07:10:00,12.74,12.76,12.74,12.74,39600,0
2016-04-07,07:15:00,12.74,12.78,12.72,12.72,43600,0
2016-04-07,07:20:00,12.72,12.76,12.72,12.74,136000,0
2016-04-07,07:25:00,12.74,12.76,12.72,12.76,33600,0
2016-04-07,07:30:00,12.76,12.76,12.72,12.74,38400,0
2016-04-07,07:35:00,12.74,12.76,12.72,12.74,88400,0
2016-04-07,07:40:00,12.74,12.76,12.74,12.74,6000,0
2016-04-07,07:45:00,12.74,12.76,12.74,12.76,34032,0
2016-04-07,07:50:00,12.76,12.76,12.72,12.72,188400,0
2016-04-07,07:55:00,12.72,12.74,12.72,12.74,63200,0
2016-04-07,08:00:00,12.74,12.76,12.74,12.76,101200,0
2016-04-07,08:05:00,12.76,12.76,12.74,12.74,115600,0
2016-04-07,08:10:00,12.74,12.76,12.74,12.74,10000,0
2016-04-07,08:15:00,12.74,12.78,12.74,12.74,141600,0
2016-04-07,08:20:00,12.74,12.78,12.74,12.78,290000,0
2016-04-07,08:25:00,12.78,12.78,12.74,12.76,92000,0
2016-04-07,08:30:00,12.76,12.76,12.74,12.76,44400,0
2016-04-07,08:35:00,12.76,12.76,12.7,12.7,233200,0
2016-04-07,08:40:00,12.7,12.74,12.7,12.7,82400,0
2016-04-07,08:45:00,12.7,12.72,12.7,12.72,107200,0
2016-04-07,08:50:00,12.72,12.74,12.72,12.74,34400,0
2016-04-07,08:55:00,12.74,12.74,12.72,12.74,14800,0
2016-04-07,09:00:00,12.74,12.74,12.7,12.72,153600,0
2016-04-07,09:05:00,12.72,12.74,12.7,12.72,32000,0
2016-04-07,09:10:00,12.72,12.72,12.7,12.7,163200,0
2016-04-07,09:15:00,12.7,12.7,12.68,12.7,51200,0
2016-04-07,09:20:00,12.7,12.7,12.66,12.68,285200,0
2016-04-07,09:25:00,12.68,12.68,12.64,12.64,258400,0
2016-04-07,09:30:00,12.64,12.68,12.64,12.66,436800,0
2016-04-07,09:35:00,12.66,12.68,12.64,12.66,44000,0
2016-04-07,09:40:00,12.66,12.68,12.64,12.64,116000,0
2016-04-07,09:45:00,12.64,12.68,12.64,12.66,441600,0
2016-04-07,09:50:00,12.66,12.66,12.64,12.64,97200,0
2016-04-07,09:55:00,12.64,12.72,12.64,12.72,761600,0
2016-04-07,10:00:00,12.72,12.78,12.7,12.74,3120400,0
2016-04-08,03:35:00,12.52,12.66,12.46,12.58,847200,0
2016-04-08,03:40:00,12.58,12.6,12.5,12.54,226400,0
2016-04-08,03:45:00,12.54,12.58,12.54,12.56,86400,0
2016-04-08,03:50:00,12.58,12.58,12.56,12.56,148400,0
2016-04-08,03:55:00,12.56,12.56,12.54,12.56,55200,0
2016-04-08,04:00:00,12.56,12.56,12.54,12.54,106400,0
2016-04-08,04:05:00,12.54,12.64,12.54,12.6,564400,0
2016-04-08,04:10:00,12.6,12.64,12.56,12.64,285200,0
2016-04-08,04:15:00,12.62,12.62,12.6,12.62,143600,0
2016-04-08,04:20:00,12.62,12.62,12.58,12.58,462000,0
2016-04-08,04:25:00,12.58,12.6,12.56,12.58,486800,0
2016-04-08,04:30:00,12.58,12.58,12.58,12.58,116400,0
2016-04-08,04:35:00,12.58,12.6,12.58,12.58,400000,0
2016-04-08,04:40:00,12.58,12.6,12.58,12.58,100800,0
2016-04-08,04:45:00,12.58,12.58,12.58,12.58,49600,0
2016-04-08,04:50:00,12.58,12.58,12.56,12.56,49600,0
2016-04-08,04:55:00,12.56,12.56,12.52,12.54,187200,0
2016-04-08,05:00:00,12.54,12.54,12.52,12.54,22000,0
2016-04-08,05:05:00,12.54,12.54,12.52,12.54,37600,0
2016-04-08,05:10:00,12.54,12.54,12.52,12.52,100800,0
2016-04-08,05:15:00,12.52,12.56,12.52,12.56,47200,0
2016-04-08,05:20:00,12.56,12.6,12.56,12.58,88400,0
2016-04-08,05:25:00,12.58,12.58,12.56,12.56,3600,0
2016-04-08,05:30:00,12.56,12.58,12.56,12.56,29600,0
2016-04-08,05:35:00,12.56,12.58,12.56,12.56,46800,0
2016-04-08,05:40:00,12.56,12.58,12.54,12.54,177200,0
2016-04-08,05:45:00,12.54,12.56,12.54,12.54,77600,0
2016-04-08,05:50:00,12.54,12.54,12.52,12.54,50400,0
2016-04-08,05:55:00,12.54,12.56,12.54,12.54,58000,0
2016-04-08,06:00:00,12.54,12.56,12.54,12.56,50800,0
2016-04-08,07:05:00,12.56,12.64,12.56,12.62,109200,0
2016-04-08,07:10:00,12.62,12.62,12.62,12.62,52400,0
2016-04-08,07:15:00,12.62,12.64,12.62,12.64,56000,0
2016-04-08,07:20:00,12.64,12.64,12.64,12.64,16000,0
2016-04-08,07:25:00,12.64,12.64,12.64,12.64,39200,0
2016-04-08,07:30:00,12.64,12.66,12.64,12.64,89200,0
2016-04-08,07:35:00,12.64,12.64,12.62,12.62,37200,0
2016-04-08,07:40:00,12.62,12.62,12.62,12.62,20800,0
2016-04-08,07:45:00,12.62,12.62,12.6,12.6,33600,0
2016-04-08,07:50:00,12.6,12.6,12.56,12.56,166000,0
2016-04-08,07:55:00,12.56,12.56,12.56,12.56,16400,0
2016-04-08,08:00:00,12.56,12.58,12.56,12.56,169200,0
2016-04-08,08:05:00,12.56,12.56,12.54,12.56,164400,0
2016-04-08,08:10:00,12.56,12.58,12.54,12.56,322400,0
2016-04-08,08:15:00,12.56,12.6,12.56,12.58,451200,0
2016-04-08,08:20:00,12.58,12.58,12.54,12.56,483600,0
2016-04-08,08:25:00,12.56,12.6,12.56,12.6,193200,0
2016-04-08,08:30:00,12.6,12.6,12.56,12.58,196800,0
2016-04-08,08:35:00,12.58,12.58,12.56,12.56,68000,0
2016-04-08,08:40:00,12.56,12.56,12.54,12.56,294400,0
2016-04-08,08:45:00,12.56,12.6,12.56,12.58,72000,0
2016-04-08,08:50:00,12.58,12.6,12.58,12.6,17600,0
2016-04-08,08:55:00,12.6,12.62,12.6,12.62,103200,0
2016-04-08,09:00:00,12.62,12.62,12.62,12.62,9200,0
2016-04-08,09:05:00,12.62,12.68,12.6,12.66,258000,0
2016-04-08,09:10:00,12.66,12.66,12.64,12.64,87128,0
2016-04-08,09:15:00,12.64,12.64,12.62,12.62,237200,0
2016-04-08,09:20:00,12.62,12.66,12.62,12.66,359600,0
2016-04-08,09:25:00,12.66,12.68,12.64,12.66,427200,0
2016-04-08,09:30:00,12.66,12.66,12.64,12.66,95200,0
2016-04-08,09:35:00,12.66,12.68,12.66,12.66,208800,0
2016-04-08,09:40:00,12.66,12.68,12.66,12.68,177600,0
2016-04-08,09:45:00,12.68,12.7,12.66,12.68,379600,0
2016-04-08,09:50:00,12.68,12.7,12.66,12.7,289200,0
2016-04-08,09:55:00,12.7,12.7,12.66,12.66,392400,0
2016-04-08,10:00:00,12.66,12.74,12.64,12.7,2348800,0
2016-04-11,03:35:00,12.74,13.02,12.74,12.98,2781600,0
2016-04-11,03:40:00,12.98,13.02,12.96,13,1090400,0
2016-04-11,03:45:00,13,13,12.9,12.92,537600,0
2016-04-11,03:50:00,12.92,12.96,12.9,12.92,433200,0
2016-04-11,03:55:00,12.92,12.98,12.92,12.98,349600,0
2016-04-11,04:00:00,12.98,13,12.94,12.94,426000,0
2016-04-11,04:05:00,12.94,13,12.94,12.98,1054800,0
2016-04-11,04:10:00,12.98,13.06,12.98,13.06,2783600,0
2016-04-11,04:15:00,13.06,13.08,13.02,13.04,1249200,0
2016-04-11,04:20:00,13.04,13.12,13.04,13.1,1256800,0
2016-04-11,04:25:00,13.1,13.12,13.02,13.02,1478800,0
2016-04-11,04:30:00,13.02,13.06,13.02,13.04,549600,0
2016-04-11,04:35:00,13.04,13.18,13.04,13.14,2362400,0
2016-04-11,04:40:00,13.14,13.16,13.08,13.08,572400,0
2016-04-11,04:45:00,13.08,13.16,13.08,13.14,507200,0
2016-04-11,04:50:00,13.14,13.22,13.14,13.22,1206100,0
2016-04-11,04:55:00,13.22,13.22,13.2,13.22,808000,0
2016-04-11,05:00:00,13.22,13.24,13.18,13.2,822800,0
2016-04-11,05:05:00,13.2,13.2,13.12,13.16,614000,0
2016-04-11,05:10:00,13.16,13.18,13.08,13.08,702000,0
2016-04-11,05:15:00,13.08,13.12,13.08,13.12,277200,0
2016-04-11,05:20:00,13.12,13.12,13.1,13.1,411600,0
2016-04-11,05:25:00,13.1,13.12,13.08,13.08,353200,0
2016-04-11,05:30:00,13.08,13.08,13.04,13.04,573600,0
2016-04-11,05:35:00,13.04,13.1,13.04,13.08,460800,0
2016-04-11,05:40:00,13.08,13.08,13.04,13.06,128400,0
2016-04-11,05:45:00,13.06,13.06,13.02,13.04,434800,0
2016-04-11,05:50:00,13.04,13.06,13.04,13.04,385200,0
2016-04-11,05:55:00,13.04,13.04,13.02,13.04,494000,0
2016-04-11,06:00:00,13.04,13.06,13,13.02,508000,0
2016-04-11,07:05:00,13.02,13.08,13.02,13.04,232800,0
2016-04-11,07:10:00,13.04,13.06,13.02,13.04,152000,0
2016-04-11,07:15:00,13.04,13.08,13.04,13.08,192400,0
2016-04-11,07:20:00,13.08,13.08,13.06,13.08,306000,0
2016-04-11,07:25:00,13.08,13.08,13.02,13.04,246800,0
2016-04-11,07:30:00,13.04,13.06,13.02,13.06,439600,0
2016-04-11,07:35:00,13.06,13.06,13.02,13.02,126800,0
2016-04-11,07:40:00,13.02,13.04,12.98,12.98,654800,0
2016-04-11,07:45:00,12.98,12.98,12.92,12.96,764400,0
2016-04-11,07:50:00,12.96,12.98,12.96,12.98,23200,0
2016-04-11,07:55:00,12.98,12.98,12.94,12.98,303200,0
2016-04-11,08:00:00,12.98,12.98,12.96,12.98,270000,0
2016-04-11,08:05:00,12.98,12.98,12.94,12.94,434000,0
2016-04-11,08:10:00,12.94,12.94,12.9,12.9,472000,0
2016-04-11,08:15:00,12.9,12.94,12.88,12.92,556000,0
2016-04-11,08:20:00,12.92,12.92,12.9,12.92,104800,0
2016-04-11,08:25:00,12.92,12.94,12.92,12.94,186800,0
2016-04-11,08:30:00,12.94,12.96,12.9,12.96,564400,0
2016-04-11,08:35:00,12.96,12.98,12.94,12.94,715020,0
2016-04-11,08:40:00,12.94,12.94,12.9,12.94,433200,0
2016-04-11,08:45:00,12.94,12.94,12.92,12.94,183200,0
2016-04-11,08:50:00,12.94,12.94,12.9,12.94,304000,0
2016-04-11,08:55:00,12.94,12.94,12.9,12.92,190800,0
2016-04-11,09:00:00,12.92,12.92,12.88,12.9,731600,0
2016-04-11,09:05:00,12.9,12.9,12.86,12.88,209200,0
2016-04-11,09:10:00,12.88,12.88,12.86,12.86,214400,0
2016-04-11,09:15:00,12.86,12.88,12.82,12.88,775200,0
2016-04-11,09:20:00,12.88,12.88,12.84,12.84,218000,0
2016-04-11,09:25:00,12.84,12.88,12.84,12.88,408400,0
2016-04-11,09:30:00,12.88,12.9,12.84,12.9,429200,0
2016-04-11,09:35:00,12.9,12.9,12.86,12.88,600800,0
2016-04-11,09:40:00,12.88,12.88,12.84,12.84,419200,0
2016-04-11,09:45:00,12.84,12.86,12.84,12.84,416000,0
2016-04-11,09:50:00,12.84,12.86,12.82,12.86,1002000,0
2016-04-11,09:55:00,12.86,12.92,12.84,12.9,1109200,0
2016-04-11,10:00:00,12.9,12.96,12.88,12.92,2631200,0
2016-04-12,03:35:00,12.9,13.06,12.9,13,432800,0
2016-04-12,03:40:00,13,13.06,13,13.02,302000,0
2016-04-12,03:45:00,13.02,13.04,12.94,12.96,548800,0
2016-04-12,03:50:00,12.96,12.96,12.9,12.9,230000,0
2016-04-12,03:55:00,12.9,12.9,12.8,12.8,1164000,0
2016-04-12,04:00:00,12.8,12.84,12.8,12.82,234000,0
2016-04-12,04:05:00,12.82,12.9,12.82,12.88,332400,0
2016-04-12,04:10:00,12.88,12.88,12.84,12.84,522417,0
2016-04-12,04:15:00,12.84,12.9,12.84,12.88,293200,0
2016-04-12,04:20:00,12.88,12.88,12.86,12.88,285600,0
2016-04-12,04:25:00,12.88,12.88,12.84,12.86,272000,0
2016-04-12,04:30:00,12.86,12.88,12.84,12.88,119200,0
2016-04-12,04:35:00,12.88,12.88,12.84,12.86,270800,0
2016-04-12,04:40:00,12.86,12.92,12.86,12.9,305200,0
2016-04-12,04:45:00,12.9,12.92,12.88,12.9,152800,0
2016-04-12,04:50:00,12.9,12.9,12.88,12.88,228000,0
2016-04-12,04:55:00,12.88,12.92,12.88,12.9,132400,0
2016-04-12,05:00:00,12.9,12.9,12.88,12.9,98800,0
2016-04-12,05:05:00,12.9,12.9,12.9,12.9,120400,0
2016-04-12,05:10:00,12.9,12.9,12.88,12.9,172800,0
2016-04-12,05:15:00,12.9,12.9,12.88,12.88,123600,0
2016-04-12,05:20:00,12.88,12.88,12.84,12.84,295600,0
2016-04-12,05:25:00,12.84,12.86,12.84,12.86,91200,0
2016-04-12,05:30:00,12.86,12.86,12.84,12.84,166000,0
2016-04-12,05:35:00,12.84,12.88,12.84,12.86,191200,0
2016-04-12,05:40:00,12.86,12.88,12.84,12.86,192000,0
2016-04-12,05:45:00,12.86,12.86,12.86,12.86,51200,0
2016-04-12,05:50:00,12.86,12.86,12.82,12.86,226000,0
2016-04-12,05:55:00,12.86,12.86,12.84,12.84,113200,0
2016-04-12,06:00:00,12.84,12.86,12.82,12.84,316400,0
2016-04-12,07:05:00,12.84,12.88,12.82,12.86,154000,0
2016-04-12,07:10:00,12.86,12.88,12.86,12.88,56000,0
2016-04-12,07:15:00,12.88,12.88,12.84,12.86,183200,0
2016-04-12,07:20:00,12.86,12.88,12.84,12.88,105200,0
2016-04-12,07:25:00,12.88,12.88,12.84,12.84,191200,0
2016-04-12,07:30:00,12.84,12.86,12.82,12.84,76039,0
2016-04-12,07:35:00,12.84,12.88,12.84,12.88,180000,0
2016-04-12,07:40:00,12.88,12.92,12.88,12.9,370400,0
2016-04-12,07:45:00,12.9,12.94,12.9,12.92,118800,0
2016-04-12,07:50:00,12.92,12.92,12.92,12.92,74800,0
2016-04-12,07:55:00,12.92,12.92,12.88,12.88,124000,0
2016-04-12,08:00:00,12.88,12.9,12.88,12.9,78000,0
2016-04-12,08:05:00,12.9,12.92,12.88,12.88,112000,0
2016-04-12,08:10:00,12.88,12.92,12.88,12.9,68000,0
2016-04-12,08:15:00,12.9,12.9,12.86,12.88,224000,0
2016-04-12,08:20:00,12.88,12.88,12.88,12.88,63600,0
2016-04-12,08:25:00,12.88,12.88,12.86,12.88,184000,0
2016-04-12,08:30:00,12.88,12.88,12.86,12.88,134000,0
2016-04-12,08:35:00,12.88,12.88,12.86,12.88,155600,0
2016-04-12,08:40:00,12.88,12.9,12.88,12.88,222000,0
2016-04-12,08:45:00,12.88,12.92,12.88,12.92,156000,0
2016-04-12,08:50:00,12.92,12.94,12.92,12.94,159200,0
2016-04-12,08:55:00,12.94,12.96,12.92,12.92,376800,0
2016-04-12,09:00:00,12.92,12.92,12.9,12.92,175600,0
2016-04-12,09:05:00,12.92,12.92,12.9,12.9,210000,0
2016-04-12,09:10:00,12.9,12.92,12.9,12.92,78000,0
2016-04-12,09:15:00,12.92,12.92,12.9,12.92,251600,0
2016-04-12,09:20:00,12.92,13,12.9,12.94,1303600,0
2016-04-12,09:25:00,12.94,13,12.94,12.96,477600,0
2016-04-12,09:30:00,12.96,12.98,12.94,12.94,211600,0
2016-04-12,09:35:00,12.94,12.98,12.94,12.96,312000,0
2016-04-12,09:40:00,12.96,12.96,12.94,12.94,361600,0
2016-04-12,09:45:00,12.94,12.96,12.92,12.94,481600,0
2016-04-12,09:50:00,12.94,12.94,12.92,12.94,361200,0
2016-04-12,09:55:00,12.94,12.96,12.92,12.94,513600,0
2016-04-12,10:00:00,12.94,12.98,12.92,12.96,1443056,0
2016-04-13,03:35:00,13.24,13.28,13.2,13.2,1356000,0
2016-04-13,03:40:00,13.2,13.24,13.18,13.18,557200,0
2016-04-13,03:45:00,13.18,13.2,13.14,13.18,373600,0
2016-04-13,03:50:00,13.18,13.24,13.18,13.24,865800,0
2016-04-13,03:55:00,13.24,13.28,13.22,13.22,948000,0
2016-04-13,04:00:00,13.22,13.3,13.22,13.24,1492000,0
2016-04-13,04:05:00,13.24,13.3,13.24,13.28,1151600,0
2016-04-13,04:10:00,13.28,13.28,13.24,13.26,916000,0
2016-04-13,04:15:00,13.26,13.3,13.26,13.3,1065600,0
2016-04-13,04:20:00,13.3,13.32,13.28,13.32,976000,0
2016-04-13,04:25:00,13.32,13.38,13.3,13.34,1626000,0
2016-04-13,04:30:00,13.34,13.42,13.34,13.4,1301600,0
2016-04-13,04:35:00,13.4,13.44,13.38,13.4,1130700,0
2016-04-13,04:40:00,13.4,13.42,13.4,13.4,1159600,0
2016-04-13,04:45:00,13.4,13.4,13.34,13.36,1177600,0
2016-04-13,04:50:00,13.36,13.36,13.32,13.34,573200,0
2016-04-13,04:55:00,13.34,13.38,13.34,13.36,417600,0
2016-04-13,05:00:00,13.36,13.38,13.34,13.36,616732,0
2016-04-13,05:05:00,13.36,13.38,13.34,13.34,557200,0
2016-04-13,05:10:00,13.34,13.36,13.32,13.32,355200,0
2016-04-13,05:15:00,13.32,13.36,13.32,13.34,395200,0
2016-04-13,05:20:00,13.34,13.4,13.34,13.38,1613600,0
2016-04-13,05:25:00,13.38,13.4,13.36,13.36,317200,0
2016-04-13,05:30:00,13.36,13.38,13.3,13.32,976400,0
2016-04-13,05:35:00,13.32,13.36,13.32,13.36,964170,0
2016-04-13,05:40:00,13.36,13.4,13.36,13.36,546800,0
2016-04-13,05:45:00,13.36,13.38,13.34,13.38,253200,0
2016-04-13,05:50:00,13.38,13.46,13.36,13.42,1555200,0
2016-04-13,05:55:00,13.42,13.46,13.42,13.42,776400,0
2016-04-13,06:00:00,13.42,13.46,13.4,13.42,434000,0
2016-04-13,07:05:00,13.42,13.5,13.42,13.48,1153200,0
2016-04-13,07:10:00,13.48,13.48,13.46,13.46,408400,0
2016-04-13,07:15:00,13.46,13.48,13.42,13.42,1132400,0
2016-04-13,07:20:00,13.42,13.44,13.42,13.44,424800,0
2016-04-13,07:25:00,13.44,13.46,13.42,13.44,400400,0
2016-04-13,07:30:00,13.44,13.44,13.36,13.38,1018000,0
2016-04-13,07:35:00,13.38,13.4,13.38,13.4,122400,0
2016-04-13,07:40:00,13.4,13.42,13.38,13.4,296800,0
2016-04-13,07:45:00,13.4,13.42,13.4,13.42,290800,0
2016-04-13,07:50:00,13.42,13.42,13.34,13.36,745200,0
2016-04-13,07:55:00,13.36,13.38,13.34,13.38,302000,0
2016-04-13,08:00:00,13.38,13.4,13.36,13.38,589200,0
2016-04-13,08:05:00,13.38,13.38,13.36,13.38,157600,0
2016-04-13,08:10:00,13.38,13.38,13.36,13.38,576000,0
2016-04-13,08:15:00,13.38,13.38,13.36,13.36,348800,0
2016-04-13,08:20:00,13.36,13.36,13.3,13.32,1499200,0
2016-04-13,08:25:00,13.32,13.36,13.3,13.36,524400,0
2016-04-13,08:30:00,13.36,13.36,13.34,13.34,191600,0
2016-04-13,08:35:00,13.34,13.34,13.28,13.3,732400,0
2016-04-13,08:40:00,13.3,13.3,13.28,13.3,318000,0
2016-04-13,08:45:00,13.3,13.32,13.28,13.3,231600,0
2016-04-13,08:50:00,13.3,13.3,13.26,13.26,661600,0
2016-04-13,08:55:00,13.26,13.28,13.26,13.28,189200,0
2016-04-13,09:00:00,13.28,13.28,13.22,13.26,594800,0
2016-04-13,09:05:00,13.26,13.28,13.24,13.26,221600,0
2016-04-13,09:10:00,13.26,13.28,13.24,13.26,328800,0
2016-04-13,09:15:00,13.26,13.28,13.24,13.26,661600,0
2016-04-13,09:20:00,13.26,13.3,13.24,13.3,877200,0
2016-04-13,09:25:00,13.3,13.32,13.28,13.28,1982400,0
2016-04-13,09:30:00,13.28,13.3,13.26,13.26,903600,0
2016-04-13,09:35:00,13.26,13.3,13.24,13.28,722400,0
2016-04-13,09:40:00,13.28,13.3,13.26,13.28,366400,0
2016-04-13,09:45:00,13.28,13.36,13.28,13.34,1578400,0
2016-04-13,09:50:00,13.34,13.36,13.32,13.32,925600,0
2016-04-13,09:55:00,13.32,13.36,13.32,13.34,1675200,0
2016-04-13,10:00:00,13.34,13.38,13.32,13.36,3352000,0
