Date,Time,Open,High,Low,Close,Volume,OpenInt
2016-03-18,02:35:00,6.4,6.43,6.38,6.4,692000,0
2016-03-18,02:40:00,6.4,6.4,6.39,6.4,133000,0
2016-03-18,02:45:00,6.4,6.47,6.39,6.47,1008500,0
2016-03-18,02:50:00,6.47,6.48,6.46,6.48,479500,0
2016-03-18,02:55:00,6.48,6.54,6.48,6.53,1197500,0
2016-03-18,03:00:00,6.53,6.53,6.51,6.52,383500,0
2016-03-18,03:05:00,6.52,6.54,6.52,6.52,518649,0
2016-03-18,03:10:00,6.52,6.53,6.52,6.53,255000,0
2016-03-18,03:15:00,6.53,6.55,6.53,6.53,549000,0
2016-03-18,03:20:00,6.53,6.54,6.53,6.54,164500,0
2016-03-18,03:25:00,6.54,6.59,6.53,6.59,1629000,0
2016-03-18,03:30:00,6.59,6.6,6.59,6.6,914500,0
2016-03-18,03:35:00,6.6,6.62,6.59,6.6,1458500,0
2016-03-18,03:40:00,6.6,6.6,6.58,6.58,362500,0
2016-03-18,03:45:00,6.58,6.6,6.58,6.6,1070500,0
2016-03-18,03:50:00,6.6,6.62,6.59,6.62,504500,0
2016-03-18,03:55:00,6.62,6.62,6.61,6.61,255500,0
2016-03-18,04:00:00,6.61,6.67,6.61,6.62,3289000,0
2016-03-18,04:05:00,6.62,6.63,6.6,6.63,322000,0
2016-03-18,04:10:00,6.63,6.64,6.62,6.63,261000,0
2016-03-18,04:15:00,6.63,6.65,6.62,6.65,718000,0
2016-03-18,04:20:00,6.65,6.65,6.63,6.64,401000,0
2016-03-18,04:25:00,6.64,6.68,6.64,6.68,1122000,0
2016-03-18,04:30:00,6.68,6.7,6.68,6.69,1100500,0
2016-03-18,04:35:00,6.69,6.7,6.68,6.7,843500,0
2016-03-18,04:40:00,6.7,6.71,6.69,6.7,869500,0
2016-03-18,04:45:00,6.7,6.72,6.7,6.72,542000,0
2016-03-18,04:50:00,6.72,6.76,6.72,6.74,1789000,0
2016-03-18,04:55:00,6.74,6.74,6.72,6.72,182500,0
2016-03-18,05:00:00,6.72,6.73,6.72,6.72,191000,0
2016-03-18,06:05:00,6.72,6.75,6.72,6.73,743500,0
2016-03-18,06:10:00,6.73,6.75,6.72,6.75,1114500,0
2016-03-18,06:15:00,6.75,6.75,6.74,6.75,658000,0
2016-03-18,06:20:00,6.75,6.75,6.7,6.7,486500,0
2016-03-18,06:25:00,6.7,6.7,6.68,6.69,175000,0
2016-03-18,06:30:00,6.69,6.71,6.69,6.7,329000,0
2016-03-18,06:35:00,6.7,6.7,6.68,6.68,132500,0
2016-03-18,06:40:00,6.68,6.69,6.67,6.69,216500,0
2016-03-18,06:45:00,6.69,6.69,6.66,6.66,574500,0
2016-03-18,06:50:00,6.66,6.67,6.65,6.65,361000,0
2016-03-18,06:55:00,6.65,6.66,6.64,6.65,321500,0
2016-03-18,07:00:00,6.65,6.69,6.63,6.69,1796000,0
2016-03-18,07:05:00,6.69,6.71,6.67,6.7,675500,0
2016-03-18,07:10:00,6.7,6.7,6.68,6.68,450000,0
2016-03-18,07:15:00,6.68,6.68,6.68,6.68,105500,0
2016-03-18,07:20:00,6.68,6.68,6.67,6.67,420500,0
2016-03-18,07:25:00,6.67,6.71,6.65,6.67,3372500,0
2016-03-18,07:30:00,6.67,6.67,6.65,6.67,1049500,0
2016-03-18,07:35:00,6.67,6.67,6.65,6.65,220500,0
2016-03-18,07:40:00,6.65,6.66,6.65,6.66,702500,0
2016-03-18,07:45:00,6.66,6.68,6.66,6.67,805000,0
2016-03-18,07:50:00,6.67,6.68,6.67,6.68,159000,0
2016-03-18,07:55:00,6.68,6.68,6.67,6.68,116000,0
2016-03-18,08:00:00,6.68,6.68,6.66,6.66,607500,0
2016-03-18,08:05:00,6.66,6.67,6.65,6.66,144500,0
2016-03-18,08:10:00,6.66,6.66,6.65,6.65,488000,0
2016-03-18,08:15:00,6.65,6.65,6.64,6.64,1318500,0
2016-03-18,08:20:00,6.64,6.65,6.63,6.63,1353000,0
2016-03-18,08:25:00,6.63,6.68,6.63,6.68,2222000,0
2016-03-18,08:30:00,6.68,6.68,6.65,6.66,1229700,0
2016-03-18,08:35:00,6.66,6.67,6.64,6.66,1890000,0
2016-03-18,08:40:00,6.66,6.66,6.63,6.63,2968500,0
2016-03-18,08:45:00,6.63,6.64,6.62,6.63,2101000,0
2016-03-18,08:50:00,6.63,6.67,6.63,6.66,1697000,0
2016-03-18,08:55:00,6.66,6.67,6.65,6.66,1863000,0
2016-03-18,09:00:00,6.66,6.72,6.66,6.71,11056500,0
2016-03-21,02:35:00,6.88,7.03,6.87,6.99,2982500,0
2016-03-21,02:40:00,6.99,7.06,6.98,6.99,4350000,0
2016-03-21,02:45:00,6.99,7,6.97,6.97,954500,0
2016-03-21,02:50:00,6.97,6.99,6.97,6.99,3525500,0
2016-03-21,02:55:00,6.99,7.08,6.98,7.07,3829500,0
2016-03-21,03:00:00,7.07,7.13,7.06,7.07,4849500,0
2016-03-21,03:05:00,7.07,7.15,7.07,7.12,2901000,0
2016-03-21,03:10:00,7.12,7.13,7.09,7.1,1098500,0
2016-03-21,03:15:00,7.1,7.1,7.07,7.08,611000,0
2016-03-21,03:20:00,7.08,7.11,7.06,7.1,704500,0
2016-03-21,03:25:00,7.1,7.11,7.08,7.1,762000,0
2016-03-21,03:30:00,7.1,7.12,7.1,7.12,1245500,0
2016-03-21,03:35:00,7.12,7.18,7.11,7.17,3608500,0
2016-03-21,03:40:00,7.17,7.29,7.16,7.25,7599000,0
2016-03-21,03:45:00,7.25,7.27,7.23,7.27,1382000,0
2016-03-21,03:50:00,7.27,7.34,7.27,7.31,8231500,0
2016-03-21,03:55:00,7.31,7.31,7.25,7.27,1810500,0
2016-03-21,04:00:00,7.27,7.33,7.27,7.32,3431500,0
2016-03-21,04:05:00,7.32,7.41,7.32,7.37,8416500,0
2016-03-21,04:10:00,7.37,7.39,7.35,7.37,1656124,0
2016-03-21,04:15:00,7.37,7.37,7.32,7.32,1663500,0
2016-03-21,04:20:00,7.32,7.32,7.29,7.29,417000,0
2016-03-21,04:25:00,7.29,7.29,7.25,7.25,705000,0
2016-03-21,04:30:00,7.25,7.25,7.22,7.23,1087000,0
2016-03-21,04:35:00,7.23,7.23,7.2,7.22,1538500,0
2016-03-21,04:40:00,7.22,7.27,7.2,7.27,1006500,0
2016-03-21,04:45:00,7.27,7.28,7.26,7.26,641500,0
2016-03-21,04:50:00,7.26,7.28,7.25,7.26,680500,0
2016-03-21,04:55:00,7.26,7.3,7.26,7.29,649500,0
2016-03-21,05:00:00,7.29,7.3,7.28,7.28,598500,0
2016-03-21,06:05:00,7.28,7.3,7.28,7.29,1153000,0
2016-03-21,06:10:00,7.29,7.29,7.26,7.26,475000,0
2016-03-21,06:15:00,7.26,7.26,7.24,7.24,825000,0
2016-03-21,06:20:00,7.24,7.28,7.24,7.28,1379500,0
2016-03-21,06:25:00,7.28,7.29,7.27,7.28,545500,0
2016-03-21,06:30:00,7.28,7.32,7.28,7.31,1518500,0
2016-03-21,06:35:00,7.31,7.35,7.31,7.33,2106500,0
2016-03-21,06:40:00,7.33,7.34,7.31,7.32,564500,0
2016-03-21,06:45:00,7.32,7.33,7.28,7.29,694000,0
2016-03-21,06:50:00,7.29,7.3,7.25,7.27,772500,0
2016-03-21,06:55:00,7.27,7.27,7.25,7.25,804500,0
2016-03-21,07:00:00,7.25,7.26,7.24,7.24,986500,0
2016-03-21,07:05:00,7.24,7.25,7.23,7.23,824500,0
2016-03-21,07:10:00,7.23,7.23,7.19,7.2,2305000,0
2016-03-21,07:15:00,7.2,7.25,7.2,7.23,1400000,0
2016-03-21,07:20:00,7.23,7.24,7.21,7.23,1371000,0
2016-03-21,07:25:00,7.23,7.24,7.2,7.21,1683000,0
2016-03-21,07:30:00,7.21,7.23,7.2,7.22,1163000,0
2016-03-21,07:35:00,7.22,7.28,7.22,7.27,2082000,0
2016-03-21,07:40:00,7.27,7.28,7.23,7.23,1705000,0
2016-03-21,07:45:00,7.23,7.26,7.23,7.26,1363500,0
2016-03-21,07:50:00,7.26,7.34,7.25,7.28,3862500,0
2016-03-21,07:55:00,7.28,7.28,7.24,7.26,1066000,0
2016-03-21,08:00:00,7.26,7.26,7.23,7.24,697500,0
2016-03-21,08:05:00,7.24,7.28,7.23,7.26,1096500,0
2016-03-21,08:10:00,7.26,7.3,7.25,7.27,942000,0
2016-03-21,08:15:00,7.27,7.3,7.26,7.3,917500,0
2016-03-21,08:20:00,7.3,7.3,7.28,7.28,509500,0
2016-03-21,08:25:00,7.28,7.3,7.27,7.27,1033000,0
2016-03-21,08:30:00,7.27,7.29,7.27,7.27,619000,0
2016-03-21,08:35:00,7.27,7.34,7.27,7.34,2359000,0
2016-03-21,08:40:00,7.34,7.34,7.31,7.32,1389000,0
2016-03-21,08:45:00,7.32,7.32,7.3,7.31,1322000,0
2016-03-21,08:50:00,7.31,7.33,7.3,7.3,2221500,0
2016-03-21,08:55:00,7.3,7.31,7.27,7.3,3970000,0
2016-03-21,09:00:00,7.3,7.32,7.25,7.26,6443000,0
2016-03-22,02:35:00,7.3,7.35,7.29,7.31,2181000,0
2016-03-22,02:40:00,7.31,7.36,7.29,7.36,895000,0
2016-03-22,02:45:00,7.36,7.37,7.31,7.31,518000,0
2016-03-22,02:50:00,7.31,7.34,7.31,7.34,333500,0
2016-03-22,02:55:00,7.34,7.35,7.31,7.31,933000,0
2016-03-22,03:00:00,7.31,7.36,7.3,7.34,1517500,0
2016-03-22,03:05:00,7.34,7.36,7.33,7.35,1094000,0
2016-03-22,03:10:00,7.35,7.38,7.35,7.36,1079500,0
2016-03-22,03:15:00,7.36,7.36,7.33,7.33,324500,0
2016-03-22,03:20:00,7.33,7.37,7.33,7.37,488500,0
2016-03-22,03:25:00,7.37,7.37,7.34,7.35,603500,0
2016-03-22,03:30:00,7.35,7.35,7.33,7.33,272500,0
2016-03-22,03:35:00,7.33,7.36,7.33,7.36,787000,0
2016-03-22,03:40:00,7.36,7.38,7.36,7.38,360500,0
2016-03-22,03:45:00,7.38,7.38,7.35,7.37,349500,0
2016-03-22,03:50:00,7.37,7.37,7.35,7.35,171500,0
2016-03-22,03:55:00,7.35,7.36,7.34,7.34,224000,0
2016-03-22,04:00:00,7.34,7.35,7.33,7.33,494500,0
2016-03-22,04:05:00,7.33,7.35,7.31,7.34,840000,0
2016-03-22,04:10:00,7.34,7.35,7.32,7.33,195000,0
2016-03-22,04:15:00,7.33,7.34,7.32,7.33,193500,0
2016-03-22,04:20:00,7.33,7.35,7.32,7.33,539000,0
2016-03-22,04:25:00,7.33,7.33,7.31,7.32,605500,0
2016-03-22,04:30:00,7.32,7.32,7.27,7.28,1414500,0
2016-03-22,04:35:00,7.28,7.29,7.28,7.29,120712,0
2016-03-22,04:40:00,7.29,7.3,7.28,7.29,451500,0
2016-03-22,04:45:00,7.29,7.29,7.25,7.26,1565000,0
2016-03-22,04:50:00,7.26,7.26,7.23,7.23,239000,0
2016-03-22,04:55:00,7.23,7.23,7.17,7.22,1143500,0
2016-03-22,05:00:00,7.22,7.22,7.19,7.22,144500,0
2016-03-22,06:05:00,7.22,7.25,7.21,7.22,330000,0
2016-03-22,06:10:00,7.22,7.24,7.22,7.23,371000,0
2016-03-22,06:15:00,7.23,7.24,7.23,7.24,117000,0
2016-03-22,06:20:00,7.24,7.24,7.22,7.23,133500,0
2016-03-22,06:25:00,7.23,7.27,7.22,7.27,181000,0
2016-03-22,06:30:00,7.27,7.28,7.26,7.26,74500,0
2016-03-22,06:35:00,7.26,7.28,7.26,7.26,84000,0
2016-03-22,06:40:00,7.26,7.27,7.2,7.24,696500,0
2016-03-22,06:45:00,7.24,7.24,7.23,7.23,97500,0
2016-03-22,06:50:00,7.23,7.24,7.23,7.24,118500,0
2016-03-22,06:55:00,7.24,7.27,7.23,7.24,409500,0
2016-03-22,07:00:00,7.24,7.27,7.24,7.25,347500,0
2016-03-22,07:05:00,7.25,7.27,7.24,7.24,489000,0
2016-03-22,07:10:00,7.24,7.27,7.24,7.24,303500,0
2016-03-22,07:15:00,7.24,7.26,7.22,7.23,459000,0
2016-03-22,07:20:00,7.23,7.24,7.21,7.21,120000,0
2016-03-22,07:25:00,7.21,7.23,7.21,7.22,298000,0
2016-03-22,07:30:00,7.22,7.23,7.22,7.23,137500,0
2016-03-22,07:35:00,7.23,7.23,7.22,7.23,393000,0
2016-03-22,07:40:00,7.23,7.23,7.19,7.2,569500,0
2016-03-22,07:45:00,7.2,7.21,7.18,7.18,404000,0
2016-03-22,07:50:00,7.18,7.2,7.18,7.18,709500,0
2016-03-22,07:55:00,7.18,7.18,7.16,7.17,359500,0
2016-03-22,08:00:00,7.17,7.18,7.16,7.17,623500,0
2016-03-22,08:05:00,7.17,7.19,7.16,7.17,337000,0
2016-03-22,08:10:00,7.17,7.18,7.16,7.16,324000,0
2016-03-22,08:15:00,7.16,7.19,7.16,7.19,280000,0
2016-03-22,08:20:00,7.19,7.22,7.18,7.22,567500,0
2016-03-22,08:25:00,7.22,7.22,7.2,7.2,423500,0
2016-03-22,08:30:00,7.2,7.2,7.19,7.2,106000,0
2016-03-22,08:35:00,7.2,7.2,7.17,7.17,834000,0
2016-03-22,08:40:00,7.17,7.18,7.17,7.17,180000,0
2016-03-22,08:45:00,7.17,7.18,7.16,7.16,892500,0
2016-03-22,08:50:00,7.16,7.17,7.15,7.16,1227500,0
2016-03-22,08:55:00,7.16,7.16,7.13,7.15,1550000,0
2016-03-22,09:00:00,7.15,7.2,7.15,7.19,2658000,0
2016-03-23,02:35:00,7.15,7.2,7.12,7.2,373500,0
2016-03-23,02:40:00,7.2,7.26,7.2,7.26,262500,0
2016-03-23,02:45:00,7.26,7.27,7.25,7.27,184500,0
2016-03-23,02:50:00,7.27,7.34,7.27,7.34,932500,0
2016-03-23,02:55:00,7.34,7.38,7.33,7.36,1575500,0
2016-03-23,03:00:00,7.36,7.36,7.3,7.31,874000,0
2016-03-23,03:05:00,7.31,7.31,7.24,7.28,694000,0
2016-03-23,03:10:00,7.28,7.3,7.26,7.29,684000,0
2016-03-23,03:15:00,7.29,7.3,7.28,7.28,534000,0
2016-03-23,03:20:00,7.28,7.28,7.26,7.26,971500,0
2016-03-23,03:25:00,7.26,7.28,7.26,7.27,613000,0
2016-03-23,03:30:00,7.27,7.27,7.26,7.27,126000,0
2016-03-23,03:35:00,7.27,7.27,7.26,7.26,233500,0
2016-03-23,03:40:00,7.26,7.27,7.25,7.26,327000,0
2016-03-23,03:45:00,7.26,7.26,7.25,7.25,120000,0
2016-03-23,03:50:00,7.25,7.28,7.24,7.28,536000,0
2016-03-23,03:55:00,7.28,7.28,7.24,7.25,604000,0
2016-03-23,04:00:00,7.25,7.25,7.22,7.24,185000,0
2016-03-23,04:05:00,7.24,7.28,7.24,7.28,367500,0
2016-03-23,04:10:00,7.28,7.3,7.28,7.3,391500,0
2016-03-23,04:15:00,7.3,7.3,7.27,7.28,112000,0
2016-03-23,04:20:00,7.28,7.28,7.27,7.27,39000,0
2016-03-23,04:25:00,7.27,7.28,7.26,7.26,171500,0
2016-03-23,04:30:00,7.26,7.27,7.25,7.27,166000,0
2016-03-23,04:35:00,7.27,7.27,7.22,7.27,283000,0
2016-03-23,04:40:00,7.27,7.27,7.25,7.26,110500,0
2016-03-23,04:45:00,7.26,7.26,7.23,7.25,126500,0
2016-03-23,04:50:00,7.25,7.27,7.24,7.27,191500,0
2016-03-23,04:55:00,7.27,7.28,7.25,7.26,68500,0
2016-03-23,05:00:00,7.26,7.26,7.24,7.25,86000,0
2016-03-23,06:05:00,7.25,7.26,7.25,7.26,114000,0
2016-03-23,06:10:00,7.26,7.27,7.23,7.25,582500,0
2016-03-23,06:15:00,7.25,7.25,7.21,7.21,335000,0
2016-03-23,06:20:00,7.21,7.22,7.17,7.22,717500,0
2016-03-23,06:25:00,7.22,7.23,7.19,7.19,643500,0
2016-03-23,06:30:00,7.19,7.19,7.17,7.19,421000,0
2016-03-23,06:35:00,7.19,7.19,7.16,7.19,189000,0
2016-03-23,06:40:00,7.19,7.19,7.15,7.18,262500,0
2016-03-23,06:45:00,7.18,7.18,7.15,7.16,260500,0
2016-03-23,06:50:00,7.16,7.16,7.13,7.15,208000,0
2016-03-23,06:55:00,7.15,7.16,7.13,7.13,428000,0
2016-03-23,07:00:00,7.13,7.14,7.12,7.12,281500,0
2016-03-23,07:05:00,7.12,7.16,7.12,7.16,680000,0
2016-03-23,07:10:00,7.16,7.17,7.15,7.15,84500,0
2016-03-23,07:15:00,7.15,7.18,7.14,7.18,193000,0
2016-03-23,07:20:00,7.18,7.2,7.18,7.19,122000,0
2016-03-23,07:25:00,7.19,7.22,7.18,7.21,1341000,0
2016-03-23,07:30:00,7.21,7.21,7.18,7.19,105500,0
2016-03-23,07:35:00,7.19,7.19,7.18,7.19,94500,0
2016-03-23,07:40:00,7.19,7.2,7.18,7.19,164000,0
2016-03-23,07:45:00,7.19,7.21,7.19,7.21,324500,0
2016-03-23,07:50:00,7.21,7.22,7.2,7.22,671500,0
2016-03-23,07:55:00,7.22,7.22,7.21,7.22,206500,0
2016-03-23,08:00:00,7.22,7.22,7.2,7.21,471500,0
2016-03-23,08:05:00,7.21,7.21,7.2,7.21,57500,0
2016-03-23,08:10:00,7.21,7.21,7.2,7.21,170000,0
2016-03-23,08:15:00,7.21,7.23,7.21,7.22,3263000,0
2016-03-23,08:20:00,7.22,7.22,7.19,7.2,503500,0
2016-03-23,08:25:00,7.2,7.21,7.2,7.2,178000,0
2016-03-23,08:30:00,7.2,7.21,7.19,7.21,690000,0
2016-03-23,08:35:00,7.21,7.21,7.2,7.2,476000,0
2016-03-23,08:40:00,7.2,7.2,7.19,7.2,177000,0
2016-03-23,08:45:00,7.2,7.2,7.18,7.2,405000,0
2016-03-23,08:50:00,7.2,7.2,7.18,7.19,212000,0
2016-03-23,08:55:00,7.19,7.19,7.18,7.19,182121,0
2016-03-23,09:00:00,7.19,7.24,7.17,7.22,7246000,0
2016-03-24,02:35:00,7.19,7.19,7.1,7.1,334500,0
2016-03-24,02:40:00,7.1,7.17,7.06,7.13,1132500,0
2016-03-24,02:45:00,7.13,7.14,7.1,7.13,374000,0
2016-03-24,02:50:00,7.13,7.15,7.11,7.11,195000,0
2016-03-24,02:55:00,7.11,7.13,7.1,7.13,136500,0
2016-03-24,03:00:00,7.13,7.13,7.1,7.12,315500,0
2016-03-24,03:05:00,7.12,7.13,7.1,7.12,470000,0
2016-03-24,03:10:00,7.12,7.13,7.1,7.13,288500,0
2016-03-24,03:15:00,7.13,7.14,7.11,7.12,231000,0
2016-03-24,03:20:00,7.12,7.18,7.12,7.17,281000,0
2016-03-24,03:25:00,7.17,7.17,7.13,7.14,464900,0
2016-03-24,03:30:00,7.14,7.24,7.14,7.21,1141500,0
2016-03-24,03:35:00,7.21,7.28,7.21,7.24,984000,0
2016-03-24,03:40:00,7.24,7.25,7.21,7.22,176000,0
2016-03-24,03:45:00,7.22,7.24,7.19,7.2,229500,0
2016-03-24,03:50:00,7.2,7.2,7.18,7.19,183000,0
2016-03-24,03:55:00,7.19,7.19,7.17,7.18,102000,0
2016-03-24,04:00:00,7.18,7.2,7.14,7.15,656000,0
2016-03-24,04:05:00,7.15,7.16,7.15,7.15,161500,0
2016-03-24,04:10:00,7.15,7.15,7.13,7.13,213500,0
2016-03-24,04:15:00,7.13,7.15,7.11,7.14,682000,0
2016-03-24,04:20:00,7.14,7.14,7.11,7.12,110000,0
2016-03-24,04:25:00,7.12,7.13,7.11,7.13,147500,0
2016-03-24,04:30:00,7.13,7.15,7.11,7.12,540000,0
2016-03-24,04:35:00,7.12,7.16,7.11,7.12,395000,0
2016-03-24,04:40:00,7.12,7.14,7.1,7.12,369000,0
2016-03-24,04:45:00,7.12,7.13,7.1,7.1,255500,0
2016-03-24,04:50:00,7.1,7.12,7.08,7.09,909000,0
2016-03-24,04:55:00,7.09,7.11,7.06,7.07,1262500,0
2016-03-24,05:00:00,7.07,7.11,7.07,7.11,182500,0
2016-03-24,06:05:00,7.11,7.13,7.11,7.13,297500,0
2016-03-24,06:10:00,7.13,7.15,7.11,7.15,296000,0
2016-03-24,06:15:00,7.15,7.16,7.15,7.15,66500,0
2016-03-24,06:20:00,7.15,7.15,7.14,7.14,28500,0
2016-03-24,06:25:00,7.14,7.19,7.14,7.17,328000,0
2016-03-24,06:30:00,7.17,7.17,7.16,7.16,15000,0
2016-03-24,06:35:00,7.16,7.17,7.14,7.15,226500,0
2016-03-24,06:40:00,7.15,7.16,7.14,7.14,155500,0
2016-03-24,06:45:00,7.14,7.16,7.14,7.15,25500,0
2016-03-24,06:50:00,7.15,7.16,7.14,7.15,226000,0
2016-03-24,06:55:00,7.15,7.16,7.15,7.15,156000,0
2016-03-24,07:00:00,7.15,7.15,7.14,7.14,177500,0
2016-03-24,07:05:00,7.14,7.14,7.13,7.13,92000,0
2016-03-24,07:10:00,7.13,7.13,7.11,7.13,369000,0
2016-03-24,07:15:00,7.13,7.13,7.11,7.13,391000,0
2016-03-24,07:20:00,7.13,7.13,7.11,7.13,342000,0
2016-03-24,07:25:00,7.13,7.13,7.11,7.12,582500,0
2016-03-24,07:30:00,7.12,7.12,7.1,7.12,996500,0
2016-03-24,07:35:00,7.12,7.12,7.1,7.11,481500,0
2016-03-24,07:40:00,7.11,7.12,7.05,7.09,2441000,0
2016-03-24,07:45:00,7.09,7.11,7.08,7.1,876500,0
2016-03-24,07:50:00,7.1,7.1,7.07,7.07,798500,0
2016-03-24,07:55:00,7.06,7.09,7.06,7.09,625500,0
2016-03-24,08:00:00,7.09,7.12,7.09,7.12,948000,0
2016-03-24,08:05:00,7.12,7.12,7.1,7.1,568000,0
2016-03-24,08:10:00,7.1,7.11,7.1,7.1,460500,0
2016-03-24,08:15:00,7.1,7.11,7.1,7.11,649000,0
2016-03-24,08:20:00,7.11,7.11,7.08,7.09,2205500,0
2016-03-24,08:25:00,7.09,7.09,7.08,7.09,676500,0
2016-03-24,08:30:00,7.09,7.1,7.08,7.1,404500,0
2016-03-24,08:35:00,7.1,7.11,7.09,7.1,2223500,0
2016-03-24,08:40:00,7.1,7.1,7.08,7.08,740000,0
2016-03-24,08:45:00,7.08,7.1,7.07,7.08,1076000,0
2016-03-24,08:50:00,7.08,7.08,7.06,7.08,1218500,0
2016-03-24,08:55:00,7.08,7.11,7.08,7.09,1643000,0
2016-03-24,09:00:00,7.09,7.12,7.08,7.11,2434000,0
2016-03-29,03:35:00,7.11,7.26,7.11,7.26,1688000,0
2016-03-29,03:40:00,7.26,7.29,7.21,7.23,696500,0
2016-03-29,03:45:00,7.23,7.23,7.16,7.18,686000,0
2016-03-29,03:50:00,7.18,7.22,7.18,7.22,371000,0
2016-03-29,03:55:00,7.22,7.22,7.19,7.21,716500,0
2016-03-29,04:00:00,7.21,7.22,7.2,7.21,273500,0
2016-03-29,04:05:00,7.21,7.23,7.2,7.23,340500,0
2016-03-29,04:10:00,7.23,7.24,7.22,7.24,432000,0
2016-03-29,04:15:00,7.24,7.25,7.24,7.25,126500,0
2016-03-29,04:20:00,7.25,7.26,7.25,7.26,362000,0
2016-03-29,04:25:00,7.26,7.26,7.24,7.24,287000,0
2016-03-29,04:30:00,7.24,7.25,7.23,7.23,240000,0
2016-03-29,04:35:00,7.23,7.24,7.21,7.22,138500,0
2016-03-29,04:40:00,7.22,7.22,7.21,7.22,66500,0
2016-03-29,04:45:00,7.22,7.22,7.21,7.21,115000,0
2016-03-29,04:50:00,7.21,7.22,7.2,7.21,88500,0
2016-03-29,04:55:00,7.21,7.21,7.2,7.2,207000,0
2016-03-29,05:00:00,7.2,7.21,7.19,7.21,302000,0
2016-03-29,05:05:00,7.21,7.21,7.2,7.2,124000,0
2016-03-29,05:10:00,7.2,7.21,7.2,7.21,108000,0
2016-03-29,05:15:00,7.21,7.22,7.21,7.22,119500,0
2016-03-29,05:20:00,7.22,7.22,7.21,7.22,115000,0
2016-03-29,05:25:00,7.22,7.22,7.2,7.2,235500,0
2016-03-29,05:30:00,7.2,7.21,7.19,7.19,135000,0
2016-03-29,05:35:00,7.19,7.19,7.18,7.18,94000,0
2016-03-29,05:40:00,7.18,7.18,7.15,7.15,224000,0
2016-03-29,05:45:00,7.15,7.17,7.15,7.16,503500,0
2016-03-29,05:50:00,7.16,7.17,7.16,7.16,80500,0
2016-03-29,05:55:00,7.16,7.17,7.16,7.16,134000,0
2016-03-29,06:00:00,7.16,7.17,7.16,7.16,189000,0
2016-03-29,07:05:00,7.16,7.17,7.15,7.15,1069000,0
2016-03-29,07:10:00,7.15,7.16,7.15,7.16,151000,0
2016-03-29,07:15:00,7.16,7.17,7.15,7.17,585000,0
2016-03-29,07:20:00,7.17,7.22,7.17,7.22,840500,0
2016-03-29,07:25:00,7.22,7.23,7.22,7.22,161500,0
2016-03-29,07:30:00,7.22,7.22,7.21,7.21,28000,0
2016-03-29,07:35:00,7.21,7.23,7.21,7.23,235000,0
2016-03-29,07:40:00,7.23,7.23,7.21,7.23,51500,0
2016-03-29,07:45:00,7.23,7.23,7.22,7.23,74500,0
2016-03-29,07:50:00,7.23,7.23,7.2,7.2,447000,0
2016-03-29,07:55:00,7.2,7.21,7.2,7.2,103000,0
2016-03-29,08:00:00,7.2,7.21,7.2,7.21,152000,0
2016-03-29,08:05:00,7.21,7.21,7.2,7.21,176000,0
2016-03-29,08:10:00,7.21,7.21,7.2,7.21,104000,0
2016-03-29,08:15:00,7.21,7.26,7.21,7.26,1779000,0
2016-03-29,08:20:00,7.26,7.26,7.25,7.26,112500,0
2016-03-29,08:25:00,7.26,7.26,7.25,7.26,315000,0
2016-03-29,08:30:00,7.26,7.26,7.24,7.24,170500,0
2016-03-29,08:35:00,7.24,7.25,7.23,7.23,479500,0
2016-03-29,08:40:00,7.23,7.24,7.23,7.23,145000,0
2016-03-29,08:45:00,7.23,7.24,7.23,7.23,206000,0
2016-03-29,08:50:00,7.23,7.23,7.2,7.2,351500,0
2016-03-29,08:55:00,7.2,7.2,7.19,7.19,96500,0
2016-03-29,09:00:00,7.19,7.23,7.19,7.22,491500,0
2016-03-29,09:05:00,7.22,7.22,7.21,7.22,64500,0
2016-03-29,09:10:00,7.22,7.22,7.21,7.21,239500,0
2016-03-29,09:15:00,7.21,7.22,7.2,7.21,182500,0
2016-03-29,09:20:00,7.21,7.22,7.21,7.21,164000,0
2016-03-29,09:25:00,7.21,7.21,7.19,7.19,200000,0
2016-03-29,09:30:00,7.19,7.2,7.18,7.19,544500,0
2016-03-29,09:35:00,7.19,7.2,7.19,7.2,385500,0
2016-03-29,09:40:00,7.2,7.21,7.19,7.2,108500,0
2016-03-29,09:45:00,7.2,7.2,7.18,7.2,300000,0
2016-03-29,09:50:00,7.2,7.2,7.17,7.19,1615500,0
2016-03-29,09:55:00,7.19,7.22,7.19,7.21,643000,0
2016-03-29,10:00:00,7.21,7.23,7.2,7.23,1361500,0
2016-03-30,03:35:00,7.28,7.34,7.25,7.34,467000,0
2016-03-30,03:40:00,7.34,7.43,7.33,7.4,1404000,0
2016-03-30,03:45:00,7.4,7.43,7.38,7.39,838500,0
2016-03-30,03:50:00,7.39,7.4,7.37,7.39,234500,0
2016-03-30,03:55:00,7.39,7.39,7.36,7.37,198000,0
2016-03-30,04:00:00,7.37,7.42,7.37,7.41,416000,0
2016-03-30,04:05:00,7.41,7.44,7.41,7.41,764000,0
2016-03-30,04:10:00,7.41,7.45,7.4,7.42,934000,0
2016-03-30,04:15:00,7.42,7.46,7.42,7.46,753000,0
2016-03-30,04:20:00,7.46,7.5,7.46,7.46,1399000,0
2016-03-30,04:25:00,7.46,7.49,7.46,7.47,841500,0
2016-03-30,04:30:00,7.47,7.49,7.47,7.48,567000,0
2016-03-30,04:35:00,7.48,7.5,7.48,7.49,1130000,0
2016-03-30,04:40:00,7.49,7.5,7.49,7.49,185500,0
2016-03-30,04:45:00,7.49,7.49,7.48,7.48,69500,0
2016-03-30,04:50:00,7.48,7.49,7.46,7.46,131000,0
2016-03-30,04:55:00,7.46,7.47,7.43,7.43,1413500,0
2016-03-30,05:00:00,7.43,7.44,7.42,7.44,257500,0
2016-03-30,05:05:00,7.44,7.44,7.43,7.43,81000,0
2016-03-30,05:10:00,7.43,7.44,7.43,7.44,155000,0
2016-03-30,05:15:00,7.44,7.44,7.43,7.43,187000,0
2016-03-30,05:20:00,7.43,7.44,7.43,7.43,117000,0
2016-03-30,05:25:00,7.43,7.44,7.43,7.43,106500,0
2016-03-30,05:30:00,7.43,7.44,7.43,7.44,119500,0
2016-03-30,05:35:00,7.44,7.44,7.43,7.44,56500,0
2016-03-30,05:40:00,7.44,7.44,7.43,7.43,61000,0
2016-03-30,05:45:00,7.43,7.43,7.42,7.42,140000,0
2016-03-30,05:50:00,7.42,7.43,7.41,7.43,153500,0
2016-03-30,05:55:00,7.43,7.43,7.42,7.43,118000,0
2016-03-30,06:00:00,7.43,7.44,7.42,7.43,231500,0
2016-03-30,07:05:00,7.43,7.43,7.42,7.42,127000,0
2016-03-30,07:10:00,7.42,7.43,7.42,7.42,17500,0
2016-03-30,07:15:00,7.42,7.42,7.41,7.42,82500,0
2016-03-30,07:20:00,7.42,7.42,7.41,7.42,110500,0
2016-03-30,07:25:00,7.42,7.43,7.42,7.42,62000,0
2016-03-30,07:30:00,7.42,7.43,7.42,7.43,81000,0
2016-03-30,07:35:00,7.43,7.48,7.43,7.47,451500,0
2016-03-30,07:40:00,7.47,7.48,7.46,7.47,399000,0
2016-03-30,07:45:00,7.47,7.47,7.47,7.47,248500,0
2016-03-30,07:50:00,7.47,7.48,7.43,7.48,1065500,0
2016-03-30,07:55:00,7.48,7.48,7.46,7.46,131900,0
2016-03-30,08:00:00,7.46,7.47,7.45,7.45,751000,0
2016-03-30,08:05:00,7.45,7.45,7.44,7.45,203000,0
2016-03-30,08:10:00,7.45,7.45,7.44,7.45,31500,0
2016-03-30,08:15:00,7.45,7.46,7.44,7.46,177500,0
2016-03-30,08:20:00,7.46,7.47,7.46,7.47,25000,0
2016-03-30,08:25:00,7.47,7.47,7.46,7.46,215000,0
2016-03-30,08:30:00,7.46,7.47,7.46,7.47,208500,0
2016-03-30,08:35:00,7.47,7.48,7.46,7.47,84500,0
2016-03-30,08:40:00,7.47,7.47,7.46,7.46,241500,0
2016-03-30,08:45:00,7.46,7.46,7.43,7.44,250500,0
2016-03-30,08:50:00,7.44,7.45,7.43,7.45,574500,0
2016-03-30,08:55:00,7.45,7.47,7.45,7.47,159000,0
2016-03-30,09:00:00,7.47,7.48,7.46,7.48,257500,0
2016-03-30,09:05:00,7.48,7.48,7.45,7.45,295000,0
2016-03-30,09:10:00,7.45,7.47,7.45,7.47,330500,0
2016-03-30,09:15:00,7.47,7.48,7.47,7.47,296000,0
2016-03-30,09:20:00,7.47,7.48,7.47,7.48,488000,0
2016-03-30,09:25:00,7.48,7.48,7.46,7.46,530500,0
2016-03-30,09:30:00,7.46,7.47,7.46,7.46,198500,0
2016-03-30,09:35:00,7.46,7.47,7.46,7.46,248500,0
2016-03-30,09:40:00,7.46,7.48,7.46,7.48,1377000,0
2016-03-30,09:45:00,7.48,7.48,7.47,7.48,385000,0
2016-03-30,09:50:00,7.48,7.48,7.47,7.48,821000,0
2016-03-30,09:55:00,7.48,7.48,7.47,7.48,886500,0
2016-03-30,10:00:00,7.48,7.48,7.44,7.47,2830000,0
2016-03-31,03:35:00,7.5,7.53,7.49,7.53,504000,0
2016-03-31,03:40:00,7.53,7.57,7.52,7.57,1499500,0
2016-03-31,03:45:00,7.57,7.57,7.51,7.51,1203000,0
2016-03-31,03:50:00,7.51,7.55,7.51,7.54,577000,0
2016-03-31,03:55:00,7.54,7.54,7.5,7.52,819000,0
2016-03-31,04:00:00,7.52,7.53,7.49,7.51,608500,0
2016-03-31,04:05:00,7.51,7.55,7.5,7.53,1117804,0
2016-03-31,04:10:00,7.53,7.54,7.51,7.53,567000,0
2016-03-31,04:15:00,7.53,7.54,7.52,7.53,296000,0
2016-03-31,04:20:00,7.53,7.55,7.52,7.53,487500,0
2016-03-31,04:25:00,7.53,7.53,7.52,7.53,110000,0
2016-03-31,04:30:00,7.53,7.53,7.51,7.51,202500,0
2016-03-31,04:35:00,7.51,7.51,7.49,7.5,239000,0
2016-03-31,04:40:00,7.5,7.5,7.48,7.49,228500,0
2016-03-31,04:45:00,7.49,7.49,7.47,7.47,341500,0
2016-03-31,04:50:00,7.47,7.47,7.44,7.44,358000,0
2016-03-31,04:55:00,7.44,7.46,7.44,7.46,263500,0
2016-03-31,05:00:00,7.46,7.46,7.42,7.42,434000,0
2016-03-31,05:05:00,7.42,7.42,7.4,7.42,343500,0
2016-03-31,05:10:00,7.42,7.43,7.39,7.39,685500,0
2016-03-31,05:15:00,7.39,7.4,7.39,7.39,153000,0
2016-03-31,05:20:00,7.39,7.43,7.39,7.43,450000,0
2016-03-31,05:25:00,7.43,7.45,7.43,7.44,170000,0
2016-03-31,05:30:00,7.44,7.47,7.44,7.47,289500,0
2016-03-31,05:35:00,7.47,7.48,7.46,7.47,158000,0
2016-03-31,05:40:00,7.47,7.5,7.47,7.5,187000,0
2016-03-31,05:45:00,7.5,7.52,7.5,7.52,435000,0
2016-03-31,05:50:00,7.52,7.54,7.52,7.54,298000,0
2016-03-31,05:55:00,7.54,7.54,7.52,7.54,266000,0
2016-03-31,06:00:00,7.54,7.54,7.53,7.54,152500,0
2016-03-31,07:05:00,7.54,7.54,7.53,7.54,56500,0
2016-03-31,07:10:00,7.54,7.54,7.52,7.53,353500,0
2016-03-31,07:15:00,7.53,7.54,7.53,7.54,29000,0
2016-03-31,07:20:00,7.54,7.54,7.53,7.54,384500,0
2016-03-31,07:25:00,7.54,7.56,7.54,7.55,688500,0
2016-03-31,07:30:00,7.55,7.55,7.54,7.55,103500,0
2016-03-31,07:35:00,7.55,7.55,7.53,7.55,254500,0
2016-03-31,07:40:00,7.55,7.55,7.53,7.53,240500,0
2016-03-31,07:45:00,7.53,7.53,7.52,7.52,140000,0
2016-03-31,07:50:00,7.52,7.53,7.5,7.5,464500,0
2016-03-31,07:55:00,7.5,7.5,7.48,7.48,248000,0
2016-03-31,08:00:00,7.48,7.49,7.48,7.48,111500,0
2016-03-31,08:05:00,7.48,7.5,7.48,7.5,69500,0
2016-03-31,08:10:00,7.5,7.5,7.48,7.48,219500,0
2016-03-31,08:15:00,7.48,7.49,7.47,7.47,216500,0
2016-03-31,08:20:00,7.47,7.47,7.45,7.46,251500,0
2016-03-31,08:25:00,7.46,7.48,7.45,7.48,339500,0
2016-03-31,08:30:00,7.48,7.49,7.46,7.49,394736,0
2016-03-31,08:35:00,7.49,7.49,7.48,7.49,94500,0
2016-03-31,08:40:00,7.49,7.49,7.48,7.49,118000,0
2016-03-31,08:45:00,7.49,7.49,7.48,7.49,170912,0
2016-03-31,08:50:00,7.49,7.49,7.48,7.49,246500,0
2016-03-31,08:55:00,7.49,7.51,7.49,7.51,200000,0
2016-03-31,09:00:00,7.51,7.53,7.51,7.53,503500,0
2016-03-31,09:05:00,7.53,7.53,7.51,7.51,315000,0
2016-03-31,09:10:00,7.51,7.52,7.51,7.52,219000,0
2016-03-31,09:15:00,7.52,7.53,7.51,7.53,199000,0
2016-03-31,09:20:00,7.53,7.53,7.52,7.52,349000,0
2016-03-31,09:25:00,7.52,7.52,7.5,7.51,454500,0
2016-03-31,09:30:00,7.51,7.51,7.49,7.5,63500,0
2016-03-31,09:35:00,7.5,7.5,7.49,7.5,122000,0
2016-03-31,09:40:00,7.5,7.5,7.49,7.49,337500,0
2016-03-31,09:45:00,7.49,7.5,7.49,7.5,385000,0
2016-03-31,09:50:00,7.5,7.5,7.49,7.5,349500,0
2016-03-31,09:55:00,7.5,7.52,7.49,7.52,509500,0
2016-03-31,10:00:00,7.52,7.56,7.51,7.55,4440041,0
2016-04-01,03:35:00,7.5,7.52,7.5,7.51,247000,0
2016-04-01,03:40:00,7.51,7.51,7.48,7.51,489500,0
2016-04-01,03:45:00,7.51,7.52,7.49,7.49,219000,0
2016-04-01,03:50:00,7.49,7.49,7.46,7.47,465000,0
2016-04-01,03:55:00,7.47,7.49,7.46,7.48,348500,0
2016-04-01,04:00:00,7.48,7.48,7.43,7.43,337000,0
2016-04-01,04:05:00,7.43,7.46,7.43,7.46,391500,0
2016-04-01,04:10:00,7.46,7.46,7.41,7.41,127500,0
2016-04-01,04:15:00,7.41,7.41,7.37,7.4,802000,0
2016-04-01,04:20:00,7.4,7.42,7.4,7.41,219000,0
2016-04-01,04:25:00,7.41,7.43,7.41,7.43,70000,0
2016-04-01,04:30:00,7.43,7.47,7.43,7.43,481000,0
2016-04-01,04:35:00,7.43,7.44,7.43,7.43,331500,0
2016-04-01,04:40:00,7.43,7.44,7.43,7.43,256500,0
2016-04-01,04:45:00,7.43,7.43,7.42,7.42,94000,0
2016-04-01,04:50:00,7.42,7.44,7.42,7.44,145500,0
2016-04-01,04:55:00,7.44,7.45,7.44,7.44,53000,0
2016-04-01,05:00:00,7.44,7.47,7.44,7.45,380500,0
2016-04-01,05:05:00,7.45,7.45,7.43,7.44,39000,0
2016-04-01,05:10:00,7.44,7.44,7.42,7.43,152500,0
2016-04-01,05:15:00,7.43,7.43,7.36,7.36,644000,0
2016-04-01,05:20:00,7.36,7.38,7.36,7.37,587500,0
2016-04-01,05:25:00,7.37,7.37,7.32,7.32,396000,0
2016-04-01,05:30:00,7.32,7.32,7.3,7.3,609500,0
2016-04-01,05:35:00,7.3,7.3,7.27,7.27,134000,0
2016-04-01,05:40:00,7.27,7.28,7.26,7.26,282000,0
2016-04-01,05:45:00,7.26,7.26,7.24,7.26,459500,0
2016-04-01,05:50:00,7.26,7.28,7.26,7.28,287500,0
2016-04-01,05:55:00,7.28,7.28,7.25,7.25,465000,0
2016-04-01,06:00:00,7.25,7.26,7.23,7.26,636000,0
2016-04-01,07:05:00,7.26,7.26,7.24,7.25,269000,0
2016-04-01,07:10:00,7.25,7.26,7.25,7.25,131000,0
2016-04-01,07:15:00,7.25,7.26,7.25,7.26,191500,0
2016-04-01,07:20:00,7.26,7.27,7.25,7.27,320500,0
2016-04-01,07:25:00,7.27,7.29,7.26,7.29,209000,0
2016-04-01,07:30:00,7.29,7.29,7.28,7.28,132000,0
2016-04-01,07:35:00,7.28,7.28,7.25,7.26,92000,0
2016-04-01,07:40:00,7.26,7.3,7.26,7.29,390500,0
2016-04-01,07:45:00,7.29,7.3,7.29,7.29,429500,0
2016-04-01,07:50:00,7.29,7.29,7.28,7.28,34000,0
2016-04-01,07:55:00,7.28,7.29,7.28,7.29,230500,0
2016-04-01,08:00:00,7.29,7.3,7.29,7.29,253500,0
2016-04-01,08:05:00,7.29,7.29,7.26,7.26,215500,0
2016-04-01,08:10:00,7.26,7.3,7.26,7.3,429500,0
2016-04-01,08:15:00,7.3,7.3,7.29,7.29,132500,0
2016-04-01,08:20:00,7.29,7.3,7.29,7.3,198500,0
2016-04-01,08:25:00,7.3,7.3,7.29,7.29,94000,0
2016-04-01,08:30:00,7.29,7.3,7.29,7.3,170000,0
2016-04-01,08:35:00,7.3,7.31,7.29,7.3,1055000,0
2016-04-01,08:40:00,7.3,7.31,7.3,7.31,508000,0
2016-04-01,08:45:00,7.31,7.41,7.3,7.39,1523000,0
2016-04-01,08:50:00,7.39,7.4,7.36,7.37,480500,0
2016-04-01,08:55:00,7.37,7.37,7.36,7.36,381500,0
2016-04-01,09:00:00,7.36,7.36,7.34,7.35,161000,0
2016-04-01,09:05:00,7.35,7.35,7.33,7.33,333500,0
2016-04-01,09:10:00,7.33,7.34,7.31,7.32,370000,0
2016-04-01,09:15:00,7.32,7.33,7.32,7.33,172500,0
2016-04-01,09:20:00,7.33,7.35,7.33,7.34,326000,0
2016-04-01,09:25:00,7.34,7.35,7.31,7.31,202000,0
2016-04-01,09:30:00,7.31,7.32,7.31,7.31,119000,0
2016-04-01,09:35:00,7.31,7.34,7.31,7.33,425000,0
2016-04-01,09:40:00,7.33,7.33,7.32,7.33,186500,0
2016-04-01,09:45:00,7.33,7.33,7.3,7.33,382000,0
2016-04-01,09:50:00,7.33,7.36,7.32,7.34,842000,0
2016-04-01,09:55:00,7.34,7.34,7.32,7.32,423500,0
2016-04-01,10:00:00,7.32,7.38,7.32,7.37,3168000,0
2016-04-05,03:35:00,7.27,7.35,7.23,7.27,2031500,0
2016-04-05,03:40:00,7.28,7.3,7.28,7.29,129000,0
2016-04-05,03:45:00,7.29,7.29,7.18,7.22,1016500,0
2016-04-05,03:50:00,7.22,7.24,7.2,7.2,269500,0
2016-04-05,03:55:00,7.2,7.2,7.13,7.15,875561,0
2016-04-05,04:00:00,7.15,7.18,7.15,7.15,276600,0
2016-04-05,04:05:00,7.15,7.16,7.15,7.15,375690,0
2016-04-05,04:10:00,7.15,7.15,7.11,7.13,1707500,0
2016-04-05,04:15:00,7.13,7.13,7.08,7.09,1468500,0
2016-04-05,04:20:00,7.09,7.15,7.08,7.13,666500,0
2016-04-05,04:25:00,7.13,7.15,7.13,7.13,817500,0
2016-04-05,04:30:00,7.13,7.15,7.13,7.13,269000,0
2016-04-05,04:35:00,7.13,7.14,7.13,7.14,198000,0
2016-04-05,04:40:00,7.14,7.14,7.09,7.1,1273500,0
2016-04-05,04:45:00,7.1,7.1,7.07,7.08,1313500,0
2016-04-05,04:50:00,7.08,7.13,7.08,7.11,1607500,0
2016-04-05,04:55:00,7.11,7.14,7.11,7.13,1008500,0
2016-04-05,05:00:00,7.13,7.15,7.13,7.14,45500,0
2016-04-05,05:05:00,7.14,7.15,7.14,7.14,466500,0
2016-04-05,05:10:00,7.14,7.16,7.14,7.15,281000,0
2016-04-05,05:15:00,7.15,7.15,7.13,7.15,639500,0
2016-04-05,05:20:00,7.15,7.16,7.14,7.15,569000,0
2016-04-05,05:25:00,7.15,7.15,7.14,7.15,94500,0
2016-04-05,05:30:00,7.15,7.19,7.15,7.17,1167000,0
2016-04-05,05:35:00,7.17,7.22,7.17,7.19,752000,0
2016-04-05,05:40:00,7.19,7.21,7.19,7.19,191500,0
2016-04-05,05:45:00,7.19,7.2,7.16,7.17,805000,0
2016-04-05,05:50:00,7.17,7.2,7.16,7.19,450500,0
2016-04-05,05:55:00,7.19,7.2,7.18,7.18,107000,0
2016-04-05,06:00:00,7.18,7.2,7.17,7.19,168000,0
2016-04-05,07:05:00,7.19,7.2,7.19,7.19,121500,0
2016-04-05,07:10:00,7.19,7.19,7.17,7.18,413500,0
2016-04-05,07:15:00,7.18,7.21,7.17,7.2,749500,0
2016-04-05,07:20:00,7.2,7.21,7.19,7.2,204000,0
2016-04-05,07:25:00,7.2,7.2,7.19,7.19,42000,0
2016-04-05,07:30:00,7.19,7.21,7.19,7.2,362500,0
2016-04-05,07:35:00,7.2,7.2,7.2,7.2,44500,0
2016-04-05,07:40:00,7.2,7.21,7.2,7.21,503000,0
2016-04-05,07:45:00,7.21,7.25,7.21,7.24,872800,0
2016-04-05,07:50:00,7.24,7.27,7.24,7.26,300500,0
2016-04-05,07:55:00,7.26,7.26,7.22,7.24,324500,0
2016-04-05,08:00:00,7.24,7.25,7.22,7.23,283000,0
2016-04-05,08:05:00,7.23,7.24,7.22,7.23,160000,0
2016-04-05,08:10:00,7.23,7.26,7.23,7.24,417000,0
2016-04-05,08:15:00,7.24,7.25,7.24,7.25,259500,0
2016-04-05,08:20:00,7.25,7.28,7.25,7.28,307000,0
2016-04-05,08:25:00,7.28,7.32,7.28,7.32,397500,0
2016-04-05,08:30:00,7.32,7.33,7.31,7.32,315350,0
2016-04-05,08:35:00,7.32,7.33,7.3,7.31,431500,0
2016-04-05,08:40:00,7.31,7.32,7.25,7.25,693500,0
2016-04-05,08:45:00,7.25,7.28,7.25,7.27,216500,0
2016-04-05,08:50:00,7.27,7.32,7.26,7.32,312000,0
2016-04-05,08:55:00,7.32,7.32,7.28,7.29,492000,0
2016-04-05,09:00:00,7.29,7.3,7.28,7.29,277000,0
2016-04-05,09:05:00,7.29,7.3,7.28,7.28,283500,0
2016-04-05,09:10:00,7.28,7.29,7.28,7.29,188000,0
2016-04-05,09:15:00,7.29,7.29,7.28,7.28,359500,0
2016-04-05,09:20:00,7.28,7.3,7.28,7.29,424500,0
2016-04-05,09:25:00,7.29,7.3,7.29,7.3,556500,0
2016-04-05,09:30:00,7.3,7.32,7.29,7.32,361500,0
2016-04-05,09:35:00,7.32,7.33,7.31,7.33,605000,0
2016-04-05,09:40:00,7.33,7.33,7.3,7.32,398611,0
2016-04-05,09:45:00,7.32,7.33,7.32,7.33,328500,0
2016-04-05,09:50:00,7.33,7.33,7.31,7.32,560150,0
2016-04-05,09:55:00,7.32,7.33,7.31,7.32,754500,0
2016-04-05,10:00:00,7.32,7.33,7.29,7.33,1587500,0
2016-04-06,03:35:00,7.3,7.32,7.3,7.3,252500,0
2016-04-06,03:40:00,7.3,7.33,7.27,7.32,871000,0
2016-04-06,03:45:00,7.32,7.32,7.3,7.3,103500,0
2016-04-06,03:50:00,7.3,7.31,7.28,7.3,173000,0
2016-04-06,03:55:00,7.3,7.36,7.29,7.36,292500,0
2016-04-06,04:00:00,7.36,7.37,7.34,7.34,368500,0
2016-04-06,04:05:00,7.34,7.34,7.34,7.34,25500,0
2016-04-06,04:10:00,7.34,7.36,7.34,7.35,131500,0
2016-04-06,04:15:00,7.35,7.36,7.35,7.36,199500,0
2016-04-06,04:20:00,7.36,7.36,7.34,7.34,71500,0
2016-04-06,04:25:00,7.34,7.34,7.3,7.33,316000,0
2016-04-06,04:30:00,7.33,7.33,7.3,7.32,265500,0
2016-04-06,04:35:00,7.32,7.32,7.31,7.32,52500,0
2016-04-06,04:40:00,7.32,7.33,7.32,7.33,125500,0
2016-04-06,04:45:00,7.33,7.35,7.33,7.35,238500,0
2016-04-06,04:50:00,7.35,7.35,7.33,7.34,1012500,0
2016-04-06,04:55:00,7.34,7.35,7.34,7.34,132500,0
2016-04-06,05:00:00,7.34,7.36,7.34,7.36,69000,0
2016-04-06,05:05:00,7.36,7.36,7.34,7.34,433000,0
2016-04-06,05:10:00,7.34,7.34,7.33,7.34,319500,0
2016-04-06,05:15:00,7.34,7.35,7.34,7.35,65500,0
2016-04-06,05:20:00,7.35,7.37,7.35,7.36,343500,0
2016-04-06,05:25:00,7.36,7.37,7.35,7.36,238500,0
2016-04-06,05:30:00,7.36,7.37,7.36,7.37,155000,0
2016-04-06,05:35:00,7.38,7.38,7.37,7.38,224500,0
2016-04-06,05:40:00,7.38,7.38,7.37,7.38,154000,0
2016-04-06,05:45:00,7.38,7.38,7.36,7.37,171500,0
2016-04-06,05:50:00,7.37,7.39,7.37,7.39,167000,0
2016-04-06,05:55:00,7.39,7.4,7.38,7.4,248500,0
2016-04-06,06:00:00,7.4,7.43,7.4,7.42,346000,0
2016-04-06,07:05:00,7.42,7.42,7.4,7.4,171500,0
2016-04-06,07:10:00,7.4,7.41,7.39,7.39,318000,0
2016-04-06,07:15:00,7.39,7.39,7.38,7.39,116000,0
2016-04-06,07:20:00,7.39,7.39,7.38,7.39,29000,0
2016-04-06,07:25:00,7.39,7.39,7.38,7.39,195694,0
2016-04-06,07:30:00,7.39,7.4,7.39,7.4,193500,0
2016-04-06,07:35:00,7.4,7.41,7.38,7.39,157000,0
2016-04-06,07:40:00,7.39,7.39,7.36,7.36,282500,0
2016-04-06,07:45:00,7.36,7.37,7.36,7.37,52000,0
2016-04-06,07:50:00,7.37,7.37,7.35,7.35,237000,0
2016-04-06,07:55:00,7.35,7.35,7.33,7.34,915000,0
2016-04-06,08:00:00,7.34,7.36,7.34,7.35,408000,0
2016-04-06,08:05:00,7.35,7.36,7.35,7.35,154000,0
2016-04-06,08:10:00,7.35,7.36,7.35,7.36,83500,0
2016-04-06,08:15:00,7.36,7.38,7.36,7.38,235000,0
2016-04-06,08:20:00,7.38,7.39,7.38,7.38,173000,0
2016-04-06,08:25:00,7.38,7.38,7.36,7.36,146000,0
2016-04-06,08:30:00,7.36,7.37,7.36,7.37,58000,0
2016-04-06,08:35:00,7.37,7.37,7.37,7.37,157000,0
2016-04-06,08:40:00,7.37,7.38,7.37,7.37,189500,0
2016-04-06,08:45:00,7.37,7.38,7.36,7.36,172000,0
2016-04-06,08:50:00,7.36,7.37,7.36,7.36,161500,0
2016-04-06,08:55:00,7.36,7.36,7.35,7.36,98500,0
2016-04-06,09:00:00,7.36,7.38,7.35,7.37,1431000,0
2016-04-06,09:05:00,7.37,7.39,7.37,7.38,162000,0
2016-04-06,09:10:00,7.38,7.39,7.37,7.38,580000,0
2016-04-06,09:15:00,7.38,7.42,7.38,7.4,985500,0
2016-04-06,09:20:00,7.4,7.41,7.4,7.4,255500,0
2016-04-06,09:25:00,7.4,7.41,7.39,7.4,240000,0
2016-04-06,09:30:00,7.4,7.41,7.39,7.4,178000,0
2016-04-06,09:35:00,7.4,7.4,7.38,7.4,287500,0
2016-04-06,09:40:00,7.4,7.4,7.39,7.39,153500,0
2016-04-06,09:45:00,7.39,7.41,7.39,7.41,279500,0
2016-04-06,09:50:00,7.41,7.41,7.39,7.4,298500,0
2016-04-06,09:55:00,7.4,7.42,7.4,7.41,783000,0
2016-04-06,10:00:00,7.41,7.42,7.4,7.42,2866000,0
2016-04-07,03:35:00,7.47,7.5,7.47,7.48,327500,0
2016-04-07,03:40:00,7.48,7.49,7.46,7.47,358500,0
2016-04-07,03:45:00,7.47,7.47,7.45,7.46,164500,0
2016-04-07,03:50:00,7.46,7.47,7.46,7.47,222000,0
2016-04-07,03:55:00,7.47,7.47,7.42,7.45,660500,0
2016-04-07,04:00:00,7.45,7.46,7.43,7.43,170500,0
2016-04-07,04:05:00,7.43,7.43,7.42,7.42,260000,0
2016-04-07,04:10:00,7.42,7.43,7.42,7.42,43500,0
2016-04-07,04:15:00,7.42,7.5,7.42,7.49,612500,0
2016-04-07,04:20:00,7.49,7.51,7.47,7.47,1227200,0
2016-04-07,04:25:00,7.47,7.48,7.47,7.48,144000,0
2016-04-07,04:30:00,7.48,7.53,7.47,7.53,2371000,0
2016-04-07,04:35:00,7.53,7.53,7.49,7.49,122000,0
2016-04-07,04:40:00,7.49,7.49,7.47,7.47,131000,0
2016-04-07,04:45:00,7.47,7.47,7.45,7.45,189000,0
2016-04-07,04:50:00,7.45,7.46,7.44,7.45,365000,0
2016-04-07,04:55:00,7.45,7.45,7.45,7.45,16500,0
2016-04-07,05:00:00,7.45,7.47,7.45,7.47,134000,0
2016-04-07,05:05:00,7.47,7.47,7.45,7.45,159000,0
2016-04-07,05:10:00,7.45,7.45,7.44,7.44,198500,0
2016-04-07,05:15:00,7.44,7.47,7.44,7.46,184500,0
2016-04-07,05:20:00,7.46,7.48,7.46,7.48,142500,0
2016-04-07,05:25:00,7.48,7.49,7.48,7.48,129500,0
2016-04-07,05:30:00,7.48,7.49,7.48,7.49,30000,0
2016-04-07,05:35:00,7.49,7.49,7.45,7.45,513500,0
2016-04-07,05:40:00,7.45,7.45,7.44,7.44,236000,0
2016-04-07,05:45:00,7.44,7.45,7.43,7.45,310500,0
2016-04-07,05:50:00,7.45,7.45,7.42,7.42,237500,0
2016-04-07,05:55:00,7.42,7.43,7.41,7.42,238000,0
2016-04-07,06:00:00,7.42,7.44,7.41,7.41,292500,0
2016-04-07,07:05:00,7.41,7.45,7.41,7.45,246500,0
2016-04-07,07:10:00,7.45,7.45,7.42,7.42,296000,0
2016-04-07,07:15:00,7.42,7.43,7.41,7.43,271000,0
2016-04-07,07:20:00,7.43,7.44,7.41,7.43,63500,0
2016-04-07,07:25:00,7.43,7.44,7.42,7.42,121000,0
2016-04-07,07:30:00,7.42,7.44,7.42,7.44,228000,0
2016-04-07,07:35:00,7.44,7.49,7.44,7.44,1467000,0
2016-04-07,07:40:00,7.44,7.45,7.44,7.45,57500,0
2016-04-07,07:45:00,7.45,7.45,7.44,7.44,145500,0
2016-04-07,07:50:00,7.44,7.46,7.44,7.46,147500,0
2016-04-07,07:55:00,7.46,7.46,7.45,7.45,48000,0
2016-04-07,08:00:00,7.45,7.46,7.45,7.45,37000,0
2016-04-07,08:05:00,7.45,7.46,7.44,7.44,67000,0
2016-04-07,08:10:00,7.44,7.44,7.42,7.42,107500,0
2016-04-07,08:15:00,7.42,7.43,7.42,7.42,49000,0
2016-04-07,08:20:00,7.42,7.43,7.42,7.43,97458,0
2016-04-07,08:25:00,7.43,7.45,7.42,7.44,294500,0
2016-04-07,08:30:00,7.44,7.45,7.44,7.45,68000,0
2016-04-07,08:35:00,7.45,7.45,7.43,7.44,405000,0
2016-04-07,08:40:00,7.44,7.45,7.43,7.44,332000,0
2016-04-07,08:45:00,7.44,7.46,7.44,7.45,246000,0
2016-04-07,08:50:00,7.45,7.45,7.44,7.44,62500,0
2016-04-07,08:55:00,7.44,7.46,7.44,7.44,504000,0
2016-04-07,09:00:00,7.44,7.45,7.44,7.44,480000,0
2016-04-07,09:05:00,7.44,7.46,7.44,7.45,165500,0
2016-04-07,09:10:00,7.45,7.46,7.45,7.45,243517,0
2016-04-07,09:15:00,7.45,7.45,7.44,7.44,184000,0
2016-04-07,09:20:00,7.44,7.45,7.44,7.44,134000,0
2016-04-07,09:25:00,7.44,7.45,7.43,7.43,1164500,0
2016-04-07,09:30:00,7.43,7.44,7.43,7.44,136000,0
2016-04-07,09:35:00,7.44,7.44,7.43,7.43,197000,0
2016-04-07,09:40:00,7.43,7.45,7.43,7.44,725500,0
2016-04-07,09:45:00,7.44,7.45,7.44,7.44,114500,0
2016-04-07,09:50:00,7.44,7.46,7.44,7.45,243000,0
2016-04-07,09:55:00,7.45,7.46,7.45,7.45,188500,0
2016-04-07,10:00:00,7.45,7.5,7.45,7.48,2312500,0
2016-04-08,03:35:00,7.3,7.37,7.28,7.34,472500,0
2016-04-08,03:40:00,7.34,7.38,7.34,7.35,118000,0
2016-04-08,03:45:00,7.35,7.4,7.35,7.4,211000,0
2016-04-08,03:50:00,7.4,7.4,7.38,7.38,80000,0
2016-04-08,03:55:00,7.38,7.38,7.35,7.35,101000,0
2016-04-08,04:00:00,7.35,7.35,7.34,7.34,17000,0
2016-04-08,04:05:00,7.34,7.35,7.34,7.34,102000,0
2016-04-08,04:10:00,7.34,7.4,7.34,7.4,659500,0
2016-04-08,04:15:00,7.4,7.41,7.39,7.4,79000,0
2016-04-08,04:20:00,7.4,7.4,7.35,7.35,212500,0
2016-04-08,04:25:00,7.35,7.37,7.35,7.37,28000,0
2016-04-08,04:30:00,7.37,7.37,7.36,7.36,38500,0
2016-04-08,04:35:00,7.36,7.39,7.36,7.39,211000,0
2016-04-08,04:40:00,7.39,7.41,7.39,7.4,113500,0
2016-04-08,04:45:00,7.4,7.4,7.37,7.37,131500,0
2016-04-08,04:50:00,7.38,7.38,7.38,7.38,68000,0
2016-04-08,04:55:00,7.38,7.38,7.37,7.37,86000,0
2016-04-08,05:00:00,7.37,7.37,7.36,7.36,363000,0
2016-04-08,05:05:00,7.36,7.39,7.36,7.38,205500,0
2016-04-08,05:10:00,7.38,7.38,7.32,7.34,896500,0
2016-04-08,05:15:00,7.34,7.38,7.34,7.37,505500,0
2016-04-08,05:20:00,7.37,7.37,7.36,7.36,735000,0
2016-04-08,05:25:00,7.36,7.36,7.36,7.36,463000,0
2016-04-08,05:35:00,7.36,7.37,7.36,7.37,323000,0
2016-04-08,05:40:00,7.37,7.38,7.37,7.37,27000,0
2016-04-08,05:45:00,7.37,7.37,7.37,7.37,33000,0
2016-04-08,05:50:00,7.37,7.37,7.37,7.37,53000,0
2016-04-08,05:55:00,7.37,7.37,7.36,7.37,127000,0
2016-04-08,06:00:00,7.37,7.37,7.36,7.37,51500,0
2016-04-08,07:05:00,7.37,7.42,7.37,7.42,2542500,0
2016-04-08,07:10:00,7.42,7.43,7.42,7.43,252500,0
2016-04-08,07:15:00,7.43,7.44,7.43,7.43,68000,0
2016-04-08,07:20:00,7.43,7.43,7.41,7.41,99000,0
2016-04-08,07:25:00,7.41,7.43,7.41,7.42,270000,0
2016-04-08,07:30:00,7.42,7.44,7.42,7.44,24500,0
2016-04-08,07:35:00,7.44,7.44,7.4,7.4,145000,0
2016-04-08,07:40:00,7.4,7.41,7.4,7.41,100000,0
2016-04-08,07:45:00,7.41,7.41,7.4,7.4,69500,0
2016-04-08,07:50:00,7.4,7.4,7.39,7.39,304500,0
2016-04-08,07:55:00,7.39,7.39,7.38,7.38,15500,0
2016-04-08,08:00:00,7.38,7.4,7.38,7.4,192000,0
2016-04-08,08:05:00,7.4,7.41,7.39,7.39,28000,0
2016-04-08,08:10:00,7.39,7.39,7.38,7.38,62000,0
2016-04-08,08:15:00,7.38,7.38,7.36,7.38,333000,0
2016-04-08,08:20:00,7.38,7.4,7.38,7.4,152000,0
2016-04-08,08:25:00,7.4,7.4,7.39,7.39,29000,0
2016-04-08,08:30:00,7.39,7.39,7.38,7.39,133000,0
2016-04-08,08:35:00,7.39,7.4,7.39,7.39,102500,0
2016-04-08,08:40:00,7.39,7.4,7.38,7.4,119000,0
2016-04-08,08:45:00,7.4,7.4,7.39,7.4,57000,0
2016-04-08,08:50:00,7.4,7.41,7.39,7.41,127000,0
2016-04-08,08:55:00,7.41,7.41,7.4,7.4,34500,0
2016-04-08,09:00:00,7.4,7.4,7.39,7.4,85000,0
2016-04-08,09:05:00,7.4,7.4,7.39,7.4,218500,0
2016-04-08,09:10:00,7.4,7.41,7.4,7.41,646000,0
2016-04-08,09:15:00,7.41,7.42,7.4,7.41,184975,0
2016-04-08,09:20:00,7.41,7.41,7.41,7.41,71000,0
2016-04-08,09:25:00,7.41,7.44,7.4,7.44,348000,0
2016-04-08,09:30:00,7.44,7.44,7.43,7.44,406500,0
2016-04-08,09:35:00,7.44,7.44,7.41,7.42,926500,0
2016-04-08,09:40:00,7.42,7.42,7.41,7.41,152000,0
2016-04-08,09:45:00,7.41,7.43,7.41,7.42,255500,0
2016-04-08,09:50:00,7.42,7.43,7.41,7.43,226000,0
2016-04-08,09:55:00,7.43,7.44,7.42,7.43,227500,0
2016-04-08,10:00:00,7.43,7.43,7.4,7.41,1631000,0
2016-04-11,03:35:00,7.46,7.57,7.46,7.56,1279500,0
2016-04-11,03:40:00,7.56,7.63,7.56,7.63,2366000,0
2016-04-11,03:45:00,7.63,7.7,7.62,7.68,1860500,0
2016-04-11,03:50:00,7.68,7.69,7.62,7.63,850500,0
2016-04-11,03:55:00,7.63,7.66,7.63,7.66,691500,0
2016-04-11,04:00:00,7.66,7.67,7.65,7.66,538500,0
2016-04-11,04:05:00,7.66,7.67,7.65,7.67,667000,0
2016-04-11,04:10:00,7.67,7.68,7.65,7.65,503500,0
2016-04-11,04:15:00,7.65,7.67,7.65,7.66,460500,0
2016-04-11,04:20:00,7.66,7.7,7.65,7.7,1437000,0
2016-04-11,04:25:00,7.7,7.7,7.68,7.68,233000,0
2016-04-11,04:30:00,7.68,7.68,7.67,7.67,159500,0
2016-04-11,04:35:00,7.67,7.67,7.66,7.67,216000,0
2016-04-11,04:40:00,7.67,7.69,7.66,7.69,425000,0
2016-04-11,04:45:00,7.69,7.75,7.69,7.74,2769500,0
2016-04-11,04:50:00,7.74,7.77,7.73,7.76,1372810,0
2016-04-11,04:55:00,7.76,7.8,7.76,7.8,1251500,0
2016-04-11,05:00:00,7.8,7.8,7.76,7.77,1094500,0
2016-04-11,05:05:00,7.77,7.8,7.77,7.79,643000,0
2016-04-11,05:10:00,7.79,7.8,7.74,7.74,1018500,0
2016-04-11,05:15:00,7.74,7.76,7.73,7.76,829500,0
2016-04-11,05:20:00,7.76,7.77,7.73,7.73,871000,0
2016-04-11,05:25:00,7.73,7.74,7.7,7.71,489000,0
2016-04-11,05:30:00,7.71,7.72,7.69,7.7,271500,0
2016-04-11,05:35:00,7.7,7.76,7.69,7.73,1824500,0
2016-04-11,05:40:00,7.73,7.74,7.7,7.74,762500,0
2016-04-11,05:45:00,7.74,7.74,7.74,7.74,61000,0
2016-04-11,05:50:00,7.74,7.76,7.73,7.76,399500,0
2016-04-11,05:55:00,7.76,7.77,7.75,7.75,621500,0
2016-04-11,06:00:00,7.75,7.76,7.75,7.76,275000,0
2016-04-11,07:05:00,7.76,7.77,7.74,7.76,876000,0
2016-04-11,07:10:00,7.76,7.77,7.74,7.74,1090500,0
2016-04-11,07:15:00,7.74,7.75,7.74,7.75,94000,0
2016-04-11,07:20:00,7.75,7.76,7.74,7.76,548500,0
2016-04-11,07:25:00,7.76,7.77,7.76,7.77,373000,0
2016-04-11,07:30:00,7.77,7.77,7.76,7.77,576524,0
2016-04-11,07:35:00,7.77,7.77,7.75,7.75,684000,0
2016-04-11,07:40:00,7.75,7.75,7.74,7.74,372000,0
2016-04-11,07:45:00,7.74,7.75,7.73,7.74,362500,0
2016-04-11,07:50:00,7.74,7.77,7.74,7.77,713500,0
2016-04-11,07:55:00,7.77,7.77,7.76,7.76,658000,0
2016-04-11,08:00:00,7.76,7.76,7.75,7.76,314500,0
2016-04-11,08:05:00,7.76,7.77,7.76,7.76,507000,0
2016-04-11,08:10:00,7.76,7.76,7.74,7.74,686000,0
2016-04-11,08:15:00,7.74,7.75,7.72,7.73,493000,0
2016-04-11,08:20:00,7.73,7.75,7.73,7.74,336000,0
2016-04-11,08:25:00,7.74,7.75,7.74,7.74,429500,0
2016-04-11,08:30:00,7.74,7.75,7.74,7.75,258500,0
2016-04-11,08:35:00,7.75,7.75,7.73,7.73,672000,0
2016-04-11,08:40:00,7.73,7.74,7.73,7.74,144000,0
2016-04-11,08:45:00,7.74,7.74,7.73,7.74,119000,0
2016-04-11,08:50:00,7.74,7.74,7.73,7.74,276500,0
2016-04-11,08:55:00,7.74,7.74,7.74,7.74,169500,0
2016-04-11,09:00:00,7.74,7.74,7.73,7.74,394000,0
2016-04-11,09:05:00,7.74,7.74,7.72,7.72,1217000,0
2016-04-11,09:10:00,7.72,7.72,7.68,7.69,1960000,0
2016-04-11,09:15:00,7.69,7.7,7.69,7.7,619500,0
2016-04-11,09:20:00,7.7,7.77,7.69,7.77,5694000,0
2016-04-11,09:25:00,7.77,7.77,7.71,7.71,324500,0
2016-04-11,09:30:00,7.71,7.72,7.71,7.71,564500,0
2016-04-11,09:35:00,7.71,7.71,7.7,7.7,591500,0
2016-04-11,09:40:00,7.7,7.72,7.7,7.72,898000,0
2016-04-11,09:45:00,7.72,7.72,7.71,7.71,494000,0
2016-04-11,09:50:00,7.71,7.72,7.69,7.71,1630000,0
2016-04-11,09:55:00,7.71,7.73,7.71,7.72,1220500,0
2016-04-11,10:00:00,7.72,7.73,7.7,7.71,3114500,0
2016-04-12,03:35:00,7.72,7.78,7.72,7.76,323500,0
2016-04-12,03:40:00,7.76,7.76,7.73,7.75,175000,0
2016-04-12,03:45:00,7.75,7.76,7.74,7.74,392500,0
2016-04-12,03:50:00,7.74,7.74,7.66,7.66,515500,0
2016-04-12,03:55:00,7.66,7.67,7.62,7.67,350500,0
2016-04-12,04:00:00,7.67,7.68,7.65,7.65,96500,0
2016-04-12,04:05:00,7.65,7.68,7.63,7.68,224500,0
2016-04-12,04:10:00,7.69,7.69,7.68,7.68,62500,0
2016-04-12,04:15:00,7.68,7.7,7.68,7.7,200500,0
2016-04-12,04:20:00,7.7,7.7,7.66,7.66,108000,0
2016-04-12,04:25:00,7.66,7.67,7.65,7.67,106000,0
2016-04-12,04:30:00,7.67,7.67,7.66,7.67,49000,0
2016-04-12,04:35:00,7.67,7.69,7.67,7.69,123000,0
2016-04-12,04:40:00,7.69,7.71,7.69,7.71,143500,0
2016-04-12,04:45:00,7.71,7.72,7.7,7.7,259000,0
2016-04-12,04:50:00,7.7,7.71,7.7,7.71,11000,0
2016-04-12,04:55:00,7.71,7.71,7.68,7.68,336000,0
2016-04-12,05:00:00,7.68,7.69,7.68,7.69,170500,0
2016-04-12,05:05:00,7.69,7.7,7.69,7.7,44500,0
2016-04-12,05:10:00,7.7,7.7,7.69,7.69,66000,0
2016-04-12,05:15:00,7.69,7.69,7.68,7.68,47000,0
2016-04-12,05:20:00,7.68,7.69,7.68,7.68,114500,0
2016-04-12,05:25:00,7.68,7.68,7.65,7.65,227500,0
2016-04-12,05:30:00,7.65,7.66,7.64,7.66,240500,0
2016-04-12,05:35:00,7.66,7.66,7.65,7.65,125500,0
2016-04-12,05:40:00,7.65,7.65,7.64,7.64,56000,0
2016-04-12,05:45:00,7.64,7.64,7.63,7.64,87000,0
2016-04-12,05:50:00,7.64,7.64,7.63,7.64,138000,0
2016-04-12,05:55:00,7.64,7.64,7.63,7.63,78000,0
2016-04-12,06:00:00,7.63,7.65,7.63,7.65,308500,0
2016-04-12,07:05:00,7.65,7.66,7.65,7.65,167000,0
2016-04-12,07:10:00,7.65,7.65,7.63,7.64,251000,0
2016-04-12,07:15:00,7.64,7.65,7.63,7.64,101000,0
2016-04-12,07:20:00,7.64,7.65,7.63,7.64,157000,0
2016-04-12,07:25:00,7.64,7.64,7.63,7.63,59500,0
2016-04-12,07:30:00,7.63,7.63,7.63,7.63,79076,0
2016-04-12,07:35:00,7.63,7.64,7.63,7.64,128500,0
2016-04-12,07:40:00,7.64,7.66,7.64,7.66,198000,0
2016-04-12,07:45:00,7.66,7.68,7.65,7.68,537000,0
2016-04-12,07:50:00,7.68,7.69,7.67,7.67,187500,0
2016-04-12,07:55:00,7.67,7.67,7.66,7.67,122000,0
2016-04-12,08:00:00,7.67,7.68,7.67,7.68,61500,0
2016-04-12,08:05:00,7.68,7.68,7.66,7.66,116000,0
2016-04-12,08:10:00,7.66,7.66,7.65,7.65,129000,0
2016-04-12,08:15:00,7.65,7.67,7.65,7.67,88500,0
2016-04-12,08:20:00,7.67,7.67,7.66,7.66,40000,0
2016-04-12,08:25:00,7.66,7.67,7.66,7.66,121500,0
2016-04-12,08:30:00,7.66,7.67,7.65,7.67,113000,0
2016-04-12,08:35:00,7.66,7.67,7.66,7.67,167500,0
2016-04-12,08:40:00,7.67,7.67,7.65,7.65,64000,0
2016-04-12,08:45:00,7.65,7.67,7.65,7.66,67500,0
2016-04-12,08:50:00,7.66,7.67,7.66,7.67,457500,0
2016-04-12,08:55:00,7.67,7.69,7.67,7.68,225000,0
2016-04-12,09:00:00,7.68,7.69,7.68,7.69,141000,0
2016-04-12,09:05:00,7.69,7.69,7.69,7.69,137000,0
2016-04-12,09:10:00,7.69,7.7,7.69,7.69,140500,0
2016-04-12,09:15:00,7.69,7.69,7.68,7.68,146000,0
2016-04-12,09:20:00,7.68,7.69,7.67,7.69,172000,0
2016-04-12,09:25:00,7.69,7.69,7.69,7.69,56000,0
2016-04-12,09:30:00,7.69,7.69,7.68,7.69,156500,0
2016-04-12,09:35:00,7.69,7.69,7.68,7.69,86000,0
2016-04-12,09:40:00,7.69,7.69,7.68,7.69,110500,0
2016-04-12,09:45:00,7.69,7.69,7.68,7.69,153000,0
2016-04-12,09:50:00,7.69,7.69,7.68,7.69,250000,0
2016-04-12,09:55:00,7.69,7.69,7.65,7.68,1070000,0
2016-04-12,10:00:00,7.68,7.7,7.63,7.65,2973000,0
2016-04-13,03:35:00,7.77,7.84,7.77,7.82,1152000,0
2016-04-13,03:40:00,7.82,7.85,7.79,7.82,854000,0
2016-04-13,03:45:00,7.82,7.84,7.81,7.83,759500,0
2016-04-13,03:50:00,7.83,7.97,7.82,7.95,4465000,0
2016-04-13,03:55:00,7.95,7.97,7.94,7.97,2244000,0
2016-04-13,04:00:00,7.97,8.04,7.96,8,3206500,0
2016-04-13,04:05:00,8,8.04,7.96,7.96,1324000,0
2016-04-13,04:10:00,7.96,8,7.95,7.99,937500,0
2016-04-13,04:15:00,7.99,8,7.98,7.99,683000,0
2016-04-13,04:20:00,7.99,8,7.98,7.98,421500,0
2016-04-13,04:25:00,7.98,8.01,7.98,8,2259500,0
2016-04-13,04:30:00,8,8,7.96,7.96,733500,0
2016-04-13,04:35:00,7.96,8,7.96,7.99,359000,0
2016-04-13,04:40:00,7.99,8,7.96,7.96,514500,0
2016-04-13,04:45:00,7.96,7.97,7.95,7.95,277500,0
2016-04-13,04:50:00,7.95,7.97,7.94,7.94,756500,0
2016-04-13,04:55:00,7.94,7.96,7.91,7.94,1315625,0
2016-04-13,05:00:00,7.94,7.95,7.94,7.95,168500,0
2016-04-13,05:05:00,7.95,7.98,7.94,7.97,2300500,0
2016-04-13,05:10:00,7.97,7.98,7.96,7.97,236000,0
2016-04-13,05:15:00,7.97,7.97,7.96,7.97,317500,0
2016-04-13,05:20:00,7.97,7.99,7.96,7.98,816000,0
2016-04-13,05:25:00,7.98,7.98,7.96,7.98,164000,0
2016-04-13,05:30:00,7.98,7.99,7.97,7.97,560500,0
2016-04-13,05:35:00,7.97,7.98,7.97,7.98,333500,0
2016-04-13,05:40:00,7.98,7.99,7.98,7.98,457000,0
2016-04-13,05:45:00,7.98,7.98,7.97,7.98,399000,0
2016-04-13,05:50:00,7.98,7.98,7.97,7.98,233500,0
2016-04-13,05:55:00,7.98,7.98,7.97,7.97,291500,0
2016-04-13,06:00:00,7.97,8.01,7.97,8,2528500,0
2016-04-13,07:05:00,8,8.02,8,8.02,840000,0
2016-04-13,07:10:00,8.02,8.03,8.01,8.02,2894000,0
2016-04-13,07:15:00,8.02,8.02,8.01,8.01,294000,0
2016-04-13,07:20:00,8.01,8.02,8,8.01,682500,0
2016-04-13,07:25:00,8.01,8.01,8,8.01,55500,0
2016-04-13,07:30:00,8.01,8.01,7.99,7.99,504000,0
2016-04-13,07:35:00,7.99,8,7.99,7.99,148500,0
2016-04-13,07:40:00,7.99,8,7.98,7.99,536000,0
2016-04-13,07:45:00,7.99,8.01,7.99,8.01,242500,0
2016-04-13,07:50:00,8.01,8.01,8,8,69500,0
2016-04-13,07:55:00,8,8,7.99,8,637500,0
2016-04-13,08:00:00,8,8.01,7.99,8,125500,0
2016-04-13,08:05:00,8,8.02,8,8.01,621000,0
2016-04-13,08:10:00,8.01,8.02,8.01,8.01,99500,0
2016-04-13,08:15:00,8.01,8.03,8.01,8.03,256000,0
2016-04-13,08:20:00,8.03,8.03,8.01,8.01,554000,0
2016-04-13,08:25:00,8.01,8.03,8,8.01,1003000,0
2016-04-13,08:30:00,8.01,8.02,8,8,374500,0
2016-04-13,08:35:00,8,8.01,7.98,7.98,795000,0
2016-04-13,08:40:00,7.98,7.99,7.98,7.99,151500,0
2016-04-13,08:45:00,7.99,7.99,7.97,7.98,331500,0
2016-04-13,08:50:00,7.98,7.99,7.97,7.99,401000,0
2016-04-13,08:55:00,7.99,7.99,7.97,7.98,215000,0
2016-04-13,09:00:00,7.98,7.99,7.97,7.98,349000,0
2016-04-13,09:05:00,7.98,7.99,7.97,7.97,461500,0
2016-04-13,09:10:00,7.97,8,7.97,8,282000,0
2016-04-13,09:15:00,8,8,7.99,7.99,261500,0
2016-04-13,09:20:00,7.99,8,7.99,8,720000,0
2016-04-13,09:25:00,8,8.01,7.99,8.01,934000,0
2016-04-13,09:30:00,8.01,8.01,7.99,8,723500,0
2016-04-13,09:35:00,8,8,7.98,7.98,717000,0
2016-04-13,09:40:00,7.98,7.99,7.98,7.99,666500,0
2016-04-13,09:45:00,7.99,8,7.98,7.98,1323500,0
2016-04-13,09:50:00,7.98,7.99,7.98,7.99,499500,0
2016-04-13,09:55:00,7.99,8,7.98,8,833000,0
2016-04-13,10:00:00,8,8.01,7.98,8,3736500,0
