Date,Time,Open,High,Low,Close,Volume,OpenInt
2016-02-04,02:35:00,12.66,12.68,12.64,12.64,11000,0
2016-02-04,02:50:00,12.62,12.64,12.62,12.64,2000,0
2016-02-04,03:15:00,12.66,12.68,12.66,12.68,8000,0
2016-02-04,03:20:00,12.68,12.68,12.68,12.68,1000,0
2016-02-04,07:00:00,12.68,12.86,12.68,12.86,3000,0
2016-02-04,08:20:00,12.84,12.84,12.84,12.84,1000,0
2016-02-04,08:55:00,12.7,12.7,12.68,12.68,20000,0
2016-02-04,09:00:00,12.68,12.7,12.68,12.7,3000,0
2016-02-05,03:45:00,12.92,12.92,12.8,12.8,73,0
2016-02-05,04:45:00,12.8,12.92,12.8,12.92,6000,0
2016-02-05,07:30:00,12.88,12.88,12.84,12.84,2000,0
2016-02-05,08:10:00,12.84,12.88,12.84,12.88,2000,0
2016-02-05,08:30:00,12.88,12.88,12.88,12.88,1000,0
2016-02-05,08:45:00,12.9,12.9,12.9,12.9,6000,0
2016-02-11,02:35:00,12.6,12.6,12.52,12.52,2000,0
2016-02-11,02:40:00,12.52,12.56,12.52,12.56,2000,0
2016-02-11,02:45:00,12.56,12.56,12.54,12.54,2000,0
2016-02-11,02:50:00,12.54,12.54,12.52,12.52,8000,0
2016-02-11,02:55:00,12.52,12.52,12.5,12.52,18000,0
2016-02-11,03:15:00,12.52,12.52,12.52,12.52,1000,0
2016-02-11,03:30:00,12.52,12.52,12.52,12.52,1000,0
2016-02-11,03:40:00,12.52,12.54,12.52,12.52,12000,0
2016-02-11,03:50:00,12.52,12.52,12.52,12.52,5000,0
2016-02-11,04:05:00,12.52,12.52,12.5,12.5,2000,0
2016-02-11,04:15:00,12.5,12.52,12.5,12.52,11000,0
2016-02-11,04:40:00,12.52,12.52,12.5,12.5,2000,0
2016-02-11,04:55:00,12.5,12.5,12.48,12.48,54000,0
2016-02-11,08:30:00,12.42,12.44,12.42,12.44,2000,0
2016-02-12,04:25:00,12.62,12.7,12.5,12.68,6000,0
2016-02-12,04:35:00,12.66,12.66,12.66,12.66,1000,0
2016-02-12,04:45:00,12.66,12.66,12.66,12.66,3000,0
2016-02-12,04:50:00,12.66,12.68,12.66,12.68,2000,0
2016-02-12,05:00:00,12.68,12.7,12.68,12.7,8000,0
2016-02-12,06:05:00,12.72,12.72,12.72,12.72,1000,0
2016-02-12,06:10:00,12.72,12.72,12.72,12.72,1000,0
2016-02-12,06:20:00,12.72,12.72,12.62,12.62,45000,0
2016-02-12,06:55:00,12.62,12.62,12.62,12.62,1000,0
2016-02-12,07:40:00,12.6,12.6,12.6,12.6,1000,0
2016-02-12,07:45:00,12.6,12.62,12.6,12.62,2000,0
2016-02-12,07:50:00,12.62,12.66,12.62,12.66,16000,0
2016-02-12,08:20:00,12.66,12.66,12.66,12.66,5000,0
2016-02-12,08:25:00,12.66,12.66,12.64,12.66,4000,0
2016-02-12,08:40:00,12.66,12.66,12.66,12.66,4000,0
2016-02-12,08:55:00,12.66,12.66,12.64,12.64,8000,0
2016-02-12,09:00:00,12.64,12.64,12.62,12.62,10000,0
2016-02-15,03:55:00,12.64,12.64,12.64,12.64,8000,0
2016-02-15,04:15:00,12.66,12.78,12.66,12.66,4000,0
2016-02-15,04:30:00,12.66,12.66,12.64,12.64,2000,0
2016-02-15,05:00:00,12.66,12.68,12.66,12.68,10000,0
2016-02-15,06:45:00,12.68,12.68,12.68,12.68,1000,0
2016-02-15,07:10:00,12.68,12.68,12.68,12.68,10000,0
2016-02-15,07:20:00,12.68,12.68,12.68,12.68,1000,0
2016-02-15,07:40:00,12.68,12.68,12.68,12.68,10000,0
2016-02-15,08:05:00,12.68,12.68,12.68,12.68,1000,0
2016-02-15,08:35:00,12.68,12.68,12.68,12.68,3000,0
2016-02-15,08:50:00,12.68,12.68,12.66,12.66,2000,0
2016-02-15,09:00:00,12.7,12.7,12.68,12.68,5000,0
2016-02-16,06:05:00,12.78,12.78,12.68,12.78,2000,0
2016-02-16,07:50:00,12.78,12.78,12.78,12.78,3000,0
2016-02-17,02:35:00,12.78,12.78,12.78,12.78,1000,0
2016-02-17,04:35:00,12.78,12.78,12.68,12.68,10000,0
2016-02-17,06:20:00,12.68,12.68,12.62,12.62,20000,0
2016-02-17,07:15:00,12.6,12.66,12.6,12.66,3000,0
2016-02-18,02:35:00,12.74,12.74,12.66,12.74,2000,0
2016-02-18,06:10:00,12.74,12.74,12.74,12.74,2000,0
2016-02-19,04:20:00,12.68,12.68,12.68,12.68,1000,0
2016-02-19,06:15:00,12.68,12.68,12.62,12.64,5000,0
2016-02-19,06:45:00,12.62,12.64,12.62,12.64,2000,0
2016-02-19,07:15:00,12.64,12.64,12.64,12.64,1000,0
2016-02-19,07:45:00,12.64,12.64,12.62,12.64,3000,0
2016-02-19,08:15:00,12.62,12.64,12.62,12.64,2000,0
2016-02-19,08:40:00,12.64,12.64,12.64,12.64,1000,0
2016-02-22,03:25:00,12.64,12.64,12.64,12.64,2000,0
2016-02-22,07:45:00,12.66,12.74,12.66,12.74,2000,0
2016-02-22,09:00:00,12.7,12.7,12.68,12.68,3000,0
2016-02-23,02:55:00,12.68,12.7,12.68,12.7,6000,0
2016-02-23,03:20:00,12.7,12.8,12.7,12.8,2000,0
2016-02-24,02:45:00,12.72,12.72,12.72,12.72,1000,0
2016-02-24,02:50:00,12.72,12.94,12.72,12.94,94000,0
2016-02-24,03:20:00,12.94,12.96,12.94,12.96,13000,0
2016-02-24,03:35:00,12.94,12.94,12.86,12.94,10000,0
2016-02-24,06:05:00,12.94,12.94,12.86,12.86,2000,0
2016-02-24,07:25:00,12.88,12.88,12.88,12.88,1000,0
2016-02-24,07:35:00,12.88,12.94,12.88,12.94,15000,0
2016-02-24,09:00:00,12.94,12.94,12.88,12.88,3000,0
2016-02-25,02:35:00,12.9,12.9,12.88,12.9,80000,0
2016-02-26,03:00:00,12.84,12.84,12.84,12.84,15000,0
2016-02-26,03:15:00,12.84,12.84,12.8,12.8,6000,0
2016-02-26,03:35:00,12.8,12.8,12.8,12.8,1000,0
2016-02-26,06:05:00,12.8,12.8,12.8,12.8,1000,0
2016-02-26,07:35:00,12.8,12.8,12.7,12.8,15000,0
2016-02-29,08:00:00,12.8,12.8,12.8,12.8,1000,0
2016-03-02,02:40:00,12.84,12.84,12.8,12.84,2000,0
2016-03-02,02:45:00,12.84,12.84,12.84,12.84,3000,0
2016-03-02,02:55:00,12.84,12.84,12.84,12.84,1000,0
2016-03-02,03:30:00,12.84,12.84,12.84,12.84,1000,0
2016-03-02,04:40:00,12.84,12.9,12.84,12.9,2000,0
2016-03-02,04:45:00,12.9,12.94,12.9,12.94,5000,0
2016-03-02,06:05:00,12.94,12.94,12.9,12.9,100000,0
2016-03-02,06:15:00,12.9,12.9,12.9,12.9,3000,0
2016-03-02,07:25:00,12.9,12.9,12.88,12.88,2000,0
2016-03-02,07:30:00,12.88,12.88,12.88,12.88,51240,0
2016-03-02,08:15:00,12.9,12.9,12.9,12.9,1000,0
2016-03-02,08:25:00,12.9,12.9,12.9,12.9,8000,0
2016-03-02,09:00:00,12.9,12.9,12.9,12.9,1000,0
2016-03-03,03:10:00,12.86,12.9,12.86,12.9,50000,0
2016-03-03,06:05:00,12.86,12.88,12.86,12.88,2000,0
2016-03-03,07:15:00,12.9,12.9,12.88,12.88,2000,0
2016-03-03,07:25:00,12.88,12.88,12.88,12.88,1000,0
2016-03-03,08:05:00,12.9,12.92,12.9,12.92,3000,0
2016-03-03,09:00:00,12.92,12.94,12.9,12.9,7000,0
2016-03-04,04:05:00,12.92,13,12.92,13,24000,0
2016-03-04,04:50:00,13,13,13,13,5000,0
2016-03-04,05:00:00,13,13.04,13,13.04,6000,0
2016-03-04,06:05:00,13.04,13.04,13,13,2000,0
2016-03-04,06:15:00,13,13,13,13,1000,0
2016-03-04,07:20:00,13,13.06,13,13.06,8000,0
2016-03-04,07:25:00,13.06,13.06,13,13,2000,0
2016-03-04,08:35:00,13,13.1,13,13.1,31000,0
2016-03-04,08:50:00,13.06,13.1,13.06,13.1,5000,0
2016-03-04,09:00:00,13.1,13.1,13,13,3000,0
2016-03-07,03:35:00,13,13,13,13,72,0
2016-03-07,03:40:00,13,13,13,13,1000,0
2016-03-07,03:45:00,13,13,13,13,3000,0
2016-03-07,04:05:00,13,13,12.98,12.98,2000,0
2016-03-07,07:25:00,12.98,12.98,12.98,12.98,1000,0
2016-03-07,08:35:00,12.98,13.1,12.98,12.98,11000,0
2016-03-07,09:00:00,13,13,12.96,12.98,5000,0
2016-03-08,08:35:00,12.98,12.98,12.98,12.98,1000,0
2016-03-08,09:00:00,12.98,12.98,12.98,12.98,2000,0
2016-03-09,02:35:00,12.98,12.98,12.98,12.98,1000,0
2016-03-09,02:55:00,12.98,12.98,12.98,12.98,11000,0
2016-03-09,03:30:00,12.98,12.98,12.96,12.96,75000,0
2016-03-09,06:10:00,12.94,12.98,12.94,12.98,3000,0
2016-03-09,06:55:00,12.98,12.98,12.98,12.98,20000,0
2016-03-09,07:05:00,12.98,12.98,12.98,12.98,10000,0
2016-03-09,07:25:00,12.98,12.98,12.98,12.98,1000,0
2016-03-09,08:10:00,12.98,12.98,12.98,12.98,19000,0
2016-03-09,09:00:00,12.98,12.98,12.98,12.98,2000,0
2016-03-10,04:10:00,12.98,12.98,12.98,12.98,1000,0
2016-03-10,04:25:00,12.98,12.98,12.98,12.98,1000,0
2016-03-10,04:45:00,12.98,13,12.98,13,13000,0
2016-03-10,04:55:00,13,13,13,13,6000,0
2016-03-10,06:05:00,13,13,12.98,12.98,2000,0
2016-03-10,08:10:00,12.96,12.98,12.96,12.98,2000,0
2016-03-11,03:05:00,12.96,12.96,12.96,12.96,1000,0
2016-03-11,04:00:00,12.96,12.98,12.96,12.98,2000,0
2016-03-11,07:15:00,12.98,13,12.98,13,2000,0
2016-03-11,08:50:00,13,13,12.96,12.96,29000,0
2016-03-11,08:55:00,12.98,12.98,12.96,12.96,7000,0
2016-03-14,02:35:00,12.96,12.96,12.94,12.96,30000,0
2016-03-14,02:55:00,12.98,12.98,12.96,12.96,2000,0
2016-03-14,03:30:00,12.98,13,12.98,13,11000,0
2016-03-14,03:35:00,13,13,13,13,3000,0
2016-03-14,04:15:00,13,13,13,13,3000,0
2016-03-14,04:20:00,13,13,12.98,12.98,3000,0
2016-03-14,06:05:00,12.98,12.98,12.98,12.98,1000,0
2016-03-14,06:20:00,12.98,13,12.98,13,36000,0
2016-03-14,06:25:00,13,13,13,13,54000,0
2016-03-14,06:45:00,13,13,13,13,53000,0
2016-03-14,06:50:00,13,13.06,13,13.06,31000,0
2016-03-14,06:55:00,13.06,13.06,13.02,13.02,6000,0
2016-03-14,07:15:00,13.02,13.02,13.02,13.02,18000,0
2016-03-14,07:20:00,13.02,13.02,13.02,13.02,30000,0
2016-03-14,07:25:00,13.04,13.06,13.04,13.06,8000,0
2016-03-14,07:40:00,13.06,13.06,13.04,13.04,12000,0
2016-03-14,07:50:00,13.04,13.04,13.04,13.04,1000,0
2016-03-14,08:00:00,13.04,13.04,13.04,13.04,6000,0
2016-03-14,08:30:00,13.04,13.04,13.04,13.04,20000,0
2016-03-14,08:35:00,13.04,13.04,13.04,13.04,1000,0
2016-03-14,08:45:00,13.04,13.04,13.04,13.04,1000,0
2016-03-14,08:50:00,13.04,13.04,13.04,13.04,9000,0
2016-03-14,09:00:00,13.04,13.04,13,13,32000,0
2016-03-15,04:35:00,12.94,12.98,12.94,12.98,3000,0
2016-03-15,06:15:00,12.96,13,12.96,13,11000,0
2016-03-16,02:55:00,12.96,12.98,12.96,12.98,2000,0
2016-03-16,03:00:00,12.98,13,12.98,12.98,40000,0
2016-03-16,03:10:00,12.98,12.98,12.98,12.98,1000,0
2016-03-16,03:15:00,12.98,13,12.98,13,100000,0
2016-03-16,03:35:00,13,13,13,13,28000,0
2016-03-16,03:40:00,13,13,13,13,10000,0
2016-03-16,03:50:00,13,13,13,13,12000,0
2016-03-16,03:55:00,13,13.02,13,13.02,2000,0
2016-03-16,04:05:00,13.02,13.02,13.02,13.02,1130,0
2016-03-16,04:10:00,13.02,13.02,13,13,20000,0
2016-03-16,04:15:00,13,13,12.98,12.98,2000,0
2016-03-16,04:20:00,12.98,13,12.98,13,4000,0
2016-03-16,04:25:00,13,13,13,13,38000,0
2016-03-16,06:05:00,13,13,13,13,1000,0
2016-03-16,07:00:00,13,13,13,13,66000,0
2016-03-16,07:35:00,13,13,12.98,12.98,2000,0
2016-03-16,07:55:00,12.98,13,12.98,13,12000,0
2016-03-16,08:05:00,13,13,13,13,2000,0
2016-03-16,08:40:00,13,13,13,13,20000,0
2016-03-16,08:45:00,13,13,13,13,7000,0
2016-03-16,09:00:00,13,13,12.98,13,10000,0
2016-03-17,02:35:00,13.04,13.04,13,13.04,2000,0
2016-03-17,05:00:00,13,13,13,13,1000,0
2016-03-17,08:35:00,13,13,13,13,25000,0
2016-03-17,08:40:00,12.98,13,12.98,13,40000,0
2016-03-17,08:50:00,13,13,13,13,1000,0
2016-03-17,09:00:00,13,13,12.98,13,61000,0
2016-03-18,02:50:00,13.02,13.02,13.02,13.02,5000,0
2016-03-18,02:55:00,13.02,13.02,13.02,13.02,6000,0
2016-03-18,03:00:00,13.02,13.02,13.02,13.02,1000,0
2016-03-18,03:25:00,13.02,13.02,13.02,13.02,40000,0
2016-03-18,03:30:00,13.02,13.02,13.02,13.02,4000,0
2016-03-18,03:35:00,13.02,13.02,13.02,13.02,20000,0
2016-03-18,03:40:00,13.02,13.02,13.02,13.02,26000,0
2016-03-18,04:20:00,13.04,13.04,13.04,13.04,13000,0
2016-03-18,04:35:00,13.04,13.04,13.04,13.04,37000,0
2016-03-18,04:45:00,13.04,13.06,13.04,13.06,16000,0
2016-03-18,04:55:00,13.06,13.06,13.06,13.06,11000,0
2016-03-18,05:00:00,13.06,13.06,13.06,13.06,1000,0
2016-03-18,06:05:00,13.06,13.06,13.04,13.04,24000,0
2016-03-18,06:15:00,13.04,13.04,13.04,13.04,2000,0
2016-03-18,06:20:00,13.04,13.04,13.04,13.04,6000,0
2016-03-18,06:35:00,13.04,13.04,13.04,13.04,10000,0
2016-03-18,06:40:00,13.04,13.04,13.04,13.04,31000,0
2016-03-18,07:15:00,13.06,13.08,13.06,13.08,22000,0
2016-03-18,07:30:00,13.08,13.08,13.08,13.08,1000,0
2016-03-18,07:45:00,13.08,13.08,13.06,13.06,2000,0
2016-03-18,08:15:00,13.06,13.08,13.06,13.08,6000,0
2016-03-18,08:20:00,13.08,13.08,13.08,13.08,6000,0
2016-03-18,08:40:00,13.08,13.08,13.08,13.08,9000,0
2016-03-18,08:55:00,13.08,13.08,13.08,13.08,2000,0
2016-03-18,09:00:00,13.08,13.08,13.06,13.08,5000,0
2016-03-21,02:35:00,13.08,13.08,13.08,13.08,10000,0
2016-03-21,03:00:00,13.14,13.16,13.14,13.16,6000,0
2016-03-21,03:05:00,13.16,13.16,13.14,13.14,5000,0
2016-03-21,03:25:00,13.14,13.16,13.12,13.12,8000,0
2016-03-21,03:30:00,13.12,13.18,13.12,13.18,6000,0
2016-03-21,03:35:00,13.18,13.28,13.18,13.28,16000,0
2016-03-21,03:40:00,13.28,13.5,13.28,13.5,4000,0
2016-03-21,04:25:00,13.4,13.4,13.3,13.3,9000,0
2016-03-21,06:10:00,13.3,13.32,13.3,13.32,3000,0
2016-03-21,06:45:00,13.32,13.32,13.26,13.26,2000,0
2016-03-21,07:00:00,13.3,13.3,13.3,13.3,3000,0
2016-03-21,07:05:00,13.3,13.3,13.3,13.3,4000,0
2016-03-21,07:10:00,13.3,13.3,13.28,13.28,2000,0
2016-03-21,07:15:00,13.28,13.28,13.26,13.26,8000,0
2016-03-21,07:30:00,13.28,13.38,13.28,13.38,15000,0
2016-03-21,07:55:00,13.38,13.42,13.38,13.42,9000,0
2016-03-21,08:00:00,13.42,13.46,13.42,13.46,14000,0
2016-03-21,08:05:00,13.46,13.48,13.46,13.48,6000,0
2016-03-21,08:30:00,13.46,13.46,13.46,13.46,1000,0
2016-03-21,08:40:00,13.46,13.48,13.46,13.48,29000,0
2016-03-21,08:45:00,13.48,13.48,13.48,13.48,1000,0
2016-03-21,08:55:00,13.48,13.48,13.48,13.48,3000,0
2016-03-21,09:00:00,13.48,13.48,13.4,13.42,3000,0
2016-03-22,02:35:00,13.3,13.3,13.3,13.3,1000,0
2016-03-22,03:00:00,13.3,13.3,13.2,13.2,5000,0
2016-03-22,03:05:00,13.2,13.2,13.1,13.1,18000,0
2016-03-22,03:10:00,13.1,13.1,13.08,13.08,17000,0
2016-03-22,03:20:00,13.08,13.28,13.08,13.26,3000,0
2016-03-22,03:25:00,13.26,13.26,13.26,13.26,1000,0
2016-03-22,04:15:00,13.12,13.12,13.1,13.1,11000,0
2016-03-22,04:20:00,13.1,13.12,13.1,13.12,2000,0
2016-03-22,04:25:00,13.12,13.12,13.08,13.1,6000,0
2016-03-22,04:30:00,13.1,13.1,13.08,13.1,8000,0
2016-03-22,04:35:00,13.1,13.12,13.1,13.12,21000,0
2016-03-22,06:15:00,13.2,13.2,13.2,13.2,20000,0
2016-03-22,06:35:00,13.2,13.2,13.2,13.2,1000,0
2016-03-22,06:40:00,13.2,13.26,13.2,13.26,48000,0
2016-03-22,07:25:00,13.26,13.26,13.26,13.26,2000,0
2016-03-22,07:30:00,13.26,13.26,13.24,13.24,8000,0
2016-03-22,07:35:00,13.24,13.24,13.24,13.24,2000,0
2016-03-22,08:10:00,13.24,13.24,13.22,13.22,23000,0
2016-03-22,08:15:00,13.22,13.22,13.22,13.22,4000,0
2016-03-22,08:25:00,13.22,13.22,13.22,13.22,5000,0
2016-03-22,08:45:00,13.22,13.22,13.2,13.2,48000,0
2016-03-22,08:50:00,13.2,13.22,13.2,13.2,71000,0
2016-03-22,08:55:00,13.2,13.2,13.2,13.2,10000,0
2016-03-22,09:00:00,13.2,13.2,13.2,13.2,1000,0
2016-03-23,02:40:00,13.38,13.4,13.38,13.4,13000,0
2016-03-23,02:45:00,13.4,13.4,13.4,13.4,25000,0
2016-03-23,03:25:00,13.36,13.36,13.28,13.28,2000,0
2016-03-23,03:40:00,13.32,13.32,13.32,13.32,5000,0
2016-03-23,03:45:00,13.32,13.4,13.32,13.4,46000,0
2016-03-23,04:10:00,13.4,13.4,13.4,13.4,2000,0
2016-03-23,04:15:00,13.4,13.42,13.4,13.42,49000,0
2016-03-23,04:40:00,13.42,13.42,13.4,13.4,2000,0
2016-03-23,04:45:00,13.4,13.4,13.4,13.4,12000,0
2016-03-23,06:05:00,13.4,13.4,13.4,13.4,5000,0
2016-03-23,06:55:00,13.4,13.4,13.4,13.4,1000,0
2016-03-23,07:05:00,13.4,13.4,13.36,13.36,2000,0
2016-03-23,08:10:00,13.36,13.4,13.36,13.4,20000,0
2016-03-23,09:00:00,13.4,13.4,13.36,13.36,2000,0
2016-03-24,03:40:00,13.32,13.36,13.32,13.32,7000,0
2016-03-24,03:45:00,13.32,13.32,13.3,13.3,7000,0
2016-03-24,04:00:00,13.32,13.32,13.32,13.32,10000,0
2016-03-24,04:05:00,13.32,13.32,13.32,13.32,10000,0
2016-03-24,04:25:00,13.32,13.32,13.32,13.32,1000,0
2016-03-24,04:50:00,13.32,13.32,13.32,13.32,2000,0
2016-03-24,06:55:00,13.32,13.32,13.32,13.32,1000,0
2016-03-24,07:40:00,13.32,13.32,13.32,13.32,4000,0
2016-03-24,08:35:00,13.32,13.32,13.3,13.3,2000,0
2016-03-24,08:40:00,13.3,13.3,13.3,13.3,4000,0
2016-03-24,09:00:00,13.3,13.3,13.28,13.3,13000,0
2016-03-29,04:55:00,13.3,13.3,13.3,13.3,7000,0
2016-03-29,05:55:00,13.3,13.3,13.28,13.3,20000,0
2016-03-29,09:55:00,13.28,13.3,13.28,13.3,11000,0
2016-03-30,03:35:00,13.3,13.3,13.3,13.3,1000,0
2016-03-30,04:50:00,13.32,13.32,13.32,13.32,3000,0
2016-03-30,07:45:00,13.32,13.32,13.32,13.32,2000,0
2016-03-30,09:45:00,13.34,13.34,13.3,13.3,8000,0
2016-03-30,10:00:00,13.3,13.32,13.3,13.3,2000,0
2016-03-31,03:45:00,13.4,13.4,13.32,13.4,6000,0
2016-03-31,04:30:00,13.4,13.4,13.4,13.4,2000,0
2016-03-31,04:35:00,13.4,13.42,13.4,13.42,2000,0
2016-03-31,05:20:00,13.42,13.42,13.38,13.38,20000,0
2016-03-31,06:00:00,13.38,13.38,13.34,13.34,2000,0
2016-03-31,08:50:00,13.38,13.4,13.38,13.4,22000,0
2016-03-31,08:55:00,13.4,13.42,13.4,13.4,31000,0
2016-03-31,09:40:00,13.4,13.4,13.4,13.4,20000,0
2016-03-31,09:45:00,13.4,13.4,13.4,13.4,20000,0
2016-03-31,10:00:00,13.4,13.42,13.4,13.4,5000,0
2016-04-01,03:35:00,13.42,13.42,13.42,13.42,1000,0
2016-04-01,04:10:00,13.42,13.42,13.38,13.38,15000,0
2016-04-01,07:35:00,13.38,13.4,13.38,13.4,4000,0
2016-04-01,08:05:00,13.4,13.4,13.4,13.4,8000,0
2016-04-01,08:55:00,13.4,13.4,13.4,13.4,5000,0
2016-04-01,09:05:00,13.4,13.4,13.38,13.38,14000,0
2016-04-01,09:40:00,13.38,13.42,13.38,13.42,2000,0
2016-04-01,10:00:00,13.42,13.42,13.38,13.42,6000,0
2016-04-05,04:30:00,13.38,13.4,13.38,13.4,29000,0
2016-04-05,05:00:00,13.38,13.4,13.38,13.4,13000,0
2016-04-05,05:15:00,13.4,13.4,13.4,13.4,2000,0
2016-04-05,05:40:00,13.42,13.44,13.42,13.44,22000,0
2016-04-05,07:05:00,13.44,13.44,13.44,13.44,29000,0
2016-04-05,07:20:00,13.44,13.46,13.44,13.46,4000,0
2016-04-05,08:25:00,13.46,13.46,13.46,13.46,10000,0
2016-04-05,08:40:00,13.46,13.46,13.46,13.46,22000,0
2016-04-05,09:05:00,13.46,13.48,13.46,13.48,20000,0
2016-04-05,09:30:00,13.48,13.48,13.48,13.48,1000,0
2016-04-05,10:00:00,13.46,13.46,13.46,13.46,2000,0
2016-04-06,04:15:00,13.5,13.54,13.46,13.5,82000,0
2016-04-06,05:00:00,13.5,13.5,13.5,13.5,5000,0
2016-04-06,05:30:00,13.5,13.5,13.5,13.5,15000,0
2016-04-06,05:35:00,13.5,13.56,13.5,13.56,18000,0
2016-04-06,07:05:00,13.56,13.56,13.56,13.56,1000,0
2016-04-06,07:10:00,13.56,13.56,13.56,13.56,1000,0
2016-04-06,07:40:00,13.56,13.56,13.56,13.56,1000,0
2016-04-06,08:15:00,13.56,13.56,13.56,13.56,1000,0
2016-04-06,10:00:00,13.54,13.54,13.54,13.54,1000,0
2016-04-07,04:05:00,13.52,13.54,13.52,13.52,2000,0
2016-04-07,04:35:00,13.52,13.52,13.5,13.5,18000,0
2016-04-07,05:00:00,13.5,13.5,13.5,13.5,11000,0
2016-04-07,05:05:00,13.5,13.5,13.5,13.5,2000,0
2016-04-07,07:20:00,13.5,13.5,13.5,13.5,12000,0
2016-04-07,08:20:00,13.5,13.5,13.5,13.5,2000,0
2016-04-07,09:45:00,13.5,13.5,13.5,13.5,16000,0
2016-04-07,10:00:00,13.5,13.52,13.5,13.52,2000,0
2016-04-08,05:05:00,13.5,13.52,13.5,13.52,11000,0
2016-04-08,05:10:00,13.52,13.54,13.52,13.54,22000,0
2016-04-08,05:20:00,13.54,13.58,13.54,13.58,8000,0
2016-04-08,08:20:00,13.58,13.58,13.56,13.56,7000,0
2016-04-08,08:40:00,13.56,13.56,13.52,13.52,8000,0
2016-04-08,09:05:00,13.52,13.52,13.52,13.52,1000,0
2016-04-08,09:45:00,13.54,13.54,13.54,13.54,1000,0
2016-04-08,09:50:00,13.54,13.54,13.54,13.54,2000,0
2016-04-08,10:00:00,13.54,13.56,13.54,13.56,3000,0
2016-04-11,04:35:00,13.52,13.58,13.52,13.58,70000,0
2016-04-11,05:25:00,13.58,13.58,13.56,13.56,2000,0
2016-04-11,05:55:00,13.58,13.62,13.58,13.62,15000,0
2016-04-11,07:05:00,13.62,13.62,13.6,13.6,6000,0
2016-04-11,07:45:00,13.6,13.6,13.58,13.58,2000,0
2016-04-11,07:55:00,13.58,13.58,13.58,13.58,5000,0
2016-04-11,08:00:00,13.58,13.58,13.58,13.58,3000,0
2016-04-11,08:10:00,13.58,13.58,13.58,13.58,4000,0
2016-04-11,08:15:00,13.58,13.58,13.58,13.58,9000,0
2016-04-11,08:20:00,13.58,13.58,13.58,13.58,10000,0
2016-04-11,08:35:00,13.58,13.58,13.58,13.58,10000,0
2016-04-11,08:55:00,13.58,13.58,13.58,13.58,1000,0
2016-04-11,09:25:00,13.58,13.58,13.58,13.58,1000,0
2016-04-11,09:45:00,13.58,13.58,13.58,13.58,1000,0
2016-04-11,10:00:00,13.58,13.6,13.58,13.6,3000,0
2016-04-12,03:35:00,13.62,13.62,13.58,13.62,2000,0
2016-04-12,04:30:00,13.62,13.62,13.62,13.62,2000,0
2016-04-12,08:20:00,13.62,13.64,13.62,13.64,8000,0
2016-04-12,08:45:00,13.64,13.64,13.64,13.64,6000,0
2016-04-12,09:35:00,13.64,13.66,13.64,13.66,20000,0
2016-04-12,09:45:00,13.66,13.68,13.66,13.68,4000,0
2016-04-12,10:00:00,13.68,13.72,13.68,13.72,29000,0
2016-04-13,03:35:00,13.74,13.74,13.74,13.74,1000,0
2016-04-13,03:55:00,13.74,13.78,13.74,13.78,22000,0
2016-04-13,04:10:00,13.78,13.78,13.78,13.78,3000,0
2016-04-13,04:40:00,13.78,13.8,13.78,13.8,11000,0
2016-04-13,04:45:00,13.8,13.8,13.8,13.8,4000,0
2016-04-13,05:10:00,13.8,13.8,13.8,13.8,1000,0
2016-04-13,05:15:00,13.8,13.8,13.78,13.78,12000,0
2016-04-13,05:35:00,13.78,13.78,13.78,13.78,1000,0
2016-04-13,05:45:00,13.78,13.78,13.76,13.76,7000,0
2016-04-13,08:00:00,13.78,13.78,13.78,13.78,4000,0
2016-04-13,08:55:00,13.78,13.8,13.78,13.8,2000,0
2016-04-13,09:15:00,13.8,13.8,13.8,13.8,3000,0
2016-04-13,09:45:00,13.8,13.82,13.8,13.82,50000,0
2016-04-13,10:00:00,13.82,13.82,13.78,13.78,2000,0
