Date,Time,Open,High,Low,Close,Volume,OpenInt
2016-02-04,03:55:00,0.57,0.58,0.57,0.58,100000,0
2016-02-05,02:50:00,0.57,0.58,0.56,0.58,64000,0
2016-02-05,02:55:00,0.58,0.58,0.57,0.57,38000,0
2016-02-05,03:10:00,0.57,0.58,0.57,0.58,4000,0
2016-02-05,04:45:00,0.58,0.58,0.57,0.57,100000,0
2016-02-05,06:15:00,0.57,0.57,0.57,0.57,20000,0
2016-02-05,06:20:00,0.57,0.57,0.57,0.57,4000,0
2016-02-05,06:50:00,0.57,0.58,0.57,0.58,86000,0
2016-02-05,07:10:00,0.58,0.58,0.56,0.57,432000,0
2016-02-05,08:40:00,0.57,0.58,0.57,0.58,4000,0
2016-02-05,08:50:00,0.58,0.58,0.57,0.57,42000,0
2016-02-05,09:00:00,0.57,0.58,0.57,0.58,38000,0
2016-02-11,02:40:00,0.56,0.57,0.56,0.56,292000,0
2016-02-11,03:00:00,0.56,0.56,0.56,0.56,30000,0
2016-02-11,03:10:00,0.56,0.56,0.55,0.55,14000,0
2016-02-11,03:25:00,0.55,0.55,0.55,0.55,114000,0
2016-02-11,03:30:00,0.55,0.55,0.54,0.54,140000,0
2016-02-11,03:35:00,0.54,0.54,0.53,0.54,214000,0
2016-02-11,03:40:00,0.54,0.55,0.54,0.55,100000,0
2016-02-11,03:45:00,0.55,0.55,0.54,0.54,36000,0
2016-02-11,03:50:00,0.54,0.54,0.54,0.54,28000,0
2016-02-11,06:55:00,0.54,0.54,0.54,0.54,30000,0
2016-02-11,09:00:00,0.54,0.54,0.54,0.54,34000,0
2016-02-12,02:50:00,0.55,0.55,0.54,0.55,112000,0
2016-02-12,02:55:00,0.55,0.55,0.55,0.55,2000,0
2016-02-12,03:10:00,0.55,0.55,0.55,0.55,10000,0
2016-02-12,03:15:00,0.55,0.55,0.55,0.55,12000,0
2016-02-12,04:20:00,0.55,0.55,0.55,0.55,10000,0
2016-02-12,04:25:00,0.55,0.55,0.55,0.55,6000,0
2016-02-12,04:35:00,0.55,0.55,0.55,0.55,26000,0
2016-02-12,06:40:00,0.55,0.55,0.55,0.55,46000,0
2016-02-12,07:05:00,0.55,0.55,0.55,0.55,54000,0
2016-02-12,07:15:00,0.55,0.55,0.55,0.55,14000,0
2016-02-12,07:20:00,0.55,0.55,0.55,0.55,40000,0
2016-02-12,07:50:00,0.54,0.55,0.54,0.55,40000,0
2016-02-12,07:55:00,0.55,0.55,0.55,0.55,40000,0
2016-02-12,08:00:00,0.55,0.55,0.55,0.55,100000,0
2016-02-12,08:55:00,0.55,0.56,0.55,0.56,90000,0
2016-02-12,09:00:00,0.56,0.56,0.55,0.55,20000,0
2016-02-15,02:35:00,0.55,0.55,0.55,0.55,2000,0
2016-02-15,02:40:00,0.55,0.55,0.55,0.55,20000,0
2016-02-15,02:55:00,0.55,0.55,0.55,0.55,36000,0
2016-02-15,03:00:00,0.55,0.55,0.54,0.55,60000,0
2016-02-15,03:05:00,0.55,0.57,0.55,0.57,4000,0
2016-02-15,03:10:00,0.57,0.57,0.56,0.56,220000,0
2016-02-15,04:05:00,0.56,0.56,0.56,0.56,2000,0
2016-02-15,04:25:00,0.56,0.56,0.56,0.56,24000,0
2016-02-15,04:45:00,0.56,0.56,0.55,0.55,200000,0
2016-02-15,04:50:00,0.55,0.55,0.55,0.55,100000,0
2016-02-15,04:55:00,0.55,0.55,0.55,0.55,50000,0
2016-02-15,07:00:00,0.55,0.55,0.55,0.55,20000,0
2016-02-15,07:05:00,0.55,0.55,0.55,0.55,80000,0
2016-02-15,08:05:00,0.55,0.55,0.55,0.55,100000,0
2016-02-15,08:25:00,0.55,0.56,0.55,0.56,40000,0
2016-02-15,08:45:00,0.56,0.56,0.55,0.55,546000,0
2016-02-15,09:00:00,0.54,0.55,0.54,0.55,36000,0
2016-02-16,03:40:00,0.55,0.57,0.55,0.57,222000,0
2016-02-16,03:45:00,0.57,0.57,0.56,0.56,80000,0
2016-02-16,03:55:00,0.56,0.57,0.56,0.57,24000,0
2016-02-16,04:05:00,0.57,0.57,0.57,0.57,50000,0
2016-02-16,04:15:00,0.57,0.57,0.57,0.57,70000,0
2016-02-16,04:20:00,0.57,0.57,0.57,0.57,20000,0
2016-02-16,04:25:00,0.57,0.58,0.57,0.58,64000,0
2016-02-16,04:55:00,0.57,0.57,0.57,0.57,14000,0
2016-02-16,06:05:00,0.57,0.57,0.57,0.57,30000,0
2016-02-16,06:30:00,0.57,0.57,0.57,0.57,62000,0
2016-02-16,06:40:00,0.57,0.57,0.56,0.56,720000,0
2016-02-16,07:00:00,0.56,0.56,0.56,0.56,28000,0
2016-02-16,07:10:00,0.56,0.56,0.56,0.56,30000,0
2016-02-16,07:20:00,0.56,0.56,0.56,0.56,100000,0
2016-02-16,08:20:00,0.55,0.56,0.55,0.56,68000,0
2016-02-16,08:40:00,0.56,0.57,0.56,0.57,12000,0
2016-02-16,08:45:00,0.57,0.57,0.57,0.57,20000,0
2016-02-16,08:50:00,0.57,0.57,0.56,0.56,140000,0
2016-02-16,09:00:00,0.56,0.57,0.56,0.57,104000,0
2016-02-17,03:05:00,0.57,0.57,0.57,0.57,90000,0
2016-02-17,03:25:00,0.57,0.57,0.56,0.56,72000,0
2016-02-17,03:45:00,0.56,0.56,0.56,0.56,2000,0
2016-02-17,03:55:00,0.56,0.57,0.56,0.57,50000,0
2016-02-17,04:15:00,0.55,0.56,0.55,0.56,40000,0
2016-02-17,04:25:00,0.56,0.56,0.56,0.56,38000,0
2016-02-17,06:05:00,0.56,0.56,0.56,0.56,64000,0
2016-02-17,06:20:00,0.56,0.56,0.56,0.56,12000,0
2016-02-17,07:20:00,0.56,0.56,0.56,0.56,50000,0
2016-02-17,08:05:00,0.56,0.56,0.56,0.56,50000,0
2016-02-17,08:10:00,0.56,0.57,0.56,0.57,96000,0
2016-02-17,08:50:00,0.57,0.57,0.56,0.56,28000,0
2016-02-17,09:00:00,0.56,0.57,0.56,0.57,20000,0
2016-02-18,02:35:00,0.57,0.59,0.57,0.59,644000,0
2016-02-18,02:45:00,0.59,0.59,0.58,0.58,290000,0
2016-02-18,02:50:00,0.58,0.58,0.58,0.58,30000,0
2016-02-18,03:00:00,0.58,0.59,0.58,0.59,852000,0
2016-02-18,03:40:00,0.59,0.59,0.59,0.59,54000,0
2016-02-18,03:45:00,0.59,0.59,0.59,0.59,40000,0
2016-02-18,03:50:00,0.59,0.59,0.59,0.59,106000,0
2016-02-18,04:10:00,0.59,0.59,0.59,0.59,68000,0
2016-02-18,04:20:00,0.59,0.59,0.59,0.59,50000,0
2016-02-18,04:35:00,0.59,0.59,0.59,0.59,20000,0
2016-02-18,04:45:00,0.59,0.6,0.59,0.6,98000,0
2016-02-18,06:05:00,0.6,0.6,0.6,0.6,20000,0
2016-02-18,06:15:00,0.6,0.6,0.6,0.6,20000,0
2016-02-18,06:20:00,0.6,0.6,0.6,0.6,10000,0
2016-02-18,06:30:00,0.6,0.6,0.6,0.6,94000,0
2016-02-18,06:45:00,0.6,0.6,0.59,0.59,140000,0
2016-02-18,06:55:00,0.59,0.59,0.59,0.59,50000,0
2016-02-18,07:25:00,0.59,0.59,0.59,0.59,64000,0
2016-02-18,07:30:00,0.59,0.6,0.59,0.6,8000,0
2016-02-18,07:35:00,0.6,0.6,0.6,0.6,30000,0
2016-02-18,07:40:00,0.6,0.6,0.58,0.58,32000,0
2016-02-18,07:45:00,0.58,0.59,0.58,0.59,14000,0
2016-02-18,07:50:00,0.59,0.59,0.59,0.59,100000,0
2016-02-18,08:00:00,0.59,0.59,0.59,0.59,20000,0
2016-02-18,08:10:00,0.59,0.6,0.59,0.6,204000,0
2016-02-18,08:25:00,0.6,0.6,0.6,0.6,372000,0
2016-02-18,08:30:00,0.6,0.61,0.6,0.61,214000,0
2016-02-18,08:35:00,0.61,0.61,0.61,0.61,10000,0
2016-02-18,08:50:00,0.61,0.62,0.61,0.62,130000,0
2016-02-18,08:55:00,0.62,0.62,0.61,0.61,274000,0
2016-02-18,09:00:00,0.61,0.61,0.6,0.61,320000,0
2016-02-19,02:40:00,0.6,0.6,0.6,0.6,106000,0
2016-02-19,03:00:00,0.6,0.6,0.6,0.6,50000,0
2016-02-19,03:40:00,0.6,0.6,0.6,0.6,86000,0
2016-02-19,03:45:00,0.6,0.6,0.6,0.6,8000,0
2016-02-19,03:50:00,0.6,0.6,0.6,0.6,50000,0
2016-02-19,04:00:00,0.6,0.6,0.6,0.6,2000,0
2016-02-19,04:50:00,0.6,0.6,0.6,0.6,20000,0
2016-02-19,05:00:00,0.6,0.6,0.6,0.6,10000,0
2016-02-19,06:05:00,0.6,0.61,0.6,0.61,96000,0
2016-02-19,06:55:00,0.61,0.61,0.61,0.61,66000,0
2016-02-19,07:10:00,0.61,0.61,0.61,0.61,30000,0
2016-02-19,07:40:00,0.61,0.61,0.61,0.61,4000,0
2016-02-19,07:45:00,0.61,0.61,0.6,0.61,118000,0
2016-02-19,07:50:00,0.61,0.62,0.61,0.62,48000,0
2016-02-19,08:05:00,0.62,0.62,0.62,0.62,20000,0
2016-02-19,08:10:00,0.62,0.62,0.6,0.6,40000,0
2016-02-19,08:25:00,0.6,0.6,0.6,0.6,120000,0
2016-02-19,08:50:00,0.59,0.6,0.59,0.6,100000,0
2016-02-19,09:00:00,0.6,0.61,0.6,0.61,108000,0
2016-02-22,02:35:00,0.62,0.62,0.61,0.62,200000,0
2016-02-22,02:40:00,0.62,0.62,0.62,0.62,100000,0
2016-02-22,03:30:00,0.62,0.62,0.62,0.62,10000,0
2016-02-22,04:00:00,0.62,0.62,0.61,0.61,48000,0
2016-02-22,04:20:00,0.61,0.61,0.61,0.61,50000,0
2016-02-22,04:35:00,0.61,0.62,0.61,0.62,20000,0
2016-02-22,06:05:00,0.62,0.62,0.61,0.61,8000,0
2016-02-22,06:15:00,0.61,0.61,0.61,0.61,100000,0
2016-02-22,06:25:00,0.61,0.61,0.61,0.61,32000,0
2016-02-22,07:30:00,0.61,0.61,0.61,0.61,100000,0
2016-02-22,07:35:00,0.61,0.61,0.61,0.61,268000,0
2016-02-22,07:50:00,0.61,0.61,0.61,0.61,20000,0
2016-02-22,07:55:00,0.61,0.61,0.61,0.61,6000,0
2016-02-22,08:05:00,0.61,0.61,0.61,0.61,6000,0
2016-02-22,08:40:00,0.61,0.61,0.61,0.61,28000,0
2016-02-23,03:00:00,0.6,0.62,0.6,0.62,540000,0
2016-02-23,03:05:00,0.62,0.62,0.62,0.62,80000,0
2016-02-23,03:10:00,0.62,0.62,0.61,0.61,8000,0
2016-02-23,03:15:00,0.61,0.62,0.61,0.62,338000,0
2016-02-23,03:25:00,0.62,0.62,0.62,0.62,92000,0
2016-02-23,03:35:00,0.62,0.63,0.62,0.62,16000,0
2016-02-23,03:45:00,0.62,0.62,0.62,0.62,30000,0
2016-02-23,03:50:00,0.62,0.65,0.62,0.65,1150000,0
2016-02-23,03:55:00,0.65,0.65,0.64,0.64,416000,0
2016-02-23,04:00:00,0.64,0.66,0.64,0.65,642000,0
2016-02-23,04:05:00,0.65,0.66,0.64,0.65,262000,0
2016-02-23,04:10:00,0.65,0.65,0.65,0.65,30000,0
2016-02-23,04:15:00,0.65,0.65,0.65,0.65,98000,0
2016-02-23,04:25:00,0.65,0.65,0.64,0.64,18000,0
2016-02-23,04:30:00,0.64,0.65,0.64,0.64,390000,0
2016-02-23,04:40:00,0.64,0.64,0.64,0.64,12000,0
2016-02-23,04:55:00,0.64,0.65,0.64,0.65,72000,0
2016-02-23,05:00:00,0.65,0.65,0.64,0.64,40000,0
2016-02-23,06:25:00,0.64,0.64,0.64,0.64,350000,0
2016-02-23,06:50:00,0.64,0.64,0.64,0.64,28000,0
2016-02-23,06:55:00,0.64,0.64,0.64,0.64,38000,0
2016-02-23,07:05:00,0.64,0.64,0.64,0.64,26000,0
2016-02-23,07:10:00,0.64,0.64,0.64,0.64,4000,0
2016-02-23,07:15:00,0.64,0.64,0.63,0.63,592000,0
2016-02-23,07:25:00,0.63,0.64,0.63,0.63,192000,0
2016-02-23,07:30:00,0.63,0.64,0.63,0.64,54000,0
2016-02-23,07:35:00,0.64,0.64,0.63,0.63,28000,0
2016-02-23,08:00:00,0.63,0.63,0.63,0.63,114000,0
2016-02-23,08:15:00,0.63,0.63,0.63,0.63,174000,0
2016-02-23,08:20:00,0.63,0.63,0.63,0.63,10000,0
2016-02-23,08:40:00,0.63,0.63,0.63,0.63,80000,0
2016-02-23,08:50:00,0.63,0.63,0.62,0.63,234000,0
2016-02-23,08:55:00,0.63,0.63,0.62,0.62,8000,0
2016-02-23,09:00:00,0.62,0.63,0.62,0.63,292000,0
2016-02-24,02:35:00,0.63,0.63,0.63,0.63,250000,0
2016-02-24,02:45:00,0.63,0.63,0.63,0.63,74000,0
2016-02-24,02:50:00,0.63,0.63,0.63,0.63,50000,0
2016-02-24,03:05:00,0.62,0.63,0.62,0.63,40000,0
2016-02-24,03:15:00,0.63,0.63,0.63,0.63,66000,0
2016-02-24,03:20:00,0.63,0.63,0.63,0.63,20000,0
2016-02-24,03:25:00,0.63,0.63,0.63,0.63,40000,0
2016-02-24,03:35:00,0.64,0.64,0.64,0.64,170000,0
2016-02-24,03:40:00,0.64,0.66,0.64,0.66,534000,0
2016-02-24,03:45:00,0.66,0.66,0.66,0.66,570000,0
2016-02-24,03:50:00,0.66,0.66,0.65,0.65,310000,0
2016-02-24,03:55:00,0.65,0.65,0.65,0.65,70000,0
2016-02-24,04:05:00,0.65,0.65,0.64,0.64,32000,0
2016-02-24,04:25:00,0.64,0.64,0.64,0.64,2000,0
2016-02-24,04:40:00,0.64,0.64,0.64,0.64,20000,0
2016-02-24,06:10:00,0.64,0.65,0.64,0.65,218000,0
2016-02-24,06:15:00,0.65,0.65,0.64,0.64,292000,0
2016-02-24,06:25:00,0.64,0.64,0.64,0.64,14000,0
2016-02-24,06:35:00,0.64,0.65,0.64,0.65,460000,0
2016-02-24,06:40:00,0.65,0.66,0.65,0.66,246000,0
2016-02-24,06:45:00,0.66,0.66,0.66,0.66,110000,0
2016-02-24,06:50:00,0.66,0.66,0.66,0.66,114000,0
2016-02-24,07:05:00,0.66,0.66,0.66,0.66,60000,0
2016-02-24,07:10:00,0.66,0.66,0.66,0.66,2000,0
2016-02-24,07:15:00,0.66,0.66,0.66,0.66,40000,0
2016-02-24,07:20:00,0.66,0.66,0.66,0.66,100000,0
2016-02-24,07:25:00,0.66,0.66,0.66,0.66,40000,0
2016-02-24,07:30:00,0.66,0.66,0.65,0.65,474000,0
2016-02-24,07:40:00,0.65,0.67,0.65,0.67,6000,0
2016-02-24,07:45:00,0.67,0.67,0.66,0.66,44000,0
2016-02-24,07:50:00,0.66,0.66,0.66,0.66,80000,0
2016-02-24,08:00:00,0.66,0.66,0.66,0.66,10000,0
2016-02-24,08:05:00,0.66,0.66,0.66,0.66,20000,0
2016-02-24,08:10:00,0.66,0.66,0.65,0.66,32000,0
2016-02-24,08:20:00,0.66,0.66,0.66,0.66,12000,0
2016-02-24,08:30:00,0.66,0.66,0.65,0.65,128000,0
2016-02-24,08:50:00,0.65,0.67,0.65,0.67,1188000,0
2016-02-24,08:55:00,0.67,0.67,0.67,0.67,200000,0
2016-02-24,09:00:00,0.67,0.69,0.67,0.69,5148000,0
2016-02-25,02:35:00,0.68,0.69,0.68,0.69,532000,0
2016-02-25,02:40:00,0.69,0.7,0.69,0.7,370000,0
2016-02-25,02:45:00,0.7,0.72,0.7,0.72,1122000,0
2016-02-25,02:50:00,0.72,0.72,0.71,0.71,716000,0
2016-02-25,02:55:00,0.71,0.71,0.7,0.71,656000,0
2016-02-25,03:00:00,0.71,0.71,0.7,0.7,222000,0
2016-02-25,03:05:00,0.7,0.7,0.69,0.69,190000,0
2016-02-25,03:10:00,0.69,0.69,0.69,0.69,110000,0
2016-02-25,03:15:00,0.69,0.69,0.69,0.69,94000,0
2016-02-25,03:20:00,0.69,0.7,0.69,0.7,270000,0
2016-02-25,03:30:00,0.7,0.7,0.7,0.7,328000,0
2016-02-25,03:35:00,0.7,0.7,0.7,0.7,192000,0
2016-02-25,03:40:00,0.7,0.7,0.7,0.7,28000,0
2016-02-25,03:45:00,0.7,0.7,0.7,0.7,60000,0
2016-02-25,04:10:00,0.7,0.71,0.7,0.71,120000,0
2016-02-25,04:15:00,0.71,0.71,0.71,0.71,2000,0
2016-02-25,04:20:00,0.71,0.71,0.7,0.7,248000,0
2016-02-25,04:25:00,0.7,0.7,0.7,0.7,8000,0
2016-02-25,04:30:00,0.7,0.71,0.7,0.7,282000,0
2016-02-25,04:35:00,0.7,0.7,0.69,0.69,182000,0
2016-02-25,04:55:00,0.69,0.7,0.69,0.7,40000,0
2016-02-25,05:00:00,0.7,0.7,0.7,0.7,106000,0
2016-02-25,06:05:00,0.7,0.7,0.69,0.69,114000,0
2016-02-25,06:15:00,0.69,0.7,0.69,0.69,380000,0
2016-02-25,06:25:00,0.69,0.69,0.69,0.69,10000,0
2016-02-25,06:30:00,0.69,0.69,0.68,0.68,2098000,0
2016-02-25,06:35:00,0.68,0.68,0.68,0.68,34000,0
2016-02-25,06:40:00,0.68,0.69,0.68,0.68,280000,0
2016-02-25,06:55:00,0.68,0.68,0.68,0.68,22000,0
2016-02-25,07:05:00,0.68,0.68,0.68,0.68,10000,0
2016-02-25,07:10:00,0.68,0.68,0.67,0.68,66000,0
2016-02-25,07:15:00,0.68,0.68,0.68,0.68,96000,0
2016-02-25,07:25:00,0.68,0.68,0.68,0.68,90000,0
2016-02-25,07:35:00,0.68,0.68,0.68,0.68,14000,0
2016-02-25,07:40:00,0.68,0.68,0.68,0.68,8000,0
2016-02-25,07:45:00,0.68,0.68,0.68,0.68,40000,0
2016-02-25,07:50:00,0.68,0.68,0.68,0.68,18000,0
2016-02-25,07:55:00,0.68,0.68,0.67,0.67,144000,0
2016-02-25,08:00:00,0.67,0.67,0.67,0.67,128000,0
2016-02-25,08:05:00,0.67,0.67,0.67,0.67,98000,0
2016-02-25,08:10:00,0.67,0.68,0.67,0.68,154000,0
2016-02-25,08:25:00,0.66,0.67,0.66,0.67,30000,0
2016-02-25,08:35:00,0.66,0.67,0.66,0.67,56000,0
2016-02-25,08:40:00,0.67,0.67,0.67,0.67,10000,0
2016-02-25,08:45:00,0.67,0.67,0.67,0.67,20000,0
2016-02-25,08:50:00,0.67,0.67,0.67,0.67,20000,0
2016-02-25,08:55:00,0.66,0.67,0.66,0.67,12000,0
2016-02-25,09:00:00,0.67,0.68,0.67,0.67,196000,0
2016-02-26,02:35:00,0.67,0.68,0.67,0.68,92000,0
2016-02-26,02:40:00,0.68,0.7,0.68,0.7,182000,0
2016-02-26,02:45:00,0.7,0.7,0.7,0.7,66000,0
2016-02-26,02:50:00,0.7,0.7,0.69,0.69,52000,0
2016-02-26,03:00:00,0.69,0.69,0.69,0.69,20000,0
2016-02-26,03:10:00,0.69,0.69,0.69,0.69,2000,0
2016-02-26,03:15:00,0.69,0.69,0.69,0.69,126000,0
2016-02-26,03:30:00,0.69,0.69,0.68,0.68,200000,0
2016-02-26,04:05:00,0.68,0.68,0.68,0.68,8000,0
2016-02-26,04:10:00,0.68,0.69,0.68,0.69,350000,0
2016-02-26,04:15:00,0.69,0.69,0.69,0.69,40000,0
2016-02-26,04:30:00,0.69,0.69,0.69,0.69,20000,0
2016-02-26,04:55:00,0.69,0.69,0.69,0.69,10000,0
2016-02-26,06:10:00,0.69,0.69,0.69,0.69,150000,0
2016-02-26,06:15:00,0.69,0.69,0.69,0.69,60000,0
2016-02-26,06:20:00,0.69,0.69,0.68,0.68,160000,0
2016-02-26,06:45:00,0.68,0.68,0.68,0.68,20000,0
2016-02-26,07:15:00,0.68,0.68,0.68,0.68,36000,0
2016-02-26,07:40:00,0.68,0.68,0.68,0.68,50000,0
2016-02-26,08:15:00,0.68,0.68,0.68,0.68,22000,0
2016-02-26,09:00:00,0.68,0.73,0.68,0.73,1996000,0
2016-02-29,02:35:00,0.74,0.74,0.72,0.73,482000,0
2016-02-29,02:45:00,0.73,0.73,0.71,0.71,170000,0
2016-02-29,02:50:00,0.71,0.71,0.7,0.7,402000,0
2016-02-29,02:55:00,0.7,0.7,0.7,0.7,40000,0
2016-02-29,03:00:00,0.7,0.7,0.69,0.7,144000,0
2016-02-29,03:10:00,0.7,0.7,0.7,0.7,96000,0
2016-02-29,03:15:00,0.7,0.71,0.7,0.71,576000,0
2016-02-29,03:20:00,0.71,0.72,0.71,0.72,60000,0
2016-02-29,03:25:00,0.72,0.72,0.71,0.71,90000,0
2016-02-29,03:35:00,0.71,0.73,0.71,0.72,2200000,0
2016-02-29,03:40:00,0.72,0.72,0.72,0.72,130000,0
2016-02-29,03:50:00,0.72,0.72,0.71,0.71,40000,0
2016-02-29,04:10:00,0.71,0.71,0.71,0.71,10000,0
2016-02-29,04:15:00,0.71,0.71,0.71,0.71,28000,0
2016-02-29,04:20:00,0.71,0.71,0.71,0.71,106000,0
2016-02-29,04:25:00,0.71,0.71,0.71,0.71,88000,0
2016-02-29,04:30:00,0.71,0.71,0.71,0.71,22000,0
2016-02-29,04:35:00,0.71,0.71,0.7,0.7,94000,0
2016-02-29,04:40:00,0.7,0.71,0.7,0.71,52000,0
2016-02-29,06:05:00,0.71,0.71,0.7,0.71,312000,0
2016-02-29,06:20:00,0.71,0.71,0.71,0.71,30000,0
2016-02-29,06:25:00,0.71,0.71,0.71,0.71,22000,0
2016-02-29,06:35:00,0.71,0.71,0.71,0.71,70000,0
2016-02-29,06:40:00,0.71,0.72,0.7,0.7,44000,0
2016-02-29,07:00:00,0.71,0.72,0.71,0.72,20000,0
2016-02-29,07:05:00,0.72,0.72,0.71,0.71,78000,0
2016-02-29,07:15:00,0.71,0.71,0.71,0.71,40000,0
2016-02-29,07:25:00,0.71,0.71,0.71,0.71,6000,0
2016-02-29,07:30:00,0.71,0.71,0.71,0.71,8000,0
2016-02-29,07:35:00,0.71,0.71,0.7,0.7,374000,0
2016-02-29,07:40:00,0.7,0.7,0.7,0.7,144000,0
2016-02-29,08:00:00,0.7,0.7,0.7,0.7,20000,0
2016-02-29,08:10:00,0.7,0.7,0.7,0.7,100000,0
2016-02-29,08:25:00,0.7,0.7,0.7,0.7,2000,0
2016-02-29,08:35:00,0.7,0.7,0.7,0.7,2000,0
2016-02-29,08:45:00,0.69,0.7,0.69,0.7,100000,0
2016-02-29,08:50:00,0.7,0.7,0.7,0.7,106000,0
2016-02-29,08:55:00,0.7,0.71,0.7,0.71,40000,0
2016-02-29,09:00:00,0.71,0.71,0.7,0.7,180000,0
2016-03-01,02:35:00,0.7,0.7,0.7,0.7,40000,0
2016-03-01,02:40:00,0.7,0.7,0.7,0.7,36000,0
2016-03-01,02:50:00,0.7,0.7,0.7,0.7,20000,0
2016-03-01,02:55:00,0.69,0.69,0.68,0.68,148000,0
2016-03-01,03:00:00,0.68,0.68,0.68,0.68,20000,0
2016-03-01,03:05:00,0.68,0.68,0.68,0.68,40000,0
2016-03-01,03:10:00,0.68,0.68,0.68,0.68,16000,0
2016-03-01,03:25:00,0.68,0.68,0.68,0.68,14000,0
2016-03-01,03:30:00,0.67,0.68,0.67,0.68,74000,0
2016-03-01,03:35:00,0.68,0.68,0.68,0.68,44000,0
2016-03-01,03:40:00,0.68,0.68,0.68,0.68,58000,0
2016-03-01,04:10:00,0.68,0.68,0.68,0.68,78000,0
2016-03-01,04:15:00,0.68,0.68,0.68,0.68,22000,0
2016-03-01,04:40:00,0.68,0.68,0.68,0.68,2000,0
2016-03-01,07:15:00,0.67,0.68,0.67,0.68,120000,0
2016-03-01,07:20:00,0.68,0.69,0.68,0.69,184000,0
2016-03-01,07:25:00,0.69,0.69,0.69,0.69,20000,0
2016-03-01,07:30:00,0.69,0.69,0.69,0.69,46000,0
2016-03-01,07:45:00,0.69,0.69,0.69,0.69,54000,0
2016-03-01,08:00:00,0.69,0.69,0.68,0.69,50000,0
2016-03-01,08:15:00,0.69,0.69,0.69,0.69,100000,0
2016-03-01,08:20:00,0.69,0.69,0.69,0.69,6000,0
2016-03-01,08:40:00,0.69,0.69,0.69,0.69,6000,0
2016-03-01,08:45:00,0.69,0.69,0.69,0.69,26000,0
2016-03-01,08:50:00,0.69,0.69,0.69,0.69,36000,0
2016-03-01,09:00:00,0.69,0.69,0.68,0.68,40000,0
2016-03-02,02:40:00,0.68,0.69,0.68,0.69,54000,0
2016-03-02,02:50:00,0.69,0.69,0.69,0.69,4000,0
2016-03-02,03:00:00,0.69,0.69,0.69,0.69,2000,0
2016-03-02,03:05:00,0.69,0.7,0.69,0.7,80000,0
2016-03-02,03:15:00,0.7,0.71,0.7,0.71,322000,0
2016-03-02,03:20:00,0.71,0.71,0.7,0.7,244000,0
2016-03-02,03:25:00,0.7,0.7,0.7,0.7,42000,0
2016-03-02,03:30:00,0.7,0.7,0.69,0.69,250000,0
2016-03-02,03:40:00,0.69,0.69,0.69,0.69,10000,0
2016-03-02,04:00:00,0.68,0.69,0.68,0.69,192000,0
2016-03-02,04:10:00,0.69,0.69,0.69,0.69,50000,0
2016-03-02,04:25:00,0.69,0.69,0.69,0.69,8000,0
2016-03-02,04:35:00,0.69,0.69,0.69,0.69,90000,0
2016-03-02,04:40:00,0.69,0.69,0.69,0.69,100000,0
2016-03-02,06:10:00,0.68,0.7,0.68,0.7,178000,0
2016-03-02,06:30:00,0.7,0.7,0.69,0.69,20000,0
2016-03-02,06:35:00,0.69,0.69,0.69,0.69,6000,0
2016-03-02,06:40:00,0.69,0.69,0.69,0.69,190000,0
2016-03-02,06:45:00,0.69,0.69,0.69,0.69,10000,0
2016-03-02,06:55:00,0.69,0.69,0.69,0.69,88000,0
2016-03-02,07:00:00,0.69,0.69,0.69,0.69,6000,0
2016-03-02,07:05:00,0.69,0.69,0.69,0.69,6000,0
2016-03-02,07:20:00,0.69,0.69,0.69,0.69,122000,0
2016-03-02,07:30:00,0.69,0.69,0.69,0.69,50000,0
2016-03-02,07:50:00,0.69,0.69,0.69,0.69,50000,0
2016-03-02,07:55:00,0.69,0.69,0.69,0.69,10000,0
2016-03-02,08:00:00,0.69,0.69,0.69,0.69,4000,0
2016-03-02,08:15:00,0.69,0.69,0.69,0.69,12000,0
2016-03-02,08:50:00,0.68,0.69,0.68,0.69,40000,0
2016-03-03,02:50:00,0.68,0.68,0.68,0.68,40000,0
2016-03-03,03:25:00,0.68,0.68,0.68,0.68,180000,0
2016-03-03,03:30:00,0.68,0.68,0.68,0.68,100000,0
2016-03-03,03:45:00,0.68,0.68,0.68,0.68,26000,0
2016-03-03,03:55:00,0.68,0.68,0.67,0.67,774000,0
2016-03-03,04:20:00,0.67,0.67,0.67,0.67,10000,0
2016-03-03,04:25:00,0.67,0.67,0.67,0.67,10000,0
2016-03-03,04:30:00,0.67,0.67,0.67,0.67,20000,0
2016-03-03,04:40:00,0.67,0.67,0.67,0.67,30000,0
2016-03-03,04:45:00,0.67,0.67,0.67,0.67,50000,0
2016-03-03,04:55:00,0.67,0.67,0.67,0.67,28000,0
2016-03-03,05:00:00,0.67,0.67,0.67,0.67,10000,0
2016-03-03,06:20:00,0.67,0.67,0.67,0.67,100000,0
2016-03-03,07:50:00,0.66,0.67,0.66,0.67,8000,0
2016-03-03,08:05:00,0.67,0.67,0.67,0.67,100000,0
2016-03-03,08:10:00,0.67,0.67,0.67,0.67,50000,0
2016-03-03,08:40:00,0.66,0.67,0.66,0.67,110000,0
2016-03-03,08:50:00,0.67,0.67,0.67,0.67,110000,0
2016-03-03,08:55:00,0.67,0.67,0.67,0.67,100000,0
2016-03-03,09:00:00,0.66,0.67,0.66,0.67,180000,0
2016-03-04,03:15:00,0.68,0.68,0.67,0.68,130000,0
2016-03-04,03:50:00,0.67,0.68,0.67,0.68,100000,0
2016-03-04,03:55:00,0.68,0.68,0.68,0.68,70000,0
2016-03-04,04:00:00,0.68,0.69,0.68,0.69,218000,0
2016-03-04,04:05:00,0.69,0.69,0.68,0.68,276000,0
2016-03-04,04:15:00,0.68,0.68,0.68,0.68,84000,0
2016-03-04,04:20:00,0.68,0.68,0.68,0.68,150000,0
2016-03-04,04:30:00,0.68,0.68,0.68,0.68,40000,0
2016-03-04,04:35:00,0.68,0.68,0.68,0.68,20000,0
2016-03-04,04:45:00,0.68,0.68,0.68,0.68,32000,0
2016-03-04,06:05:00,0.68,0.68,0.68,0.68,204000,0
2016-03-04,06:40:00,0.68,0.68,0.68,0.68,20000,0
2016-03-04,06:50:00,0.68,0.68,0.68,0.68,24000,0
2016-03-04,06:55:00,0.68,0.68,0.68,0.68,120000,0
2016-03-04,07:05:00,0.68,0.68,0.68,0.68,88000,0
2016-03-04,07:10:00,0.68,0.68,0.68,0.68,10000,0
2016-03-04,07:25:00,0.68,0.68,0.68,0.68,2000,0
2016-03-04,07:50:00,0.68,0.69,0.68,0.69,4000,0
2016-03-04,07:55:00,0.69,0.7,0.69,0.7,648000,0
2016-03-04,08:05:00,0.7,0.7,0.69,0.69,70000,0
2016-03-04,08:10:00,0.69,0.7,0.69,0.7,56000,0
2016-03-04,08:15:00,0.7,0.7,0.69,0.69,20000,0
2016-03-04,08:20:00,0.69,0.7,0.69,0.69,44000,0
2016-03-04,08:25:00,0.69,0.7,0.69,0.7,68000,0
2016-03-04,08:40:00,0.7,0.7,0.7,0.7,522000,0
2016-03-04,08:45:00,0.7,0.71,0.7,0.71,136000,0
2016-03-04,08:50:00,0.71,0.71,0.71,0.71,414000,0
2016-03-04,08:55:00,0.71,0.72,0.71,0.72,646000,0
2016-03-04,09:00:00,0.72,0.74,0.72,0.74,2022000,0
2016-03-07,02:35:00,0.78,0.78,0.75,0.76,1100000,0
2016-03-07,02:40:00,0.76,0.76,0.76,0.76,312000,0
2016-03-07,02:45:00,0.76,0.76,0.75,0.76,64000,0
2016-03-07,02:50:00,0.76,0.76,0.74,0.74,326000,0
2016-03-07,02:55:00,0.74,0.74,0.74,0.74,140000,0
2016-03-07,03:00:00,0.73,0.75,0.73,0.75,262000,0
2016-03-07,03:05:00,0.75,0.75,0.75,0.75,336000,0
2016-03-07,03:10:00,0.75,0.75,0.75,0.75,80000,0
2016-03-07,03:15:00,0.75,0.75,0.74,0.75,220000,0
2016-03-07,03:20:00,0.75,0.75,0.75,0.75,160000,0
2016-03-07,03:25:00,0.75,0.75,0.74,0.74,552000,0
2016-03-07,03:40:00,0.74,0.74,0.74,0.74,230000,0
2016-03-07,03:45:00,0.74,0.74,0.74,0.74,386000,0
2016-03-07,03:55:00,0.74,0.74,0.74,0.74,102000,0
2016-03-07,04:00:00,0.74,0.74,0.74,0.74,120000,0
2016-03-07,04:05:00,0.73,0.74,0.73,0.74,70000,0
2016-03-07,04:10:00,0.74,0.74,0.74,0.74,80000,0
2016-03-07,04:25:00,0.73,0.74,0.73,0.74,62000,0
2016-03-07,04:30:00,0.74,0.74,0.74,0.74,100000,0
2016-03-07,04:40:00,0.74,0.74,0.74,0.74,60000,0
2016-03-07,04:45:00,0.74,0.74,0.74,0.74,30000,0
2016-03-07,06:05:00,0.74,0.74,0.74,0.74,20000,0
2016-03-07,06:15:00,0.74,0.74,0.74,0.74,46000,0
2016-03-07,06:20:00,0.74,0.74,0.74,0.74,102000,0
2016-03-07,06:30:00,0.74,0.75,0.74,0.75,124000,0
2016-03-07,06:50:00,0.75,0.75,0.74,0.74,140000,0
2016-03-07,07:25:00,0.74,0.74,0.74,0.74,100000,0
2016-03-07,07:30:00,0.74,0.74,0.74,0.74,50000,0
2016-03-07,07:35:00,0.74,0.75,0.74,0.75,160000,0
2016-03-07,07:45:00,0.75,0.75,0.74,0.74,4000,0
2016-03-07,07:50:00,0.74,0.74,0.74,0.74,86000,0
2016-03-07,08:00:00,0.74,0.74,0.74,0.74,110000,0
2016-03-07,08:05:00,0.74,0.74,0.74,0.74,2000,0
2016-03-07,08:15:00,0.74,0.74,0.74,0.74,20000,0
2016-03-07,08:25:00,0.74,0.74,0.74,0.74,60000,0
2016-03-07,08:35:00,0.74,0.74,0.74,0.74,100000,0
2016-03-07,08:45:00,0.74,0.74,0.74,0.74,94000,0
2016-03-07,09:00:00,0.74,0.75,0.74,0.75,32000,0
2016-03-08,02:50:00,0.74,0.75,0.74,0.74,128000,0
2016-03-08,03:10:00,0.73,0.73,0.72,0.72,58000,0
2016-03-08,03:15:00,0.7,0.71,0.7,0.71,162000,0
2016-03-08,03:25:00,0.71,0.71,0.71,0.71,4000,0
2016-03-08,03:35:00,0.71,0.71,0.71,0.71,100000,0
2016-03-08,03:40:00,0.71,0.71,0.71,0.71,106000,0
2016-03-08,03:50:00,0.71,0.71,0.71,0.71,30000,0
2016-03-08,04:00:00,0.71,0.71,0.71,0.71,16000,0
2016-03-08,04:10:00,0.71,0.71,0.71,0.71,120000,0
2016-03-08,04:15:00,0.71,0.72,0.71,0.72,100000,0
2016-03-08,04:20:00,0.72,0.72,0.72,0.72,20000,0
2016-03-08,04:25:00,0.72,0.72,0.72,0.72,250000,0
2016-03-08,04:40:00,0.72,0.72,0.72,0.72,50000,0
2016-03-08,05:00:00,0.72,0.72,0.71,0.72,26000,0
2016-03-08,06:05:00,0.72,0.72,0.72,0.72,10000,0
2016-03-08,06:10:00,0.72,0.73,0.72,0.73,60000,0
2016-03-08,06:45:00,0.73,0.73,0.72,0.72,12000,0
2016-03-08,06:55:00,0.72,0.73,0.72,0.73,120000,0
2016-03-08,07:05:00,0.73,0.74,0.73,0.74,408000,0
2016-03-08,07:10:00,0.74,0.74,0.74,0.74,130000,0
2016-03-08,07:15:00,0.74,0.75,0.74,0.75,804000,0
2016-03-08,07:20:00,0.75,0.75,0.75,0.75,106000,0
2016-03-08,07:30:00,0.75,0.75,0.75,0.75,90000,0
2016-03-08,07:35:00,0.75,0.75,0.75,0.75,116000,0
2016-03-08,07:45:00,0.75,0.75,0.75,0.75,164000,0
2016-03-08,07:50:00,0.75,0.75,0.75,0.75,136000,0
2016-03-08,08:10:00,0.75,0.75,0.73,0.73,12000,0
2016-03-08,08:50:00,0.73,0.73,0.73,0.73,8000,0
2016-03-08,08:55:00,0.73,0.75,0.73,0.75,202000,0
2016-03-08,09:00:00,0.75,0.75,0.74,0.74,28000,0
2016-03-09,02:35:00,0.73,0.74,0.73,0.73,100000,0
2016-03-09,02:45:00,0.73,0.73,0.73,0.73,10000,0
2016-03-09,03:20:00,0.73,0.73,0.73,0.73,22000,0
2016-03-09,03:25:00,0.73,0.73,0.72,0.72,144000,0
2016-03-09,03:35:00,0.72,0.73,0.72,0.73,98000,0
2016-03-09,03:45:00,0.73,0.73,0.72,0.72,120000,0
2016-03-09,04:05:00,0.72,0.72,0.72,0.72,358000,0
2016-03-09,04:10:00,0.72,0.72,0.72,0.72,40000,0
2016-03-09,04:15:00,0.72,0.72,0.72,0.72,102000,0
2016-03-09,04:20:00,0.72,0.72,0.72,0.72,100000,0
2016-03-09,04:30:00,0.72,0.72,0.72,0.72,30000,0
2016-03-09,04:45:00,0.72,0.72,0.72,0.72,10000,0
2016-03-09,05:00:00,0.72,0.72,0.72,0.72,18000,0
2016-03-09,06:05:00,0.72,0.72,0.72,0.72,30000,0
2016-03-09,06:10:00,0.72,0.72,0.72,0.72,12000,0
2016-03-09,06:55:00,0.72,0.72,0.72,0.72,250000,0
2016-03-09,07:05:00,0.72,0.72,0.72,0.72,50000,0
2016-03-09,07:35:00,0.71,0.72,0.71,0.72,58000,0
2016-03-09,07:45:00,0.72,0.72,0.72,0.72,100000,0
2016-03-09,07:50:00,0.72,0.72,0.72,0.72,20000,0
2016-03-09,08:00:00,0.72,0.72,0.72,0.72,352000,0
2016-03-09,08:20:00,0.72,0.72,0.72,0.72,106000,0
2016-03-09,08:30:00,0.72,0.72,0.72,0.72,20000,0
2016-03-09,08:55:00,0.72,0.72,0.72,0.72,236000,0
2016-03-09,09:00:00,0.72,0.72,0.72,0.72,40000,0
2016-03-10,02:45:00,0.71,0.72,0.71,0.72,32000,0
2016-03-10,02:55:00,0.72,0.72,0.72,0.72,44000,0
2016-03-10,03:00:00,0.72,0.72,0.72,0.72,34000,0
2016-03-10,03:40:00,0.72,0.72,0.72,0.72,40000,0
2016-03-10,03:45:00,0.72,0.72,0.72,0.72,130000,0
2016-03-10,04:00:00,0.72,0.72,0.72,0.72,50000,0
2016-03-10,04:05:00,0.72,0.72,0.72,0.72,124000,0
2016-03-10,07:05:00,0.71,0.72,0.71,0.72,168000,0
2016-03-10,08:10:00,0.71,0.73,0.71,0.73,570000,0
2016-03-10,08:25:00,0.73,0.73,0.72,0.72,154000,0
2016-03-10,08:45:00,0.72,0.72,0.72,0.72,100000,0
2016-03-10,08:50:00,0.72,0.72,0.72,0.72,28000,0
2016-03-10,09:00:00,0.72,0.72,0.72,0.72,50000,0
2016-03-11,04:35:00,0.71,0.72,0.71,0.72,18000,0
2016-03-11,07:40:00,0.72,0.72,0.72,0.72,4000,0
2016-03-11,07:55:00,0.71,0.72,0.71,0.72,80000,0
2016-03-11,08:00:00,0.72,0.72,0.72,0.72,30000,0
2016-03-11,08:50:00,0.72,0.72,0.72,0.72,30000,0
2016-03-11,09:00:00,0.72,0.73,0.72,0.73,4000,0
2016-03-14,03:05:00,0.73,0.73,0.73,0.73,20000,0
2016-03-14,03:10:00,0.73,0.73,0.72,0.72,120000,0
2016-03-14,03:30:00,0.72,0.72,0.72,0.72,12000,0
2016-03-14,03:35:00,0.72,0.72,0.71,0.71,256000,0
2016-03-14,03:40:00,0.71,0.71,0.71,0.71,40000,0
2016-03-14,03:45:00,0.71,0.71,0.71,0.71,168000,0
2016-03-14,03:55:00,0.7,0.71,0.7,0.71,200000,0
2016-03-14,04:20:00,0.71,0.71,0.71,0.71,30000,0
2016-03-14,04:30:00,0.71,0.71,0.71,0.71,80000,0
2016-03-14,04:35:00,0.71,0.71,0.71,0.71,120000,0
2016-03-14,04:40:00,0.71,0.71,0.71,0.71,50000,0
2016-03-14,06:10:00,0.71,0.71,0.71,0.71,18000,0
2016-03-14,06:25:00,0.71,0.71,0.71,0.71,30000,0
2016-03-14,07:00:00,0.7,0.71,0.7,0.71,40000,0
2016-03-14,07:10:00,0.71,0.71,0.71,0.71,50000,0
2016-03-14,07:45:00,0.7,0.71,0.7,0.71,20000,0
2016-03-14,08:10:00,0.71,0.71,0.71,0.71,30000,0
2016-03-14,08:30:00,0.71,0.71,0.71,0.71,10000,0
2016-03-14,08:40:00,0.71,0.71,0.7,0.71,260000,0
2016-03-14,09:00:00,0.7,0.71,0.7,0.71,24000,0
2016-03-15,02:50:00,0.69,0.7,0.69,0.7,102000,0
2016-03-15,02:55:00,0.7,0.7,0.7,0.7,12000,0
2016-03-15,03:00:00,0.7,0.7,0.69,0.69,16000,0
2016-03-15,03:05:00,0.69,0.7,0.69,0.7,118000,0
2016-03-15,03:10:00,0.7,0.71,0.7,0.71,146000,0
2016-03-15,03:15:00,0.71,0.71,0.71,0.71,20000,0
2016-03-15,03:30:00,0.71,0.71,0.71,0.71,10000,0
2016-03-15,05:00:00,0.71,0.71,0.7,0.7,180000,0
2016-03-15,06:05:00,0.7,0.7,0.7,0.7,58000,0
2016-03-15,06:35:00,0.7,0.7,0.7,0.7,14000,0
2016-03-15,06:40:00,0.7,0.7,0.7,0.7,10000,0
2016-03-15,07:35:00,0.7,0.7,0.7,0.7,26000,0
2016-03-15,07:55:00,0.7,0.7,0.7,0.7,4000,0
2016-03-15,08:05:00,0.7,0.7,0.7,0.7,96000,0
2016-03-15,08:25:00,0.7,0.7,0.7,0.7,20000,0
2016-03-15,08:30:00,0.7,0.72,0.7,0.71,404000,0
2016-03-15,08:55:00,0.71,0.71,0.71,0.71,80000,0
2016-03-15,09:00:00,0.71,0.72,0.71,0.71,108000,0
2016-03-16,03:10:00,0.71,0.71,0.71,0.71,52000,0
2016-03-16,03:15:00,0.71,0.71,0.7,0.7,162000,0
2016-03-16,04:00:00,0.7,0.7,0.7,0.7,30000,0
2016-03-16,04:10:00,0.7,0.7,0.7,0.7,30000,0
2016-03-16,04:35:00,0.7,0.7,0.7,0.7,2000,0
2016-03-16,07:00:00,0.69,0.7,0.69,0.7,4000,0
2016-03-16,07:25:00,0.7,0.7,0.7,0.7,2000,0
2016-03-16,07:40:00,0.69,0.7,0.69,0.7,14000,0
2016-03-16,08:25:00,0.69,0.7,0.69,0.7,46000,0
2016-03-16,08:40:00,0.69,0.7,0.69,0.7,46000,0
2016-03-16,08:45:00,0.7,0.7,0.7,0.7,26000,0
2016-03-16,08:50:00,0.7,0.7,0.7,0.7,4000,0
2016-03-17,02:45:00,0.7,0.7,0.7,0.7,10000,0
2016-03-17,03:00:00,0.7,0.7,0.7,0.7,100000,0
2016-03-17,03:15:00,0.7,0.7,0.7,0.7,68000,0
2016-03-17,08:20:00,0.69,0.7,0.69,0.7,168000,0
2016-03-17,09:00:00,0.69,0.71,0.69,0.71,86000,0
2016-03-18,06:05:00,0.7,0.71,0.7,0.71,48000,0
2016-03-18,06:15:00,0.71,0.71,0.71,0.71,10000,0
2016-03-18,06:20:00,0.71,0.71,0.71,0.71,16000,0
2016-03-18,06:40:00,0.71,0.71,0.71,0.71,30000,0
2016-03-18,06:50:00,0.71,0.71,0.71,0.71,68000,0
2016-03-18,07:10:00,0.7,0.71,0.7,0.71,40000,0
2016-03-18,08:05:00,0.7,0.72,0.7,0.72,4000,0
2016-03-18,08:10:00,0.72,0.72,0.71,0.71,4000,0
2016-03-18,08:15:00,0.71,0.72,0.71,0.72,58000,0
2016-03-18,08:35:00,0.72,0.72,0.71,0.71,8000,0
2016-03-18,08:45:00,0.71,0.72,0.71,0.72,40000,0
2016-03-18,08:55:00,0.72,0.72,0.72,0.72,44000,0
2016-03-18,09:00:00,0.72,0.72,0.72,0.72,30000,0
2016-03-21,02:45:00,0.73,0.73,0.71,0.71,92000,0
2016-03-21,03:00:00,0.71,0.71,0.71,0.71,50000,0
2016-03-21,03:05:00,0.71,0.71,0.71,0.71,50000,0
2016-03-21,03:20:00,0.71,0.72,0.71,0.72,54000,0
2016-03-21,03:25:00,0.72,0.72,0.72,0.72,100000,0
2016-03-21,03:55:00,0.72,0.72,0.71,0.71,14000,0
2016-03-21,04:30:00,0.71,0.72,0.71,0.72,442000,0
2016-03-21,04:35:00,0.72,0.73,0.72,0.72,20000,0
2016-03-21,06:05:00,0.72,0.72,0.72,0.72,2000,0
2016-03-21,06:30:00,0.72,0.72,0.71,0.72,24000,0
2016-03-21,06:50:00,0.72,0.72,0.71,0.71,72000,0
2016-03-21,07:25:00,0.71,0.72,0.71,0.72,4000,0
2016-03-21,07:30:00,0.72,0.72,0.71,0.71,100000,0
2016-03-21,08:00:00,0.71,0.72,0.71,0.72,4000,0
2016-03-21,08:35:00,0.72,0.72,0.71,0.71,34000,0
2016-03-21,09:00:00,0.7,0.71,0.7,0.71,56000,0
2016-03-22,02:55:00,0.71,0.71,0.71,0.71,68000,0
2016-03-22,03:50:00,0.71,0.71,0.7,0.7,104000,0
2016-03-23,02:50:00,0.69,0.69,0.69,0.69,40000,0
2016-03-23,03:05:00,0.69,0.69,0.69,0.69,30000,0
2016-03-23,08:15:00,0.68,0.69,0.68,0.69,4000,0
2016-03-23,09:00:00,0.68,0.69,0.68,0.69,200000,0
2016-03-24,06:35:00,0.68,0.69,0.68,0.69,40000,0
2016-03-24,09:00:00,0.68,0.69,0.68,0.69,32000,0
2016-03-29,03:35:00,0.66,0.69,0.66,0.66,82000,0
2016-03-29,04:00:00,0.66,0.66,0.66,0.66,100000,0
2016-03-29,04:05:00,0.66,0.66,0.66,0.66,4000,0
2016-03-29,04:10:00,0.66,0.66,0.66,0.66,70000,0
2016-03-29,04:20:00,0.66,0.66,0.66,0.66,2000,0
2016-03-29,04:35:00,0.66,0.66,0.66,0.66,8000,0
2016-03-29,04:40:00,0.66,0.66,0.66,0.66,160000,0
2016-03-29,04:45:00,0.66,0.66,0.66,0.66,16000,0
2016-03-29,04:55:00,0.66,0.67,0.66,0.67,8000,0
2016-03-29,07:40:00,0.67,0.67,0.67,0.67,10000,0
2016-03-29,07:50:00,0.67,0.67,0.66,0.66,48000,0
2016-03-29,07:55:00,0.66,0.66,0.66,0.66,16000,0
2016-03-29,08:00:00,0.66,0.66,0.66,0.66,2000,0
2016-03-29,08:25:00,0.66,0.67,0.66,0.67,38000,0
2016-03-29,08:40:00,0.67,0.67,0.67,0.67,30000,0
2016-03-29,08:45:00,0.67,0.67,0.66,0.66,250000,0
2016-03-29,09:00:00,0.66,0.66,0.66,0.66,20000,0
2016-03-29,09:55:00,0.66,0.67,0.66,0.67,154000,0
2016-03-29,10:00:00,0.67,0.68,0.67,0.67,68000,0
2016-03-30,03:35:00,0.65,0.65,0.64,0.65,342000,0
2016-03-30,04:10:00,0.66,0.68,0.66,0.68,116000,0
2016-03-30,04:45:00,0.68,0.68,0.66,0.66,22000,0
2016-03-30,04:55:00,0.66,0.66,0.66,0.66,30000,0
2016-03-30,05:20:00,0.66,0.66,0.65,0.65,248000,0
2016-03-30,05:35:00,0.65,0.65,0.65,0.65,290000,0
2016-03-30,06:00:00,0.65,0.65,0.65,0.65,78000,0
2016-03-30,07:10:00,0.65,0.65,0.65,0.65,14000,0
2016-03-30,07:15:00,0.65,0.65,0.65,0.65,28000,0
2016-03-30,07:20:00,0.65,0.66,0.65,0.66,64000,0
2016-03-30,07:25:00,0.66,0.66,0.65,0.65,40000,0
2016-03-30,07:55:00,0.65,0.65,0.65,0.65,10000,0
2016-03-30,08:35:00,0.65,0.65,0.64,0.64,492000,0
2016-03-30,08:40:00,0.64,0.64,0.64,0.64,282000,0
2016-03-30,08:45:00,0.64,0.64,0.64,0.64,110000,0
2016-03-30,08:50:00,0.64,0.64,0.64,0.64,30000,0
2016-03-30,08:55:00,0.64,0.64,0.64,0.64,12000,0
2016-03-30,09:00:00,0.64,0.64,0.64,0.64,130000,0
2016-03-30,09:15:00,0.64,0.64,0.64,0.64,70000,0
2016-03-30,09:20:00,0.64,0.65,0.64,0.65,44000,0
2016-03-30,09:45:00,0.65,0.65,0.64,0.65,172000,0
2016-03-30,09:50:00,0.65,0.65,0.65,0.65,4000,0
2016-03-30,09:55:00,0.65,0.65,0.63,0.65,224000,0
2016-03-31,03:35:00,0.65,0.65,0.63,0.65,328000,0
2016-03-31,03:40:00,0.65,0.65,0.64,0.64,200000,0
2016-03-31,04:05:00,0.64,0.64,0.64,0.64,20000,0
2016-03-31,04:20:00,0.62,0.63,0.62,0.63,120000,0
2016-03-31,04:35:00,0.63,0.63,0.63,0.63,40000,0
2016-03-31,04:40:00,0.63,0.63,0.63,0.63,20000,0
2016-03-31,05:30:00,0.62,0.63,0.62,0.63,26000,0
2016-03-31,05:35:00,0.63,0.63,0.63,0.63,30000,0
2016-03-31,05:45:00,0.63,0.63,0.63,0.63,32000,0
2016-03-31,05:50:00,0.63,0.63,0.63,0.63,14000,0
2016-03-31,08:10:00,0.62,0.63,0.62,0.63,100000,0
2016-03-31,08:15:00,0.63,0.63,0.63,0.63,40000,0
2016-03-31,09:10:00,0.62,0.63,0.62,0.63,80000,0
2016-03-31,09:35:00,0.63,0.63,0.63,0.63,8000,0
2016-03-31,09:55:00,0.63,0.63,0.63,0.63,10000,0
2016-03-31,10:00:00,0.62,0.63,0.62,0.63,18000,0
2016-04-01,03:35:00,0.63,0.63,0.63,0.63,10000,0
2016-04-01,04:30:00,0.62,0.64,0.62,0.64,20000,0
2016-04-01,05:00:00,0.64,0.64,0.64,0.64,10000,0
2016-04-01,07:50:00,0.63,0.63,0.63,0.63,40000,0
2016-04-01,08:40:00,0.63,0.64,0.63,0.64,20000,0
2016-04-01,09:20:00,0.64,0.64,0.63,0.63,4000,0
2016-04-01,09:35:00,0.63,0.63,0.63,0.63,2000,0
2016-04-01,10:00:00,0.63,0.64,0.63,0.64,20000,0
2016-04-05,04:35:00,0.63,0.63,0.63,0.63,100000,0
2016-04-05,08:25:00,0.62,0.65,0.62,0.65,154000,0
2016-04-05,09:55:00,0.63,0.65,0.63,0.65,4000,0
2016-04-06,05:20:00,0.65,0.65,0.65,0.65,10000,0
2016-04-06,09:55:00,0.63,0.64,0.63,0.64,84000,0
2016-04-07,04:20:00,0.62,0.63,0.62,0.63,60000,0
2016-04-07,05:40:00,0.62,0.63,0.62,0.63,20000,0
2016-04-07,06:00:00,0.63,0.63,0.63,0.63,10000,0
2016-04-07,08:40:00,0.62,0.63,0.62,0.63,272000,0
2016-04-07,09:05:00,0.63,0.63,0.63,0.63,100000,0
2016-04-07,09:15:00,0.63,0.63,0.63,0.63,30000,0
2016-04-07,10:00:00,0.62,0.63,0.62,0.63,40000,0
2016-04-08,04:35:00,0.63,0.63,0.63,0.63,50000,0
2016-04-08,07:10:00,0.63,0.63,0.63,0.63,50000,0
2016-04-08,07:35:00,0.63,0.63,0.63,0.63,50000,0
2016-04-08,09:55:00,0.62,0.63,0.62,0.63,20000,0
2016-04-11,04:00:00,0.62,0.63,0.62,0.63,20000,0
2016-04-11,04:05:00,0.63,0.63,0.63,0.63,230000,0
2016-04-11,04:10:00,0.63,0.63,0.63,0.63,70000,0
2016-04-11,04:50:00,0.62,0.63,0.62,0.63,140000,0
2016-04-11,04:55:00,0.63,0.63,0.63,0.63,10000,0
2016-04-11,05:20:00,0.63,0.63,0.63,0.63,14000,0
2016-04-11,07:05:00,0.63,0.63,0.63,0.63,82000,0
2016-04-11,07:45:00,0.63,0.63,0.63,0.63,20000,0
2016-04-11,08:20:00,0.63,0.63,0.63,0.63,4000,0
2016-04-11,08:55:00,0.63,0.63,0.63,0.63,50000,0
2016-04-11,10:00:00,0.62,0.63,0.62,0.63,12000,0
2016-04-12,03:50:00,0.63,0.63,0.63,0.63,20000,0
2016-04-12,04:10:00,0.63,0.63,0.63,0.63,92000,0
2016-04-12,04:40:00,0.63,0.63,0.63,0.63,18000,0
2016-04-12,04:55:00,0.63,0.63,0.63,0.63,62000,0
2016-04-12,05:00:00,0.63,0.63,0.63,0.63,38000,0
2016-04-12,05:05:00,0.63,0.63,0.63,0.63,30000,0
2016-04-12,05:50:00,0.63,0.63,0.63,0.63,20000,0
2016-04-12,07:05:00,0.63,0.63,0.63,0.63,38000,0
2016-04-12,07:40:00,0.63,0.64,0.63,0.64,240000,0
2016-04-12,07:55:00,0.64,0.64,0.64,0.64,60000,0
2016-04-12,08:05:00,0.64,0.64,0.64,0.64,26000,0
2016-04-12,08:10:00,0.64,0.64,0.64,0.64,4000,0
2016-04-12,08:25:00,0.64,0.64,0.63,0.63,54000,0
2016-04-12,08:30:00,0.63,0.63,0.63,0.63,30000,0
2016-04-12,08:40:00,0.63,0.64,0.63,0.64,40000,0
2016-04-12,08:45:00,0.64,0.64,0.64,0.64,40000,0
2016-04-12,08:50:00,0.64,0.64,0.63,0.63,62000,0
2016-04-12,09:30:00,0.63,0.63,0.63,0.63,100000,0
2016-04-12,09:50:00,0.62,0.63,0.62,0.63,12000,0
2016-04-12,10:00:00,0.63,0.64,0.62,0.64,20000,0
2016-04-13,04:05:00,0.64,0.64,0.64,0.64,18000,0
2016-04-13,04:40:00,0.64,0.64,0.64,0.64,28000,0
2016-04-13,04:45:00,0.64,0.64,0.63,0.63,340000,0
2016-04-13,05:00:00,0.63,0.63,0.63,0.63,24000,0
2016-04-13,05:05:00,0.63,0.63,0.63,0.63,86000,0
2016-04-13,05:45:00,0.63,0.63,0.63,0.63,50000,0
2016-04-13,05:50:00,0.63,0.63,0.63,0.63,10000,0
2016-04-13,07:10:00,0.63,0.64,0.63,0.64,104000,0
2016-04-13,07:15:00,0.64,0.65,0.64,0.65,26000,0
2016-04-13,07:20:00,0.65,0.65,0.65,0.65,20000,0
2016-04-13,07:25:00,0.65,0.65,0.64,0.64,238000,0
2016-04-13,07:30:00,0.64,0.64,0.64,0.64,82000,0
2016-04-13,08:00:00,0.64,0.64,0.63,0.63,4000,0
2016-04-13,08:30:00,0.63,0.63,0.63,0.63,40000,0
2016-04-13,08:40:00,0.63,0.66,0.63,0.66,1670000,0
2016-04-13,08:45:00,0.66,0.69,0.66,0.68,808000,0
2016-04-13,08:50:00,0.68,0.68,0.68,0.68,200000,0
2016-04-13,09:10:00,0.68,0.68,0.68,0.68,100000,0
2016-04-13,09:15:00,0.68,0.68,0.67,0.67,16000,0
2016-04-13,09:25:00,0.67,0.67,0.67,0.67,100000,0
2016-04-13,09:30:00,0.67,0.67,0.67,0.67,110000,0
2016-04-13,09:35:00,0.67,0.68,0.67,0.68,4000,0
2016-04-13,09:50:00,0.68,0.68,0.67,0.67,52000,0
2016-04-13,09:55:00,0.67,0.67,0.67,0.67,40000,0
2016-04-13,10:00:00,0.67,0.67,0.66,0.67,100000,0
