Date,Time,Open,High,Low,Close,Volume,OpenInt
2016-02-15,03:05:00,0.7,0.7,0.7,0.7,1692000,0
2016-02-15,04:05:00,0.7,0.7,0.7,0.7,6000,0
2016-02-15,06:35:00,0.7,0.7,0.7,0.7,6000,0
2016-02-15,06:40:00,0.7,0.7,0.7,0.7,164000,0
2016-02-15,06:45:00,0.7,0.7,0.7,0.7,14000,0
2016-02-15,06:50:00,0.7,0.7,0.7,0.7,8000,0
2016-02-15,06:55:00,0.7,0.7,0.7,0.7,2000,0
2016-02-15,07:05:00,0.69,0.7,0.69,0.7,4000,0
2016-02-15,07:35:00,0.7,0.7,0.7,0.7,40000,0
2016-02-15,07:40:00,0.7,0.7,0.7,0.7,6000,0
2016-02-15,07:50:00,0.7,0.7,0.7,0.7,18000,0
2016-02-15,07:55:00,0.7,0.7,0.7,0.7,4000,0
2016-02-15,08:00:00,0.7,0.7,0.7,0.7,2000,0
2016-02-15,08:05:00,0.7,0.7,0.7,0.7,4000,0
2016-02-15,09:00:00,0.69,0.71,0.69,0.71,4000,0
2016-02-16,03:20:00,0.71,0.71,0.71,0.71,10000,0
2016-02-16,04:25:00,0.71,0.71,0.7,0.7,20000,0
2016-02-16,04:40:00,0.7,0.71,0.7,0.71,84000,0
2016-02-16,04:55:00,0.71,0.71,0.69,0.7,186000,0
2016-02-16,05:00:00,0.7,0.7,0.7,0.7,12000,0
2016-02-16,06:15:00,0.7,0.7,0.69,0.7,36000,0
2016-02-16,06:25:00,0.7,0.7,0.69,0.7,152000,0
2016-02-16,08:25:00,0.69,0.7,0.69,0.7,24000,0
2016-02-16,08:45:00,0.69,0.7,0.69,0.7,24000,0
2016-02-16,08:50:00,0.7,0.7,0.7,0.7,14000,0
2016-02-16,08:55:00,0.7,0.7,0.7,0.7,14000,0
2016-02-16,09:00:00,0.7,0.7,0.7,0.7,12000,0
2016-02-17,03:20:00,0.71,0.71,0.69,0.7,20000,0
2016-02-17,03:25:00,0.7,0.7,0.7,0.7,10000,0
2016-02-17,04:00:00,0.7,0.71,0.7,0.7,44000,0
2016-02-17,04:10:00,0.7,0.71,0.7,0.7,34000,0
2016-02-17,06:05:00,0.7,0.71,0.7,0.7,20000,0
2016-02-17,06:40:00,0.7,0.71,0.7,0.71,8000,0
2016-02-17,07:30:00,0.71,0.71,0.7,0.7,30000,0
2016-02-17,07:35:00,0.7,0.71,0.7,0.7,12000,0
2016-02-17,08:30:00,0.7,0.71,0.7,0.7,12000,0
2016-02-17,08:55:00,0.7,0.71,0.7,0.7,22000,0
2016-02-17,09:00:00,0.7,0.71,0.7,0.71,32000,0
2016-02-18,03:25:00,0.71,0.72,0.71,0.71,8000,0
2016-02-18,03:30:00,0.71,0.71,0.71,0.71,16000,0
2016-02-18,03:40:00,0.71,0.72,0.71,0.71,24000,0
2016-02-18,04:10:00,0.71,0.71,0.71,0.71,32000,0
2016-02-18,04:15:00,0.71,0.72,0.71,0.71,26000,0
2016-02-18,04:20:00,0.71,0.72,0.71,0.71,26000,0
2016-02-18,04:35:00,0.71,0.72,0.71,0.71,8000,0
2016-02-18,05:00:00,0.71,0.72,0.71,0.71,70000,0
2016-02-18,06:05:00,0.71,0.72,0.71,0.71,64000,0
2016-02-18,06:15:00,0.71,0.71,0.71,0.71,298000,0
2016-02-18,06:20:00,0.71,0.72,0.71,0.72,44000,0
2016-02-18,06:25:00,0.72,0.72,0.71,0.71,24000,0
2016-02-18,06:30:00,0.71,0.72,0.71,0.72,18000,0
2016-02-18,06:35:00,0.72,0.72,0.71,0.71,64000,0
2016-02-18,06:40:00,0.71,0.71,0.71,0.71,10000,0
2016-02-18,06:50:00,0.71,0.71,0.71,0.71,82000,0
2016-02-18,06:55:00,0.71,0.71,0.71,0.71,290000,0
2016-02-18,07:05:00,0.71,0.71,0.71,0.71,10000,0
2016-02-18,07:20:00,0.71,0.71,0.71,0.71,10000,0
2016-02-18,07:25:00,0.71,0.71,0.71,0.71,10000,0
2016-02-18,07:40:00,0.71,0.71,0.71,0.71,4000,0
2016-02-18,07:45:00,0.71,0.72,0.71,0.72,376000,0
2016-02-18,07:50:00,0.72,0.72,0.71,0.71,30000,0
2016-02-18,07:55:00,0.71,0.72,0.71,0.72,12000,0
2016-02-18,08:00:00,0.72,0.72,0.72,0.72,10000,0
2016-02-18,08:05:00,0.72,0.72,0.71,0.71,44000,0
2016-02-18,08:10:00,0.71,0.72,0.71,0.71,62000,0
2016-02-18,08:15:00,0.71,0.72,0.71,0.72,20000,0
2016-02-18,08:20:00,0.72,0.72,0.71,0.72,28000,0
2016-02-18,08:50:00,0.7,0.72,0.7,0.72,4000,0
2016-02-18,09:00:00,0.7,0.73,0.7,0.72,1158000,0
2016-02-19,03:10:00,0.71,0.72,0.7,0.7,84000,0
2016-02-19,03:15:00,0.7,0.72,0.7,0.7,88000,0
2016-02-19,03:25:00,0.7,0.7,0.7,0.7,12000,0
2016-02-19,04:15:00,0.69,0.7,0.69,0.7,116000,0
2016-02-19,04:30:00,0.7,0.7,0.7,0.7,10000,0
2016-02-19,04:45:00,0.69,0.7,0.69,0.7,20000,0
2016-02-19,06:15:00,0.69,0.7,0.69,0.7,4000,0
2016-02-19,06:40:00,0.69,0.7,0.69,0.7,28000,0
2016-02-19,08:05:00,0.69,0.7,0.69,0.7,18000,0
2016-02-19,08:15:00,0.7,0.7,0.69,0.7,88000,0
2016-02-19,08:20:00,0.7,0.71,0.7,0.7,104000,0
2016-02-19,08:45:00,0.69,0.7,0.69,0.7,18000,0
2016-02-19,08:50:00,0.7,0.7,0.7,0.7,28000,0
2016-02-22,03:25:00,0.7,0.7,0.69,0.69,586000,0
2016-02-22,03:30:00,0.69,0.69,0.69,0.69,2000,0
2016-02-22,03:40:00,0.69,0.69,0.69,0.69,20000,0
2016-02-22,03:50:00,0.69,0.69,0.69,0.69,4000,0
2016-02-22,03:55:00,0.69,0.69,0.69,0.69,12000,0
2016-02-22,04:20:00,0.69,0.69,0.69,0.69,100000,0
2016-02-22,04:25:00,0.69,0.69,0.69,0.69,34000,0
2016-02-22,04:30:00,0.68,0.69,0.68,0.69,60000,0
2016-02-22,04:35:00,0.69,0.69,0.69,0.69,8000,0
2016-02-22,04:40:00,0.69,0.69,0.69,0.69,100000,0
2016-02-22,04:50:00,0.69,0.7,0.69,0.7,8000,0
2016-02-22,06:10:00,0.69,0.69,0.69,0.69,80000,0
2016-02-22,06:35:00,0.68,0.69,0.68,0.69,38000,0
2016-02-22,06:45:00,0.69,0.69,0.69,0.69,8000,0
2016-02-22,06:50:00,0.69,0.69,0.69,0.69,14000,0
2016-02-22,07:00:00,0.69,0.69,0.69,0.69,8000,0
2016-02-22,07:45:00,0.68,0.69,0.68,0.69,4000,0
2016-02-22,07:55:00,0.69,0.69,0.69,0.69,200000,0
2016-02-22,08:00:00,0.69,0.69,0.69,0.69,140000,0
2016-02-22,08:55:00,0.69,0.69,0.69,0.69,30000,0
2016-02-22,09:00:00,0.69,0.69,0.69,0.69,44000,0
2016-02-23,03:00:00,0.69,0.69,0.69,0.69,90000,0
2016-02-23,03:20:00,0.69,0.69,0.69,0.69,12000,0
2016-02-23,03:55:00,0.69,0.69,0.67,0.69,614000,0
2016-02-23,04:35:00,0.67,0.68,0.67,0.68,70000,0
2016-02-23,04:40:00,0.68,0.69,0.68,0.69,28000,0
2016-02-23,04:55:00,0.69,0.69,0.69,0.69,2000,0
2016-02-23,05:00:00,0.69,0.69,0.69,0.69,106000,0
2016-02-23,06:05:00,0.69,0.69,0.69,0.69,578000,0
2016-02-23,06:25:00,0.69,0.7,0.69,0.7,4000,0
2016-02-23,06:35:00,0.7,0.7,0.7,0.7,32000,0
2016-02-23,06:40:00,0.7,0.7,0.7,0.7,2000,0
2016-02-23,07:00:00,0.7,0.7,0.69,0.69,60000,0
2016-02-23,07:25:00,0.69,0.69,0.67,0.68,734000,0
2016-02-23,07:45:00,0.67,0.68,0.67,0.68,52000,0
2016-02-23,07:50:00,0.68,0.68,0.68,0.68,2000,0
2016-02-23,08:00:00,0.67,0.68,0.67,0.68,38000,0
2016-02-23,08:35:00,0.67,0.68,0.67,0.68,62000,0
2016-02-23,08:45:00,0.68,0.68,0.68,0.68,20000,0
2016-02-23,08:50:00,0.68,0.69,0.68,0.68,26000,0
2016-02-23,08:55:00,0.68,0.69,0.68,0.69,14000,0
2016-02-23,09:00:00,0.69,0.69,0.69,0.69,4000,0
2016-02-24,03:35:00,0.68,0.69,0.68,0.68,216000,0
2016-02-24,07:05:00,0.67,0.68,0.67,0.68,4000,0
2016-02-24,08:55:00,0.67,0.68,0.67,0.68,4000,0
2016-02-25,02:40:00,0.67,0.68,0.67,0.67,28000,0
2016-02-25,03:10:00,0.67,0.68,0.67,0.68,68000,0
2016-02-25,03:20:00,0.68,0.68,0.66,0.68,18000,0
2016-02-25,03:55:00,0.68,0.69,0.68,0.69,156000,0
2016-02-25,04:00:00,0.69,0.69,0.69,0.69,50000,0
2016-02-25,04:10:00,0.69,0.69,0.69,0.69,34000,0
2016-02-25,04:20:00,0.69,0.69,0.68,0.68,4000,0
2016-02-25,04:25:00,0.68,0.69,0.68,0.69,14000,0
2016-02-25,04:35:00,0.69,0.7,0.69,0.7,174000,0
2016-02-25,04:40:00,0.7,0.7,0.7,0.7,4000,0
2016-02-25,04:45:00,0.7,0.7,0.69,0.69,40000,0
2016-02-25,04:50:00,0.69,0.7,0.69,0.7,16000,0
2016-02-25,06:05:00,0.7,0.7,0.69,0.69,34000,0
2016-02-25,06:10:00,0.69,0.69,0.69,0.69,6000,0
2016-02-25,06:35:00,0.69,0.69,0.69,0.69,8000,0
2016-02-25,07:00:00,0.69,0.69,0.69,0.69,4000,0
2016-02-25,07:30:00,0.69,0.69,0.68,0.68,4000,0
2016-02-25,07:50:00,0.68,0.68,0.68,0.68,58000,0
2016-02-25,08:00:00,0.68,0.68,0.68,0.68,6000,0
2016-02-25,08:45:00,0.68,0.68,0.68,0.68,38000,0
2016-02-25,08:55:00,0.68,0.68,0.67,0.67,4000,0
2016-02-25,09:00:00,0.67,0.69,0.67,0.69,356000,0
2016-02-26,02:40:00,0.67,0.69,0.67,0.67,90000,0
2016-02-26,02:45:00,0.66,0.67,0.66,0.67,12000,0
2016-02-26,02:50:00,0.67,0.67,0.67,0.67,28000,0
2016-02-26,02:55:00,0.67,0.68,0.67,0.68,4000,0
2016-02-26,03:00:00,0.68,0.68,0.68,0.68,40000,0
2016-02-26,03:10:00,0.68,0.68,0.68,0.68,34000,0
2016-02-26,03:30:00,0.68,0.68,0.68,0.68,6000,0
2016-02-26,03:45:00,0.68,0.69,0.68,0.69,14000,0
2016-02-26,04:20:00,0.68,0.68,0.68,0.68,12000,0
2016-02-26,04:35:00,0.68,0.68,0.68,0.68,60000,0
2016-02-26,04:40:00,0.66,0.67,0.66,0.67,38000,0
2016-02-26,04:45:00,0.67,0.67,0.67,0.67,2000,0
2016-02-26,06:05:00,0.67,0.67,0.67,0.67,118000,0
2016-02-26,06:20:00,0.67,0.67,0.67,0.67,10000,0
2016-02-26,06:25:00,0.67,0.67,0.67,0.67,18000,0
2016-02-26,07:05:00,0.67,0.68,0.67,0.67,216000,0
2016-02-26,07:10:00,0.67,0.67,0.67,0.67,98000,0
2016-02-26,07:25:00,0.67,0.67,0.67,0.67,32000,0
2016-02-26,07:55:00,0.66,0.67,0.66,0.67,20000,0
2016-02-26,08:20:00,0.67,0.67,0.67,0.67,50000,0
2016-02-26,08:25:00,0.67,0.67,0.67,0.67,64000,0
2016-02-26,08:35:00,0.67,0.67,0.67,0.67,36000,0
2016-02-26,08:40:00,0.67,0.67,0.67,0.67,16000,0
2016-02-29,02:50:00,0.67,0.67,0.67,0.67,10000,0
2016-02-29,03:05:00,0.67,0.67,0.67,0.67,100000,0
2016-02-29,03:10:00,0.67,0.67,0.67,0.67,34000,0
2016-02-29,03:15:00,0.67,0.68,0.67,0.68,164000,0
2016-02-29,03:20:00,0.68,0.68,0.67,0.67,10000,0
2016-02-29,03:35:00,0.67,0.67,0.67,0.67,8000,0
2016-02-29,04:15:00,0.67,0.67,0.67,0.67,174000,0
2016-02-29,04:20:00,0.67,0.67,0.67,0.67,6000,0
2016-02-29,04:25:00,0.67,0.67,0.67,0.67,20000,0
2016-03-01,02:35:00,0.68,0.68,0.66,0.68,20000,0
2016-03-01,03:45:00,0.66,0.67,0.66,0.67,140000,0
2016-03-01,04:00:00,0.67,0.67,0.67,0.67,6000,0
2016-03-01,04:30:00,0.67,0.67,0.67,0.67,170000,0
2016-03-01,04:35:00,0.67,0.67,0.67,0.67,50000,0
2016-03-01,05:00:00,0.66,0.67,0.66,0.67,100000,0
2016-03-01,06:05:00,0.67,0.67,0.67,0.67,50000,0
2016-03-01,06:25:00,0.66,0.67,0.66,0.67,34000,0
2016-03-01,06:40:00,0.67,0.67,0.67,0.67,88000,0
2016-03-01,06:45:00,0.67,0.67,0.67,0.67,20000,0
2016-03-01,07:05:00,0.67,0.67,0.67,0.67,6000,0
2016-03-01,07:25:00,0.67,0.67,0.67,0.67,6000,0
2016-03-01,07:30:00,0.67,0.67,0.67,0.67,20000,0
2016-03-01,08:05:00,0.67,0.68,0.67,0.68,32000,0
2016-03-01,08:10:00,0.68,0.68,0.67,0.67,100000,0
2016-03-01,08:30:00,0.67,0.68,0.67,0.68,20000,0
2016-03-01,08:35:00,0.68,0.68,0.68,0.68,2000,0
2016-03-01,08:40:00,0.68,0.68,0.67,0.67,22000,0
2016-03-01,08:50:00,0.67,0.67,0.67,0.67,4000,0
2016-03-01,09:00:00,0.67,0.68,0.67,0.68,714000,0
2016-03-02,02:35:00,0.69,0.69,0.69,0.69,114000,0
2016-03-02,02:45:00,0.68,0.69,0.68,0.69,126000,0
2016-03-02,02:50:00,0.69,0.69,0.69,0.69,86000,0
2016-03-02,03:05:00,0.69,0.69,0.68,0.69,112000,0
2016-03-02,03:10:00,0.69,0.69,0.69,0.69,32000,0
2016-03-02,03:15:00,0.69,0.7,0.69,0.7,94000,0
2016-03-02,03:20:00,0.7,0.7,0.69,0.69,6000,0
2016-03-02,03:30:00,0.69,0.69,0.69,0.69,16000,0
2016-03-02,03:35:00,0.69,0.69,0.69,0.69,12000,0
2016-03-02,03:50:00,0.69,0.7,0.69,0.69,8000,0
2016-03-02,03:55:00,0.69,0.7,0.69,0.7,4000,0
2016-03-02,04:00:00,0.7,0.7,0.7,0.7,2000,0
2016-03-02,04:05:00,0.7,0.7,0.7,0.7,2000,0
2016-03-02,04:10:00,0.7,0.7,0.7,0.7,2000,0
2016-03-02,04:15:00,0.7,0.7,0.69,0.69,8000,0
2016-03-02,04:20:00,0.69,0.7,0.69,0.7,4000,0
2016-03-02,04:30:00,0.7,0.7,0.7,0.7,2000,0
2016-03-02,04:35:00,0.7,0.7,0.69,0.7,272000,0
2016-03-02,04:40:00,0.7,0.7,0.69,0.69,44000,0
2016-03-02,04:45:00,0.69,0.7,0.69,0.7,4000,0
2016-03-02,04:50:00,0.7,0.7,0.7,0.7,2000,0
2016-03-02,04:55:00,0.7,0.7,0.7,0.7,2000,0
2016-03-02,05:00:00,0.7,0.7,0.69,0.69,30000,0
2016-03-02,06:05:00,0.69,0.7,0.69,0.7,8000,0
2016-03-02,06:15:00,0.7,0.7,0.7,0.7,4000,0
2016-03-02,06:20:00,0.7,0.7,0.7,0.7,30000,0
2016-03-02,06:25:00,0.7,0.7,0.7,0.7,2000,0
2016-03-02,06:30:00,0.7,0.7,0.7,0.7,2000,0
2016-03-02,06:35:00,0.7,0.7,0.7,0.7,32000,0
2016-03-02,06:40:00,0.7,0.71,0.69,0.71,1028000,0
2016-03-02,06:45:00,0.71,0.73,0.7,0.73,886000,0
2016-03-02,06:50:00,0.73,0.74,0.72,0.72,884000,0
2016-03-02,06:55:00,0.72,0.74,0.72,0.74,380000,0
2016-03-02,07:00:00,0.74,0.74,0.73,0.73,52000,0
2016-03-02,07:05:00,0.73,0.73,0.73,0.73,146000,0
2016-03-02,07:10:00,0.73,0.74,0.73,0.74,44000,0
2016-03-02,07:15:00,0.74,0.74,0.74,0.74,152000,0
2016-03-02,07:20:00,0.74,0.74,0.74,0.74,16000,0
2016-03-02,07:25:00,0.74,0.77,0.74,0.77,664000,0
2016-03-02,07:30:00,0.77,0.78,0.75,0.75,224000,0
2016-03-02,07:35:00,0.75,0.75,0.75,0.75,58000,0
2016-03-02,07:40:00,0.75,0.76,0.75,0.76,98000,0
2016-03-02,07:45:00,0.76,0.76,0.76,0.76,86000,0
2016-03-02,07:50:00,0.76,0.76,0.75,0.75,14000,0
2016-03-02,07:55:00,0.75,0.76,0.75,0.76,324000,0
2016-03-02,08:00:00,0.76,0.77,0.76,0.76,340000,0
2016-03-02,08:05:00,0.76,0.77,0.76,0.76,68000,0
2016-03-02,08:10:00,0.76,0.76,0.75,0.75,96000,0
2016-03-02,08:15:00,0.75,0.76,0.75,0.76,114000,0
2016-03-02,08:20:00,0.76,0.76,0.75,0.75,42000,0
2016-03-02,08:25:00,0.75,0.76,0.75,0.76,4000,0
2016-03-02,08:30:00,0.76,0.76,0.75,0.75,156000,0
2016-03-02,08:35:00,0.75,0.75,0.74,0.74,122000,0
2016-03-02,08:40:00,0.74,0.75,0.74,0.75,172000,0
2016-03-02,08:45:00,0.75,0.75,0.74,0.75,166000,0
2016-03-02,08:50:00,0.75,0.75,0.75,0.75,64000,0
2016-03-02,08:55:00,0.75,0.75,0.74,0.74,126000,0
2016-03-02,09:00:00,0.74,0.74,0.73,0.73,272000,0
2016-03-03,02:35:00,0.74,0.75,0.74,0.75,150000,0
2016-03-03,02:40:00,0.75,0.75,0.75,0.75,52000,0
2016-03-03,02:45:00,0.75,0.76,0.75,0.75,180000,0
2016-03-03,02:50:00,0.75,0.76,0.75,0.76,112000,0
2016-03-03,03:00:00,0.76,0.76,0.75,0.75,116000,0
2016-03-03,03:05:00,0.75,0.76,0.75,0.76,44000,0
2016-03-03,03:10:00,0.76,0.76,0.76,0.76,76000,0
2016-03-03,03:15:00,0.76,0.76,0.76,0.76,10000,0
2016-03-03,03:20:00,0.76,0.76,0.76,0.76,12000,0
2016-03-03,03:25:00,0.76,0.76,0.75,0.76,92000,0
2016-03-03,03:30:00,0.76,0.76,0.75,0.75,16000,0
2016-03-03,03:35:00,0.75,0.76,0.75,0.76,24000,0
2016-03-03,03:40:00,0.76,0.76,0.75,0.76,174000,0
2016-03-03,03:45:00,0.76,0.76,0.76,0.76,12000,0
2016-03-03,03:50:00,0.76,0.76,0.75,0.76,32000,0
2016-03-03,03:55:00,0.76,0.76,0.76,0.76,12000,0
2016-03-03,04:00:00,0.76,0.76,0.75,0.75,236000,0
2016-03-03,04:05:00,0.75,0.76,0.75,0.76,4000,0
2016-03-03,04:10:00,0.76,0.76,0.74,0.74,370000,0
2016-03-03,04:15:00,0.74,0.75,0.74,0.74,132000,0
2016-03-03,04:40:00,0.74,0.74,0.74,0.74,124000,0
2016-03-03,04:55:00,0.74,0.74,0.74,0.74,20000,0
2016-03-03,05:00:00,0.74,0.74,0.74,0.74,28000,0
2016-03-03,06:05:00,0.74,0.75,0.74,0.75,4000,0
2016-03-03,06:10:00,0.75,0.75,0.75,0.75,2000,0
2016-03-03,06:35:00,0.75,0.75,0.75,0.75,2000,0
2016-03-03,06:40:00,0.75,0.75,0.74,0.74,4000,0
2016-03-03,06:45:00,0.74,0.74,0.74,0.74,132000,0
2016-03-03,06:50:00,0.74,0.75,0.74,0.75,36000,0
2016-03-03,07:15:00,0.75,0.75,0.75,0.75,2000,0
2016-03-03,07:20:00,0.75,0.75,0.74,0.74,4000,0
2016-03-03,07:45:00,0.74,0.75,0.74,0.75,6000,0
2016-03-03,07:50:00,0.75,0.75,0.75,0.75,110000,0
2016-03-03,08:00:00,0.75,0.75,0.75,0.75,70000,0
2016-03-03,08:15:00,0.75,0.75,0.75,0.75,48000,0
2016-03-03,08:20:00,0.75,0.75,0.74,0.75,132000,0
2016-03-03,08:30:00,0.75,0.76,0.75,0.76,596000,0
2016-03-03,08:35:00,0.76,0.76,0.76,0.76,2000,0
2016-03-03,08:40:00,0.76,0.76,0.75,0.75,20000,0
2016-03-03,08:45:00,0.75,0.76,0.75,0.76,12000,0
2016-03-03,08:55:00,0.76,0.76,0.76,0.76,50000,0
2016-03-03,09:00:00,0.76,0.77,0.75,0.76,844000,0
2016-03-04,06:05:00,0.75,0.76,0.75,0.76,226000,0
2016-03-04,07:10:00,0.75,0.78,0.75,0.78,332000,0
2016-03-04,07:25:00,0.77,0.77,0.76,0.76,4000,0
2016-03-04,07:35:00,0.76,0.77,0.76,0.77,26000,0
2016-03-04,07:50:00,0.77,0.78,0.77,0.78,282000,0
2016-03-04,08:00:00,0.78,0.78,0.78,0.78,70000,0
2016-03-04,08:05:00,0.78,0.78,0.78,0.78,150000,0
2016-03-04,08:20:00,0.78,0.78,0.77,0.77,18000,0
2016-03-04,08:25:00,0.77,0.77,0.77,0.77,4000,0
2016-03-04,08:30:00,0.77,0.77,0.77,0.77,128000,0
2016-03-04,08:35:00,0.77,0.77,0.76,0.76,36000,0
2016-03-04,08:40:00,0.76,0.76,0.76,0.76,156000,0
2016-03-04,08:45:00,0.76,0.76,0.76,0.76,12000,0
2016-03-04,08:50:00,0.76,0.76,0.76,0.76,74000,0
2016-03-04,08:55:00,0.76,0.77,0.76,0.76,108000,0
2016-03-04,09:00:00,0.76,0.77,0.76,0.76,568000,0
2016-03-07,02:35:00,0.78,0.78,0.78,0.78,98000,0
2016-03-07,02:40:00,0.78,0.78,0.78,0.78,52000,0
2016-03-07,02:45:00,0.78,0.79,0.78,0.79,146000,0
2016-03-07,02:55:00,0.79,0.8,0.79,0.8,112000,0
2016-03-07,03:00:00,0.8,0.8,0.79,0.79,92000,0
2016-03-07,03:10:00,0.79,0.79,0.79,0.79,6000,0
2016-03-07,03:15:00,0.79,0.79,0.78,0.78,158000,0
2016-03-07,03:25:00,0.78,0.79,0.78,0.79,4000,0
2016-03-07,03:30:00,0.79,0.79,0.78,0.78,248000,0
2016-03-07,03:35:00,0.78,0.78,0.77,0.77,50000,0
2016-03-07,03:45:00,0.77,0.77,0.77,0.77,44000,0
2016-03-07,03:50:00,0.77,0.78,0.77,0.78,4000,0
2016-03-07,04:05:00,0.78,0.78,0.77,0.77,214000,0
2016-03-07,04:20:00,0.77,0.77,0.77,0.77,8000,0
2016-03-07,04:25:00,0.77,0.78,0.77,0.78,8000,0
2016-03-07,04:30:00,0.78,0.78,0.77,0.77,38000,0
2016-03-07,04:35:00,0.77,0.77,0.77,0.77,34000,0
2016-03-07,04:50:00,0.77,0.77,0.77,0.77,8000,0
2016-03-07,05:00:00,0.77,0.77,0.77,0.77,6000,0
2016-03-07,06:05:00,0.77,0.77,0.77,0.77,54000,0
2016-03-07,06:10:00,0.77,0.77,0.77,0.77,2000,0
2016-03-07,06:15:00,0.77,0.77,0.77,0.77,50000,0
2016-03-07,06:45:00,0.77,0.78,0.77,0.78,4000,0
2016-03-07,07:20:00,0.77,0.77,0.77,0.77,60000,0
2016-03-07,07:25:00,0.77,0.77,0.77,0.77,2000,0
2016-03-07,08:00:00,0.77,0.77,0.77,0.77,2000,0
2016-03-07,08:15:00,0.77,0.77,0.77,0.77,24000,0
2016-03-07,08:25:00,0.77,0.77,0.77,0.77,30000,0
2016-03-07,08:30:00,0.77,0.77,0.77,0.77,10000,0
2016-03-07,08:45:00,0.77,0.77,0.77,0.77,2000,0
2016-03-07,08:50:00,0.77,0.77,0.77,0.77,14000,0
2016-03-07,08:55:00,0.77,0.77,0.77,0.77,10000,0
2016-03-07,09:00:00,0.77,0.77,0.76,0.77,92000,0
2016-03-08,02:35:00,0.78,0.78,0.77,0.78,6000,0
2016-03-08,02:40:00,0.78,0.78,0.77,0.77,398000,0
2016-03-08,02:45:00,0.77,0.77,0.77,0.77,32000,0
2016-03-08,03:35:00,0.76,0.77,0.76,0.77,24000,0
2016-03-08,03:45:00,0.77,0.77,0.77,0.77,2000,0
2016-03-08,04:20:00,0.77,0.77,0.77,0.77,6000,0
2016-03-08,04:25:00,0.77,0.77,0.77,0.77,82000,0
2016-03-08,04:30:00,0.77,0.77,0.77,0.77,80000,0
2016-03-08,05:00:00,0.77,0.77,0.77,0.77,20000,0
2016-03-08,06:05:00,0.77,0.77,0.77,0.77,2000,0
2016-03-08,06:25:00,0.76,0.77,0.76,0.77,220000,0
2016-03-08,06:50:00,0.77,0.77,0.77,0.77,2000,0
2016-03-08,06:55:00,0.77,0.77,0.77,0.77,50000,0
2016-03-08,07:05:00,0.77,0.77,0.77,0.77,174000,0
2016-03-08,08:05:00,0.76,0.78,0.76,0.77,48000,0
2016-03-08,08:10:00,0.77,0.77,0.77,0.77,12000,0
2016-03-08,08:15:00,0.77,0.78,0.77,0.77,52000,0
2016-03-08,08:20:00,0.77,0.78,0.77,0.78,28000,0
2016-03-08,08:25:00,0.78,0.78,0.77,0.77,20000,0
2016-03-08,08:40:00,0.77,0.78,0.77,0.78,4000,0
2016-03-08,08:45:00,0.78,0.78,0.77,0.77,12000,0
2016-03-08,09:00:00,0.77,0.77,0.77,0.77,42000,0
2016-03-09,02:40:00,0.77,0.77,0.77,0.77,1296,0
2016-03-09,03:15:00,0.77,0.77,0.76,0.76,24000,0
2016-03-09,03:20:00,0.76,0.78,0.76,0.78,84000,0
2016-03-09,03:25:00,0.78,0.78,0.78,0.78,10000,0
2016-03-09,03:45:00,0.77,0.77,0.77,0.77,26000,0
2016-03-09,04:05:00,0.77,0.77,0.77,0.77,10000,0
2016-03-09,04:15:00,0.77,0.77,0.77,0.77,36000,0
2016-03-09,04:20:00,0.77,0.77,0.77,0.77,14000,0
2016-03-09,04:25:00,0.77,0.77,0.76,0.76,80000,0
2016-03-09,06:10:00,0.76,0.76,0.76,0.76,2000,0
2016-03-09,06:15:00,0.76,0.76,0.76,0.76,250000,0
2016-03-09,06:25:00,0.76,0.76,0.76,0.76,102000,0
2016-03-09,06:40:00,0.76,0.76,0.76,0.76,90000,0
2016-03-09,06:50:00,0.76,0.76,0.75,0.76,120000,0
2016-03-09,06:55:00,0.76,0.76,0.76,0.76,50000,0
2016-03-09,07:00:00,0.76,0.76,0.75,0.75,84000,0
2016-03-09,07:05:00,0.75,0.75,0.75,0.75,2000,0
2016-03-09,07:15:00,0.75,0.75,0.75,0.75,2000,0
2016-03-09,07:20:00,0.74,0.75,0.74,0.75,26000,0
2016-03-09,07:25:00,0.75,0.75,0.75,0.75,40000,0
2016-03-09,07:40:00,0.75,0.75,0.75,0.75,10000,0
2016-03-09,07:45:00,0.75,0.75,0.75,0.75,2000,0
2016-03-09,07:50:00,0.75,0.75,0.75,0.75,10000,0
2016-03-09,08:05:00,0.75,0.75,0.75,0.75,4000,0
2016-03-09,08:20:00,0.75,0.76,0.75,0.76,64000,0
2016-03-09,08:30:00,0.76,0.76,0.75,0.75,130000,0
2016-03-09,08:35:00,0.75,0.75,0.75,0.75,12000,0
2016-03-09,08:40:00,0.75,0.75,0.75,0.75,2000,0
2016-03-09,09:00:00,0.75,0.75,0.75,0.75,6000,0
2016-03-10,02:45:00,0.75,0.76,0.75,0.76,64000,0
2016-03-10,03:30:00,0.76,0.76,0.76,0.76,4000,0
2016-03-10,03:40:00,0.76,0.76,0.76,0.76,4000,0
2016-03-10,03:45:00,0.76,0.76,0.76,0.76,8000,0
2016-03-10,03:50:00,0.76,0.76,0.75,0.75,14000,0
2016-03-10,03:55:00,0.75,0.75,0.75,0.75,8000,0
2016-03-10,04:45:00,0.75,0.75,0.75,0.75,2000,0
2016-03-10,04:50:00,0.75,0.75,0.74,0.74,250000,0
2016-03-10,06:05:00,0.74,0.74,0.74,0.74,4000,0
2016-03-10,06:30:00,0.73,0.74,0.73,0.74,62000,0
2016-03-10,06:35:00,0.74,0.74,0.74,0.74,46000,0
2016-03-10,06:55:00,0.74,0.75,0.74,0.75,8000,0
2016-03-10,07:10:00,0.75,0.75,0.74,0.74,40000,0
2016-03-10,07:15:00,0.74,0.74,0.74,0.74,3296,0
2016-03-10,07:20:00,0.74,0.75,0.74,0.75,246000,0
2016-03-10,08:00:00,0.75,0.75,0.74,0.74,178000,0
2016-03-10,08:10:00,0.74,0.74,0.74,0.74,26000,0
2016-03-10,08:15:00,0.74,0.74,0.74,0.74,6000,0
2016-03-10,08:20:00,0.74,0.74,0.74,0.74,48000,0
2016-03-10,08:50:00,0.73,0.74,0.73,0.74,36000,0
2016-03-10,09:00:00,0.74,0.74,0.74,0.74,12000,0
2016-03-11,02:35:00,0.73,0.73,0.73,0.73,8000,0
2016-03-11,02:40:00,0.73,0.73,0.73,0.73,50000,0
2016-03-11,02:50:00,0.73,0.73,0.73,0.73,10000,0
2016-03-11,02:55:00,0.73,0.73,0.73,0.73,2000,0
2016-03-11,03:15:00,0.72,0.73,0.72,0.73,94000,0
2016-03-11,03:20:00,0.73,0.74,0.73,0.74,70000,0
2016-03-11,04:10:00,0.74,0.74,0.73,0.73,8000,0
2016-03-11,04:25:00,0.73,0.74,0.73,0.74,60000,0
2016-03-11,04:35:00,0.74,0.74,0.73,0.73,20000,0
2016-03-11,04:40:00,0.73,0.73,0.73,0.73,2000,0
2016-03-11,06:10:00,0.73,0.73,0.73,0.73,2000,0
2016-03-11,06:15:00,0.73,0.74,0.73,0.74,12000,0
2016-03-11,06:30:00,0.74,0.74,0.73,0.73,4000,0
2016-03-11,06:45:00,0.73,0.74,0.73,0.74,36000,0
2016-03-11,06:50:00,0.74,0.74,0.73,0.73,4000,0
2016-03-11,07:10:00,0.73,0.74,0.73,0.74,102000,0
2016-03-11,07:20:00,0.74,0.74,0.74,0.74,16000,0
2016-03-11,07:55:00,0.74,0.74,0.74,0.74,2000,0
2016-03-11,08:15:00,0.74,0.75,0.74,0.75,68000,0
2016-03-11,08:30:00,0.75,0.75,0.74,0.74,4000,0
2016-03-11,08:55:00,0.74,0.74,0.74,0.74,2000,0
2016-03-11,09:00:00,0.74,0.74,0.74,0.74,4000,0
2016-03-14,02:35:00,0.74,0.75,0.74,0.75,72000,0
2016-03-14,02:40:00,0.75,0.76,0.75,0.76,32000,0
2016-03-14,02:45:00,0.76,0.76,0.75,0.75,74000,0
2016-03-14,03:00:00,0.75,0.76,0.75,0.76,4000,0
2016-03-14,03:05:00,0.76,0.76,0.75,0.75,50000,0
2016-03-14,03:10:00,0.75,0.77,0.75,0.77,186000,0
2016-03-14,03:15:00,0.77,0.77,0.76,0.77,80000,0
2016-03-14,03:20:00,0.77,0.77,0.76,0.76,40000,0
2016-03-14,03:30:00,0.76,0.76,0.76,0.76,16000,0
2016-03-14,03:35:00,0.76,0.77,0.76,0.77,94000,0
2016-03-14,03:50:00,0.77,0.77,0.77,0.77,68000,0
2016-03-14,03:55:00,0.77,0.77,0.76,0.76,70000,0
2016-03-14,04:00:00,0.76,0.76,0.76,0.76,34000,0
2016-03-14,04:05:00,0.76,0.77,0.76,0.77,58000,0
2016-03-14,04:10:00,0.77,0.77,0.77,0.77,160000,0
2016-03-14,04:15:00,0.77,0.77,0.76,0.76,22000,0
2016-03-14,04:30:00,0.76,0.76,0.75,0.75,32000,0
2016-03-14,04:50:00,0.76,0.77,0.76,0.77,26000,0
2016-03-14,06:05:00,0.77,0.77,0.76,0.76,40000,0
2016-03-14,06:10:00,0.76,0.76,0.76,0.76,10000,0
2016-03-14,06:15:00,0.76,0.76,0.76,0.76,400,0
2016-03-14,06:20:00,0.76,0.77,0.76,0.77,30000,0
2016-03-14,06:25:00,0.77,0.77,0.76,0.76,48000,0
2016-03-14,06:30:00,0.76,0.76,0.76,0.76,28000,0
2016-03-14,06:45:00,0.76,0.76,0.76,0.76,4000,0
2016-03-14,06:55:00,0.76,0.76,0.75,0.75,86000,0
2016-03-14,07:00:00,0.75,0.76,0.75,0.76,4000,0
2016-03-14,07:10:00,0.76,0.76,0.76,0.76,100000,0
2016-03-14,07:15:00,0.76,0.76,0.75,0.75,56000,0
2016-03-14,07:25:00,0.75,0.75,0.75,0.75,15888,0
2016-03-14,07:30:00,0.75,0.75,0.75,0.75,18000,0
2016-03-14,07:35:00,0.75,0.76,0.75,0.76,4000,0
2016-03-14,07:40:00,0.76,0.76,0.75,0.75,24000,0
2016-03-14,07:45:00,0.75,0.75,0.75,0.75,20000,0
2016-03-14,08:00:00,0.75,0.76,0.75,0.76,106000,0
2016-03-14,08:05:00,0.76,0.76,0.75,0.75,76000,0
2016-03-14,08:15:00,0.75,0.76,0.75,0.75,106000,0
2016-03-14,08:25:00,0.75,0.76,0.75,0.76,4000,0
2016-03-14,08:30:00,0.76,0.76,0.75,0.76,54000,0
2016-03-14,08:40:00,0.76,0.76,0.75,0.75,24000,0
2016-03-14,08:45:00,0.75,0.76,0.75,0.75,80000,0
2016-03-14,08:50:00,0.75,0.75,0.75,0.75,4000,0
2016-03-14,09:00:00,0.75,0.76,0.75,0.75,56000,0
2016-03-15,02:40:00,0.76,0.76,0.76,0.76,28000,0
2016-03-15,03:05:00,0.76,0.76,0.76,0.76,42000,0
2016-03-15,03:50:00,0.76,0.76,0.76,0.76,2000,0
2016-03-15,04:00:00,0.76,0.76,0.76,0.76,2000,0
2016-03-15,04:10:00,0.76,0.76,0.75,0.75,20000,0
2016-03-15,04:15:00,0.75,0.75,0.75,0.75,30000,0
2016-03-15,04:35:00,0.75,0.75,0.75,0.75,160000,0
2016-03-15,04:40:00,0.75,0.75,0.75,0.75,112000,0
2016-03-15,06:05:00,0.75,0.75,0.75,0.75,52000,0
2016-03-15,06:25:00,0.75,0.75,0.75,0.75,122000,0
2016-03-15,06:35:00,0.75,0.75,0.75,0.75,128000,0
2016-03-15,06:45:00,0.75,0.75,0.75,0.75,30000,0
2016-03-15,06:50:00,0.75,0.76,0.75,0.76,4000,0
2016-03-15,07:05:00,0.76,0.76,0.76,0.76,2000,0
2016-03-15,07:10:00,0.76,0.76,0.75,0.75,20000,0
2016-03-15,07:15:00,0.75,0.76,0.75,0.76,6000,0
2016-03-15,07:20:00,0.76,0.76,0.75,0.75,24000,0
2016-03-15,07:35:00,0.75,0.75,0.75,0.75,2000,0
2016-03-15,07:45:00,0.75,0.76,0.75,0.76,6000,0
2016-03-15,07:55:00,0.76,0.76,0.76,0.76,202000,0
2016-03-15,08:05:00,0.76,0.76,0.75,0.76,32000,0
2016-03-15,08:20:00,0.76,0.76,0.75,0.75,26000,0
2016-03-15,08:25:00,0.75,0.76,0.75,0.76,4000,0
2016-03-15,08:30:00,0.76,0.76,0.75,0.75,26000,0
2016-03-15,08:50:00,0.75,0.76,0.75,0.76,6000,0
2016-03-15,08:55:00,0.76,0.76,0.75,0.76,46000,0
2016-03-15,09:00:00,0.76,0.76,0.76,0.76,8000,0
2016-03-16,02:40:00,0.76,0.76,0.75,0.75,46000,0
2016-03-16,02:45:00,0.75,0.75,0.75,0.75,2000,0
2016-03-16,02:50:00,0.75,0.75,0.75,0.75,2000,0
2016-03-16,02:55:00,0.75,0.75,0.75,0.75,2000,0
2016-03-16,03:00:00,0.75,0.75,0.75,0.75,4000,0
2016-03-16,03:05:00,0.75,0.75,0.75,0.75,2000,0
2016-03-16,03:10:00,0.75,0.75,0.75,0.75,2000,0
2016-03-16,03:15:00,0.75,0.75,0.75,0.75,2000,0
2016-03-16,03:20:00,0.75,0.75,0.75,0.75,2000,0
2016-03-16,03:25:00,0.75,0.75,0.75,0.75,2000,0
2016-03-16,03:35:00,0.75,0.75,0.75,0.75,26000,0
2016-03-16,03:40:00,0.75,0.75,0.75,0.75,4000,0
2016-03-16,03:45:00,0.75,0.75,0.75,0.75,2000,0
2016-03-16,03:50:00,0.75,0.75,0.75,0.75,2000,0
2016-03-16,04:05:00,0.75,0.75,0.75,0.75,2000,0
2016-03-16,04:10:00,0.75,0.75,0.74,0.75,68000,0
2016-03-16,04:15:00,0.75,0.75,0.74,0.74,16000,0
2016-03-16,04:20:00,0.74,0.75,0.74,0.75,6000,0
2016-03-16,04:25:00,0.75,0.75,0.75,0.75,2000,0
2016-03-16,04:30:00,0.75,0.75,0.74,0.75,28000,0
2016-03-16,04:35:00,0.75,0.75,0.74,0.74,102000,0
2016-03-16,04:40:00,0.74,0.75,0.74,0.75,4000,0
2016-03-16,04:45:00,0.75,0.75,0.74,0.75,312000,0
2016-03-16,04:50:00,0.75,0.75,0.75,0.75,2000,0
2016-03-16,04:55:00,0.75,0.75,0.75,0.75,2000,0
2016-03-16,05:00:00,0.75,0.75,0.74,0.75,32000,0
2016-03-16,06:05:00,0.75,0.75,0.74,0.74,52000,0
2016-03-16,06:10:00,0.74,0.75,0.74,0.75,4000,0
2016-03-16,06:15:00,0.75,0.75,0.75,0.75,2000,0
2016-03-16,06:20:00,0.75,0.75,0.75,0.75,2000,0
2016-03-16,06:25:00,0.75,0.75,0.75,0.75,6000,0
2016-03-16,06:30:00,0.75,0.75,0.75,0.75,4000,0
2016-03-16,06:35:00,0.75,0.75,0.75,0.75,2000,0
2016-03-16,06:40:00,0.75,0.75,0.75,0.75,2000,0
2016-03-16,06:45:00,0.75,0.75,0.75,0.75,4000,0
2016-03-16,06:50:00,0.75,0.75,0.74,0.74,26000,0
2016-03-16,06:55:00,0.74,0.75,0.74,0.75,6000,0
2016-03-16,07:00:00,0.75,0.75,0.75,0.75,2000,0
2016-03-16,07:05:00,0.75,0.75,0.74,0.74,22000,0
2016-03-16,07:20:00,0.73,0.74,0.73,0.74,10000,0
2016-03-16,07:25:00,0.74,0.74,0.74,0.74,2000,0
2016-03-16,07:30:00,0.74,0.74,0.74,0.74,2000,0
2016-03-16,07:40:00,0.73,0.74,0.73,0.74,6000,0
2016-03-16,07:45:00,0.74,0.74,0.74,0.74,2000,0
2016-03-16,07:50:00,0.74,0.74,0.74,0.74,2000,0
2016-03-16,07:55:00,0.73,0.74,0.73,0.74,4000,0
2016-03-16,08:00:00,0.74,0.74,0.74,0.74,4000,0
2016-03-16,08:05:00,0.73,0.74,0.73,0.74,4000,0
2016-03-16,08:10:00,0.74,0.74,0.74,0.74,2000,0
2016-03-16,08:15:00,0.74,0.74,0.74,0.74,2000,0
2016-03-16,08:20:00,0.74,0.74,0.74,0.74,4000,0
2016-03-16,08:25:00,0.74,0.74,0.74,0.74,4000,0
2016-03-16,08:35:00,0.73,0.74,0.73,0.74,10000,0
2016-03-16,08:40:00,0.74,0.74,0.74,0.74,2000,0
2016-03-16,08:45:00,0.74,0.74,0.73,0.74,6000,0
2016-03-16,08:50:00,0.73,0.74,0.73,0.74,70000,0
2016-03-16,08:55:00,0.74,0.74,0.74,0.74,8000,0
2016-03-16,09:00:00,0.74,0.74,0.73,0.74,68000,0
2016-03-17,02:35:00,0.74,0.74,0.73,0.74,642000,0
2016-03-17,02:40:00,0.74,0.74,0.73,0.73,302000,0
2016-03-17,02:45:00,0.73,0.73,0.73,0.73,34000,0
2016-03-17,02:50:00,0.73,0.73,0.73,0.73,56000,0
2016-03-17,02:55:00,0.73,0.73,0.73,0.73,184000,0
2016-03-17,03:05:00,0.73,0.73,0.73,0.73,120000,0
2016-03-17,03:45:00,0.72,0.73,0.72,0.73,40000,0
2016-03-17,03:50:00,0.73,0.73,0.73,0.73,220000,0
2016-03-17,04:05:00,0.73,0.73,0.73,0.73,102000,0
2016-03-17,04:25:00,0.73,0.73,0.73,0.73,120000,0
2016-03-17,04:35:00,0.73,0.73,0.73,0.73,46000,0
2016-03-17,04:40:00,0.73,0.73,0.73,0.73,40000,0
2016-03-17,04:55:00,0.73,0.73,0.73,0.73,10000,0
2016-03-17,06:05:00,0.73,0.73,0.73,0.73,410000,0
2016-03-17,06:15:00,0.73,0.73,0.73,0.73,60000,0
2016-03-17,06:20:00,0.73,0.73,0.73,0.73,30000,0
2016-03-17,06:30:00,0.73,0.73,0.73,0.73,32000,0
2016-03-17,06:35:00,0.73,0.73,0.73,0.73,40000,0
2016-03-17,06:45:00,0.73,0.73,0.73,0.73,30000,0
2016-03-17,06:55:00,0.73,0.74,0.73,0.73,36000,0
2016-03-17,07:00:00,0.73,0.74,0.73,0.74,144000,0
2016-03-17,07:10:00,0.74,0.74,0.73,0.73,24000,0
2016-03-17,07:25:00,0.73,0.74,0.73,0.74,40000,0
2016-03-17,07:35:00,0.74,0.74,0.74,0.74,28000,0
2016-03-17,07:45:00,0.74,0.74,0.74,0.74,2000,0
2016-03-17,07:50:00,0.74,0.74,0.73,0.73,450000,0
2016-03-17,08:10:00,0.72,0.73,0.72,0.73,44000,0
2016-03-17,08:25:00,0.73,0.73,0.73,0.73,120000,0
2016-03-17,08:55:00,0.72,0.73,0.72,0.73,166000,0
2016-03-17,09:00:00,0.73,0.74,0.72,0.74,28000,0
2016-03-18,02:40:00,0.73,0.74,0.73,0.74,106000,0
2016-03-18,02:50:00,0.74,0.74,0.74,0.74,100000,0
2016-03-18,03:00:00,0.74,0.74,0.74,0.74,100000,0
2016-03-18,03:15:00,0.74,0.75,0.74,0.75,212000,0
2016-03-18,03:25:00,0.75,0.75,0.74,0.74,4000,0
2016-03-18,03:35:00,0.74,0.75,0.74,0.75,104000,0
2016-03-18,03:40:00,0.75,0.75,0.75,0.75,32000,0
2016-03-18,03:45:00,0.75,0.75,0.74,0.74,4000,0
2016-03-18,03:50:00,0.74,0.75,0.74,0.75,4000,0
2016-03-18,04:00:00,0.75,0.75,0.74,0.75,42000,0
2016-03-18,04:05:00,0.75,0.76,0.75,0.76,8000,0
2016-03-18,04:10:00,0.75,0.75,0.74,0.74,4000,0
2016-03-18,04:15:00,0.74,0.75,0.74,0.75,4000,0
2016-03-18,04:30:00,0.75,0.75,0.74,0.75,26000,0
2016-03-18,04:35:00,0.75,0.75,0.75,0.75,2000,0
2016-03-18,04:40:00,0.75,0.75,0.74,0.74,4000,0
2016-03-18,04:45:00,0.74,0.75,0.74,0.75,4000,0
2016-03-18,05:00:00,0.75,0.75,0.74,0.74,6000,0
2016-03-18,06:05:00,0.74,0.75,0.74,0.75,284000,0
2016-03-18,06:10:00,0.75,0.76,0.75,0.76,6000,0
2016-03-18,06:15:00,0.76,0.76,0.76,0.76,100000,0
2016-03-18,06:20:00,0.76,0.76,0.75,0.75,28000,0
2016-03-18,06:30:00,0.75,0.76,0.75,0.76,4000,0
2016-03-18,06:35:00,0.76,0.76,0.76,0.76,502000,0
2016-03-18,06:45:00,0.76,0.76,0.76,0.76,2000,0
2016-03-18,06:50:00,0.76,0.76,0.76,0.76,4000,0
2016-03-18,06:55:00,0.76,0.76,0.76,0.76,2000,0
2016-03-18,07:00:00,0.76,0.76,0.76,0.76,152000,0
2016-03-18,07:05:00,0.76,0.76,0.76,0.76,120000,0
2016-03-18,07:10:00,0.76,0.76,0.76,0.76,2000,0
2016-03-18,07:15:00,0.76,0.76,0.76,0.76,2000,0
2016-03-18,07:25:00,0.76,0.76,0.76,0.76,4000,0
2016-03-18,07:30:00,0.76,0.76,0.76,0.76,2000,0
2016-03-18,07:35:00,0.76,0.76,0.76,0.76,8000,0
2016-03-18,07:40:00,0.76,0.76,0.76,0.76,2000,0
2016-03-18,07:50:00,0.76,0.76,0.75,0.75,126000,0
2016-03-18,08:00:00,0.75,0.76,0.75,0.76,10000,0
2016-03-18,08:05:00,0.76,0.76,0.76,0.76,10000,0
2016-03-18,08:15:00,0.76,0.76,0.76,0.76,2000,0
2016-03-18,08:20:00,0.76,0.76,0.76,0.76,2000,0
2016-03-18,08:30:00,0.76,0.76,0.76,0.76,6000,0
2016-03-18,08:35:00,0.76,0.76,0.76,0.76,6000,0
2016-03-18,08:40:00,0.76,0.76,0.76,0.76,6000,0
2016-03-18,08:45:00,0.76,0.76,0.76,0.76,212000,0
2016-03-18,08:50:00,0.76,0.76,0.76,0.76,4000,0
2016-03-18,08:55:00,0.76,0.76,0.76,0.76,24000,0
2016-03-18,09:00:00,0.76,0.77,0.75,0.76,728000,0
2016-03-21,02:35:00,0.76,0.77,0.76,0.77,4000,0
2016-03-21,03:10:00,0.77,0.78,0.77,0.78,220000,0
2016-03-21,03:15:00,0.78,0.78,0.77,0.78,136000,0
2016-03-21,03:25:00,0.78,0.78,0.77,0.78,24000,0
2016-03-21,03:30:00,0.78,0.78,0.77,0.78,36000,0
2016-03-21,03:40:00,0.78,0.78,0.78,0.78,102000,0
2016-03-21,03:50:00,0.78,0.78,0.78,0.78,112000,0
2016-03-21,04:00:00,0.78,0.78,0.78,0.78,84000,0
2016-03-21,04:05:00,0.78,0.78,0.78,0.78,26000,0
2016-03-21,04:45:00,0.78,0.78,0.77,0.78,12000,0
2016-03-21,04:50:00,0.78,0.78,0.78,0.78,90000,0
2016-03-21,05:00:00,0.78,0.78,0.77,0.78,56000,0
2016-03-21,06:05:00,0.78,0.78,0.77,0.78,256000,0
2016-03-21,06:25:00,0.78,0.78,0.78,0.78,100000,0
2016-03-21,06:30:00,0.78,0.78,0.78,0.78,20000,0
2016-03-21,06:50:00,0.78,0.78,0.78,0.78,38000,0
2016-03-21,07:20:00,0.78,0.78,0.77,0.77,18000,0
2016-03-21,07:30:00,0.77,0.77,0.77,0.77,10000,0
2016-03-21,07:45:00,0.77,0.78,0.77,0.78,30000,0
2016-03-21,08:05:00,0.78,0.78,0.77,0.78,42000,0
2016-03-21,08:15:00,0.78,0.78,0.77,0.78,24000,0
2016-03-21,08:20:00,0.78,0.78,0.77,0.78,13000,0
2016-03-21,08:25:00,0.78,0.78,0.77,0.78,20000,0
2016-03-21,08:35:00,0.78,0.78,0.77,0.78,16000,0
2016-03-21,08:40:00,0.78,0.78,0.77,0.78,12000,0
2016-03-21,08:45:00,0.78,0.78,0.77,0.78,32000,0
2016-03-21,08:50:00,0.78,0.78,0.78,0.78,112000,0
2016-03-21,08:55:00,0.78,0.78,0.78,0.78,8000,0
2016-03-21,09:00:00,0.78,0.78,0.78,0.78,12000,0
2016-03-22,03:25:00,0.78,0.79,0.78,0.79,10000,0
2016-03-22,03:30:00,0.79,0.79,0.78,0.79,88000,0
2016-03-22,03:35:00,0.79,0.79,0.79,0.79,38000,0
2016-03-22,03:40:00,0.79,0.79,0.79,0.79,8000,0
2016-03-22,03:45:00,0.79,0.79,0.79,0.79,8000,0
2016-03-22,03:55:00,0.79,0.79,0.79,0.79,2000,0
2016-03-22,04:00:00,0.78,0.79,0.78,0.79,16000,0
2016-03-22,04:05:00,0.79,0.79,0.79,0.79,6000,0
2016-03-22,04:10:00,0.79,0.79,0.79,0.79,6000,0
2016-03-22,04:15:00,0.79,0.79,0.79,0.79,2000,0
2016-03-22,04:25:00,0.79,0.79,0.79,0.79,64000,0
2016-03-22,04:35:00,0.78,0.79,0.78,0.79,12000,0
2016-03-22,04:40:00,0.79,0.79,0.79,0.79,58000,0
2016-03-22,04:50:00,0.79,0.79,0.79,0.79,6000,0
2016-03-22,04:55:00,0.79,0.79,0.79,0.79,2000,0
2016-03-22,05:00:00,0.79,0.79,0.79,0.79,6000,0
2016-03-22,06:05:00,0.79,0.8,0.79,0.8,156000,0
2016-03-22,06:10:00,0.8,0.8,0.79,0.79,28000,0
2016-03-22,06:15:00,0.79,0.8,0.79,0.8,132000,0
2016-03-22,06:20:00,0.8,0.8,0.79,0.8,50000,0
2016-03-22,06:25:00,0.8,0.8,0.8,0.8,10000,0
2016-03-22,06:35:00,0.8,0.8,0.8,0.8,22000,0
2016-03-22,06:40:00,0.8,0.8,0.8,0.8,80000,0
2016-03-22,06:45:00,0.8,0.8,0.79,0.79,40000,0
2016-03-22,06:55:00,0.79,0.8,0.79,0.8,4000,0
2016-03-22,07:00:00,0.8,0.8,0.8,0.8,36000,0
2016-03-22,07:05:00,0.8,0.8,0.8,0.8,4000,0
2016-03-22,07:10:00,0.8,0.8,0.8,0.8,88000,0
2016-03-22,07:15:00,0.8,0.8,0.8,0.8,6000,0
2016-03-22,07:20:00,0.8,0.8,0.8,0.8,106000,0
2016-03-22,07:25:00,0.8,0.8,0.8,0.8,8000,0
2016-03-22,07:30:00,0.8,0.8,0.79,0.79,22000,0
2016-03-22,07:35:00,0.79,0.8,0.79,0.8,16000,0
2016-03-22,07:40:00,0.8,0.8,0.8,0.8,6000,0
2016-03-22,07:50:00,0.8,0.8,0.8,0.8,2000,0
2016-03-22,07:55:00,0.8,0.8,0.8,0.8,8000,0
2016-03-22,08:00:00,0.8,0.8,0.79,0.8,54000,0
2016-03-22,08:10:00,0.8,0.8,0.8,0.8,8000,0
2016-03-22,08:20:00,0.8,0.8,0.79,0.8,132000,0
2016-03-22,08:30:00,0.8,0.8,0.8,0.8,56000,0
2016-03-22,08:35:00,0.8,0.8,0.8,0.8,16000,0
2016-03-22,08:40:00,0.8,0.8,0.79,0.79,74000,0
2016-03-22,08:50:00,0.79,0.79,0.79,0.79,12000,0
2016-03-22,08:55:00,0.79,0.8,0.79,0.8,28000,0
2016-03-22,09:00:00,0.8,0.8,0.8,0.8,140000,0
2016-03-23,02:35:00,0.81,0.81,0.8,0.8,32000,0
2016-03-23,02:40:00,0.8,0.81,0.8,0.81,1038000,0
2016-03-23,02:45:00,0.81,0.82,0.81,0.82,1196000,0
2016-03-23,02:50:00,0.82,0.82,0.82,0.82,4000,0
2016-03-23,02:55:00,0.82,0.82,0.81,0.81,562000,0
2016-03-23,03:10:00,0.81,0.81,0.81,0.81,500000,0
2016-03-23,03:30:00,0.81,0.81,0.81,0.81,12000,0
2016-03-23,03:35:00,0.81,0.81,0.8,0.81,128000,0
2016-03-23,03:40:00,0.81,0.81,0.8,0.8,4000,0
2016-03-23,03:45:00,0.8,0.8,0.8,0.8,12000,0
2016-03-23,03:50:00,0.8,0.8,0.8,0.8,22000,0
2016-03-23,03:55:00,0.8,0.8,0.8,0.8,20000,0
2016-03-23,04:00:00,0.8,0.8,0.8,0.8,2000,0
2016-03-23,04:05:00,0.8,0.8,0.8,0.8,40000,0
2016-03-23,04:10:00,0.8,0.81,0.8,0.81,42000,0
2016-03-23,04:15:00,0.81,0.81,0.8,0.81,32000,0
2016-03-23,04:20:00,0.81,0.81,0.8,0.8,4000,0
2016-03-23,04:25:00,0.8,0.8,0.8,0.8,4000,0
2016-03-23,04:30:00,0.8,0.8,0.8,0.8,4000,0
2016-03-23,04:35:00,0.8,0.8,0.8,0.8,2000,0
2016-03-23,04:40:00,0.8,0.8,0.8,0.8,4000,0
2016-03-23,04:45:00,0.8,0.8,0.8,0.8,4000,0
2016-03-23,04:50:00,0.8,0.8,0.8,0.8,4000,0
2016-03-23,04:55:00,0.8,0.8,0.8,0.8,18000,0
2016-03-23,05:00:00,0.8,0.81,0.8,0.8,46000,0
2016-03-23,06:05:00,0.8,0.8,0.8,0.8,4000,0
2016-03-23,06:10:00,0.8,0.8,0.8,0.8,2000,0
2016-03-23,06:15:00,0.8,0.8,0.79,0.8,388000,0
2016-03-23,06:20:00,0.8,0.8,0.8,0.8,270000,0
2016-03-23,06:25:00,0.8,0.8,0.8,0.8,4000,0
2016-03-23,06:30:00,0.8,0.8,0.8,0.8,2000,0
2016-03-23,06:35:00,0.8,0.8,0.8,0.8,4000,0
2016-03-23,06:40:00,0.8,0.8,0.8,0.8,14000,0
2016-03-23,06:45:00,0.8,0.8,0.8,0.8,8000,0
2016-03-23,06:50:00,0.8,0.8,0.8,0.8,2000,0
2016-03-23,06:55:00,0.8,0.8,0.8,0.8,4000,0
2016-03-23,07:00:00,0.8,0.8,0.8,0.8,4000,0
2016-03-23,07:05:00,0.8,0.8,0.8,0.8,4000,0
2016-03-23,07:10:00,0.8,0.8,0.8,0.8,22000,0
2016-03-23,07:15:00,0.8,0.8,0.8,0.8,4000,0
2016-03-23,07:20:00,0.8,0.8,0.8,0.8,4000,0
2016-03-23,07:25:00,0.8,0.8,0.8,0.8,4000,0
2016-03-23,07:30:00,0.8,0.8,0.8,0.8,2000,0
2016-03-23,07:35:00,0.8,0.8,0.8,0.8,4000,0
2016-03-23,07:40:00,0.8,0.8,0.8,0.8,4000,0
2016-03-23,07:45:00,0.8,0.8,0.8,0.8,4000,0
2016-03-23,07:50:00,0.8,0.8,0.8,0.8,4000,0
2016-03-23,07:55:00,0.8,0.8,0.8,0.8,2000,0
2016-03-23,08:00:00,0.8,0.8,0.8,0.8,4000,0
2016-03-23,08:05:00,0.8,0.8,0.8,0.8,14000,0
2016-03-23,08:10:00,0.8,0.8,0.8,0.8,4000,0
2016-03-23,08:15:00,0.8,0.8,0.8,0.8,2000,0
2016-03-23,08:20:00,0.8,0.8,0.8,0.8,60000,0
2016-03-23,08:25:00,0.8,0.8,0.8,0.8,4000,0
2016-03-23,08:30:00,0.8,0.8,0.8,0.8,4000,0
2016-03-23,08:35:00,0.8,0.8,0.8,0.8,2000,0
2016-03-23,08:40:00,0.8,0.8,0.8,0.8,2000,0
2016-03-23,08:45:00,0.8,0.8,0.8,0.8,200000,0
2016-03-23,08:50:00,0.8,0.8,0.8,0.8,902000,0
2016-03-23,09:00:00,0.8,0.81,0.8,0.8,168000,0
2016-03-24,02:40:00,0.8,0.81,0.8,0.81,100000,0
2016-03-24,03:05:00,0.81,0.81,0.8,0.81,110000,0
2016-03-24,03:45:00,0.8,0.81,0.8,0.81,170000,0
2016-03-24,04:05:00,0.8,0.81,0.8,0.81,166000,0
2016-03-24,06:10:00,0.8,0.81,0.8,0.81,42000,0
2016-03-24,08:10:00,0.8,0.81,0.8,0.81,916000,0
2016-03-24,08:15:00,0.81,0.81,0.81,0.81,60000,0
2016-03-24,08:20:00,0.81,0.81,0.81,0.81,4000,0
2016-03-24,08:25:00,0.81,0.81,0.81,0.81,132000,0
2016-03-24,08:30:00,0.81,0.81,0.81,0.81,20000,0
2016-03-29,03:35:00,0.82,0.82,0.81,0.82,28000,0
2016-03-29,04:00:00,0.82,0.82,0.81,0.81,26000,0
2016-03-29,04:10:00,0.81,0.83,0.81,0.83,454000,0
2016-03-29,04:15:00,0.83,0.83,0.82,0.82,140000,0
2016-03-29,04:20:00,0.82,0.83,0.82,0.83,130000,0
2016-03-29,04:25:00,0.83,0.83,0.83,0.83,50000,0
2016-03-29,04:30:00,0.83,0.84,0.83,0.84,144000,0
2016-03-29,04:35:00,0.84,0.84,0.83,0.83,60000,0
2016-03-29,04:40:00,0.83,0.83,0.83,0.83,54000,0
2016-03-29,04:45:00,0.83,0.83,0.83,0.83,44000,0
2016-03-29,05:05:00,0.83,0.83,0.83,0.83,48000,0
2016-03-29,05:10:00,0.83,0.83,0.82,0.82,20000,0
2016-03-29,05:15:00,0.82,0.82,0.82,0.82,2000,0
2016-03-29,05:20:00,0.82,0.82,0.82,0.82,16000,0
2016-03-29,05:30:00,0.82,0.82,0.82,0.82,14000,0
2016-03-29,05:40:00,0.82,0.83,0.82,0.82,40000,0
2016-03-29,05:45:00,0.82,0.82,0.82,0.82,40000,0
2016-03-29,05:55:00,0.82,0.82,0.82,0.82,30000,0
2016-03-29,06:00:00,0.82,0.82,0.82,0.82,20000,0
2016-03-29,07:05:00,0.82,0.82,0.82,0.82,14000,0
2016-03-29,07:20:00,0.82,0.82,0.82,0.82,12000,0
2016-03-29,07:25:00,0.82,0.82,0.82,0.82,44000,0
2016-03-29,07:30:00,0.82,0.82,0.82,0.82,118000,0
2016-03-29,07:35:00,0.82,0.82,0.82,0.82,20000,0
2016-03-29,08:05:00,0.82,0.82,0.82,0.82,4000,0
2016-03-29,08:10:00,0.82,0.82,0.81,0.81,20000,0
2016-03-29,08:25:00,0.81,0.81,0.81,0.81,12000,0
2016-03-29,08:40:00,0.81,0.81,0.81,0.81,12000,0
2016-03-29,08:55:00,0.81,0.81,0.81,0.81,12000,0
2016-03-29,09:10:00,0.81,0.81,0.81,0.81,8000,0
2016-03-29,09:20:00,0.81,0.81,0.81,0.81,8000,0
2016-03-29,09:30:00,0.81,0.81,0.81,0.81,30000,0
2016-03-29,09:40:00,0.81,0.82,0.81,0.82,26000,0
2016-03-29,09:50:00,0.82,0.82,0.81,0.81,26000,0
2016-03-29,09:55:00,0.81,0.81,0.81,0.81,30000,0
2016-03-29,10:00:00,0.81,0.81,0.81,0.81,78000,0
2016-03-30,03:45:00,0.81,0.83,0.81,0.82,175000,0
2016-03-30,03:50:00,0.82,0.82,0.81,0.82,304000,0
2016-03-30,03:55:00,0.82,0.82,0.81,0.82,54000,0
2016-03-30,04:05:00,0.82,0.82,0.82,0.82,20000,0
2016-03-30,04:20:00,0.82,0.83,0.82,0.82,40000,0
2016-03-30,04:30:00,0.82,0.83,0.82,0.82,112000,0
2016-03-30,04:45:00,0.82,0.83,0.82,0.83,4000,0
2016-03-30,04:50:00,0.83,0.83,0.82,0.83,16000,0
2016-03-30,05:05:00,0.83,0.83,0.83,0.83,4000,0
2016-03-30,05:10:00,0.83,0.83,0.82,0.82,14000,0
2016-03-30,05:15:00,0.82,0.82,0.82,0.82,62000,0
2016-03-30,05:40:00,0.82,0.83,0.82,0.83,4000,0
2016-03-30,05:50:00,0.83,0.83,0.82,0.82,108000,0
2016-03-30,07:20:00,0.82,0.83,0.82,0.83,4000,0
2016-03-30,07:55:00,0.83,0.83,0.82,0.82,36000,0
2016-03-30,08:00:00,0.82,0.82,0.82,0.82,14000,0
2016-03-30,08:15:00,0.82,0.83,0.82,0.82,50000,0
2016-03-30,08:20:00,0.82,0.82,0.82,0.82,20000,0
2016-03-30,08:25:00,0.82,0.82,0.82,0.82,182000,0
2016-03-30,08:35:00,0.82,0.83,0.82,0.83,40000,0
2016-03-30,08:50:00,0.83,0.83,0.82,0.82,128000,0
2016-03-30,08:55:00,0.82,0.82,0.82,0.82,28000,0
2016-03-30,09:00:00,0.82,0.82,0.82,0.82,18000,0
2016-03-30,09:20:00,0.82,0.82,0.82,0.82,58000,0
2016-03-30,09:25:00,0.82,0.82,0.82,0.82,4000,0
2016-03-30,09:30:00,0.82,0.82,0.82,0.82,2000,0
2016-03-30,09:35:00,0.82,0.82,0.82,0.82,20000,0
2016-03-30,09:50:00,0.82,0.82,0.82,0.82,46000,0
2016-03-30,09:55:00,0.82,0.82,0.82,0.82,10000,0
2016-03-30,10:00:00,0.82,0.83,0.82,0.83,12000,0
2016-03-31,04:45:00,0.83,0.84,0.83,0.84,306000,0
2016-03-31,04:50:00,0.84,0.85,0.84,0.84,126000,0
2016-03-31,04:55:00,0.84,0.85,0.84,0.85,204000,0
2016-03-31,05:00:00,0.85,0.85,0.84,0.84,102000,0
2016-03-31,05:10:00,0.84,0.84,0.84,0.84,48000,0
2016-03-31,05:15:00,0.84,0.84,0.84,0.84,38000,0
2016-03-31,05:25:00,0.84,0.84,0.84,0.84,10000,0
2016-03-31,05:55:00,0.84,0.84,0.84,0.84,26000,0
2016-03-31,07:15:00,0.84,0.84,0.84,0.84,20000,0
2016-03-31,07:20:00,0.84,0.85,0.84,0.85,6000,0
2016-03-31,07:25:00,0.85,0.85,0.84,0.84,260000,0
2016-03-31,07:45:00,0.84,0.84,0.84,0.84,112000,0
2016-03-31,07:55:00,0.84,0.84,0.84,0.84,2000,0
2016-03-31,08:15:00,0.84,0.84,0.84,0.84,4000,0
2016-03-31,08:20:00,0.84,0.84,0.84,0.84,6000,0
2016-03-31,08:35:00,0.84,0.84,0.84,0.84,12000,0
2016-03-31,08:45:00,0.84,0.84,0.84,0.84,6000,0
2016-03-31,08:50:00,0.84,0.84,0.84,0.84,2000,0
2016-03-31,09:00:00,0.84,0.84,0.84,0.84,88000,0
2016-03-31,09:10:00,0.84,0.85,0.84,0.85,4000,0
2016-03-31,09:15:00,0.85,0.85,0.84,0.84,248000,0
2016-03-31,09:20:00,0.84,0.85,0.84,0.85,154000,0
2016-03-31,09:25:00,0.85,0.85,0.85,0.85,20000,0
2016-03-31,09:45:00,0.85,0.85,0.84,0.85,34000,0
2016-03-31,09:50:00,0.85,0.85,0.84,0.84,8000,0
2016-03-31,09:55:00,0.84,0.85,0.84,0.85,12000,0
2016-03-31,10:00:00,0.85,0.85,0.84,0.84,78000,0
2016-04-01,03:45:00,0.84,0.84,0.84,0.84,14000,0
2016-04-01,03:55:00,0.84,0.85,0.84,0.85,20000,0
2016-04-01,04:05:00,0.85,0.85,0.84,0.84,4000,0
2016-04-01,04:20:00,0.84,0.84,0.84,0.84,100000,0
2016-04-01,04:40:00,0.84,0.85,0.84,0.85,4000,0
2016-04-01,05:30:00,0.85,0.85,0.84,0.84,48000,0
2016-04-01,05:35:00,0.84,0.84,0.84,0.84,2000,0
2016-04-01,07:25:00,0.83,0.84,0.83,0.84,4000,0
2016-04-01,07:50:00,0.84,0.84,0.84,0.84,114000,0
2016-04-01,08:15:00,0.84,0.84,0.84,0.84,2000,0
2016-04-01,09:05:00,0.84,0.84,0.84,0.84,114000,0
2016-04-01,09:40:00,0.84,0.84,0.84,0.84,40000,0
2016-04-01,09:45:00,0.83,0.84,0.83,0.84,24000,0
2016-04-01,09:50:00,0.84,0.84,0.84,0.84,2000,0
2016-04-05,03:35:00,0.83,0.83,0.82,0.82,62000,0
2016-04-05,03:50:00,0.82,0.82,0.82,0.82,16000,0
2016-04-05,04:00:00,0.82,0.82,0.81,0.82,226000,0
2016-04-05,04:05:00,0.82,0.82,0.82,0.82,10000,0
2016-04-05,04:10:00,0.82,0.82,0.82,0.82,10000,0
2016-04-05,04:30:00,0.81,0.81,0.81,0.81,30000,0
2016-04-05,04:50:00,0.81,0.81,0.81,0.81,168000,0
2016-04-05,04:55:00,0.81,0.81,0.81,0.81,40000,0
2016-04-05,05:00:00,0.81,0.81,0.81,0.81,10000,0
2016-04-05,05:25:00,0.81,0.81,0.81,0.81,30000,0
2016-04-05,05:35:00,0.81,0.81,0.81,0.81,72000,0
2016-04-05,05:40:00,0.81,0.82,0.8,0.82,302000,0
2016-04-05,05:45:00,0.82,0.82,0.82,0.82,26000,0
2016-04-05,05:50:00,0.82,0.82,0.82,0.82,12000,0
2016-04-05,05:55:00,0.82,0.82,0.82,0.82,4000,0
2016-04-05,07:05:00,0.82,0.82,0.82,0.82,2000,0
2016-04-05,07:35:00,0.82,0.82,0.81,0.81,54000,0
2016-04-05,07:55:00,0.81,0.81,0.81,0.81,36000,0
2016-04-05,08:30:00,0.81,0.81,0.81,0.81,26000,0
2016-04-05,08:35:00,0.81,0.81,0.81,0.81,80000,0
2016-04-05,09:25:00,0.81,0.81,0.81,0.81,20000,0
2016-04-05,09:45:00,0.81,0.82,0.81,0.82,592000,0
2016-04-05,09:50:00,0.82,0.83,0.82,0.83,592000,0
2016-04-05,10:00:00,0.83,0.84,0.83,0.84,274000,0
2016-04-06,03:45:00,0.83,0.83,0.82,0.83,24000,0
2016-04-06,04:00:00,0.83,0.83,0.83,0.83,10000,0
2016-04-06,08:20:00,0.82,0.83,0.82,0.83,134000,0
2016-04-06,09:20:00,0.83,0.84,0.83,0.84,268000,0
2016-04-06,09:30:00,0.84,0.84,0.83,0.83,48000,0
2016-04-06,09:45:00,0.83,0.83,0.83,0.83,4000,0
2016-04-06,10:00:00,0.83,0.84,0.83,0.84,36000,0
2016-04-07,08:30:00,0.84,0.84,0.83,0.83,4000,0
2016-04-07,09:05:00,0.83,0.83,0.83,0.83,40000,0
2016-04-07,09:10:00,0.83,0.83,0.83,0.83,10000,0
2016-04-07,09:15:00,0.83,0.83,0.83,0.83,10000,0
2016-04-07,09:30:00,0.83,0.83,0.83,0.83,10000,0
2016-04-07,09:40:00,0.83,0.84,0.83,0.84,4000,0
2016-04-07,09:55:00,0.82,0.83,0.82,0.83,32000,0
2016-04-08,04:10:00,0.82,0.82,0.82,0.82,2000,0
2016-04-08,04:40:00,0.81,0.82,0.81,0.82,88000,0
2016-04-08,05:50:00,0.82,0.82,0.82,0.82,18000,0
2016-04-08,07:10:00,0.82,0.82,0.82,0.82,6000,0
2016-04-08,07:15:00,0.82,0.82,0.82,0.82,20000,0
2016-04-08,07:20:00,0.82,0.82,0.82,0.82,22000,0
2016-04-08,08:20:00,0.82,0.83,0.82,0.83,148000,0
2016-04-08,09:05:00,0.83,0.83,0.83,0.83,6000,0
2016-04-08,09:10:00,0.83,0.83,0.83,0.83,6000,0
2016-04-08,09:30:00,0.83,0.83,0.83,0.83,2000,0
2016-04-08,09:40:00,0.83,0.84,0.83,0.84,56000,0
2016-04-08,09:50:00,0.84,0.84,0.83,0.83,6000,0
2016-04-08,09:55:00,0.83,0.84,0.83,0.84,10000,0
2016-04-08,10:00:00,0.84,0.84,0.83,0.83,32000,0
2016-04-11,05:25:00,0.83,0.84,0.83,0.84,32000,0
2016-04-11,07:10:00,0.84,0.84,0.84,0.84,6000,0
2016-04-11,07:15:00,0.84,0.84,0.84,0.84,46000,0
2016-04-11,10:00:00,0.83,0.84,0.83,0.84,44000,0
2016-04-12,03:40:00,0.84,0.84,0.84,0.84,10000,0
2016-04-12,03:45:00,0.84,0.84,0.83,0.83,8000,0
2016-04-12,04:15:00,0.83,0.84,0.83,0.84,8000,0
2016-04-12,04:30:00,0.84,0.84,0.83,0.83,140000,0
2016-04-12,04:35:00,0.83,0.84,0.83,0.83,26000,0
2016-04-12,04:40:00,0.83,0.85,0.83,0.85,14000,0
2016-04-12,04:45:00,0.85,0.85,0.83,0.83,12000,0
2016-04-12,05:00:00,0.84,0.85,0.84,0.84,68000,0
2016-04-12,05:05:00,0.84,0.85,0.84,0.85,12000,0
2016-04-12,05:15:00,0.85,0.85,0.84,0.84,16000,0
2016-04-12,05:20:00,0.84,0.85,0.84,0.84,24000,0
2016-04-12,05:35:00,0.84,0.85,0.84,0.85,8000,0
2016-04-12,05:40:00,0.85,0.85,0.84,0.84,134000,0
2016-04-12,05:50:00,0.84,0.85,0.84,0.84,44000,0
2016-04-12,07:15:00,0.84,0.85,0.84,0.85,6000,0
2016-04-12,07:25:00,0.85,0.85,0.84,0.84,138000,0
2016-04-12,07:35:00,0.84,0.84,0.84,0.84,32000,0
2016-04-12,08:40:00,0.84,0.85,0.84,0.84,10000,0
2016-04-12,09:25:00,0.85,0.85,0.85,0.85,14000,0
2016-04-12,09:30:00,0.85,0.86,0.85,0.86,36000,0
2016-04-12,09:35:00,0.86,0.86,0.85,0.85,12000,0
2016-04-12,09:45:00,0.85,0.85,0.85,0.85,58000,0
2016-04-12,09:50:00,0.85,0.85,0.84,0.84,24000,0
2016-04-12,10:00:00,0.84,0.84,0.84,0.84,86000,0
2016-04-13,04:00:00,0.85,0.85,0.85,0.85,4000,0
2016-04-13,04:10:00,0.85,0.85,0.85,0.85,58000,0
2016-04-13,04:15:00,0.85,0.86,0.85,0.86,436000,0
2016-04-13,04:20:00,0.86,0.86,0.86,0.86,12000,0
2016-04-13,04:25:00,0.86,0.86,0.85,0.85,106000,0
2016-04-13,04:30:00,0.85,0.85,0.85,0.85,50000,0
2016-04-13,04:35:00,0.85,0.85,0.84,0.84,84000,0
2016-04-13,04:40:00,0.84,0.85,0.84,0.84,42000,0
2016-04-13,04:45:00,0.84,0.84,0.84,0.84,20000,0
2016-04-13,04:50:00,0.84,0.84,0.84,0.84,52000,0
2016-04-13,05:00:00,0.84,0.84,0.84,0.84,142000,0
2016-04-13,05:05:00,0.84,0.84,0.83,0.84,404000,0
2016-04-13,05:10:00,0.84,0.84,0.84,0.84,4000,0
2016-04-13,05:20:00,0.84,0.85,0.84,0.85,580000,0
2016-04-13,05:25:00,0.85,0.85,0.85,0.85,46000,0
2016-04-13,05:30:00,0.85,0.86,0.85,0.85,378000,0
2016-04-13,05:35:00,0.85,0.86,0.85,0.85,118000,0
2016-04-13,05:40:00,0.85,0.86,0.85,0.85,62000,0
2016-04-13,05:45:00,0.85,0.86,0.85,0.86,246000,0
2016-04-13,05:50:00,0.86,0.86,0.85,0.86,36000,0
2016-04-13,05:55:00,0.86,0.87,0.85,0.85,508000,0
2016-04-13,06:00:00,0.85,0.85,0.85,0.85,4000,0
2016-04-13,07:05:00,0.85,0.86,0.85,0.85,133000,0
2016-04-13,07:10:00,0.85,0.85,0.85,0.85,12000,0
2016-04-13,07:15:00,0.85,0.86,0.85,0.86,118000,0
2016-04-13,07:20:00,0.86,0.86,0.86,0.86,6000,0
2016-04-13,07:30:00,0.86,0.86,0.84,0.84,278000,0
2016-04-13,07:35:00,0.85,0.85,0.85,0.85,12000,0
2016-04-13,07:45:00,0.85,0.85,0.85,0.85,40000,0
2016-04-13,08:00:00,0.85,0.85,0.85,0.85,16000,0
2016-04-13,08:05:00,0.85,0.86,0.85,0.85,144000,0
2016-04-13,08:10:00,0.85,0.85,0.85,0.85,16000,0
2016-04-13,08:30:00,0.85,0.85,0.84,0.84,108000,0
2016-04-13,08:45:00,0.84,0.84,0.84,0.84,16000,0
2016-04-13,08:55:00,0.84,0.84,0.84,0.84,64000,0
2016-04-13,09:00:00,0.84,0.84,0.84,0.84,30000,0
2016-04-13,09:40:00,0.84,0.85,0.84,0.84,316000,0
2016-04-13,09:45:00,0.84,0.85,0.84,0.84,84000,0
2016-04-13,10:00:00,0.84,0.87,0.84,0.85,1116000,0
