Date,Time,Open,High,Low,Close,Volume,OpenInt
2016-02-04,03:00:00,1.03,1.05,1.03,1.05,128000,0
2016-02-04,03:05:00,1.05,1.06,1.05,1.06,20000,0
2016-02-04,03:25:00,1.04,1.04,1.04,1.04,14000,0
2016-02-04,04:00:00,1.04,1.06,1.03,1.03,88000,0
2016-02-04,04:05:00,1.03,1.03,1.03,1.03,16000,0
2016-02-04,04:15:00,1.03,1.03,1.03,1.03,8000,0
2016-02-04,04:45:00,1.03,1.06,1.03,1.03,38000,0
2016-02-04,04:50:00,1.03,1.03,1.03,1.03,6000,0
2016-02-04,06:40:00,1.03,1.03,1.01,1.02,176000,0
2016-02-04,06:45:00,1.03,1.03,1.03,1.03,2000,0
2016-02-04,07:05:00,1.03,1.04,1.03,1.03,28000,0
2016-02-04,07:20:00,1.03,1.03,1.03,1.03,4000,0
2016-02-04,07:50:00,1.03,1.03,1.03,1.03,28000,0
2016-02-04,09:00:00,1.03,1.05,1.03,1.04,26000,0
2016-02-05,02:45:00,1.04,1.04,1.04,1.04,34000,0
2016-02-05,03:35:00,1.04,1.04,1.04,1.04,72000,0
2016-02-05,03:40:00,1.04,1.05,1.04,1.05,30000,0
2016-02-05,03:55:00,1.05,1.05,1.04,1.04,194000,0
2016-02-05,04:40:00,1.02,1.03,1.02,1.03,52000,0
2016-02-05,04:55:00,1.03,1.03,1.03,1.03,76000,0
2016-02-05,07:10:00,1.03,1.03,1.03,1.03,24000,0
2016-02-05,08:05:00,1.03,1.03,1.03,1.03,4000,0
2016-02-11,02:35:00,1.01,1.01,1.01,1.01,2000,0
2016-02-11,02:40:00,0.99,1,0.99,1,76000,0
2016-02-11,02:55:00,1,1.01,1,1.01,12000,0
2016-02-11,03:00:00,1.01,1.02,1.01,1.01,208000,0
2016-02-11,03:05:00,1.01,1.01,1.01,1.01,6000,0
2016-02-11,03:10:00,1.01,1.01,1,1,30000,0
2016-02-11,03:20:00,1,1,1,1,10000,0
2016-02-11,03:25:00,1,1,1,1,90000,0
2016-02-11,04:20:00,1.01,1.01,1,1,22000,0
2016-02-11,04:30:00,1.01,1.01,1.01,1.01,30000,0
2016-02-11,06:05:00,1.01,1.01,1.01,1.01,20000,0
2016-02-11,07:35:00,1.01,1.01,1,1,68000,0
2016-02-11,07:40:00,1,1.01,1,1,28000,0
2016-02-11,07:50:00,1,1,1,1,14000,0
2016-02-11,08:15:00,1,1.01,1,1.01,4000,0
2016-02-11,08:30:00,1.01,1.01,1,1,16000,0
2016-02-11,09:00:00,1.01,1.02,1.01,1.02,4000,0
2016-02-12,03:50:00,1,1.02,1,1.02,4000,0
2016-02-12,06:35:00,1.02,1.02,1.01,1.01,52000,0
2016-02-12,07:30:00,1.01,1.01,1.01,1.01,6000,0
2016-02-12,07:35:00,1.01,1.01,1.01,1.01,34000,0
2016-02-12,07:45:00,1,1.01,1,1.01,24000,0
2016-02-12,07:50:00,1.01,1.01,1.01,1.01,10000,0
2016-02-12,07:55:00,1.01,1.01,1.01,1.01,20000,0
2016-02-12,08:00:00,1.01,1.01,1.01,1.01,18000,0
2016-02-12,08:10:00,1.01,1.01,1.01,1.01,14000,0
2016-02-12,08:25:00,1.01,1.01,1.01,1.01,46000,0
2016-02-12,08:50:00,1.01,1.01,1.01,1.01,26000,0
2016-02-12,09:00:00,1.01,1.01,1,1.01,40000,0
2016-02-15,02:35:00,1.01,1.04,1.01,1.04,238000,0
2016-02-15,03:00:00,1.03,1.03,0.99,0.99,642000,0
2016-02-15,03:10:00,0.99,0.99,0.99,0.99,4000,0
2016-02-15,03:20:00,0.98,0.99,0.98,0.99,20000,0
2016-02-15,03:35:00,0.99,1,0.99,1,4000,0
2016-02-15,03:40:00,1,1,1,1,20000,0
2016-02-15,03:45:00,1,1,1,1,4000,0
2016-02-15,03:55:00,1,1.01,1,1.01,8000,0
2016-02-15,04:10:00,1.01,1.01,1.01,1.01,8000,0
2016-02-15,04:30:00,1.01,1.01,0.99,0.99,60000,0
2016-02-15,04:35:00,0.99,1.01,0.99,1.01,26000,0
2016-02-15,04:55:00,1.01,1.01,0.99,0.99,194000,0
2016-02-15,05:00:00,0.99,0.99,0.99,0.99,52000,0
2016-02-15,06:05:00,0.99,0.99,0.99,0.99,14000,0
2016-02-15,06:30:00,0.99,1,0.99,0.99,128000,0
2016-02-15,06:35:00,0.99,1,0.99,0.99,36000,0
2016-02-15,06:55:00,0.98,0.99,0.98,0.99,40000,0
2016-02-15,07:00:00,0.99,0.99,0.99,0.99,20000,0
2016-02-15,07:05:00,0.99,0.99,0.99,0.99,10000,0
2016-02-15,07:10:00,0.99,0.99,0.99,0.99,10000,0
2016-02-15,07:20:00,0.99,0.99,0.99,0.99,50000,0
2016-02-15,07:25:00,0.99,0.99,0.99,0.99,20000,0
2016-02-15,07:50:00,0.99,1,0.99,1,20000,0
2016-02-15,08:00:00,1,1,0.99,0.99,8000,0
2016-02-15,08:05:00,0.99,0.99,0.99,0.99,6000,0
2016-02-15,08:30:00,0.99,1,0.99,1,8000,0
2016-02-15,08:35:00,1,1,1,1,6000,0
2016-02-16,03:40:00,1,1.01,1,1.01,12000,0
2016-02-16,04:00:00,1.01,1.02,1.01,1.02,16000,0
2016-02-16,04:25:00,1.02,1.02,1.02,1.02,2000,0
2016-02-16,04:35:00,1.02,1.03,1.02,1.02,52000,0
2016-02-16,06:05:00,1.02,1.02,1.02,1.02,6000,0
2016-02-16,06:35:00,1.02,1.02,1.01,1.01,34000,0
2016-02-16,06:40:00,1.01,1.01,1.01,1.01,42000,0
2016-02-16,09:00:00,1.02,1.03,1.02,1.03,6000,0
2016-02-17,03:20:00,1.01,1.01,1.01,1.01,4000,0
2016-02-17,03:25:00,1.01,1.03,1.01,1.03,68000,0
2016-02-17,03:30:00,1.03,1.03,1.03,1.03,24000,0
2016-02-17,03:45:00,1.03,1.03,1.02,1.02,16000,0
2016-02-17,03:50:00,1.02,1.02,1.02,1.02,4000,0
2016-02-17,04:10:00,1.02,1.02,1.02,1.02,20000,0
2016-02-17,04:25:00,1.02,1.02,1.01,1.01,184000,0
2016-02-17,06:15:00,1.02,1.02,1.02,1.02,8000,0
2016-02-17,07:20:00,1.02,1.02,1.02,1.02,6000,0
2016-02-17,07:25:00,1.02,1.02,1.02,1.02,2000,0
2016-02-17,07:45:00,1.02,1.02,1.01,1.01,28000,0
2016-02-17,07:50:00,1.01,1.02,1.01,1.02,16000,0
2016-02-17,08:50:00,1.02,1.03,1.02,1.03,68000,0
2016-02-17,08:55:00,1.03,1.03,1.02,1.02,62000,0
2016-02-17,09:00:00,1.03,1.03,1.02,1.02,94000,0
2016-02-18,02:45:00,1.04,1.06,1.02,1.06,124000,0
2016-02-18,02:50:00,1.06,1.08,1.06,1.06,180000,0
2016-02-18,02:55:00,1.06,1.07,1.06,1.07,100000,0
2016-02-18,03:00:00,1.07,1.08,1.07,1.07,144000,0
2016-02-18,03:05:00,1.07,1.08,1.07,1.08,330000,0
2016-02-18,03:10:00,1.08,1.08,1.08,1.08,44000,0
2016-02-18,03:15:00,1.08,1.1,1.07,1.1,330000,0
2016-02-18,03:20:00,1.1,1.1,1.09,1.1,152000,0
2016-02-18,03:25:00,1.1,1.1,1.09,1.09,40000,0
2016-02-18,03:30:00,1.09,1.09,1.08,1.09,20000,0
2016-02-18,03:35:00,1.09,1.13,1.09,1.11,422000,0
2016-02-18,03:40:00,1.11,1.12,1.1,1.12,164000,0
2016-02-18,03:45:00,1.12,1.12,1.1,1.12,296000,0
2016-02-18,03:50:00,1.12,1.12,1.11,1.12,404000,0
2016-02-18,03:55:00,1.12,1.13,1.11,1.12,512000,0
2016-02-18,04:00:00,1.12,1.13,1.12,1.13,248000,0
2016-02-18,04:05:00,1.13,1.13,1.13,1.13,76000,0
2016-02-18,04:10:00,1.13,1.13,1.11,1.11,160000,0
2016-02-18,04:15:00,1.11,1.11,1.11,1.11,2000,0
2016-02-18,04:30:00,1.11,1.11,1.11,1.11,132000,0
2016-02-18,04:40:00,1.11,1.11,1.11,1.11,4000,0
2016-02-18,04:45:00,1.11,1.12,1.11,1.12,80000,0
2016-02-18,04:50:00,1.12,1.12,1.12,1.12,2000,0
2016-02-18,05:00:00,1.12,1.12,1.12,1.12,20000,0
2016-02-18,06:05:00,1.12,1.13,1.12,1.13,38000,0
2016-02-18,06:10:00,1.13,1.14,1.13,1.13,8000,0
2016-02-18,06:15:00,1.13,1.13,1.13,1.13,20000,0
2016-02-18,06:20:00,1.13,1.13,1.13,1.13,14000,0
2016-02-18,06:25:00,1.13,1.14,1.13,1.14,204000,0
2016-02-18,06:30:00,1.14,1.16,1.14,1.14,188000,0
2016-02-18,06:35:00,1.14,1.15,1.14,1.14,260000,0
2016-02-18,06:45:00,1.14,1.14,1.14,1.14,40000,0
2016-02-18,06:50:00,1.14,1.15,1.14,1.14,90000,0
2016-02-18,06:55:00,1.14,1.14,1.14,1.14,50000,0
2016-02-18,07:00:00,1.14,1.14,1.13,1.13,8000,0
2016-02-18,07:05:00,1.13,1.14,1.13,1.14,20000,0
2016-02-18,07:10:00,1.14,1.14,1.14,1.14,4000,0
2016-02-18,07:20:00,1.14,1.14,1.13,1.13,8000,0
2016-02-18,07:35:00,1.13,1.13,1.13,1.13,108000,0
2016-02-18,07:40:00,1.13,1.13,1.12,1.13,32000,0
2016-02-18,07:45:00,1.13,1.15,1.13,1.13,180000,0
2016-02-18,07:50:00,1.13,1.13,1.13,1.13,30000,0
2016-02-18,08:00:00,1.13,1.14,1.12,1.14,136000,0
2016-02-18,08:10:00,1.14,1.14,1.14,1.14,80000,0
2016-02-18,08:15:00,1.14,1.14,1.14,1.14,30000,0
2016-02-18,08:20:00,1.14,1.14,1.14,1.14,82000,0
2016-02-18,08:35:00,1.14,1.15,1.14,1.15,48000,0
2016-02-18,08:40:00,1.15,1.16,1.15,1.16,196000,0
2016-02-18,08:45:00,1.16,1.16,1.15,1.15,84000,0
2016-02-18,08:50:00,1.15,1.15,1.15,1.15,100000,0
2016-02-18,08:55:00,1.15,1.16,1.15,1.15,18000,0
2016-02-18,09:00:00,1.15,1.16,1.15,1.16,220000,0
2016-02-19,02:50:00,1.14,1.14,1.13,1.13,22000,0
2016-02-19,02:55:00,1.13,1.13,1.13,1.13,44000,0
2016-02-19,03:05:00,1.13,1.13,1.13,1.13,70000,0
2016-02-19,03:10:00,1.13,1.13,1.13,1.13,72000,0
2016-02-19,03:20:00,1.13,1.15,1.13,1.15,74000,0
2016-02-19,03:30:00,1.15,1.15,1.15,1.15,10000,0
2016-02-19,03:55:00,1.15,1.16,1.15,1.16,36000,0
2016-02-19,04:05:00,1.16,1.16,1.15,1.15,14000,0
2016-02-19,04:10:00,1.15,1.15,1.15,1.15,30000,0
2016-02-19,04:15:00,1.15,1.15,1.14,1.14,58000,0
2016-02-19,04:20:00,1.14,1.14,1.14,1.14,6000,0
2016-02-19,04:40:00,1.14,1.14,1.13,1.13,32000,0
2016-02-19,04:45:00,1.13,1.14,1.13,1.14,4000,0
2016-02-19,05:00:00,1.14,1.14,1.14,1.14,8000,0
2016-02-19,07:10:00,1.14,1.14,1.13,1.14,36000,0
2016-02-19,07:15:00,1.14,1.18,1.14,1.18,328000,0
2016-02-19,07:35:00,1.18,1.2,1.16,1.2,292000,0
2016-02-19,07:45:00,1.2,1.21,1.19,1.21,102000,0
2016-02-19,07:50:00,1.21,1.22,1.19,1.21,120000,0
2016-02-19,07:55:00,1.21,1.21,1.19,1.19,106000,0
2016-02-19,08:10:00,1.19,1.2,1.19,1.2,4000,0
2016-02-19,08:15:00,1.2,1.2,1.19,1.19,20000,0
2016-02-19,08:30:00,1.19,1.19,1.19,1.19,20000,0
2016-02-19,08:35:00,1.19,1.2,1.19,1.2,60000,0
2016-02-19,08:45:00,1.2,1.21,1.2,1.21,46000,0
2016-02-19,08:50:00,1.21,1.21,1.21,1.21,54000,0
2016-02-19,08:55:00,1.21,1.21,1.21,1.21,80000,0
2016-02-19,09:00:00,1.21,1.22,1.2,1.21,100000,0
2016-02-22,02:35:00,1.23,1.25,1.2,1.22,178000,0
2016-02-22,02:45:00,1.22,1.22,1.22,1.22,20000,0
2016-02-22,02:50:00,1.22,1.22,1.21,1.21,94000,0
2016-02-22,02:55:00,1.21,1.21,1.19,1.2,108000,0
2016-02-22,03:00:00,1.19,1.19,1.18,1.18,70000,0
2016-02-22,03:05:00,1.18,1.2,1.18,1.2,20000,0
2016-02-22,03:20:00,1.2,1.2,1.2,1.2,10000,0
2016-02-22,03:40:00,1.2,1.2,1.17,1.17,70000,0
2016-02-22,03:45:00,1.17,1.17,1.15,1.17,248000,0
2016-02-22,03:50:00,1.17,1.17,1.16,1.17,94000,0
2016-02-22,03:55:00,1.17,1.17,1.17,1.17,10000,0
2016-02-22,04:00:00,1.17,1.18,1.17,1.18,144000,0
2016-02-22,04:10:00,1.18,1.18,1.18,1.18,12000,0
2016-02-22,04:15:00,1.18,1.18,1.18,1.18,30000,0
2016-02-22,04:25:00,1.18,1.18,1.18,1.18,2000,0
2016-02-22,06:05:00,1.18,1.21,1.18,1.21,46000,0
2016-02-22,06:10:00,1.21,1.21,1.18,1.18,12000,0
2016-02-22,06:20:00,1.18,1.23,1.18,1.23,212000,0
2016-02-22,06:25:00,1.23,1.23,1.22,1.22,160000,0
2016-02-22,06:35:00,1.22,1.22,1.22,1.22,28000,0
2016-02-22,06:40:00,1.22,1.22,1.19,1.19,6000,0
2016-02-22,07:00:00,1.19,1.19,1.19,1.19,30000,0
2016-02-22,08:30:00,1.19,1.19,1.19,1.19,12000,0
2016-02-22,08:35:00,1.19,1.21,1.19,1.21,100000,0
2016-02-22,08:40:00,1.21,1.22,1.21,1.22,38000,0
2016-02-22,08:45:00,1.22,1.23,1.22,1.23,44000,0
2016-02-22,08:55:00,1.23,1.23,1.22,1.22,40000,0
2016-02-22,09:00:00,1.22,1.22,1.22,1.22,10000,0
2016-02-23,02:45:00,1.22,1.22,1.22,1.22,6000,0
2016-02-23,02:50:00,1.22,1.23,1.22,1.23,60000,0
2016-02-23,02:55:00,1.23,1.24,1.23,1.24,124000,0
2016-02-23,03:00:00,1.24,1.24,1.23,1.23,4000,0
2016-02-23,03:05:00,1.24,1.25,1.2,1.25,158000,0
2016-02-23,03:10:00,1.25,1.25,1.25,1.25,14000,0
2016-02-23,03:15:00,1.25,1.25,1.25,1.25,66000,0
2016-02-23,03:20:00,1.25,1.25,1.25,1.25,72000,0
2016-02-23,03:25:00,1.25,1.25,1.25,1.25,20000,0
2016-02-23,03:35:00,1.25,1.25,1.25,1.25,30000,0
2016-02-23,03:40:00,1.25,1.25,1.25,1.25,36000,0
2016-02-23,03:45:00,1.25,1.25,1.25,1.25,2000,0
2016-02-23,03:50:00,1.25,1.25,1.22,1.22,28000,0
2016-02-23,04:20:00,1.22,1.22,1.22,1.22,2000,0
2016-02-23,04:30:00,1.22,1.22,1.21,1.21,50000,0
2016-02-23,04:40:00,1.21,1.21,1.21,1.21,82000,0
2016-02-23,04:45:00,1.21,1.21,1.21,1.21,2000,0
2016-02-23,04:50:00,1.21,1.21,1.21,1.21,20000,0
2016-02-23,06:05:00,1.21,1.21,1.21,1.21,16000,0
2016-02-23,06:45:00,1.21,1.21,1.2,1.2,8000,0
2016-02-23,06:55:00,1.2,1.2,1.2,1.2,50000,0
2016-02-23,07:10:00,1.2,1.23,1.2,1.23,64000,0
2016-02-23,07:15:00,1.22,1.22,1.2,1.2,20000,0
2016-02-23,07:30:00,1.2,1.2,1.2,1.2,22000,0
2016-02-23,07:35:00,1.2,1.21,1.2,1.21,32000,0
2016-02-23,08:15:00,1.21,1.21,1.21,1.21,20000,0
2016-02-23,08:30:00,1.21,1.21,1.21,1.21,20000,0
2016-02-23,08:55:00,1.21,1.21,1.2,1.2,62000,0
2016-02-23,09:00:00,1.2,1.2,1.2,1.2,12000,0
2016-02-24,02:35:00,1.15,1.18,1.15,1.15,320000,0
2016-02-24,02:40:00,1.15,1.15,1.15,1.15,42000,0
2016-02-24,02:45:00,1.15,1.15,1.13,1.13,274000,0
2016-02-24,02:55:00,1.13,1.15,1.13,1.15,116000,0
2016-02-24,03:00:00,1.15,1.15,1.15,1.15,30000,0
2016-02-24,03:05:00,1.15,1.15,1.15,1.15,30000,0
2016-02-24,03:15:00,1.15,1.15,1.15,1.15,42000,0
2016-02-24,03:25:00,1.15,1.15,1.14,1.15,60000,0
2016-02-24,03:30:00,1.15,1.15,1.15,1.15,4000,0
2016-02-24,03:35:00,1.15,1.15,1.15,1.15,50000,0
2016-02-24,03:40:00,1.15,1.15,1.14,1.14,78000,0
2016-02-24,03:45:00,1.14,1.15,1.14,1.15,12000,0
2016-02-24,03:55:00,1.15,1.15,1.15,1.15,10000,0
2016-02-24,04:00:00,1.15,1.16,1.15,1.16,4000,0
2016-02-24,04:10:00,1.16,1.16,1.14,1.14,46000,0
2016-02-24,04:15:00,1.14,1.14,1.14,1.14,60000,0
2016-02-24,04:20:00,1.14,1.14,1.13,1.13,130000,0
2016-02-24,04:25:00,1.13,1.13,1.09,1.09,348000,0
2016-02-24,04:30:00,1.09,1.1,1.09,1.1,26000,0
2016-02-24,04:35:00,1.12,1.12,1.12,1.12,18000,0
2016-02-24,04:50:00,1.12,1.13,1.11,1.11,74000,0
2016-02-24,04:55:00,1.12,1.17,1.12,1.13,316000,0
2016-02-24,06:10:00,1.13,1.14,1.13,1.14,96000,0
2016-02-24,06:25:00,1.15,1.15,1.15,1.15,8000,0
2016-02-24,06:50:00,1.15,1.15,1.15,1.15,20000,0
2016-02-24,07:00:00,1.14,1.14,1.13,1.13,20000,0
2016-02-24,07:05:00,1.13,1.13,1.13,1.13,12000,0
2016-02-24,07:15:00,1.13,1.13,1.13,1.13,4000,0
2016-02-24,07:20:00,1.13,1.13,1.13,1.13,10000,0
2016-02-24,07:25:00,1.13,1.14,1.13,1.14,24000,0
2016-02-24,07:50:00,1.14,1.14,1.14,1.14,6000,0
2016-02-24,08:10:00,1.14,1.14,1.14,1.14,2000,0
2016-02-24,08:40:00,1.14,1.14,1.14,1.14,40000,0
2016-02-24,08:45:00,1.14,1.14,1.13,1.13,18000,0
2016-02-24,08:50:00,1.13,1.13,1.13,1.13,10000,0
2016-02-24,08:55:00,1.13,1.14,1.13,1.14,44000,0
2016-02-24,09:00:00,1.14,1.16,1.14,1.15,150000,0
2016-02-25,06:45:00,1.12,1.13,1.12,1.13,20000,0
2016-02-25,07:15:00,1.13,1.13,1.13,1.13,20000,0
2016-02-25,07:30:00,1.13,1.13,1.13,1.13,10000,0
2016-02-25,07:50:00,1.12,1.14,1.12,1.14,82000,0
2016-02-25,08:00:00,1.14,1.14,1.14,1.14,30000,0
2016-02-25,08:20:00,1.14,1.14,1.14,1.14,10000,0
2016-02-25,08:25:00,1.14,1.14,1.14,1.14,6000,0
2016-02-25,09:00:00,1.14,1.14,1.14,1.14,20000,0
2016-02-26,02:55:00,1.14,1.14,1.14,1.14,8000,0
2016-02-26,04:15:00,1.14,1.14,1.14,1.14,4000,0
2016-02-26,06:05:00,1.14,1.14,1.14,1.14,2000,0
2016-02-26,07:40:00,1.13,1.13,1.13,1.13,30000,0
2016-02-26,08:55:00,1.14,1.15,1.14,1.15,4000,0
2016-02-26,09:00:00,1.15,1.16,1.15,1.15,80000,0
2016-02-29,02:35:00,1.12,1.15,1.1,1.1,92000,0
2016-02-29,02:55:00,1.11,1.11,1.11,1.11,30000,0
2016-02-29,03:05:00,1.11,1.11,1.11,1.11,10000,0
2016-02-29,03:10:00,1.11,1.11,1.11,1.11,10000,0
2016-02-29,03:15:00,1.11,1.11,1.11,1.11,10000,0
2016-02-29,03:35:00,1.11,1.12,1.11,1.12,14000,0
2016-02-29,03:40:00,1.12,1.12,1.1,1.11,36000,0
2016-02-29,04:20:00,1.12,1.13,1.12,1.13,64000,0
2016-02-29,04:25:00,1.13,1.13,1.13,1.13,100000,0
2016-02-29,06:05:00,1.13,1.13,1.13,1.13,2000,0
2016-02-29,07:30:00,1.13,1.13,1.13,1.13,14000,0
2016-02-29,07:35:00,1.13,1.13,1.13,1.13,84000,0
2016-02-29,07:40:00,1.13,1.13,1.13,1.13,8000,0
2016-02-29,08:35:00,1.13,1.13,1.13,1.13,120000,0
2016-02-29,08:40:00,1.13,1.13,1.13,1.13,90000,0
2016-02-29,08:45:00,1.13,1.13,1.13,1.13,102000,0
2016-02-29,08:50:00,1.13,1.13,1.13,1.13,82000,0
2016-03-01,04:25:00,1.16,1.16,1.1,1.1,6000,0
2016-03-01,04:30:00,1.16,1.16,1.16,1.16,2000,0
2016-03-01,04:40:00,1.16,1.16,1.16,1.16,2000,0
2016-03-01,08:55:00,1.1,1.1,1.1,1.1,18000,0
2016-03-01,09:00:00,1.1,1.1,1.1,1.1,10000,0
2016-03-02,02:35:00,1.13,1.13,1.13,1.13,6000,0
2016-03-02,02:45:00,1.13,1.14,1.13,1.14,20000,0
2016-03-02,03:55:00,1.14,1.14,1.08,1.12,360000,0
2016-03-02,04:10:00,1.12,1.13,1.12,1.13,6000,0
2016-03-02,04:20:00,1.13,1.13,1.13,1.13,76000,0
2016-03-02,04:35:00,1.13,1.13,1.13,1.13,56000,0
2016-03-02,05:00:00,1.13,1.14,1.1,1.14,218000,0
2016-03-02,06:05:00,1.14,1.14,1.13,1.13,20000,0
2016-03-02,06:10:00,1.12,1.12,1.1,1.1,154000,0
2016-03-02,06:15:00,1.1,1.1,1.1,1.1,6000,0
2016-03-02,06:20:00,1.1,1.1,1.1,1.1,6000,0
2016-03-02,06:25:00,1.1,1.1,1.1,1.1,8000,0
2016-03-02,06:40:00,1.12,1.12,1.12,1.12,2000,0
2016-03-02,06:45:00,1.12,1.12,1.11,1.11,40000,0
2016-03-02,06:55:00,1.11,1.12,1.11,1.12,16000,0
2016-03-02,07:00:00,1.12,1.12,1.12,1.12,10000,0
2016-03-02,07:45:00,1.12,1.13,1.12,1.13,14000,0
2016-03-02,08:05:00,1.13,1.13,1.12,1.12,26000,0
2016-03-02,09:00:00,1.12,1.12,1.11,1.11,4000,0
2016-03-03,03:05:00,1.11,1.12,1.11,1.12,70000,0
2016-03-03,03:30:00,1.12,1.12,1.12,1.12,8000,0
2016-03-03,03:40:00,1.11,1.12,1.11,1.12,48000,0
2016-03-03,03:45:00,1.12,1.12,1.12,1.12,2000,0
2016-03-03,03:55:00,1.12,1.12,1.12,1.12,26000,0
2016-03-03,04:05:00,1.12,1.12,1.12,1.12,4000,0
2016-03-03,04:30:00,1.12,1.13,1.12,1.12,212000,0
2016-03-03,04:45:00,1.12,1.14,1.12,1.14,4000,0
2016-03-03,06:05:00,1.14,1.14,1.14,1.14,6000,0
2016-03-03,06:10:00,1.14,1.14,1.14,1.14,10000,0
2016-03-03,06:40:00,1.14,1.15,1.14,1.15,34000,0
2016-03-03,06:45:00,1.15,1.15,1.13,1.13,20000,0
2016-03-03,07:10:00,1.13,1.13,1.13,1.13,4000,0
2016-03-03,08:15:00,1.13,1.15,1.13,1.15,60000,0
2016-03-03,08:25:00,1.15,1.15,1.15,1.15,20000,0
2016-03-03,08:45:00,1.15,1.16,1.15,1.15,24000,0
2016-03-03,09:00:00,1.15,1.16,1.14,1.15,86000,0
2016-03-04,03:40:00,1.16,1.18,1.12,1.14,148000,0
2016-03-04,04:05:00,1.14,1.15,1.14,1.15,4000,0
2016-03-04,04:10:00,1.15,1.15,1.14,1.14,4000,0
2016-03-04,06:10:00,1.14,1.15,1.14,1.15,16000,0
2016-03-04,06:35:00,1.15,1.15,1.15,1.15,2000,0
2016-03-04,07:10:00,1.15,1.17,1.15,1.17,144000,0
2016-03-04,07:25:00,1.17,1.17,1.17,1.17,2000,0
2016-03-04,07:45:00,1.16,1.16,1.15,1.15,42000,0
2016-03-04,07:50:00,1.15,1.17,1.15,1.16,56000,0
2016-03-04,08:20:00,1.16,1.16,1.15,1.15,8000,0
2016-03-07,02:45:00,1.15,1.15,1.15,1.15,2000,0
2016-03-07,03:00:00,1.15,1.15,1.15,1.15,4000,0
2016-03-07,03:20:00,1.15,1.15,1.15,1.15,96000,0
2016-03-07,07:25:00,1.13,1.14,1.13,1.14,68000,0
2016-03-07,07:30:00,1.14,1.15,1.14,1.15,68000,0
2016-03-07,07:35:00,1.15,1.15,1.15,1.15,22000,0
2016-03-07,07:45:00,1.15,1.15,1.13,1.15,198000,0
2016-03-07,07:55:00,1.15,1.16,1.15,1.15,68000,0
2016-03-07,08:55:00,1.13,1.15,1.13,1.15,122000,0
2016-03-07,09:00:00,1.15,1.15,1.13,1.15,108000,0
2016-03-08,07:20:00,1.12,1.14,1.12,1.14,4000,0
2016-03-08,07:35:00,1.14,1.14,1.12,1.12,4000,0
2016-03-08,07:50:00,1.12,1.12,1.11,1.12,130000,0
2016-03-08,08:15:00,1.12,1.12,1.12,1.12,8000,0
2016-03-08,08:20:00,1.12,1.14,1.12,1.12,34000,0
2016-03-08,08:25:00,1.12,1.13,1.12,1.13,8000,0
2016-03-08,08:35:00,1.13,1.13,1.13,1.13,2000,0
2016-03-08,08:45:00,1.13,1.14,1.12,1.12,52000,0
2016-03-08,08:50:00,1.12,1.17,1.12,1.15,302000,0
2016-03-08,08:55:00,1.15,1.15,1.12,1.12,282000,0
2016-03-08,09:00:00,1.12,1.15,1.12,1.12,244000,0
2016-03-09,02:35:00,1.13,1.13,1.12,1.13,4000,0
2016-03-09,02:50:00,1.14,1.15,1.14,1.15,40000,0
2016-03-09,02:55:00,1.15,1.15,1.14,1.14,4000,0
2016-03-09,03:00:00,1.15,1.16,1.15,1.16,4000,0
2016-03-09,03:05:00,1.16,1.16,1.14,1.14,12000,0
2016-03-09,03:35:00,1.14,1.15,1.14,1.15,80000,0
2016-03-09,04:05:00,1.15,1.15,1.15,1.15,4000,0
2016-03-09,04:15:00,1.15,1.15,1.15,1.15,40000,0
2016-03-09,04:35:00,1.15,1.16,1.14,1.15,186000,0
2016-03-09,06:05:00,1.15,1.15,1.15,1.15,36000,0
2016-03-09,06:20:00,1.15,1.15,1.14,1.15,340000,0
2016-03-09,06:50:00,1.15,1.16,1.15,1.16,4000,0
2016-03-09,07:30:00,1.16,1.16,1.14,1.14,30000,0
2016-03-09,07:55:00,1.14,1.16,1.14,1.16,4000,0
2016-03-09,08:05:00,1.15,1.15,1.15,1.15,4000,0
2016-03-09,08:40:00,1.15,1.15,1.15,1.15,100000,0
2016-03-09,08:45:00,1.15,1.15,1.14,1.14,200000,0
2016-03-09,08:55:00,1.14,1.15,1.14,1.15,4000,0
2016-03-09,09:00:00,1.15,1.16,1.15,1.16,4000,0
2016-03-10,02:50:00,1.16,1.16,1.16,1.16,32000,0
2016-03-10,03:20:00,1.16,1.16,1.16,1.16,46000,0
2016-03-10,03:25:00,1.16,1.17,1.16,1.17,88000,0
2016-03-10,03:40:00,1.17,1.18,1.17,1.18,48000,0
2016-03-10,04:50:00,1.17,1.17,1.15,1.15,18000,0
2016-03-10,06:05:00,1.15,1.15,1.15,1.15,2000,0
2016-03-10,06:15:00,1.15,1.15,1.14,1.14,12000,0
2016-03-10,06:25:00,1.14,1.14,1.14,1.14,4000,0
2016-03-10,07:05:00,1.14,1.14,1.14,1.14,10000,0
2016-03-11,03:20:00,1.11,1.14,1.11,1.14,1504000,0
2016-03-11,04:30:00,1.13,1.15,1.13,1.14,36000,0
2016-03-11,06:20:00,1.14,1.15,1.14,1.15,114000,0
2016-03-11,06:35:00,1.15,1.15,1.15,1.15,6000,0
2016-03-11,06:40:00,1.15,1.15,1.15,1.15,12000,0
2016-03-11,06:45:00,1.15,1.15,1.13,1.14,46000,0
2016-03-11,06:50:00,1.14,1.15,1.14,1.15,24000,0
2016-03-11,06:55:00,1.15,1.15,1.15,1.15,4000,0
2016-03-11,07:05:00,1.15,1.15,1.15,1.15,24000,0
2016-03-11,08:00:00,1.15,1.15,1.15,1.15,2000,0
2016-03-11,08:15:00,1.15,1.15,1.14,1.14,12000,0
2016-03-11,08:35:00,1.14,1.14,1.14,1.14,34000,0
2016-03-11,08:55:00,1.14,1.15,1.14,1.15,20000,0
2016-03-11,09:00:00,1.15,1.15,1.15,1.15,2000,0
2016-03-14,02:35:00,1.13,1.15,1.13,1.13,10000,0
2016-03-14,03:10:00,1.14,1.16,1.14,1.16,8000,0
2016-03-14,03:35:00,1.16,1.16,1.16,1.16,4000,0
2016-03-14,03:40:00,1.16,1.16,1.16,1.16,4000,0
2016-03-14,04:00:00,1.16,1.16,1.15,1.15,10000,0
2016-03-14,04:05:00,1.15,1.15,1.15,1.15,2000,0
2016-03-14,04:20:00,1.15,1.15,1.15,1.15,2000,0
2016-03-14,04:40:00,1.13,1.13,1.13,1.13,4000,0
2016-03-14,04:50:00,1.12,1.13,1.12,1.13,100000,0
2016-03-14,06:10:00,1.13,1.13,1.13,1.13,22000,0
2016-03-14,06:20:00,1.13,1.13,1.13,1.13,8000,0
2016-03-14,06:35:00,1.13,1.13,1.13,1.13,4000,0
2016-03-14,07:05:00,1.12,1.13,1.12,1.13,30000,0
2016-03-14,08:35:00,1.12,1.13,1.12,1.13,34000,0
2016-03-14,08:55:00,1.13,1.13,1.13,1.13,10000,0
2016-03-14,09:00:00,1.12,1.13,1.12,1.13,14000,0
2016-03-15,03:15:00,1.12,1.12,1.12,1.12,14000,0
2016-03-15,03:45:00,1.12,1.12,1.12,1.12,72000,0
2016-03-15,03:50:00,1.12,1.12,1.12,1.12,6000,0
2016-03-15,04:05:00,1.12,1.12,1.12,1.12,32000,0
2016-03-15,04:50:00,1.11,1.12,1.11,1.12,94000,0
2016-03-15,06:55:00,1.12,1.12,1.12,1.12,40000,0
2016-03-15,07:35:00,1.12,1.12,1.12,1.12,16000,0
2016-03-15,08:05:00,1.12,1.12,1.12,1.12,2000,0
2016-03-15,08:50:00,1.12,1.12,1.12,1.12,2000,0
2016-03-15,08:55:00,1.12,1.13,1.12,1.13,30000,0
2016-03-15,09:00:00,1.13,1.14,1.13,1.14,50000,0
2016-03-16,06:05:00,1.13,1.14,1.13,1.14,8000,0
2016-03-16,06:40:00,1.14,1.14,1.14,1.14,30000,0
2016-03-16,07:10:00,1.14,1.15,1.14,1.15,58000,0
2016-03-16,07:15:00,1.15,1.15,1.14,1.14,60000,0
2016-03-16,08:00:00,1.14,1.14,1.14,1.14,10000,0
2016-03-16,08:05:00,1.14,1.14,1.14,1.14,10000,0
2016-03-16,08:15:00,1.14,1.14,1.13,1.13,160000,0
2016-03-17,04:30:00,1.14,1.14,1.13,1.13,652000,0
2016-03-17,04:40:00,1.13,1.14,1.13,1.14,16000,0
2016-03-17,06:10:00,1.14,1.15,1.14,1.15,116000,0
2016-03-17,06:15:00,1.15,1.15,1.15,1.15,4000,0
2016-03-17,06:30:00,1.15,1.17,1.15,1.17,106000,0
2016-03-17,06:35:00,1.17,1.18,1.17,1.17,50000,0
2016-03-17,06:55:00,1.17,1.17,1.16,1.16,54000,0
2016-03-17,07:00:00,1.16,1.16,1.16,1.16,28000,0
2016-03-17,08:15:00,1.16,1.16,1.15,1.16,144000,0
2016-03-17,08:30:00,1.16,1.16,1.16,1.16,4000,0
2016-03-18,03:30:00,1.15,1.15,1.15,1.15,4000,0
2016-03-18,03:35:00,1.15,1.15,1.15,1.15,6000,0
2016-03-18,04:45:00,1.14,1.14,1.14,1.14,4000,0
2016-03-18,06:05:00,1.14,1.14,1.14,1.14,100000,0
2016-03-18,06:10:00,1.14,1.15,1.14,1.15,8000,0
2016-03-18,06:20:00,1.15,1.16,1.15,1.16,8000,0
2016-03-18,06:30:00,1.16,1.16,1.15,1.15,8000,0
2016-03-18,07:55:00,1.15,1.15,1.15,1.15,4000,0
2016-03-18,08:15:00,1.15,1.15,1.14,1.14,58000,0
2016-03-18,09:00:00,1.13,1.14,1.13,1.14,40000,0
2016-03-21,02:35:00,1.14,1.14,1.14,1.14,20000,0
2016-03-21,02:45:00,1.14,1.14,1.14,1.14,16000,0
2016-03-21,03:10:00,1.14,1.14,1.14,1.14,2000,0
2016-03-21,04:20:00,1.14,1.14,1.14,1.14,30000,0
2016-03-21,05:00:00,1.14,1.15,1.14,1.14,80000,0
2016-03-21,06:10:00,1.14,1.14,1.14,1.14,20000,0
2016-03-21,07:25:00,1.14,1.14,1.13,1.13,68000,0
2016-03-21,07:30:00,1.13,1.13,1.13,1.13,14000,0
2016-03-21,08:55:00,1.13,1.13,1.13,1.13,2000,0
2016-03-22,02:45:00,1.12,1.13,1.12,1.12,40000,0
2016-03-22,03:00:00,1.12,1.12,1.12,1.12,10000,0
2016-03-22,03:20:00,1.13,1.13,1.13,1.13,10000,0
2016-03-22,04:00:00,1.13,1.13,1.12,1.12,84000,0
2016-03-22,04:55:00,1.12,1.12,1.12,1.12,4000,0
2016-03-22,06:25:00,1.12,1.12,1.12,1.12,50000,0
2016-03-22,07:10:00,1.11,1.11,1.11,1.11,10000,0
2016-03-22,07:30:00,1.11,1.11,1.11,1.11,12000,0
2016-03-22,07:35:00,1.11,1.11,1.11,1.11,4000,0
2016-03-22,07:45:00,1.11,1.12,1.11,1.12,20000,0
2016-03-22,07:50:00,1.12,1.12,1.11,1.11,58000,0
2016-03-22,08:20:00,1.11,1.11,1.11,1.11,20000,0
2016-03-22,08:25:00,1.1,1.11,1.1,1.11,8000,0
2016-03-22,08:40:00,1.11,1.12,1.11,1.12,220000,0
2016-03-22,08:55:00,1.12,1.13,1.12,1.13,28000,0
2016-03-22,09:00:00,1.13,1.13,1.11,1.13,38000,0
2016-03-23,03:15:00,1.11,1.13,1.11,1.13,4000,0
2016-03-23,03:40:00,1.13,1.14,1.13,1.14,6000,0
2016-03-23,06:25:00,1.13,1.13,1.12,1.12,8000,0
2016-03-23,09:00:00,1.11,1.12,1.11,1.11,4000,0
2016-03-24,03:40:00,1.12,1.12,1.12,1.12,20000,0
2016-03-24,04:15:00,1.12,1.12,1.12,1.12,20000,0
2016-03-24,06:10:00,1.12,1.12,1.12,1.12,76000,0
2016-03-24,06:35:00,1.12,1.12,1.12,1.12,2000,0
2016-03-24,06:45:00,1.12,1.12,1.12,1.12,2000,0
2016-03-24,07:05:00,1.12,1.12,1.12,1.12,22000,0
2016-03-24,08:15:00,1.12,1.12,1.12,1.12,2000,0
2016-03-24,08:20:00,1.12,1.14,1.12,1.14,110000,0
2016-03-24,08:50:00,1.14,1.15,1.14,1.15,122000,0
2016-03-24,08:55:00,1.14,1.17,1.14,1.15,92000,0
2016-03-24,09:00:00,1.15,1.17,1.15,1.15,320000,0
2016-03-29,05:30:00,1.13,1.13,1.13,1.13,4000,0
2016-03-29,05:35:00,1.13,1.13,1.13,1.13,6000,0
2016-03-29,10:00:00,1.12,1.13,1.12,1.13,12000,0
2016-03-30,03:45:00,1.12,1.13,1.12,1.13,4000,0
2016-03-30,03:50:00,1.13,1.13,1.13,1.13,2000,0
2016-03-30,03:55:00,1.13,1.13,1.13,1.13,4000,0
2016-03-30,04:00:00,1.13,1.13,1.13,1.13,24000,0
2016-03-30,04:10:00,1.13,1.13,1.12,1.12,4000,0
2016-03-30,04:15:00,1.12,1.12,1.12,1.12,4000,0
2016-03-30,04:20:00,1.12,1.12,1.12,1.12,30000,0
2016-03-30,04:25:00,1.12,1.12,1.12,1.12,16000,0
2016-03-30,04:30:00,1.12,1.12,1.12,1.12,4000,0
2016-03-30,04:35:00,1.12,1.12,1.12,1.12,10000,0
2016-03-30,04:55:00,1.12,1.12,1.12,1.12,102000,0
2016-03-30,07:15:00,1.11,1.11,1.11,1.11,20000,0
2016-03-30,07:40:00,1.11,1.11,1.11,1.11,10000,0
2016-03-30,07:50:00,1.11,1.11,1.11,1.11,40000,0
2016-03-30,08:10:00,1.11,1.12,1.11,1.12,32000,0
2016-03-30,08:15:00,1.12,1.12,1.12,1.12,4000,0
2016-03-30,08:30:00,1.12,1.12,1.12,1.12,4000,0
2016-03-30,08:35:00,1.12,1.12,1.12,1.12,4000,0
2016-03-30,08:50:00,1.12,1.12,1.12,1.12,76000,0
2016-03-30,09:00:00,1.12,1.13,1.12,1.13,40000,0
2016-03-30,09:05:00,1.13,1.13,1.13,1.13,10000,0
2016-03-30,09:15:00,1.13,1.13,1.13,1.13,12000,0
2016-03-30,09:30:00,1.13,1.13,1.13,1.13,30000,0
2016-03-30,10:00:00,1.13,1.13,1.13,1.13,100000,0
2016-03-31,04:15:00,1.11,1.12,1.11,1.11,28000,0
2016-03-31,05:00:00,1.11,1.11,1.11,1.11,60000,0
2016-03-31,05:40:00,1.1,1.13,1.1,1.12,392000,0
2016-03-31,05:45:00,1.12,1.18,1.11,1.14,430000,0
2016-03-31,05:50:00,1.14,1.24,1.14,1.17,282000,0
2016-03-31,05:55:00,1.17,1.19,1.17,1.17,130000,0
2016-03-31,06:00:00,1.17,1.19,1.16,1.16,86000,0
2016-03-31,07:05:00,1.16,1.17,1.16,1.17,16000,0
2016-03-31,07:10:00,1.17,1.17,1.16,1.16,12000,0
2016-03-31,07:15:00,1.16,1.16,1.16,1.16,14000,0
2016-03-31,07:20:00,1.16,1.2,1.16,1.17,216000,0
2016-03-31,07:25:00,1.17,1.17,1.16,1.16,4000,0
2016-03-31,07:35:00,1.16,1.16,1.16,1.16,8000,0
2016-03-31,07:40:00,1.17,1.21,1.17,1.21,24000,0
2016-03-31,07:45:00,1.21,1.24,1.2,1.2,108000,0
2016-03-31,07:50:00,1.2,1.21,1.2,1.21,14000,0
2016-03-31,07:55:00,1.21,1.21,1.17,1.17,354000,0
2016-03-31,08:05:00,1.18,1.19,1.18,1.19,162000,0
2016-03-31,08:10:00,1.19,1.19,1.18,1.18,124000,0
2016-03-31,08:25:00,1.18,1.19,1.18,1.18,32000,0
2016-03-31,08:40:00,1.18,1.18,1.18,1.18,76000,0
2016-03-31,08:45:00,1.18,1.18,1.17,1.17,192000,0
2016-03-31,08:50:00,1.17,1.17,1.17,1.17,4000,0
2016-03-31,08:55:00,1.17,1.17,1.16,1.16,66000,0
2016-03-31,09:00:00,1.16,1.17,1.16,1.16,28000,0
2016-03-31,09:05:00,1.17,1.17,1.17,1.17,2000,0
2016-03-31,09:10:00,1.17,1.19,1.17,1.19,74000,0
2016-03-31,09:15:00,1.19,1.19,1.17,1.17,8000,0
2016-03-31,09:20:00,1.17,1.17,1.16,1.16,84000,0
2016-03-31,09:25:00,1.16,1.16,1.15,1.16,6000,0
2016-03-31,09:30:00,1.17,1.18,1.17,1.18,26000,0
2016-03-31,09:35:00,1.18,1.18,1.17,1.17,12000,0
2016-03-31,09:40:00,1.17,1.18,1.17,1.18,18000,0
2016-03-31,09:55:00,1.18,1.19,1.18,1.19,32000,0
2016-03-31,10:00:00,1.19,1.19,1.13,1.14,124000,0
2016-04-01,04:00:00,1.17,1.17,1.17,1.17,16000,0
2016-04-01,04:20:00,1.18,1.18,1.18,1.18,4000,0
2016-04-01,04:30:00,1.18,1.19,1.18,1.19,20000,0
2016-04-01,04:35:00,1.19,1.19,1.19,1.19,14000,0
2016-04-01,04:40:00,1.19,1.19,1.19,1.19,82000,0
2016-04-01,04:50:00,1.19,1.19,1.18,1.18,16000,0
2016-04-01,05:00:00,1.18,1.18,1.18,1.18,10000,0
2016-04-01,05:25:00,1.18,1.18,1.16,1.16,166000,0
2016-04-01,05:35:00,1.16,1.16,1.15,1.15,8000,0
2016-04-01,05:40:00,1.15,1.15,1.15,1.15,4000,0
2016-04-01,07:05:00,1.15,1.15,1.15,1.15,8000,0
2016-04-01,07:10:00,1.15,1.16,1.15,1.16,60000,0
2016-04-01,07:25:00,1.16,1.17,1.16,1.17,32000,0
2016-04-01,07:55:00,1.17,1.18,1.17,1.18,4000,0
2016-04-01,08:00:00,1.18,1.18,1.18,1.18,4000,0
2016-04-01,08:30:00,1.18,1.18,1.17,1.17,54000,0
2016-04-01,08:35:00,1.17,1.17,1.17,1.17,50000,0
2016-04-01,09:20:00,1.17,1.17,1.17,1.17,14000,0
2016-04-01,09:25:00,1.17,1.17,1.16,1.16,36000,0
2016-04-01,10:00:00,1.16,1.17,1.15,1.15,62000,0
2016-04-05,03:35:00,1.16,1.16,1.15,1.15,68000,0
2016-04-05,03:40:00,1.15,1.15,1.15,1.15,10000,0
2016-04-05,03:45:00,1.15,1.15,1.14,1.14,22000,0
2016-04-05,04:10:00,1.14,1.14,1.14,1.14,14000,0
2016-04-05,04:30:00,1.13,1.13,1.13,1.13,10000,0
2016-04-05,04:35:00,1.13,1.13,1.13,1.13,70000,0
2016-04-05,05:20:00,1.12,1.14,1.12,1.14,138000,0
2016-04-05,05:30:00,1.14,1.15,1.14,1.15,20000,0
2016-04-05,05:45:00,1.15,1.15,1.15,1.15,2000,0
2016-04-05,07:05:00,1.15,1.15,1.15,1.15,18000,0
2016-04-05,07:50:00,1.15,1.15,1.15,1.15,2000,0
2016-04-05,08:05:00,1.15,1.15,1.14,1.14,8000,0
2016-04-05,09:25:00,1.14,1.16,1.14,1.15,54000,0
2016-04-05,09:30:00,1.15,1.15,1.15,1.15,14000,0
2016-04-05,09:35:00,1.15,1.15,1.15,1.15,10000,0
2016-04-05,10:00:00,1.15,1.15,1.15,1.15,8000,0
2016-04-06,04:50:00,1.14,1.14,1.14,1.14,10000,0
2016-04-06,07:55:00,1.13,1.13,1.12,1.12,16000,0
2016-04-06,08:05:00,1.12,1.12,1.12,1.12,2000,0
2016-04-06,08:30:00,1.12,1.12,1.12,1.12,8000,0
2016-04-06,08:50:00,1.12,1.12,1.11,1.11,4000,0
2016-04-06,09:00:00,1.11,1.11,1.11,1.11,10000,0
2016-04-06,09:35:00,1.11,1.12,1.11,1.12,120000,0
2016-04-06,09:40:00,1.12,1.12,1.12,1.12,18000,0
2016-04-06,09:55:00,1.12,1.12,1.12,1.12,2000,0
2016-04-06,10:00:00,1.12,1.12,1.1,1.11,90000,0
2016-04-07,03:40:00,1.11,1.11,1.11,1.11,4000,0
2016-04-07,05:00:00,1.11,1.11,1.11,1.11,30000,0
2016-04-07,05:15:00,1.11,1.12,1.11,1.12,40000,0
2016-04-07,07:45:00,1.12,1.12,1.12,1.12,16000,0
2016-04-07,07:50:00,1.12,1.12,1.12,1.12,42000,0
2016-04-08,03:40:00,1.12,1.12,1.12,1.12,16000,0
2016-04-08,03:50:00,1.12,1.12,1.12,1.12,30000,0
2016-04-08,04:20:00,1.12,1.12,1.12,1.12,2000,0
2016-04-08,04:40:00,1.12,1.12,1.12,1.12,40000,0
2016-04-08,04:55:00,1.12,1.12,1.12,1.12,30000,0
2016-04-08,05:00:00,1.12,1.12,1.11,1.11,32000,0
2016-04-08,05:10:00,1.11,1.11,1.1,1.1,16000,0
2016-04-08,05:20:00,1.1,1.11,1.1,1.11,4000,0
2016-04-08,08:30:00,1.12,1.12,1.12,1.12,28000,0
2016-04-08,09:15:00,1.12,1.12,1.1,1.1,160000,0
2016-04-08,09:40:00,1.1,1.1,1.1,1.1,82000,0
2016-04-08,10:00:00,1.09,1.1,1.09,1.09,202000,0
2016-04-11,03:35:00,1.12,1.12,1.1,1.12,306000,0
2016-04-11,03:40:00,1.12,1.13,1.1,1.1,220000,0
2016-04-11,03:45:00,1.1,1.1,1.1,1.1,180000,0
2016-04-11,03:50:00,1.1,1.1,1.1,1.1,2000,0
2016-04-11,04:00:00,1.1,1.11,1.1,1.11,28000,0
2016-04-11,04:05:00,1.11,1.12,1.11,1.12,4000,0
2016-04-11,04:10:00,1.12,1.13,1.12,1.13,126000,0
2016-04-11,04:25:00,1.13,1.13,1.12,1.12,552000,0
2016-04-11,04:30:00,1.13,1.14,1.13,1.14,176000,0
2016-04-11,04:35:00,1.14,1.15,1.14,1.15,402000,0
2016-04-11,04:40:00,1.15,1.15,1.14,1.14,82000,0
2016-04-11,04:45:00,1.14,1.15,1.14,1.15,232000,0
2016-04-11,04:50:00,1.15,1.15,1.15,1.15,50000,0
2016-04-11,05:00:00,1.15,1.15,1.15,1.15,10000,0
2016-04-11,05:05:00,1.15,1.15,1.14,1.14,64000,0
2016-04-11,05:10:00,1.14,1.14,1.14,1.14,20000,0
2016-04-11,05:15:00,1.14,1.14,1.14,1.14,1558000,0
2016-04-11,05:20:00,1.14,1.2,1.14,1.19,632000,0
2016-04-11,05:25:00,1.19,1.19,1.16,1.16,80000,0
2016-04-11,05:30:00,1.16,1.17,1.16,1.17,14000,0
2016-04-11,05:35:00,1.17,1.17,1.15,1.15,182000,0
2016-04-11,05:40:00,1.16,1.17,1.16,1.17,144000,0
2016-04-11,05:45:00,1.17,1.17,1.17,1.17,108000,0
2016-04-11,05:50:00,1.17,1.18,1.17,1.17,270000,0
2016-04-11,05:55:00,1.17,1.18,1.17,1.17,272000,0
2016-04-11,06:00:00,1.17,1.18,1.17,1.18,68000,0
2016-04-11,07:05:00,1.18,1.18,1.16,1.18,706000,0
2016-04-11,07:10:00,1.18,1.2,1.18,1.18,186000,0
2016-04-11,07:15:00,1.18,1.19,1.18,1.18,270000,0
2016-04-11,07:25:00,1.18,1.18,1.15,1.15,526000,0
2016-04-11,07:30:00,1.15,1.17,1.15,1.17,346000,0
2016-04-11,07:35:00,1.17,1.18,1.17,1.18,240000,0
2016-04-11,07:40:00,1.18,1.18,1.17,1.17,10000,0
2016-04-11,07:45:00,1.17,1.18,1.17,1.18,36000,0
2016-04-11,07:55:00,1.18,1.18,1.17,1.17,66000,0
2016-04-11,08:00:00,1.17,1.21,1.17,1.18,626000,0
2016-04-11,08:05:00,1.18,1.18,1.17,1.17,4000,0
2016-04-11,08:10:00,1.17,1.18,1.17,1.18,18000,0
2016-04-11,08:15:00,1.18,1.19,1.18,1.18,12000,0
2016-04-11,08:25:00,1.18,1.18,1.18,1.18,12000,0
2016-04-11,08:35:00,1.18,1.18,1.17,1.17,4000,0
2016-04-11,08:45:00,1.17,1.18,1.17,1.18,28000,0
2016-04-11,08:50:00,1.18,1.18,1.18,1.18,4000,0
2016-04-11,08:55:00,1.18,1.18,1.17,1.18,82000,0
2016-04-11,09:00:00,1.18,1.18,1.18,1.18,6000,0
2016-04-11,09:05:00,1.18,1.21,1.18,1.2,618000,0
2016-04-11,09:10:00,1.2,1.21,1.2,1.21,634000,0
2016-04-11,09:15:00,1.21,1.21,1.2,1.2,550000,0
2016-04-11,09:20:00,1.2,1.21,1.2,1.2,226000,0
2016-04-11,09:25:00,1.2,1.2,1.2,1.2,152000,0
2016-04-11,09:30:00,1.2,1.2,1.2,1.2,212000,0
2016-04-11,09:35:00,1.2,1.2,1.19,1.2,326000,0
2016-04-11,09:40:00,1.2,1.2,1.19,1.19,74000,0
2016-04-11,09:45:00,1.19,1.2,1.19,1.2,148000,0
2016-04-11,09:50:00,1.2,1.2,1.2,1.2,34000,0
2016-04-11,09:55:00,1.2,1.21,1.19,1.21,316000,0
2016-04-11,10:00:00,1.21,1.22,1.2,1.2,610000,0
2016-04-12,03:35:00,1.22,1.22,1.21,1.22,62000,0
2016-04-12,03:40:00,1.22,1.25,1.22,1.25,474000,0
2016-04-12,03:45:00,1.25,1.25,1.22,1.22,688000,0
2016-04-12,03:50:00,1.22,1.23,1.21,1.23,180000,0
2016-04-12,03:55:00,1.23,1.23,1.22,1.22,264000,0
2016-04-12,04:00:00,1.22,1.22,1.21,1.21,88000,0
2016-04-12,04:05:00,1.21,1.23,1.21,1.23,84000,0
2016-04-12,04:10:00,1.23,1.24,1.23,1.23,130000,0
2016-04-12,04:15:00,1.23,1.23,1.23,1.23,64000,0
2016-04-12,04:20:00,1.23,1.23,1.23,1.23,86000,0
2016-04-12,04:25:00,1.23,1.24,1.23,1.24,28000,0
2016-04-12,04:30:00,1.24,1.27,1.24,1.27,402000,0
2016-04-12,04:35:00,1.27,1.29,1.27,1.29,408000,0
2016-04-12,04:40:00,1.29,1.31,1.26,1.26,412000,0
2016-04-12,04:45:00,1.26,1.27,1.26,1.27,144000,0
2016-04-12,04:55:00,1.27,1.27,1.26,1.26,178000,0
2016-04-12,05:00:00,1.26,1.26,1.26,1.26,90000,0
2016-04-12,05:05:00,1.26,1.27,1.26,1.26,160000,0
2016-04-12,05:10:00,1.26,1.26,1.25,1.26,74000,0
2016-04-12,05:15:00,1.26,1.26,1.24,1.24,234000,0
2016-04-12,05:20:00,1.24,1.24,1.23,1.23,108000,0
2016-04-12,05:25:00,1.23,1.23,1.23,1.23,28000,0
2016-04-12,05:30:00,1.23,1.23,1.23,1.23,60000,0
2016-04-12,05:35:00,1.23,1.23,1.22,1.22,74000,0
2016-04-12,05:40:00,1.24,1.24,1.23,1.23,44000,0
2016-04-12,05:50:00,1.23,1.23,1.23,1.23,2000,0
2016-04-12,05:55:00,1.23,1.25,1.23,1.24,52000,0
2016-04-12,06:00:00,1.24,1.25,1.24,1.25,32000,0
2016-04-12,07:05:00,1.25,1.27,1.25,1.27,250000,0
2016-04-12,07:10:00,1.26,1.26,1.26,1.26,92000,0
2016-04-12,07:15:00,1.26,1.26,1.26,1.26,100000,0
2016-04-12,07:20:00,1.26,1.26,1.25,1.25,52000,0
2016-04-12,07:25:00,1.25,1.27,1.25,1.27,268000,0
2016-04-12,07:30:00,1.27,1.29,1.27,1.29,278000,0
2016-04-12,07:35:00,1.29,1.29,1.27,1.27,504000,0
2016-04-12,07:40:00,1.27,1.28,1.27,1.28,258000,0
2016-04-12,07:45:00,1.28,1.28,1.28,1.28,180000,0
2016-04-12,07:50:00,1.28,1.28,1.26,1.26,60000,0
2016-04-12,08:00:00,1.26,1.26,1.26,1.26,10000,0
2016-04-12,08:05:00,1.26,1.27,1.26,1.26,58000,0
2016-04-12,08:10:00,1.26,1.26,1.26,1.26,16000,0
2016-04-12,08:15:00,1.26,1.26,1.26,1.26,22000,0
2016-04-12,08:20:00,1.26,1.27,1.26,1.27,188000,0
2016-04-12,08:25:00,1.27,1.27,1.27,1.27,12000,0
2016-04-12,08:30:00,1.27,1.27,1.27,1.27,10000,0
2016-04-12,08:35:00,1.27,1.28,1.27,1.28,80000,0
2016-04-12,08:40:00,1.28,1.28,1.26,1.26,54000,0
2016-04-12,08:45:00,1.26,1.27,1.26,1.27,140000,0
2016-04-12,09:00:00,1.27,1.27,1.27,1.27,20000,0
2016-04-12,09:05:00,1.27,1.28,1.27,1.27,46000,0
2016-04-12,09:10:00,1.27,1.27,1.27,1.27,18000,0
2016-04-12,09:15:00,1.27,1.27,1.26,1.26,242000,0
2016-04-12,09:20:00,1.26,1.26,1.26,1.26,58000,0
2016-04-12,09:25:00,1.26,1.27,1.26,1.26,70000,0
2016-04-12,09:35:00,1.26,1.26,1.26,1.26,100000,0
2016-04-12,09:40:00,1.26,1.26,1.26,1.26,36000,0
2016-04-12,09:45:00,1.26,1.26,1.26,1.26,298000,0
2016-04-12,09:50:00,1.26,1.28,1.26,1.28,338000,0
2016-04-12,09:55:00,1.28,1.28,1.28,1.28,110000,0
2016-04-12,10:00:00,1.28,1.29,1.27,1.28,190000,0
2016-04-13,03:35:00,1.31,1.31,1.3,1.3,64000,0
2016-04-13,03:40:00,1.3,1.31,1.3,1.31,30000,0
2016-04-13,03:45:00,1.31,1.33,1.31,1.33,148000,0
2016-04-13,03:50:00,1.33,1.33,1.31,1.31,264000,0
2016-04-13,03:55:00,1.31,1.31,1.29,1.29,46000,0
2016-04-13,04:00:00,1.29,1.29,1.28,1.29,136000,0
2016-04-13,04:05:00,1.29,1.3,1.29,1.3,40000,0
2016-04-13,04:10:00,1.3,1.3,1.29,1.29,42000,0
2016-04-13,04:15:00,1.29,1.29,1.27,1.27,44000,0
2016-04-13,04:20:00,1.27,1.28,1.27,1.28,42000,0
2016-04-13,04:25:00,1.28,1.28,1.28,1.28,6000,0
2016-04-13,04:30:00,1.28,1.28,1.28,1.28,50000,0
2016-04-13,04:35:00,1.28,1.28,1.28,1.28,70000,0
2016-04-13,04:40:00,1.28,1.28,1.25,1.25,626000,0
2016-04-13,04:45:00,1.25,1.25,1.25,1.25,30000,0
2016-04-13,04:55:00,1.26,1.26,1.23,1.23,432000,0
2016-04-13,05:00:00,1.23,1.26,1.23,1.26,244000,0
2016-04-13,05:05:00,1.26,1.26,1.25,1.25,40000,0
2016-04-13,05:10:00,1.25,1.26,1.25,1.26,62000,0
2016-04-13,05:30:00,1.26,1.26,1.26,1.26,14000,0
2016-04-13,05:35:00,1.26,1.27,1.26,1.27,24000,0
2016-04-13,05:40:00,1.27,1.27,1.27,1.27,20000,0
2016-04-13,05:55:00,1.27,1.27,1.27,1.27,8000,0
2016-04-13,07:10:00,1.27,1.27,1.25,1.25,174000,0
2016-04-13,07:20:00,1.25,1.27,1.25,1.27,40000,0
2016-04-13,07:25:00,1.27,1.27,1.27,1.27,24000,0
2016-04-13,07:30:00,1.27,1.27,1.27,1.27,26000,0
2016-04-13,07:35:00,1.27,1.27,1.27,1.27,30000,0
2016-04-13,07:40:00,1.27,1.27,1.27,1.27,20000,0
2016-04-13,07:55:00,1.27,1.27,1.27,1.27,16000,0
2016-04-13,08:00:00,1.27,1.28,1.27,1.28,16000,0
2016-04-13,08:15:00,1.28,1.28,1.28,1.28,52000,0
2016-04-13,08:25:00,1.28,1.28,1.27,1.27,8000,0
2016-04-13,08:30:00,1.27,1.27,1.27,1.27,42000,0
2016-04-13,08:55:00,1.27,1.27,1.26,1.26,30000,0
2016-04-13,09:00:00,1.26,1.26,1.26,1.26,20000,0
2016-04-13,09:05:00,1.26,1.26,1.26,1.26,10000,0
2016-04-13,09:10:00,1.26,1.26,1.26,1.26,10000,0
2016-04-13,09:15:00,1.26,1.26,1.26,1.26,24000,0
2016-04-13,09:20:00,1.26,1.26,1.26,1.26,14000,0
2016-04-13,09:25:00,1.26,1.26,1.26,1.26,8000,0
2016-04-13,09:30:00,1.26,1.26,1.26,1.26,40000,0
2016-04-13,09:35:00,1.26,1.26,1.26,1.26,128000,0
2016-04-13,09:40:00,1.26,1.26,1.26,1.26,26000,0
2016-04-13,10:00:00,1.26,1.27,1.26,1.26,20000,0
