Date,Time,Open,High,Low,Close,Volume,OpenInt
2016-02-04,03:55:00,0.043,0.043,0.043,0.043,10000,0
2016-02-04,04:15:00,0.043,0.043,0.043,0.043,10000,0
2016-02-04,04:20:00,0.043,0.044,0.043,0.044,530000,0
2016-02-04,04:30:00,0.044,0.044,0.044,0.044,680000,0
2016-02-04,04:45:00,0.044,0.044,0.043,0.043,20000,0
2016-02-04,06:10:00,0.042,0.043,0.042,0.043,1000000,0
2016-02-04,07:35:00,0.043,0.043,0.043,0.043,300000,0
2016-02-04,07:40:00,0.043,0.043,0.043,0.043,490000,0
2016-02-04,07:45:00,0.043,0.043,0.043,0.043,10000,0
2016-02-04,08:35:00,0.042,0.043,0.042,0.043,1080000,0
2016-02-04,09:00:00,0.043,0.043,0.043,0.043,100000,0
2016-02-05,03:30:00,0.043,0.045,0.043,0.045,500000,0
2016-02-05,04:35:00,0.045,0.045,0.045,0.045,50000,0
2016-02-05,06:50:00,0.044,0.044,0.044,0.044,1750000,0
2016-02-05,07:10:00,0.044,0.045,0.044,0.045,5970000,0
2016-02-05,08:10:00,0.045,0.047,0.045,0.047,3000000,0
2016-02-05,08:35:00,0.046,0.047,0.046,0.047,140000,0
2016-02-05,08:40:00,0.046,0.046,0.046,0.046,1440000,0
2016-02-05,08:45:00,0.046,0.046,0.046,0.046,350000,0
2016-02-05,08:55:00,0.046,0.046,0.046,0.046,1000000,0
2016-02-05,09:00:00,0.046,0.048,0.046,0.048,10440000,0
2016-02-11,03:05:00,0.044,0.046,0.044,0.044,1640000,0
2016-02-11,03:10:00,0.043,0.044,0.043,0.044,200000,0
2016-02-11,03:30:00,0.043,0.044,0.043,0.044,320000,0
2016-02-11,04:35:00,0.044,0.05,0.044,0.05,16290000,0
2016-02-11,05:00:00,0.049,0.05,0.049,0.05,2910000,0
2016-02-11,06:05:00,0.05,0.05,0.05,0.05,100000,0
2016-02-11,06:10:00,0.05,0.05,0.05,0.05,1240000,0
2016-02-11,06:30:00,0.05,0.05,0.05,0.05,500000,0
2016-02-11,06:45:00,0.05,0.05,0.049,0.049,340000,0
2016-02-11,06:55:00,0.049,0.049,0.049,0.049,60000,0
2016-02-11,07:05:00,0.049,0.049,0.048,0.048,200000,0
2016-02-11,07:25:00,0.048,0.048,0.048,0.048,380000,0
2016-02-11,07:30:00,0.048,0.049,0.048,0.049,400000,0
2016-02-11,07:35:00,0.049,0.05,0.049,0.05,1920000,0
2016-02-11,08:25:00,0.049,0.049,0.049,0.049,500000,0
2016-02-11,08:45:00,0.049,0.049,0.047,0.047,2020000,0
2016-02-11,08:50:00,0.047,0.047,0.047,0.047,340000,0
2016-02-11,08:55:00,0.047,0.047,0.046,0.046,400000,0
2016-02-12,02:40:00,0.046,0.046,0.046,0.046,660000,0
2016-02-12,03:10:00,0.046,0.046,0.046,0.046,120000,0
2016-02-12,03:30:00,0.046,0.046,0.046,0.046,180000,0
2016-02-12,03:50:00,0.046,0.046,0.046,0.046,540000,0
2016-02-12,04:35:00,0.045,0.046,0.045,0.046,700000,0
2016-02-15,03:15:00,0.045,0.045,0.045,0.045,120000,0
2016-02-15,04:05:00,0.045,0.045,0.045,0.045,30000,0
2016-02-15,04:30:00,0.045,0.045,0.045,0.045,280000,0
2016-02-15,06:45:00,0.045,0.045,0.045,0.045,700000,0
2016-02-15,07:35:00,0.045,0.045,0.045,0.045,500000,0
2016-02-15,08:10:00,0.045,0.045,0.045,0.045,300000,0
2016-02-16,03:05:00,0.046,0.046,0.045,0.046,2000000,0
2016-02-16,03:20:00,0.046,0.046,0.046,0.046,70000,0
2016-02-16,03:55:00,0.045,0.046,0.045,0.046,60000,0
2016-02-16,04:20:00,0.046,0.046,0.046,0.046,140000,0
2016-02-16,04:30:00,0.046,0.047,0.046,0.047,40000,0
2016-02-16,04:45:00,0.047,0.047,0.046,0.046,120000,0
2016-02-16,07:30:00,0.045,0.046,0.045,0.046,400000,0
2016-02-16,08:20:00,0.046,0.046,0.046,0.046,50000,0
2016-02-17,04:00:00,0.046,0.046,0.045,0.046,1530000,0
2016-02-17,04:20:00,0.046,0.046,0.046,0.046,50000,0
2016-02-17,04:25:00,0.046,0.046,0.046,0.046,150000,0
2016-02-17,04:30:00,0.046,0.046,0.046,0.046,80000,0
2016-02-17,06:15:00,0.046,0.046,0.046,0.046,300000,0
2016-02-17,07:10:00,0.045,0.046,0.045,0.046,200000,0
2016-02-17,08:05:00,0.046,0.046,0.046,0.046,1750000,0
2016-02-17,08:35:00,0.046,0.046,0.046,0.046,400000,0
2016-02-18,03:00:00,0.048,0.048,0.046,0.048,2540000,0
2016-02-18,04:30:00,0.046,0.048,0.046,0.048,400000,0
2016-02-18,04:45:00,0.048,0.048,0.048,0.048,400000,0
2016-02-18,06:25:00,0.048,0.048,0.048,0.048,50000,0
2016-02-18,06:55:00,0.048,0.048,0.048,0.048,600000,0
2016-02-18,07:35:00,0.048,0.048,0.048,0.048,400000,0
2016-02-18,08:15:00,0.048,0.048,0.047,0.047,40000,0
2016-02-18,08:30:00,0.047,0.047,0.047,0.047,740000,0
2016-02-19,03:30:00,0.047,0.047,0.047,0.047,10000,0
2016-02-19,08:25:00,0.046,0.047,0.046,0.047,20000,0
2016-02-19,08:40:00,0.047,0.047,0.047,0.047,600000,0
2016-02-19,08:45:00,0.047,0.047,0.047,0.047,660000,0
2016-02-22,02:35:00,0.048,0.048,0.048,0.048,200000,0
2016-02-22,04:10:00,0.046,0.047,0.046,0.047,2000000,0
2016-02-22,04:30:00,0.047,0.048,0.047,0.048,1460000,0
2016-02-22,04:35:00,0.048,0.049,0.046,0.048,14000000,0
2016-02-22,04:40:00,0.048,0.049,0.048,0.049,90000,0
2016-02-22,04:45:00,0.049,0.049,0.048,0.048,500000,0
2016-02-22,04:55:00,0.048,0.049,0.048,0.049,130000,0
2016-02-22,05:00:00,0.049,0.05,0.049,0.05,2890000,0
2016-02-22,06:05:00,0.05,0.051,0.05,0.05,12620000,0
2016-02-22,06:10:00,0.05,0.05,0.05,0.05,2180000,0
2016-02-22,06:15:00,0.05,0.05,0.05,0.05,250000,0
2016-02-22,06:20:00,0.05,0.05,0.049,0.049,1040000,0
2016-02-22,06:25:00,0.049,0.049,0.049,0.049,300000,0
2016-02-22,06:30:00,0.049,0.049,0.049,0.049,60000,0
2016-02-22,06:35:00,0.049,0.049,0.049,0.049,30000,0
2016-02-22,06:45:00,0.049,0.049,0.049,0.049,270000,0
2016-02-22,07:20:00,0.049,0.049,0.049,0.049,600000,0
2016-02-22,07:25:00,0.049,0.049,0.049,0.049,300000,0
2016-02-22,07:45:00,0.049,0.049,0.049,0.049,30000,0
2016-02-22,07:50:00,0.049,0.05,0.049,0.05,630000,0
2016-02-22,07:55:00,0.05,0.05,0.05,0.05,2500000,0
2016-02-22,08:00:00,0.05,0.05,0.05,0.05,1000000,0
2016-02-22,08:15:00,0.05,0.05,0.049,0.049,460000,0
2016-02-22,08:35:00,0.049,0.05,0.049,0.05,20000,0
2016-02-22,09:00:00,0.05,0.05,0.05,0.05,30000,0
2016-02-23,02:35:00,0.051,0.051,0.051,0.051,70000,0
2016-02-23,02:40:00,0.051,0.051,0.05,0.05,1280000,0
2016-02-23,02:45:00,0.05,0.05,0.048,0.05,1460000,0
2016-02-23,02:55:00,0.049,0.049,0.049,0.049,310000,0
2016-02-23,03:55:00,0.048,0.049,0.048,0.049,630000,0
2016-02-23,04:00:00,0.049,0.049,0.049,0.049,250000,0
2016-02-23,06:55:00,0.049,0.049,0.049,0.049,100000,0
2016-02-23,08:50:00,0.048,0.049,0.048,0.049,1210000,0
2016-02-24,03:05:00,0.048,0.049,0.048,0.049,100000,0
2016-02-24,03:15:00,0.049,0.05,0.049,0.05,1300000,0
2016-02-24,03:20:00,0.05,0.05,0.05,0.05,3350000,0
2016-02-24,03:35:00,0.05,0.05,0.05,0.05,100000,0
2016-02-24,03:40:00,0.05,0.05,0.05,0.05,1950000,0
2016-02-24,03:50:00,0.05,0.051,0.05,0.051,420000,0
2016-02-24,04:20:00,0.05,0.05,0.049,0.049,1230000,0
2016-02-24,04:25:00,0.049,0.049,0.049,0.049,2540000,0
2016-02-24,04:30:00,0.049,0.049,0.049,0.049,330000,0
2016-02-24,04:35:00,0.049,0.049,0.049,0.049,10000,0
2016-02-24,07:40:00,0.048,0.049,0.048,0.049,380000,0
2016-02-24,08:05:00,0.049,0.049,0.049,0.049,300000,0
2016-02-24,08:15:00,0.049,0.049,0.049,0.049,30000,0
2016-02-24,08:45:00,0.048,0.049,0.048,0.049,200000,0
2016-02-25,02:45:00,0.049,0.049,0.049,0.049,90000,0
2016-02-25,02:50:00,0.049,0.049,0.049,0.049,870000,0
2016-02-25,03:15:00,0.049,0.05,0.049,0.05,2370000,0
2016-02-25,03:20:00,0.05,0.05,0.05,0.05,1000000,0
2016-02-25,03:50:00,0.05,0.05,0.049,0.049,760000,0
2016-02-25,04:10:00,0.049,0.05,0.049,0.05,3550000,0
2016-02-25,04:15:00,0.05,0.05,0.05,0.05,3940000,0
2016-02-25,04:20:00,0.05,0.055,0.05,0.053,12470000,0
2016-02-25,04:25:00,0.053,0.053,0.052,0.052,3000000,0
2016-02-25,04:30:00,0.052,0.052,0.052,0.052,1830000,0
2016-02-25,04:40:00,0.052,0.052,0.052,0.052,2700000,0
2016-02-25,04:55:00,0.052,0.052,0.052,0.052,1510000,0
2016-02-25,06:05:00,0.052,0.052,0.051,0.051,1600000,0
2016-02-25,06:10:00,0.051,0.051,0.051,0.051,1180000,0
2016-02-25,06:20:00,0.051,0.051,0.05,0.05,370000,0
2016-02-25,06:25:00,0.05,0.05,0.05,0.05,240000,0
2016-02-25,06:35:00,0.05,0.052,0.05,0.05,12660000,0
2016-02-25,06:40:00,0.05,0.05,0.05,0.05,4210000,0
2016-02-25,06:45:00,0.05,0.05,0.05,0.05,10000,0
2016-02-25,06:55:00,0.05,0.052,0.05,0.052,1090000,0
2016-02-25,07:15:00,0.052,0.052,0.05,0.05,20000,0
2016-02-25,07:30:00,0.05,0.05,0.05,0.05,1000000,0
2016-02-25,07:50:00,0.05,0.051,0.05,0.051,1070000,0
2016-02-25,08:00:00,0.051,0.051,0.05,0.05,610000,0
2016-02-25,08:10:00,0.05,0.05,0.05,0.05,700000,0
2016-02-25,08:25:00,0.05,0.05,0.05,0.05,250000,0
2016-02-25,08:50:00,0.05,0.05,0.05,0.05,1040000,0
2016-02-25,08:55:00,0.05,0.05,0.05,0.05,2000000,0
2016-02-25,09:00:00,0.05,0.052,0.05,0.052,3480000,0
2016-02-26,02:35:00,0.052,0.054,0.052,0.052,10040000,0
2016-02-26,02:40:00,0.052,0.053,0.052,0.053,1520000,0
2016-02-26,02:45:00,0.053,0.053,0.053,0.053,1170000,0
2016-02-26,02:50:00,0.053,0.054,0.053,0.054,6100000,0
2016-02-26,02:55:00,0.054,0.055,0.053,0.054,3030000,0
2016-02-26,03:00:00,0.054,0.054,0.053,0.054,2070000,0
2016-02-26,03:05:00,0.054,0.054,0.052,0.053,2180000,0
2016-02-26,03:10:00,0.053,0.053,0.052,0.052,680000,0
2016-02-26,03:15:00,0.052,0.052,0.052,0.052,490000,0
2016-02-26,03:25:00,0.052,0.052,0.052,0.052,1000000,0
2016-02-26,03:30:00,0.052,0.053,0.051,0.053,1100000,0
2016-02-26,03:40:00,0.053,0.053,0.052,0.052,400000,0
2016-02-26,03:45:00,0.052,0.053,0.052,0.053,320000,0
2016-02-26,03:50:00,0.053,0.053,0.052,0.052,500000,0
2016-02-26,03:55:00,0.052,0.052,0.052,0.052,500000,0
2016-02-26,04:00:00,0.052,0.053,0.052,0.053,20000,0
2016-02-26,04:05:00,0.053,0.053,0.052,0.052,420000,0
2016-02-26,04:10:00,0.052,0.052,0.052,0.052,40000,0
2016-02-26,04:20:00,0.052,0.052,0.052,0.052,200000,0
2016-02-26,04:25:00,0.052,0.052,0.051,0.052,1120000,0
2016-02-26,04:30:00,0.052,0.053,0.051,0.053,5630000,0
2016-02-26,04:35:00,0.053,0.053,0.051,0.051,4060000,0
2016-02-26,04:40:00,0.051,0.051,0.051,0.051,610000,0
2016-02-26,04:45:00,0.051,0.052,0.051,0.052,120000,0
2016-02-26,04:50:00,0.052,0.052,0.051,0.051,2360000,0
2016-02-26,05:00:00,0.051,0.052,0.051,0.052,20000,0
2016-02-26,06:15:00,0.052,0.052,0.052,0.052,410000,0
2016-02-26,06:30:00,0.052,0.052,0.051,0.051,2100000,0
2016-02-26,06:40:00,0.051,0.051,0.051,0.051,50000,0
2016-02-26,07:00:00,0.051,0.051,0.051,0.051,80000,0
2016-02-26,07:15:00,0.051,0.051,0.051,0.051,200000,0
2016-02-26,07:20:00,0.051,0.051,0.051,0.051,140000,0
2016-02-26,07:40:00,0.05,0.051,0.05,0.051,240000,0
2016-02-26,07:55:00,0.05,0.051,0.05,0.051,3570000,0
2016-02-26,08:00:00,0.051,0.051,0.051,0.051,500000,0
2016-02-26,08:10:00,0.051,0.051,0.051,0.051,1000000,0
2016-02-26,08:40:00,0.051,0.051,0.051,0.051,1000000,0
2016-02-29,02:35:00,0.05,0.05,0.05,0.05,520000,0
2016-02-29,02:40:00,0.05,0.05,0.05,0.05,510000,0
2016-02-29,02:45:00,0.05,0.052,0.05,0.052,20000,0
2016-02-29,02:50:00,0.051,0.051,0.051,0.051,10000,0
2016-02-29,02:55:00,0.051,0.051,0.051,0.051,40000,0
2016-02-29,03:10:00,0.051,0.051,0.05,0.051,1160000,0
2016-02-29,03:20:00,0.051,0.051,0.05,0.05,6650000,0
2016-02-29,03:35:00,0.05,0.05,0.05,0.05,530000,0
2016-02-29,04:00:00,0.05,0.05,0.05,0.05,10000,0
2016-02-29,04:05:00,0.05,0.05,0.05,0.05,90000,0
2016-02-29,04:45:00,0.05,0.05,0.05,0.05,100000,0
2016-02-29,06:55:00,0.049,0.05,0.049,0.05,3840000,0
2016-02-29,07:05:00,0.05,0.05,0.05,0.05,20000,0
2016-03-01,02:40:00,0.049,0.05,0.049,0.05,1000000,0
2016-03-01,02:45:00,0.05,0.05,0.05,0.05,1000000,0
2016-03-01,03:05:00,0.05,0.05,0.05,0.05,1000000,0
2016-03-01,03:25:00,0.049,0.05,0.049,0.05,1440000,0
2016-03-01,03:30:00,0.05,0.051,0.05,0.051,20000,0
2016-03-01,04:20:00,0.051,0.051,0.05,0.05,9490000,0
2016-03-01,05:00:00,0.049,0.05,0.049,0.05,20000,0
2016-03-01,06:05:00,0.05,0.05,0.05,0.05,400000,0
2016-03-01,07:40:00,0.049,0.05,0.049,0.05,20000,0
2016-03-01,08:35:00,0.05,0.05,0.05,0.05,2000000,0
2016-03-01,08:50:00,0.05,0.05,0.05,0.05,60000,0
2016-03-02,02:35:00,0.05,0.05,0.05,0.05,4000000,0
2016-03-02,02:40:00,0.05,0.05,0.05,0.05,500000,0
2016-03-02,03:25:00,0.05,0.05,0.05,0.05,200000,0
2016-03-02,03:30:00,0.05,0.05,0.05,0.05,780000,0
2016-03-02,03:40:00,0.05,0.05,0.05,0.05,320000,0
2016-03-02,04:00:00,0.049,0.05,0.049,0.05,2000000,0
2016-03-02,04:35:00,0.049,0.05,0.049,0.05,1090000,0
2016-03-02,04:45:00,0.05,0.05,0.05,0.05,150000,0
2016-03-02,06:05:00,0.05,0.05,0.05,0.05,1360000,0
2016-03-02,06:20:00,0.05,0.05,0.05,0.05,40000,0
2016-03-02,06:35:00,0.05,0.05,0.05,0.05,4200000,0
2016-03-02,06:40:00,0.05,0.05,0.05,0.05,100000,0
2016-03-02,06:50:00,0.05,0.05,0.05,0.05,100000,0
2016-03-02,07:05:00,0.049,0.05,0.049,0.05,2600000,0
2016-03-02,07:30:00,0.049,0.05,0.049,0.05,1700000,0
2016-03-02,07:40:00,0.05,0.051,0.05,0.051,2050000,0
2016-03-02,07:55:00,0.051,0.051,0.05,0.05,700000,0
2016-03-02,08:35:00,0.05,0.05,0.05,0.05,500000,0
2016-03-02,08:50:00,0.049,0.05,0.049,0.05,800000,0
2016-03-02,09:00:00,0.05,0.051,0.05,0.051,490000,0
2016-03-03,02:45:00,0.051,0.051,0.051,0.051,1000000,0
2016-03-03,03:15:00,0.051,0.051,0.051,0.051,200000,0
2016-03-03,03:40:00,0.05,0.051,0.05,0.051,200000,0
2016-03-03,03:50:00,0.051,0.051,0.051,0.051,300000,0
2016-03-03,05:00:00,0.05,0.051,0.05,0.051,140000,0
2016-03-03,06:05:00,0.051,0.051,0.051,0.051,1150000,0
2016-03-03,07:40:00,0.05,0.051,0.05,0.051,400000,0
2016-03-03,08:25:00,0.05,0.051,0.05,0.051,220000,0
2016-03-04,02:40:00,0.05,0.051,0.05,0.051,540000,0
2016-03-04,03:00:00,0.051,0.051,0.05,0.05,80000,0
2016-03-04,03:30:00,0.05,0.05,0.05,0.05,910000,0
2016-03-04,03:45:00,0.05,0.05,0.05,0.05,1040000,0
2016-03-04,03:50:00,0.05,0.05,0.05,0.05,560000,0
2016-03-04,04:00:00,0.05,0.05,0.049,0.049,9990000,0
2016-03-04,04:05:00,0.049,0.049,0.049,0.049,500000,0
2016-03-04,04:15:00,0.049,0.05,0.049,0.05,1000000,0
2016-03-04,04:20:00,0.05,0.05,0.049,0.049,400000,0
2016-03-04,04:50:00,0.049,0.05,0.049,0.05,180000,0
2016-03-04,04:55:00,0.05,0.05,0.049,0.049,200000,0
2016-03-04,05:00:00,0.049,0.049,0.049,0.049,8500000,0
2016-03-04,06:05:00,0.049,0.049,0.049,0.049,20000,0
2016-03-04,06:15:00,0.049,0.049,0.049,0.049,20000,0
2016-03-04,06:35:00,0.049,0.049,0.049,0.049,160000,0
2016-03-04,06:40:00,0.049,0.049,0.049,0.049,770000,0
2016-03-04,06:50:00,0.049,0.049,0.049,0.049,1000000,0
2016-03-04,07:00:00,0.049,0.049,0.049,0.049,500000,0
2016-03-04,07:05:00,0.049,0.049,0.049,0.049,700000,0
2016-03-04,07:15:00,0.049,0.049,0.049,0.049,960000,0
2016-03-04,07:25:00,0.049,0.049,0.049,0.049,40000,0
2016-03-04,07:30:00,0.049,0.049,0.049,0.049,200000,0
2016-03-04,07:35:00,0.049,0.049,0.049,0.049,260000,0
2016-03-04,07:40:00,0.049,0.05,0.049,0.05,820000,0
2016-03-04,07:45:00,0.05,0.05,0.05,0.05,1000000,0
2016-03-04,07:55:00,0.05,0.05,0.05,0.05,960000,0
2016-03-04,08:00:00,0.05,0.05,0.05,0.05,200000,0
2016-03-04,08:05:00,0.05,0.05,0.049,0.049,6060000,0
2016-03-04,08:15:00,0.049,0.049,0.049,0.049,100000,0
2016-03-04,08:45:00,0.049,0.049,0.048,0.048,21050000,0
2016-03-04,08:50:00,0.047,0.048,0.047,0.048,1300000,0
2016-03-04,08:55:00,0.048,0.049,0.048,0.049,20000,0
2016-03-04,09:00:00,0.049,0.049,0.047,0.048,2010000,0
2016-03-07,02:40:00,0.048,0.049,0.048,0.049,3660000,0
2016-03-07,02:45:00,0.049,0.049,0.049,0.049,700000,0
2016-03-07,02:50:00,0.049,0.049,0.049,0.049,1000000,0
2016-03-07,02:55:00,0.049,0.049,0.049,0.049,300000,0
2016-03-07,03:00:00,0.049,0.049,0.049,0.049,30000,0
2016-03-07,03:05:00,0.049,0.049,0.049,0.049,700000,0
2016-03-07,03:15:00,0.049,0.049,0.049,0.049,200000,0
2016-03-07,03:20:00,0.049,0.049,0.049,0.049,200000,0
2016-03-07,03:25:00,0.049,0.049,0.048,0.048,400000,0
2016-03-07,03:35:00,0.048,0.048,0.048,0.048,3530000,0
2016-03-07,04:10:00,0.048,0.048,0.048,0.048,200000,0
2016-03-07,04:15:00,0.048,0.048,0.048,0.048,3600000,0
2016-03-07,04:30:00,0.048,0.048,0.048,0.048,1400000,0
2016-03-07,06:10:00,0.047,0.048,0.047,0.048,110000,0
2016-03-07,06:15:00,0.048,0.048,0.048,0.048,170000,0
2016-03-07,08:25:00,0.047,0.048,0.047,0.048,20000,0
2016-03-07,08:35:00,0.047,0.048,0.047,0.048,20000,0
2016-03-07,08:40:00,0.048,0.048,0.048,0.048,3660000,0
2016-03-07,08:45:00,0.048,0.048,0.048,0.048,40000,0
2016-03-07,08:50:00,0.048,0.048,0.048,0.048,740000,0
2016-03-07,08:55:00,0.048,0.048,0.048,0.048,1020000,0
2016-03-07,09:00:00,0.047,0.049,0.047,0.049,1840000,0
2016-03-08,02:35:00,0.048,0.049,0.048,0.049,1330000,0
2016-03-08,02:40:00,0.049,0.049,0.048,0.048,1860000,0
2016-03-08,02:45:00,0.048,0.048,0.048,0.048,150000,0
2016-03-08,03:05:00,0.047,0.048,0.047,0.048,1920000,0
2016-03-08,03:10:00,0.048,0.048,0.048,0.048,580000,0
2016-03-08,03:20:00,0.047,0.049,0.047,0.049,60000,0
2016-03-08,03:40:00,0.047,0.048,0.047,0.048,700000,0
2016-03-08,07:50:00,0.047,0.048,0.047,0.048,360000,0
2016-03-08,07:55:00,0.048,0.048,0.048,0.048,210000,0
2016-03-08,08:10:00,0.048,0.048,0.048,0.048,300000,0
2016-03-08,08:20:00,0.048,0.048,0.048,0.048,9000000,0
2016-03-08,08:30:00,0.048,0.048,0.048,0.048,1000000,0
2016-03-08,08:40:00,0.048,0.048,0.048,0.048,1600000,0
2016-03-08,08:45:00,0.048,0.048,0.048,0.048,380000,0
2016-03-08,08:55:00,0.047,0.048,0.047,0.048,1900000,0
2016-03-09,02:45:00,0.049,0.049,0.048,0.048,820000,0
2016-03-09,03:05:00,0.048,0.048,0.048,0.048,70000,0
2016-03-09,03:25:00,0.048,0.048,0.048,0.048,30000,0
2016-03-09,03:35:00,0.047,0.048,0.047,0.048,400000,0
2016-03-09,03:40:00,0.048,0.049,0.048,0.049,1120000,0
2016-03-09,04:25:00,0.049,0.049,0.048,0.048,40000,0
2016-03-09,04:35:00,0.048,0.048,0.048,0.048,100000,0
2016-03-09,04:50:00,0.048,0.048,0.048,0.048,690000,0
2016-03-09,04:55:00,0.048,0.048,0.048,0.048,10000,0
2016-03-09,06:15:00,0.048,0.048,0.048,0.048,160000,0
2016-03-09,06:25:00,0.048,0.048,0.047,0.048,490000,0
2016-03-09,07:05:00,0.048,0.049,0.048,0.049,80000,0
2016-03-09,07:20:00,0.049,0.049,0.049,0.049,300000,0
2016-03-09,08:25:00,0.049,0.049,0.049,0.049,2800000,0
2016-03-09,08:35:00,0.049,0.049,0.049,0.049,20000,0
2016-03-09,08:40:00,0.049,0.049,0.049,0.049,2030000,0
2016-03-09,08:45:00,0.049,0.05,0.049,0.05,120000,0
2016-03-09,08:50:00,0.05,0.05,0.05,0.05,2500000,0
2016-03-09,08:55:00,0.05,0.051,0.05,0.051,1320000,0
2016-03-09,09:00:00,0.051,0.051,0.05,0.051,1800000,0
2016-03-10,02:45:00,0.051,0.051,0.05,0.05,1200000,0
2016-03-10,03:15:00,0.05,0.05,0.05,0.05,200000,0
2016-03-10,03:30:00,0.05,0.05,0.05,0.05,160000,0
2016-03-10,03:50:00,0.05,0.05,0.05,0.05,380000,0
2016-03-10,03:55:00,0.05,0.05,0.05,0.05,460000,0
2016-03-10,04:10:00,0.05,0.05,0.05,0.05,200000,0
2016-03-10,04:45:00,0.05,0.05,0.049,0.049,80000,0
2016-03-10,06:15:00,0.049,0.049,0.049,0.049,300000,0
2016-03-10,06:20:00,0.049,0.049,0.049,0.049,200000,0
2016-03-10,07:10:00,0.049,0.049,0.049,0.049,560000,0
2016-03-10,08:20:00,0.049,0.049,0.049,0.049,1140000,0
2016-03-10,08:30:00,0.049,0.049,0.049,0.049,10000,0
2016-03-10,08:45:00,0.049,0.049,0.049,0.049,490000,0
2016-03-11,02:35:00,0.048,0.048,0.048,0.048,100000,0
2016-03-11,02:40:00,0.048,0.048,0.048,0.048,200000,0
2016-03-11,03:30:00,0.048,0.048,0.048,0.048,2000000,0
2016-03-11,03:45:00,0.048,0.048,0.048,0.048,60000,0
2016-03-11,06:40:00,0.048,0.049,0.048,0.049,40000,0
2016-03-11,06:55:00,0.049,0.049,0.048,0.048,2800000,0
2016-03-11,07:25:00,0.047,0.048,0.047,0.048,630000,0
2016-03-11,07:40:00,0.048,0.048,0.048,0.048,200000,0
2016-03-11,08:25:00,0.048,0.048,0.048,0.048,150000,0
2016-03-11,08:35:00,0.048,0.048,0.048,0.048,290000,0
2016-03-11,08:45:00,0.048,0.048,0.048,0.048,150000,0
2016-03-11,09:00:00,0.048,0.048,0.048,0.048,1000000,0
2016-03-14,02:35:00,0.047,0.048,0.047,0.048,400000,0
2016-03-14,02:40:00,0.048,0.048,0.048,0.048,100000,0
2016-03-14,03:00:00,0.048,0.048,0.048,0.048,650000,0
2016-03-14,03:25:00,0.048,0.048,0.048,0.048,700000,0
2016-03-14,03:30:00,0.048,0.048,0.048,0.048,1000000,0
2016-03-14,03:35:00,0.048,0.049,0.048,0.049,2370000,0
2016-03-14,03:45:00,0.049,0.049,0.049,0.049,50000,0
2016-03-14,06:35:00,0.049,0.049,0.048,0.048,2660000,0
2016-03-14,07:05:00,0.048,0.048,0.048,0.048,1150000,0
2016-03-14,07:20:00,0.048,0.048,0.048,0.048,1350000,0
2016-03-14,07:35:00,0.048,0.048,0.048,0.048,1800000,0
2016-03-14,08:05:00,0.048,0.048,0.048,0.048,1600000,0
2016-03-14,08:15:00,0.048,0.048,0.048,0.048,7500000,0
2016-03-14,08:20:00,0.048,0.048,0.048,0.048,9650000,0
2016-03-14,08:25:00,0.048,0.049,0.048,0.049,40000,0
2016-03-14,08:40:00,0.049,0.049,0.048,0.048,60000,0
2016-03-14,08:45:00,0.048,0.048,0.048,0.048,4000000,0
2016-03-14,08:55:00,0.048,0.048,0.048,0.048,4420000,0
2016-03-15,03:40:00,0.047,0.048,0.047,0.048,20000,0
2016-03-15,04:00:00,0.048,0.049,0.048,0.049,890000,0
2016-03-15,04:05:00,0.049,0.049,0.049,0.049,10000,0
2016-03-15,04:10:00,0.049,0.051,0.049,0.05,2520000,0
2016-03-15,04:20:00,0.05,0.05,0.049,0.049,2060000,0
2016-03-15,04:25:00,0.049,0.049,0.049,0.049,300000,0
2016-03-15,05:00:00,0.049,0.049,0.049,0.049,80000,0
2016-03-15,06:35:00,0.049,0.049,0.048,0.048,260000,0
2016-03-15,06:40:00,0.048,0.048,0.048,0.048,870000,0
2016-03-15,06:45:00,0.048,0.049,0.048,0.049,500000,0
2016-03-15,06:55:00,0.049,0.05,0.049,0.05,11770000,0
2016-03-15,07:20:00,0.049,0.049,0.049,0.049,600000,0
2016-03-15,08:30:00,0.049,0.049,0.049,0.049,50000,0
2016-03-15,08:45:00,0.049,0.049,0.048,0.048,350000,0
2016-03-15,08:50:00,0.048,0.048,0.048,0.048,100000,0
2016-03-15,08:55:00,0.047,0.048,0.047,0.048,20000,0
2016-03-16,02:35:00,0.049,0.051,0.048,0.049,2240000,0
2016-03-16,02:40:00,0.049,0.049,0.048,0.048,2020000,0
2016-03-16,02:45:00,0.048,0.048,0.048,0.048,200000,0
2016-03-16,02:50:00,0.048,0.049,0.048,0.049,2800000,0
2016-03-16,02:55:00,0.049,0.049,0.049,0.049,20000,0
2016-03-16,03:05:00,0.049,0.049,0.049,0.049,570000,0
2016-03-16,03:35:00,0.049,0.049,0.049,0.049,10000,0
2016-03-16,03:50:00,0.049,0.049,0.049,0.049,110000,0
2016-03-16,03:55:00,0.049,0.049,0.048,0.049,3120000,0
2016-03-16,04:00:00,0.049,0.049,0.049,0.049,200000,0
2016-03-16,04:40:00,0.049,0.049,0.048,0.048,340000,0
2016-03-16,04:55:00,0.048,0.048,0.048,0.048,400000,0
2016-03-16,05:00:00,0.048,0.049,0.048,0.049,20000,0
2016-03-16,06:05:00,0.049,0.049,0.048,0.049,3460000,0
2016-03-16,06:20:00,0.049,0.049,0.048,0.048,40000,0
2016-03-16,06:35:00,0.047,0.048,0.047,0.048,1920000,0
2016-03-16,06:40:00,0.048,0.048,0.048,0.048,300000,0
2016-03-16,06:50:00,0.048,0.048,0.048,0.048,220000,0
2016-03-16,06:55:00,0.048,0.049,0.048,0.048,1280000,0
2016-03-16,07:10:00,0.047,0.049,0.047,0.049,2710000,0
2016-03-16,07:25:00,0.049,0.049,0.048,0.048,40000,0
2016-03-16,07:30:00,0.048,0.048,0.048,0.048,30000,0
2016-03-16,07:40:00,0.048,0.048,0.048,0.048,220000,0
2016-03-16,07:45:00,0.048,0.048,0.048,0.048,500000,0
2016-03-16,08:20:00,0.047,0.048,0.047,0.048,20000,0
2016-03-16,08:30:00,0.048,0.048,0.047,0.048,3240000,0
2016-03-16,08:35:00,0.048,0.048,0.048,0.048,50000,0
2016-03-16,08:40:00,0.048,0.048,0.048,0.048,150000,0
2016-03-16,09:00:00,0.047,0.048,0.047,0.048,60000,0
2016-03-17,02:35:00,0.048,0.048,0.048,0.048,3300000,0
2016-03-17,02:40:00,0.048,0.048,0.048,0.048,280000,0
2016-03-17,02:55:00,0.048,0.048,0.048,0.048,700000,0
2016-03-17,03:00:00,0.047,0.048,0.047,0.048,20000,0
2016-03-17,03:10:00,0.048,0.048,0.048,0.048,1000000,0
2016-03-17,03:20:00,0.048,0.048,0.048,0.048,200000,0
2016-03-17,03:50:00,0.048,0.048,0.048,0.048,200000,0
2016-03-17,03:55:00,0.048,0.048,0.048,0.048,400000,0
2016-03-17,04:15:00,0.048,0.048,0.048,0.048,800000,0
2016-03-17,04:25:00,0.048,0.048,0.048,0.048,1000000,0
2016-03-17,04:35:00,0.048,0.048,0.047,0.048,590000,0
2016-03-17,04:40:00,0.048,0.048,0.048,0.048,1050000,0
2016-03-17,04:45:00,0.048,0.048,0.048,0.048,1250000,0
2016-03-17,06:55:00,0.047,0.048,0.047,0.048,400000,0
2016-03-17,07:00:00,0.048,0.048,0.048,0.048,300000,0
2016-03-17,07:10:00,0.048,0.048,0.048,0.048,210000,0
2016-03-17,07:20:00,0.048,0.048,0.048,0.048,1000000,0
2016-03-17,07:25:00,0.047,0.048,0.047,0.048,200000,0
2016-03-17,07:35:00,0.048,0.048,0.048,0.048,2900000,0
2016-03-18,02:50:00,0.048,0.048,0.048,0.048,530000,0
2016-03-18,03:00:00,0.048,0.048,0.048,0.048,50000,0
2016-03-18,03:05:00,0.048,0.048,0.048,0.048,20000,0
2016-03-18,03:10:00,0.048,0.048,0.048,0.048,1000000,0
2016-03-18,04:55:00,0.047,0.048,0.047,0.048,140000,0
2016-03-18,06:05:00,0.048,0.048,0.048,0.048,500000,0
2016-03-18,06:20:00,0.048,0.048,0.048,0.048,400000,0
2016-03-18,06:45:00,0.048,0.048,0.048,0.048,200000,0
2016-03-18,07:20:00,0.048,0.048,0.048,0.048,300000,0
2016-03-18,07:50:00,0.048,0.048,0.048,0.048,300000,0
2016-03-18,08:05:00,0.047,0.048,0.047,0.048,200000,0
2016-03-18,08:25:00,0.047,0.048,0.047,0.048,200000,0
2016-03-18,08:30:00,0.048,0.048,0.048,0.048,200000,0
2016-03-18,09:00:00,0.047,0.048,0.047,0.048,100000,0
2016-03-21,03:50:00,0.048,0.049,0.048,0.049,20000,0
2016-03-21,03:55:00,0.049,0.049,0.049,0.049,1000000,0
2016-03-21,06:15:00,0.048,0.049,0.048,0.049,200000,0
2016-03-21,06:50:00,0.049,0.049,0.049,0.049,490000,0
2016-03-21,08:05:00,0.049,0.049,0.049,0.049,800000,0
2016-03-21,08:10:00,0.049,0.049,0.049,0.049,100000,0
2016-03-21,08:15:00,0.049,0.049,0.049,0.049,910000,0
2016-03-22,02:35:00,0.048,0.048,0.048,0.048,60000,0
2016-03-22,03:35:00,0.048,0.048,0.048,0.048,210000,0
2016-03-22,07:45:00,0.047,0.048,0.047,0.048,200000,0
2016-03-22,08:30:00,0.047,0.048,0.047,0.048,800000,0
2016-03-23,03:10:00,0.047,0.048,0.047,0.048,2620000,0
2016-03-23,03:15:00,0.048,0.048,0.048,0.048,3290000,0
2016-03-23,03:25:00,0.048,0.048,0.048,0.048,1000000,0
2016-03-23,04:05:00,0.047,0.048,0.047,0.048,400000,0
2016-03-23,04:15:00,0.047,0.048,0.047,0.048,100000,0
2016-03-23,09:00:00,0.047,0.048,0.047,0.048,1010000,0
2016-03-24,03:45:00,0.047,0.048,0.047,0.048,6720000,0
2016-03-24,03:50:00,0.048,0.048,0.048,0.048,1940000,0
2016-03-24,04:00:00,0.048,0.049,0.048,0.049,200000,0
2016-03-24,04:10:00,0.049,0.049,0.049,0.049,2090000,0
2016-03-24,04:15:00,0.049,0.05,0.048,0.049,100000,0
2016-03-24,04:20:00,0.049,0.05,0.049,0.05,20000,0
2016-03-24,04:25:00,0.05,0.05,0.05,0.05,1480000,0
2016-03-24,04:30:00,0.05,0.05,0.05,0.05,1520000,0
2016-03-24,04:35:00,0.05,0.053,0.05,0.053,15840000,0
2016-03-24,04:40:00,0.053,0.053,0.051,0.052,17850000,0
2016-03-24,04:45:00,0.052,0.052,0.051,0.052,7150000,0
2016-03-24,04:50:00,0.052,0.052,0.051,0.052,1830000,0
2016-03-24,04:55:00,0.052,0.052,0.051,0.052,5490000,0
2016-03-24,05:00:00,0.052,0.052,0.05,0.051,5240000,0
2016-03-24,06:05:00,0.051,0.051,0.049,0.049,1020000,0
2016-03-24,06:15:00,0.049,0.049,0.049,0.049,110000,0
2016-03-24,06:30:00,0.049,0.049,0.048,0.048,5420000,0
2016-03-24,06:35:00,0.048,0.049,0.048,0.049,2930000,0
2016-03-24,06:55:00,0.049,0.049,0.048,0.049,1750000,0
2016-03-24,07:00:00,0.049,0.049,0.048,0.049,220000,0
2016-03-24,07:15:00,0.049,0.049,0.048,0.049,720000,0
2016-03-24,07:25:00,0.049,0.049,0.048,0.048,20000,0
2016-03-24,08:00:00,0.048,0.048,0.048,0.048,300000,0
2016-03-24,08:10:00,0.048,0.048,0.048,0.048,390000,0
2016-03-24,08:15:00,0.048,0.048,0.048,0.048,360000,0
2016-03-24,09:00:00,0.048,0.049,0.048,0.048,730000,0
2016-03-29,03:35:00,0.048,0.05,0.048,0.049,400000,0
2016-03-29,03:40:00,0.049,0.049,0.049,0.049,1740000,0
2016-03-29,03:50:00,0.049,0.05,0.049,0.05,3410000,0
2016-03-29,03:55:00,0.05,0.051,0.05,0.05,410000,0
2016-03-29,04:05:00,0.05,0.05,0.05,0.05,1290000,0
2016-03-29,04:10:00,0.05,0.051,0.05,0.051,3120000,0
2016-03-29,04:15:00,0.051,0.052,0.051,0.051,3140000,0
2016-03-29,04:20:00,0.051,0.051,0.051,0.051,200000,0
2016-03-29,04:30:00,0.051,0.051,0.05,0.051,1520000,0
2016-03-29,04:35:00,0.051,0.051,0.051,0.051,130000,0
2016-03-29,04:40:00,0.051,0.051,0.051,0.051,110000,0
2016-03-29,04:55:00,0.051,0.051,0.051,0.051,2000000,0
2016-03-29,05:00:00,0.051,0.051,0.051,0.051,180000,0
2016-03-29,05:15:00,0.051,0.051,0.05,0.051,2860000,0
2016-03-29,05:20:00,0.051,0.051,0.05,0.05,400000,0
2016-03-29,05:25:00,0.05,0.051,0.05,0.051,180000,0
2016-03-29,05:30:00,0.051,0.051,0.049,0.049,7930000,0
2016-03-29,05:35:00,0.049,0.05,0.049,0.05,600000,0
2016-03-29,05:40:00,0.05,0.05,0.05,0.05,200000,0
2016-03-29,05:55:00,0.05,0.05,0.05,0.05,160000,0
2016-03-29,07:15:00,0.05,0.05,0.05,0.05,1020000,0
2016-03-29,07:25:00,0.05,0.05,0.05,0.05,10000,0
2016-03-29,07:50:00,0.05,0.05,0.049,0.049,300000,0
2016-03-29,08:35:00,0.049,0.049,0.049,0.049,60000,0
2016-03-29,08:45:00,0.049,0.049,0.049,0.049,6000000,0
2016-03-29,09:00:00,0.049,0.049,0.049,0.049,4170000,0
2016-03-29,09:05:00,0.049,0.05,0.049,0.05,280000,0
2016-03-29,09:10:00,0.05,0.05,0.05,0.05,120000,0
2016-03-29,09:20:00,0.05,0.05,0.05,0.05,2120000,0
2016-03-29,09:25:00,0.05,0.05,0.049,0.049,5350000,0
2016-03-29,09:30:00,0.049,0.049,0.049,0.049,2310000,0
2016-03-29,09:45:00,0.049,0.05,0.049,0.05,400000,0
2016-03-29,09:50:00,0.05,0.05,0.049,0.049,310000,0
2016-03-29,09:55:00,0.049,0.05,0.049,0.05,3850000,0
2016-03-29,10:00:00,0.05,0.05,0.05,0.05,500000,0
2016-03-30,03:35:00,0.05,0.051,0.05,0.051,5280000,0
2016-03-30,03:40:00,0.051,0.051,0.051,0.051,2540000,0
2016-03-30,03:45:00,0.051,0.051,0.051,0.051,1570000,0
2016-03-30,03:50:00,0.051,0.051,0.051,0.051,720000,0
2016-03-30,04:00:00,0.051,0.051,0.051,0.051,300000,0
2016-03-30,04:15:00,0.051,0.051,0.051,0.051,70000,0
2016-03-30,04:20:00,0.051,0.051,0.051,0.051,80000,0
2016-03-30,04:30:00,0.051,0.051,0.05,0.05,200000,0
2016-03-30,04:35:00,0.05,0.05,0.05,0.05,50000,0
2016-03-30,04:45:00,0.05,0.05,0.05,0.05,1730000,0
2016-03-30,04:50:00,0.05,0.05,0.05,0.05,1070000,0
2016-03-30,05:15:00,0.05,0.05,0.05,0.05,600000,0
2016-03-30,05:30:00,0.05,0.05,0.05,0.05,60000,0
2016-03-30,05:35:00,0.05,0.05,0.05,0.05,600000,0
2016-03-30,05:55:00,0.05,0.05,0.05,0.05,100000,0
2016-03-30,07:20:00,0.05,0.05,0.05,0.05,150000,0
2016-03-30,07:25:00,0.05,0.05,0.05,0.05,10000,0
2016-03-30,07:50:00,0.05,0.05,0.05,0.05,500000,0
2016-03-30,08:10:00,0.05,0.05,0.05,0.05,380000,0
2016-03-30,08:20:00,0.05,0.051,0.05,0.051,3020000,0
2016-03-30,08:30:00,0.051,0.051,0.05,0.05,1360000,0
2016-03-30,09:05:00,0.049,0.05,0.049,0.05,80000,0
2016-03-30,10:00:00,0.049,0.05,0.049,0.05,860000,0
2016-03-31,03:35:00,0.049,0.05,0.049,0.05,2310000,0
2016-03-31,03:40:00,0.05,0.05,0.05,0.05,3070000,0
2016-03-31,03:55:00,0.05,0.051,0.05,0.051,1110000,0
2016-03-31,04:10:00,0.051,0.051,0.05,0.05,20000,0
2016-03-31,04:15:00,0.05,0.05,0.05,0.05,650000,0
2016-03-31,04:20:00,0.05,0.05,0.05,0.05,800000,0
2016-03-31,05:05:00,0.049,0.05,0.049,0.05,600000,0
2016-03-31,05:25:00,0.05,0.05,0.05,0.05,100000,0
2016-03-31,05:35:00,0.05,0.05,0.05,0.05,130000,0
2016-03-31,10:00:00,0.049,0.05,0.049,0.05,20000,0
2016-04-01,03:35:00,0.05,0.05,0.05,0.05,1000000,0
2016-04-01,03:50:00,0.05,0.05,0.05,0.05,3020000,0
2016-04-01,04:10:00,0.05,0.05,0.05,0.05,1000000,0
2016-04-01,04:30:00,0.049,0.05,0.049,0.05,20000,0
2016-04-01,04:35:00,0.05,0.05,0.049,0.05,770000,0
2016-04-01,04:55:00,0.05,0.05,0.049,0.05,60000,0
2016-04-01,05:05:00,0.05,0.05,0.049,0.05,820000,0
2016-04-01,05:30:00,0.049,0.05,0.049,0.05,20000,0
2016-04-01,07:15:00,0.049,0.05,0.049,0.05,20000,0
2016-04-01,07:25:00,0.049,0.05,0.049,0.05,20000,0
2016-04-01,07:40:00,0.05,0.05,0.05,0.05,260000,0
2016-04-01,07:45:00,0.05,0.05,0.05,0.05,4520000,0
2016-04-01,08:20:00,0.049,0.05,0.049,0.05,280000,0
2016-04-01,08:50:00,0.05,0.05,0.05,0.05,50000,0
2016-04-01,09:20:00,0.05,0.05,0.05,0.05,200000,0
2016-04-01,09:25:00,0.05,0.05,0.05,0.05,1000000,0
2016-04-01,09:45:00,0.049,0.05,0.049,0.05,20000,0
2016-04-01,09:55:00,0.049,0.05,0.049,0.05,20000,0
2016-04-01,10:00:00,0.049,0.05,0.049,0.05,520000,0
2016-04-05,04:05:00,0.05,0.05,0.049,0.049,660000,0
2016-04-05,04:10:00,0.049,0.049,0.049,0.049,330000,0
2016-04-05,04:15:00,0.049,0.049,0.049,0.049,210000,0
2016-04-05,04:20:00,0.049,0.049,0.049,0.049,30000,0
2016-04-05,04:35:00,0.049,0.049,0.049,0.049,30000,0
2016-04-05,04:40:00,0.049,0.049,0.049,0.049,500000,0
2016-04-05,04:50:00,0.049,0.049,0.049,0.049,700000,0
2016-04-05,08:50:00,0.048,0.049,0.048,0.049,4460000,0
2016-04-05,09:50:00,0.048,0.049,0.048,0.049,440000,0
2016-04-06,03:35:00,0.048,0.049,0.048,0.048,560000,0
2016-04-06,03:55:00,0.048,0.048,0.048,0.048,120000,0
2016-04-06,04:50:00,0.047,0.048,0.047,0.048,420000,0
2016-04-06,04:55:00,0.048,0.048,0.048,0.048,1000000,0
2016-04-06,07:10:00,0.047,0.048,0.047,0.048,650000,0
2016-04-06,07:35:00,0.048,0.048,0.048,0.048,400000,0
2016-04-06,07:50:00,0.048,0.048,0.048,0.048,300000,0
2016-04-06,08:10:00,0.047,0.048,0.047,0.048,3150000,0
2016-04-06,09:25:00,0.048,0.049,0.048,0.049,20000,0
2016-04-06,09:40:00,0.049,0.049,0.048,0.048,40000,0
2016-04-06,09:55:00,0.048,0.048,0.048,0.048,500000,0
2016-04-06,10:00:00,0.048,0.049,0.048,0.049,280000,0
2016-04-07,03:35:00,0.048,0.049,0.048,0.048,280000,0
2016-04-07,04:05:00,0.047,0.048,0.047,0.048,280000,0
2016-04-07,04:25:00,0.048,0.048,0.048,0.048,40000,0
2016-04-07,07:05:00,0.047,0.048,0.047,0.048,20000,0
2016-04-07,07:35:00,0.048,0.048,0.048,0.048,520000,0
2016-04-07,08:30:00,0.047,0.048,0.047,0.048,20000,0
2016-04-07,09:00:00,0.048,0.048,0.047,0.048,4140000,0
2016-04-07,09:45:00,0.047,0.048,0.047,0.048,70000,0
2016-04-07,10:00:00,0.047,0.048,0.047,0.048,240000,0
2016-04-08,03:35:00,0.047,0.048,0.047,0.047,5150000,0
2016-04-08,03:50:00,0.046,0.047,0.046,0.047,80000,0
2016-04-08,04:05:00,0.046,0.047,0.046,0.047,20000,0
2016-04-08,04:20:00,0.047,0.047,0.047,0.047,700000,0
2016-04-08,04:40:00,0.047,0.047,0.047,0.047,280000,0
2016-04-08,07:05:00,0.046,0.047,0.046,0.047,20000,0
2016-04-08,07:20:00,0.047,0.047,0.047,0.047,100000,0
2016-04-08,07:35:00,0.047,0.047,0.047,0.047,100000,0
2016-04-08,08:10:00,0.047,0.047,0.047,0.047,2000000,0
2016-04-08,08:50:00,0.047,0.047,0.047,0.047,20000,0
2016-04-08,09:30:00,0.046,0.047,0.046,0.047,20000,0
2016-04-08,09:40:00,0.047,0.047,0.047,0.047,650000,0
2016-04-08,09:45:00,0.046,0.047,0.046,0.047,900000,0
2016-04-08,09:50:00,0.047,0.047,0.047,0.047,60000,0
2016-04-08,09:55:00,0.047,0.047,0.047,0.047,200000,0
2016-04-11,03:35:00,0.048,0.048,0.047,0.047,680000,0
2016-04-11,03:40:00,0.047,0.047,0.047,0.047,5000000,0
2016-04-11,04:05:00,0.047,0.047,0.047,0.047,190000,0
2016-04-11,04:20:00,0.047,0.047,0.047,0.047,1000000,0
2016-04-11,04:25:00,0.047,0.047,0.046,0.046,490000,0
2016-04-11,04:40:00,0.046,0.046,0.046,0.046,40000,0
2016-04-11,04:50:00,0.046,0.046,0.046,0.046,360000,0
2016-04-11,05:15:00,0.046,0.046,0.046,0.046,80000,0
2016-04-11,05:25:00,0.046,0.046,0.046,0.046,7000000,0
2016-04-11,05:30:00,0.046,0.046,0.046,0.046,620000,0
2016-04-11,05:45:00,0.046,0.046,0.046,0.046,100000,0
2016-04-11,07:40:00,0.046,0.046,0.046,0.046,4000000,0
2016-04-11,08:20:00,0.046,0.046,0.046,0.046,1500000,0
2016-04-11,08:25:00,0.046,0.046,0.046,0.046,1420000,0
2016-04-11,08:30:00,0.046,0.046,0.046,0.046,570000,0
2016-04-11,08:40:00,0.046,0.046,0.046,0.046,230000,0
2016-04-11,09:10:00,0.045,0.046,0.045,0.046,700000,0
2016-04-11,09:15:00,0.046,0.046,0.046,0.046,300000,0
2016-04-11,09:30:00,0.046,0.046,0.046,0.046,380000,0
2016-04-11,09:55:00,0.046,0.046,0.046,0.046,50000,0
2016-04-11,10:00:00,0.046,0.046,0.046,0.046,30000,0
2016-04-12,04:20:00,0.046,0.046,0.046,0.046,40000,0
2016-04-12,04:25:00,0.046,0.046,0.046,0.046,60000,0
2016-04-12,04:30:00,0.046,0.046,0.046,0.046,40000,0
2016-04-12,04:35:00,0.046,0.047,0.046,0.047,180000,0
2016-04-12,04:50:00,0.047,0.047,0.047,0.047,500000,0
2016-04-12,05:20:00,0.047,0.047,0.046,0.047,320000,0
2016-04-12,07:15:00,0.047,0.047,0.046,0.047,530000,0
2016-04-12,07:20:00,0.047,0.047,0.047,0.047,1920000,0
2016-04-12,07:25:00,0.047,0.047,0.047,0.047,1500000,0
2016-04-12,07:30:00,0.047,0.047,0.047,0.047,660000,0
2016-04-12,07:40:00,0.047,0.047,0.047,0.047,5000000,0
2016-04-12,07:45:00,0.047,0.048,0.047,0.048,2080000,0
2016-04-12,07:50:00,0.048,0.048,0.047,0.048,2780000,0
2016-04-12,08:05:00,0.048,0.048,0.048,0.048,200000,0
2016-04-12,08:20:00,0.048,0.048,0.047,0.047,6250000,0
2016-04-12,08:25:00,0.047,0.047,0.046,0.047,12380000,0
2016-04-12,08:55:00,0.047,0.047,0.046,0.047,12950000,0
2016-04-12,09:15:00,0.047,0.047,0.046,0.046,820000,0
2016-04-12,09:30:00,0.046,0.046,0.046,0.046,500000,0
2016-04-12,09:35:00,0.046,0.046,0.046,0.046,10000000,0
2016-04-12,09:45:00,0.046,0.046,0.046,0.046,1420000,0
2016-04-12,09:55:00,0.046,0.047,0.046,0.047,200000,0
2016-04-12,10:00:00,0.047,0.047,0.047,0.047,550000,0
2016-04-13,03:35:00,0.046,0.047,0.046,0.047,3820000,0
2016-04-13,03:50:00,0.047,0.047,0.046,0.047,420000,0
2016-04-13,04:10:00,0.047,0.047,0.046,0.046,530000,0
2016-04-13,04:30:00,0.046,0.046,0.046,0.046,80000,0
2016-04-13,05:35:00,0.046,0.046,0.046,0.046,20000,0
2016-04-13,05:40:00,0.046,0.046,0.046,0.046,1010000,0
2016-04-13,05:50:00,0.046,0.046,0.046,0.046,280000,0
2016-04-13,07:05:00,0.046,0.046,0.046,0.046,50000,0
2016-04-13,07:25:00,0.046,0.046,0.046,0.046,10000,0
2016-04-13,08:20:00,0.046,0.046,0.046,0.046,80000,0
2016-04-13,08:35:00,0.046,0.047,0.046,0.047,800000,0
2016-04-13,08:50:00,0.047,0.047,0.047,0.047,60000,0
2016-04-13,09:00:00,0.047,0.047,0.047,0.047,100000,0
2016-04-13,09:05:00,0.047,0.047,0.046,0.046,15970000,0
2016-04-13,09:10:00,0.046,0.046,0.046,0.046,1650000,0
2016-04-13,09:25:00,0.045,0.046,0.045,0.046,20000,0
2016-04-13,09:35:00,0.045,0.046,0.045,0.046,80000,0
2016-04-13,09:55:00,0.045,0.046,0.045,0.046,400000,0
2016-04-13,10:00:00,0.045,0.046,0.045,0.046,160000,0
