Date,Time,Open,High,Low,Close,Volume,OpenInt
2016-02-04,02:35:00,0.26,0.26,0.26,0.26,160000,0
2016-02-04,02:45:00,0.26,0.26,0.26,0.26,625,0
2016-02-04,02:50:00,0.26,0.26,0.26,0.26,40000,0
2016-02-04,03:15:00,0.26,0.26,0.26,0.26,120000,0
2016-02-04,03:45:00,0.26,0.26,0.25,0.25,160000,0
2016-02-04,03:50:00,0.25,0.26,0.25,0.26,80000,0
2016-02-04,04:30:00,0.255,0.26,0.255,0.255,2000000,0
2016-02-04,04:40:00,0.255,0.255,0.25,0.25,640000,0
2016-02-04,04:45:00,0.25,0.25,0.25,0.25,750,0
2016-02-04,06:15:00,0.25,0.25,0.25,0.25,240000,0
2016-02-04,06:30:00,0.25,0.25,0.25,0.25,200000,0
2016-02-04,06:45:00,0.25,0.25,0.24,0.24,440000,0
2016-02-04,06:50:00,0.24,0.24,0.24,0.24,120000,0
2016-02-04,07:00:00,0.24,0.24,0.223,0.236,2600000,0
2016-02-04,07:05:00,0.236,0.236,0.236,0.236,40000,0
2016-02-04,07:10:00,0.236,0.236,0.22,0.22,1880000,0
2016-02-04,07:15:00,0.22,0.226,0.213,0.215,1440125,0
2016-02-04,07:20:00,0.215,0.215,0.204,0.21,2720000,0
2016-02-04,07:25:00,0.21,0.22,0.21,0.22,400000,0
2016-02-04,07:30:00,0.22,0.228,0.22,0.227,720000,0
2016-02-04,07:35:00,0.227,0.233,0.227,0.233,400000,0
2016-02-04,07:40:00,0.233,0.239,0.233,0.238,3040000,0
2016-02-04,07:45:00,0.238,0.245,0.238,0.245,680000,0
2016-02-04,07:50:00,0.245,0.25,0.235,0.238,1880000,0
2016-02-04,07:55:00,0.238,0.245,0.238,0.238,1240000,0
2016-02-04,08:00:00,0.238,0.245,0.238,0.245,520000,0
2016-02-04,08:05:00,0.245,0.245,0.242,0.242,240000,0
2016-02-04,08:10:00,0.242,0.248,0.242,0.248,440000,0
2016-02-04,08:15:00,0.247,0.247,0.243,0.245,520000,0
2016-02-04,08:20:00,0.245,0.245,0.245,0.245,80000,0
2016-02-04,08:30:00,0.243,0.245,0.243,0.245,360000,0
2016-02-04,08:35:00,0.245,0.25,0.245,0.25,600000,0
2016-02-04,08:45:00,0.25,0.25,0.25,0.25,40000,0
2016-02-04,08:50:00,0.25,0.25,0.242,0.242,880000,0
2016-02-04,08:55:00,0.242,0.242,0.24,0.24,360000,0
2016-02-04,09:00:00,0.24,0.248,0.237,0.248,200000,0
2016-02-05,06:55:00,0.235,0.24,0.235,0.235,160000,0
2016-02-05,08:10:00,0.235,0.235,0.23,0.23,200000,0
2016-02-05,08:15:00,0.23,0.23,0.23,0.23,240000,0
2016-02-05,08:25:00,0.23,0.23,0.23,0.23,40000,0
2016-02-05,08:30:00,0.23,0.23,0.227,0.227,520000,0
2016-02-05,08:50:00,0.228,0.235,0.228,0.235,80000,0
2016-02-05,09:00:00,0.235,0.249,0.235,0.249,200000,0
2016-02-11,02:40:00,0.23,0.24,0.23,0.23,160000,0
2016-02-11,02:55:00,0.23,0.23,0.218,0.218,160000,0
2016-02-11,03:00:00,0.218,0.218,0.218,0.218,40000,0
2016-02-11,03:05:00,0.23,0.23,0.23,0.23,200000,0
2016-02-11,03:10:00,0.23,0.23,0.226,0.226,80000,0
2016-02-11,03:15:00,0.226,0.226,0.221,0.221,300000,0
2016-02-11,04:55:00,0.225,0.225,0.225,0.225,40000,0
2016-02-11,06:40:00,0.225,0.23,0.225,0.23,80000,0
2016-02-11,08:00:00,0.23,0.23,0.228,0.228,80000,0
2016-02-11,08:05:00,0.228,0.228,0.228,0.228,40000,0
2016-02-11,08:35:00,0.228,0.228,0.228,0.228,8750,0
2016-02-11,09:00:00,0.228,0.228,0.225,0.225,520000,0
2016-02-12,02:55:00,0.234,0.234,0.225,0.234,80000,0
2016-02-12,07:25:00,0.231,0.232,0.231,0.232,160000,0
2016-02-12,08:20:00,0.232,0.232,0.232,0.232,40000,0
2016-02-15,03:20:00,0.24,0.24,0.232,0.232,93,0
2016-02-15,03:35:00,0.232,0.24,0.232,0.24,160000,0
2016-02-15,04:10:00,0.24,0.24,0.24,0.24,80000,0
2016-02-16,04:10:00,0.226,0.23,0.226,0.23,160000,0
2016-02-16,06:15:00,0.23,0.23,0.229,0.229,120000,0
2016-02-16,06:20:00,0.229,0.229,0.229,0.229,40000,0
2016-02-16,06:25:00,0.229,0.229,0.229,0.229,40000,0
2016-02-16,07:15:00,0.229,0.235,0.229,0.234,80000,0
2016-02-17,06:30:00,0.234,0.234,0.233,0.233,120000,0
2016-02-17,08:40:00,0.23,0.23,0.23,0.23,1000000,0
2016-02-17,08:45:00,0.23,0.23,0.23,0.23,2480000,0
2016-02-17,08:50:00,0.228,0.23,0.228,0.23,1280000,0
2016-02-17,08:55:00,0.23,0.23,0.23,0.23,2520000,0
2016-02-17,09:00:00,0.23,0.23,0.23,0.23,1000000,0
2016-02-18,04:15:00,0.23,0.23,0.23,0.23,1250,0
2016-02-18,04:35:00,0.23,0.23,0.23,0.23,250,0
2016-02-18,06:10:00,0.23,0.23,0.23,0.23,400000,0
2016-02-18,06:20:00,0.23,0.23,0.23,0.23,200000,0
2016-02-18,06:25:00,0.23,0.23,0.23,0.23,2320000,0
2016-02-18,06:30:00,0.23,0.23,0.23,0.23,1200000,0
2016-02-18,06:35:00,0.23,0.23,0.23,0.23,840000,0
2016-02-18,06:40:00,0.23,0.23,0.23,0.23,280000,0
2016-02-18,06:45:00,0.23,0.23,0.23,0.23,200000,0
2016-02-18,07:05:00,0.23,0.23,0.23,0.23,200000,0
2016-02-18,07:20:00,0.23,0.23,0.23,0.23,800000,0
2016-02-18,07:25:00,0.23,0.23,0.229,0.229,480000,0
2016-02-18,07:30:00,0.229,0.23,0.229,0.23,120000,0
2016-02-18,07:35:00,0.23,0.23,0.23,0.23,280000,0
2016-02-18,07:40:00,0.23,0.231,0.23,0.231,560000,0
2016-02-18,07:50:00,0.231,0.231,0.23,0.23,680000,0
2016-02-18,08:50:00,0.23,0.23,0.23,0.23,3120000,0
2016-02-18,08:55:00,0.23,0.23,0.23,0.23,800000,0
2016-02-18,09:00:00,0.23,0.23,0.21,0.215,2080000,0
2016-02-19,06:20:00,0.22,0.22,0.22,0.22,80000,0
2016-02-19,06:25:00,0.22,0.221,0.22,0.22,6800000,0
2016-02-19,06:40:00,0.22,0.22,0.22,0.22,80000,0
2016-02-19,06:45:00,0.22,0.222,0.22,0.22,6200000,0
2016-02-19,06:55:00,0.22,0.22,0.22,0.22,3480000,0
2016-02-19,07:00:00,0.22,0.22,0.22,0.22,520000,0
2016-02-19,07:20:00,0.221,0.225,0.221,0.225,400000,0
2016-02-19,07:30:00,0.225,0.225,0.225,0.225,240000,0
2016-02-19,07:55:00,0.225,0.225,0.221,0.221,400000,0
2016-02-19,08:50:00,0.221,0.225,0.221,0.225,960750,0
2016-02-22,06:10:00,0.225,0.23,0.225,0.23,880000,0
2016-02-22,06:20:00,0.23,0.23,0.23,0.23,2000000,0
2016-02-22,06:25:00,0.23,0.23,0.227,0.23,1600000,0
2016-02-22,06:30:00,0.23,0.23,0.23,0.23,1000000,0
2016-02-22,06:35:00,0.23,0.23,0.23,0.23,1000000,0
2016-02-22,06:55:00,0.23,0.233,0.23,0.231,1520000,0
2016-02-22,07:20:00,0.233,0.245,0.233,0.245,2040000,0
2016-02-22,07:25:00,0.245,0.245,0.241,0.241,1160000,0
2016-02-22,07:30:00,0.241,0.245,0.24,0.245,600000,0
2016-02-22,07:35:00,0.245,0.245,0.24,0.24,5720000,0
2016-02-22,08:15:00,0.24,0.24,0.24,0.24,1080000,0
2016-02-22,08:20:00,0.24,0.24,0.24,0.24,1080000,0
2016-02-22,08:30:00,0.24,0.243,0.24,0.243,320000,0
2016-02-22,08:35:00,0.243,0.243,0.243,0.243,80000,0
2016-02-22,08:50:00,0.243,0.243,0.24,0.24,360000,0
2016-02-22,08:55:00,0.24,0.24,0.24,0.24,40000,0
2016-02-22,09:00:00,0.24,0.24,0.24,0.24,200000,0
2016-02-23,06:20:00,0.24,0.255,0.24,0.255,2320000,0
2016-02-23,06:25:00,0.255,0.255,0.245,0.246,2920000,0
2016-02-23,07:25:00,0.25,0.25,0.25,0.25,2000000,0
2016-02-23,07:30:00,0.25,0.25,0.25,0.25,2080000,0
2016-02-23,07:35:00,0.25,0.25,0.25,0.25,1880000,0
2016-02-23,07:40:00,0.25,0.25,0.25,0.25,1600000,0
2016-02-23,07:45:00,0.25,0.25,0.25,0.25,406250,0
2016-02-23,07:50:00,0.25,0.255,0.25,0.255,1160000,0
2016-02-23,07:55:00,0.255,0.28,0.255,0.28,2040000,0
2016-02-23,08:00:00,0.28,0.28,0.28,0.28,160000,0
2016-02-23,08:05:00,0.28,0.28,0.28,0.28,40000,0
2016-02-23,08:10:00,0.28,0.295,0.28,0.295,1520000,0
2016-02-23,08:15:00,0.295,0.3,0.295,0.3,400000,0
2016-02-23,08:20:00,0.3,0.3,0.3,0.3,120000,0
2016-02-23,08:25:00,0.3,0.3,0.29,0.29,400000,0
2016-02-23,08:30:00,0.29,0.29,0.29,0.29,360000,0
2016-02-23,08:35:00,0.29,0.3,0.29,0.3,920000,0
2016-02-23,08:40:00,0.29,0.29,0.29,0.29,80000,0
2016-02-23,08:45:00,0.29,0.3,0.29,0.295,320000,0
2016-02-23,08:50:00,0.295,0.295,0.29,0.29,600000,0
2016-02-23,08:55:00,0.29,0.3,0.29,0.29,1120000,0
2016-02-23,09:00:00,0.29,0.29,0.285,0.285,400000,0
2016-02-24,03:15:00,0.28,0.285,0.28,0.28,200000,0
2016-02-24,03:30:00,0.28,0.28,0.28,0.28,120000,0
2016-02-24,04:00:00,0.28,0.28,0.28,0.28,160000,0
2016-02-24,04:05:00,0.28,0.28,0.28,0.28,240000,0
2016-02-24,04:10:00,0.28,0.28,0.275,0.28,360000,0
2016-02-24,04:20:00,0.28,0.28,0.28,0.28,80000,0
2016-02-24,04:25:00,0.28,0.28,0.28,0.28,80000,0
2016-02-24,04:30:00,0.28,0.28,0.28,0.28,40000,0
2016-02-24,04:55:00,0.275,0.28,0.275,0.28,360000,0
2016-02-24,06:10:00,0.28,0.295,0.28,0.29,2800000,0
2016-02-24,06:25:00,0.29,0.3,0.29,0.3,400000,0
2016-02-24,06:30:00,0.3,0.31,0.3,0.3,3680000,0
2016-02-24,06:35:00,0.3,0.3,0.3,0.3,1720000,0
2016-02-24,06:40:00,0.3,0.305,0.3,0.305,1360000,0
2016-02-24,06:45:00,0.305,0.305,0.305,0.305,120000,0
2016-02-24,06:50:00,0.305,0.305,0.3,0.3,3240000,0
2016-02-24,06:55:00,0.3,0.305,0.3,0.305,480000,0
2016-02-24,07:00:00,0.305,0.31,0.305,0.31,120000,0
2016-02-24,07:05:00,0.31,0.31,0.3,0.3,2040000,0
2016-02-24,07:15:00,0.305,0.305,0.3,0.3,1960000,0
2016-02-24,07:20:00,0.3,0.305,0.3,0.3,1560000,0
2016-02-24,07:30:00,0.3,0.3,0.3,0.3,200000,0
2016-02-24,07:35:00,0.3,0.305,0.3,0.305,120000,0
2016-02-24,07:40:00,0.305,0.305,0.305,0.305,280000,0
2016-02-24,07:50:00,0.305,0.305,0.305,0.305,80000,0
2016-02-24,08:00:00,0.305,0.305,0.305,0.305,120000,0
2016-02-24,08:10:00,0.305,0.305,0.305,0.305,200000,0
2016-02-24,08:25:00,0.305,0.31,0.3,0.3,480000,0
2016-02-24,08:30:00,0.3,0.3,0.3,0.3,40000,0
2016-02-24,08:40:00,0.3,0.3,0.3,0.3,120000,0
2016-02-24,08:45:00,0.3,0.305,0.3,0.305,40636,0
2016-02-24,08:50:00,0.305,0.305,0.305,0.305,240000,0
2016-02-24,08:55:00,0.305,0.305,0.305,0.305,80000,0
2016-02-24,09:00:00,0.305,0.305,0.3,0.3,120000,0
2016-02-25,04:55:00,0.285,0.29,0.285,0.285,640000,0
2016-02-25,05:00:00,0.285,0.285,0.285,0.285,280000,0
2016-02-25,06:05:00,0.285,0.29,0.285,0.29,1600000,0
2016-02-25,06:10:00,0.29,0.3,0.29,0.3,1560000,0
2016-02-25,06:15:00,0.3,0.3,0.295,0.295,1120000,0
2016-02-25,06:20:00,0.295,0.295,0.295,0.295,200000,0
2016-02-25,06:30:00,0.295,0.3,0.295,0.3,1800000,0
2016-02-25,06:35:00,0.295,0.295,0.295,0.295,160000,0
2016-02-25,06:45:00,0.295,0.295,0.295,0.295,160000,0
2016-02-25,06:55:00,0.295,0.295,0.29,0.29,440000,0
2016-02-25,07:00:00,0.29,0.3,0.29,0.3,4520000,0
2016-02-25,07:05:00,0.3,0.305,0.3,0.3,5600000,0
2016-02-25,07:10:00,0.3,0.3,0.3,0.3,4040000,0
2016-02-25,07:15:00,0.3,0.3,0.29,0.29,800000,0
2016-02-25,07:25:00,0.29,0.29,0.29,0.29,375,0
2016-02-25,08:15:00,0.29,0.29,0.285,0.285,680000,0
2016-02-26,04:25:00,0.28,0.28,0.28,0.28,40000,0
2016-02-26,04:35:00,0.28,0.28,0.28,0.28,500,0
2016-02-26,04:55:00,0.28,0.28,0.28,0.28,120000,0
2016-02-26,06:30:00,0.28,0.28,0.265,0.265,1120000,0
2016-02-26,06:40:00,0.26,0.27,0.26,0.27,2120000,0
2016-02-26,06:45:00,0.27,0.27,0.27,0.27,160000,0
2016-02-26,06:50:00,0.27,0.27,0.265,0.265,3280000,0
2016-02-26,06:55:00,0.265,0.27,0.265,0.27,400000,0
2016-02-26,07:15:00,0.27,0.27,0.27,0.27,80000,0
2016-02-26,07:30:00,0.26,0.265,0.26,0.265,80000,0
2016-02-26,07:35:00,0.265,0.265,0.265,0.265,40000,0
2016-02-26,07:40:00,0.265,0.265,0.265,0.265,80000,0
2016-02-26,08:50:00,0.26,0.265,0.26,0.265,160000,0
2016-02-26,09:00:00,0.265,0.265,0.26,0.265,160000,0
2016-02-29,04:05:00,0.255,0.265,0.255,0.255,120000,0
2016-02-29,04:55:00,0.255,0.255,0.255,0.255,120000,0
2016-02-29,05:00:00,0.255,0.26,0.255,0.26,80000,0
2016-02-29,06:05:00,0.26,0.26,0.255,0.255,160000,0
2016-02-29,06:20:00,0.255,0.255,0.255,0.255,40000,0
2016-02-29,06:25:00,0.255,0.255,0.255,0.255,240000,0
2016-02-29,06:30:00,0.255,0.255,0.25,0.25,360000,0
2016-02-29,06:40:00,0.25,0.25,0.247,0.247,520000,0
2016-02-29,06:55:00,0.247,0.247,0.244,0.244,160000,0
2016-02-29,07:00:00,0.244,0.244,0.24,0.24,480000,0
2016-02-29,07:10:00,0.24,0.24,0.24,0.24,40000,0
2016-02-29,08:30:00,0.241,0.241,0.237,0.24,400000,0
2016-02-29,08:35:00,0.24,0.24,0.234,0.234,160000,0
2016-02-29,08:45:00,0.234,0.24,0.234,0.24,120000,0
2016-02-29,08:50:00,0.24,0.24,0.24,0.24,40000,0
2016-02-29,08:55:00,0.24,0.241,0.24,0.24,720000,0
2016-02-29,09:00:00,0.24,0.24,0.24,0.24,120000,0
2016-03-01,03:35:00,0.24,0.24,0.24,0.24,200000,0
2016-03-01,04:05:00,0.24,0.24,0.24,0.24,80000,0
2016-03-01,07:20:00,0.24,0.24,0.24,0.24,1490000,0
2016-03-01,07:30:00,0.24,0.245,0.24,0.245,80000,0
2016-03-01,07:55:00,0.245,0.246,0.232,0.245,520000,0
2016-03-01,08:05:00,0.246,0.249,0.246,0.248,520000,0
2016-03-01,08:10:00,0.248,0.25,0.248,0.25,480000,0
2016-03-01,08:15:00,0.25,0.255,0.25,0.255,360000,0
2016-03-01,08:35:00,0.255,0.255,0.255,0.255,200000,0
2016-03-01,08:40:00,0.255,0.255,0.255,0.255,40000,0
2016-03-01,08:45:00,0.255,0.255,0.255,0.255,120000,0
2016-03-01,09:00:00,0.255,0.255,0.255,0.255,80000,0
2016-03-02,03:05:00,0.26,0.26,0.26,0.26,40000,0
2016-03-02,03:15:00,0.26,0.26,0.26,0.26,40000,0
2016-03-02,03:20:00,0.26,0.26,0.26,0.26,200000,0
2016-03-02,03:25:00,0.26,0.26,0.26,0.26,40000,0
2016-03-02,03:30:00,0.26,0.265,0.26,0.265,80000,0
2016-03-03,02:55:00,0.25,0.275,0.25,0.275,160000,0
2016-03-03,03:05:00,0.265,0.265,0.255,0.255,320000,0
2016-03-03,04:10:00,0.255,0.255,0.255,0.255,80000,0
2016-03-03,04:20:00,0.255,0.255,0.25,0.25,80000,0
2016-03-03,04:30:00,0.25,0.25,0.25,0.25,40000,0
2016-03-03,07:00:00,0.25,0.28,0.25,0.275,1760000,0
2016-03-03,07:05:00,0.275,0.28,0.275,0.28,360000,0
2016-03-03,07:10:00,0.28,0.285,0.28,0.285,1200000,0
2016-03-03,07:15:00,0.285,0.285,0.285,0.285,80000,0
2016-03-03,07:25:00,0.285,0.285,0.28,0.28,360000,0
2016-03-03,07:30:00,0.28,0.28,0.28,0.28,160000,0
2016-03-03,07:35:00,0.28,0.28,0.275,0.28,2760000,0
2016-03-03,07:40:00,0.28,0.28,0.28,0.28,40000,0
2016-03-03,07:55:00,0.28,0.3,0.275,0.3,2880000,0
2016-03-03,08:00:00,0.3,0.3,0.3,0.3,120000,0
2016-03-03,08:05:00,0.3,0.3,0.295,0.3,600000,0
2016-03-03,08:10:00,0.3,0.305,0.3,0.305,960000,0
2016-03-03,08:15:00,0.305,0.305,0.295,0.3,1600000,0
2016-03-03,08:20:00,0.3,0.3,0.3,0.3,40500,0
2016-03-03,08:25:00,0.3,0.3,0.295,0.295,600000,0
2016-03-03,08:30:00,0.295,0.295,0.295,0.295,40000,0
2016-03-03,08:40:00,0.295,0.305,0.295,0.305,1480000,0
2016-03-03,08:45:00,0.305,0.305,0.3,0.305,2360000,0
2016-03-03,08:50:00,0.305,0.31,0.305,0.31,2160000,0
2016-03-03,09:00:00,0.305,0.305,0.295,0.3,3920000,0
2016-03-04,02:45:00,0.31,0.31,0.3,0.31,600000,0
2016-03-04,02:50:00,0.31,0.31,0.31,0.31,80000,0
2016-03-04,02:55:00,0.31,0.31,0.31,0.31,40000,0
2016-03-04,03:00:00,0.31,0.32,0.31,0.315,1000000,0
2016-03-04,03:05:00,0.315,0.325,0.315,0.325,880000,0
2016-03-04,03:10:00,0.325,0.33,0.325,0.33,1320000,0
2016-03-04,03:15:00,0.33,0.33,0.325,0.325,920000,0
2016-03-04,03:20:00,0.325,0.325,0.325,0.325,200000,0
2016-03-04,03:25:00,0.325,0.33,0.325,0.33,120000,0
2016-03-04,03:30:00,0.33,0.335,0.33,0.335,760000,0
2016-03-04,03:35:00,0.335,0.335,0.33,0.335,480000,0
2016-03-04,03:40:00,0.335,0.335,0.325,0.325,840000,0
2016-03-04,03:45:00,0.325,0.33,0.325,0.33,240000,0
2016-03-04,03:50:00,0.33,0.33,0.32,0.32,760000,0
2016-03-04,03:55:00,0.32,0.325,0.32,0.325,280000,0
2016-03-04,04:00:00,0.325,0.325,0.32,0.32,200000,0
2016-03-04,04:05:00,0.32,0.32,0.31,0.315,1120000,0
2016-03-04,04:25:00,0.32,0.32,0.32,0.32,120000,0
2016-03-04,05:00:00,0.32,0.325,0.32,0.325,880000,0
2016-03-04,06:05:00,0.325,0.33,0.325,0.33,240000,0
2016-03-04,06:10:00,0.33,0.33,0.325,0.325,520000,0
2016-03-04,06:15:00,0.325,0.33,0.325,0.33,160000,0
2016-03-04,06:20:00,0.33,0.33,0.33,0.33,80000,0
2016-03-04,06:30:00,0.33,0.33,0.325,0.325,160000,0
2016-03-04,06:40:00,0.325,0.325,0.325,0.325,40000,0
2016-03-04,07:05:00,0.325,0.325,0.325,0.325,360000,0
2016-03-04,07:10:00,0.325,0.325,0.325,0.325,40000,0
2016-03-04,07:45:00,0.325,0.325,0.325,0.325,120000,0
2016-03-04,08:05:00,0.325,0.325,0.315,0.315,7880000,0
2016-03-04,08:15:00,0.315,0.315,0.315,0.315,200000,0
2016-03-04,08:30:00,0.315,0.315,0.31,0.31,240000,0
2016-03-04,08:35:00,0.31,0.31,0.3,0.3,320000,0
2016-03-04,08:40:00,0.3,0.3,0.3,0.3,40000,0
2016-03-04,08:45:00,0.3,0.315,0.3,0.315,200000,0
2016-03-04,08:50:00,0.31,0.31,0.295,0.3,4320000,0
2016-03-04,08:55:00,0.3,0.3,0.3,0.3,80000,0
2016-03-04,09:00:00,0.3,0.3,0.275,0.28,7640000,0
2016-03-07,02:40:00,0.29,0.3,0.29,0.3,80000,0
2016-03-07,02:45:00,0.305,0.31,0.305,0.305,280000,0
2016-03-07,02:50:00,0.305,0.305,0.3,0.3,240000,0
2016-03-07,02:55:00,0.3,0.3,0.29,0.295,843125,0
2016-03-07,03:00:00,0.295,0.295,0.295,0.295,80000,0
2016-03-07,03:20:00,0.295,0.295,0.29,0.29,720000,0
2016-03-07,03:25:00,0.29,0.295,0.29,0.295,200000,0
2016-03-07,03:50:00,0.295,0.295,0.29,0.29,240000,0
2016-03-07,04:45:00,0.29,0.29,0.29,0.29,40000,0
2016-03-07,04:55:00,0.29,0.295,0.29,0.295,440000,0
2016-03-07,05:00:00,0.295,0.295,0.295,0.295,240000,0
2016-03-07,06:05:00,0.295,0.3,0.295,0.3,320000,0
2016-03-07,06:35:00,0.3,0.3,0.295,0.295,520000,0
2016-03-07,06:40:00,0.295,0.295,0.295,0.295,200000,0
2016-03-07,06:45:00,0.295,0.3,0.295,0.3,520000,0
2016-03-07,07:15:00,0.3,0.3,0.295,0.295,200000,0
2016-03-07,07:20:00,0.295,0.295,0.295,0.295,240000,0
2016-03-07,07:50:00,0.295,0.3,0.295,0.3,1560000,0
2016-03-07,08:25:00,0.3,0.3,0.295,0.295,280000,0
2016-03-07,08:30:00,0.295,0.295,0.295,0.295,40000,0
2016-03-07,08:45:00,0.295,0.295,0.29,0.29,520000,0
2016-03-07,08:55:00,0.29,0.295,0.29,0.29,640000,0
2016-03-07,09:00:00,0.29,0.29,0.29,0.29,40000,0
2016-03-08,04:40:00,0.285,0.29,0.285,0.29,200000,0
2016-03-08,04:45:00,0.29,0.29,0.29,0.29,360000,0
2016-03-08,06:15:00,0.29,0.29,0.29,0.29,10000,0
2016-03-08,06:40:00,0.29,0.295,0.29,0.295,200000,0
2016-03-08,06:45:00,0.295,0.295,0.295,0.295,440000,0
2016-03-08,06:50:00,0.295,0.3,0.295,0.3,3600000,0
2016-03-08,07:15:00,0.3,0.3,0.295,0.295,80000,0
2016-03-08,07:55:00,0.295,0.295,0.295,0.295,80000,0
2016-03-08,08:20:00,0.295,0.295,0.295,0.295,200000,0
2016-03-08,08:50:00,0.295,0.295,0.295,0.295,120000,0
2016-03-08,09:00:00,0.295,0.295,0.295,0.295,40000,0
2016-03-09,02:50:00,0.3,0.3,0.29,0.29,480000,0
2016-03-09,03:10:00,0.29,0.29,0.29,0.29,40000,0
2016-03-09,03:20:00,0.29,0.29,0.285,0.285,320000,0
2016-03-09,03:50:00,0.285,0.29,0.285,0.29,80000,0
2016-03-09,04:50:00,0.285,0.285,0.285,0.285,120000,0
2016-03-09,07:25:00,0.285,0.295,0.285,0.295,80000,0
2016-03-10,04:00:00,0.29,0.295,0.29,0.29,160000,0
2016-03-10,04:30:00,0.29,0.29,0.29,0.29,200000,0
2016-03-10,05:00:00,0.29,0.29,0.285,0.285,80000,0
2016-03-10,08:20:00,0.28,0.29,0.28,0.29,280000,0
2016-03-11,07:55:00,0.28,0.285,0.28,0.285,80000,0
2016-03-14,04:45:00,0.28,0.29,0.28,0.29,120000,0
2016-03-14,04:55:00,0.29,0.3,0.29,0.3,1160000,0
2016-03-14,05:00:00,0.3,0.3,0.3,0.3,80000,0
2016-03-14,07:00:00,0.295,0.295,0.29,0.29,160000,0
2016-03-14,07:10:00,0.29,0.29,0.29,0.29,80000,0
2016-03-14,07:15:00,0.29,0.29,0.29,0.29,400375,0
2016-03-14,08:20:00,0.29,0.29,0.29,0.29,120000,0
2016-03-15,02:55:00,0.285,0.29,0.285,0.285,80000,0
2016-03-15,03:15:00,0.285,0.29,0.285,0.29,80000,0
2016-03-15,03:20:00,0.29,0.295,0.29,0.29,240000,0
2016-03-15,06:25:00,0.29,0.29,0.29,0.29,280000,0
2016-03-15,06:30:00,0.29,0.29,0.29,0.29,120000,0
2016-03-15,06:35:00,0.29,0.29,0.28,0.28,1680000,0
2016-03-15,06:40:00,0.28,0.28,0.28,0.28,600000,0
2016-03-15,07:30:00,0.28,0.28,0.28,0.28,40000,0
2016-03-15,07:45:00,0.28,0.28,0.28,0.28,80000,0
2016-03-15,07:50:00,0.28,0.28,0.28,0.28,120000,0
2016-03-15,08:35:00,0.28,0.28,0.28,0.28,40000,0
2016-03-15,08:55:00,0.28,0.28,0.28,0.28,40000,0
2016-03-15,09:00:00,0.28,0.28,0.275,0.28,80000,0
2016-03-16,02:40:00,0.26,0.265,0.26,0.265,1200000,0
2016-03-16,02:45:00,0.265,0.265,0.265,0.265,360000,0
2016-03-16,02:55:00,0.265,0.265,0.265,0.265,40000,0
2016-03-16,04:55:00,0.265,0.265,0.265,0.265,40000,0
2016-03-16,06:45:00,0.265,0.27,0.265,0.27,320000,0
2016-03-17,02:35:00,0.27,0.27,0.265,0.27,440000,0
2016-03-17,02:40:00,0.27,0.27,0.27,0.27,120000,0
2016-03-17,02:55:00,0.27,0.27,0.265,0.265,80000,0
2016-03-17,03:20:00,0.255,0.26,0.255,0.26,600000,0
2016-03-17,03:25:00,0.26,0.26,0.26,0.26,400000,0
2016-03-17,03:30:00,0.26,0.26,0.26,0.26,1360000,0
2016-03-17,03:35:00,0.26,0.26,0.26,0.26,80000,0
2016-03-17,04:05:00,0.26,0.26,0.26,0.26,350000,0
2016-03-17,04:25:00,0.26,0.265,0.26,0.265,80000,0
2016-03-17,04:35:00,0.265,0.265,0.265,0.265,40000,0
2016-03-17,04:55:00,0.265,0.265,0.265,0.265,250,0
2016-03-17,06:15:00,0.265,0.27,0.265,0.265,640000,0
2016-03-17,07:20:00,0.265,0.265,0.26,0.26,80000,0
2016-03-17,08:35:00,0.26,0.27,0.26,0.27,240000,0
2016-03-17,08:50:00,0.265,0.265,0.26,0.26,880000,0
2016-03-17,08:55:00,0.26,0.26,0.26,0.26,40000,0
2016-03-18,03:25:00,0.26,0.285,0.26,0.27,3720000,0
2016-03-18,03:30:00,0.27,0.27,0.27,0.27,200000,0
2016-03-18,03:40:00,0.27,0.27,0.27,0.27,160000,0
2016-03-18,03:45:00,0.27,0.275,0.265,0.275,160000,0
2016-03-18,04:30:00,0.275,0.275,0.275,0.275,200000,0
2016-03-18,04:55:00,0.265,0.265,0.265,0.265,120000,0
2016-03-18,06:10:00,0.265,0.27,0.265,0.27,440000,0
2016-03-18,06:15:00,0.27,0.275,0.27,0.275,320000,0
2016-03-18,06:25:00,0.275,0.275,0.275,0.275,160000,0
2016-03-18,06:30:00,0.275,0.28,0.275,0.28,1160000,0
2016-03-18,06:50:00,0.28,0.28,0.27,0.27,240000,0
2016-03-18,06:55:00,0.27,0.27,0.27,0.27,40000,0
2016-03-18,07:00:00,0.27,0.27,0.27,0.27,40000,0
2016-03-18,07:05:00,0.27,0.27,0.27,0.27,18,0
2016-03-18,07:15:00,0.27,0.27,0.27,0.27,80000,0
2016-03-18,07:25:00,0.27,0.27,0.265,0.265,160000,0
2016-03-18,07:40:00,0.265,0.265,0.265,0.265,80000,0
2016-03-18,08:40:00,0.265,0.275,0.265,0.275,440000,0
2016-03-18,09:00:00,0.275,0.28,0.27,0.28,240000,0
2016-03-21,02:45:00,0.265,0.275,0.265,0.265,120000,0
2016-03-21,02:50:00,0.265,0.265,0.26,0.26,1920000,0
2016-03-21,02:55:00,0.26,0.26,0.26,0.26,200000,0
2016-03-21,03:05:00,0.26,0.26,0.26,0.26,360000,0
2016-03-21,03:10:00,0.26,0.26,0.26,0.26,320000,0
2016-03-21,03:20:00,0.26,0.26,0.255,0.255,80000,0
2016-03-21,03:25:00,0.255,0.26,0.255,0.26,600000,0
2016-03-21,03:35:00,0.26,0.26,0.255,0.255,600000,0
2016-03-21,03:40:00,0.255,0.255,0.255,0.255,460000,0
2016-03-21,03:45:00,0.255,0.255,0.255,0.255,960000,0
2016-03-21,03:55:00,0.255,0.255,0.25,0.25,1000000,0
2016-03-21,04:05:00,0.25,0.25,0.25,0.25,60000,0
2016-03-21,04:30:00,0.25,0.255,0.25,0.255,80000,0
2016-03-21,06:05:00,0.255,0.255,0.25,0.25,80000,0
2016-03-21,06:15:00,0.25,0.25,0.25,0.25,400000,0
2016-03-21,06:30:00,0.25,0.25,0.25,0.25,40000,0
2016-03-21,06:35:00,0.25,0.255,0.25,0.255,80000,0
2016-03-21,06:40:00,0.255,0.255,0.255,0.255,160000,0
2016-03-21,06:45:00,0.255,0.255,0.255,0.255,1625,0
2016-03-21,07:10:00,0.255,0.255,0.255,0.255,240000,0
2016-03-21,07:20:00,0.255,0.255,0.255,0.255,600000,0
2016-03-21,07:30:00,0.255,0.26,0.255,0.26,800000,0
2016-03-21,07:40:00,0.26,0.26,0.255,0.255,560000,0
2016-03-21,08:05:00,0.255,0.255,0.25,0.25,4240000,0
2016-03-21,08:10:00,0.25,0.25,0.249,0.249,2000000,0
2016-03-21,08:15:00,0.249,0.249,0.248,0.248,200000,0
2016-03-21,08:20:00,0.248,0.249,0.246,0.246,2360000,0
2016-03-21,08:25:00,0.246,0.246,0.24,0.24,2680000,0
2016-03-21,08:30:00,0.24,0.24,0.238,0.24,4120000,0
2016-03-21,08:35:00,0.24,0.24,0.234,0.239,5520000,0
2016-03-21,08:40:00,0.239,0.245,0.239,0.245,280000,0
2016-03-21,08:45:00,0.245,0.245,0.241,0.241,320000,0
2016-03-21,08:50:00,0.241,0.244,0.241,0.243,560000,0
2016-03-21,08:55:00,0.243,0.243,0.241,0.241,160000,0
2016-03-21,09:00:00,0.241,0.241,0.235,0.24,1040000,0
2016-03-22,03:05:00,0.24,0.242,0.24,0.242,80000,0
2016-03-22,03:25:00,0.243,0.255,0.243,0.255,2200000,0
2016-03-22,03:30:00,0.255,0.255,0.255,0.255,40000,0
2016-03-22,03:35:00,0.25,0.25,0.25,0.25,440000,0
2016-03-22,03:40:00,0.25,0.25,0.25,0.25,400000,0
2016-03-22,03:45:00,0.25,0.25,0.25,0.25,560000,0
2016-03-22,04:25:00,0.25,0.25,0.245,0.245,80000,0
2016-03-22,04:40:00,0.245,0.25,0.245,0.25,80000,0
2016-03-22,06:35:00,0.25,0.25,0.25,0.25,600000,0
2016-03-22,07:35:00,0.25,0.25,0.25,0.25,400000,0
2016-03-22,07:45:00,0.25,0.25,0.25,0.25,600000,0
2016-03-22,07:55:00,0.25,0.25,0.245,0.25,240000,0
2016-03-22,08:10:00,0.25,0.25,0.25,0.25,720000,0
2016-03-22,08:40:00,0.25,0.255,0.25,0.255,240000,0
2016-03-22,08:45:00,0.255,0.255,0.255,0.255,360000,0
2016-03-23,02:45:00,0.255,0.255,0.255,0.255,1360000,0
2016-03-23,03:15:00,0.248,0.255,0.248,0.255,560000,0
2016-03-23,03:25:00,0.255,0.255,0.255,0.255,360000,0
2016-03-23,03:30:00,0.255,0.255,0.255,0.255,40000,0
2016-03-23,06:15:00,0.249,0.249,0.249,0.249,40000,0
2016-03-23,06:40:00,0.25,0.25,0.25,0.25,40000,0
2016-03-23,06:50:00,0.25,0.25,0.25,0.25,320000,0
2016-03-23,07:00:00,0.25,0.25,0.249,0.249,120000,0
2016-03-23,07:20:00,0.249,0.249,0.249,0.249,40000,0
2016-03-23,08:15:00,0.249,0.249,0.249,0.249,40000,0
2016-03-23,09:00:00,0.248,0.249,0.248,0.249,80000,0
2016-03-24,03:55:00,0.245,0.248,0.245,0.245,80000,0
2016-03-24,04:00:00,0.245,0.245,0.245,0.245,40000,0
2016-03-24,06:20:00,0.247,0.247,0.247,0.247,1000000,0
2016-03-24,06:25:00,0.247,0.248,0.247,0.248,400000,0
2016-03-24,06:40:00,0.248,0.248,0.248,0.248,1750,0
2016-03-24,07:05:00,0.248,0.248,0.246,0.246,560000,0
2016-03-24,07:15:00,0.246,0.246,0.246,0.246,40000,0
2016-03-24,07:45:00,0.246,0.246,0.246,0.246,120000,0
2016-03-24,08:25:00,0.246,0.246,0.245,0.245,320000,0
2016-03-29,03:55:00,0.23,0.24,0.23,0.23,1680000,0
2016-03-29,04:10:00,0.23,0.23,0.222,0.23,400000,0
2016-03-29,04:15:00,0.23,0.23,0.23,0.23,40000,0
2016-03-29,04:35:00,0.23,0.23,0.222,0.222,440000,0
2016-03-29,04:40:00,0.222,0.222,0.222,0.222,200000,0
2016-03-29,04:45:00,0.222,0.222,0.222,0.222,1120000,0
2016-03-29,04:50:00,0.222,0.229,0.222,0.222,480000,0
2016-03-29,05:00:00,0.222,0.23,0.222,0.23,80000,0
2016-03-29,05:05:00,0.227,0.227,0.222,0.222,240000,0
2016-03-29,05:10:00,0.222,0.228,0.222,0.228,480000,0
2016-03-29,05:15:00,0.228,0.228,0.228,0.228,40000,0
2016-03-29,05:25:00,0.227,0.227,0.226,0.226,840000,0
2016-03-29,05:30:00,0.226,0.226,0.225,0.225,80000,0
2016-03-29,05:50:00,0.225,0.226,0.225,0.226,400000,0
2016-03-29,07:20:00,0.225,0.225,0.222,0.222,80000,0
2016-03-29,07:45:00,0.222,0.222,0.222,0.222,200000,0
2016-03-29,07:55:00,0.222,0.222,0.222,0.222,80000,0
2016-03-29,08:00:00,0.222,0.222,0.222,0.222,40000,0
2016-03-29,09:15:00,0.221,0.225,0.221,0.225,80000,0
2016-03-29,09:25:00,0.225,0.226,0.225,0.226,280000,0
2016-03-29,09:55:00,0.226,0.226,0.226,0.226,200000,0
2016-03-29,10:00:00,0.226,0.228,0.226,0.228,320000,0
2016-03-30,03:40:00,0.228,0.228,0.228,0.228,625,0
2016-03-30,03:45:00,0.228,0.228,0.228,0.228,120000,0
2016-03-30,03:50:00,0.228,0.23,0.228,0.23,400000,0
2016-03-30,03:55:00,0.23,0.248,0.23,0.248,440000,0
2016-03-30,04:00:00,0.248,0.248,0.248,0.248,40000,0
2016-03-30,04:05:00,0.248,0.248,0.24,0.24,80000,0
2016-03-30,04:20:00,0.24,0.24,0.24,0.24,80000,0
2016-03-30,04:25:00,0.24,0.24,0.234,0.234,80000,0
2016-03-30,04:50:00,0.234,0.24,0.234,0.24,240000,0
2016-03-30,04:55:00,0.24,0.24,0.233,0.233,80000,0
2016-03-30,05:25:00,0.233,0.238,0.233,0.238,400000,0
2016-03-30,07:30:00,0.237,0.238,0.237,0.238,280000,0
2016-03-30,08:55:00,0.238,0.238,0.238,0.238,1625,0
2016-03-30,09:15:00,0.238,0.238,0.232,0.232,960000,0
2016-03-30,09:20:00,0.232,0.237,0.232,0.237,160000,0
2016-03-30,09:30:00,0.237,0.24,0.237,0.24,1760000,0
2016-03-30,09:50:00,0.24,0.24,0.239,0.239,80000,0
2016-03-30,10:00:00,0.239,0.239,0.235,0.238,680000,0
2016-03-31,04:15:00,0.235,0.24,0.235,0.24,80000,0
2016-03-31,04:25:00,0.24,0.24,0.24,0.24,160000,0
2016-03-31,04:40:00,0.24,0.24,0.238,0.238,80000,0
2016-03-31,04:55:00,0.238,0.239,0.238,0.239,280000,0
2016-03-31,07:40:00,0.239,0.239,0.239,0.239,40000,0
2016-03-31,08:05:00,0.239,0.239,0.239,0.239,40000,0
2016-03-31,09:05:00,0.242,0.242,0.242,0.242,15625,0
2016-03-31,09:10:00,0.242,0.242,0.242,0.242,120000,0
2016-03-31,09:25:00,0.242,0.245,0.242,0.245,240000,0
2016-03-31,09:35:00,0.245,0.249,0.245,0.248,600000,0
2016-03-31,09:40:00,0.248,0.25,0.248,0.25,320000,0
2016-03-31,09:55:00,0.25,0.25,0.25,0.25,40000,0
2016-03-31,10:00:00,0.25,0.25,0.25,0.25,200000,0
2016-04-01,04:10:00,0.241,0.241,0.241,0.241,77,0
2016-04-01,05:20:00,0.241,0.241,0.241,0.241,200000,0
2016-04-01,05:25:00,0.241,0.241,0.241,0.241,160000,0
2016-04-01,05:40:00,0.241,0.241,0.241,0.241,40000,0
2016-04-01,07:30:00,0.241,0.241,0.241,0.241,80000,0
2016-04-01,09:35:00,0.243,0.243,0.243,0.243,250,0
2016-04-01,09:55:00,0.243,0.243,0.243,0.243,250,0
2016-04-01,10:00:00,0.245,0.245,0.245,0.245,80000,0
2016-04-05,04:00:00,0.245,0.25,0.245,0.25,880000,0
2016-04-05,04:05:00,0.25,0.25,0.25,0.25,600000,0
2016-04-05,04:10:00,0.25,0.255,0.25,0.255,1200000,0
2016-04-05,04:15:00,0.255,0.255,0.255,0.255,160000,0
2016-04-05,04:40:00,0.255,0.255,0.255,0.255,800000,0
2016-04-05,04:50:00,0.255,0.255,0.255,0.255,160000,0
2016-04-05,05:40:00,0.255,0.255,0.255,0.255,80000,0
2016-04-05,06:00:00,0.255,0.255,0.255,0.255,280000,0
2016-04-05,07:20:00,0.255,0.255,0.255,0.255,80000,0
2016-04-05,07:25:00,0.255,0.255,0.255,0.255,40000,0
2016-04-05,07:50:00,0.255,0.255,0.25,0.25,320000,0
2016-04-05,08:20:00,0.25,0.25,0.249,0.249,520000,0
2016-04-05,08:55:00,0.249,0.249,0.249,0.249,80000,0
2016-04-05,09:40:00,0.249,0.249,0.249,0.249,120000,0
2016-04-06,03:45:00,0.249,0.249,0.249,0.249,1750,0
2016-04-06,04:05:00,0.249,0.26,0.249,0.26,801250,0
2016-04-06,04:10:00,0.26,0.26,0.26,0.26,160000,0
2016-04-06,04:20:00,0.26,0.26,0.26,0.26,320000,0
2016-04-06,04:30:00,0.26,0.26,0.26,0.26,120000,0
2016-04-06,04:50:00,0.255,0.255,0.25,0.25,160000,0
2016-04-06,05:00:00,0.25,0.25,0.25,0.25,40000,0
2016-04-06,05:20:00,0.25,0.25,0.249,0.249,80000,0
2016-04-06,08:00:00,0.249,0.25,0.249,0.25,920000,0
2016-04-06,08:10:00,0.25,0.25,0.25,0.25,937,0
2016-04-06,09:35:00,0.247,0.25,0.247,0.247,320000,0
2016-04-07,04:05:00,0.25,0.25,0.25,0.25,40000,0
2016-04-07,09:35:00,0.248,0.248,0.244,0.244,160000,0
2016-04-07,09:40:00,0.244,0.244,0.24,0.24,360000,0
2016-04-07,09:45:00,0.24,0.24,0.239,0.239,240000,0
2016-04-07,09:55:00,0.239,0.239,0.239,0.239,80000,0
2016-04-08,03:35:00,0.23,0.236,0.23,0.23,80000,0
2016-04-08,03:45:00,0.231,0.231,0.23,0.23,669685,0
2016-04-08,04:20:00,0.23,0.23,0.23,0.23,93,0
2016-04-08,07:10:00,0.23,0.23,0.23,0.23,40000,0
2016-04-08,09:05:00,0.232,0.232,0.231,0.231,240000,0
2016-04-08,09:25:00,0.231,0.231,0.23,0.23,1440000,0
2016-04-08,09:45:00,0.229,0.229,0.229,0.229,40000,0
2016-04-08,10:00:00,0.229,0.236,0.229,0.236,120000,0
2016-04-11,03:55:00,0.236,0.236,0.23,0.23,240000,0
2016-04-11,04:00:00,0.23,0.23,0.23,0.23,240000,0
2016-04-11,04:05:00,0.23,0.23,0.219,0.22,3000000,0
2016-04-11,04:15:00,0.215,0.22,0.215,0.22,560000,0
2016-04-11,04:20:00,0.22,0.22,0.22,0.22,280000,0
2016-04-11,04:25:00,0.215,0.222,0.215,0.222,760000,0
2016-04-11,04:30:00,0.222,0.224,0.22,0.224,320000,0
2016-04-11,04:35:00,0.224,0.225,0.224,0.225,320000,0
2016-04-11,04:45:00,0.225,0.23,0.225,0.23,120000,0
2016-04-11,04:50:00,0.23,0.23,0.23,0.23,80000,0
2016-04-11,05:00:00,0.23,0.23,0.23,0.23,280000,0
2016-04-11,05:10:00,0.23,0.23,0.22,0.22,1040000,0
2016-04-11,05:15:00,0.22,0.22,0.22,0.22,920000,0
2016-04-11,05:20:00,0.22,0.22,0.22,0.22,80000,0
2016-04-11,08:10:00,0.222,0.222,0.222,0.222,80000,0
2016-04-11,08:15:00,0.225,0.225,0.225,0.225,40000,0
2016-04-11,08:30:00,0.226,0.226,0.226,0.226,40000,0
2016-04-11,09:15:00,0.226,0.226,0.226,0.226,80000,0
2016-04-11,09:25:00,0.226,0.226,0.225,0.225,520000,0
2016-04-11,09:45:00,0.225,0.225,0.223,0.223,240000,0
2016-04-11,09:55:00,0.223,0.223,0.223,0.223,120000,0
2016-04-11,10:00:00,0.223,0.223,0.223,0.223,40000,0
2016-04-12,03:40:00,0.223,0.223,0.223,0.223,160000,0
2016-04-12,04:05:00,0.223,0.223,0.223,0.223,80000,0
2016-04-12,05:00:00,0.223,0.223,0.223,0.223,40000,0
2016-04-12,05:35:00,0.223,0.223,0.223,0.223,375,0
2016-04-12,07:30:00,0.224,0.224,0.224,0.224,120000,0
2016-04-12,09:40:00,0.224,0.224,0.22,0.22,247500,0
2016-04-12,10:00:00,0.22,0.225,0.22,0.225,160000,0
2016-04-13,04:25:00,0.23,0.23,0.225,0.23,240000,0
2016-04-13,04:30:00,0.23,0.23,0.23,0.23,80000,0
2016-04-13,04:40:00,0.23,0.234,0.23,0.234,560000,0
2016-04-13,04:45:00,0.234,0.234,0.23,0.23,160000,0
2016-04-13,04:50:00,0.23,0.23,0.23,0.23,40000,0
2016-04-13,05:05:00,0.23,0.23,0.23,0.23,40000,0
2016-04-13,05:20:00,0.23,0.233,0.23,0.233,320000,0
2016-04-13,05:40:00,0.233,0.233,0.231,0.231,80000,0
2016-04-13,07:05:00,0.231,0.234,0.231,0.234,360000,0
2016-04-13,07:35:00,0.233,0.233,0.233,0.233,62,0
2016-04-13,08:35:00,0.233,0.233,0.225,0.226,840000,0
