Date,Time,Open,High,Low,Close,Volume,OpenInt
2016-03-07,02:45:00,1.22,1.22,1.22,1.22,32000,0
2016-03-07,02:55:00,1.22,1.22,1.2,1.2,46000,0
2016-03-07,03:00:00,1.2,1.2,1.2,1.2,2000,0
2016-03-07,03:15:00,1.2,1.21,1.2,1.21,32000,0
2016-03-07,03:20:00,1.21,1.21,1.2,1.21,22000,0
2016-03-07,03:25:00,1.21,1.21,1.2,1.21,12000,0
2016-03-07,03:50:00,1.21,1.21,1.2,1.21,16000,0
2016-03-07,04:05:00,1.21,1.21,1.2,1.2,4000,0
2016-03-07,04:10:00,1.2,1.2,1.2,1.2,2000,0
2016-03-07,04:15:00,1.2,1.2,1.2,1.2,22000,0
2016-03-07,04:25:00,1.19,1.2,1.19,1.2,8000,0
2016-03-07,04:30:00,1.2,1.21,1.2,1.21,22000,0
2016-03-07,04:35:00,1.21,1.21,1.21,1.21,4000,0
2016-03-07,04:45:00,1.21,1.21,1.2,1.2,4000,0
2016-03-07,04:50:00,1.2,1.2,1.2,1.2,4000,0
2016-03-07,04:55:00,1.2,1.24,1.2,1.24,308000,0
2016-03-07,05:00:00,1.24,1.24,1.21,1.21,8000,0
2016-03-07,06:05:00,1.22,1.24,1.22,1.23,22000,0
2016-03-07,06:10:00,1.23,1.24,1.23,1.24,26000,0
2016-03-07,06:20:00,1.24,1.24,1.23,1.23,8000,0
2016-03-07,06:40:00,1.23,1.23,1.23,1.23,2000,0
2016-03-07,07:00:00,1.23,1.24,1.23,1.24,188000,0
2016-03-07,07:05:00,1.24,1.24,1.24,1.24,30000,0
2016-03-07,07:10:00,1.24,1.24,1.24,1.24,2000,0
2016-03-07,07:20:00,1.24,1.24,1.24,1.24,34000,0
2016-03-07,07:25:00,1.24,1.24,1.24,1.24,62000,0
2016-03-07,07:30:00,1.24,1.24,1.24,1.24,30000,0
2016-03-07,07:35:00,1.24,1.24,1.24,1.24,2000,0
2016-03-07,07:40:00,1.24,1.24,1.23,1.23,84000,0
2016-03-07,07:45:00,1.23,1.24,1.23,1.24,8000,0
2016-03-07,08:00:00,1.24,1.25,1.24,1.24,118000,0
2016-03-07,08:05:00,1.24,1.25,1.24,1.24,24000,0
2016-03-07,08:10:00,1.24,1.25,1.24,1.25,12000,0
2016-03-07,08:15:00,1.25,1.25,1.24,1.24,36000,0
2016-03-07,08:20:00,1.24,1.25,1.24,1.24,14000,0
2016-03-07,08:30:00,1.24,1.24,1.23,1.24,22000,0
2016-03-07,08:35:00,1.24,1.24,1.24,1.24,24000,0
2016-03-07,08:40:00,1.24,1.24,1.23,1.24,14000,0
2016-03-07,08:45:00,1.24,1.24,1.23,1.23,52000,0
2016-03-07,08:50:00,1.23,1.23,1.22,1.23,22000,0
2016-03-07,08:55:00,1.23,1.23,1.23,1.23,16000,0
2016-03-07,09:00:00,1.23,1.24,1.22,1.24,104000,0
2016-03-08,02:45:00,1.25,1.25,1.25,1.25,2000,0
2016-03-08,03:00:00,1.25,1.25,1.25,1.25,100000,0
2016-03-08,03:05:00,1.25,1.25,1.25,1.25,28000,0
2016-03-08,03:10:00,1.25,1.25,1.25,1.25,56000,0
2016-03-08,03:15:00,1.25,1.26,1.25,1.25,90000,0
2016-03-08,03:20:00,1.25,1.26,1.25,1.25,32000,0
2016-03-08,03:25:00,1.25,1.25,1.25,1.25,6000,0
2016-03-08,03:35:00,1.25,1.25,1.25,1.25,2000,0
2016-03-08,03:40:00,1.25,1.25,1.25,1.25,4000,0
2016-03-08,03:45:00,1.25,1.25,1.25,1.25,2000,0
2016-03-08,03:55:00,1.25,1.25,1.25,1.25,4000,0
2016-03-08,04:00:00,1.25,1.25,1.25,1.25,2000,0
2016-03-08,04:05:00,1.25,1.25,1.25,1.25,78000,0
2016-03-08,04:15:00,1.23,1.23,1.22,1.22,4000,0
2016-03-08,04:20:00,1.22,1.22,1.21,1.21,10000,0
2016-03-08,04:25:00,1.21,1.21,1.21,1.21,8000,0
2016-03-08,04:30:00,1.21,1.21,1.21,1.21,6000,0
2016-03-08,04:35:00,1.21,1.21,1.21,1.21,8000,0
2016-03-08,04:40:00,1.21,1.21,1.2,1.2,20000,0
2016-03-08,04:45:00,1.2,1.21,1.2,1.2,128000,0
2016-03-08,04:50:00,1.2,1.21,1.2,1.21,38000,0
2016-03-08,04:55:00,1.21,1.21,1.2,1.21,124000,0
2016-03-08,05:00:00,1.21,1.22,1.2,1.22,14000,0
2016-03-08,06:05:00,1.22,1.22,1.2,1.2,40000,0
2016-03-08,06:10:00,1.2,1.21,1.2,1.2,24000,0
2016-03-08,06:15:00,1.2,1.2,1.2,1.2,32000,0
2016-03-08,06:20:00,1.2,1.2,1.2,1.2,38000,0
2016-03-08,06:25:00,1.2,1.21,1.2,1.21,36000,0
2016-03-08,06:30:00,1.21,1.21,1.2,1.2,168000,0
2016-03-08,06:35:00,1.2,1.2,1.2,1.2,4000,0
2016-03-08,06:40:00,1.2,1.2,1.2,1.2,14000,0
2016-03-08,06:45:00,1.2,1.2,1.2,1.2,40000,0
2016-03-08,06:50:00,1.2,1.2,1.2,1.2,54000,0
2016-03-08,06:55:00,1.2,1.21,1.2,1.2,52000,0
2016-03-08,07:05:00,1.19,1.2,1.19,1.2,50000,0
2016-03-08,07:10:00,1.19,1.2,1.19,1.2,22000,0
2016-03-08,07:25:00,1.19,1.2,1.19,1.2,92000,0
2016-03-08,07:35:00,1.19,1.2,1.19,1.2,4000,0
2016-03-08,07:45:00,1.19,1.2,1.19,1.2,4000,0
2016-03-08,08:05:00,1.19,1.2,1.19,1.2,26000,0
2016-03-08,08:25:00,1.19,1.2,1.19,1.2,4000,0
2016-03-08,09:00:00,1.19,1.2,1.19,1.2,26000,0
2016-03-09,03:15:00,1.18,1.2,1.18,1.2,100875,0
2016-03-09,07:05:00,1.18,1.2,1.18,1.2,30000,0
2016-03-09,07:35:00,1.18,1.2,1.18,1.2,24000,0
2016-03-09,08:30:00,1.19,1.19,1.19,1.19,16000,0
2016-03-09,08:35:00,1.19,1.2,1.19,1.2,26000,0
2016-03-09,08:40:00,1.2,1.2,1.2,1.2,2000,0
2016-03-09,08:50:00,1.2,1.2,1.19,1.19,12000,0
2016-03-09,09:00:00,1.19,1.2,1.19,1.2,6000,0
2016-03-10,02:45:00,1.17,1.18,1.17,1.18,6000,0
2016-03-10,03:15:00,1.18,1.18,1.18,1.18,4000,0
2016-03-10,04:10:00,1.18,1.18,1.18,1.18,2000,0
2016-03-10,04:40:00,1.18,1.18,1.17,1.17,232000,0
2016-03-10,04:55:00,1.17,1.18,1.17,1.18,24000,0
2016-03-10,05:00:00,1.18,1.18,1.17,1.18,8000,0
2016-03-10,06:05:00,1.18,1.18,1.17,1.17,32000,0
2016-03-10,06:10:00,1.17,1.17,1.17,1.17,24000,0
2016-03-10,06:15:00,1.17,1.18,1.17,1.18,10000,0
2016-03-10,06:20:00,1.18,1.18,1.17,1.17,8000,0
2016-03-10,06:25:00,1.17,1.18,1.17,1.18,8000,0
2016-03-10,06:35:00,1.18,1.18,1.18,1.18,4000,0
2016-03-10,06:40:00,1.18,1.18,1.18,1.18,4000,0
2016-03-10,06:45:00,1.18,1.18,1.17,1.18,10000,0
2016-03-10,06:55:00,1.18,1.18,1.18,1.18,8000,0
2016-03-10,07:05:00,1.18,1.18,1.18,1.18,4000,0
2016-03-10,07:10:00,1.18,1.18,1.17,1.17,4000,0
2016-03-10,07:15:00,1.17,1.18,1.17,1.18,12000,0
2016-03-10,07:20:00,1.18,1.18,1.17,1.17,76000,0
2016-03-10,07:45:00,1.16,1.17,1.16,1.17,4000,0
2016-03-10,07:50:00,1.17,1.17,1.17,1.17,2000,0
2016-03-10,07:55:00,1.16,1.17,1.16,1.17,4000,0
2016-03-10,08:00:00,1.16,1.17,1.16,1.17,6000,0
2016-03-10,08:05:00,1.16,1.17,1.16,1.17,6000,0
2016-03-10,08:10:00,1.17,1.17,1.17,1.17,2000,0
2016-03-10,08:15:00,1.17,1.17,1.17,1.17,2000,0
2016-03-10,08:20:00,1.16,1.17,1.16,1.17,4000,0
2016-03-10,08:25:00,1.17,1.17,1.17,1.17,2000,0
2016-03-10,08:40:00,1.16,1.17,1.16,1.17,6000,0
2016-03-10,08:45:00,1.16,1.17,1.16,1.17,10000,0
2016-03-10,09:00:00,1.16,1.18,1.16,1.17,32000,0
2016-03-11,02:45:00,1.15,1.17,1.15,1.16,6000,0
2016-03-11,03:05:00,1.16,1.18,1.16,1.18,34000,0
2016-03-11,03:50:00,1.19,1.19,1.19,1.19,2000,0
2016-03-11,04:30:00,1.19,1.19,1.18,1.18,12000,0
2016-03-11,04:35:00,1.18,1.19,1.18,1.19,4000,0
2016-03-11,06:05:00,1.19,1.19,1.18,1.18,8000,0
2016-03-11,06:30:00,1.18,1.18,1.17,1.17,14000,0
2016-03-11,07:20:00,1.17,1.17,1.17,1.17,2000,0
2016-03-11,08:00:00,1.17,1.18,1.17,1.17,68000,0
2016-03-11,08:05:00,1.17,1.17,1.17,1.17,24000,0
2016-03-11,08:35:00,1.17,1.17,1.17,1.17,2000,0
2016-03-11,08:40:00,1.17,1.18,1.17,1.18,104000,0
2016-03-11,08:45:00,1.18,1.18,1.18,1.18,2000,0
2016-03-11,09:00:00,1.18,1.18,1.18,1.18,2000,0
2016-03-14,02:45:00,1.19,1.2,1.19,1.2,4000,0
2016-03-14,02:50:00,1.2,1.2,1.2,1.2,14000,0
2016-03-14,02:55:00,1.2,1.2,1.19,1.19,12000,0
2016-03-14,03:50:00,1.19,1.19,1.19,1.19,2000,0
2016-03-14,04:45:00,1.19,1.2,1.18,1.19,122000,0
2016-03-14,04:50:00,1.19,1.19,1.19,1.19,22000,0
2016-03-14,08:30:00,1.19,1.19,1.19,1.19,22000,0
2016-03-14,08:35:00,1.19,1.19,1.19,1.19,8000,0
2016-03-14,09:00:00,1.19,1.19,1.19,1.19,2000,0
2016-03-15,02:45:00,1.19,1.19,1.19,1.19,2000,0
2016-03-15,03:00:00,1.19,1.21,1.19,1.21,164000,0
2016-03-15,03:05:00,1.21,1.21,1.21,1.21,2000,0
2016-03-15,03:15:00,1.21,1.21,1.21,1.21,4000,0
2016-03-15,03:20:00,1.21,1.21,1.2,1.2,20000,0
2016-03-15,03:25:00,1.2,1.2,1.2,1.2,12000,0
2016-03-15,03:35:00,1.2,1.2,1.2,1.2,6000,0
2016-03-15,03:45:00,1.2,1.2,1.19,1.19,6000,0
2016-03-15,03:50:00,1.19,1.19,1.19,1.19,2000,0
2016-03-15,03:55:00,1.19,1.2,1.19,1.2,14000,0
2016-03-15,04:00:00,1.2,1.2,1.19,1.19,6000,0
2016-03-15,04:05:00,1.19,1.19,1.19,1.19,2000,0
2016-03-15,04:15:00,1.19,1.19,1.19,1.19,2000,0
2016-03-15,04:25:00,1.19,1.2,1.18,1.2,110000,0
2016-03-15,04:30:00,1.2,1.2,1.2,1.2,12000,0
2016-03-15,04:35:00,1.2,1.2,1.19,1.19,4000,0
2016-03-15,04:40:00,1.19,1.19,1.19,1.19,2000,0
2016-03-15,04:45:00,1.19,1.19,1.19,1.19,2000,0
2016-03-15,04:50:00,1.19,1.19,1.19,1.19,4000,0
2016-03-15,04:55:00,1.19,1.19,1.19,1.19,2000,0
2016-03-15,06:05:00,1.19,1.2,1.19,1.2,206000,0
2016-03-15,06:10:00,1.2,1.21,1.2,1.21,20000,0
2016-03-15,06:15:00,1.21,1.21,1.2,1.2,4000,0
2016-03-15,06:20:00,1.2,1.2,1.2,1.2,2000,0
2016-03-15,06:25:00,1.2,1.2,1.2,1.2,2000,0
2016-03-15,06:35:00,1.2,1.2,1.2,1.2,2000,0
2016-03-15,06:40:00,1.2,1.2,1.2,1.2,2000,0
2016-03-15,06:45:00,1.2,1.2,1.2,1.2,2000,0
2016-03-15,06:50:00,1.2,1.2,1.2,1.2,34000,0
2016-03-15,07:05:00,1.2,1.21,1.2,1.21,100000,0
2016-03-15,07:10:00,1.2,1.2,1.19,1.19,4000,0
2016-03-15,07:15:00,1.19,1.19,1.19,1.19,2000,0
2016-03-15,07:20:00,1.2,1.21,1.2,1.2,66000,0
2016-03-15,07:25:00,1.2,1.2,1.19,1.19,4000,0
2016-03-15,07:30:00,1.19,1.21,1.19,1.21,170000,0
2016-03-15,07:35:00,1.21,1.21,1.2,1.2,4000,0
2016-03-15,07:40:00,1.2,1.21,1.2,1.2,62000,0
2016-03-15,07:45:00,1.2,1.2,1.2,1.2,24000,0
2016-03-15,07:50:00,1.2,1.2,1.2,1.2,42000,0
2016-03-15,07:55:00,1.2,1.21,1.2,1.21,22000,0
2016-03-15,08:00:00,1.2,1.2,1.19,1.19,4000,0
2016-03-15,08:05:00,1.19,1.2,1.19,1.2,6000,0
2016-03-15,08:10:00,1.2,1.2,1.19,1.19,4000,0
2016-03-15,08:15:00,1.19,1.2,1.19,1.2,6000,0
2016-03-15,08:20:00,1.2,1.21,1.19,1.21,262000,0
2016-03-15,08:25:00,1.2,1.2,1.2,1.2,2000,0
2016-03-15,08:30:00,1.2,1.21,1.19,1.19,24000,0
2016-03-15,08:35:00,1.19,1.19,1.19,1.19,2000,0
2016-03-15,08:40:00,1.19,1.19,1.19,1.19,36000,0
2016-03-15,08:45:00,1.19,1.21,1.19,1.19,42000,0
2016-03-15,08:50:00,1.19,1.2,1.19,1.19,10000,0
2016-03-15,08:55:00,1.19,1.2,1.19,1.2,6000,0
2016-03-15,09:00:00,1.2,1.2,1.19,1.19,16000,0
2016-03-16,02:35:00,1.19,1.2,1.19,1.2,30000,0
2016-03-16,03:20:00,1.19,1.2,1.19,1.2,36000,0
2016-03-16,03:40:00,1.2,1.21,1.19,1.21,374000,0
2016-03-16,03:45:00,1.21,1.21,1.21,1.21,6000,0
2016-03-16,03:50:00,1.21,1.21,1.2,1.2,42000,0
2016-03-16,03:55:00,1.19,1.21,1.19,1.21,130000,0
2016-03-16,04:00:00,1.21,1.21,1.21,1.21,142000,0
2016-03-16,04:10:00,1.21,1.22,1.21,1.22,204000,0
2016-03-16,04:15:00,1.22,1.22,1.22,1.22,100000,0
2016-03-16,04:25:00,1.22,1.23,1.22,1.23,10000,0
2016-03-16,04:30:00,1.23,1.24,1.23,1.23,80000,0
2016-03-16,04:35:00,1.23,1.23,1.23,1.23,2000,0
2016-03-16,04:45:00,1.23,1.23,1.21,1.21,106000,0
2016-03-16,04:50:00,1.21,1.21,1.21,1.21,2000,0
2016-03-16,04:55:00,1.21,1.21,1.21,1.21,4000,0
2016-03-16,05:00:00,1.21,1.21,1.21,1.21,2000,0
2016-03-16,06:05:00,1.21,1.21,1.21,1.21,6000,0
2016-03-16,06:15:00,1.21,1.21,1.21,1.21,2000,0
2016-03-16,06:20:00,1.21,1.21,1.21,1.21,4000,0
2016-03-16,06:25:00,1.21,1.22,1.21,1.21,108000,0
2016-03-16,06:30:00,1.21,1.21,1.21,1.21,2000,0
2016-03-16,06:40:00,1.21,1.21,1.21,1.21,22000,0
2016-03-16,06:50:00,1.21,1.21,1.21,1.21,4000,0
2016-03-16,07:00:00,1.21,1.21,1.21,1.21,2000,0
2016-03-16,07:05:00,1.21,1.21,1.21,1.21,4000,0
2016-03-16,07:10:00,1.21,1.21,1.21,1.21,2000,0
2016-03-16,07:20:00,1.21,1.21,1.21,1.21,2000,0
2016-03-16,07:25:00,1.21,1.21,1.21,1.21,4000,0
2016-03-16,07:35:00,1.21,1.21,1.21,1.21,2000,0
2016-03-16,07:40:00,1.21,1.21,1.21,1.21,6000,0
2016-03-16,07:50:00,1.21,1.21,1.21,1.21,2000,0
2016-03-16,07:55:00,1.21,1.21,1.21,1.21,4000,0
2016-03-16,08:00:00,1.21,1.21,1.21,1.21,82000,0
2016-03-16,08:05:00,1.21,1.21,1.21,1.21,78000,0
2016-03-16,08:10:00,1.21,1.21,1.21,1.21,2000,0
2016-03-16,08:15:00,1.21,1.21,1.21,1.21,4000,0
2016-03-16,08:20:00,1.21,1.21,1.21,1.21,102000,0
2016-03-16,08:25:00,1.21,1.21,1.21,1.21,6000,0
2016-03-16,08:30:00,1.21,1.21,1.21,1.21,4000,0
2016-03-16,08:35:00,1.21,1.21,1.21,1.21,4000,0
2016-03-16,08:40:00,1.21,1.21,1.21,1.21,6000,0
2016-03-16,08:45:00,1.21,1.21,1.21,1.21,2000,0
2016-03-16,08:50:00,1.21,1.21,1.21,1.21,4000,0
2016-03-16,08:55:00,1.21,1.21,1.21,1.21,4000,0
2016-03-16,09:00:00,1.21,1.22,1.21,1.21,382000,0
2016-03-17,02:35:00,1.21,1.22,1.21,1.21,128000,0
2016-03-17,02:45:00,1.21,1.21,1.2,1.21,124000,0
2016-03-17,02:50:00,1.2,1.21,1.2,1.21,82000,0
2016-03-17,02:55:00,1.21,1.21,1.21,1.21,2000,0
2016-03-17,03:05:00,1.21,1.21,1.21,1.21,2000,0
2016-03-17,03:10:00,1.21,1.21,1.21,1.21,4000,0
2016-03-17,03:15:00,1.21,1.21,1.21,1.21,160000,0
2016-03-17,03:20:00,1.21,1.21,1.21,1.21,2000,0
2016-03-17,03:25:00,1.21,1.21,1.21,1.21,266000,0
2016-03-17,03:35:00,1.21,1.21,1.21,1.21,4000,0
2016-03-17,03:40:00,1.21,1.21,1.21,1.21,6000,0
2016-03-17,03:50:00,1.21,1.21,1.21,1.21,6000,0
2016-03-17,03:55:00,1.21,1.21,1.21,1.21,2000,0
2016-03-17,04:05:00,1.21,1.21,1.21,1.21,302000,0
2016-03-17,04:10:00,1.21,1.21,1.21,1.21,2000,0
2016-03-17,04:15:00,1.21,1.21,1.21,1.21,2000,0
2016-03-17,04:20:00,1.21,1.22,1.21,1.22,154000,0
2016-03-17,04:25:00,1.22,1.22,1.21,1.21,4000,0
2016-03-17,04:30:00,1.21,1.21,1.21,1.21,2000,0
2016-03-17,04:35:00,1.21,1.21,1.21,1.21,2000,0
2016-03-17,04:40:00,1.21,1.21,1.21,1.21,2000,0
2016-03-17,04:45:00,1.21,1.21,1.21,1.21,4000,0
2016-03-17,04:50:00,1.21,1.22,1.21,1.21,208000,0
2016-03-17,04:55:00,1.21,1.21,1.21,1.21,2000,0
2016-03-17,05:00:00,1.21,1.21,1.21,1.21,4000,0
2016-03-17,06:05:00,1.21,1.22,1.21,1.21,16000,0
2016-03-17,06:10:00,1.21,1.21,1.21,1.21,2000,0
2016-03-17,06:15:00,1.21,1.22,1.21,1.21,236000,0
2016-03-17,06:25:00,1.21,1.22,1.21,1.21,44000,0
2016-03-17,06:30:00,1.21,1.22,1.21,1.22,146000,0
2016-03-17,06:35:00,1.22,1.22,1.21,1.21,30000,0
2016-03-17,06:40:00,1.21,1.21,1.21,1.21,2000,0
2016-03-17,06:45:00,1.21,1.21,1.21,1.21,2000,0
2016-03-17,06:50:00,1.21,1.21,1.21,1.21,2000,0
2016-03-17,06:55:00,1.21,1.22,1.21,1.21,44000,0
2016-03-17,07:00:00,1.21,1.22,1.21,1.22,6000,0
2016-03-17,07:05:00,1.22,1.22,1.21,1.21,6000,0
2016-03-17,07:10:00,1.21,1.21,1.21,1.21,2000,0
2016-03-17,07:15:00,1.21,1.24,1.21,1.24,300000,0
2016-03-17,07:25:00,1.24,1.24,1.24,1.24,30000,0
2016-03-17,07:30:00,1.24,1.24,1.23,1.23,164000,0
2016-03-17,07:35:00,1.23,1.23,1.23,1.23,34000,0
2016-03-17,07:50:00,1.23,1.23,1.23,1.23,2000,0
2016-03-17,07:55:00,1.23,1.24,1.23,1.23,10000,0
2016-03-17,08:05:00,1.23,1.23,1.23,1.23,2000,0
2016-03-17,08:15:00,1.23,1.23,1.23,1.23,4000,0
2016-03-17,08:20:00,1.23,1.23,1.23,1.23,2000,0
2016-03-17,08:25:00,1.23,1.24,1.23,1.23,22000,0
2016-03-17,08:30:00,1.23,1.3,1.23,1.3,708000,0
2016-03-17,08:35:00,1.3,1.3,1.28,1.28,74000,0
2016-03-17,08:40:00,1.28,1.28,1.26,1.26,28000,0
2016-03-17,08:45:00,1.26,1.26,1.25,1.26,24000,0
2016-03-17,08:50:00,1.26,1.27,1.26,1.27,90000,0
2016-03-17,08:55:00,1.27,1.27,1.26,1.26,38000,0
2016-03-17,09:00:00,1.26,1.28,1.26,1.26,124000,0
2016-03-18,02:45:00,1.26,1.29,1.26,1.27,64000,0
2016-03-18,02:50:00,1.27,1.3,1.27,1.29,46000,0
2016-03-18,02:55:00,1.29,1.29,1.29,1.29,14000,0
2016-03-18,03:00:00,1.29,1.3,1.29,1.3,106000,0
2016-03-18,03:10:00,1.3,1.31,1.29,1.29,322000,0
2016-03-18,03:15:00,1.29,1.29,1.27,1.27,4000,0
2016-03-18,03:20:00,1.27,1.28,1.27,1.28,14000,0
2016-03-18,03:25:00,1.28,1.28,1.27,1.27,4000,0
2016-03-18,03:30:00,1.27,1.28,1.27,1.27,14000,0
2016-03-18,03:35:00,1.27,1.29,1.27,1.29,48000,0
2016-03-18,03:40:00,1.29,1.29,1.28,1.28,4000,0
2016-03-18,03:45:00,1.28,1.29,1.27,1.29,62000,0
2016-03-18,03:50:00,1.29,1.29,1.28,1.29,60000,0
2016-03-18,04:05:00,1.29,1.29,1.28,1.28,14000,0
2016-03-18,04:10:00,1.28,1.29,1.28,1.29,10000,0
2016-03-18,04:15:00,1.29,1.29,1.28,1.28,4000,0
2016-03-18,04:20:00,1.28,1.31,1.28,1.3,226000,0
2016-03-18,04:25:00,1.3,1.3,1.29,1.3,78000,0
2016-03-18,04:30:00,1.3,1.3,1.3,1.3,2000,0
2016-03-18,04:35:00,1.3,1.3,1.3,1.3,2000,0
2016-03-18,04:40:00,1.3,1.3,1.29,1.29,4000,0
2016-03-18,04:45:00,1.29,1.29,1.28,1.28,18000,0
2016-03-18,04:50:00,1.29,1.29,1.28,1.28,8000,0
2016-03-18,04:55:00,1.28,1.3,1.28,1.3,30000,0
2016-03-18,05:00:00,1.29,1.3,1.28,1.3,54000,0
2016-03-18,06:05:00,1.3,1.3,1.29,1.29,244000,0
2016-03-18,06:10:00,1.29,1.31,1.29,1.3,226000,0
2016-03-18,06:20:00,1.3,1.3,1.29,1.3,120000,0
2016-03-18,06:25:00,1.3,1.3,1.3,1.3,22000,0
2016-03-18,06:30:00,1.3,1.3,1.29,1.29,6000,0
2016-03-18,06:35:00,1.29,1.3,1.29,1.3,20000,0
2016-03-18,06:40:00,1.3,1.3,1.3,1.3,4000,0
2016-03-18,06:45:00,1.3,1.3,1.29,1.29,34000,0
2016-03-18,06:50:00,1.29,1.3,1.29,1.3,46000,0
2016-03-18,06:55:00,1.3,1.3,1.3,1.3,16000,0
2016-03-18,07:00:00,1.3,1.3,1.29,1.29,4000,0
2016-03-18,07:10:00,1.29,1.29,1.29,1.29,68000,0
2016-03-18,07:15:00,1.29,1.29,1.29,1.29,2000,0
2016-03-18,07:20:00,1.29,1.29,1.29,1.29,4000,0
2016-03-18,07:25:00,1.29,1.29,1.28,1.28,4000,0
2016-03-18,07:30:00,1.28,1.29,1.28,1.29,12000,0
2016-03-18,07:35:00,1.29,1.29,1.29,1.29,2000,0
2016-03-18,07:40:00,1.29,1.29,1.28,1.28,24000,0
2016-03-18,07:45:00,1.28,1.29,1.28,1.29,6000,0
2016-03-18,07:50:00,1.29,1.29,1.29,1.29,6000,0
2016-03-18,07:55:00,1.29,1.29,1.29,1.29,22000,0
2016-03-18,08:00:00,1.29,1.29,1.28,1.28,14000,0
2016-03-18,08:05:00,1.28,1.29,1.28,1.28,18000,0
2016-03-18,08:10:00,1.28,1.31,1.28,1.31,220000,0
2016-03-18,08:20:00,1.31,1.31,1.3,1.31,56000,0
2016-03-18,08:25:00,1.31,1.31,1.3,1.31,46000,0
2016-03-18,08:30:00,1.31,1.31,1.3,1.3,36000,0
2016-03-18,08:35:00,1.3,1.31,1.3,1.3,14000,0
2016-03-18,08:40:00,1.3,1.31,1.3,1.3,22000,0
2016-03-18,08:45:00,1.3,1.31,1.29,1.31,88000,0
2016-03-18,08:50:00,1.31,1.31,1.3,1.3,288000,0
2016-03-18,08:55:00,1.3,1.31,1.29,1.29,316000,0
2016-03-18,09:00:00,1.29,1.32,1.29,1.31,500000,0
2016-03-21,03:05:00,1.32,1.37,1.31,1.37,212000,0
2016-03-21,03:10:00,1.37,1.38,1.35,1.37,108000,0
2016-03-21,03:15:00,1.37,1.38,1.35,1.35,96000,0
2016-03-21,03:20:00,1.35,1.35,1.35,1.35,2000,0
2016-03-21,03:25:00,1.36,1.36,1.34,1.34,38000,0
2016-03-21,03:30:00,1.34,1.35,1.34,1.34,24000,0
2016-03-21,03:35:00,1.33,1.35,1.33,1.35,50000,0
2016-03-21,03:40:00,1.35,1.35,1.33,1.33,4000,0
2016-03-21,03:45:00,1.34,1.34,1.32,1.32,92000,0
2016-03-21,03:50:00,1.32,1.36,1.32,1.36,396000,0
2016-03-21,04:10:00,1.36,1.36,1.35,1.35,4000,0
2016-03-21,04:15:00,1.35,1.37,1.35,1.36,90000,0
2016-03-21,04:25:00,1.36,1.37,1.36,1.37,6000,0
2016-03-21,04:30:00,1.37,1.37,1.36,1.37,32000,0
2016-03-21,04:35:00,1.37,1.37,1.36,1.36,6000,0
2016-03-21,04:40:00,1.36,1.36,1.36,1.36,24000,0
2016-03-21,04:45:00,1.36,1.36,1.36,1.36,14000,0
2016-03-21,04:50:00,1.36,1.38,1.36,1.37,354000,0
2016-03-21,05:00:00,1.37,1.37,1.36,1.36,6000,0
2016-03-21,06:05:00,1.36,1.36,1.36,1.36,20000,0
2016-03-21,06:25:00,1.36,1.36,1.35,1.35,56000,0
2016-03-21,06:35:00,1.35,1.35,1.35,1.35,2000,0
2016-03-21,06:45:00,1.35,1.36,1.35,1.36,50000,0
2016-03-21,06:55:00,1.36,1.36,1.35,1.36,22000,0
2016-03-21,07:05:00,1.36,1.36,1.35,1.35,4000,0
2016-03-21,07:10:00,1.35,1.36,1.35,1.36,36000,0
2016-03-21,07:20:00,1.36,1.36,1.36,1.36,60000,0
2016-03-21,07:30:00,1.36,1.36,1.35,1.35,4000,0
2016-03-21,07:35:00,1.35,1.35,1.35,1.35,2000,0
2016-03-21,07:45:00,1.35,1.35,1.35,1.35,2000,0
2016-03-21,07:50:00,1.35,1.35,1.35,1.35,2000,0
2016-03-21,07:55:00,1.35,1.35,1.35,1.35,2000,0
2016-03-21,08:00:00,1.35,1.35,1.35,1.35,4000,0
2016-03-21,08:05:00,1.35,1.35,1.35,1.35,2000,0
2016-03-21,08:10:00,1.35,1.35,1.35,1.35,776000,0
2016-03-21,08:15:00,1.35,1.35,1.34,1.34,362000,0
2016-03-21,08:20:00,1.34,1.34,1.34,1.34,2000,0
2016-03-21,08:25:00,1.34,1.34,1.34,1.34,8000,0
2016-03-21,08:30:00,1.34,1.34,1.34,1.34,2000,0
2016-03-21,08:35:00,1.34,1.35,1.34,1.34,30000,0
2016-03-21,08:40:00,1.34,1.35,1.34,1.34,12000,0
2016-03-21,08:45:00,1.34,1.34,1.34,1.34,8000,0
2016-03-21,08:50:00,1.34,1.34,1.34,1.34,6000,0
2016-03-21,08:55:00,1.34,1.34,1.34,1.34,132000,0
2016-03-21,09:00:00,1.34,1.35,1.33,1.34,302000,0
2016-03-22,02:35:00,1.35,1.35,1.34,1.34,22000,0
2016-03-22,02:45:00,1.34,1.34,1.34,1.34,4000,0
2016-03-22,02:55:00,1.34,1.34,1.33,1.33,20000,0
2016-03-22,03:10:00,1.33,1.33,1.3,1.31,162000,0
2016-03-22,03:15:00,1.31,1.31,1.31,1.31,14000,0
2016-03-22,03:20:00,1.31,1.31,1.31,1.31,4000,0
2016-03-22,03:25:00,1.31,1.31,1.31,1.31,2000,0
2016-03-22,03:30:00,1.31,1.31,1.31,1.31,2000,0
2016-03-22,03:35:00,1.31,1.31,1.3,1.3,124000,0
2016-03-22,03:40:00,1.3,1.31,1.3,1.31,18000,0
2016-03-22,03:45:00,1.31,1.32,1.3,1.32,1148000,0
2016-03-22,03:50:00,1.32,1.33,1.32,1.33,30000,0
2016-03-22,04:05:00,1.33,1.35,1.3,1.33,1072000,0
2016-03-22,04:10:00,1.33,1.34,1.33,1.34,18000,0
2016-03-22,04:30:00,1.34,1.34,1.33,1.33,14000,0
2016-03-22,04:40:00,1.33,1.33,1.32,1.32,6000,0
2016-03-22,04:45:00,1.32,1.32,1.32,1.32,2000,0
2016-03-22,04:50:00,1.32,1.32,1.32,1.32,2000,0
2016-03-22,04:55:00,1.32,1.32,1.32,1.32,4000,0
2016-03-22,05:00:00,1.32,1.33,1.31,1.31,54000,0
2016-03-22,06:05:00,1.31,1.31,1.31,1.31,8000,0
2016-03-22,06:20:00,1.31,1.32,1.31,1.32,24000,0
2016-03-22,06:30:00,1.32,1.32,1.31,1.31,6000,0
2016-03-22,06:35:00,1.31,1.31,1.31,1.31,2000,0
2016-03-22,06:45:00,1.31,1.32,1.31,1.32,8000,0
2016-03-22,06:50:00,1.32,1.32,1.3,1.32,208000,0
2016-03-22,06:55:00,1.31,1.31,1.31,1.31,4000,0
2016-03-22,07:05:00,1.31,1.31,1.3,1.3,4000,0
2016-03-22,07:15:00,1.3,1.32,1.3,1.32,34000,0
2016-03-22,07:20:00,1.31,1.31,1.31,1.31,8000,0
2016-03-22,07:30:00,1.31,1.31,1.3,1.3,4000,0
2016-03-22,07:40:00,1.3,1.3,1.3,1.3,2000,0
2016-03-22,07:50:00,1.3,1.31,1.3,1.31,64000,0
2016-03-22,07:55:00,1.31,1.31,1.3,1.3,4000,0
2016-03-22,08:00:00,1.3,1.31,1.3,1.31,16000,0
2016-03-22,08:05:00,1.31,1.31,1.3,1.3,4000,0
2016-03-22,08:10:00,1.3,1.31,1.3,1.31,10000,0
2016-03-22,08:20:00,1.31,1.31,1.3,1.3,4000,0
2016-03-22,08:25:00,1.3,1.3,1.3,1.3,4000,0
2016-03-22,08:30:00,1.3,1.3,1.3,1.3,4000,0
2016-03-22,08:35:00,1.3,1.3,1.3,1.3,2000,0
2016-03-22,08:40:00,1.3,1.31,1.3,1.3,182000,0
2016-03-22,08:45:00,1.3,1.3,1.3,1.3,4000,0
2016-03-22,08:50:00,1.3,1.3,1.29,1.29,516000,0
2016-03-22,08:55:00,1.29,1.3,1.29,1.29,44000,0
2016-03-22,09:00:00,1.29,1.29,1.29,1.29,14000,0
2016-03-23,02:35:00,1.31,1.31,1.28,1.3,10000,0
2016-03-23,02:40:00,1.3,1.3,1.29,1.29,10000,0
2016-03-23,02:45:00,1.29,1.3,1.28,1.28,28000,0
2016-03-23,03:05:00,1.28,1.29,1.28,1.29,10000,0
2016-03-23,03:30:00,1.29,1.31,1.29,1.3,126000,0
2016-03-23,03:35:00,1.3,1.31,1.3,1.3,8000,0
2016-03-23,04:00:00,1.3,1.3,1.3,1.3,2000,0
2016-03-23,04:15:00,1.3,1.3,1.29,1.3,106000,0
2016-03-23,04:20:00,1.3,1.3,1.29,1.29,4000,0
2016-03-23,04:40:00,1.29,1.3,1.22,1.23,630000,0
2016-03-23,04:45:00,1.23,1.26,1.23,1.26,46000,0
2016-03-23,04:50:00,1.25,1.25,1.23,1.24,26000,0
2016-03-23,04:55:00,1.24,1.24,1.24,1.24,4000,0
2016-03-23,05:00:00,1.24,1.25,1.24,1.24,46000,0
2016-03-23,06:05:00,1.24,1.27,1.24,1.24,24000,0
2016-03-23,06:15:00,1.25,1.25,1.25,1.25,2000,0
2016-03-23,06:25:00,1.25,1.25,1.25,1.25,2000,0
2016-03-23,06:30:00,1.25,1.26,1.25,1.26,8000,0
2016-03-23,06:35:00,1.26,1.26,1.25,1.25,4000,0
2016-03-23,06:40:00,1.25,1.26,1.25,1.26,12000,0
2016-03-23,06:45:00,1.26,1.28,1.26,1.28,20000,0
2016-03-23,06:55:00,1.28,1.28,1.27,1.28,48000,0
2016-03-23,07:10:00,1.27,1.27,1.26,1.26,6000,0
2016-03-23,07:20:00,1.26,1.27,1.26,1.27,16000,0
2016-03-23,07:25:00,1.27,1.27,1.27,1.27,12000,0
2016-03-23,07:30:00,1.27,1.27,1.26,1.26,4000,0
2016-03-23,07:35:00,1.26,1.27,1.26,1.27,24000,0
2016-03-23,07:40:00,1.27,1.27,1.26,1.26,4000,0
2016-03-23,07:45:00,1.26,1.26,1.26,1.26,2000,0
2016-03-23,07:55:00,1.26,1.26,1.26,1.26,2000,0
2016-03-23,08:05:00,1.26,1.26,1.26,1.26,4000,0
2016-03-23,08:10:00,1.26,1.26,1.26,1.26,2000,0
2016-03-23,08:15:00,1.26,1.27,1.26,1.27,6000,0
2016-03-23,08:20:00,1.27,1.27,1.26,1.26,6000,0
2016-03-23,08:25:00,1.26,1.26,1.26,1.26,2000,0
2016-03-23,08:30:00,1.26,1.26,1.26,1.26,2000,0
2016-03-23,08:35:00,1.26,1.26,1.26,1.26,2000,0
2016-03-23,08:40:00,1.26,1.27,1.26,1.26,12000,0
2016-03-23,08:45:00,1.26,1.27,1.26,1.26,28000,0
2016-03-23,08:50:00,1.26,1.26,1.26,1.26,6000,0
2016-03-23,08:55:00,1.26,1.27,1.26,1.26,24000,0
2016-03-23,09:00:00,1.26,1.27,1.26,1.26,80000,0
2016-03-24,04:15:00,1.25,1.26,1.24,1.25,426000,0
2016-03-24,04:20:00,1.25,1.26,1.25,1.26,18000,0
2016-03-24,04:25:00,1.26,1.26,1.25,1.25,4000,0
2016-03-24,04:35:00,1.25,1.25,1.25,1.25,2000,0
2016-03-24,04:40:00,1.25,1.25,1.25,1.25,4000,0
2016-03-24,04:45:00,1.25,1.25,1.25,1.25,4000,0
2016-03-24,04:50:00,1.25,1.25,1.25,1.25,2000,0
2016-03-24,04:55:00,1.25,1.25,1.25,1.25,2000,0
2016-03-24,06:05:00,1.25,1.25,1.25,1.25,4000,0
2016-03-24,06:10:00,1.25,1.25,1.25,1.25,2000,0
2016-03-24,06:50:00,1.25,1.25,1.25,1.25,2000,0
2016-03-24,07:55:00,1.25,1.26,1.25,1.26,110000,0
2016-03-24,08:00:00,1.26,1.26,1.26,1.26,90000,0
2016-03-24,08:05:00,1.27,1.27,1.26,1.26,16000,0
2016-03-24,08:20:00,1.26,1.26,1.26,1.26,2000,0
2016-03-24,08:40:00,1.26,1.26,1.26,1.26,4000,0
2016-03-24,08:45:00,1.26,1.26,1.26,1.26,28000,0
2016-03-24,08:50:00,1.27,1.27,1.26,1.26,76000,0
2016-03-24,08:55:00,1.26,1.26,1.26,1.26,24000,0
2016-03-24,09:00:00,1.26,1.27,1.26,1.26,176000,0
2016-03-29,03:35:00,1.15,1.21,1.15,1.17,172000,0
2016-03-29,03:40:00,1.17,1.18,1.17,1.18,42000,0
2016-03-29,03:45:00,1.18,1.18,1.17,1.18,88000,0
2016-03-29,03:50:00,1.18,1.19,1.18,1.18,142000,0
2016-03-29,03:55:00,1.18,1.18,1.18,1.18,158000,0
2016-03-29,04:05:00,1.18,1.18,1.18,1.18,8000,0
2016-03-29,04:10:00,1.18,1.18,1.18,1.18,6000,0
2016-03-29,04:15:00,1.18,1.19,1.18,1.19,36000,0
2016-03-29,04:20:00,1.19,1.2,1.19,1.19,56000,0
2016-03-29,04:30:00,1.19,1.19,1.19,1.19,4000,0
2016-03-29,04:35:00,1.19,1.19,1.19,1.19,24000,0
2016-03-29,04:40:00,1.19,1.19,1.19,1.19,34000,0
2016-03-29,04:45:00,1.19,1.19,1.18,1.18,4000,0
2016-03-29,04:50:00,1.18,1.18,1.18,1.18,4000,0
2016-03-29,04:55:00,1.18,1.19,1.18,1.19,146000,0
2016-03-29,05:00:00,1.19,1.19,1.19,1.19,4000,0
2016-03-29,05:05:00,1.19,1.19,1.18,1.18,90000,0
2016-03-29,05:10:00,1.18,1.18,1.17,1.17,176000,0
2016-03-29,05:15:00,1.17,1.18,1.17,1.18,68000,0
2016-03-29,05:20:00,1.18,1.18,1.18,1.18,2000,0
2016-03-29,05:25:00,1.18,1.18,1.17,1.17,4000,0
2016-03-29,05:30:00,1.17,1.17,1.17,1.17,2000,0
2016-03-29,05:35:00,1.17,1.17,1.17,1.17,6000,0
2016-03-29,05:40:00,1.17,1.17,1.17,1.17,2000,0
2016-03-29,05:45:00,1.17,1.17,1.17,1.17,36000,0
2016-03-29,05:50:00,1.17,1.17,1.17,1.17,6000,0
2016-03-29,05:55:00,1.17,1.19,1.17,1.19,170000,0
2016-03-29,06:00:00,1.19,1.21,1.19,1.2,300000,0
2016-03-29,07:05:00,1.2,1.2,1.19,1.19,18000,0
2016-03-29,07:10:00,1.19,1.19,1.19,1.19,2000,0
2016-03-29,07:15:00,1.19,1.19,1.19,1.19,2000,0
2016-03-29,07:25:00,1.19,1.19,1.18,1.18,78000,0
2016-03-29,07:40:00,1.18,1.18,1.18,1.18,2000,0
2016-03-29,07:45:00,1.18,1.18,1.18,1.18,6000,0
2016-03-29,07:50:00,1.18,1.19,1.18,1.19,70000,0
2016-03-29,07:55:00,1.19,1.19,1.19,1.19,4000,0
2016-03-29,08:05:00,1.19,1.19,1.19,1.19,2000,0
2016-03-29,08:15:00,1.19,1.19,1.19,1.19,2000,0
2016-03-29,08:20:00,1.19,1.19,1.19,1.19,2000,0
2016-03-29,08:30:00,1.19,1.19,1.19,1.19,4000,0
2016-03-29,08:35:00,1.19,1.19,1.19,1.19,2000,0
2016-03-29,08:45:00,1.19,1.19,1.19,1.19,2000,0
2016-03-29,08:55:00,1.19,1.19,1.19,1.19,2000,0
2016-03-29,09:00:00,1.19,1.19,1.19,1.19,2000,0
2016-03-29,09:05:00,1.19,1.19,1.19,1.19,2000,0
2016-03-29,09:15:00,1.19,1.19,1.19,1.19,62000,0
2016-03-29,09:20:00,1.19,1.19,1.19,1.19,4000,0
2016-03-29,09:25:00,1.19,1.19,1.19,1.19,4000,0
2016-03-29,09:30:00,1.19,1.19,1.19,1.19,2000,0
2016-03-29,09:35:00,1.19,1.19,1.19,1.19,2000,0
2016-03-29,09:40:00,1.19,1.19,1.19,1.19,2000,0
2016-03-29,09:45:00,1.19,1.19,1.19,1.19,4000,0
2016-03-29,09:50:00,1.19,1.19,1.19,1.19,2000,0
2016-03-29,09:55:00,1.19,1.19,1.19,1.19,14000,0
2016-03-29,10:00:00,1.19,1.19,1.19,1.19,30000,0
2016-03-30,03:40:00,1.16,1.18,1.16,1.17,56000,0
2016-03-30,03:50:00,1.17,1.18,1.17,1.17,28000,0
2016-03-30,03:55:00,1.17,1.18,1.17,1.18,68000,0
2016-03-30,04:00:00,1.18,1.18,1.18,1.18,2000,0
2016-03-30,04:05:00,1.18,1.18,1.18,1.18,2000,0
2016-03-30,04:10:00,1.18,1.18,1.18,1.18,2000,0
2016-03-30,04:15:00,1.18,1.18,1.18,1.18,2000,0
2016-03-30,04:20:00,1.18,1.18,1.18,1.18,134000,0
2016-03-30,04:25:00,1.18,1.18,1.17,1.17,4000,0
2016-03-30,04:30:00,1.17,1.18,1.17,1.17,14000,0
2016-03-30,04:35:00,1.17,1.17,1.17,1.17,6000,0
2016-03-30,04:40:00,1.17,1.18,1.17,1.17,68000,0
2016-03-30,04:45:00,1.17,1.17,1.17,1.17,4000,0
2016-03-30,04:50:00,1.17,1.17,1.17,1.17,2000,0
2016-03-30,04:55:00,1.17,1.17,1.17,1.17,4000,0
2016-03-30,05:00:00,1.17,1.17,1.17,1.17,2000,0
2016-03-30,05:05:00,1.17,1.17,1.17,1.17,2000,0
2016-03-30,05:10:00,1.17,1.17,1.17,1.17,4000,0
2016-03-30,05:15:00,1.17,1.17,1.17,1.17,2000,0
2016-03-30,05:20:00,1.17,1.17,1.17,1.17,6000,0
2016-03-30,05:25:00,1.17,1.17,1.17,1.17,2000,0
2016-03-30,05:30:00,1.17,1.18,1.17,1.18,140000,0
2016-03-30,05:40:00,1.18,1.18,1.18,1.18,46000,0
2016-03-30,05:45:00,1.18,1.18,1.17,1.17,8000,0
2016-03-30,05:50:00,1.17,1.17,1.17,1.17,10000,0
2016-03-30,05:55:00,1.17,1.17,1.17,1.17,4000,0
2016-03-30,06:00:00,1.17,1.18,1.17,1.17,30000,0
2016-03-30,07:05:00,1.17,1.17,1.17,1.17,6000,0
2016-03-30,07:10:00,1.17,1.17,1.17,1.17,2000,0
2016-03-30,07:20:00,1.17,1.17,1.17,1.17,2000,0
2016-03-30,07:30:00,1.17,1.17,1.17,1.17,6000,0
2016-03-30,07:45:00,1.17,1.17,1.17,1.17,4000,0
2016-03-30,07:50:00,1.17,1.17,1.17,1.17,4000,0
2016-03-30,07:55:00,1.17,1.17,1.17,1.17,4000,0
2016-03-30,08:05:00,1.17,1.18,1.17,1.18,144000,0
2016-03-30,08:10:00,1.18,1.18,1.17,1.17,4000,0
2016-03-30,08:15:00,1.17,1.18,1.17,1.18,36000,0
2016-03-30,08:20:00,1.18,1.18,1.17,1.17,8000,0
2016-03-30,08:30:00,1.17,1.17,1.17,1.17,6000,0
2016-03-30,08:35:00,1.17,1.17,1.17,1.17,4000,0
2016-03-30,08:40:00,1.17,1.18,1.17,1.17,10000,0
2016-03-30,08:45:00,1.17,1.17,1.17,1.17,2000,0
2016-03-30,08:55:00,1.17,1.17,1.17,1.17,2000,0
2016-03-30,09:00:00,1.17,1.17,1.17,1.17,2000,0
2016-03-30,09:05:00,1.17,1.18,1.17,1.18,84000,0
2016-03-30,09:20:00,1.18,1.18,1.18,1.18,142000,0
2016-03-30,09:25:00,1.18,1.19,1.18,1.18,66000,0
2016-03-30,09:30:00,1.18,1.18,1.18,1.18,4000,0
2016-03-30,09:35:00,1.18,1.18,1.18,1.18,6000,0
2016-03-30,09:40:00,1.18,1.18,1.18,1.18,74000,0
2016-03-30,09:45:00,1.18,1.18,1.17,1.17,10000,0
2016-03-30,09:50:00,1.17,1.17,1.17,1.17,6000,0
2016-03-30,09:55:00,1.17,1.18,1.17,1.17,32000,0
2016-03-30,10:00:00,1.17,1.18,1.17,1.17,94000,0
2016-03-31,03:35:00,1.17,1.18,1.17,1.18,8000,0
2016-03-31,03:45:00,1.18,1.19,1.18,1.18,52000,0
2016-03-31,03:50:00,1.18,1.18,1.18,1.18,4000,0
2016-03-31,03:55:00,1.18,1.18,1.18,1.18,20000,0
2016-03-31,04:00:00,1.18,1.19,1.18,1.18,44000,0
2016-03-31,04:05:00,1.18,1.19,1.18,1.18,306000,0
2016-03-31,04:10:00,1.18,1.19,1.18,1.18,36000,0
2016-03-31,04:15:00,1.18,1.18,1.18,1.18,28000,0
2016-03-31,04:20:00,1.18,1.18,1.18,1.18,18000,0
2016-03-31,04:25:00,1.18,1.18,1.18,1.18,36000,0
2016-03-31,04:30:00,1.18,1.18,1.17,1.17,68000,0
2016-03-31,04:35:00,1.17,1.17,1.17,1.17,24000,0
2016-03-31,04:40:00,1.17,1.17,1.17,1.17,30000,0
2016-03-31,04:45:00,1.17,1.17,1.17,1.17,36000,0
2016-03-31,04:50:00,1.17,1.17,1.17,1.17,20000,0
2016-03-31,04:55:00,1.17,1.18,1.17,1.17,91000,0
2016-03-31,05:00:00,1.17,1.17,1.17,1.17,10000,0
2016-03-31,05:05:00,1.17,1.18,1.17,1.17,176000,0
2016-03-31,05:10:00,1.17,1.17,1.17,1.17,18000,0
2016-03-31,05:15:00,1.17,1.17,1.17,1.17,14000,0
2016-03-31,05:20:00,1.17,1.17,1.17,1.17,32000,0
2016-03-31,05:25:00,1.17,1.17,1.17,1.17,16000,0
2016-03-31,05:30:00,1.17,1.17,1.17,1.17,16000,0
2016-03-31,05:35:00,1.17,1.17,1.17,1.17,30000,0
2016-03-31,05:40:00,1.17,1.17,1.17,1.17,12000,0
2016-03-31,05:45:00,1.17,1.17,1.17,1.17,24000,0
2016-03-31,05:50:00,1.17,1.17,1.17,1.17,18000,0
2016-03-31,05:55:00,1.17,1.17,1.17,1.17,32000,0
2016-03-31,06:00:00,1.17,1.17,1.17,1.17,10000,0
2016-03-31,07:05:00,1.17,1.17,1.17,1.17,46000,0
2016-03-31,07:10:00,1.17,1.17,1.17,1.17,4000,0
2016-03-31,07:15:00,1.17,1.17,1.17,1.17,10000,0
2016-03-31,07:20:00,1.17,1.17,1.17,1.17,16000,0
2016-03-31,07:25:00,1.17,1.17,1.17,1.17,8000,0
2016-03-31,07:30:00,1.17,1.17,1.17,1.17,8000,0
2016-03-31,07:35:00,1.17,1.17,1.17,1.17,14000,0
2016-03-31,07:40:00,1.17,1.17,1.17,1.17,6000,0
2016-03-31,07:45:00,1.17,1.17,1.17,1.17,28000,0
2016-03-31,07:50:00,1.17,1.17,1.17,1.17,44000,0
2016-03-31,07:55:00,1.17,1.17,1.17,1.17,4000,0
2016-03-31,08:00:00,1.17,1.17,1.17,1.17,16000,0
2016-03-31,08:05:00,1.17,1.17,1.16,1.16,110000,0
2016-03-31,08:10:00,1.16,1.16,1.16,1.16,6000,0
2016-03-31,08:15:00,1.16,1.16,1.16,1.16,12000,0
2016-03-31,08:20:00,1.16,1.16,1.16,1.16,6000,0
2016-03-31,08:25:00,1.16,1.16,1.16,1.16,22000,0
2016-03-31,08:30:00,1.16,1.16,1.16,1.16,20000,0
2016-03-31,08:35:00,1.16,1.16,1.16,1.16,8000,0
2016-03-31,08:40:00,1.16,1.17,1.16,1.17,188000,0
2016-03-31,08:45:00,1.17,1.17,1.16,1.16,210000,0
2016-03-31,08:55:00,1.16,1.16,1.16,1.16,18000,0
2016-03-31,09:00:00,1.16,1.16,1.16,1.16,6000,0
2016-03-31,09:10:00,1.16,1.16,1.16,1.16,14000,0
2016-03-31,09:15:00,1.16,1.16,1.16,1.16,4000,0
2016-03-31,09:20:00,1.16,1.16,1.16,1.16,8000,0
2016-03-31,09:25:00,1.16,1.16,1.16,1.16,12000,0
2016-03-31,09:30:00,1.16,1.16,1.16,1.16,10000,0
2016-03-31,09:35:00,1.16,1.16,1.16,1.16,50000,0
2016-03-31,09:40:00,1.16,1.16,1.16,1.16,24000,0
2016-03-31,09:45:00,1.16,1.17,1.16,1.16,80000,0
2016-03-31,09:50:00,1.16,1.17,1.16,1.16,180000,0
2016-03-31,09:55:00,1.16,1.16,1.16,1.16,28000,0
2016-04-01,03:40:00,1.14,1.15,1.14,1.15,188000,0
2016-04-01,05:20:00,1.14,1.15,1.14,1.15,504000,0
2016-04-01,08:55:00,1.14,1.15,1.14,1.15,160000,0
2016-04-01,09:10:00,1.14,1.15,1.14,1.15,6000,0
2016-04-01,09:15:00,1.14,1.15,1.14,1.15,12000,0
2016-04-01,09:20:00,1.14,1.15,1.14,1.15,40000,0
2016-04-01,09:55:00,1.14,1.15,1.14,1.15,14000,0
2016-04-05,03:35:00,1.14,1.14,1.13,1.13,24000,0
2016-04-05,03:40:00,1.13,1.13,1.11,1.11,60000,0
2016-04-05,04:10:00,1.1,1.11,1.1,1.11,50000,0
2016-04-05,04:15:00,1.11,1.11,1.11,1.11,2000,0
2016-04-05,04:35:00,1.1,1.12,1.1,1.12,84000,0
2016-04-05,05:00:00,1.12,1.12,1.11,1.11,10000,0
2016-04-05,05:05:00,1.11,1.11,1.11,1.11,8000,0
2016-04-05,05:10:00,1.11,1.11,1.11,1.11,8000,0
2016-04-05,05:15:00,1.11,1.11,1.11,1.11,6000,0
2016-04-05,05:20:00,1.11,1.11,1.11,1.11,8000,0
2016-04-05,05:25:00,1.11,1.11,1.11,1.11,8000,0
2016-04-05,05:30:00,1.11,1.11,1.11,1.11,8000,0
2016-04-05,05:35:00,1.11,1.11,1.11,1.11,8000,0
2016-04-05,05:40:00,1.11,1.11,1.11,1.11,10000,0
2016-04-05,05:45:00,1.11,1.11,1.11,1.11,14000,0
2016-04-05,05:50:00,1.11,1.11,1.11,1.11,4000,0
2016-04-05,05:55:00,1.11,1.12,1.11,1.12,16000,0
2016-04-05,06:00:00,1.12,1.12,1.12,1.12,4000,0
2016-04-05,07:05:00,1.12,1.12,1.12,1.12,30000,0
2016-04-05,07:10:00,1.12,1.13,1.11,1.11,426000,0
2016-04-05,07:30:00,1.11,1.11,1.11,1.11,6000,0
2016-04-05,07:35:00,1.11,1.11,1.11,1.11,8000,0
2016-04-05,07:40:00,1.11,1.11,1.11,1.11,10000,0
2016-04-05,07:45:00,1.11,1.11,1.11,1.11,12000,0
2016-04-05,07:50:00,1.11,1.11,1.11,1.11,8000,0
2016-04-05,07:55:00,1.11,1.11,1.11,1.11,10000,0
2016-04-05,08:00:00,1.11,1.11,1.11,1.11,10000,0
2016-04-05,08:05:00,1.11,1.11,1.11,1.11,6000,0
2016-04-05,08:10:00,1.11,1.11,1.11,1.11,8000,0
2016-04-05,08:15:00,1.11,1.11,1.11,1.11,10000,0
2016-04-05,08:20:00,1.11,1.11,1.11,1.11,6000,0
2016-04-05,08:25:00,1.11,1.12,1.11,1.12,68000,0
2016-04-05,08:30:00,1.12,1.12,1.11,1.11,566000,0
2016-04-05,08:40:00,1.11,1.11,1.11,1.11,4000,0
2016-04-05,08:50:00,1.11,1.11,1.11,1.11,4000,0
2016-04-05,09:00:00,1.11,1.11,1.11,1.11,4000,0
2016-04-05,09:10:00,1.11,1.11,1.11,1.11,18000,0
2016-04-05,09:15:00,1.11,1.11,1.11,1.11,10000,0
2016-04-05,09:20:00,1.11,1.11,1.11,1.11,14000,0
2016-04-05,09:25:00,1.11,1.11,1.11,1.11,10000,0
2016-04-05,09:30:00,1.11,1.11,1.11,1.11,12000,0
2016-04-05,09:35:00,1.11,1.11,1.11,1.11,14000,0
2016-04-05,09:40:00,1.11,1.11,1.11,1.11,14000,0
2016-04-05,09:45:00,1.11,1.12,1.11,1.11,38000,0
2016-04-05,09:50:00,1.11,1.11,1.11,1.11,14000,0
2016-04-05,09:55:00,1.11,1.11,1.11,1.11,16000,0
2016-04-05,10:00:00,1.11,1.12,1.11,1.11,72000,0
2016-04-06,03:35:00,1.11,1.11,1.04,1.06,118000,0
2016-04-06,03:40:00,1.06,1.07,1.06,1.07,60000,0
2016-04-06,03:45:00,1.07,1.09,1.06,1.09,182000,0
2016-04-06,03:50:00,1.09,1.1,1.09,1.09,106000,0
2016-04-06,03:55:00,1.1,1.1,1.09,1.1,38000,0
2016-04-06,04:00:00,1.1,1.1,1.09,1.09,12000,0
2016-04-06,04:05:00,1.09,1.1,1.09,1.09,20000,0
2016-04-06,04:10:00,1.09,1.09,1.09,1.09,70000,0
2016-04-06,04:15:00,1.09,1.09,1.09,1.09,54000,0
2016-04-06,04:20:00,1.09,1.09,1.09,1.09,42000,0
2016-04-06,04:25:00,1.09,1.09,1.09,1.09,58000,0
2016-04-06,04:30:00,1.09,1.09,1.09,1.09,26000,0
2016-04-06,04:35:00,1.09,1.09,1.09,1.09,24000,0
2016-04-06,04:40:00,1.09,1.1,1.09,1.1,22000,0
2016-04-06,04:45:00,1.1,1.1,1.09,1.09,20000,0
2016-04-06,04:50:00,1.09,1.09,1.09,1.09,30000,0
2016-04-06,04:55:00,1.09,1.09,1.09,1.09,20000,0
2016-04-06,05:00:00,1.09,1.09,1.08,1.08,74000,0
2016-04-06,05:05:00,1.08,1.08,1.08,1.08,8000,0
2016-04-06,05:10:00,1.08,1.09,1.07,1.07,172000,0
2016-04-06,05:15:00,1.07,1.09,1.07,1.09,116000,0
2016-04-06,05:20:00,1.09,1.1,1.09,1.1,56000,0
2016-04-06,05:25:00,1.1,1.1,1.09,1.09,14000,0
2016-04-06,05:30:00,1.09,1.09,1.07,1.08,36000,0
2016-04-06,05:35:00,1.08,1.1,1.07,1.08,62000,0
2016-04-06,05:40:00,1.08,1.08,1.08,1.08,6000,0
2016-04-06,05:45:00,1.08,1.08,1.08,1.08,30000,0
2016-04-06,05:50:00,1.08,1.08,1.08,1.08,36000,0
2016-04-06,05:55:00,1.08,1.08,1.07,1.07,38000,0
2016-04-06,06:00:00,1.07,1.08,1.07,1.08,104000,0
2016-04-06,07:05:00,1.08,1.08,1.08,1.08,18000,0
2016-04-06,07:15:00,1.08,1.08,1.08,1.08,1055,0
2016-04-06,07:25:00,1.08,1.08,1.08,1.08,12000,0
2016-04-06,07:30:00,1.08,1.08,1.08,1.08,26000,0
2016-04-06,07:35:00,1.08,1.08,1.07,1.08,34000,0
2016-04-06,07:40:00,1.08,1.08,1.08,1.08,30000,0
2016-04-06,07:45:00,1.08,1.08,1.08,1.08,28000,0
2016-04-06,07:50:00,1.08,1.08,1.08,1.08,14000,0
2016-04-06,07:55:00,1.08,1.08,1.08,1.08,24000,0
2016-04-06,08:00:00,1.08,1.08,1.08,1.08,30000,0
2016-04-06,08:05:00,1.08,1.09,1.08,1.09,126000,0
2016-04-06,08:10:00,1.09,1.09,1.08,1.09,68000,0
2016-04-06,08:15:00,1.09,1.09,1.09,1.09,20000,0
2016-04-06,08:20:00,1.09,1.09,1.09,1.09,8000,0
2016-04-06,08:25:00,1.09,1.09,1.09,1.09,4000,0
2016-04-06,08:30:00,1.09,1.09,1.09,1.09,8000,0
2016-04-06,08:35:00,1.09,1.09,1.09,1.09,54000,0
2016-04-06,08:40:00,1.09,1.09,1.09,1.09,24000,0
2016-04-06,08:45:00,1.09,1.09,1.09,1.09,28000,0
2016-04-06,08:50:00,1.09,1.09,1.09,1.09,22000,0
2016-04-06,08:55:00,1.09,1.09,1.09,1.09,28000,0
2016-04-06,09:00:00,1.09,1.09,1.08,1.08,32000,0
2016-04-06,09:05:00,1.08,1.08,1.08,1.08,34000,0
2016-04-06,09:10:00,1.08,1.08,1.08,1.08,26000,0
2016-04-06,09:15:00,1.08,1.09,1.08,1.08,328000,0
2016-04-06,09:20:00,1.08,1.08,1.08,1.08,10000,0
2016-04-06,09:25:00,1.08,1.1,1.08,1.1,154000,0
2016-04-06,09:30:00,1.1,1.1,1.08,1.09,92000,0
2016-04-06,09:35:00,1.09,1.1,1.09,1.1,94000,0
2016-04-06,09:40:00,1.1,1.11,1.09,1.11,136000,0
2016-04-06,09:45:00,1.11,1.11,1.1,1.1,12000,0
2016-04-06,09:50:00,1.1,1.1,1.1,1.1,8000,0
2016-04-06,09:55:00,1.1,1.13,1.1,1.12,376000,0
2016-04-06,10:00:00,1.12,1.14,1.12,1.12,406000,0
2016-04-07,04:05:00,1.16,1.16,1.13,1.13,10000,0
2016-04-07,04:10:00,1.13,1.13,1.12,1.13,54000,0
2016-04-07,04:15:00,1.13,1.13,1.12,1.12,20000,0
2016-04-07,04:20:00,1.12,1.13,1.12,1.13,38000,0
2016-04-07,04:25:00,1.13,1.13,1.12,1.12,10000,0
2016-04-07,04:30:00,1.12,1.15,1.12,1.13,230000,0
2016-04-07,05:05:00,1.14,1.14,1.14,1.14,2000,0
2016-04-07,05:10:00,1.14,1.14,1.13,1.13,24000,0
2016-04-07,05:15:00,1.13,1.14,1.13,1.13,26000,0
2016-04-07,05:20:00,1.13,1.14,1.13,1.14,4000,0
2016-04-07,05:25:00,1.14,1.14,1.13,1.13,6000,0
2016-04-07,05:30:00,1.13,1.14,1.13,1.14,6000,0
2016-04-07,05:40:00,1.14,1.14,1.13,1.13,6000,0
2016-04-07,05:55:00,1.13,1.13,1.12,1.12,102000,0
2016-04-07,06:00:00,1.12,1.12,1.12,1.12,28000,0
2016-04-07,07:05:00,1.12,1.12,1.11,1.12,138000,0
2016-04-07,07:35:00,1.11,1.13,1.11,1.12,96000,0
2016-04-07,07:40:00,1.13,1.14,1.12,1.13,170000,0
2016-04-07,07:45:00,1.13,1.15,1.12,1.13,186000,0
2016-04-07,07:50:00,1.13,1.15,1.13,1.14,80000,0
2016-04-07,07:55:00,1.14,1.14,1.14,1.14,10000,0
2016-04-07,08:00:00,1.14,1.15,1.14,1.14,22000,0
2016-04-07,08:05:00,1.14,1.16,1.14,1.16,14000,0
2016-04-07,08:10:00,1.16,1.16,1.14,1.15,152000,0
2016-04-07,08:15:00,1.15,1.15,1.13,1.13,22000,0
2016-04-07,08:20:00,1.13,1.16,1.13,1.16,28000,0
2016-04-07,08:25:00,1.16,1.16,1.13,1.14,34000,0
2016-04-07,08:55:00,1.14,1.15,1.14,1.14,58000,0
2016-04-07,09:00:00,1.14,1.14,1.13,1.13,8000,0
2016-04-07,09:05:00,1.13,1.13,1.13,1.13,6000,0
2016-04-07,09:25:00,1.13,1.14,1.12,1.12,60000,0
2016-04-07,09:30:00,1.12,1.13,1.12,1.13,224000,0
2016-04-07,09:40:00,1.13,1.14,1.13,1.14,14000,0
2016-04-07,09:45:00,1.14,1.14,1.13,1.13,880000,0
2016-04-07,09:50:00,1.13,1.14,1.13,1.14,34000,0
2016-04-07,09:55:00,1.14,1.14,1.13,1.13,54000,0
2016-04-07,10:00:00,1.13,1.19,1.13,1.16,1136000,0
2016-04-08,03:35:00,1.16,1.18,1.12,1.12,432000,0
2016-04-08,03:40:00,1.12,1.14,1.12,1.14,68000,0
2016-04-08,03:45:00,1.14,1.14,1.12,1.12,104000,0
2016-04-08,03:50:00,1.11,1.13,1.11,1.13,76000,0
2016-04-08,03:55:00,1.13,1.14,1.13,1.14,94000,0
2016-04-08,04:00:00,1.14,1.14,1.12,1.12,290000,0
2016-04-08,04:05:00,1.12,1.15,1.12,1.15,72000,0
2016-04-08,04:10:00,1.15,1.16,1.14,1.15,240000,0
2016-04-08,04:15:00,1.15,1.15,1.15,1.15,10000,0
2016-04-08,04:20:00,1.15,1.16,1.15,1.15,126000,0
2016-04-08,04:25:00,1.15,1.15,1.14,1.15,6000,0
2016-04-08,04:30:00,1.15,1.15,1.15,1.15,116000,0
2016-04-08,04:35:00,1.15,1.15,1.13,1.13,140000,0
2016-04-08,04:40:00,1.13,1.14,1.13,1.14,14000,0
2016-04-08,04:45:00,1.14,1.15,1.14,1.15,194000,0
2016-04-08,04:50:00,1.15,1.15,1.14,1.14,8000,0
2016-04-08,04:55:00,1.15,1.15,1.15,1.15,38000,0
2016-04-08,05:00:00,1.15,1.16,1.15,1.15,488000,0
2016-04-08,05:05:00,1.15,1.15,1.15,1.15,528000,0
2016-04-08,05:10:00,1.15,1.15,1.14,1.14,1024000,0
2016-04-08,05:15:00,1.14,1.14,1.14,1.14,4000,0
2016-04-08,05:30:00,1.14,1.14,1.13,1.13,88000,0
2016-04-08,05:35:00,1.13,1.13,1.13,1.13,18000,0
2016-04-08,05:40:00,1.13,1.13,1.13,1.13,2000,0
2016-04-08,05:45:00,1.13,1.13,1.13,1.13,22000,0
2016-04-08,05:50:00,1.13,1.13,1.13,1.13,6000,0
2016-04-08,05:55:00,1.13,1.14,1.13,1.13,18000,0
2016-04-08,06:00:00,1.13,1.14,1.13,1.14,38000,0
2016-04-08,07:05:00,1.14,1.14,1.13,1.14,90000,0
2016-04-08,07:15:00,1.14,1.14,1.14,1.14,10000,0
2016-04-08,07:25:00,1.14,1.14,1.14,1.14,162000,0
2016-04-08,07:35:00,1.14,1.14,1.14,1.14,2000,0
2016-04-08,07:40:00,1.14,1.15,1.13,1.13,546000,0
2016-04-08,07:45:00,1.13,1.13,1.13,1.13,2000,0
2016-04-08,07:55:00,1.13,1.14,1.13,1.14,166000,0
2016-04-08,08:00:00,1.14,1.15,1.13,1.13,170000,0
2016-04-08,08:05:00,1.14,1.14,1.14,1.14,16000,0
2016-04-08,08:10:00,1.14,1.14,1.14,1.14,12000,0
2016-04-08,08:15:00,1.14,1.14,1.14,1.14,36000,0
2016-04-08,08:25:00,1.14,1.14,1.13,1.13,32000,0
2016-04-08,08:30:00,1.13,1.14,1.13,1.14,112000,0
2016-04-08,08:50:00,1.14,1.14,1.14,1.14,4000,0
2016-04-08,08:55:00,1.14,1.14,1.14,1.14,36000,0
2016-04-08,09:00:00,1.14,1.14,1.13,1.13,30000,0
2016-04-08,09:05:00,1.13,1.13,1.13,1.13,22000,0
2016-04-08,09:10:00,1.13,1.13,1.13,1.13,34000,0
2016-04-08,09:15:00,1.13,1.13,1.13,1.13,22000,0
2016-04-08,09:20:00,1.13,1.13,1.13,1.13,24000,0
2016-04-08,09:25:00,1.13,1.14,1.13,1.13,56000,0
2016-04-08,09:30:00,1.13,1.13,1.13,1.13,30000,0
2016-04-08,09:35:00,1.13,1.13,1.12,1.12,134000,0
2016-04-08,09:40:00,1.12,1.12,1.12,1.12,52000,0
2016-04-08,09:45:00,1.12,1.14,1.12,1.13,472000,0
2016-04-08,09:50:00,1.13,1.13,1.12,1.12,46000,0
2016-04-08,09:55:00,1.12,1.13,1.12,1.12,142000,0
2016-04-08,10:00:00,1.12,1.13,1.12,1.13,126000,0
2016-04-11,03:50:00,1.11,1.12,1.11,1.12,74000,0
2016-04-11,03:55:00,1.11,1.12,1.11,1.12,22000,0
2016-04-11,04:00:00,1.12,1.14,1.12,1.14,182000,0
2016-04-11,04:05:00,1.14,1.14,1.13,1.13,124000,0
2016-04-11,04:10:00,1.13,1.13,1.12,1.12,86000,0
2016-04-11,04:25:00,1.11,1.12,1.11,1.12,32000,0
2016-04-11,04:40:00,1.11,1.12,1.11,1.12,10000,0
2016-04-11,04:45:00,1.11,1.12,1.11,1.12,26000,0
2016-04-11,04:50:00,1.12,1.12,1.12,1.12,8000,0
2016-04-11,04:55:00,1.12,1.12,1.12,1.12,88000,0
2016-04-11,05:00:00,1.11,1.12,1.11,1.12,14000,0
2016-04-11,05:05:00,1.12,1.12,1.11,1.12,34000,0
2016-04-11,05:10:00,1.12,1.13,1.12,1.12,32000,0
2016-04-11,05:15:00,1.11,1.13,1.11,1.12,254000,0
2016-04-11,05:20:00,1.12,1.13,1.11,1.13,338000,0
2016-04-11,05:25:00,1.13,1.13,1.12,1.12,182000,0
2016-04-11,05:30:00,1.12,1.13,1.12,1.13,288000,0
2016-04-11,05:35:00,1.13,1.13,1.12,1.12,38000,0
2016-04-11,05:40:00,1.12,1.13,1.12,1.12,92000,0
2016-04-11,05:45:00,1.12,1.12,1.12,1.12,12000,0
2016-04-11,05:50:00,1.12,1.12,1.12,1.12,16000,0
2016-04-11,05:55:00,1.12,1.12,1.12,1.12,10000,0
2016-04-11,06:00:00,1.11,1.12,1.11,1.12,24000,0
2016-04-11,07:05:00,1.12,1.12,1.12,1.12,6000,0
2016-04-11,07:10:00,1.11,1.12,1.11,1.12,20000,0
2016-04-11,07:25:00,1.12,1.12,1.12,1.12,74000,0
2016-04-11,07:30:00,1.12,1.12,1.12,1.12,30000,0
2016-04-11,07:40:00,1.12,1.12,1.12,1.12,4000,0
2016-04-11,07:55:00,1.12,1.12,1.12,1.12,104000,0
2016-04-11,08:00:00,1.11,1.12,1.11,1.12,20000,0
2016-04-11,08:15:00,1.12,1.12,1.12,1.12,8000,0
2016-04-11,08:20:00,1.12,1.12,1.12,1.12,10000,0
2016-04-11,08:25:00,1.12,1.12,1.12,1.12,2000,0
2016-04-11,08:30:00,1.12,1.12,1.12,1.12,8000,0
2016-04-11,08:50:00,1.11,1.12,1.11,1.12,20000,0
2016-04-11,08:55:00,1.12,1.12,1.12,1.12,6000,0
2016-04-11,09:00:00,1.12,1.13,1.11,1.12,408000,0
2016-04-11,09:05:00,1.12,1.13,1.12,1.12,114000,0
2016-04-11,09:10:00,1.12,1.13,1.12,1.13,22000,0
2016-04-11,09:15:00,1.13,1.13,1.12,1.13,148000,0
2016-04-11,09:20:00,1.13,1.13,1.13,1.13,32000,0
2016-04-11,09:30:00,1.13,1.13,1.12,1.12,114000,0
2016-04-11,09:35:00,1.13,1.13,1.12,1.12,150000,0
2016-04-11,09:40:00,1.12,1.12,1.11,1.12,322000,0
2016-04-11,09:50:00,1.11,1.13,1.11,1.12,194000,0
2016-04-11,09:55:00,1.12,1.13,1.12,1.12,394000,0
2016-04-12,03:35:00,1.14,1.15,1.12,1.12,246000,0
2016-04-12,03:40:00,1.13,1.15,1.12,1.12,134000,0
2016-04-12,03:45:00,1.12,1.13,1.12,1.13,22000,0
2016-04-12,03:50:00,1.13,1.13,1.13,1.13,8000,0
2016-04-12,03:55:00,1.13,1.14,1.12,1.12,64000,0
2016-04-12,04:00:00,1.12,1.13,1.12,1.13,194000,0
2016-04-12,04:05:00,1.12,1.13,1.11,1.12,50000,0
2016-04-12,04:15:00,1.12,1.13,1.12,1.13,12000,0
2016-04-12,04:20:00,1.13,1.14,1.12,1.13,78000,0
2016-04-12,04:25:00,1.13,1.13,1.13,1.13,2000,0
2016-04-12,04:30:00,1.13,1.14,1.12,1.14,360000,0
2016-04-12,04:40:00,1.13,1.13,1.12,1.13,48000,0
2016-04-12,04:45:00,1.13,1.13,1.12,1.12,12000,0
2016-04-12,04:50:00,1.12,1.14,1.12,1.14,122000,0
2016-04-12,04:55:00,1.14,1.14,1.13,1.13,30000,0
2016-04-12,05:00:00,1.13,1.14,1.12,1.12,602000,0
2016-04-12,05:05:00,1.12,1.13,1.12,1.12,22000,0
2016-04-12,05:10:00,1.12,1.13,1.12,1.13,14000,0
2016-04-12,05:15:00,1.13,1.13,1.12,1.13,70000,0
2016-04-12,05:20:00,1.13,1.13,1.12,1.13,24000,0
2016-04-12,05:25:00,1.13,1.14,1.12,1.14,202000,0
2016-04-12,05:30:00,1.14,1.14,1.12,1.13,26000,0
2016-04-12,05:35:00,1.13,1.13,1.12,1.12,64000,0
2016-04-12,05:45:00,1.12,1.13,1.12,1.12,52000,0
2016-04-12,05:50:00,1.12,1.12,1.12,1.12,50000,0
2016-04-12,05:55:00,1.12,1.12,1.12,1.12,32000,0
2016-04-12,06:00:00,1.12,1.12,1.12,1.12,16000,0
2016-04-12,07:05:00,1.12,1.12,1.12,1.12,2000,0
2016-04-12,07:10:00,1.12,1.12,1.12,1.12,4000,0
2016-04-12,07:20:00,1.12,1.12,1.12,1.12,10000,0
2016-04-12,07:25:00,1.12,1.13,1.12,1.12,32000,0
2016-04-12,07:30:00,1.12,1.12,1.12,1.12,8000,0
2016-04-12,07:35:00,1.12,1.12,1.12,1.12,22000,0
2016-04-12,07:40:00,1.12,1.13,1.12,1.12,32000,0
2016-04-12,07:45:00,1.12,1.13,1.12,1.13,34000,0
2016-04-12,07:50:00,1.13,1.13,1.12,1.12,40000,0
2016-04-12,07:55:00,1.12,1.13,1.12,1.12,52000,0
2016-04-12,08:00:00,1.12,1.12,1.12,1.12,10000,0
2016-04-12,08:05:00,1.12,1.12,1.11,1.11,600000,0
2016-04-12,08:15:00,1.11,1.12,1.11,1.12,36000,0
2016-04-12,08:20:00,1.12,1.12,1.11,1.11,28000,0
2016-04-12,08:25:00,1.11,1.11,1.11,1.11,8000,0
2016-04-12,08:35:00,1.11,1.12,1.11,1.11,38000,0
2016-04-12,08:40:00,1.11,1.11,1.11,1.11,8000,0
2016-04-12,08:45:00,1.11,1.12,1.11,1.11,20000,0
2016-04-12,08:50:00,1.11,1.11,1.11,1.11,8000,0
2016-04-12,08:55:00,1.11,1.11,1.11,1.11,8000,0
2016-04-12,09:00:00,1.11,1.11,1.11,1.11,10000,0
2016-04-12,09:05:00,1.11,1.12,1.11,1.11,104000,0
2016-04-12,09:10:00,1.11,1.12,1.11,1.12,50000,0
2016-04-12,09:15:00,1.12,1.12,1.11,1.11,46000,0
2016-04-12,09:20:00,1.11,1.11,1.11,1.11,10000,0
2016-04-12,09:25:00,1.11,1.12,1.11,1.12,26000,0
2016-04-12,09:30:00,1.12,1.12,1.11,1.11,52000,0
2016-04-12,09:35:00,1.11,1.12,1.11,1.11,40000,0
2016-04-12,09:40:00,1.11,1.12,1.11,1.12,60000,0
2016-04-12,09:45:00,1.12,1.12,1.11,1.12,110000,0
2016-04-12,09:50:00,1.12,1.12,1.11,1.12,170000,0
2016-04-12,09:55:00,1.12,1.13,1.12,1.13,80000,0
2016-04-12,10:00:00,1.13,1.13,1.11,1.12,324000,0
2016-04-13,03:35:00,1.14,1.14,1.13,1.13,250000,0
2016-04-13,03:40:00,1.13,1.13,1.13,1.13,142000,0
2016-04-13,03:45:00,1.13,1.13,1.12,1.12,446000,0
2016-04-13,03:50:00,1.12,1.13,1.12,1.12,44000,0
2016-04-13,03:55:00,1.12,1.13,1.12,1.12,54000,0
2016-04-13,04:05:00,1.12,1.13,1.12,1.13,4000,0
2016-04-13,04:10:00,1.13,1.13,1.13,1.13,104000,0
2016-04-13,04:15:00,1.13,1.13,1.13,1.13,246000,0
2016-04-13,04:20:00,1.13,1.13,1.13,1.13,48000,0
2016-04-13,04:25:00,1.13,1.13,1.13,1.13,234000,0
2016-04-13,04:30:00,1.13,1.13,1.13,1.13,124000,0
2016-04-13,04:35:00,1.13,1.13,1.13,1.13,4000,0
2016-04-13,04:40:00,1.13,1.13,1.13,1.13,70000,0
2016-04-13,04:50:00,1.13,1.13,1.13,1.13,240000,0
2016-04-13,04:55:00,1.13,1.13,1.13,1.13,12000,0
2016-04-13,05:00:00,1.13,1.14,1.13,1.13,52000,0
2016-04-13,05:05:00,1.13,1.14,1.13,1.13,88000,0
2016-04-13,05:10:00,1.13,1.13,1.13,1.13,8000,0
2016-04-13,05:30:00,1.13,1.13,1.13,1.13,128000,0
2016-04-13,05:40:00,1.13,1.13,1.13,1.13,6000,0
2016-04-13,05:45:00,1.13,1.14,1.13,1.14,64000,0
2016-04-13,05:50:00,1.14,1.15,1.14,1.15,72000,0
2016-04-13,06:05:00,1.15,1.15,1.15,1.15,10000,0
2016-04-13,07:05:00,1.15,1.15,1.13,1.13,152000,0
2016-04-13,07:10:00,1.13,1.13,1.13,1.13,4000,0
2016-04-13,07:25:00,1.13,1.13,1.13,1.13,4000,0
2016-04-13,07:35:00,1.13,1.14,1.13,1.14,112000,0
2016-04-13,07:40:00,1.14,1.14,1.14,1.14,52000,0
2016-04-13,07:45:00,1.14,1.14,1.14,1.14,104000,0
2016-04-13,07:50:00,1.14,1.14,1.14,1.14,216000,0
2016-04-13,07:55:00,1.14,1.14,1.14,1.14,12000,0
2016-04-13,08:00:00,1.14,1.14,1.14,1.14,8000,0
2016-04-13,08:20:00,1.14,1.14,1.14,1.14,8000,0
2016-04-13,08:25:00,1.14,1.14,1.13,1.13,56000,0
2016-04-13,08:35:00,1.13,1.14,1.13,1.13,336000,0
2016-04-13,08:45:00,1.13,1.13,1.13,1.13,18000,0
2016-04-13,08:50:00,1.13,1.13,1.13,1.13,8000,0
2016-04-13,09:15:00,1.13,1.13,1.13,1.13,24000,0
2016-04-13,09:20:00,1.13,1.13,1.13,1.13,56000,0
2016-04-13,09:25:00,1.13,1.13,1.13,1.13,2000,0
2016-04-13,09:30:00,1.13,1.13,1.13,1.13,12000,0
2016-04-13,09:45:00,1.13,1.13,1.13,1.13,124000,0
2016-04-13,09:50:00,1.13,1.14,1.13,1.13,26000,0
2016-04-13,09:55:00,1.13,1.13,1.13,1.13,86000,0
2016-04-13,10:00:00,1.13,1.14,1.13,1.14,102000,0
