Date,Time,Open,High,Low,Close,Volume,OpenInt
2016-03-08,02:35:00,14.016,14.113,14.016,14.016,5187,0
2016-03-08,03:30:00,13.959,13.959,13.959,13.959,2593,0
2016-03-08,03:50:00,13.959,13.959,13.959,13.959,7780,0
2016-03-08,03:55:00,13.959,13.959,13.959,13.959,12967,0
2016-03-08,04:15:00,13.959,14.016,13.959,14.016,31121,0
2016-03-08,04:25:00,13.978,13.978,13.959,13.978,31121,0
2016-03-08,04:30:00,13.978,13.978,13.959,13.959,18154,0
2016-03-08,04:40:00,13.959,13.959,13.959,13.959,2593,0
2016-03-08,04:50:00,13.959,13.978,13.959,13.978,28527,0
2016-03-08,04:55:00,13.901,13.997,13.901,13.978,25934,0
2016-03-08,05:00:00,13.978,13.997,13.978,13.978,46681,0
2016-03-08,06:05:00,13.978,13.978,13.901,13.92,12967,0
2016-03-08,06:10:00,13.901,13.901,13.901,13.901,5187,0
2016-03-08,06:25:00,13.901,13.978,13.901,13.978,5187,0
2016-03-08,06:35:00,13.978,13.978,13.901,13.939,28527,0
2016-03-08,07:00:00,13.959,14.016,13.959,14.016,12967,0
2016-03-08,07:20:00,14.016,14.016,14.016,14.016,2593,0
2016-03-08,07:40:00,14.016,14.016,13.978,13.978,28527,0
2016-03-08,08:05:00,13.978,13.978,13.978,13.978,36307,0
2016-03-08,08:10:00,13.978,13.978,13.978,13.978,44088,0
2016-03-08,08:20:00,13.978,13.978,13.978,13.978,7780,0
2016-03-08,08:30:00,13.978,13.978,13.978,13.978,5187,0
2016-03-08,08:35:00,13.978,13.978,13.959,13.959,10374,0
2016-03-08,08:40:00,13.959,13.959,13.959,13.959,2593,0
2016-03-08,08:50:00,13.959,13.959,13.92,13.939,7780,0
2016-03-08,09:00:00,13.939,13.978,13.939,13.939,10374,0
2016-03-09,02:35:00,13.804,14.074,13.804,13.997,46681,0
2016-03-09,03:00:00,13.997,13.997,13.978,13.978,7780,0
2016-03-09,03:20:00,13.978,13.978,13.959,13.959,12967,0
2016-03-09,03:25:00,13.978,13.978,13.978,13.978,15560,0
2016-03-09,04:05:00,14.036,14.036,14.016,14.016,12967,0
2016-03-09,04:15:00,14.016,14.016,14.016,14.016,2593,0
2016-03-09,05:00:00,14.016,14.132,14.016,14.132,7780,0
2016-03-09,06:05:00,14.132,14.171,14.132,14.171,20747,0
2016-03-09,06:10:00,14.171,14.171,14.171,14.171,10374,0
2016-03-09,06:15:00,14.171,14.228,14.171,14.228,15560,0
2016-03-09,06:20:00,14.228,14.248,14.151,14.248,20747,0
2016-03-09,06:25:00,14.248,14.248,14.074,14.248,59648,0
2016-03-09,06:35:00,14.248,14.383,14.248,14.383,64835,0
2016-03-09,06:40:00,14.325,14.325,14.19,14.19,5187,0
2016-03-09,06:50:00,14.19,14.19,14.171,14.19,7344,0
2016-03-09,07:00:00,14.171,14.171,14.171,14.171,5187,0
2016-03-09,07:35:00,14.171,14.171,14.171,14.171,2593,0
2016-03-09,07:45:00,14.171,14.171,14.171,14.171,3453,0
2016-03-09,07:50:00,14.171,14.228,14.171,14.228,12967,0
2016-03-09,07:55:00,14.171,14.171,14.171,14.171,2593,0
2016-03-09,08:15:00,14.19,14.267,14.19,14.267,5187,0
2016-03-09,08:30:00,14.248,14.248,14.19,14.19,7780,0
2016-03-09,08:35:00,14.19,14.19,14.19,14.19,5187,0
2016-03-09,08:40:00,14.19,14.19,14.132,14.132,25934,0
2016-03-09,08:45:00,14.132,14.151,14.132,14.151,10374,0
2016-03-09,08:55:00,14.171,14.228,14.171,14.228,18154,0
2016-03-09,09:00:00,14.228,14.228,14.151,14.228,18154,0
2016-03-10,02:35:00,14.267,14.267,14.228,14.267,5187,0
2016-03-10,02:40:00,14.267,14.267,14.267,14.267,15560,0
2016-03-10,02:45:00,14.248,14.267,14.248,14.248,10374,0
2016-03-10,02:50:00,14.248,14.248,14.248,14.248,15560,0
2016-03-10,02:55:00,14.248,14.248,14.248,14.248,15560,0
2016-03-10,03:05:00,14.248,14.248,14.209,14.228,18154,0
2016-03-10,03:15:00,14.228,14.228,14.209,14.209,5187,0
2016-03-10,03:25:00,14.209,14.209,14.209,14.209,7780,0
2016-03-10,03:30:00,14.209,14.228,14.209,14.228,28527,0
2016-03-10,03:40:00,14.228,14.228,14.228,14.228,5187,0
2016-03-10,03:55:00,14.228,14.248,14.228,14.228,28527,0
2016-03-10,04:10:00,14.228,14.267,14.228,14.267,20228,0
2016-03-10,04:15:00,14.267,14.267,14.228,14.228,10374,0
2016-03-10,04:20:00,14.228,14.228,14.209,14.209,5187,0
2016-03-10,04:25:00,14.209,14.209,14.209,14.209,10374,0
2016-03-10,04:30:00,14.209,14.209,14.209,14.209,2593,0
2016-03-10,04:45:00,14.209,14.209,14.19,14.19,5187,0
2016-03-10,06:05:00,14.209,14.267,14.209,14.267,210064,0
2016-03-10,06:10:00,14.267,14.267,14.267,14.267,10374,0
2016-03-10,06:15:00,14.267,14.267,14.209,14.209,15560,0
2016-03-10,06:20:00,14.209,14.209,14.171,14.171,20747,0
2016-03-10,06:30:00,14.171,14.19,14.171,14.19,5187,0
2016-03-10,06:40:00,14.19,14.19,14.171,14.171,5187,0
2016-03-10,06:45:00,14.19,14.209,14.19,14.209,15560,0
2016-03-10,06:50:00,14.209,14.209,14.209,14.209,5187,0
2016-03-10,07:05:00,14.209,14.209,14.19,14.19,23340,0
2016-03-10,07:10:00,14.19,14.209,14.19,14.209,16206,0
2016-03-10,07:15:00,14.209,14.209,14.19,14.19,5187,0
2016-03-10,07:20:00,14.19,14.19,14.171,14.171,12967,0
2016-03-10,07:40:00,14.171,14.171,14.151,14.171,10374,0
2016-03-10,07:45:00,14.171,14.171,14.171,14.171,5187,0
2016-03-10,07:50:00,14.171,14.171,14.171,14.171,7780,0
2016-03-10,07:55:00,14.171,14.171,14.171,14.171,49274,0
2016-03-10,08:00:00,14.171,14.171,14.171,14.171,18154,0
2016-03-10,08:05:00,14.171,14.171,14.171,14.171,12967,0
2016-03-10,08:10:00,14.171,14.171,14.151,14.151,5187,0
2016-03-10,08:20:00,14.151,14.171,14.151,14.151,38901,0
2016-03-10,08:25:00,14.151,14.151,14.151,14.151,5187,0
2016-03-10,08:30:00,14.151,14.151,14.151,14.151,1324,0
2016-03-10,08:40:00,14.151,14.151,14.132,14.132,20747,0
2016-03-10,08:45:00,14.132,14.132,14.132,14.132,2593,0
2016-03-10,08:50:00,14.113,14.132,14.113,14.132,10374,0
2016-03-10,09:00:00,14.113,14.151,14.113,14.132,15560,0
2016-03-11,02:35:00,14.036,14.132,14.036,14.055,12967,0
2016-03-11,02:40:00,14.055,14.055,14.055,14.055,2593,0
2016-03-11,02:50:00,14.055,14.055,14.036,14.036,7780,0
2016-03-11,02:55:00,13.978,13.997,13.978,13.997,5187,0
2016-03-11,03:00:00,13.997,14.055,13.997,14.055,20747,0
2016-03-11,03:05:00,14.055,14.151,14.055,14.151,5187,0
2016-03-11,03:30:00,14.055,14.055,14.055,14.055,5187,0
2016-03-11,03:35:00,14.055,14.055,14.036,14.036,5187,0
2016-03-11,03:40:00,14.036,14.055,14.036,14.055,10374,0
2016-03-11,03:45:00,14.055,14.094,14.055,14.094,7780,0
2016-03-11,04:00:00,14.094,14.113,14.094,14.113,5187,0
2016-03-11,04:05:00,14.113,14.132,14.113,14.132,15560,0
2016-03-11,04:30:00,14.132,14.151,14.132,14.132,25934,0
2016-03-11,04:35:00,14.132,14.151,14.132,14.132,10374,0
2016-03-11,04:40:00,14.132,14.171,14.132,14.171,25934,0
2016-03-11,04:45:00,14.171,14.171,14.171,14.171,36307,0
2016-03-11,04:50:00,14.171,14.171,14.171,14.171,18154,0
2016-03-11,04:55:00,14.171,14.248,14.171,14.248,7780,0
2016-03-11,05:00:00,14.248,14.248,14.248,14.248,2593,0
2016-03-11,06:05:00,14.248,14.248,14.151,14.171,33714,0
2016-03-11,06:10:00,14.171,14.171,14.132,14.151,57055,0
2016-03-11,06:15:00,14.151,14.171,14.151,14.171,64835,0
2016-03-11,06:20:00,14.171,14.171,14.171,14.171,28527,0
2016-03-11,06:25:00,14.171,14.171,14.151,14.151,41494,0
2016-03-11,06:30:00,14.151,14.151,14.151,14.151,20747,0
2016-03-11,06:45:00,14.151,14.151,14.113,14.113,51868,0
2016-03-11,06:50:00,14.113,14.113,14.113,14.113,7780,0
2016-03-11,07:00:00,14.113,14.151,14.113,14.151,5187,0
2016-03-11,07:10:00,14.151,14.171,14.151,14.171,5187,0
2016-03-11,07:25:00,14.151,14.151,14.132,14.132,5187,0
2016-03-11,07:30:00,14.132,14.132,14.132,14.132,2593,0
2016-03-11,07:35:00,14.132,14.151,14.132,14.151,7780,0
2016-03-11,07:50:00,14.151,14.151,14.151,14.151,2593,0
2016-03-11,07:55:00,14.151,14.151,14.151,14.151,2593,0
2016-03-11,08:10:00,14.151,14.151,14.132,14.132,36307,0
2016-03-11,08:20:00,14.132,14.132,14.113,14.113,7780,0
2016-03-11,08:25:00,14.113,14.132,14.113,14.132,10374,0
2016-03-11,08:35:00,14.132,14.132,14.132,14.132,20747,0
2016-03-11,08:45:00,14.132,14.132,14.132,14.132,2593,0
2016-03-11,08:50:00,14.132,14.151,14.132,14.151,12967,0
2016-03-11,08:55:00,14.151,14.151,14.132,14.151,23340,0
2016-03-11,09:00:00,14.151,14.171,14.113,14.171,70021,0
2016-03-14,02:35:00,14.171,14.267,14.171,14.267,7780,0
2016-03-14,02:40:00,14.267,14.267,14.171,14.171,15560,0
2016-03-14,02:45:00,14.171,14.171,14.074,14.132,18154,0
2016-03-14,02:50:00,14.132,14.19,14.132,14.171,51868,0
2016-03-14,02:55:00,14.171,14.19,14.171,14.171,38901,0
2016-03-14,03:00:00,14.171,14.171,14.171,14.171,7780,0
2016-03-14,03:05:00,14.171,14.171,14.171,14.171,15560,0
2016-03-14,03:15:00,14.19,14.19,14.19,14.19,2593,0
2016-03-14,03:25:00,14.209,14.209,14.209,14.209,5187,0
2016-03-14,03:30:00,14.209,14.209,14.209,14.209,2593,0
2016-03-14,03:35:00,14.209,14.267,14.209,14.267,7780,0
2016-03-14,03:40:00,14.267,14.267,14.267,14.267,2593,0
2016-03-14,03:45:00,14.267,14.267,14.209,14.209,7780,0
2016-03-14,03:50:00,14.209,14.209,14.209,14.209,2593,0
2016-03-14,03:55:00,14.228,14.228,14.228,14.228,7780,0
2016-03-14,04:00:00,14.228,14.267,14.228,14.267,31121,0
2016-03-14,04:10:00,14.286,14.286,14.286,14.286,10374,0
2016-03-14,04:20:00,14.286,14.286,14.286,14.286,18154,0
2016-03-14,04:30:00,14.286,14.286,14.286,14.286,5187,0
2016-03-14,04:35:00,14.286,14.306,14.286,14.306,5187,0
2016-03-14,04:55:00,14.306,14.306,14.267,14.306,12967,0
2016-03-14,05:00:00,14.306,14.344,14.306,14.344,23340,0
2016-03-14,06:05:00,14.344,14.344,14.344,14.344,2593,0
2016-03-14,06:10:00,14.344,14.344,14.267,14.267,5187,0
2016-03-14,06:15:00,14.267,14.267,14.267,14.267,25934,0
2016-03-14,06:20:00,14.267,14.267,14.267,14.267,2593,0
2016-03-14,06:25:00,14.267,14.267,14.267,14.267,5187,0
2016-03-14,06:30:00,14.267,14.267,14.248,14.248,7780,0
2016-03-14,06:45:00,14.248,14.248,14.248,14.248,2593,0
2016-03-14,06:50:00,14.248,14.267,14.248,14.267,7780,0
2016-03-14,06:55:00,14.267,14.267,14.267,14.267,2593,0
2016-03-14,07:10:00,14.267,14.267,14.267,14.267,36307,0
2016-03-14,07:15:00,14.267,14.267,14.267,14.267,10374,0
2016-03-14,07:25:00,14.267,14.306,14.267,14.306,5187,0
2016-03-14,07:35:00,14.306,14.306,14.267,14.267,5187,0
2016-03-14,07:40:00,14.267,14.267,14.248,14.248,7780,0
2016-03-14,07:45:00,14.248,14.286,14.248,14.267,28527,0
2016-03-14,07:50:00,14.267,14.267,14.267,14.267,5187,0
2016-03-14,08:05:00,14.267,14.267,14.267,14.267,7780,0
2016-03-14,08:15:00,14.267,14.306,14.267,14.267,10374,0
2016-03-14,08:20:00,14.267,14.267,14.248,14.267,12967,0
2016-03-14,08:25:00,14.267,14.286,14.267,14.286,12967,0
2016-03-14,08:30:00,14.286,14.286,14.267,14.267,5792,0
2016-03-14,08:35:00,14.267,14.267,14.267,14.267,2593,0
2016-03-14,08:45:00,14.267,14.267,14.267,14.267,5187,0
2016-03-14,08:50:00,14.267,14.267,14.267,14.267,5187,0
2016-03-14,08:55:00,14.267,14.267,14.267,14.267,12967,0
2016-03-14,09:00:00,14.267,14.363,14.267,14.344,59648,0
2016-03-15,02:35:00,14.267,14.286,14.228,14.228,25934,0
2016-03-15,02:40:00,14.228,14.228,14.113,14.151,46681,0
2016-03-15,02:45:00,14.151,14.171,14.151,14.171,25934,0
2016-03-15,02:50:00,14.171,14.171,14.094,14.113,67428,0
2016-03-15,03:00:00,14.113,14.113,14.055,14.094,90769,0
2016-03-15,03:05:00,14.094,14.094,14.055,14.074,54461,0
2016-03-15,03:20:00,14.074,14.094,14.074,14.074,15560,0
2016-03-15,03:25:00,14.113,14.113,14.055,14.055,33714,0
2016-03-15,03:35:00,14.113,14.151,14.113,14.151,5187,0
2016-03-15,03:40:00,14.151,14.171,14.132,14.132,28527,0
2016-03-15,03:45:00,14.132,14.132,14.113,14.113,10374,0
2016-03-15,04:00:00,14.132,14.132,14.113,14.113,10374,0
2016-03-15,04:10:00,14.113,14.113,14.094,14.094,5187,0
2016-03-15,04:30:00,14.113,14.113,14.113,14.113,2593,0
2016-03-15,04:45:00,14.113,14.113,14.074,14.074,23340,0
2016-03-15,04:50:00,14.074,14.094,14.074,14.094,5187,0
2016-03-15,04:55:00,14.113,14.113,14.113,14.113,20747,0
2016-03-15,05:00:00,14.113,14.151,14.113,14.151,41494,0
2016-03-15,06:05:00,14.151,14.151,14.113,14.113,23340,0
2016-03-15,06:15:00,14.113,14.113,14.055,14.055,62241,0
2016-03-15,06:35:00,14.074,14.074,14.074,14.074,2593,0
2016-03-15,06:55:00,14.094,14.151,14.094,14.151,23340,0
2016-03-15,07:00:00,14.151,14.171,14.113,14.151,33714,0
2016-03-15,07:05:00,14.151,14.151,14.151,14.151,7780,0
2016-03-15,07:20:00,14.151,14.151,14.151,14.151,2593,0
2016-03-15,07:25:00,14.151,14.171,14.151,14.171,44088,0
2016-03-15,07:45:00,14.151,14.151,14.132,14.132,5187,0
2016-03-15,07:50:00,14.132,14.132,14.132,14.132,7780,0
2016-03-15,07:55:00,14.132,14.132,14.132,14.132,5187,0
2016-03-15,08:00:00,14.132,14.132,14.132,14.132,2593,0
2016-03-15,08:05:00,14.132,14.132,14.132,14.132,20747,0
2016-03-15,08:15:00,14.132,14.132,14.113,14.113,25934,0
2016-03-15,08:20:00,14.113,14.113,14.094,14.094,10374,0
2016-03-15,08:30:00,14.094,14.094,14.094,14.094,41494,0
2016-03-15,08:35:00,14.094,14.094,14.094,14.094,5187,0
2016-03-15,08:40:00,14.094,14.113,14.094,14.113,31121,0
2016-03-15,08:45:00,14.113,14.151,14.113,14.151,32927,0
2016-03-15,08:55:00,14.151,14.19,14.151,14.171,20747,0
2016-03-15,09:00:00,14.171,14.19,14.132,14.171,176350,0
2016-03-16,02:35:00,14.171,14.171,14.132,14.132,7780,0
2016-03-16,02:40:00,14.171,14.171,14.151,14.151,5187,0
2016-03-16,02:55:00,14.151,14.151,14.151,14.151,519,0
2016-03-16,03:05:00,14.151,14.228,14.151,14.171,38901,0
2016-03-16,03:10:00,14.171,14.171,14.171,14.171,7780,0
2016-03-16,03:15:00,14.171,14.19,14.171,14.171,20747,0
2016-03-16,03:20:00,14.171,14.19,14.171,14.19,10374,0
2016-03-16,03:45:00,14.171,14.171,14.151,14.151,15560,0
2016-03-16,03:55:00,14.151,14.171,14.132,14.171,59648,0
2016-03-16,04:15:00,14.171,14.171,14.171,14.171,2593,0
2016-03-16,04:20:00,14.171,14.171,14.171,14.171,5187,0
2016-03-16,04:35:00,14.113,14.171,14.113,14.171,38901,0
2016-03-16,06:05:00,14.171,14.171,14.171,14.171,2593,0
2016-03-16,06:20:00,14.171,14.171,14.171,14.171,2593,0
2016-03-16,06:25:00,14.171,14.171,14.171,14.171,10633,0
2016-03-16,06:40:00,14.171,14.171,14.171,14.171,2593,0
2016-03-16,06:50:00,14.171,14.171,14.151,14.151,12967,0
2016-03-16,08:35:00,14.132,14.132,14.132,14.132,2593,0
2016-03-16,08:55:00,14.113,14.171,14.113,14.171,5187,0
2016-03-16,09:00:00,14.171,14.171,14.151,14.151,7780,0
2016-03-17,02:35:00,14.267,14.286,14.248,14.267,57055,0
2016-03-17,02:40:00,14.267,14.267,14.267,14.267,7780,0
2016-03-17,02:45:00,14.267,14.306,14.267,14.306,33714,0
2016-03-17,02:50:00,14.306,14.306,14.248,14.248,25934,0
2016-03-17,03:00:00,14.248,14.286,14.248,14.267,15560,0
2016-03-17,03:05:00,14.267,14.286,14.267,14.286,36307,0
2016-03-17,03:10:00,14.286,14.286,14.286,14.286,2593,0
2016-03-17,03:15:00,14.286,14.286,14.286,14.286,2593,0
2016-03-17,03:20:00,14.286,14.286,14.267,14.267,5187,0
2016-03-17,03:25:00,14.267,14.286,14.267,14.286,15560,0
2016-03-17,03:30:00,14.286,14.286,14.267,14.267,15560,0
2016-03-17,03:35:00,14.267,14.286,14.267,14.286,5187,0
2016-03-17,03:45:00,14.286,14.286,14.286,14.286,2593,0
2016-03-17,03:50:00,14.286,14.286,14.267,14.286,23340,0
2016-03-17,04:00:00,14.286,14.286,14.267,14.267,7780,0
2016-03-17,04:05:00,14.267,14.267,14.267,14.267,5187,0
2016-03-17,04:15:00,14.267,14.286,14.267,14.267,10374,0
2016-03-17,04:20:00,14.267,14.286,14.267,14.286,38901,0
2016-03-17,04:30:00,14.286,14.286,14.267,14.267,5187,0
2016-03-17,04:45:00,14.267,14.306,14.267,14.306,5187,0
2016-03-17,04:50:00,14.306,14.306,14.286,14.286,10374,0
2016-03-17,04:55:00,14.286,14.306,14.286,14.286,46681,0
2016-03-17,05:00:00,14.286,14.306,14.267,14.267,12967,0
2016-03-17,06:05:00,14.267,14.267,14.267,14.267,7780,0
2016-03-17,06:10:00,14.267,14.306,14.248,14.306,18154,0
2016-03-17,06:20:00,14.306,14.306,14.306,14.306,2593,0
2016-03-17,06:25:00,14.306,14.306,14.306,14.306,2593,0
2016-03-17,06:30:00,14.306,14.306,14.248,14.248,7780,0
2016-03-17,06:35:00,14.248,14.306,14.248,14.306,5187,0
2016-03-17,06:45:00,14.306,14.306,14.248,14.306,54461,0
2016-03-17,07:00:00,14.306,14.306,14.267,14.267,10374,0
2016-03-17,07:05:00,14.267,14.306,14.267,14.306,23340,0
2016-03-17,07:10:00,14.306,14.306,14.306,14.306,18154,0
2016-03-17,07:20:00,14.306,14.306,14.306,14.306,7780,0
2016-03-17,07:30:00,14.306,14.306,14.267,14.267,5187,0
2016-03-17,07:35:00,14.267,14.267,14.267,14.267,25934,0
2016-03-17,07:40:00,14.267,14.286,14.267,14.286,5187,0
2016-03-17,08:00:00,14.286,14.286,14.248,14.248,33714,0
2016-03-17,08:05:00,14.248,14.306,14.248,14.306,5187,0
2016-03-17,08:10:00,14.306,14.306,14.248,14.248,20747,0
2016-03-17,08:15:00,14.248,14.306,14.248,14.306,7780,0
2016-03-17,08:20:00,14.267,14.267,14.267,14.267,5187,0
2016-03-17,08:25:00,14.267,14.306,14.267,14.306,93362,0
2016-03-17,08:30:00,14.306,14.344,14.267,14.306,145230,0
2016-03-17,08:35:00,14.306,14.363,14.286,14.363,106329,0
2016-03-17,08:40:00,14.363,14.363,14.286,14.306,108922,0
2016-03-17,08:45:00,14.306,14.383,14.306,14.325,64835,0
2016-03-17,08:50:00,14.325,14.363,14.306,14.363,80395,0
2016-03-17,08:55:00,14.363,14.363,14.363,14.363,12967,0
2016-03-17,09:00:00,14.363,14.363,14.306,14.363,120852,0
2016-03-18,02:35:00,14.441,14.441,14.267,14.267,15560,0
2016-03-18,02:40:00,14.267,14.306,14.228,14.306,62241,0
2016-03-18,02:45:00,14.286,14.325,14.248,14.325,54461,0
2016-03-18,02:50:00,14.325,14.325,14.267,14.306,15560,0
2016-03-18,02:55:00,14.306,14.306,14.209,14.286,44088,0
2016-03-18,03:00:00,14.286,14.306,14.267,14.267,108922,0
2016-03-18,03:05:00,14.267,14.325,14.267,14.325,25934,0
2016-03-18,03:10:00,14.267,14.267,14.267,14.267,2593,0
2016-03-18,03:15:00,14.267,14.286,14.248,14.286,15560,0
2016-03-18,03:20:00,14.267,14.267,14.248,14.267,25934,0
2016-03-18,03:30:00,14.267,14.267,14.248,14.248,5187,0
2016-03-18,03:35:00,14.248,14.248,14.248,14.248,12967,0
2016-03-18,03:40:00,14.248,14.248,14.248,14.248,7780,0
2016-03-18,03:45:00,14.248,14.248,14.248,14.248,2593,0
2016-03-18,03:50:00,14.248,14.267,14.248,14.267,70021,0
2016-03-18,04:00:00,14.267,14.267,14.267,14.267,20747,0
2016-03-18,04:05:00,14.267,14.267,14.267,14.267,2593,0
2016-03-18,04:10:00,14.267,14.267,14.267,14.267,2593,0
2016-03-18,04:15:00,14.267,14.286,14.267,14.286,23340,0
2016-03-18,04:20:00,14.286,14.286,14.267,14.267,7780,0
2016-03-18,04:25:00,14.267,14.306,14.267,14.306,15560,0
2016-03-18,04:30:00,14.306,14.306,14.267,14.267,20747,0
2016-03-18,04:40:00,14.286,14.286,14.267,14.267,67428,0
2016-03-18,04:45:00,14.267,14.306,14.267,14.286,75208,0
2016-03-18,04:50:00,14.286,14.306,14.286,14.306,20747,0
2016-03-18,04:55:00,14.306,14.363,14.306,14.363,25934,0
2016-03-18,05:00:00,14.363,14.363,14.267,14.344,85582,0
2016-03-18,06:05:00,14.344,14.363,14.286,14.363,64835,0
2016-03-18,06:10:00,14.363,14.46,14.363,14.383,82988,0
2016-03-18,06:15:00,14.421,14.479,14.421,14.479,20747,0
2016-03-18,06:20:00,14.479,14.479,14.421,14.421,20747,0
2016-03-18,06:30:00,14.421,14.421,14.402,14.402,5187,0
2016-03-18,06:35:00,14.402,14.402,14.402,14.402,10374,0
2016-03-18,06:40:00,14.402,14.402,14.363,14.363,18154,0
2016-03-18,06:50:00,14.363,14.363,14.344,14.363,38901,0
2016-03-18,06:55:00,14.363,14.383,14.363,14.383,28527,0
2016-03-18,07:00:00,14.383,14.421,14.363,14.363,44088,0
2016-03-18,07:05:00,14.363,14.363,14.344,14.344,18154,0
2016-03-18,07:10:00,14.344,14.383,14.344,14.383,51868,0
2016-03-18,07:20:00,14.421,14.421,14.402,14.402,28527,0
2016-03-18,07:25:00,14.402,14.402,14.402,14.402,7780,0
2016-03-18,07:30:00,14.421,14.421,14.402,14.402,10374,0
2016-03-18,07:35:00,14.421,14.421,14.421,14.421,2593,0
2016-03-18,07:40:00,14.421,14.421,14.363,14.363,62241,0
2016-03-18,07:45:00,14.363,14.46,14.363,14.402,54461,0
2016-03-18,07:50:00,14.402,14.402,14.363,14.402,31121,0
2016-03-18,07:55:00,14.402,14.402,14.402,14.402,7780,0
2016-03-18,08:00:00,14.402,14.402,14.402,14.402,5187,0
2016-03-18,08:05:00,14.402,14.402,14.383,14.383,33714,0
2016-03-18,08:10:00,14.383,14.383,14.383,14.383,28527,0
2016-03-18,08:15:00,14.383,14.402,14.383,14.383,41494,0
2016-03-18,08:20:00,14.383,14.383,14.383,14.383,23340,0
2016-03-18,08:25:00,14.383,14.402,14.363,14.363,72615,0
2016-03-18,08:30:00,14.363,14.383,14.363,14.383,41494,0
2016-03-18,08:35:00,14.383,14.383,14.383,14.383,12967,0
2016-03-18,08:40:00,14.383,14.402,14.363,14.363,44088,0
2016-03-18,08:45:00,14.363,14.363,14.325,14.363,57055,0
2016-03-18,08:50:00,14.363,14.383,14.306,14.306,41494,0
2016-03-18,08:55:00,14.306,14.363,14.306,14.363,36307,0
2016-03-18,09:00:00,14.363,14.441,14.286,14.383,287866,0
2016-03-21,02:35:00,14.383,14.441,14.363,14.363,88175,0
2016-03-21,02:40:00,14.363,14.441,14.363,14.402,85582,0
2016-03-21,02:45:00,14.402,14.421,14.383,14.421,54461,0
2016-03-21,02:50:00,14.421,14.421,14.402,14.402,28527,0
2016-03-21,02:55:00,14.402,14.402,14.363,14.383,20747,0
2016-03-21,03:00:00,14.383,14.383,14.344,14.363,23340,0
2016-03-21,03:05:00,14.363,14.383,14.363,14.383,41494,0
2016-03-21,03:10:00,14.383,14.441,14.383,14.441,111516,0
2016-03-21,03:15:00,14.441,14.46,14.421,14.46,67428,0
2016-03-21,03:20:00,14.441,14.441,14.402,14.402,49274,0
2016-03-21,03:25:00,14.402,14.402,14.363,14.363,20747,0
2016-03-21,03:30:00,14.363,14.363,14.344,14.344,5187,0
2016-03-21,03:35:00,14.344,14.421,14.344,14.421,57055,0
2016-03-21,03:40:00,14.421,14.421,14.402,14.402,64835,0
2016-03-21,03:50:00,14.383,14.383,14.363,14.363,7780,0
2016-03-21,03:55:00,14.363,14.383,14.363,14.383,10374,0
2016-03-21,04:00:00,14.383,14.383,14.363,14.363,20747,0
2016-03-21,04:15:00,14.363,14.383,14.363,14.383,7780,0
2016-03-21,04:25:00,14.383,14.383,14.363,14.363,10374,0
2016-03-21,04:30:00,14.363,14.383,14.363,14.363,10374,0
2016-03-21,04:35:00,14.363,14.363,14.344,14.344,15560,0
2016-03-21,04:40:00,14.344,14.363,14.325,14.363,31121,0
2016-03-21,04:45:00,14.363,14.383,14.363,14.363,36307,0
2016-03-21,04:50:00,14.363,14.363,14.363,14.363,7780,0
2016-03-21,04:55:00,14.363,14.363,14.363,14.363,12967,0
2016-03-21,05:00:00,14.363,14.383,14.344,14.363,77802,0
2016-03-21,06:05:00,14.363,14.383,14.344,14.363,31121,0
2016-03-21,06:10:00,14.344,14.344,14.325,14.325,5187,0
2016-03-21,06:15:00,14.325,14.325,14.325,14.325,10374,0
2016-03-21,06:20:00,14.325,14.325,14.306,14.306,25934,0
2016-03-21,06:25:00,14.306,14.325,14.306,14.325,33714,0
2016-03-21,06:30:00,14.325,14.325,14.306,14.306,5187,0
2016-03-21,06:35:00,14.306,14.344,14.306,14.344,44088,0
2016-03-21,06:40:00,14.344,14.344,14.344,14.344,70,0
2016-03-21,06:55:00,14.306,14.306,14.286,14.286,18154,0
2016-03-21,07:00:00,14.286,14.325,14.248,14.325,59648,0
2016-03-21,07:05:00,14.325,14.325,14.325,14.325,2593,0
2016-03-21,07:10:00,14.325,14.344,14.325,14.344,31121,0
2016-03-21,07:15:00,14.344,14.344,14.344,14.344,2593,0
2016-03-21,07:20:00,14.344,14.363,14.344,14.363,15560,0
2016-03-21,07:25:00,14.344,14.344,14.344,14.344,2593,0
2016-03-21,07:30:00,14.344,14.344,14.306,14.306,19710,0
2016-03-21,07:35:00,14.306,14.306,14.306,14.306,3268,0
2016-03-21,07:40:00,14.306,14.306,14.286,14.286,7780,0
2016-03-21,07:45:00,14.286,14.344,14.286,14.286,25934,0
2016-03-21,07:50:00,14.286,14.286,14.286,14.286,2593,0
2016-03-21,07:55:00,14.286,14.286,14.267,14.286,38901,0
2016-03-21,08:00:00,14.286,14.286,14.267,14.267,5187,0
2016-03-21,08:05:00,14.267,14.286,14.267,14.286,7780,0
2016-03-21,08:10:00,14.286,14.286,14.267,14.267,15560,0
2016-03-21,08:15:00,14.267,14.286,14.267,14.286,5187,0
2016-03-21,08:20:00,14.267,14.306,14.267,14.306,31121,0
2016-03-21,08:25:00,14.306,14.306,14.286,14.286,5187,0
2016-03-21,08:30:00,14.286,14.286,14.248,14.248,18154,0
2016-03-21,08:35:00,14.248,14.267,14.248,14.267,18154,0
2016-03-21,08:40:00,14.267,14.306,14.248,14.267,36307,0
2016-03-21,08:45:00,14.267,14.267,14.267,14.267,5187,0
2016-03-21,08:50:00,14.267,14.267,14.267,14.267,18154,0
2016-03-21,08:55:00,14.267,14.267,14.248,14.267,54461,0
2016-03-21,09:00:00,14.267,14.363,14.248,14.267,90769,0
2016-03-22,02:35:00,14.441,14.441,14.209,14.286,88175,0
2016-03-22,02:40:00,14.286,14.421,14.286,14.383,140043,0
2016-03-22,02:45:00,14.383,14.46,14.383,14.46,129669,0
2016-03-22,02:50:00,14.46,14.46,14.402,14.402,20747,0
2016-03-22,02:55:00,14.402,14.421,14.402,14.421,20747,0
2016-03-22,03:00:00,14.421,14.421,14.383,14.383,18154,0
2016-03-22,03:05:00,14.383,14.383,14.383,14.383,7780,0
2016-03-22,03:10:00,14.383,14.421,14.383,14.421,44088,0
2016-03-22,03:20:00,14.421,14.421,14.363,14.363,36307,0
2016-03-22,03:25:00,14.363,14.383,14.363,14.363,47718,0
2016-03-22,03:30:00,14.363,14.363,14.325,14.325,31121,0
2016-03-22,03:35:00,14.325,14.325,14.306,14.306,23340,0
2016-03-22,03:40:00,14.325,14.325,14.325,14.325,5187,0
2016-03-22,03:45:00,14.325,14.325,14.248,14.248,44088,0
2016-03-22,03:55:00,14.248,14.248,14.228,14.228,5187,0
2016-03-22,04:00:00,14.228,14.248,14.228,14.248,5187,0
2016-03-22,04:05:00,14.248,14.248,14.228,14.228,5187,0
2016-03-22,04:10:00,14.248,14.286,14.248,14.248,31121,0
2016-03-22,04:15:00,14.267,14.267,14.267,14.267,2593,0
2016-03-22,04:30:00,14.267,14.267,14.267,14.267,7780,0
2016-03-22,04:35:00,14.267,14.286,14.267,14.286,28527,0
2016-03-22,04:50:00,14.286,14.286,14.267,14.267,10374,0
2016-03-22,05:00:00,14.267,14.286,14.267,14.286,18154,0
2016-03-22,06:05:00,14.286,14.286,14.248,14.267,38901,0
2016-03-22,06:10:00,14.267,14.267,14.267,14.267,10374,0
2016-03-22,06:20:00,14.267,14.267,14.248,14.267,25934,0
2016-03-22,06:30:00,14.267,14.267,14.267,14.267,10374,0
2016-03-22,06:35:00,14.267,14.267,14.248,14.267,33714,0
2016-03-22,06:40:00,14.267,14.267,14.248,14.248,12967,0
2016-03-22,06:45:00,14.248,14.267,14.248,14.267,31121,0
2016-03-22,06:50:00,14.267,14.267,14.267,14.267,7780,0
2016-03-22,06:55:00,14.267,14.267,14.267,14.267,2593,0
2016-03-22,07:00:00,14.267,14.267,14.267,14.267,2593,0
2016-03-22,07:05:00,14.267,14.267,14.248,14.248,25934,0
2016-03-22,07:10:00,14.248,14.248,14.248,14.248,2593,0
2016-03-22,07:15:00,14.248,14.286,14.248,14.286,25934,0
2016-03-22,07:20:00,14.267,14.267,14.248,14.248,7780,0
2016-03-22,07:25:00,14.248,14.267,14.248,14.267,18154,0
2016-03-22,07:30:00,14.267,14.267,14.248,14.248,10374,0
2016-03-22,07:35:00,14.248,14.267,14.248,14.267,18154,0
2016-03-22,07:40:00,14.267,14.286,14.267,14.267,33714,0
2016-03-22,07:45:00,14.267,14.286,14.267,14.286,12967,0
2016-03-22,07:50:00,14.286,14.286,14.286,14.286,5187,0
2016-03-22,07:55:00,14.286,14.306,14.267,14.267,49274,0
2016-03-22,08:00:00,14.267,14.267,14.267,14.267,12967,0
2016-03-22,08:05:00,14.267,14.306,14.267,14.267,20747,0
2016-03-22,08:10:00,14.267,14.306,14.267,14.267,28527,0
2016-03-22,08:15:00,14.267,14.267,14.267,14.267,28527,0
2016-03-22,08:20:00,14.267,14.286,14.267,14.286,23340,0
2016-03-22,08:25:00,14.286,14.286,14.267,14.267,5187,0
2016-03-22,08:30:00,14.267,14.286,14.267,14.267,20747,0
2016-03-22,08:35:00,14.267,14.267,14.248,14.267,38901,0
2016-03-22,08:40:00,14.267,14.286,14.267,14.267,41494,0
2016-03-22,08:45:00,14.267,14.344,14.248,14.267,82988,0
2016-03-22,08:50:00,14.267,14.402,14.267,14.383,57055,0
2016-03-22,08:55:00,14.383,14.402,14.267,14.267,111516,0
2016-03-22,09:00:00,14.267,14.383,14.248,14.306,223031,0
2016-03-23,02:35:00,14.306,14.363,14.286,14.306,20747,0
2016-03-23,02:40:00,14.306,14.306,14.267,14.306,64835,0
2016-03-23,02:45:00,14.306,14.306,14.286,14.286,36307,0
2016-03-23,02:55:00,14.286,14.286,14.267,14.267,101142,0
2016-03-23,03:00:00,14.267,14.286,14.267,14.267,36307,0
2016-03-23,03:05:00,14.267,14.267,14.267,14.267,18154,0
2016-03-23,03:10:00,14.267,14.286,14.267,14.286,23340,0
2016-03-23,03:15:00,14.286,14.286,14.267,14.267,62241,0
2016-03-23,03:20:00,14.267,14.286,14.267,14.286,31121,0
2016-03-23,03:25:00,14.286,14.363,14.286,14.363,64835,0
2016-03-23,03:30:00,14.363,14.363,14.286,14.286,103736,0
2016-03-23,03:35:00,14.286,14.306,14.286,14.306,15560,0
2016-03-23,03:40:00,14.306,14.306,14.286,14.286,25934,0
2016-03-23,03:45:00,14.286,14.306,14.267,14.286,25934,0
2016-03-23,03:55:00,14.286,14.363,14.267,14.344,114109,0
2016-03-23,04:00:00,14.344,14.344,14.306,14.306,46681,0
2016-03-23,04:05:00,14.306,14.344,14.306,14.344,5187,0
2016-03-23,04:10:00,14.344,14.344,14.306,14.306,85063,0
2016-03-23,04:15:00,14.306,14.306,14.306,14.306,20747,0
2016-03-23,04:20:00,14.306,14.344,14.306,14.325,98549,0
2016-03-23,04:30:00,14.325,14.325,14.306,14.306,33714,0
2016-03-23,04:40:00,14.306,14.325,14.306,14.306,28527,0
2016-03-23,04:45:00,14.306,14.325,14.286,14.286,51868,0
2016-03-23,04:50:00,14.286,14.286,14.286,14.286,12967,0
2016-03-23,04:55:00,14.286,14.286,14.286,14.286,10374,0
2016-03-23,05:00:00,14.286,14.306,14.286,14.286,20747,0
2016-03-23,06:05:00,14.286,14.286,14.267,14.267,25934,0
2016-03-23,06:10:00,14.267,14.286,14.267,14.286,38901,0
2016-03-23,06:15:00,14.286,14.306,14.286,14.306,10374,0
2016-03-23,06:20:00,14.306,14.306,14.286,14.286,18154,0
2016-03-23,06:25:00,14.286,14.286,14.286,14.286,12967,0
2016-03-23,06:30:00,14.286,14.286,14.267,14.286,36307,0
2016-03-23,06:35:00,14.286,14.286,14.267,14.267,18154,0
2016-03-23,06:40:00,14.267,14.267,14.267,14.267,10374,0
2016-03-23,06:45:00,14.267,14.267,14.267,14.267,7780,0
2016-03-23,06:50:00,14.267,14.267,14.267,14.267,12967,0
2016-03-23,07:05:00,14.248,14.267,14.248,14.267,12967,0
2016-03-23,07:10:00,14.267,14.267,14.267,14.267,2593,0
2016-03-23,07:35:00,14.248,14.267,14.248,14.267,7780,0
2016-03-23,07:40:00,14.267,14.267,14.267,14.267,10374,0
2016-03-23,07:50:00,14.248,14.267,14.248,14.267,33714,0
2016-03-23,07:55:00,14.267,14.286,14.267,14.286,44606,0
2016-03-23,08:00:00,14.286,14.325,14.286,14.306,49274,0
2016-03-23,08:05:00,14.306,14.306,14.286,14.306,88175,0
2016-03-23,08:10:00,14.306,14.306,14.306,14.306,129669,0
2016-03-23,08:15:00,14.306,14.306,14.286,14.286,18154,0
2016-03-23,08:20:00,14.286,14.306,14.286,14.306,10374,0
2016-03-23,08:25:00,14.306,14.325,14.306,14.325,10374,0
2016-03-23,08:30:00,14.325,14.325,14.306,14.306,36307,0
2016-03-23,08:35:00,14.306,14.306,14.306,14.306,2593,0
2016-03-23,08:40:00,14.306,14.306,14.306,14.306,46681,0
2016-03-23,08:45:00,14.306,14.306,14.286,14.286,59648,0
2016-03-23,08:50:00,14.286,14.286,14.286,14.286,20747,0
2016-03-23,08:55:00,14.286,14.286,14.267,14.286,147823,0
2016-03-23,09:00:00,14.286,14.363,14.286,14.344,90769,0
2016-03-24,02:35:00,14.267,14.325,14.248,14.267,62241,0
2016-03-24,02:45:00,14.267,14.363,14.267,14.363,7780,0
2016-03-24,02:50:00,14.363,14.363,14.306,14.306,20747,0
2016-03-24,02:55:00,14.306,14.306,14.286,14.286,44088,0
2016-03-24,03:00:00,14.286,14.363,14.286,14.306,85582,0
2016-03-24,03:05:00,14.306,14.306,14.306,14.306,18154,0
2016-03-24,03:10:00,14.306,14.344,14.306,14.344,25934,0
2016-03-24,03:15:00,14.344,14.344,14.344,14.344,20747,0
2016-03-24,03:20:00,14.344,14.383,14.325,14.344,64835,0
2016-03-24,03:25:00,14.344,14.344,14.325,14.325,44088,0
2016-03-24,03:30:00,14.325,14.344,14.325,14.344,5187,0
2016-03-24,03:35:00,14.344,14.344,14.325,14.325,20747,0
2016-03-24,03:40:00,14.325,14.325,14.325,14.325,2593,0
2016-03-24,03:45:00,14.325,14.363,14.325,14.344,41494,0
2016-03-24,03:50:00,14.344,14.344,14.325,14.325,36307,0
2016-03-24,03:55:00,14.325,14.325,14.325,14.325,5187,0
2016-03-24,04:05:00,14.344,14.344,14.344,14.344,2593,0
2016-03-24,04:10:00,14.344,14.344,14.325,14.325,36307,0
2016-03-24,04:15:00,14.325,14.325,14.325,14.325,7780,0
2016-03-24,04:25:00,14.325,14.325,14.325,14.325,15560,0
2016-03-24,04:45:00,14.325,14.325,14.306,14.306,20747,0
2016-03-24,05:00:00,14.306,14.325,14.306,14.325,28527,0
2016-03-24,06:05:00,14.325,14.344,14.325,14.325,41494,0
2016-03-24,06:10:00,14.325,14.325,14.325,14.325,2593,0
2016-03-24,06:15:00,14.325,14.325,14.325,14.325,15560,0
2016-03-24,06:20:00,14.325,14.325,14.306,14.306,7780,0
2016-03-24,06:25:00,14.306,14.306,14.306,14.306,12967,0
2016-03-24,06:30:00,14.306,14.306,14.306,14.306,20747,0
2016-03-24,06:35:00,14.306,14.306,14.306,14.306,2593,0
2016-03-24,06:40:00,14.306,14.306,14.306,14.306,10374,0
2016-03-24,06:55:00,14.306,14.344,14.306,14.344,38901,0
2016-03-24,07:00:00,14.344,14.344,14.306,14.306,44088,0
2016-03-24,07:25:00,14.306,14.306,14.306,14.306,2593,0
2016-03-24,07:30:00,14.306,14.325,14.306,14.325,5187,0
2016-03-24,07:35:00,14.325,14.325,14.306,14.306,12967,0
2016-03-24,07:40:00,14.306,14.325,14.306,14.325,5187,0
2016-03-24,07:50:00,14.306,14.306,14.286,14.286,12967,0
2016-03-24,07:55:00,14.286,14.286,14.286,14.286,12967,0
2016-03-24,08:10:00,14.286,14.286,14.267,14.286,15560,0
2016-03-24,08:20:00,14.286,14.286,14.286,14.286,7780,0
2016-03-24,08:25:00,14.286,14.306,14.286,14.306,5187,0
2016-03-24,08:30:00,14.306,14.306,14.286,14.286,33714,0
2016-03-24,08:35:00,14.286,14.286,14.286,14.286,10374,0
2016-03-24,08:50:00,14.286,14.286,14.267,14.267,88175,0
2016-03-24,08:55:00,14.267,14.286,14.267,14.286,33714,0
2016-03-24,09:00:00,14.286,14.286,14.267,14.267,57055,0
2016-03-29,03:35:00,14.248,14.267,14.248,14.248,20747,0
2016-03-29,03:40:00,14.171,14.19,14.171,14.19,12967,0
2016-03-29,03:50:00,14.171,14.171,14.171,14.171,10374,0
2016-03-29,04:00:00,14.171,14.171,14.151,14.151,25934,0
2016-03-29,04:10:00,14.151,14.19,14.151,14.19,25934,0
2016-03-29,04:15:00,14.19,14.209,14.19,14.209,18154,0
2016-03-29,04:35:00,14.171,14.171,14.171,14.171,7780,0
2016-03-29,04:40:00,14.171,14.171,14.171,14.171,2593,0
2016-03-29,04:45:00,14.171,14.171,14.171,14.171,10374,0
2016-03-29,04:50:00,14.171,14.171,14.171,14.171,10374,0
2016-03-29,05:05:00,14.171,14.171,14.171,14.171,2593,0
2016-03-29,05:10:00,14.171,14.171,14.171,14.171,18154,0
2016-03-29,05:25:00,14.171,14.171,14.171,14.171,2593,0
2016-03-29,05:30:00,14.171,14.171,14.171,14.171,7780,0
2016-03-29,05:35:00,14.171,14.171,14.171,14.171,10374,0
2016-03-29,07:25:00,14.132,14.171,14.132,14.171,49274,0
2016-03-29,07:40:00,14.171,14.171,14.171,14.171,23340,0
2016-03-29,08:10:00,14.171,14.171,14.171,14.171,2593,0
2016-03-29,08:30:00,14.171,14.171,14.171,14.171,28527,0
2016-03-29,08:55:00,14.171,14.19,14.171,14.19,18154,0
2016-03-29,09:00:00,14.19,14.19,14.19,14.19,12967,0
2016-03-29,09:20:00,14.19,14.19,14.171,14.171,29928,0
2016-03-29,09:25:00,14.171,14.171,14.171,14.171,12967,0
2016-03-29,09:30:00,14.171,14.171,14.171,14.171,18154,0
2016-03-29,09:35:00,14.171,14.171,14.171,14.171,7780,0
2016-03-29,09:40:00,14.171,14.171,14.171,14.171,2593,0
2016-03-29,09:45:00,14.171,14.171,14.171,14.171,10374,0
2016-03-29,09:50:00,14.171,14.171,14.171,14.171,2593,0
2016-03-29,09:55:00,14.171,14.171,14.171,14.171,51868,0
2016-03-29,10:00:00,14.171,14.19,14.171,14.19,62241,0
2016-03-30,03:35:00,14.19,14.402,14.171,14.363,145230,0
2016-03-30,03:40:00,14.383,14.402,14.363,14.363,46681,0
2016-03-30,03:45:00,14.363,14.363,14.363,14.363,18154,0
2016-03-30,03:50:00,14.286,14.286,14.286,14.286,7780,0
2016-03-30,03:55:00,14.286,14.402,14.267,14.402,49274,0
2016-03-30,04:00:00,14.402,14.402,14.363,14.363,20747,0
2016-03-30,04:05:00,14.363,14.363,14.363,14.363,7780,0
2016-03-30,04:10:00,14.363,14.363,14.363,14.363,33714,0
2016-03-30,04:15:00,14.363,14.363,14.363,14.363,5187,0
2016-03-30,04:20:00,14.363,14.383,14.363,14.383,5187,0
2016-03-30,04:25:00,14.383,14.383,14.344,14.344,51868,0
2016-03-30,04:30:00,14.344,14.344,14.344,14.344,5187,0
2016-03-30,04:35:00,14.344,14.363,14.344,14.363,15560,0
2016-03-30,04:40:00,14.363,14.363,14.363,14.363,15560,0
2016-03-30,04:45:00,14.363,14.383,14.363,14.383,31121,0
2016-03-30,04:50:00,14.383,14.383,14.363,14.363,93362,0
2016-03-30,05:05:00,14.363,14.363,14.363,14.363,10374,0
2016-03-30,05:10:00,14.363,14.363,14.363,14.363,20747,0
2016-03-30,05:15:00,14.363,14.363,14.363,14.363,2593,0
2016-03-30,05:20:00,14.363,14.363,14.363,14.363,18154,0
2016-03-30,05:30:00,14.363,14.402,14.363,14.363,33714,0
2016-03-30,05:35:00,14.363,14.363,14.363,14.363,10374,0
2016-03-30,05:50:00,14.363,14.363,14.344,14.344,20747,0
2016-03-30,05:55:00,14.344,14.344,14.344,14.344,12967,0
2016-03-30,07:05:00,14.344,14.344,14.344,14.344,2593,0
2016-03-30,07:10:00,14.344,14.383,14.344,14.383,41494,0
2016-03-30,07:20:00,14.383,14.441,14.383,14.441,20747,0
2016-03-30,07:25:00,14.441,14.441,14.383,14.383,5187,0
2016-03-30,07:30:00,14.383,14.383,14.363,14.363,82988,0
2016-03-30,07:45:00,14.363,14.363,14.363,14.363,7780,0
2016-03-30,08:00:00,14.363,14.363,14.363,14.363,5187,0
2016-03-30,08:05:00,14.363,14.363,14.363,14.363,2593,0
2016-03-30,08:10:00,14.363,14.363,14.363,14.363,7780,0
2016-03-30,08:15:00,14.363,14.421,14.363,14.421,25934,0
2016-03-30,08:25:00,14.421,14.421,14.363,14.363,23340,0
2016-03-30,08:35:00,14.383,14.402,14.383,14.383,18154,0
2016-03-30,08:40:00,14.383,14.383,14.383,14.383,2593,0
2016-03-30,08:45:00,14.383,14.383,14.383,14.383,5187,0
2016-03-30,08:55:00,14.383,14.383,14.363,14.383,41494,0
2016-03-30,09:00:00,14.383,14.402,14.383,14.402,23340,0
2016-03-30,09:05:00,14.402,14.402,14.383,14.383,31121,0
2016-03-30,09:10:00,14.383,14.402,14.383,14.402,7780,0
2016-03-30,09:15:00,14.402,14.421,14.402,14.421,33714,0
2016-03-30,09:25:00,14.421,14.421,14.383,14.383,64835,0
2016-03-30,09:30:00,14.383,14.421,14.383,14.421,15560,0
2016-03-30,09:35:00,14.421,14.421,14.421,14.421,7780,0
2016-03-30,09:40:00,14.421,14.421,14.402,14.421,46681,0
2016-03-30,09:45:00,14.421,14.441,14.402,14.402,93362,0
2016-03-30,09:50:00,14.402,14.421,14.402,14.421,15560,0
2016-03-30,10:00:00,14.421,14.421,14.363,14.363,82988,0
2016-03-31,03:35:00,14.441,14.537,14.344,14.46,127076,0
2016-03-31,03:40:00,14.46,14.556,14.46,14.556,82988,0
2016-03-31,03:45:00,14.556,14.556,14.518,14.556,44088,0
2016-03-31,03:50:00,14.556,14.556,14.518,14.537,90769,0
2016-03-31,03:55:00,14.537,14.556,14.518,14.537,197098,0
2016-03-31,04:00:00,14.537,14.537,14.518,14.518,15560,0
2016-03-31,04:05:00,14.518,14.556,14.518,14.518,140043,0
2016-03-31,04:10:00,14.518,14.556,14.518,14.537,82563,0
2016-03-31,04:15:00,14.537,14.537,14.537,14.537,67428,0
2016-03-31,04:20:00,14.537,14.537,14.537,14.537,12967,0
2016-03-31,04:25:00,14.537,14.537,14.537,14.537,77802,0
2016-03-31,04:30:00,14.537,14.556,14.537,14.556,70021,0
2016-03-31,04:35:00,14.556,14.556,14.537,14.537,90769,0
2016-03-31,04:40:00,14.537,14.556,14.537,14.537,70021,0
2016-03-31,04:45:00,14.537,14.537,14.537,14.537,82988,0
2016-03-31,04:50:00,14.537,14.537,14.537,14.537,33714,0
2016-03-31,04:55:00,14.537,14.537,14.537,14.537,15560,0
2016-03-31,05:00:00,14.537,14.537,14.537,14.537,41494,0
2016-03-31,05:05:00,14.537,14.537,14.537,14.537,46681,0
2016-03-31,05:10:00,14.537,14.537,14.537,14.537,82988,0
2016-03-31,05:15:00,14.537,14.537,14.537,14.537,28527,0
2016-03-31,05:20:00,14.537,14.556,14.537,14.556,7780,0
2016-03-31,05:25:00,14.556,14.556,14.556,14.556,12967,0
2016-03-31,05:35:00,14.556,14.576,14.556,14.556,18154,0
2016-03-31,05:45:00,14.576,14.633,14.576,14.633,23340,0
2016-03-31,05:50:00,14.595,14.614,14.595,14.595,18154,0
2016-03-31,06:00:00,14.595,14.595,14.576,14.576,15560,0
2016-03-31,07:05:00,14.576,14.614,14.576,14.614,5187,0
2016-03-31,07:15:00,14.614,14.614,14.614,14.614,2593,0
2016-03-31,07:40:00,14.614,14.614,14.595,14.595,10374,0
2016-03-31,07:45:00,14.595,14.595,14.595,14.595,5187,0
2016-03-31,07:50:00,14.595,14.633,14.595,14.614,18154,0
2016-03-31,07:55:00,14.614,14.653,14.614,14.653,10374,0
2016-03-31,08:00:00,14.653,14.653,14.576,14.595,77802,0
2016-03-31,08:20:00,14.595,14.595,14.576,14.576,59648,0
2016-03-31,08:25:00,14.576,14.576,14.556,14.556,25286,0
2016-03-31,08:30:00,14.556,14.556,14.556,14.556,2593,0
2016-03-31,08:35:00,14.556,14.576,14.556,14.576,25934,0
2016-03-31,08:40:00,14.576,14.576,14.576,14.576,20747,0
2016-03-31,08:55:00,14.576,14.576,14.576,14.576,20747,0
2016-03-31,09:00:00,14.576,14.576,14.556,14.556,62241,0
2016-03-31,09:10:00,14.576,14.595,14.576,14.576,72615,0
2016-03-31,09:20:00,14.576,14.576,14.576,14.576,20747,0
2016-03-31,09:25:00,14.576,14.576,14.576,14.576,72615,0
2016-03-31,09:30:00,14.576,14.576,14.576,14.576,5187,0
2016-03-31,09:35:00,14.576,14.576,14.576,14.576,88175,0
2016-03-31,09:40:00,14.576,14.576,14.556,14.576,225625,0
2016-03-31,09:45:00,14.576,14.576,14.576,14.576,430503,0
2016-03-31,09:50:00,14.576,14.576,14.576,14.576,269712,0
2016-03-31,09:55:00,14.576,14.576,14.556,14.556,28527,0
2016-03-31,10:00:00,14.556,14.595,14.556,14.576,295646,0
2016-04-01,03:35:00,14.614,14.653,14.614,14.633,10374,0
2016-04-01,03:45:00,14.633,14.633,14.537,14.537,31121,0
2016-04-01,04:05:00,14.537,14.556,14.537,14.556,38901,0
2016-04-01,04:10:00,14.556,14.556,14.537,14.537,20747,0
2016-04-01,04:15:00,14.537,14.537,14.537,14.537,5187,0
2016-04-01,04:20:00,14.537,14.537,14.537,14.537,23340,0
2016-04-01,04:30:00,14.537,14.537,14.537,14.537,10374,0
2016-04-01,04:35:00,14.537,14.537,14.537,14.537,7780,0
2016-04-01,04:40:00,14.537,14.537,14.537,14.537,2593,0
2016-04-01,04:45:00,14.537,14.537,14.537,14.537,2593,0
2016-04-01,04:50:00,14.537,14.537,14.537,14.537,5187,0
2016-04-01,04:55:00,14.537,14.537,14.537,14.537,7780,0
2016-04-01,05:00:00,14.537,14.537,14.537,14.537,2593,0
2016-04-01,05:10:00,14.537,14.556,14.537,14.556,7780,0
2016-04-01,05:15:00,14.556,14.556,14.518,14.537,46681,0
2016-04-01,05:20:00,14.537,14.537,14.537,14.537,41494,0
2016-04-01,05:25:00,14.537,14.537,14.537,14.537,2593,0
2016-04-01,05:35:00,14.537,14.537,14.537,14.537,2593,0
2016-04-01,05:40:00,14.537,14.537,14.537,14.537,12967,0
2016-04-01,05:45:00,14.537,14.537,14.537,14.537,2593,0
2016-04-01,05:55:00,14.537,14.537,14.537,14.537,15560,0
2016-04-01,06:00:00,14.537,14.537,14.537,14.537,15560,0
2016-04-01,07:05:00,14.537,14.556,14.537,14.537,10374,0
2016-04-01,07:15:00,14.537,14.537,14.537,14.537,2593,0
2016-04-01,07:25:00,14.537,14.537,14.537,14.537,7780,0
2016-04-01,07:30:00,14.537,14.556,14.537,14.556,25934,0
2016-04-01,07:50:00,14.556,14.556,14.556,14.556,10374,0
2016-04-01,08:00:00,14.556,14.556,14.556,14.556,41494,0
2016-04-01,08:05:00,14.556,14.576,14.556,14.576,18154,0
2016-04-01,08:10:00,14.556,14.556,14.556,14.556,18154,0
2016-04-01,08:15:00,14.556,14.556,14.556,14.556,15560,0
2016-04-01,08:20:00,14.556,14.556,14.556,14.556,2593,0
2016-04-01,08:25:00,14.556,14.556,14.556,14.556,12967,0
2016-04-01,08:30:00,14.556,14.556,14.556,14.556,10374,0
2016-04-01,08:35:00,14.556,14.556,14.556,14.556,49274,0
2016-04-01,08:40:00,14.556,14.595,14.556,14.595,41494,0
2016-04-01,08:50:00,14.595,14.595,14.576,14.576,15560,0
2016-04-01,09:00:00,14.576,14.576,14.576,14.576,2593,0
2016-04-01,09:05:00,14.576,14.576,14.46,14.556,160790,0
2016-04-01,09:10:00,14.556,14.556,14.556,14.556,70021,0
2016-04-01,09:20:00,14.556,14.556,14.537,14.537,5187,0
2016-04-01,09:25:00,14.537,14.556,14.537,14.556,80395,0
2016-04-01,09:30:00,14.556,14.556,14.537,14.556,70021,0
2016-04-01,09:40:00,14.556,14.556,14.537,14.556,10374,0
2016-04-01,09:45:00,14.537,14.556,14.537,14.556,38901,0
2016-04-01,09:50:00,14.556,14.556,14.556,14.556,510898,0
2016-04-01,09:55:00,14.556,14.556,14.537,14.556,10374,0
2016-04-01,10:00:00,14.556,14.556,14.537,14.556,235998,0
2016-04-05,03:35:00,14.556,14.556,14.518,14.556,18154,0
2016-04-05,03:45:00,14.556,14.556,14.383,14.383,5187,0
2016-04-05,03:50:00,14.383,14.421,14.306,14.421,23340,0
2016-04-05,04:05:00,14.421,14.441,14.306,14.441,72615,0
2016-04-05,04:15:00,14.441,14.498,14.441,14.46,38901,0
2016-04-05,04:20:00,14.46,14.46,14.46,14.46,18154,0
2016-04-05,04:25:00,14.46,14.479,14.46,14.46,15560,0
2016-04-05,04:35:00,14.46,14.46,14.421,14.441,95955,0
2016-04-05,04:40:00,14.441,14.441,14.441,14.441,10374,0
2016-04-05,04:45:00,14.441,14.46,14.441,14.46,5187,0
2016-04-05,04:50:00,14.46,14.46,14.441,14.46,38901,0
2016-04-05,05:05:00,14.46,14.46,14.363,14.441,64835,0
2016-04-05,05:15:00,14.441,14.46,14.441,14.46,18154,0
2016-04-05,05:20:00,14.46,14.46,14.46,14.46,33714,0
2016-04-05,05:25:00,14.46,14.46,14.46,14.46,5187,0
2016-04-05,05:30:00,14.46,14.479,14.46,14.479,5187,0
2016-04-05,05:40:00,14.479,14.479,14.46,14.46,10374,0
2016-04-05,05:45:00,14.46,14.46,14.46,14.46,7780,0
2016-04-05,05:50:00,14.46,14.498,14.46,14.46,41494,0
2016-04-05,06:00:00,14.46,14.46,14.363,14.46,85582,0
2016-04-05,07:05:00,14.46,14.479,14.46,14.479,41494,0
2016-04-05,07:10:00,14.479,14.537,14.479,14.518,46681,0
2016-04-05,07:15:00,14.479,14.479,14.46,14.46,5187,0
2016-04-05,07:20:00,14.46,14.479,14.46,14.479,12967,0
2016-04-05,07:30:00,14.479,14.537,14.479,14.537,33714,0
2016-04-05,07:40:00,14.518,14.518,14.518,14.518,2593,0
2016-04-05,07:45:00,14.518,14.518,14.479,14.479,15560,0
2016-04-05,07:50:00,14.479,14.479,14.479,14.479,2593,0
2016-04-05,08:00:00,14.479,14.556,14.479,14.556,72615,0
2016-04-05,08:05:00,14.556,14.556,14.479,14.498,75208,0
2016-04-05,08:10:00,14.498,14.537,14.498,14.518,12967,0
2016-04-05,08:15:00,14.518,14.518,14.498,14.498,33714,0
2016-04-05,08:20:00,14.498,14.498,14.479,14.479,12967,0
2016-04-05,08:25:00,14.479,14.498,14.46,14.498,54461,0
2016-04-05,08:40:00,14.498,14.498,14.498,14.498,23340,0
2016-04-05,08:45:00,14.498,14.537,14.479,14.498,140043,0
2016-04-05,08:50:00,14.498,14.498,14.479,14.479,10374,0
2016-04-05,08:55:00,14.479,14.537,14.479,14.498,82988,0
2016-04-05,09:05:00,14.498,14.498,14.498,14.498,2593,0
2016-04-05,09:20:00,14.498,14.498,14.479,14.479,57055,0
2016-04-05,09:25:00,14.479,14.498,14.479,14.479,259339,0
2016-04-05,09:35:00,14.479,14.498,14.479,14.498,5187,0
2016-04-05,09:45:00,14.479,14.479,14.46,14.46,25934,0
2016-04-05,09:55:00,14.46,14.46,14.441,14.441,20747,0
2016-04-05,10:00:00,14.441,14.46,14.441,14.46,5835,0
2016-04-06,03:35:00,14.421,14.479,14.383,14.46,207471,0
2016-04-06,03:40:00,14.383,14.46,14.383,14.46,23340,0
2016-04-06,03:50:00,14.46,14.46,14.402,14.421,10374,0
2016-04-06,03:55:00,14.421,14.46,14.402,14.421,44088,0
2016-04-06,04:00:00,14.421,14.421,14.421,14.421,2593,0
2016-04-06,04:05:00,14.421,14.421,14.421,14.421,2593,0
2016-04-06,04:20:00,14.441,14.479,14.441,14.46,59648,0
2016-04-06,04:25:00,14.46,14.479,14.46,14.46,134856,0
2016-04-06,04:30:00,14.46,14.46,14.46,14.46,5187,0
2016-04-06,04:45:00,14.46,14.46,14.46,14.46,5187,0
2016-04-06,05:10:00,14.46,14.46,14.46,14.46,10374,0
2016-04-06,05:25:00,14.46,14.479,14.46,14.46,49274,0
2016-04-06,05:30:00,14.46,14.479,14.46,14.46,36375,0
2016-04-06,05:35:00,14.46,14.479,14.46,14.479,5187,0
2016-04-06,05:45:00,14.479,14.479,14.46,14.46,12967,0
2016-04-06,05:50:00,14.46,14.46,14.46,14.46,5187,0
2016-04-06,06:00:00,14.46,14.46,14.46,14.46,7780,0
2016-04-06,07:10:00,14.46,14.46,14.46,14.46,2593,0
2016-04-06,07:15:00,14.46,14.46,14.46,14.46,10374,0
2016-04-06,07:55:00,14.46,14.479,14.46,14.46,217845,0
2016-04-06,08:00:00,14.46,14.46,14.46,14.46,482370,0
2016-04-06,08:05:00,14.46,14.46,14.46,14.46,282679,0
2016-04-06,08:10:00,14.46,14.479,14.46,14.479,20747,0
2016-04-06,08:15:00,14.479,14.479,14.46,14.46,313800,0
2016-04-06,08:20:00,14.46,14.46,14.46,14.46,103736,0
2016-04-06,08:30:00,14.46,14.46,14.46,14.46,160790,0
2016-04-06,08:35:00,14.46,14.46,14.46,14.46,20747,0
2016-04-06,08:40:00,14.46,14.479,14.46,14.46,18154,0
2016-04-06,08:45:00,14.46,14.479,14.46,14.479,5187,0
2016-04-06,08:55:00,14.479,14.498,14.46,14.46,44088,0
2016-04-06,09:00:00,14.46,14.46,14.46,14.46,10374,0
2016-04-06,09:05:00,14.46,14.46,14.46,14.46,2593,0
2016-04-06,09:10:00,14.46,14.498,14.46,14.498,5187,0
2016-04-06,09:25:00,14.479,14.479,14.479,14.479,2593,0
2016-04-06,09:40:00,14.479,14.498,14.479,14.498,15560,0
2016-04-06,09:55:00,14.498,14.498,14.498,14.498,5187,0
2016-04-06,10:00:00,14.498,14.498,14.479,14.498,36307,0
2016-04-07,03:35:00,14.595,14.595,14.498,14.518,49274,0
2016-04-07,03:40:00,14.518,14.556,14.518,14.556,75208,0
2016-04-07,03:45:00,14.556,14.556,14.556,14.556,28527,0
2016-04-07,03:50:00,14.556,14.556,14.556,14.556,64835,0
2016-04-07,03:55:00,14.556,14.556,14.556,14.556,153010,0
2016-04-07,04:00:00,14.556,14.556,14.556,14.556,194504,0
2016-04-07,04:05:00,14.556,14.556,14.556,14.556,25934,0
2016-04-07,04:10:00,14.556,14.556,14.556,14.556,67428,0
2016-04-07,04:15:00,14.556,14.556,14.556,14.556,25934,0
2016-04-07,04:20:00,14.556,14.556,14.556,14.556,7780,0
2016-04-07,04:40:00,14.556,14.556,14.556,14.556,10374,0
2016-04-07,05:20:00,14.556,14.556,14.537,14.537,5187,0
2016-04-07,05:30:00,14.537,14.537,14.537,14.537,38901,0
2016-04-07,05:50:00,14.537,14.556,14.537,14.556,46681,0
2016-04-07,05:55:00,14.556,14.556,14.556,14.556,18154,0
2016-04-07,06:00:00,14.556,14.556,14.556,14.556,12967,0
2016-04-07,07:20:00,14.556,14.556,14.556,14.556,25934,0
2016-04-07,07:35:00,14.556,14.556,14.556,14.556,7780,0
2016-04-07,07:40:00,14.556,14.556,14.556,14.556,12967,0
2016-04-07,07:45:00,14.556,14.576,14.556,14.576,5187,0
2016-04-07,07:50:00,14.576,14.576,14.556,14.556,15560,0
2016-04-07,07:55:00,14.556,14.556,14.556,14.556,12967,0
2016-04-07,08:00:00,14.556,14.556,14.556,14.556,10374,0
2016-04-07,08:10:00,14.556,14.556,14.556,14.556,10374,0
2016-04-07,08:15:00,14.556,14.556,14.556,14.556,10374,0
2016-04-07,08:30:00,14.556,14.576,14.556,14.576,38901,0
2016-04-07,08:35:00,14.576,14.576,14.479,14.518,75208,0
2016-04-07,09:25:00,14.537,14.556,14.537,14.556,329360,0
2016-04-07,09:35:00,14.556,14.556,14.556,14.556,1037,0
2016-04-07,09:45:00,14.556,14.576,14.556,14.576,5187,0
2016-04-07,09:55:00,14.576,14.576,14.576,14.576,5187,0
2016-04-07,10:00:00,14.576,14.653,14.576,14.633,38901,0
2016-04-08,03:35:00,14.556,14.633,14.46,14.537,20747,0
2016-04-08,03:40:00,14.537,14.556,14.537,14.556,7780,0
2016-04-08,03:45:00,14.556,14.576,14.556,14.576,10374,0
2016-04-08,03:50:00,14.576,14.576,14.576,14.576,2593,0
2016-04-08,04:00:00,14.576,14.576,14.576,14.576,2593,0
2016-04-08,04:20:00,14.576,14.576,14.537,14.537,49274,0
2016-04-08,04:25:00,14.537,14.556,14.537,14.556,5187,0
2016-04-08,04:30:00,14.556,14.556,14.556,14.556,2593,0
2016-04-08,04:35:00,14.556,14.556,14.556,14.556,470,0
2016-04-08,04:45:00,14.556,14.576,14.556,14.556,28527,0
2016-04-08,04:50:00,14.556,14.556,14.556,14.556,10374,0
2016-04-08,04:55:00,14.556,14.556,14.556,14.556,5187,0
2016-04-08,05:00:00,14.556,14.556,14.537,14.537,41494,0
2016-04-08,05:05:00,14.537,14.537,14.537,14.537,15560,0
2016-04-08,05:10:00,14.537,14.537,14.537,14.537,38901,0
2016-04-08,05:15:00,14.537,14.537,14.537,14.537,20747,0
2016-04-08,05:25:00,14.537,14.537,14.537,14.537,44088,0
2016-04-08,05:30:00,14.537,14.537,14.537,14.537,20747,0
2016-04-08,05:35:00,14.537,14.537,14.537,14.537,7780,0
2016-04-08,05:40:00,14.537,14.537,14.537,14.537,33714,0
2016-04-08,05:45:00,14.537,14.556,14.537,14.556,20747,0
2016-04-08,05:55:00,14.556,14.556,14.556,14.556,10374,0
2016-04-08,06:00:00,14.556,14.556,14.556,14.556,36307,0
2016-04-08,07:05:00,14.556,14.576,14.556,14.556,41494,0
2016-04-08,07:20:00,14.556,14.556,14.556,14.556,2593,0
2016-04-08,07:30:00,14.556,14.556,14.556,14.556,2593,0
2016-04-08,07:35:00,14.556,14.556,14.556,14.556,2593,0
2016-04-08,07:40:00,14.556,14.556,14.556,14.556,20747,0
2016-04-08,08:05:00,14.556,14.556,14.556,14.556,5187,0
2016-04-08,08:10:00,14.556,14.556,14.556,14.556,5187,0
2016-04-08,08:15:00,14.556,14.556,14.537,14.537,31121,0
2016-04-08,08:20:00,14.537,14.537,14.537,14.537,41494,0
2016-04-08,08:25:00,14.537,14.556,14.537,14.537,54461,0
2016-04-08,08:30:00,14.537,14.537,14.518,14.518,10374,0
2016-04-08,08:40:00,14.518,14.537,14.518,14.537,12967,0
2016-04-08,08:45:00,14.537,14.556,14.537,14.556,17725,0
2016-04-08,08:50:00,14.556,14.556,14.556,14.556,10374,0
2016-04-08,08:55:00,14.556,14.556,14.556,14.556,15560,0
2016-04-08,09:00:00,14.556,14.556,14.556,14.556,10374,0
2016-04-08,09:05:00,14.556,14.576,14.556,14.556,49274,0
2016-04-08,09:10:00,14.556,14.556,14.556,14.556,15560,0
2016-04-08,09:20:00,14.556,14.556,14.537,14.537,5187,0
2016-04-08,09:25:00,14.537,14.556,14.537,14.556,41494,0
2016-04-08,09:30:00,14.556,14.556,14.537,14.537,18154,0
2016-04-08,09:35:00,14.537,14.556,14.537,14.556,155603,0
2016-04-08,09:40:00,14.556,14.556,14.537,14.556,57055,0
2016-04-08,09:45:00,14.556,14.556,14.556,14.556,23340,0
2016-04-08,09:50:00,14.556,14.576,14.556,14.556,6052451,0
2016-04-08,09:55:00,14.556,14.576,14.556,14.576,669094,0
2016-04-08,10:00:00,14.576,14.576,14.518,14.556,140043,0
2016-04-11,03:35:00,14.576,14.576,14.537,14.537,15560,0
2016-04-11,03:40:00,14.537,14.537,14.441,14.441,25934,0
2016-04-11,04:05:00,14.537,14.556,14.537,14.556,5187,0
2016-04-11,04:10:00,14.556,14.556,14.556,14.556,5187,0
2016-04-11,04:20:00,14.556,14.556,14.556,14.556,12967,0
2016-04-11,04:25:00,14.556,14.556,14.556,14.556,5187,0
2016-04-11,04:55:00,14.556,14.614,14.556,14.614,15560,0
2016-04-11,05:00:00,14.614,14.614,14.614,14.614,2593,0
2016-04-11,05:10:00,14.614,14.633,14.614,14.633,7780,0
2016-04-11,05:15:00,14.633,14.633,14.633,14.633,2593,0
2016-04-11,05:25:00,14.633,14.653,14.633,14.653,38901,0
2016-04-11,05:30:00,14.653,14.672,14.653,14.672,10374,0
2016-04-11,05:45:00,14.672,14.672,14.672,14.672,2593,0
2016-04-11,05:55:00,14.672,14.672,14.672,14.672,10374,0
2016-04-11,06:00:00,14.672,14.672,14.672,14.672,2593,0
2016-04-11,07:05:00,14.672,14.672,14.653,14.653,7780,0
2016-04-11,07:20:00,14.653,14.653,14.653,14.653,5187,0
2016-04-11,07:30:00,14.653,14.653,14.653,14.653,2593,0
2016-04-11,07:40:00,14.653,14.653,14.653,14.653,31121,0
2016-04-11,08:05:00,14.653,14.653,14.653,14.653,2593,0
2016-04-11,08:15:00,14.653,14.653,14.633,14.633,10374,0
2016-04-11,08:25:00,14.633,14.653,14.633,14.653,5187,0
2016-04-11,09:20:00,14.653,14.653,14.653,14.653,18154,0
2016-04-11,09:25:00,14.653,14.653,14.633,14.633,5187,0
2016-04-11,09:30:00,14.633,14.633,14.633,14.633,5187,0
2016-04-11,09:35:00,14.633,14.633,14.633,14.633,5187,0
2016-04-11,09:40:00,14.633,14.633,14.633,14.633,5187,0
2016-04-11,09:45:00,14.633,14.633,14.633,14.633,2593,0
2016-04-11,09:50:00,14.633,14.633,14.633,14.633,2593,0
2016-04-11,10:00:00,14.633,14.73,14.633,14.71,80395,0
2016-04-12,03:45:00,14.73,14.73,14.71,14.71,12967,0
2016-04-12,03:55:00,14.73,14.73,14.71,14.71,20747,0
2016-04-12,04:00:00,14.71,14.749,14.71,14.749,28527,0
2016-04-12,04:05:00,14.749,14.768,14.749,14.768,10374,0
2016-04-12,04:15:00,14.768,14.768,14.749,14.768,10374,0
2016-04-12,04:20:00,14.768,14.826,14.768,14.788,18154,0
2016-04-12,04:25:00,14.788,14.788,14.749,14.749,25934,0
2016-04-12,04:30:00,14.768,14.768,14.749,14.749,12967,0
2016-04-12,04:35:00,14.749,14.768,14.73,14.73,57055,0
2016-04-12,04:45:00,14.73,14.73,14.71,14.73,25934,0
2016-04-12,04:50:00,14.73,14.73,14.71,14.71,33714,0
2016-04-12,05:05:00,14.71,14.71,14.71,14.71,5187,0
2016-04-12,05:10:00,14.71,14.749,14.691,14.749,49274,0
2016-04-12,05:15:00,14.749,14.749,14.749,14.749,20747,0
2016-04-12,05:40:00,14.749,14.749,14.749,14.749,10374,0
2016-04-12,05:45:00,14.749,14.749,14.749,14.749,5187,0
2016-04-12,05:50:00,14.749,14.749,14.749,14.749,2593,0
2016-04-12,05:55:00,14.749,14.768,14.749,14.768,23340,0
2016-04-12,07:15:00,14.768,14.768,14.768,14.768,5187,0
2016-04-12,07:25:00,14.768,14.768,14.768,14.768,2593,0
2016-04-12,07:30:00,14.768,14.768,14.768,14.768,2593,0
2016-04-12,07:35:00,14.768,14.768,14.768,14.768,10374,0
2016-04-12,07:40:00,14.768,14.768,14.749,14.768,18154,0
2016-04-12,07:45:00,14.768,14.788,14.768,14.768,31121,0
2016-04-12,07:55:00,14.768,14.788,14.768,14.788,23340,0
2016-04-12,08:10:00,14.788,14.845,14.788,14.845,31121,0
2016-04-12,08:30:00,14.826,14.826,14.826,14.826,5187,0
2016-04-12,09:10:00,14.826,14.845,14.826,14.845,20747,0
2016-04-12,09:25:00,14.845,14.884,14.845,14.884,5187,0
2016-04-12,09:30:00,14.884,14.884,14.845,14.845,5187,0
2016-04-12,09:40:00,14.865,14.884,14.865,14.865,18154,0
2016-04-12,09:45:00,14.865,14.865,14.865,14.865,18154,0
2016-04-12,09:50:00,14.865,14.865,14.865,14.865,20747,0
2016-04-12,09:55:00,14.865,14.865,14.845,14.865,38901,0
2016-04-12,10:00:00,14.865,14.884,14.788,14.884,88175,0
2016-04-13,03:35:00,14.9,14.9,14.88,14.88,5000,0
2016-04-13,03:40:00,14.86,14.9,14.86,14.9,45000,0
2016-04-13,03:45:00,14.9,14.9,14.82,14.84,47500,0
2016-04-13,03:55:00,14.84,14.84,14.84,14.84,10000,0
2016-04-13,04:00:00,14.84,14.84,14.82,14.82,32500,0
2016-04-13,04:05:00,14.82,14.82,14.82,14.82,10000,0
2016-04-13,04:10:00,14.82,14.84,14.82,14.84,15000,0
2016-04-13,04:15:00,14.84,14.84,14.84,14.84,10000,0
2016-04-13,04:20:00,14.84,14.88,14.84,14.88,22500,0
2016-04-13,04:25:00,14.88,14.94,14.88,14.9,52500,0
2016-04-13,04:35:00,14.92,14.92,14.92,14.92,10000,0
2016-04-13,04:40:00,14.92,14.92,14.86,14.86,17500,0
2016-04-13,04:45:00,14.86,14.86,14.84,14.86,15000,0
2016-04-13,04:50:00,14.86,14.88,14.86,14.88,15000,0
2016-04-13,04:55:00,14.88,14.88,14.86,14.86,40000,0
2016-04-13,05:05:00,14.86,14.86,14.86,14.86,2500,0
2016-04-13,05:10:00,14.86,14.86,14.84,14.86,75000,0
2016-04-13,05:15:00,14.86,14.86,14.86,14.86,2500,0
2016-04-13,05:20:00,14.86,14.88,14.82,14.88,47500,0
2016-04-13,05:35:00,14.88,14.88,14.88,14.88,2500,0
2016-04-13,05:40:00,14.88,14.9,14.88,14.9,20000,0
2016-04-13,05:50:00,14.88,14.88,14.88,14.88,12500,0
2016-04-13,05:55:00,14.88,14.9,14.88,14.9,20000,0
2016-04-13,06:00:00,14.9,14.9,14.9,14.9,17500,0
2016-04-13,07:05:00,14.9,14.9,14.9,14.9,5000,0
2016-04-13,07:15:00,14.9,14.92,14.9,14.92,27500,0
2016-04-13,07:20:00,14.92,14.96,14.92,14.96,17500,0
2016-04-13,07:35:00,14.94,14.94,14.94,14.94,2500,0
2016-04-13,07:40:00,14.94,14.94,14.94,14.94,5000,0
2016-04-13,07:45:00,14.94,14.96,14.94,14.96,15000,0
2016-04-13,07:50:00,14.96,15,14.96,15,22500,0
2016-04-13,07:55:00,14.98,14.98,14.98,14.98,15000,0
2016-04-13,08:05:00,14.98,14.98,14.98,14.98,5000,0
2016-04-13,08:10:00,14.98,14.98,14.98,14.98,190,0
2016-04-13,08:15:00,14.98,14.98,14.98,14.98,2500,0
2016-04-13,08:20:00,14.98,14.98,14.98,14.98,5000,0
2016-04-13,08:35:00,14.96,14.96,14.96,14.96,10000,0
2016-04-13,08:40:00,14.96,14.98,14.96,14.96,27500,0
2016-04-13,08:45:00,14.96,14.96,14.94,14.96,10000,0
2016-04-13,08:55:00,14.96,14.98,14.96,14.98,15000,0
2016-04-13,09:05:00,14.98,14.98,14.96,14.96,15000,0
2016-04-13,09:10:00,14.96,14.96,14.96,14.96,5000,0
2016-04-13,09:25:00,14.96,14.96,14.94,14.94,20000,0
2016-04-13,09:30:00,14.94,14.96,14.94,14.96,7500,0
2016-04-13,09:35:00,14.96,14.98,14.94,14.94,45000,0
2016-04-13,09:40:00,14.94,14.98,14.94,14.98,47500,0
2016-04-13,09:45:00,14.98,15,14.92,14.94,50000,0
2016-04-13,09:50:00,14.94,15.04,14.94,15.04,55000,0
2016-04-13,09:55:00,15.04,15.06,15.04,15.06,40000,0
2016-04-13,10:00:00,15.06,15.06,15,15.04,87500,0
