Date,Time,Open,High,Low,Close,Volume,OpenInt
2016-02-19,02:35:00,4.07,4.12,4.07,4.12,5000,0
2016-02-19,03:20:00,4.12,4.14,4.12,4.14,3000,0
2016-02-19,03:25:00,4.14,4.18,4.12,4.18,90000,0
2016-02-19,03:30:00,4.2,4.24,4.2,4.2,14000,0
2016-02-19,03:40:00,4.21,4.21,4.21,4.21,6000,0
2016-02-19,03:45:00,4.21,4.21,4.17,4.2,18000,0
2016-02-19,04:25:00,4.23,4.24,4.23,4.24,5000,0
2016-02-19,04:35:00,4.24,4.24,4.24,4.24,2000,0
2016-02-19,04:45:00,4.24,4.24,4.23,4.23,6000,0
2016-02-19,06:05:00,4.2,4.2,4.15,4.15,43000,0
2016-02-19,06:10:00,4.15,4.18,4.15,4.15,4000,0
2016-02-19,06:15:00,4.15,4.18,4.15,4.18,21000,0
2016-02-19,06:25:00,4.18,4.18,4.18,4.18,7000,0
2016-02-19,06:30:00,4.18,4.21,4.18,4.21,149000,0
2016-02-19,06:40:00,4.22,4.25,4.22,4.25,18000,0
2016-02-19,06:55:00,4.27,4.27,4.27,4.27,2000,0
2016-02-19,07:00:00,4.27,4.33,4.27,4.33,128000,0
2016-02-19,07:05:00,4.33,4.38,4.33,4.38,11000,0
2016-02-19,07:10:00,4.38,4.38,4.38,4.38,3000,0
2016-02-19,07:15:00,4.38,4.38,4.36,4.38,6000,0
2016-02-19,07:20:00,4.38,4.38,4.34,4.34,41000,0
2016-02-19,07:25:00,4.34,4.34,4.3,4.3,17000,0
2016-02-19,07:30:00,4.3,4.32,4.3,4.32,2000,0
2016-02-19,07:35:00,4.32,4.32,4.3,4.31,30000,0
2016-02-19,07:40:00,4.31,4.32,4.31,4.32,2000,0
2016-02-19,07:45:00,4.31,4.31,4.31,4.31,6000,0
2016-02-19,07:55:00,4.31,4.31,4.29,4.29,2000,0
2016-02-19,08:00:00,4.29,4.29,4.29,4.29,1000,0
2016-02-19,08:05:00,4.29,4.32,4.29,4.32,10000,0
2016-02-19,08:10:00,4.32,4.34,4.32,4.34,3000,0
2016-02-19,08:20:00,4.31,4.34,4.31,4.34,3000,0
2016-02-19,08:25:00,4.34,4.34,4.34,4.34,1000,0
2016-02-19,08:30:00,4.34,4.34,4.3,4.3,2000,0
2016-02-19,08:45:00,4.33,4.33,4.32,4.32,3000,0
2016-02-19,08:50:00,4.32,4.32,4.28,4.28,6000,0
2016-02-19,08:55:00,4.28,4.28,4.28,4.28,6000,0
2016-02-19,09:00:00,4.28,4.34,4.26,4.34,238000,0
2016-02-22,03:10:00,4.27,4.27,4.27,4.27,4000,0
2016-02-22,03:15:00,4.22,4.26,4.22,4.26,4000,0
2016-02-22,04:15:00,4.26,4.27,4.26,4.26,15000,0
2016-02-22,04:30:00,4.26,4.28,4.26,4.28,3000,0
2016-02-22,04:35:00,4.28,4.28,4.28,4.28,2000,0
2016-02-22,04:45:00,4.28,4.28,4.28,4.28,2000,0
2016-02-22,05:00:00,4.28,4.28,4.28,4.28,2000,0
2016-02-22,06:10:00,4.28,4.28,4.26,4.26,4000,0
2016-02-22,06:40:00,4.26,4.28,4.26,4.28,4000,0
2016-02-22,06:55:00,4.28,4.28,4.28,4.28,1000,0
2016-02-22,08:30:00,4.27,4.28,4.27,4.28,9000,0
2016-02-22,08:45:00,4.28,4.33,4.28,4.33,2000,0
2016-02-22,08:55:00,4.33,4.33,4.33,4.33,1000,0
2016-02-23,03:20:00,4.28,4.28,4.28,4.28,1000,0
2016-02-23,03:35:00,4.2,4.21,4.2,4.21,7000,0
2016-02-23,04:05:00,4.21,4.21,4.21,4.21,1000,0
2016-02-23,04:25:00,4.22,4.22,4.21,4.21,2000,0
2016-02-23,06:10:00,4.11,4.16,4.11,4.16,4000,0
2016-02-23,06:15:00,4.16,4.16,4.16,4.16,3000,0
2016-02-23,06:35:00,4.16,4.18,4.16,4.18,4000,0
2016-02-23,06:40:00,4.18,4.18,4.18,4.18,1000,0
2016-02-23,06:45:00,4.18,4.21,4.18,4.21,22000,0
2016-02-23,07:20:00,4.2,4.2,4.2,4.2,4000,0
2016-02-23,07:40:00,4.16,4.18,4.15,4.15,9000,0
2016-02-23,07:45:00,4.15,4.16,4.15,4.16,15000,0
2016-02-23,08:00:00,4.16,4.16,4.15,4.15,5000,0
2016-02-23,08:10:00,4.14,4.14,4.14,4.14,1000,0
2016-02-23,08:15:00,4.14,4.14,4.11,4.14,5000,0
2016-02-23,08:40:00,4.12,4.12,4.12,4.12,1000,0
2016-02-23,08:45:00,4.11,4.14,4.11,4.14,40000,0
2016-02-23,09:00:00,4.14,4.14,4.14,4.14,1000,0
2016-02-24,02:35:00,4.1,4.1,4.1,4.1,1000,0
2016-02-24,02:45:00,4.1,4.12,4.1,4.12,13000,0
2016-02-24,02:50:00,4.12,4.15,4.12,4.15,20000,0
2016-02-24,03:10:00,4.14,4.14,4.14,4.14,1000,0
2016-02-24,03:25:00,4.13,4.13,4.11,4.11,10000,0
2016-02-24,03:40:00,4.11,4.12,4.07,4.07,83000,0
2016-02-24,04:10:00,4.07,4.12,4.07,4.12,2000,0
2016-02-24,04:55:00,4.12,4.12,4.12,4.12,2000,0
2016-02-24,06:05:00,4.12,4.12,4.12,4.12,2000,0
2016-02-24,06:10:00,4.12,4.12,4.1,4.1,6000,0
2016-02-24,06:40:00,4.1,4.13,4.1,4.12,24000,0
2016-02-24,06:45:00,4.12,4.12,4.11,4.12,10000,0
2016-02-24,07:05:00,4.12,4.14,4.11,4.11,54000,0
2016-02-24,07:50:00,4.11,4.11,4.11,4.11,3000,0
2016-02-24,08:20:00,4.11,4.13,4.11,4.13,2000,0
2016-02-24,08:50:00,4.13,4.14,4.12,4.14,49000,0
2016-02-24,09:00:00,4.14,4.18,4.11,4.11,39000,0
2016-02-25,02:40:00,4.07,4.15,4.07,4.15,16000,0
2016-02-25,02:45:00,4.14,4.14,4.12,4.14,5000,0
2016-02-25,03:00:00,4.14,4.15,4.12,4.13,127000,0
2016-02-25,03:10:00,4.13,4.13,4.11,4.11,2000,0
2016-02-25,03:15:00,4.11,4.11,4.11,4.11,1000,0
2016-02-25,03:25:00,4.11,4.11,4.11,4.11,1000,0
2016-02-25,03:30:00,4.11,4.12,4.11,4.12,6000,0
2016-02-25,03:55:00,4.12,4.14,4.12,4.14,5000,0
2016-02-25,04:00:00,4.13,4.13,4.12,4.12,2000,0
2016-02-25,04:05:00,4.12,4.13,4.12,4.13,26000,0
2016-02-25,04:10:00,4.13,4.13,4.12,4.12,4000,0
2016-02-25,04:20:00,4.11,4.11,4.1,4.1,3000,0
2016-02-25,04:30:00,4.1,4.13,4.1,4.12,18000,0
2016-02-25,04:40:00,4.11,4.11,4.09,4.09,3000,0
2016-02-25,06:10:00,4.09,4.09,4.07,4.07,3000,0
2016-02-25,06:25:00,4.07,4.11,4.05,4.11,35000,0
2016-02-25,06:35:00,4.09,4.12,4.05,4.11,89000,0
2016-02-25,06:40:00,4.11,4.11,4.05,4.06,6000,0
2016-02-25,06:45:00,4.06,4.06,4.06,4.06,3000,0
2016-02-25,07:05:00,4.06,4.06,4.06,4.06,1000,0
2016-02-25,08:20:00,4.06,4.06,4.05,4.05,4000,0
2016-02-25,08:55:00,4.05,4.05,4.05,4.05,1000,0
2016-02-25,09:00:00,4.05,4.07,4.05,4.07,9000,0
2016-02-26,02:50:00,4.11,4.14,4.07,4.14,32000,0
2016-02-26,02:55:00,4.14,4.14,4.11,4.14,14000,0
2016-02-26,03:10:00,4.09,4.09,4.09,4.09,2000,0
2016-02-26,06:40:00,4.09,4.09,4.07,4.07,4000,0
2016-02-26,06:45:00,4.07,4.07,4.05,4.06,59000,0
2016-02-26,07:25:00,4.06,4.06,4.06,4.06,2000,0
2016-02-26,07:35:00,4.06,4.07,4.05,4.06,33000,0
2016-02-26,07:45:00,4.06,4.06,4.06,4.06,1000,0
2016-02-26,08:15:00,4.06,4.08,4.06,4.06,8000,0
2016-02-26,08:20:00,4.06,4.08,4.06,4.08,10000,0
2016-02-26,08:25:00,4.08,4.08,4.08,4.08,1000,0
2016-02-26,08:40:00,4.08,4.09,4.07,4.09,4000,0
2016-02-26,08:45:00,4.09,4.09,4.07,4.07,2000,0
2016-02-26,09:00:00,4.07,4.13,4.04,4.05,130000,0
2016-02-29,02:35:00,4.1,4.1,4.05,4.1,2000,0
2016-02-29,02:50:00,4.1,4.12,4.1,4.12,10000,0
2016-02-29,03:00:00,4.12,4.12,4.08,4.08,8000,0
2016-02-29,03:05:00,4.07,4.07,4.07,4.07,5000,0
2016-02-29,03:30:00,4.07,4.07,4.03,4.03,2000,0
2016-02-29,03:50:00,4.03,4.03,4.03,4.03,2000,0
2016-02-29,04:30:00,4.03,4.03,4.03,4.03,2000,0
2016-02-29,06:10:00,4.04,4.08,4.03,4.08,21000,0
2016-02-29,06:15:00,4.08,4.08,4.03,4.08,16000,0
2016-02-29,06:25:00,4.08,4.08,4.03,4.04,25000,0
2016-02-29,06:35:00,4.04,4.1,4.04,4.04,38000,0
2016-02-29,06:45:00,4.04,4.09,4.04,4.04,9000,0
2016-02-29,06:50:00,4.04,4.09,4.04,4.09,8000,0
2016-02-29,06:55:00,4.09,4.09,4.04,4.09,9000,0
2016-02-29,07:05:00,4.08,4.08,4.04,4.04,20000,0
2016-02-29,07:10:00,4.04,4.08,4.04,4.07,6000,0
2016-02-29,07:25:00,4.07,4.07,4.03,4.05,11000,0
2016-02-29,07:30:00,4.05,4.06,4.05,4.06,3000,0
2016-02-29,07:35:00,4.06,4.06,4.02,4.06,12000,0
2016-02-29,07:55:00,4.06,4.06,4.03,4.06,7000,0
2016-02-29,08:00:00,4.06,4.06,4.02,4.03,11000,0
2016-02-29,08:10:00,4.03,4.03,4.03,4.03,2000,0
2016-02-29,08:15:00,4.03,4.03,4.02,4.02,2000,0
2016-02-29,08:20:00,4.02,4.04,4.02,4.04,7000,0
2016-02-29,08:30:00,4.03,4.03,4.02,4.03,11000,0
2016-02-29,08:35:00,4.03,4.03,4.02,4.02,12000,0
2016-02-29,08:40:00,4.02,4.03,4.02,4.03,3000,0
2016-02-29,08:45:00,4.03,4.04,4.02,4.04,30000,0
2016-02-29,08:50:00,4.04,4.04,4.04,4.04,8000,0
2016-02-29,08:55:00,4.03,4.05,4,4.05,16000,0
2016-02-29,09:00:00,4.04,4.05,3.94,4,145000,0
2016-03-01,02:35:00,4.07,4.07,4,4.07,2000,0
2016-03-01,02:50:00,4.07,4.1,4.01,4.1,57000,0
2016-03-01,02:55:00,4.1,4.1,4.1,4.1,2000,0
2016-03-01,03:00:00,4.1,4.1,4.1,4.1,2000,0
2016-03-01,03:10:00,4.1,4.1,4.06,4.08,57000,0
2016-03-01,03:20:00,4.08,4.08,4.07,4.07,4000,0
2016-03-01,03:30:00,4.06,4.06,4.06,4.06,18000,0
2016-03-01,03:45:00,4.06,4.07,4.06,4.07,2000,0
2016-03-01,03:55:00,4.07,4.08,4.07,4.08,2000,0
2016-03-01,04:10:00,4.08,4.08,4.07,4.07,2000,0
2016-03-01,04:15:00,4.07,4.08,4.07,4.08,2000,0
2016-03-01,04:25:00,4.08,4.08,4.06,4.07,11000,0
2016-03-01,04:30:00,4.07,4.07,4.06,4.06,2000,0
2016-03-01,04:40:00,4.06,4.06,4.06,4.06,20000,0
2016-03-01,04:50:00,4.07,4.08,4.07,4.08,22000,0
2016-03-01,04:55:00,4.08,4.08,4.08,4.08,1000,0
2016-03-01,06:05:00,4.08,4.08,4.07,4.07,2000,0
2016-03-01,06:10:00,4.07,4.07,4.06,4.06,15000,0
2016-03-01,06:20:00,4.06,4.06,4.04,4.06,15000,0
2016-03-01,06:35:00,4.06,4.06,4.06,4.06,1000,0
2016-03-01,06:45:00,4.06,4.07,4.06,4.07,2000,0
2016-03-01,06:50:00,4.07,4.07,4.07,4.07,2000,0
2016-03-01,06:55:00,4.07,4.1,4.07,4.1,7000,0
2016-03-01,07:05:00,4.13,4.13,4.13,4.13,1000,0
2016-03-01,07:15:00,4.15,4.15,4.1,4.1,23000,0
2016-03-01,07:20:00,4.1,4.1,4.07,4.07,47000,0
2016-03-01,07:25:00,4.07,4.07,4.06,4.06,2000,0
2016-03-01,07:35:00,4.07,4.07,4.07,4.07,1000,0
2016-03-01,07:40:00,4.07,4.08,4.06,4.08,4000,0
2016-03-01,08:00:00,4.07,4.07,4.06,4.07,6000,0
2016-03-01,08:05:00,4.07,4.07,4.06,4.06,2000,0
2016-03-01,08:15:00,4.07,4.08,4.07,4.08,3000,0
2016-03-01,08:20:00,4.08,4.08,4.07,4.07,2000,0
2016-03-01,08:35:00,4.07,4.08,4.07,4.08,2000,0
2016-03-01,08:40:00,4.08,4.08,4.07,4.07,2000,0
2016-03-01,08:45:00,4.07,4.08,4.07,4.08,3000,0
2016-03-01,08:50:00,4.08,4.08,4.08,4.08,2000,0
2016-03-01,08:55:00,4.08,4.08,4.08,4.08,1000,0
2016-03-01,09:00:00,4.08,4.08,4.06,4.07,21000,0
2016-03-02,02:35:00,4.1,4.2,4.07,4.2,33000,0
2016-03-02,02:40:00,4.2,4.2,4.2,4.2,1000,0
2016-03-02,02:45:00,4.2,4.2,4.16,4.2,5000,0
2016-03-02,02:50:00,4.2,4.2,4.11,4.11,30000,0
2016-03-02,02:55:00,4.11,4.11,4.11,4.11,2000,0
2016-03-02,03:05:00,4.11,4.11,4.11,4.11,8000,0
2016-03-02,03:10:00,4.11,4.12,4.1,4.12,30000,0
2016-03-02,03:15:00,4.12,4.12,4.1,4.1,2000,0
2016-03-02,03:20:00,4.1,4.17,4.1,4.17,82000,0
2016-03-02,03:30:00,4.15,4.15,4.13,4.13,3000,0
2016-03-02,03:45:00,4.12,4.12,4.1,4.1,4000,0
2016-03-02,03:50:00,4.1,4.11,4.1,4.11,3000,0
2016-03-02,04:00:00,4.11,4.11,4.11,4.11,1000,0
2016-03-02,04:05:00,4.11,4.11,4.1,4.11,5000,0
2016-03-02,04:10:00,4.11,4.13,4.11,4.13,8000,0
2016-03-02,04:15:00,4.13,4.14,4.13,4.14,39000,0
2016-03-02,04:30:00,4.14,4.14,4.13,4.13,19000,0
2016-03-02,04:35:00,4.13,4.13,4.13,4.13,1000,0
2016-03-02,04:45:00,4.13,4.13,4.12,4.12,2000,0
2016-03-02,04:50:00,4.12,4.12,4.12,4.12,1000,0
2016-03-02,05:00:00,4.12,4.13,4.12,4.12,6000,0
2016-03-02,06:05:00,4.12,4.12,4.12,4.12,6000,0
2016-03-02,06:10:00,4.11,4.11,4.1,4.1,5000,0
2016-03-02,06:15:00,4.1,4.11,4.1,4.11,6000,0
2016-03-02,06:25:00,4.11,4.12,4.11,4.12,2000,0
2016-03-02,06:35:00,4.12,4.12,4.11,4.11,2000,0
2016-03-02,06:50:00,4.11,4.12,4.11,4.12,2000,0
2016-03-02,06:55:00,4.12,4.12,4.12,4.12,1000,0
2016-03-02,07:00:00,4.12,4.12,4.12,4.12,9000,0
2016-03-02,07:15:00,4.12,4.13,4.12,4.13,14000,0
2016-03-02,07:20:00,4.13,4.13,4.12,4.12,2000,0
2016-03-02,07:30:00,4.12,4.12,4.11,4.11,5000,0
2016-03-02,07:35:00,4.11,4.13,4.11,4.13,140000,0
2016-03-02,07:40:00,4.14,4.14,4.14,4.14,30000,0
2016-03-02,07:45:00,4.14,4.14,4.12,4.12,2000,0
2016-03-02,07:50:00,4.12,4.12,4.12,4.12,6000,0
2016-03-02,07:55:00,4.12,4.12,4.12,4.12,4000,0
2016-03-02,08:00:00,4.12,4.12,4.11,4.11,12000,0
2016-03-02,08:05:00,4.11,4.11,4.1,4.1,10000,0
2016-03-02,08:10:00,4.1,4.1,4.1,4.1,8000,0
2016-03-02,08:15:00,4.1,4.1,4.1,4.1,7000,0
2016-03-02,08:20:00,4.1,4.1,4.1,4.1,8000,0
2016-03-02,08:30:00,4.1,4.12,4.07,4.12,48000,0
2016-03-02,08:35:00,4.12,4.12,4.12,4.12,4000,0
2016-03-02,08:40:00,4.12,4.12,4.11,4.12,7000,0
2016-03-02,08:45:00,4.12,4.12,4.11,4.11,10000,0
2016-03-02,08:50:00,4.11,4.11,4.11,4.11,3000,0
2016-03-02,08:55:00,4.11,4.11,4.1,4.1,5000,0
2016-03-02,09:00:00,4.1,4.13,4.1,4.12,36000,0
2016-03-03,02:35:00,4.18,4.18,4.12,4.18,2000,0
2016-03-03,04:00:00,4.17,4.18,4.16,4.18,29000,0
2016-03-03,04:15:00,4.18,4.18,4.16,4.16,2000,0
2016-03-03,04:30:00,4.16,4.16,4.16,4.16,6000,0
2016-03-03,04:35:00,4.16,4.18,4.16,4.18,60000,0
2016-03-03,04:50:00,4.18,4.19,4.16,4.19,6000,0
2016-03-03,07:15:00,4.18,4.18,4.17,4.18,8000,0
2016-03-03,09:00:00,4.18,4.2,4.17,4.2,22000,0
2016-03-04,02:35:00,4.2,4.2,4.2,4.2,1000,0
2016-03-04,02:40:00,4.2,4.2,4.2,4.2,2000,0
2016-03-04,02:45:00,4.2,4.2,4.11,4.11,51000,0
2016-03-04,03:05:00,4.15,4.19,4.15,4.19,2000,0
2016-03-04,03:25:00,4.19,4.19,4.19,4.19,2000,0
2016-03-04,03:50:00,4.19,4.19,4.15,4.19,45000,0
2016-03-04,04:00:00,4.19,4.19,4.14,4.16,4000,0
2016-03-04,04:05:00,4.16,4.19,4.16,4.19,3000,0
2016-03-04,06:25:00,4.19,4.19,4.15,4.15,83000,0
2016-03-04,06:30:00,4.15,4.19,4.15,4.19,16000,0
2016-03-04,06:35:00,4.19,4.19,4.15,4.15,4000,0
2016-03-04,06:40:00,4.15,4.18,4.15,4.18,4000,0
2016-03-04,06:45:00,4.18,4.18,4.14,4.16,54000,0
2016-03-04,07:05:00,4.17,4.17,4.17,4.17,1000,0
2016-03-04,07:10:00,4.17,4.19,4.17,4.18,6000,0
2016-03-04,07:15:00,4.18,4.19,4.18,4.19,2000,0
2016-03-04,07:25:00,4.19,4.19,4.19,4.19,1000,0
2016-03-04,07:35:00,4.18,4.19,4.18,4.19,3000,0
2016-03-04,08:00:00,4.19,4.19,4.19,4.19,1000,0
2016-03-04,08:05:00,4.19,4.19,4.19,4.19,4000,0
2016-03-04,08:10:00,4.19,4.19,4.19,4.19,3000,0
2016-03-04,08:20:00,4.19,4.19,4.18,4.18,5000,0
2016-03-04,08:40:00,4.18,4.18,4.18,4.18,6000,0
2016-03-04,09:00:00,4.18,4.2,4.13,4.2,129000,0
2016-03-07,02:40:00,4.2,4.2,4.2,4.2,33000,0
2016-03-07,02:45:00,4.2,4.2,4.2,4.2,10000,0
2016-03-07,02:55:00,4.2,4.2,4.2,4.2,12000,0
2016-03-07,03:15:00,4.2,4.2,4.19,4.19,12000,0
2016-03-07,03:40:00,4.19,4.19,4.19,4.19,1000,0
2016-03-07,03:55:00,4.19,4.19,4.19,4.19,1000,0
2016-03-07,04:00:00,4.19,4.2,4.19,4.2,3000,0
2016-03-07,04:35:00,4.21,4.21,4.2,4.2,5000,0
2016-03-07,04:40:00,4.2,4.2,4.19,4.2,87000,0
2016-03-07,04:50:00,4.2,4.2,4.15,4.15,2000,0
2016-03-07,05:00:00,4.15,4.15,4.15,4.15,2000,0
2016-03-07,06:05:00,4.17,4.17,4.17,4.17,1000,0
2016-03-07,06:10:00,4.17,4.17,4.17,4.17,1000,0
2016-03-07,06:15:00,4.17,4.17,4.15,4.15,2000,0
2016-03-07,06:20:00,4.16,4.17,4.16,4.17,2000,0
2016-03-07,06:45:00,4.17,4.17,4.15,4.15,22000,0
2016-03-07,06:50:00,4.15,4.15,4.1,4.15,85000,0
2016-03-07,06:55:00,4.15,4.15,4.13,4.13,2000,0
2016-03-07,07:00:00,4.13,4.13,4.13,4.13,1000,0
2016-03-07,07:15:00,4.13,4.13,4.11,4.12,24000,0
2016-03-07,07:20:00,4.12,4.13,4.12,4.13,4000,0
2016-03-07,07:35:00,4.13,4.13,4.13,4.13,18000,0
2016-03-07,07:40:00,4.13,4.13,4.13,4.13,24000,0
2016-03-07,07:45:00,4.13,4.13,4.12,4.13,7000,0
2016-03-07,07:55:00,4.13,4.13,4.12,4.13,5000,0
2016-03-07,08:00:00,4.13,4.13,4.12,4.13,117000,0
2016-03-07,08:05:00,4.1,4.13,4.1,4.13,26000,0
2016-03-07,08:20:00,4.13,4.13,4.13,4.13,2000,0
2016-03-07,08:50:00,4.13,4.13,4.13,4.13,5000,0
2016-03-07,08:55:00,4.13,4.13,4.13,4.13,1000,0
2016-03-07,09:00:00,4.13,4.13,4.12,4.12,11000,0
2016-03-08,02:35:00,4.15,4.16,4.14,4.16,6000,0
2016-03-08,03:20:00,4.16,4.16,4.13,4.16,5000,0
2016-03-08,03:25:00,4.16,4.2,4.14,4.2,16000,0
2016-03-08,03:30:00,4.2,4.23,4.2,4.21,43000,0
2016-03-08,03:35:00,4.21,4.21,4.18,4.18,14000,0
2016-03-08,03:40:00,4.18,4.18,4.18,4.18,5000,0
2016-03-08,03:45:00,4.18,4.19,4.18,4.19,10000,0
2016-03-08,03:50:00,4.19,4.19,4.19,4.19,3000,0
2016-03-08,03:55:00,4.19,4.19,4.19,4.19,5000,0
2016-03-08,04:10:00,4.19,4.24,4.19,4.19,6000,0
2016-03-08,04:15:00,4.19,4.19,4.19,4.19,2000,0
2016-03-08,04:30:00,4.19,4.19,4.19,4.19,2000,0
2016-03-08,04:35:00,4.19,4.19,4.19,4.19,12000,0
2016-03-08,04:40:00,4.19,4.21,4.18,4.21,50000,0
2016-03-08,04:45:00,4.21,4.21,4.19,4.19,8000,0
2016-03-08,04:50:00,4.19,4.21,4.19,4.21,5000,0
2016-03-08,04:55:00,4.21,4.24,4.21,4.23,8000,0
2016-03-08,06:05:00,4.23,4.29,4.21,4.23,34000,0
2016-03-08,06:10:00,4.23,4.23,4.22,4.22,8000,0
2016-03-08,06:45:00,4.22,4.22,4.17,4.2,56000,0
2016-03-08,06:50:00,4.2,4.2,4.17,4.17,4000,0
2016-03-08,07:05:00,4.17,4.17,4.17,4.17,2000,0
2016-03-08,07:10:00,4.17,4.17,4.17,4.17,2000,0
2016-03-08,07:15:00,4.17,4.17,4.17,4.17,6000,0
2016-03-08,07:20:00,4.17,4.21,4.17,4.18,9000,0
2016-03-08,07:30:00,4.18,4.18,4.18,4.18,1000,0
2016-03-08,07:40:00,4.18,4.19,4.17,4.18,59000,0
2016-03-08,07:45:00,4.18,4.18,4.17,4.17,6000,0
2016-03-08,07:50:00,4.17,4.18,4.17,4.18,5000,0
2016-03-08,07:55:00,4.18,4.18,4.17,4.18,14000,0
2016-03-08,08:00:00,4.18,4.18,4.17,4.18,11000,0
2016-03-08,08:05:00,4.18,4.18,4.17,4.18,5000,0
2016-03-08,08:10:00,4.18,4.18,4.17,4.18,11000,0
2016-03-08,08:15:00,4.18,4.18,4.17,4.17,6000,0
2016-03-08,08:20:00,4.17,4.18,4.17,4.18,3000,0
2016-03-08,08:30:00,4.18,4.18,4.18,4.18,4000,0
2016-03-08,08:35:00,4.18,4.18,4.17,4.18,5000,0
2016-03-08,08:45:00,4.18,4.18,4.18,4.18,2000,0
2016-03-08,08:50:00,4.18,4.18,4.17,4.18,4000,0
2016-03-08,08:55:00,4.18,4.19,4.17,4.19,41000,0
2016-03-08,09:00:00,4.19,4.21,4.17,4.2,84000,0
2016-03-09,04:00:00,4.2,4.2,4.14,4.17,100000,0
2016-03-09,04:05:00,4.17,4.17,4.14,4.17,8000,0
2016-03-09,04:10:00,4.16,4.16,4.16,4.16,11000,0
2016-03-09,04:20:00,4.16,4.16,4.15,4.15,2000,0
2016-03-09,04:25:00,4.15,4.2,4.15,4.16,9000,0
2016-03-09,04:30:00,4.16,4.19,4.16,4.16,6000,0
2016-03-09,04:35:00,4.16,4.16,4.16,4.16,3000,0
2016-03-09,06:55:00,4.15,4.15,4.11,4.11,19000,0
2016-03-09,07:05:00,4.11,4.13,4.11,4.13,5000,0
2016-03-09,07:10:00,4.13,4.13,4.11,4.11,26000,0
2016-03-09,07:20:00,4.11,4.11,4.11,4.11,2000,0
2016-03-09,07:40:00,4.11,4.12,4.1,4.11,19000,0
2016-03-09,07:50:00,4.11,4.11,4.11,4.11,37000,0
2016-03-09,07:55:00,4.11,4.12,4.11,4.12,6000,0
2016-03-09,08:05:00,4.12,4.12,4.11,4.11,4000,0
2016-03-09,08:10:00,4.11,4.11,4.11,4.11,2000,0
2016-03-09,08:15:00,4.11,4.11,4.11,4.11,2000,0
2016-03-09,08:20:00,4.11,4.11,4.11,4.11,3000,0
2016-03-09,08:25:00,4.11,4.11,4.11,4.11,2000,0
2016-03-09,08:40:00,4.08,4.14,4.08,4.14,47000,0
2016-03-09,08:50:00,4.14,4.18,4.14,4.14,64000,0
2016-03-09,08:55:00,4.14,4.14,4.14,4.14,6000,0
2016-03-09,09:00:00,4.15,4.15,4.15,4.15,1000,0
2016-03-10,03:20:00,4.19,4.19,4.15,4.19,4000,0
2016-03-10,06:10:00,4.18,4.18,4.18,4.18,4000,0
2016-03-10,06:15:00,4.13,4.13,4.11,4.11,2000,0
2016-03-10,06:20:00,4.11,4.13,4.11,4.13,2000,0
2016-03-10,06:40:00,4.08,4.09,4.08,4.09,8000,0
2016-03-10,07:45:00,4.11,4.11,4.11,4.11,1000,0
2016-03-10,08:25:00,4.11,4.12,4.1,4.12,17000,0
2016-03-10,08:30:00,4.12,4.12,4.1,4.1,4000,0
2016-03-10,08:40:00,4.1,4.1,4.09,4.09,28000,0
2016-03-10,08:45:00,4.09,4.09,4.09,4.09,1000,0
2016-03-11,02:35:00,4.1,4.2,4,4.1,255000,0
2016-03-11,03:05:00,4.11,4.12,4.11,4.12,2000,0
2016-03-11,03:10:00,4.12,4.12,4.1,4.1,6000,0
2016-03-11,03:15:00,4.1,4.1,4.1,4.1,2000,0
2016-03-11,03:25:00,4.1,4.1,4.1,4.1,2000,0
2016-03-11,03:30:00,4.1,4.1,4.1,4.1,4000,0
2016-03-11,03:35:00,4.1,4.1,4.1,4.1,3000,0
2016-03-11,03:40:00,4.1,4.1,4.1,4.1,2000,0
2016-03-11,03:45:00,4.1,4.1,4.1,4.1,1000,0
2016-03-11,03:50:00,4.1,4.1,4.1,4.1,1000,0
2016-03-11,03:55:00,4.1,4.1,4.1,4.1,5000,0
2016-03-11,04:00:00,4.1,4.1,4.1,4.1,3000,0
2016-03-11,04:05:00,4.1,4.1,4.07,4.07,2000,0
2016-03-11,04:10:00,4.07,4.07,4.07,4.07,1000,0
2016-03-11,04:15:00,4.07,4.07,4.07,4.07,1000,0
2016-03-11,04:20:00,4.07,4.07,4.07,4.07,1000,0
2016-03-11,04:25:00,4.07,4.07,4.07,4.07,2000,0
2016-03-11,04:30:00,4.07,4.07,4.07,4.07,1000,0
2016-03-11,04:35:00,4.07,4.07,4.07,4.07,2000,0
2016-03-11,04:40:00,4.07,4.07,4.07,4.07,1000,0
2016-03-11,04:45:00,4.07,4.07,4.07,4.07,2000,0
2016-03-11,04:50:00,4.07,4.07,4.07,4.07,1000,0
2016-03-11,04:55:00,4.07,4.07,4.07,4.07,1000,0
2016-03-11,06:05:00,4.07,4.07,4.07,4.07,2000,0
2016-03-11,06:10:00,4.07,4.07,4.07,4.07,1000,0
2016-03-11,06:15:00,4.07,4.07,4.07,4.07,3000,0
2016-03-11,06:20:00,4.07,4.07,4.07,4.07,2000,0
2016-03-11,06:25:00,4.07,4.11,4.07,4.07,8000,0
2016-03-11,06:30:00,4.07,4.07,4.07,4.07,3000,0
2016-03-11,06:35:00,4.07,4.07,4.07,4.07,7000,0
2016-03-11,06:40:00,4.07,4.07,4.06,4.07,9000,0
2016-03-11,06:45:00,4.07,4.07,4.07,4.07,7000,0
2016-03-11,06:55:00,4.07,4.07,4.07,4.07,3000,0
2016-03-11,07:00:00,4.07,4.07,4.07,4.07,6000,0
2016-03-11,07:05:00,4.07,4.07,4.07,4.07,10000,0
2016-03-11,07:10:00,4.07,4.07,4.07,4.07,4000,0
2016-03-11,07:15:00,4.07,4.07,4.07,4.07,4000,0
2016-03-11,07:20:00,4.07,4.07,4.07,4.07,6000,0
2016-03-11,07:25:00,4.07,4.07,4.05,4.07,4000,0
2016-03-11,07:30:00,4.07,4.07,4.07,4.07,5000,0
2016-03-11,07:35:00,4.07,4.07,4.07,4.07,5000,0
2016-03-11,07:40:00,4.07,4.07,4.07,4.07,4000,0
2016-03-11,07:45:00,4.07,4.1,4.07,4.07,11000,0
2016-03-11,07:50:00,4.07,4.07,4.07,4.07,3000,0
2016-03-11,07:55:00,4.07,4.07,4.07,4.07,6000,0
2016-03-11,08:00:00,4.07,4.07,4.07,4.07,6000,0
2016-03-11,08:05:00,4.07,4.07,4.07,4.07,7000,0
2016-03-11,08:10:00,4.07,4.07,4.07,4.07,5000,0
2016-03-11,08:15:00,4.07,4.07,4.07,4.07,2000,0
2016-03-11,08:20:00,4.07,4.07,4.07,4.07,7000,0
2016-03-11,08:30:00,4.07,4.07,4.07,4.07,6000,0
2016-03-11,08:35:00,4.07,4.09,4.07,4.09,11000,0
2016-03-11,08:40:00,4.09,4.1,4.09,4.1,39000,0
2016-03-11,08:45:00,4.1,4.15,4.1,4.11,27000,0
2016-03-11,08:50:00,4.11,4.11,4.09,4.09,7000,0
2016-03-11,08:55:00,4.09,4.09,4.09,4.09,10000,0
2016-03-11,09:00:00,4.09,4.11,4.09,4.1,31000,0
2016-03-14,02:55:00,4.1,4.19,4.1,4.19,2000,0
2016-03-14,03:20:00,4.19,4.19,4.19,4.19,2000,0
2016-03-14,03:30:00,4.19,4.2,4.19,4.19,30000,0
2016-03-14,03:40:00,4.19,4.19,4.14,4.14,2000,0
2016-03-14,03:45:00,4.16,4.16,4.16,4.16,1000,0
2016-03-14,03:55:00,4.18,4.2,4.18,4.2,4000,0
2016-03-14,04:05:00,4.2,4.23,4.16,4.23,53000,0
2016-03-14,04:10:00,4.24,4.24,4.24,4.24,1000,0
2016-03-14,04:20:00,4.24,4.24,4.24,4.24,1000,0
2016-03-14,04:30:00,4.24,4.24,4.24,4.24,1000,0
2016-03-14,04:35:00,4.26,4.26,4.26,4.26,4000,0
2016-03-14,05:00:00,4.25,4.25,4.25,4.25,2000,0
2016-03-14,06:05:00,4.25,4.25,4.21,4.21,4000,0
2016-03-14,06:10:00,4.24,4.24,4.22,4.22,4000,0
2016-03-14,06:40:00,4.22,4.22,4.21,4.22,8000,0
2016-03-14,06:45:00,4.22,4.22,4.2,4.2,7000,0
2016-03-14,06:50:00,4.2,4.21,4.2,4.21,19000,0
2016-03-14,07:00:00,4.21,4.21,4.2,4.2,3000,0
2016-03-14,07:10:00,4.2,4.21,4.2,4.21,3000,0
2016-03-14,07:25:00,4.21,4.21,4.2,4.21,4000,0
2016-03-14,07:35:00,4.21,4.21,4.2,4.2,2000,0
2016-03-14,07:40:00,4.2,4.21,4.2,4.21,4000,0
2016-03-14,07:55:00,4.21,4.21,4.2,4.2,3000,0
2016-03-14,08:10:00,4.2,4.21,4.2,4.21,2000,0
2016-03-14,08:15:00,4.21,4.21,4.21,4.21,1000,0
2016-03-14,08:20:00,4.21,4.21,4.21,4.21,1000,0
2016-03-14,08:30:00,4.21,4.21,4.2,4.21,5000,0
2016-03-14,08:40:00,4.21,4.21,4.2,4.2,5700,0
2016-03-14,08:45:00,4.2,4.21,4.2,4.21,2000,0
2016-03-14,08:50:00,4.21,4.21,4.2,4.2,79000,0
2016-03-14,08:55:00,4.2,4.21,4.2,4.21,23000,0
2016-03-14,09:00:00,4.21,4.21,4.2,4.2,18000,0
2016-03-15,04:00:00,4.11,4.15,4.11,4.11,6000,0
2016-03-15,04:10:00,4.11,4.11,4.11,4.11,1000,0
2016-03-15,04:35:00,4.11,4.11,4.11,4.11,5000,0
2016-03-15,04:40:00,4.11,4.11,4.11,4.11,1000,0
2016-03-15,06:05:00,4.11,4.11,4.07,4.08,9000,0
2016-03-15,06:15:00,4.09,4.11,4.09,4.11,9000,0
2016-03-15,06:20:00,4.11,4.11,4.11,4.11,4000,0
2016-03-15,06:25:00,4.11,4.11,4.11,4.11,3000,0
2016-03-15,06:35:00,4.11,4.12,4.11,4.12,12000,0
2016-03-15,06:40:00,4.11,4.11,4.09,4.1,51000,0
2016-03-15,06:45:00,4.1,4.1,4.1,4.1,21000,0
2016-03-15,06:50:00,4.11,4.11,4.11,4.11,7000,0
2016-03-15,07:35:00,4.11,4.11,4.11,4.11,1000,0
2016-03-15,07:40:00,4.11,4.11,4.1,4.1,38000,0
2016-03-15,07:50:00,4.1,4.11,4.1,4.11,4000,0
2016-03-15,07:55:00,4.11,4.11,4.08,4.1,106000,0
2016-03-15,08:00:00,4.1,4.1,4.1,4.1,84000,0
2016-03-15,08:15:00,4.1,4.11,4.1,4.11,22000,0
2016-03-15,08:35:00,4.11,4.11,4.11,4.11,15000,0
2016-03-15,08:40:00,4.11,4.12,4.11,4.11,24000,0
2016-03-15,08:45:00,4.11,4.13,4.11,4.13,2000,0
2016-03-15,08:50:00,4.13,4.13,4.11,4.11,2000,0
2016-03-15,09:00:00,4.11,4.11,4.1,4.11,151000,0
2016-03-16,08:40:00,4.14,4.14,4.12,4.14,3000,0
2016-03-16,09:00:00,4.14,4.14,4.14,4.14,4000,0
2016-03-17,02:55:00,4.14,4.14,4.13,4.13,2000,0
2016-03-17,03:20:00,4.13,4.13,4.13,4.13,1000,0
2016-03-17,03:40:00,4.09,4.14,4.09,4.14,127000,0
2016-03-17,04:05:00,4.14,4.15,4.14,4.15,7000,0
2016-03-17,04:15:00,4.17,4.17,4.15,4.17,24000,0
2016-03-17,04:35:00,4.18,4.18,4.18,4.18,1000,0
2016-03-17,04:40:00,4.18,4.18,4.18,4.18,1000,0
2016-03-17,04:45:00,4.18,4.18,4.18,4.18,1000,0
2016-03-17,05:00:00,4.18,4.2,4.18,4.2,2000,0
2016-03-17,06:35:00,4.2,4.2,4.15,4.15,10000,0
2016-03-17,06:40:00,4.15,4.15,4.15,4.15,1000,0
2016-03-17,06:55:00,4.15,4.15,4.15,4.15,12000,0
2016-03-17,08:55:00,4.15,4.2,4.15,4.2,2000,0
2016-03-17,09:00:00,4.2,4.2,4.13,4.19,6000,0
2016-03-18,06:05:00,4.1,4.11,4.1,4.11,2000,0
2016-03-18,06:10:00,4.11,4.14,4.11,4.14,4000,0
2016-03-18,07:45:00,4.14,4.14,4.14,4.14,1000,0
2016-03-18,09:00:00,4.14,4.2,4.13,4.2,57000,0
2016-03-21,03:05:00,4.2,4.2,4.19,4.19,57000,0
2016-03-21,03:10:00,4.19,4.2,4.19,4.2,2000,0
2016-03-21,03:15:00,4.2,4.2,4.18,4.18,4000,0
2016-03-21,03:40:00,4.14,4.2,4.14,4.2,2000,0
2016-03-21,04:00:00,4.2,4.2,4.2,4.2,1000,0
2016-03-21,04:05:00,4.2,4.2,4.19,4.2,5000,0
2016-03-21,04:10:00,4.2,4.2,4.2,4.2,1000,0
2016-03-21,04:45:00,4.2,4.2,4.2,4.2,1000,0
2016-03-21,04:55:00,4.2,4.2,4.2,4.2,1000,0
2016-03-21,06:05:00,4.2,4.2,4.2,4.2,1000,0
2016-03-21,06:10:00,4.2,4.2,4.15,4.17,14000,0
2016-03-21,06:30:00,4.17,4.17,4.17,4.17,1000,0
2016-03-21,06:45:00,4.17,4.2,4.17,4.2,2000,0
2016-03-21,07:15:00,4.2,4.2,4.2,4.2,1000,0
2016-03-21,07:45:00,4.19,4.19,4.19,4.19,2000,0
2016-03-21,07:55:00,4.19,4.2,4.19,4.2,2000,0
2016-03-21,08:00:00,4.2,4.2,4.19,4.2,10000,0
2016-03-21,08:15:00,4.2,4.2,4.15,4.17,223000,0
2016-03-21,08:50:00,4.17,4.19,4.17,4.19,2000,0
2016-03-21,08:55:00,4.19,4.2,4.16,4.2,4000,0
2016-03-21,09:00:00,4.2,4.2,4.17,4.2,4000,0
2016-03-22,02:35:00,4.18,4.18,4.18,4.18,6000,0
2016-03-22,03:10:00,4.15,4.15,4.1,4.1,3000,0
2016-03-22,03:15:00,4.11,4.11,4.1,4.1,8000,0
2016-03-22,03:20:00,4.1,4.1,4.05,4.05,3000,0
2016-03-22,03:25:00,4.05,4.05,4.05,4.05,3000,0
2016-03-22,03:30:00,4.05,4.05,4.05,4.05,2000,0
2016-03-22,03:35:00,4.05,4.05,4.05,4.05,2000,0
2016-03-22,03:40:00,4.05,4.06,4.05,4.06,4000,0
2016-03-22,03:45:00,4.07,4.07,4.07,4.07,2000,0
2016-03-22,03:50:00,4.07,4.08,4.07,4.08,3000,0
2016-03-22,03:55:00,4.08,4.08,4.07,4.07,3000,0
2016-03-22,04:00:00,4.07,4.07,4.06,4.06,4000,0
2016-03-22,04:05:00,4.06,4.07,4.06,4.07,4000,0
2016-03-22,04:10:00,4.07,4.1,4.06,4.07,7000,0
2016-03-22,04:15:00,4.07,4.07,4.06,4.06,4000,0
2016-03-22,04:20:00,4.06,4.1,4.06,4.1,4000,0
2016-03-22,04:25:00,4.1,4.1,4.06,4.07,4000,0
2016-03-22,04:30:00,4.07,4.07,4.06,4.06,4000,0
2016-03-22,04:35:00,4.06,4.06,4.06,4.06,2000,0
2016-03-22,04:40:00,4.06,4.06,4.06,4.06,2000,0
2016-03-22,04:45:00,4.07,4.07,4.07,4.07,2000,0
2016-03-22,04:50:00,4.07,4.07,4.06,4.07,5000,0
2016-03-22,04:55:00,4.07,4.07,4.06,4.06,3000,0
2016-03-22,05:00:00,4.06,4.06,4.06,4.06,2000,0
2016-03-22,06:05:00,4.07,4.07,4.07,4.07,3000,0
2016-03-22,06:10:00,4.07,4.07,4.06,4.06,3000,0
2016-03-22,06:15:00,4.06,4.06,4.06,4.06,2000,0
2016-03-22,06:20:00,4.06,4.06,4.06,4.06,2000,0
2016-03-22,06:25:00,4.06,4.06,4.06,4.06,3000,0
2016-03-22,06:30:00,4.06,4.1,4.06,4.06,5000,0
2016-03-22,06:35:00,4.06,4.07,4.06,4.07,3000,0
2016-03-22,06:40:00,4.07,4.07,4.07,4.07,3000,0
2016-03-22,06:45:00,4.07,4.1,4.07,4.1,14000,0
2016-03-22,06:50:00,4.1,4.1,4.07,4.07,3000,0
2016-03-22,06:55:00,4.07,4.07,4.07,4.07,3000,0
2016-03-22,07:00:00,4.07,4.1,4.07,4.07,5000,0
2016-03-22,07:05:00,4.07,4.07,4.07,4.07,2000,0
2016-03-22,07:10:00,4.07,4.07,4.07,4.07,2000,0
2016-03-22,07:15:00,4.07,4.07,4.07,4.07,3000,0
2016-03-22,07:20:00,4.07,4.07,4.07,4.07,2000,0
2016-03-22,07:25:00,4.07,4.07,4.07,4.07,2000,0
2016-03-22,07:30:00,4.07,4.07,4.07,4.07,18000,0
2016-03-22,07:35:00,4.07,4.07,4.07,4.07,2000,0
2016-03-22,07:40:00,4.07,4.08,4.07,4.08,4000,0
2016-03-22,07:45:00,4.08,4.08,4.07,4.07,4000,0
2016-03-22,07:50:00,4.07,4.07,4.07,4.07,2000,0
2016-03-22,07:55:00,4.07,4.07,4.07,4.07,12000,0
2016-03-22,08:00:00,4.07,4.07,4.07,4.07,2000,0
2016-03-22,08:05:00,4.07,4.07,4.07,4.07,16000,0
2016-03-22,08:10:00,4.07,4.07,4.06,4.06,3000,0
2016-03-22,08:15:00,4.06,4.06,4.06,4.06,2000,0
2016-03-22,08:20:00,4.06,4.06,4.06,4.06,3000,0
2016-03-22,08:25:00,4.06,4.08,4.06,4.06,5000,0
2016-03-22,08:30:00,4.06,4.06,4.06,4.06,2000,0
2016-03-22,08:35:00,4.06,4.06,4.06,4.06,4000,0
2016-03-22,08:40:00,4.07,4.07,4.07,4.07,2000,0
2016-03-22,08:45:00,4.07,4.08,4.07,4.07,5000,0
2016-03-22,08:50:00,4.07,4.07,4.06,4.06,21000,0
2016-03-22,09:00:00,4.06,4.07,4.06,4.07,31000,0
2016-03-23,02:35:00,4.1,4.1,4.07,4.1,2000,0
2016-03-23,02:45:00,4.09,4.09,4.08,4.08,4000,0
2016-03-23,04:15:00,4.08,4.1,4.08,4.1,14000,0
2016-03-23,04:20:00,4.1,4.1,4.08,4.08,7000,0
2016-03-23,04:25:00,4.08,4.1,4.08,4.1,2000,0
2016-03-23,06:05:00,4.09,4.09,4.09,4.09,1000,0
2016-03-23,06:20:00,4.09,4.09,4.08,4.08,10000,0
2016-03-23,06:55:00,4.08,4.08,4.07,4.07,2000,0
2016-03-23,07:00:00,4.07,4.08,4.07,4.08,14000,0
2016-03-23,07:05:00,4.08,4.08,4.07,4.07,2000,0
2016-03-23,07:10:00,4.07,4.07,4.07,4.07,5000,0
2016-03-23,07:20:00,4.07,4.09,4.07,4.09,7000,0
2016-03-23,07:25:00,4.09,4.09,4.07,4.07,3000,0
2016-03-23,07:40:00,4.07,4.07,4.07,4.07,1000,0
2016-03-23,08:50:00,4.06,4.07,4.06,4.07,6000,0
2016-03-24,02:40:00,4.06,4.06,4.06,4.06,8000,0
2016-03-24,03:55:00,4.06,4.06,4.06,4.06,1000,0
2016-03-24,04:25:00,4.06,4.06,4.06,4.06,2000,0
2016-03-24,04:40:00,4.06,4.06,4.05,4.05,14000,0
2016-03-24,04:50:00,4.05,4.06,4.05,4.06,4000,0
2016-03-24,04:55:00,4.06,4.06,4.05,4.05,2000,0
2016-03-24,06:05:00,4.05,4.06,4.05,4.05,5000,0
2016-03-24,06:10:00,4.05,4.05,4.05,4.05,3000,0
2016-03-24,07:05:00,4.05,4.06,4.05,4.05,33000,0
2016-03-24,07:10:00,4.05,4.06,4.05,4.06,9000,0
2016-03-24,07:15:00,4.06,4.08,4.06,4.08,2000,0
2016-03-24,07:30:00,4.08,4.08,4.08,4.08,1000,0
2016-03-24,07:35:00,4.08,4.08,4.05,4.05,118000,0
2016-03-24,07:45:00,4.05,4.06,4.05,4.06,3000,0
2016-03-24,07:50:00,4.06,4.06,4.06,4.06,6000,0
2016-03-24,07:55:00,4.06,4.06,4.05,4.05,2003000,0
2016-03-24,08:10:00,4.05,4.08,4.05,4.07,3000,0
2016-03-24,08:15:00,4.07,4.07,4.05,4.05,5000,0
2016-03-24,08:20:00,4.05,4.07,4.05,4.07,4000,0
2016-03-24,08:30:00,4.07,4.07,4.07,4.07,3000,0
2016-03-24,08:35:00,4.07,4.07,4.05,4.05,10000,0
2016-03-24,08:55:00,4.05,4.06,4.05,4.06,1607000,0
2016-03-24,09:00:00,4.06,4.06,4.03,4.06,11000,0
2016-03-29,03:35:00,4,4,3.99,3.99,3000,0
2016-03-29,03:55:00,3.96,3.96,3.94,3.94,6000,0
2016-03-29,04:05:00,3.91,3.91,3.91,3.91,2000,0
2016-03-29,04:10:00,3.91,3.92,3.9,3.9,23000,0
2016-03-29,04:15:00,3.9,3.91,3.9,3.91,9000,0
2016-03-29,04:40:00,3.91,3.91,3.91,3.91,9000,0
2016-03-29,05:20:00,3.91,3.92,3.91,3.92,4000,0
2016-03-29,05:30:00,3.92,3.92,3.92,3.92,3000,0
2016-03-29,05:35:00,3.92,3.92,3.9,3.9,5000,0
2016-03-29,05:55:00,3.9,3.9,3.9,3.9,1000,0
2016-03-29,06:00:00,3.9,3.91,3.9,3.91,2000,0
2016-03-29,07:05:00,3.91,3.91,3.9,3.9,2000,0
2016-03-29,07:10:00,3.9,3.91,3.9,3.91,3000,0
2016-03-29,07:15:00,3.91,3.91,3.91,3.91,1000,0
2016-03-29,07:25:00,3.91,3.91,3.91,3.91,1000,0
2016-03-29,07:35:00,3.91,3.91,3.9,3.9,80000,0
2016-03-29,08:20:00,3.9,3.9,3.88,3.88,53000,0
2016-03-29,08:25:00,3.88,3.88,3.88,3.88,1000,0
2016-03-29,08:30:00,3.88,3.88,3.87,3.87,1036000,0
2016-03-29,08:35:00,3.87,3.87,3.86,3.86,9000,0
2016-03-29,09:00:00,3.85,3.85,3.85,3.85,5000,0
2016-03-29,09:10:00,3.85,3.85,3.85,3.85,4000,0
2016-03-29,09:30:00,3.85,3.85,3.85,3.85,1000,0
2016-03-29,09:45:00,3.85,3.85,3.85,3.85,6000,0
2016-03-29,09:55:00,3.85,3.85,3.85,3.85,1000,0
2016-03-29,10:00:00,3.85,3.85,3.83,3.83,28000,0
2016-03-30,03:35:00,3.83,3.85,3.83,3.85,6000,0
2016-03-30,03:40:00,3.85,3.86,3.85,3.86,5000,0
2016-03-30,03:45:00,3.86,3.86,3.86,3.86,2000,0
2016-03-30,03:50:00,3.86,3.88,3.86,3.88,17000,0
2016-03-30,03:55:00,3.88,3.88,3.86,3.86,42000,0
2016-03-30,04:00:00,3.86,3.86,3.79,3.8,66000,0
2016-03-30,04:10:00,3.82,3.85,3.82,3.85,16000,0
2016-03-30,04:15:00,3.85,3.86,3.85,3.86,8000,0
2016-03-30,04:55:00,3.86,3.88,3.86,3.88,4000,0
2016-03-30,05:00:00,3.88,3.88,3.88,3.88,5000,0
2016-03-30,05:20:00,3.88,3.88,3.87,3.87,2000,0
2016-03-30,05:30:00,3.87,3.87,3.87,3.87,22000,0
2016-03-30,05:50:00,3.87,3.87,3.87,3.87,20000,0
2016-03-30,07:10:00,3.87,3.87,3.86,3.86,9000,0
2016-03-30,08:40:00,3.86,3.87,3.86,3.87,8000,0
2016-03-30,09:00:00,3.87,3.87,3.86,3.86,19000,0
2016-03-30,09:05:00,3.86,3.87,3.86,3.87,129000,0
2016-03-30,09:10:00,3.87,3.88,3.87,3.88,10000,0
2016-03-30,09:20:00,3.88,3.89,3.88,3.89,38000,0
2016-03-30,09:35:00,3.89,3.9,3.89,3.9,48000,0
2016-03-30,10:00:00,3.9,3.9,3.89,3.89,44000,0
2016-03-31,04:05:00,3.86,3.86,3.83,3.83,4000,0
2016-03-31,04:10:00,3.85,3.85,3.85,3.85,3000,0
2016-03-31,04:15:00,3.85,3.85,3.85,3.85,2000,0
2016-03-31,04:20:00,3.85,3.86,3.85,3.85,34000,0
2016-03-31,04:30:00,3.85,3.85,3.85,3.85,1000,0
2016-03-31,04:40:00,3.85,3.85,3.84,3.84,3000,0
2016-03-31,04:45:00,3.84,3.85,3.84,3.85,26000,0
2016-03-31,04:50:00,3.85,3.85,3.85,3.85,10000,0
2016-03-31,04:55:00,3.85,3.88,3.85,3.88,2000,0
2016-03-31,05:00:00,3.88,3.88,3.86,3.86,2000,0
2016-03-31,05:20:00,3.86,3.86,3.84,3.84,12000,0
2016-03-31,05:25:00,3.84,3.85,3.84,3.85,4002000,0
2016-03-31,05:30:00,3.85,3.86,3.85,3.86,67000,0
2016-03-31,05:35:00,3.86,3.86,3.86,3.86,2000,0
2016-03-31,05:40:00,3.86,3.86,3.85,3.85,20000,0
2016-03-31,05:45:00,3.85,3.85,3.85,3.85,5000,0
2016-03-31,05:55:00,3.85,3.85,3.85,3.85,20000,0
2016-03-31,07:05:00,3.85,3.85,3.84,3.84,2000,0
2016-03-31,07:10:00,3.84,3.85,3.84,3.85,2000,0
2016-03-31,07:25:00,3.85,3.85,3.85,3.85,13000,0
2016-03-31,07:45:00,3.85,3.85,3.84,3.84,12000,0
2016-03-31,07:55:00,3.84,3.84,3.84,3.84,1000,0
2016-03-31,08:00:00,3.84,3.84,3.84,3.84,2000,0
2016-03-31,08:05:00,3.84,3.84,3.84,3.84,3000,0
2016-03-31,08:20:00,3.84,3.84,3.84,3.84,5000,0
2016-03-31,08:25:00,3.84,3.84,3.84,3.84,1000,0
2016-03-31,08:30:00,3.84,3.85,3.84,3.85,2000,0
2016-03-31,08:40:00,3.85,3.85,3.84,3.84,3000,0
2016-03-31,08:45:00,3.84,3.84,3.84,3.84,2000,0
2016-03-31,08:55:00,3.84,3.84,3.84,3.84,1000,0
2016-03-31,09:00:00,3.84,3.84,3.84,3.84,3000,0
2016-03-31,09:05:00,3.84,3.84,3.83,3.83,4000,0
2016-03-31,09:10:00,3.83,3.83,3.83,3.83,1000,0
2016-03-31,09:15:00,3.83,3.83,3.83,3.83,14000,0
2016-03-31,09:20:00,3.83,3.83,3.83,3.83,2000,0
2016-03-31,09:25:00,3.83,3.83,3.83,3.83,1000,0
2016-03-31,09:30:00,3.83,3.83,3.82,3.83,31000,0
2016-03-31,09:35:00,3.83,3.84,3.83,3.84,9000,0
2016-03-31,09:45:00,3.84,3.84,3.83,3.83,2000,0
2016-03-31,09:50:00,3.83,3.83,3.83,3.83,17000,0
2016-03-31,09:55:00,3.83,3.83,3.83,3.83,1000,0
2016-03-31,10:00:00,3.83,3.83,3.82,3.83,41000,0
2016-04-01,03:35:00,3.86,3.86,3.8,3.8,7000,0
2016-04-01,03:45:00,3.8,3.8,3.78,3.78,3000,0
2016-04-01,03:50:00,3.78,3.79,3.78,3.79,5000,0
2016-04-01,03:55:00,3.79,3.79,3.78,3.78,2000,0
2016-04-01,04:00:00,3.78,3.78,3.78,3.78,2000,0
2016-04-01,04:05:00,3.78,3.78,3.78,3.78,2000,0
2016-04-01,04:10:00,3.78,3.78,3.78,3.78,2000,0
2016-04-01,04:15:00,3.78,3.78,3.78,3.78,1000,0
2016-04-01,04:20:00,3.78,3.78,3.78,3.78,3000,0
2016-04-01,04:25:00,3.78,3.78,3.77,3.77,10000,0
2016-04-01,04:30:00,3.77,3.77,3.77,3.77,19000,0
2016-04-01,04:35:00,3.77,3.77,3.73,3.73,10000,0
2016-04-01,04:40:00,3.73,3.76,3.71,3.71,8000,0
2016-04-01,04:50:00,3.71,3.73,3.71,3.73,7000,0
2016-04-01,04:55:00,3.73,3.74,3.73,3.74,4000,0
2016-04-01,05:00:00,3.74,3.74,3.74,3.74,2000,0
2016-04-01,05:05:00,3.72,3.72,3.72,3.72,3000,0
2016-04-01,05:10:00,3.72,3.72,3.72,3.72,5000,0
2016-04-01,05:15:00,3.72,3.72,3.72,3.72,2000,0
2016-04-01,05:20:00,3.72,3.72,3.72,3.72,3000,0
2016-04-01,05:25:00,3.72,3.72,3.72,3.72,1000,0
2016-04-01,05:30:00,3.72,3.72,3.72,3.72,2000,0
2016-04-01,05:35:00,3.72,3.72,3.72,3.72,2000,0
2016-04-01,05:40:00,3.72,3.72,3.72,3.72,3000,0
2016-04-01,05:45:00,3.72,3.72,3.71,3.72,7000,0
2016-04-01,05:50:00,3.72,3.72,3.72,3.72,1000,0
2016-04-01,05:55:00,3.72,3.73,3.72,3.73,4000,0
2016-04-01,06:00:00,3.73,3.73,3.72,3.72,2000,0
2016-04-01,07:05:00,3.73,3.76,3.73,3.76,17000,0
2016-04-01,07:10:00,3.74,3.74,3.72,3.72,5000,0
2016-04-01,07:15:00,3.72,3.74,3.72,3.74,17000,0
2016-04-01,07:25:00,3.74,3.74,3.74,3.74,1000,0
2016-04-01,07:30:00,3.74,3.74,3.74,3.74,1000,0
2016-04-01,07:35:00,3.74,3.74,3.72,3.72,4000,0
2016-04-01,07:40:00,3.72,3.72,3.72,3.72,2000,0
2016-04-01,07:45:00,3.72,3.72,3.72,3.72,3000,0
2016-04-01,07:50:00,3.72,3.72,3.72,3.72,2000,0
2016-04-01,07:55:00,3.72,3.72,3.72,3.72,1000,0
2016-04-01,08:00:00,3.72,3.72,3.72,3.72,3000,0
2016-04-01,08:05:00,3.72,3.72,3.72,3.72,1000,0
2016-04-01,08:10:00,3.72,3.72,3.71,3.71,4000,0
2016-04-01,08:15:00,3.71,3.73,3.71,3.73,19000,0
2016-04-01,08:20:00,3.73,3.73,3.71,3.71,4000,0
2016-04-01,08:25:00,3.71,3.71,3.71,3.71,1000,0
2016-04-01,08:30:00,3.71,3.71,3.71,3.71,2000,0
2016-04-01,08:35:00,3.71,3.76,3.71,3.76,70000,0
2016-04-01,08:40:00,3.76,3.76,3.72,3.72,6000,0
2016-04-01,08:45:00,3.72,3.73,3.72,3.73,5000,0
2016-04-01,08:50:00,3.73,3.73,3.72,3.72,7000,0
2016-04-01,08:55:00,3.72,3.73,3.72,3.73,5000,0
2016-04-01,09:00:00,3.73,3.73,3.73,3.73,3000,0
2016-04-01,09:05:00,3.73,3.73,3.73,3.73,3000,0
2016-04-01,09:10:00,3.73,3.76,3.73,3.76,43000,0
2016-04-01,09:15:00,3.76,3.76,3.73,3.73,21000,0
2016-04-01,09:20:00,3.73,3.73,3.72,3.72,4000,0
2016-04-01,09:25:00,3.72,3.73,3.72,3.73,5000,0
2016-04-01,09:30:00,3.73,3.74,3.73,3.74,4000,0
2016-04-01,09:35:00,3.74,3.74,3.73,3.73,3000,0
2016-04-01,09:40:00,3.73,3.74,3.73,3.74,9000,0
2016-04-01,09:45:00,3.74,3.74,3.73,3.73,2000,0
2016-04-01,09:50:00,3.73,3.73,3.73,3.73,5000,0
2016-04-01,09:55:00,3.73,3.73,3.73,3.73,3000,0
2016-04-01,10:00:00,3.73,3.76,3.72,3.74,32000,0
2016-04-05,03:35:00,3.7,3.7,3.69,3.69,4000,0
2016-04-05,03:40:00,3.69,3.7,3.69,3.7,2000,0
2016-04-05,03:45:00,3.7,3.7,3.66,3.7,11000,0
2016-04-05,03:55:00,3.7,3.7,3.69,3.69,3000,0
2016-04-05,04:00:00,3.69,3.69,3.69,3.69,1000,0
2016-04-05,04:10:00,3.69,3.69,3.68,3.68,2000,0
2016-04-05,04:15:00,3.68,3.68,3.68,3.68,2000,0
2016-04-05,04:20:00,3.68,3.69,3.68,3.68,10000,0
2016-04-05,04:25:00,3.67,3.67,3.67,3.67,3000,0
2016-04-05,04:30:00,3.67,3.71,3.66,3.71,24000,0
2016-04-05,04:35:00,3.71,3.72,3.7,3.72,10000,0
2016-04-05,04:40:00,3.72,3.72,3.71,3.71,3000,0
2016-04-05,04:45:00,3.71,3.71,3.7,3.7,11000,0
2016-04-05,04:50:00,3.7,3.71,3.7,3.71,2000,0
2016-04-05,05:15:00,3.7,3.7,3.7,3.7,3000,0
2016-04-05,05:20:00,3.7,3.7,3.69,3.7,15000,0
2016-04-05,05:25:00,3.7,3.7,3.69,3.7,7000,0
2016-04-05,05:30:00,3.7,3.7,3.69,3.7,4000,0
2016-04-05,05:35:00,3.7,3.7,3.69,3.7,11000,0
2016-04-05,05:40:00,3.7,3.7,3.69,3.69,3000,0
2016-04-05,05:45:00,3.68,3.69,3.68,3.69,10000,0
2016-04-05,05:50:00,3.69,3.69,3.68,3.68,9000,0
2016-04-05,06:00:00,3.68,3.69,3.68,3.69,17000,0
2016-04-05,07:05:00,3.69,3.69,3.69,3.69,4000,0
2016-04-05,07:10:00,3.69,3.69,3.68,3.69,11000,0
2016-04-05,07:20:00,3.69,3.69,3.68,3.68,9000,0
2016-04-05,07:30:00,3.68,3.69,3.68,3.69,11000,0
2016-04-05,07:35:00,3.69,3.69,3.69,3.69,2000,0
2016-04-05,07:45:00,3.69,3.7,3.69,3.7,2000,0
2016-04-05,07:50:00,3.7,3.7,3.69,3.7,17000,0
2016-04-05,08:10:00,3.7,3.7,3.7,3.7,1000,0
2016-04-05,08:15:00,3.7,3.7,3.69,3.69,5000,0
2016-04-05,08:20:00,3.69,3.7,3.69,3.7,15000,0
2016-04-05,08:30:00,3.7,3.7,3.69,3.69,32000,0
2016-04-05,08:40:00,3.69,3.69,3.69,3.69,2000,0
2016-04-05,08:50:00,3.69,3.7,3.69,3.69,174000,0
2016-04-05,08:55:00,3.69,3.69,3.69,3.69,1000,0
2016-04-05,09:00:00,3.69,3.69,3.68,3.68,7000,0
2016-04-05,09:05:00,3.68,3.69,3.68,3.69,2000,0
2016-04-05,09:10:00,3.69,3.69,3.68,3.69,25000,0
2016-04-05,09:15:00,3.69,3.7,3.69,3.69,27000,0
2016-04-05,09:25:00,3.69,3.69,3.69,3.69,1000,0
2016-04-05,09:35:00,3.69,3.69,3.69,3.69,1000,0
2016-04-05,09:40:00,3.69,3.7,3.69,3.69,16000,0
2016-04-05,09:45:00,3.69,3.69,3.69,3.69,1000,0
2016-04-05,09:50:00,3.69,3.7,3.69,3.69,137000,0
2016-04-05,09:55:00,3.69,3.69,3.68,3.69,69000,0
2016-04-05,10:00:00,3.69,3.69,3.68,3.69,28000,0
2016-04-06,03:35:00,3.7,3.7,3.69,3.7,2000,0
2016-04-06,03:45:00,3.7,3.72,3.7,3.72,9000,0
2016-04-06,03:50:00,3.72,3.79,3.72,3.75,6000,0
2016-04-06,03:55:00,3.76,3.76,3.76,3.76,1000,0
2016-04-06,04:05:00,3.77,3.77,3.77,3.77,1000,0
2016-04-06,04:10:00,3.77,3.77,3.71,3.71,2000,0
2016-04-06,04:45:00,3.71,3.74,3.71,3.74,2000,0
2016-04-06,05:05:00,3.74,3.74,3.74,3.74,7000,0
2016-04-06,05:10:00,3.74,3.74,3.74,3.74,1000,0
2016-04-06,05:15:00,3.74,3.74,3.74,3.74,1000,0
2016-04-06,05:35:00,3.74,3.74,3.74,3.74,1000,0
2016-04-06,05:50:00,3.74,3.74,3.74,3.74,2000,0
2016-04-06,07:05:00,3.74,3.74,3.74,3.74,2000,0
2016-04-06,07:10:00,3.74,3.74,3.71,3.71,3000,0
2016-04-06,07:30:00,3.71,3.71,3.7,3.7,8000,0
2016-04-06,07:35:00,3.7,3.74,3.7,3.74,2000,0
2016-04-06,07:55:00,3.74,3.74,3.74,3.74,1000,0
2016-04-06,08:10:00,3.74,3.74,3.73,3.73,5000,0
2016-04-06,08:15:00,3.73,3.73,3.73,3.73,1000,0
2016-04-06,08:20:00,3.73,3.73,3.72,3.72,24000,0
2016-04-06,08:50:00,3.72,3.72,3.71,3.71,5000,0
2016-04-06,08:55:00,3.71,3.72,3.71,3.72,38000,0
2016-04-06,09:10:00,3.72,3.72,3.7,3.72,93000,0
2016-04-06,09:15:00,3.72,3.73,3.7,3.73,58000,0
2016-04-06,09:20:00,3.73,3.73,3.7,3.7,12000,0
2016-04-06,09:25:00,3.7,3.7,3.7,3.7,2000,0
2016-04-06,09:30:00,3.7,3.7,3.69,3.69,2000,0
2016-04-06,09:55:00,3.69,3.71,3.69,3.7,100000,0
2016-04-06,10:00:00,3.7,3.71,3.68,3.7,13000,0
2016-04-07,03:35:00,3.68,3.7,3.68,3.69,8000,0
2016-04-07,03:40:00,3.69,3.7,3.69,3.7,37000,0
2016-04-07,03:45:00,3.7,3.71,3.7,3.71,8000,0
2016-04-07,03:50:00,3.71,3.71,3.71,3.71,6000,0
2016-04-07,04:05:00,3.71,3.71,3.7,3.7,37000,0
2016-04-07,04:10:00,3.7,3.7,3.7,3.7,2000,0
2016-04-07,04:20:00,3.7,3.71,3.7,3.71,4000,0
2016-04-07,04:35:00,3.7,3.7,3.69,3.69,2000,0
2016-04-07,04:40:00,3.69,3.7,3.69,3.7,2000,0
2016-04-07,04:45:00,3.7,3.7,3.69,3.69,4000,0
2016-04-07,04:50:00,3.69,3.69,3.69,3.69,1000,0
2016-04-07,04:55:00,3.69,3.7,3.69,3.7,3000,0
2016-04-07,05:00:00,3.7,3.7,3.69,3.69,4000,0
2016-04-07,05:10:00,3.69,3.7,3.69,3.7,2000,0
2016-04-07,05:20:00,3.7,3.7,3.69,3.7,9000,0
2016-04-07,05:35:00,3.7,3.7,3.69,3.7,4000,0
2016-04-07,05:40:00,3.7,3.7,3.69,3.7,6000,0
2016-04-07,05:45:00,3.7,3.7,3.69,3.69,2000,0
2016-04-07,05:55:00,3.69,3.7,3.69,3.69,32000,0
2016-04-07,06:00:00,3.69,3.69,3.68,3.68,6000,0
2016-04-07,07:05:00,3.68,3.68,3.68,3.68,62000,0
2016-04-07,07:10:00,3.68,3.68,3.68,3.68,1000,0
2016-04-07,07:20:00,3.68,3.68,3.67,3.67,4000,0
2016-04-07,07:25:00,3.66,3.66,3.65,3.65,21000,0
2016-04-07,07:40:00,3.64,3.66,3.64,3.66,11000,0
2016-04-07,07:55:00,3.66,3.7,3.66,3.7,2000,0
2016-04-07,08:05:00,3.66,3.66,3.66,3.66,3000,0
2016-04-07,08:10:00,3.66,3.67,3.66,3.67,4000,0
2016-04-07,08:20:00,3.67,3.67,3.67,3.67,1000,0
2016-04-07,08:25:00,3.67,3.67,3.66,3.66,2000,0
2016-04-07,08:35:00,3.66,3.67,3.66,3.67,2000,0
2016-04-07,08:40:00,3.67,3.67,3.66,3.66,2000,0
2016-04-07,08:50:00,3.66,3.66,3.66,3.66,5000,0
2016-04-07,08:55:00,3.66,3.68,3.65,3.68,12000,0
2016-04-07,09:00:00,3.68,3.68,3.66,3.66,8000,0
2016-04-07,09:15:00,3.66,3.66,3.66,3.66,1000,0
2016-04-07,09:20:00,3.68,3.69,3.68,3.69,2000,0
2016-04-07,09:25:00,3.68,3.68,3.68,3.68,1000,0
2016-04-07,09:30:00,3.68,3.68,3.66,3.66,7000,0
2016-04-07,09:45:00,3.66,3.67,3.65,3.67,4000,0
2016-04-07,09:55:00,3.66,3.66,3.66,3.66,8000,0
2016-04-07,10:00:00,3.66,3.7,3.65,3.66,30000,0
2016-04-08,03:35:00,3.64,3.64,3.64,3.64,1000,0
2016-04-08,04:00:00,3.64,3.71,3.64,3.68,17000,0
2016-04-08,04:10:00,3.63,3.68,3.63,3.68,13000,0
2016-04-08,04:20:00,3.68,3.7,3.68,3.68,15000,0
2016-04-08,04:45:00,3.68,3.7,3.68,3.69,24000,0
2016-04-08,04:50:00,3.69,3.7,3.69,3.7,2000,0
2016-04-08,04:55:00,3.7,3.7,3.7,3.7,10000,0
2016-04-08,05:00:00,3.7,3.7,3.7,3.7,1000,0
2016-04-08,05:05:00,3.7,3.7,3.69,3.69,16000,0
2016-04-08,05:20:00,3.69,3.69,3.69,3.69,1000,0
2016-04-08,05:30:00,3.69,3.7,3.69,3.7,2000,0
2016-04-08,06:00:00,3.7,3.7,3.67,3.67,13000,0
2016-04-08,07:05:00,3.67,3.67,3.67,3.67,1000,0
2016-04-08,07:10:00,3.67,3.67,3.67,3.67,1000,0
2016-04-08,08:15:00,3.67,3.67,3.65,3.67,23000,0
2016-04-08,08:30:00,3.67,3.67,3.65,3.65,2000,0
2016-04-08,08:35:00,3.65,3.65,3.65,3.65,1000,0
2016-04-08,08:55:00,3.65,3.65,3.65,3.65,2000,0
2016-04-08,09:00:00,3.65,3.65,3.64,3.64,23000,0
2016-04-08,09:05:00,3.64,3.64,3.64,3.64,4000,0
2016-04-08,09:25:00,3.64,3.65,3.64,3.65,10000,0
2016-04-08,09:30:00,3.65,3.65,3.65,3.65,10000,0
2016-04-08,09:50:00,3.65,3.65,3.64,3.64,31000,0
2016-04-08,09:55:00,3.64,3.64,3.63,3.64,99000,0
2016-04-08,10:00:00,3.64,3.64,3.64,3.64,2000,0
2016-04-11,04:50:00,3.63,3.65,3.63,3.65,51000,0
2016-04-11,05:00:00,3.65,3.65,3.65,3.65,22000,0
2016-04-11,05:10:00,3.65,3.65,3.65,3.65,2000,0
2016-04-11,05:15:00,3.65,3.65,3.65,3.65,10000,0
2016-04-11,05:20:00,3.65,3.65,3.64,3.64,7000,0
2016-04-11,05:30:00,3.64,3.64,3.64,3.64,23000,0
2016-04-11,05:35:00,3.64,3.64,3.64,3.64,1000,0
2016-04-11,05:45:00,3.64,3.64,3.63,3.63,55000,0
2016-04-11,05:50:00,3.63,3.64,3.63,3.64,2000,0
2016-04-11,07:05:00,3.64,3.64,3.64,3.64,1000,0
2016-04-11,07:15:00,3.64,3.64,3.64,3.64,3000,0
2016-04-11,07:35:00,3.64,3.64,3.64,3.64,10000,0
2016-04-11,07:40:00,3.64,3.64,3.64,3.64,1000,0
2016-04-11,07:50:00,3.64,3.64,3.64,3.64,1000,0
2016-04-11,08:05:00,3.64,3.64,3.64,3.64,1000,0
2016-04-11,08:20:00,3.64,3.64,3.64,3.64,1000,0
2016-04-11,09:00:00,3.64,3.64,3.64,3.64,1000,0
2016-04-11,09:20:00,3.64,3.64,3.63,3.64,46000,0
2016-04-11,09:50:00,3.64,3.64,3.64,3.64,3000,0
2016-04-11,09:55:00,3.64,3.64,3.63,3.63,32000,0
2016-04-11,10:00:00,3.63,3.63,3.62,3.62,144000,0
2016-04-12,03:40:00,3.58,3.6,3.55,3.56,11000,0
2016-04-12,03:45:00,3.56,3.6,3.56,3.6,200000,0
2016-04-12,03:55:00,3.59,3.59,3.58,3.58,2000,0
2016-04-12,04:00:00,3.58,3.59,3.58,3.59,8000,0
2016-04-12,04:05:00,3.59,3.59,3.57,3.57,20000,0
2016-04-12,04:10:00,3.57,3.6,3.57,3.6,140000,0
2016-04-12,04:15:00,3.6,3.6,3.59,3.59,2000,0
2016-04-12,04:20:00,3.59,3.6,3.59,3.6,18000,0
2016-04-12,04:40:00,3.6,3.6,3.6,3.6,10000,0
2016-04-12,05:10:00,3.6,3.61,3.6,3.6,36000,0
2016-04-12,05:15:00,3.6,3.6,3.6,3.6,1000,0
2016-04-12,05:20:00,3.6,3.6,3.6,3.6,32000,0
2016-04-12,05:25:00,3.6,3.61,3.6,3.61,2000,0
2016-04-12,05:30:00,3.61,3.61,3.6,3.6,14000,0
2016-04-12,05:40:00,3.6,3.61,3.6,3.61,2000,0
2016-04-12,05:45:00,3.61,3.61,3.61,3.61,1000,0
2016-04-12,05:55:00,3.61,3.61,3.6,3.6,19000,0
2016-04-12,07:10:00,3.6,3.6,3.6,3.6,1000,0
2016-04-12,07:15:00,3.6,3.6,3.6,3.6,2000,0
2016-04-12,07:20:00,3.6,3.6,3.6,3.6,23000,0
2016-04-12,07:25:00,3.6,3.61,3.6,3.61,47000,0
2016-04-12,07:30:00,3.61,3.62,3.61,3.62,21000,0
2016-04-12,07:35:00,3.62,3.62,3.61,3.62,153000,0
2016-04-12,07:40:00,3.62,3.62,3.61,3.61,5000,0
2016-04-12,07:45:00,3.61,3.61,3.61,3.61,4000,0
2016-04-12,07:50:00,3.61,3.61,3.6,3.6,56000,0
2016-04-12,08:05:00,3.6,3.61,3.6,3.61,2000,0
2016-04-12,08:15:00,3.61,3.61,3.61,3.61,1000,0
2016-04-12,08:20:00,3.61,3.61,3.61,3.61,1000,0
2016-04-12,08:25:00,3.61,3.61,3.61,3.61,2000,0
2016-04-12,08:30:00,3.61,3.61,3.61,3.61,1000,0
2016-04-12,08:35:00,3.61,3.61,3.61,3.61,1000,0
2016-04-12,08:40:00,3.61,3.61,3.6,3.6,4000,0
2016-04-12,08:45:00,3.6,3.61,3.6,3.61,2000,0
2016-04-12,08:50:00,3.61,3.61,3.61,3.61,2000,0
2016-04-12,08:55:00,3.61,3.61,3.61,3.61,4000,0
2016-04-12,09:00:00,3.61,3.61,3.6,3.6,3000,0
2016-04-12,09:05:00,3.6,3.6,3.6,3.6,1000,0
2016-04-12,09:10:00,3.6,3.6,3.6,3.6,1000,0
2016-04-12,09:15:00,3.6,3.6,3.6,3.6,12000,0
2016-04-12,09:20:00,3.6,3.6,3.6,3.6,24000,0
2016-04-12,09:25:00,3.6,3.6,3.6,3.6,2000,0
2016-04-12,09:30:00,3.6,3.6,3.6,3.6,1000,0
2016-04-12,09:40:00,3.6,3.6,3.6,3.6,3000,0
2016-04-12,09:45:00,3.6,3.6,3.6,3.6,5000,0
2016-04-12,09:50:00,3.6,3.6,3.59,3.6,7000,0
2016-04-12,09:55:00,3.6,3.6,3.6,3.6,16000,0
2016-04-12,10:00:00,3.6,3.6,3.6,3.6,37000,0
2016-04-13,03:35:00,3.61,3.61,3.61,3.61,1000,0
2016-04-13,03:50:00,3.6,3.6,3.6,3.6,21000,0
2016-04-13,03:55:00,3.6,3.6,3.6,3.6,81000,0
2016-04-13,04:00:00,3.6,3.6,3.6,3.6,42000,0
2016-04-13,04:05:00,3.6,3.6,3.6,3.6,42000,0
2016-04-13,04:10:00,3.6,3.62,3.6,3.62,183000,0
2016-04-13,04:15:00,3.62,3.62,3.61,3.61,25000,0
2016-04-13,04:20:00,3.61,3.62,3.6,3.62,80000,0
2016-04-13,04:25:00,3.62,3.65,3.62,3.63,305000,0
2016-04-13,04:30:00,3.63,3.64,3.63,3.64,39000,0
2016-04-13,04:35:00,3.64,3.64,3.63,3.63,14000,0
2016-04-13,04:40:00,3.63,3.63,3.63,3.63,40000,0
2016-04-13,04:45:00,3.63,3.64,3.63,3.63,76000,0
2016-04-13,04:50:00,3.63,3.63,3.63,3.63,11000,0
2016-04-13,04:55:00,3.63,3.64,3.63,3.63,120000,0
2016-04-13,05:00:00,3.63,3.63,3.63,3.63,16000,0
2016-04-13,05:05:00,3.63,3.63,3.63,3.63,24000,0
2016-04-13,05:10:00,3.63,3.65,3.63,3.64,150000,0
2016-04-13,05:15:00,3.64,3.64,3.64,3.64,10000,0
2016-04-13,05:20:00,3.64,3.65,3.63,3.65,51000,0
2016-04-13,05:25:00,3.65,3.65,3.64,3.64,85000,0
2016-04-13,05:30:00,3.64,3.65,3.64,3.64,77000,0
2016-04-13,05:35:00,3.64,3.65,3.64,3.65,126000,0
2016-04-13,05:40:00,3.65,3.66,3.64,3.64,90000,0
2016-04-13,05:45:00,3.65,3.66,3.65,3.66,52000,0
2016-04-13,05:50:00,3.66,3.66,3.65,3.65,16000,0
2016-04-13,05:55:00,3.65,3.66,3.65,3.65,82000,0
2016-04-13,06:00:00,3.65,3.66,3.65,3.65,36000,0
2016-04-13,07:05:00,3.65,3.66,3.65,3.66,33000,0
2016-04-13,07:10:00,3.66,3.66,3.65,3.65,6000,0
2016-04-13,07:15:00,3.65,3.66,3.65,3.65,37000,0
2016-04-13,07:25:00,3.65,3.66,3.65,3.66,28000,0
2016-04-13,07:30:00,3.66,3.66,3.66,3.66,2000,0
2016-04-13,07:50:00,3.66,3.66,3.66,3.66,1000,0
2016-04-13,07:55:00,3.66,3.66,3.65,3.65,18000,0
2016-04-13,08:00:00,3.65,3.65,3.64,3.65,12000,0
2016-04-13,08:05:00,3.65,3.65,3.64,3.64,25000,0
2016-04-13,08:10:00,3.64,3.64,3.64,3.64,1000,0
2016-04-13,08:15:00,3.64,3.64,3.64,3.64,10000,0
2016-04-13,08:20:00,3.64,3.64,3.64,3.64,2000,0
2016-04-13,08:25:00,3.64,3.65,3.64,3.65,7000,0
2016-04-13,08:30:00,3.65,3.65,3.64,3.64,56000,0
2016-04-13,08:35:00,3.64,3.64,3.63,3.63,45000,0
2016-04-13,08:40:00,3.63,3.64,3.63,3.64,2000,0
2016-04-13,08:45:00,3.64,3.64,3.63,3.63,4000,0
2016-04-13,08:50:00,3.63,3.64,3.63,3.64,27000,0
2016-04-13,08:55:00,3.64,3.64,3.63,3.64,8000,0
2016-04-13,09:05:00,3.64,3.64,3.63,3.64,24000,0
2016-04-13,09:10:00,3.64,3.64,3.64,3.64,2000,0
2016-04-13,09:15:00,3.64,3.64,3.63,3.64,42000,0
2016-04-13,09:20:00,3.64,3.64,3.63,3.64,8000,0
2016-04-13,09:25:00,3.64,3.64,3.64,3.64,17000,0
2016-04-13,09:30:00,3.64,3.64,3.63,3.63,24000,0
2016-04-13,09:35:00,3.63,3.64,3.63,3.63,24000,0
2016-04-13,09:40:00,3.63,3.63,3.63,3.63,8000,0
2016-04-13,09:45:00,3.63,3.64,3.63,3.64,25000,0
2016-04-13,09:50:00,3.64,3.64,3.63,3.63,8000,0
2016-04-13,09:55:00,3.63,3.64,3.63,3.63,12000,0
2016-04-13,10:00:00,3.63,3.64,3.62,3.63,82000,0
