Date,Time,Open,High,Low,Close,Volume,OpenInt
2016-02-04,09:00:00,2.07,2.07,2.07,2.07,64000,0
2016-02-11,02:55:00,2.09,2.09,2.08,2.08,20000,0
2016-02-12,07:05:00,2.03,2.03,2.03,2.03,8000,0
2016-02-15,05:00:00,2.06,2.06,2.06,2.06,12000,0
2016-02-15,08:20:00,2.06,2.06,2.06,2.06,20000,0
2016-02-16,08:25:00,2.02,2.06,2.02,2.06,4000,0
2016-02-16,08:50:00,2.03,2.06,2,2.01,78000,0
2016-02-16,08:55:00,2.01,2.05,2.01,2.05,4000,0
2016-02-17,03:45:00,2.03,2.05,2,2.01,140000,0
2016-02-17,04:20:00,2.03,2.03,2.03,2.03,30000,0
2016-02-17,04:30:00,2.03,2.03,2.03,2.03,10000,0
2016-02-17,06:45:00,2.02,2.04,2.02,2.04,20000,0
2016-02-17,08:55:00,2.04,2.04,2.02,2.02,16000,0
2016-02-18,06:10:00,2.03,2.03,2.03,2.03,16000,0
2016-02-18,06:30:00,2.03,2.04,2.03,2.04,24000,0
2016-02-18,06:45:00,2.04,2.04,2.01,2.01,140000,0
2016-02-18,07:05:00,2.01,2.01,2.01,2.01,50000,0
2016-02-18,07:50:00,2.01,2.01,2.01,2.01,50000,0
2016-02-18,08:55:00,2.02,2.03,2.02,2.03,10000,0
2016-02-19,02:50:00,2.03,2.03,2.03,2.03,30000,0
2016-02-19,03:35:00,2.03,2.04,2.03,2.04,16000,0
2016-02-19,04:55:00,2.04,2.04,2.04,2.04,50000,0
2016-02-19,07:15:00,2.04,2.04,2.04,2.04,6000,0
2016-02-19,09:00:00,2.03,2.04,2.03,2.04,4000,0
2016-02-22,02:55:00,2.04,2.07,2.04,2.07,30000,0
2016-02-22,08:05:00,2.07,2.07,2.05,2.05,40000,0
2016-02-22,08:30:00,2.05,2.05,2.05,2.05,6000,0
2016-02-22,08:45:00,2.03,2.06,2.03,2.06,32000,0
2016-02-22,08:55:00,2.06,2.06,2.05,2.05,40000,0
2016-02-23,02:35:00,2.04,2.05,2.04,2.04,40000,0
2016-02-25,06:10:00,2.02,2.02,2.02,2.02,4000,0
2016-02-25,06:25:00,2.02,2.02,2.02,2.02,6000,0
2016-02-25,07:20:00,2.02,2.02,2.02,2.02,20000,0
2016-02-25,07:35:00,2.02,2.02,2.02,2.02,4000,0
2016-02-25,07:45:00,2.02,2.02,2.02,2.02,10000,0
2016-02-25,07:50:00,2.02,2.02,2.02,2.02,6000,0
2016-02-25,08:30:00,2.02,2.02,2.02,2.02,2000,0
2016-02-25,08:50:00,2.01,2.02,2.01,2.02,20000,0
2016-02-26,04:30:00,2.04,2.04,2.02,2.04,58000,0
2016-02-29,06:10:00,2.02,2.04,2.02,2.02,16000,0
2016-02-29,06:35:00,2.02,2.02,2.02,2.02,10000,0
2016-03-01,02:40:00,2.02,2.04,2,2.04,14000,0
2016-03-01,08:15:00,2.03,2.03,2.01,2.01,12000,0
2016-03-02,03:30:00,2.03,2.04,2.03,2.04,60000,0
2016-03-02,03:55:00,2.04,2.04,2.04,2.04,2000,0
2016-03-02,06:50:00,2.04,2.05,2.04,2.05,108000,0
2016-03-02,07:15:00,2.06,2.08,2.06,2.08,76000,0
2016-03-02,07:25:00,2.08,2.15,2.08,2.15,210000,0
2016-03-02,07:30:00,2.15,2.19,2.1,2.1,68000,0
2016-03-02,07:35:00,2.1,2.13,2.1,2.13,48000,0
2016-03-02,08:00:00,2.13,2.13,2.13,2.13,20000,0
2016-03-02,08:35:00,2.12,2.12,2.11,2.11,20000,0
2016-03-03,02:35:00,2.11,2.11,2.11,2.11,10000,0
2016-03-03,03:35:00,2.11,2.11,2.09,2.09,38000,0
2016-03-03,04:40:00,2.09,2.09,2.08,2.08,60000,0
2016-03-03,08:15:00,2.08,2.1,2.08,2.1,20000,0
2016-03-03,08:20:00,2.1,2.11,2.1,2.1,60000,0
2016-03-03,08:25:00,2.1,2.11,2.1,2.11,20000,0
2016-03-03,08:30:00,2.11,2.12,2.11,2.12,162000,0
2016-03-03,08:35:00,2.12,2.12,2.12,2.12,6000,0
2016-03-03,08:40:00,2.12,2.12,2.12,2.12,6000,0
2016-03-03,08:45:00,2.12,2.15,2.12,2.15,72000,0
2016-03-03,08:50:00,2.15,2.15,2.15,2.15,18000,0
2016-03-04,02:35:00,2.11,2.15,2.11,2.15,42000,0
2016-03-04,02:40:00,2.15,2.15,2.13,2.14,20000,0
2016-03-04,02:50:00,2.14,2.14,2.14,2.14,4000,0
2016-03-04,02:55:00,2.14,2.14,2.14,2.14,38000,0
2016-03-04,03:45:00,2.14,2.16,2.14,2.16,60000,0
2016-03-04,03:55:00,2.16,2.16,2.15,2.15,60000,0
2016-03-04,04:20:00,2.15,2.16,2.15,2.16,52000,0
2016-03-04,04:40:00,2.16,2.16,2.15,2.15,100000,0
2016-03-04,04:45:00,2.15,2.15,2.15,2.15,50000,0
2016-03-04,05:00:00,2.15,2.15,2.15,2.15,10000,0
2016-03-04,06:05:00,2.15,2.15,2.15,2.15,40000,0
2016-03-04,06:15:00,2.15,2.15,2.14,2.14,150000,0
2016-03-04,06:20:00,2.14,2.14,2.14,2.14,30000,0
2016-03-04,06:25:00,2.14,2.14,2.14,2.14,60000,0
2016-03-04,06:55:00,2.14,2.15,2.14,2.15,8000,0
2016-03-04,07:50:00,2.15,2.15,2.15,2.15,16000,0
2016-03-04,08:05:00,2.15,2.15,2.15,2.15,32000,0
2016-03-04,08:30:00,2.15,2.15,2.15,2.15,20000,0
2016-03-04,08:45:00,2.15,2.15,2.15,2.15,54000,0
2016-03-04,09:00:00,2.15,2.16,2.15,2.16,24000,0
2016-03-07,02:35:00,2.16,2.16,2.16,2.16,12000,0
2016-03-07,02:40:00,2.16,2.16,2.16,2.16,20000,0
2016-03-07,02:55:00,2.16,2.16,2.16,2.16,24000,0
2016-03-07,07:35:00,2.15,2.16,2.15,2.16,36000,0
2016-03-07,08:45:00,2.15,2.16,2.15,2.16,32000,0
2016-03-08,03:05:00,2.14,2.15,2.14,2.14,40000,0
2016-03-08,03:10:00,2.14,2.15,2.14,2.15,40000,0
2016-03-08,03:15:00,2.15,2.15,2.15,2.15,22000,0
2016-03-08,04:15:00,2.12,2.13,2.12,2.13,32000,0
2016-03-08,04:20:00,2.13,2.15,2.13,2.15,12000,0
2016-03-08,06:55:00,2.15,2.15,2.15,2.15,10000,0
2016-03-08,07:00:00,2.15,2.15,2.15,2.15,10000,0
2016-03-08,07:35:00,2.15,2.16,2.15,2.16,14000,0
2016-03-08,07:40:00,2.16,2.16,2.16,2.16,4000,0
2016-03-08,07:45:00,2.16,2.16,2.16,2.16,20000,0
2016-03-09,03:05:00,2.15,2.16,2.15,2.16,40000,0
2016-03-09,06:05:00,2.16,2.17,2.16,2.17,40000,0
2016-03-09,06:25:00,2.17,2.2,2.17,2.2,212000,0
2016-03-09,06:45:00,2.2,2.2,2.2,2.2,6000,0
2016-03-09,07:55:00,2.2,2.2,2.2,2.2,20000,0
2016-03-09,08:05:00,2.2,2.2,2.16,2.16,172000,0
2016-03-09,08:10:00,2.16,2.16,2.16,2.16,110000,0
2016-03-09,08:15:00,2.16,2.17,2.16,2.17,32000,0
2016-03-09,08:25:00,2.17,2.17,2.17,2.17,10000,0
2016-03-09,08:30:00,2.17,2.17,2.17,2.17,12000,0
2016-03-09,08:35:00,2.17,2.17,2.17,2.17,10000,0
2016-03-09,08:40:00,2.17,2.17,2.17,2.17,18000,0
2016-03-09,08:45:00,2.17,2.17,2.17,2.17,10000,0
2016-03-09,08:50:00,2.17,2.17,2.17,2.17,18000,0
2016-03-09,08:55:00,2.17,2.17,2.17,2.17,10000,0
2016-03-09,09:00:00,2.17,2.17,2.17,2.17,118000,0
2016-03-10,07:45:00,2.16,2.18,2.16,2.18,4000,0
2016-03-11,03:20:00,2.17,2.17,2.16,2.17,48000,0
2016-03-11,06:40:00,2.16,2.18,2.16,2.18,30000,0
2016-03-11,08:05:00,2.18,2.18,2.18,2.18,10000,0
2016-03-11,08:35:00,2.17,2.17,2.17,2.17,8000,0
2016-03-14,04:55:00,2.17,2.19,2.17,2.19,40000,0
2016-03-14,06:30:00,2.19,2.19,2.19,2.19,50000,0
2016-03-14,07:00:00,2.19,2.19,2.18,2.18,40000,0
2016-03-14,07:55:00,2.18,2.18,2.18,2.18,10000,0
2016-03-14,08:25:00,2.18,2.18,2.18,2.18,14000,0
2016-03-14,08:35:00,2.18,2.18,2.18,2.18,24000,0
2016-03-16,04:55:00,2.17,2.17,2.17,2.17,12000,0
2016-03-16,05:00:00,2.17,2.17,2.17,2.17,52000,0
2016-03-17,04:45:00,2.15,2.16,2.15,2.16,24000,0
2016-03-17,09:00:00,2.15,2.16,2.15,2.16,4000,0
2016-03-18,08:05:00,2.16,2.16,2.16,2.16,50000,0
2016-03-22,04:20:00,2.15,2.16,2.15,2.16,14000,0
2016-03-22,04:35:00,2.16,2.16,2.16,2.16,18000,0
2016-03-24,07:50:00,2.13,2.15,2.13,2.15,120000,0
2016-03-30,08:30:00,2.15,2.15,2.15,2.15,6000,0
2016-03-31,07:30:00,2.15,2.15,2.13,2.15,4000,0
2016-03-31,07:35:00,2.15,2.15,2.15,2.15,20000,0
2016-03-31,08:45:00,2.15,2.15,2.14,2.14,4000,0
2016-03-31,10:00:00,2.14,2.16,2.14,2.14,48000,0
2016-04-01,05:50:00,2.14,2.15,2.14,2.15,80000,0
2016-04-01,09:00:00,2.15,2.16,2.15,2.16,20000,0
2016-04-01,09:20:00,2.16,2.16,2.16,2.16,10000,0
2016-04-05,03:40:00,2.16,2.16,2.16,2.16,200,0
2016-04-05,04:00:00,2.16,2.16,2.16,2.16,2000,0
2016-04-05,04:10:00,2.16,2.16,2.15,2.15,40000,0
2016-04-05,04:55:00,2.15,2.15,2.15,2.15,20000,0
2016-04-05,05:30:00,2.15,2.15,2.15,2.15,20000,0
2016-04-05,07:35:00,2.13,2.16,2.13,2.16,20000,0
2016-04-05,07:55:00,2.16,2.17,2.16,2.17,120000,0
2016-04-05,09:05:00,2.17,2.17,2.14,2.14,24000,0
2016-04-06,09:15:00,2.14,2.16,2.14,2.16,20000,0
2016-04-07,09:10:00,2.16,2.16,2.16,2.16,2000,0
2016-04-07,09:40:00,2.16,2.16,2.16,2.16,10000,0
2016-04-07,10:00:00,2.16,2.16,2.15,2.15,30000,0
2016-04-08,09:45:00,2.14,2.17,2.14,2.17,38000,0
2016-04-08,10:00:00,2.17,2.17,2.15,2.15,20000,0
2016-04-11,05:45:00,2.15,2.15,2.15,2.15,32000,0
2016-04-12,04:15:00,2.15,2.15,2.15,2.15,10000,0
2016-04-12,08:00:00,2.16,2.16,2.16,2.16,10000,0
2016-04-12,09:05:00,2.16,2.17,2.16,2.17,12000,0
2016-04-12,09:10:00,2.17,2.17,2.17,2.17,18000,0
2016-04-12,09:50:00,2.17,2.17,2.16,2.16,60000,0
2016-04-13,03:35:00,2.16,2.16,2.16,2.16,2000,0
2016-04-13,04:20:00,2.16,2.17,2.16,2.17,24000,0
2016-04-13,04:25:00,2.17,2.17,2.16,2.16,18000,0
2016-04-13,06:00:00,2.16,2.18,2.16,2.18,22000,0
2016-04-13,07:45:00,2.18,2.18,2.18,2.18,2000,0
2016-04-13,09:50:00,2.17,2.17,2.17,2.17,8000,0
2016-04-13,10:00:00,2.17,2.17,2.16,2.16,40000,0
