Date,Time,Open,High,Low,Close,Volume,OpenInt
2016-02-04,04:20:00,0.074,0.076,0.074,0.076,600000,0
2016-02-04,04:25:00,0.076,0.078,0.076,0.078,5650000,0
2016-02-04,04:30:00,0.078,0.08,0.078,0.08,1300000,0
2016-02-04,04:35:00,0.08,0.08,0.08,0.08,100000,0
2016-02-04,04:40:00,0.08,0.081,0.08,0.081,900000,0
2016-02-04,04:45:00,0.081,0.081,0.079,0.08,2000000,0
2016-02-04,04:50:00,0.08,0.081,0.079,0.081,600000,0
2016-02-04,04:55:00,0.079,0.079,0.078,0.079,400000,0
2016-02-04,06:05:00,0.079,0.079,0.079,0.079,100000,0
2016-02-04,06:15:00,0.079,0.079,0.078,0.078,250000,0
2016-02-04,06:25:00,0.078,0.078,0.078,0.078,50000,0
2016-02-04,06:30:00,0.078,0.078,0.078,0.078,150000,0
2016-02-04,06:40:00,0.078,0.078,0.078,0.078,50000,0
2016-02-04,07:10:00,0.078,0.078,0.077,0.077,350000,0
2016-02-04,07:15:00,0.077,0.077,0.077,0.077,300000,0
2016-02-04,07:20:00,0.077,0.077,0.075,0.075,200000,0
2016-02-04,07:50:00,0.076,0.076,0.076,0.076,100000,0
2016-02-04,08:15:00,0.077,0.078,0.077,0.078,800000,0
2016-02-04,08:20:00,0.078,0.079,0.078,0.079,100000,0
2016-02-04,08:25:00,0.079,0.079,0.079,0.079,250000,0
2016-02-04,08:40:00,0.079,0.079,0.079,0.079,150000,0
2016-02-04,08:45:00,0.079,0.079,0.079,0.079,100000,0
2016-02-04,08:55:00,0.079,0.08,0.079,0.08,100000,0
2016-02-04,09:00:00,0.08,0.08,0.079,0.079,100000,0
2016-02-05,02:55:00,0.083,0.083,0.079,0.083,350000,0
2016-02-05,03:05:00,0.082,0.082,0.082,0.082,700000,0
2016-02-05,03:10:00,0.082,0.082,0.082,0.082,150000,0
2016-02-05,03:15:00,0.082,0.082,0.082,0.082,300000,0
2016-02-05,03:20:00,0.082,0.082,0.082,0.082,100000,0
2016-02-05,03:25:00,0.082,0.082,0.082,0.082,1550000,0
2016-02-05,03:40:00,0.082,0.083,0.082,0.083,450000,0
2016-02-05,04:15:00,0.081,0.081,0.08,0.08,450000,0
2016-02-05,06:25:00,0.08,0.08,0.08,0.08,100000,0
2016-02-05,07:25:00,0.08,0.08,0.08,0.08,300000,0
2016-02-05,08:00:00,0.08,0.08,0.08,0.08,200000,0
2016-02-05,08:30:00,0.08,0.08,0.078,0.078,137500,0
2016-02-05,08:40:00,0.078,0.078,0.076,0.076,137500,0
2016-02-05,08:45:00,0.076,0.076,0.075,0.076,250000,0
2016-02-05,09:00:00,0.076,0.076,0.075,0.076,200000,0
2016-02-11,02:35:00,0.072,0.076,0.072,0.072,250000,0
2016-02-11,02:45:00,0.072,0.072,0.072,0.072,100000,0
2016-02-11,02:50:00,0.071,0.071,0.071,0.071,400000,0
2016-02-11,02:55:00,0.071,0.071,0.071,0.071,200000,0
2016-02-11,03:30:00,0.07,0.071,0.07,0.071,600000,0
2016-02-11,03:45:00,0.07,0.071,0.07,0.071,650000,0
2016-02-11,04:05:00,0.07,0.071,0.07,0.071,1000000,0
2016-02-11,04:10:00,0.071,0.071,0.071,0.071,250000,0
2016-02-11,04:15:00,0.071,0.072,0.071,0.072,1000000,0
2016-02-11,04:20:00,0.072,0.072,0.072,0.072,50000,0
2016-02-11,04:30:00,0.072,0.072,0.072,0.072,250000,0
2016-02-11,04:35:00,0.072,0.072,0.072,0.072,50000,0
2016-02-11,04:45:00,0.072,0.072,0.071,0.071,200000,0
2016-02-11,06:05:00,0.071,0.071,0.071,0.071,250000,0
2016-02-11,06:10:00,0.071,0.071,0.071,0.071,50000,0
2016-02-11,06:35:00,0.071,0.071,0.071,0.071,1400000,0
2016-02-11,06:50:00,0.07,0.071,0.07,0.071,100000,0
2016-02-11,07:00:00,0.071,0.071,0.071,0.071,300000,0
2016-02-11,07:30:00,0.071,0.071,0.071,0.071,100000,0
2016-02-11,08:20:00,0.07,0.071,0.07,0.071,200000,0
2016-02-11,08:35:00,0.071,0.071,0.071,0.071,750000,0
2016-02-11,08:40:00,0.071,0.071,0.071,0.071,100000,0
2016-02-11,08:50:00,0.071,0.071,0.071,0.071,500000,0
2016-02-11,08:55:00,0.071,0.071,0.071,0.071,50000,0
2016-02-12,03:10:00,0.071,0.071,0.071,0.071,50000,0
2016-02-12,04:00:00,0.071,0.071,0.071,0.071,25000,0
2016-02-12,04:35:00,0.071,0.071,0.071,0.071,500000,0
2016-02-12,04:40:00,0.071,0.071,0.071,0.071,50000,0
2016-02-12,04:45:00,0.071,0.071,0.071,0.071,300000,0
2016-02-12,04:50:00,0.071,0.071,0.071,0.071,50000,0
2016-02-12,04:55:00,0.071,0.071,0.07,0.07,100000,0
2016-02-12,05:00:00,0.07,0.071,0.07,0.071,200000,0
2016-02-12,06:10:00,0.071,0.071,0.071,0.071,50000,0
2016-02-12,06:15:00,0.071,0.071,0.071,0.071,150000,0
2016-02-12,07:20:00,0.071,0.071,0.07,0.07,150000,0
2016-02-12,07:40:00,0.07,0.071,0.068,0.068,850000,0
2016-02-12,08:05:00,0.067,0.068,0.067,0.068,800000,0
2016-02-12,08:30:00,0.068,0.068,0.068,0.068,750000,0
2016-02-12,09:00:00,0.068,0.068,0.067,0.068,350000,0
2016-02-15,03:45:00,0.068,0.07,0.068,0.07,200000,0
2016-02-15,04:40:00,0.072,0.077,0.072,0.077,700000,0
2016-02-15,05:00:00,0.074,0.074,0.073,0.073,600000,0
2016-02-15,06:20:00,0.073,0.073,0.071,0.071,200000,0
2016-02-15,06:25:00,0.071,0.071,0.071,0.071,5000,0
2016-02-15,06:45:00,0.071,0.071,0.071,0.071,155,0
2016-02-15,08:20:00,0.073,0.075,0.073,0.075,600000,0
2016-02-15,08:40:00,0.074,0.074,0.074,0.074,300000,0
2016-02-15,09:00:00,0.073,0.073,0.072,0.072,200000,0
2016-02-16,03:10:00,0.076,0.076,0.074,0.076,800000,0
2016-02-16,03:20:00,0.076,0.076,0.075,0.075,100000,0
2016-02-16,03:50:00,0.075,0.075,0.075,0.075,50000,0
2016-02-16,04:00:00,0.075,0.075,0.074,0.074,400000,0
2016-02-16,04:30:00,0.074,0.074,0.073,0.073,250000,0
2016-02-16,04:55:00,0.073,0.074,0.073,0.074,500000,0
2016-02-16,06:55:00,0.074,0.074,0.074,0.074,200000,0
2016-02-16,07:45:00,0.074,0.074,0.074,0.074,150000,0
2016-02-16,08:00:00,0.074,0.074,0.074,0.074,50000,0
2016-02-16,08:05:00,0.074,0.074,0.074,0.074,200000,0
2016-02-16,08:20:00,0.074,0.074,0.074,0.074,300000,0
2016-02-16,09:00:00,0.074,0.076,0.073,0.073,1250000,0
2016-02-17,06:55:00,0.072,0.072,0.072,0.072,400000,0
2016-02-17,07:10:00,0.072,0.072,0.072,0.072,350000,0
2016-02-17,08:50:00,0.073,0.073,0.073,0.073,50000,0
2016-02-17,09:00:00,0.073,0.074,0.073,0.073,400000,0
2016-02-18,02:55:00,0.075,0.075,0.073,0.075,200000,0
2016-02-18,03:35:00,0.075,0.075,0.074,0.074,1600000,0
2016-02-18,04:10:00,0.074,0.076,0.074,0.076,700000,0
2016-02-18,04:20:00,0.076,0.077,0.076,0.077,250000,0
2016-02-18,04:25:00,0.077,0.078,0.077,0.078,900000,0
2016-02-18,04:30:00,0.078,0.078,0.078,0.078,800000,0
2016-02-18,04:35:00,0.078,0.078,0.075,0.075,250000,0
2016-02-18,06:05:00,0.075,0.075,0.075,0.075,100000,0
2016-02-18,06:25:00,0.075,0.075,0.075,0.075,100000,0
2016-02-18,06:45:00,0.075,0.075,0.075,0.075,500000,0
2016-02-18,06:50:00,0.075,0.075,0.075,0.075,400000,0
2016-02-18,07:30:00,0.076,0.076,0.076,0.076,100000,0
2016-02-18,07:50:00,0.076,0.076,0.076,0.076,100000,0
2016-02-18,08:10:00,0.076,0.076,0.076,0.076,200000,0
2016-02-18,08:20:00,0.076,0.076,0.076,0.076,50000,0
2016-02-18,08:30:00,0.076,0.077,0.076,0.077,600000,0
2016-02-18,08:55:00,0.077,0.078,0.077,0.078,100000,0
2016-02-18,09:00:00,0.078,0.078,0.077,0.077,950000,0
2016-02-19,03:15:00,0.077,0.077,0.077,0.077,50000,0
2016-02-19,03:55:00,0.074,0.075,0.074,0.075,500000,0
2016-02-19,04:20:00,0.075,0.075,0.075,0.075,200000,0
2016-02-19,04:25:00,0.075,0.075,0.075,0.075,250000,0
2016-02-19,04:30:00,0.075,0.075,0.075,0.075,100000,0
2016-02-19,06:15:00,0.076,0.076,0.075,0.075,1000000,0
2016-02-19,06:30:00,0.075,0.075,0.075,0.075,50000,0
2016-02-19,06:35:00,0.075,0.076,0.075,0.076,400000,0
2016-02-19,06:55:00,0.076,0.076,0.076,0.076,150000,0
2016-02-19,07:40:00,0.076,0.076,0.076,0.076,100000,0
2016-02-19,07:45:00,0.076,0.076,0.076,0.076,200000,0
2016-02-19,07:55:00,0.076,0.076,0.076,0.076,450000,0
2016-02-19,08:10:00,0.076,0.076,0.076,0.076,300000,0
2016-02-19,08:20:00,0.076,0.076,0.076,0.076,17500,0
2016-02-19,08:25:00,0.076,0.076,0.076,0.076,650000,0
2016-02-19,09:00:00,0.076,0.076,0.076,0.076,250000,0
2016-02-22,03:00:00,0.076,0.079,0.076,0.079,100000,0
2016-02-22,03:10:00,0.079,0.079,0.079,0.079,50000,0
2016-02-22,03:15:00,0.079,0.079,0.079,0.079,150000,0
2016-02-22,03:20:00,0.079,0.083,0.079,0.083,3150000,0
2016-02-22,03:25:00,0.083,0.086,0.083,0.085,3400000,0
2016-02-22,03:30:00,0.085,0.085,0.084,0.084,150000,0
2016-02-22,03:45:00,0.084,0.084,0.084,0.084,100000,0
2016-02-22,03:55:00,0.084,0.084,0.082,0.082,200000,0
2016-02-22,04:00:00,0.082,0.084,0.081,0.082,450000,0
2016-02-22,04:10:00,0.081,0.081,0.081,0.081,100000,0
2016-02-22,04:25:00,0.082,0.083,0.082,0.083,600000,0
2016-02-22,04:30:00,0.083,0.083,0.082,0.082,200000,0
2016-02-22,04:35:00,0.082,0.082,0.082,0.082,287500,0
2016-02-22,04:40:00,0.082,0.082,0.082,0.082,100000,0
2016-02-22,04:50:00,0.082,0.082,0.082,0.082,50000,0
2016-02-22,05:00:00,0.082,0.082,0.082,0.082,400000,0
2016-02-22,06:05:00,0.082,0.083,0.082,0.082,900000,0
2016-02-22,06:10:00,0.082,0.084,0.082,0.084,300000,0
2016-02-22,06:20:00,0.083,0.083,0.083,0.083,50000,0
2016-02-22,06:25:00,0.083,0.083,0.083,0.083,300000,0
2016-02-22,06:30:00,0.083,0.088,0.083,0.088,8350000,0
2016-02-22,06:35:00,0.088,0.09,0.085,0.088,8300000,0
2016-02-22,06:40:00,0.088,0.088,0.087,0.087,300000,0
2016-02-22,06:45:00,0.087,0.087,0.086,0.086,500000,0
2016-02-22,06:50:00,0.086,0.087,0.086,0.087,450000,0
2016-02-22,06:55:00,0.087,0.087,0.085,0.085,850000,0
2016-02-22,07:20:00,0.086,0.086,0.085,0.085,300000,0
2016-02-22,07:25:00,0.085,0.086,0.085,0.086,150000,0
2016-02-22,07:30:00,0.086,0.087,0.086,0.087,1050000,0
2016-02-22,07:35:00,0.087,0.087,0.086,0.086,450000,0
2016-02-22,07:40:00,0.086,0.086,0.086,0.086,50000,0
2016-02-22,07:45:00,0.086,0.086,0.086,0.086,50000,0
2016-02-22,07:50:00,0.086,0.086,0.085,0.085,1000000,0
2016-02-22,08:00:00,0.085,0.085,0.084,0.084,1300000,0
2016-02-22,08:10:00,0.084,0.084,0.084,0.084,200000,0
2016-02-22,08:20:00,0.084,0.084,0.084,0.084,150000,0
2016-02-22,08:30:00,0.084,0.084,0.084,0.084,500000,0
2016-02-22,08:35:00,0.084,0.084,0.084,0.084,200000,0
2016-02-22,08:40:00,0.084,0.085,0.084,0.085,450000,0
2016-02-22,08:45:00,0.085,0.085,0.085,0.085,250000,0
2016-02-22,08:50:00,0.085,0.085,0.085,0.085,100000,0
2016-02-22,08:55:00,0.085,0.085,0.084,0.084,150000,0
2016-02-22,09:00:00,0.084,0.086,0.084,0.086,1600000,0
2016-02-23,02:40:00,0.088,0.093,0.087,0.092,900000,0
2016-02-23,02:45:00,0.092,0.092,0.09,0.09,1250000,0
2016-02-23,02:50:00,0.09,0.09,0.089,0.089,600000,0
2016-02-23,02:55:00,0.089,0.089,0.089,0.089,200000,0
2016-02-23,03:00:00,0.089,0.089,0.088,0.088,1325000,0
2016-02-23,03:05:00,0.088,0.089,0.088,0.088,1150000,0
2016-02-23,03:10:00,0.088,0.088,0.088,0.088,100000,0
2016-02-23,03:15:00,0.088,0.088,0.088,0.088,100000,0
2016-02-23,03:20:00,0.088,0.088,0.087,0.087,450000,0
2016-02-23,03:25:00,0.087,0.087,0.086,0.086,450000,0
2016-02-23,03:30:00,0.086,0.086,0.086,0.086,900000,0
2016-02-23,03:35:00,0.086,0.086,0.085,0.085,550000,0
2016-02-23,03:40:00,0.085,0.085,0.085,0.085,150000,0
2016-02-23,03:50:00,0.085,0.085,0.085,0.085,50000,0
2016-02-23,03:55:00,0.085,0.085,0.085,0.085,100000,0
2016-02-23,04:05:00,0.085,0.085,0.085,0.085,100000,0
2016-02-23,04:30:00,0.085,0.085,0.085,0.085,50000,0
2016-02-23,04:40:00,0.084,0.085,0.084,0.085,450000,0
2016-02-23,04:45:00,0.085,0.086,0.085,0.086,450000,0
2016-02-23,04:50:00,0.086,0.086,0.086,0.086,50000,0
2016-02-23,06:30:00,0.085,0.085,0.085,0.085,50000,0
2016-02-23,07:00:00,0.085,0.085,0.085,0.085,100000,0
2016-02-23,07:45:00,0.085,0.085,0.085,0.085,100000,0
2016-02-23,07:55:00,0.085,0.085,0.085,0.085,500000,0
2016-02-23,08:15:00,0.085,0.085,0.085,0.085,50000,0
2016-02-23,08:40:00,0.085,0.085,0.085,0.085,100000,0
2016-02-24,02:55:00,0.084,0.084,0.084,0.084,150000,0
2016-02-24,03:05:00,0.084,0.084,0.082,0.082,1500000,0
2016-02-24,03:10:00,0.082,0.082,0.082,0.082,150000,0
2016-02-24,03:25:00,0.082,0.082,0.082,0.082,100000,0
2016-02-24,03:40:00,0.082,0.082,0.082,0.082,100000,0
2016-02-24,03:55:00,0.082,0.082,0.082,0.082,50000,0
2016-02-24,04:25:00,0.082,0.082,0.081,0.081,150000,0
2016-02-24,04:40:00,0.081,0.081,0.079,0.079,200000,0
2016-02-24,04:50:00,0.08,0.08,0.08,0.08,400000,0
2016-02-24,04:55:00,0.08,0.081,0.08,0.081,100000,0
2016-02-24,06:20:00,0.077,0.081,0.077,0.081,300000,0
2016-02-24,06:55:00,0.081,0.081,0.081,0.081,200000,0
2016-02-24,07:05:00,0.081,0.081,0.081,0.081,50000,0
2016-02-24,07:10:00,0.081,0.081,0.081,0.081,100000,0
2016-02-24,07:15:00,0.081,0.081,0.081,0.081,100000,0
2016-02-24,07:45:00,0.081,0.081,0.081,0.081,550000,0
2016-02-24,08:10:00,0.081,0.082,0.081,0.082,100000,0
2016-02-24,08:20:00,0.082,0.082,0.082,0.082,800000,0
2016-02-24,08:30:00,0.082,0.082,0.082,0.082,1000000,0
2016-02-24,08:35:00,0.082,0.082,0.082,0.082,900000,0
2016-02-24,08:40:00,0.082,0.082,0.082,0.082,150000,0
2016-02-25,03:00:00,0.081,0.081,0.081,0.081,150000,0
2016-02-25,03:15:00,0.081,0.081,0.081,0.081,100000,0
2016-02-25,03:35:00,0.082,0.082,0.082,0.082,500000,0
2016-02-25,03:40:00,0.082,0.082,0.082,0.082,50000,0
2016-02-25,03:45:00,0.083,0.083,0.083,0.083,350000,0
2016-02-25,03:50:00,0.083,0.083,0.083,0.083,100000,0
2016-02-25,04:15:00,0.083,0.083,0.082,0.082,900000,0
2016-02-25,04:20:00,0.082,0.082,0.081,0.081,950000,0
2016-02-25,04:25:00,0.081,0.081,0.081,0.081,50000,0
2016-02-25,06:10:00,0.081,0.081,0.08,0.08,100000,0
2016-02-25,06:30:00,0.08,0.08,0.08,0.08,50000,0
2016-02-25,06:50:00,0.08,0.08,0.08,0.08,150000,0
2016-02-25,07:10:00,0.08,0.081,0.08,0.081,100000,0
2016-02-25,07:20:00,0.081,0.081,0.081,0.081,50000,0
2016-02-25,08:30:00,0.079,0.079,0.079,0.079,50000,0
2016-02-25,08:35:00,0.079,0.08,0.079,0.08,100000,0
2016-02-25,08:50:00,0.079,0.079,0.079,0.079,100000,0
2016-02-26,03:20:00,0.08,0.08,0.08,0.08,200000,0
2016-02-26,03:30:00,0.08,0.08,0.08,0.08,300000,0
2016-02-26,03:45:00,0.08,0.08,0.08,0.08,100000,0
2016-02-26,04:20:00,0.08,0.08,0.08,0.08,200000,0
2016-02-26,04:55:00,0.08,0.08,0.08,0.08,350000,0
2016-02-26,05:00:00,0.08,0.08,0.08,0.08,100000,0
2016-02-26,08:00:00,0.081,0.082,0.081,0.082,200000,0
2016-02-26,08:10:00,0.082,0.082,0.082,0.082,200000,0
2016-02-26,08:20:00,0.082,0.082,0.082,0.082,150000,0
2016-02-26,08:30:00,0.082,0.082,0.081,0.081,700000,0
2016-02-26,08:50:00,0.08,0.08,0.08,0.08,900000,0
2016-02-26,08:55:00,0.08,0.08,0.08,0.08,100000,0
2016-02-29,03:05:00,0.08,0.08,0.079,0.079,500000,0
2016-02-29,03:10:00,0.079,0.079,0.078,0.078,200000,0
2016-02-29,03:25:00,0.078,0.078,0.078,0.078,100000,0
2016-02-29,03:55:00,0.078,0.078,0.078,0.078,200000,0
2016-02-29,04:00:00,0.078,0.079,0.078,0.079,600000,0
2016-02-29,06:05:00,0.079,0.079,0.077,0.077,390000,0
2016-02-29,06:10:00,0.077,0.077,0.077,0.077,150000,0
2016-02-29,07:00:00,0.077,0.079,0.077,0.079,100000,0
2016-02-29,07:30:00,0.079,0.079,0.077,0.077,200000,0
2016-02-29,07:35:00,0.077,0.077,0.077,0.077,100000,0
2016-03-01,03:20:00,0.076,0.076,0.076,0.076,150000,0
2016-03-01,07:50:00,0.077,0.077,0.077,0.077,50000,0
2016-03-01,07:55:00,0.077,0.077,0.077,0.077,200000,0
2016-03-01,08:35:00,0.077,0.077,0.076,0.076,850000,0
2016-03-01,08:55:00,0.075,0.076,0.075,0.076,200000,0
2016-03-02,03:20:00,0.078,0.078,0.078,0.078,200000,0
2016-03-02,03:50:00,0.078,0.081,0.078,0.081,200000,0
2016-03-02,04:10:00,0.08,0.08,0.078,0.078,612500,0
2016-03-02,04:15:00,0.078,0.078,0.078,0.078,100000,0
2016-03-02,04:30:00,0.079,0.079,0.078,0.078,650000,0
2016-03-02,04:50:00,0.078,0.078,0.078,0.078,25000,0
2016-03-02,04:55:00,0.079,0.079,0.079,0.079,100000,0
2016-03-02,06:10:00,0.079,0.08,0.079,0.08,300000,0
2016-03-02,06:35:00,0.08,0.08,0.08,0.08,100000,0
2016-03-02,06:40:00,0.08,0.082,0.08,0.082,2350000,0
2016-03-02,07:00:00,0.082,0.082,0.082,0.082,100000,0
2016-03-02,07:25:00,0.082,0.082,0.081,0.081,100000,0
2016-03-02,07:30:00,0.081,0.081,0.079,0.079,1700000,0
2016-03-02,07:35:00,0.079,0.079,0.079,0.079,1000000,0
2016-03-02,08:10:00,0.08,0.08,0.079,0.079,2200000,0
2016-03-02,08:20:00,0.079,0.079,0.079,0.079,650000,0
2016-03-02,08:30:00,0.079,0.079,0.079,0.079,150000,0
2016-03-02,08:55:00,0.079,0.08,0.079,0.08,1400000,0
2016-03-02,09:00:00,0.08,0.08,0.08,0.08,50000,0
2016-03-03,07:05:00,0.081,0.081,0.081,0.081,100000,0
2016-03-04,03:45:00,0.08,0.081,0.08,0.081,3200000,0
2016-03-04,03:50:00,0.081,0.082,0.081,0.081,2250000,0
2016-03-04,03:55:00,0.081,0.081,0.081,0.081,350000,0
2016-03-04,04:05:00,0.081,0.083,0.081,0.083,150000,0
2016-03-04,04:15:00,0.082,0.082,0.082,0.082,300000,0
2016-03-04,04:20:00,0.082,0.082,0.082,0.082,50000,0
2016-03-04,04:25:00,0.082,0.082,0.082,0.082,150000,0
2016-03-04,04:35:00,0.082,0.082,0.081,0.081,1350000,0
2016-03-04,06:35:00,0.081,0.082,0.081,0.082,650000,0
2016-03-04,06:40:00,0.082,0.083,0.082,0.083,1000000,0
2016-03-04,06:45:00,0.083,0.085,0.083,0.085,1050000,0
2016-03-04,06:50:00,0.085,0.086,0.085,0.086,2150000,0
2016-03-04,06:55:00,0.086,0.086,0.086,0.086,600000,0
2016-03-04,07:00:00,0.086,0.086,0.084,0.084,700000,0
2016-03-04,07:05:00,0.084,0.084,0.083,0.083,800000,0
2016-03-04,07:25:00,0.083,0.083,0.083,0.083,452500,0
2016-03-04,07:35:00,0.083,0.083,0.083,0.083,5000,0
2016-03-04,07:55:00,0.083,0.085,0.083,0.085,300000,0
2016-03-04,08:00:00,0.085,0.087,0.085,0.087,2300000,0
2016-03-04,08:05:00,0.085,0.085,0.085,0.085,150000,0
2016-03-04,08:25:00,0.085,0.085,0.084,0.084,850000,0
2016-03-04,08:30:00,0.084,0.085,0.084,0.085,700000,0
2016-03-04,08:35:00,0.085,0.085,0.085,0.085,12500,0
2016-03-04,08:45:00,0.085,0.085,0.084,0.084,350000,0
2016-03-04,08:55:00,0.084,0.084,0.084,0.084,200000,0
2016-03-04,09:00:00,0.084,0.084,0.083,0.083,900000,0
2016-03-07,02:40:00,0.086,0.086,0.084,0.086,1000000,0
2016-03-07,02:45:00,0.086,0.086,0.086,0.086,200000,0
2016-03-07,02:50:00,0.086,0.086,0.086,0.086,200000,0
2016-03-07,03:05:00,0.086,0.086,0.085,0.085,650000,0
2016-03-07,03:30:00,0.085,0.085,0.084,0.084,250000,0
2016-03-07,03:40:00,0.084,0.084,0.083,0.083,100000,0
2016-03-07,03:45:00,0.083,0.083,0.083,0.083,200000,0
2016-03-07,03:55:00,0.083,0.083,0.083,0.083,250000,0
2016-03-07,04:10:00,0.083,0.085,0.082,0.085,2550000,0
2016-03-07,04:20:00,0.085,0.085,0.085,0.085,300000,0
2016-03-07,04:35:00,0.085,0.085,0.085,0.085,200000,0
2016-03-07,06:20:00,0.085,0.085,0.085,0.085,350000,0
2016-03-07,06:50:00,0.084,0.084,0.083,0.083,400000,0
2016-03-07,07:40:00,0.083,0.083,0.083,0.083,50000,0
2016-03-07,07:50:00,0.083,0.083,0.083,0.083,550000,0
2016-03-07,07:55:00,0.083,0.083,0.083,0.083,50000,0
2016-03-08,04:55:00,0.081,0.081,0.081,0.081,600000,0
2016-03-08,06:25:00,0.081,0.081,0.081,0.081,200000,0
2016-03-08,07:50:00,0.081,0.081,0.081,0.081,1400000,0
2016-03-08,07:55:00,0.081,0.081,0.081,0.081,150000,0
2016-03-08,08:40:00,0.081,0.081,0.081,0.081,50012,0
2016-03-08,08:50:00,0.081,0.081,0.081,0.081,200000,0
2016-03-08,08:55:00,0.081,0.081,0.081,0.081,350000,0
2016-03-08,09:00:00,0.081,0.081,0.081,0.081,300000,0
2016-03-09,02:45:00,0.078,0.081,0.078,0.079,300000,0
2016-03-09,03:00:00,0.079,0.079,0.079,0.079,200000,0
2016-03-09,03:05:00,0.078,0.078,0.078,0.078,100000,0
2016-03-09,03:10:00,0.078,0.079,0.078,0.079,100000,0
2016-03-09,03:35:00,0.079,0.079,0.079,0.079,100000,0
2016-03-09,04:15:00,0.079,0.08,0.079,0.08,100000,0
2016-03-09,04:40:00,0.08,0.08,0.078,0.078,400000,0
2016-03-09,06:35:00,0.078,0.078,0.078,0.078,150000,0
2016-03-09,07:30:00,0.079,0.079,0.079,0.079,100000,0
2016-03-09,07:55:00,0.079,0.079,0.079,0.079,100000,0
2016-03-09,08:20:00,0.079,0.081,0.079,0.081,200000,0
2016-03-10,02:55:00,0.08,0.081,0.08,0.08,200000,0
2016-03-10,03:45:00,0.081,0.081,0.081,0.081,100000,0
2016-03-10,03:50:00,0.081,0.081,0.081,0.081,400000,0
2016-03-10,03:55:00,0.081,0.081,0.08,0.08,750000,0
2016-03-10,04:15:00,0.08,0.08,0.08,0.08,150000,0
2016-03-10,07:05:00,0.079,0.08,0.079,0.08,950000,0
2016-03-11,03:10:00,0.079,0.079,0.079,0.079,150000,0
2016-03-11,03:50:00,0.079,0.079,0.079,0.079,200000,0
2016-03-11,04:00:00,0.079,0.079,0.078,0.078,100000,0
2016-03-11,04:40:00,0.078,0.078,0.078,0.078,550000,0
2016-03-11,04:50:00,0.078,0.078,0.078,0.078,100000,0
2016-03-11,06:15:00,0.078,0.078,0.078,0.078,500000,0
2016-03-11,06:20:00,0.078,0.078,0.078,0.078,150000,0
2016-03-11,06:25:00,0.078,0.078,0.078,0.078,350000,0
2016-03-11,07:10:00,0.077,0.079,0.077,0.079,300000,0
2016-03-11,08:05:00,0.078,0.078,0.078,0.078,200000,0
2016-03-11,08:15:00,0.078,0.078,0.078,0.078,50000,0
2016-03-11,08:40:00,0.078,0.079,0.078,0.079,500000,0
2016-03-11,08:45:00,0.079,0.079,0.078,0.078,300000,0
2016-03-11,08:50:00,0.078,0.078,0.077,0.078,500000,0
2016-03-14,04:05:00,0.078,0.081,0.078,0.081,1000000,0
2016-03-14,04:15:00,0.081,0.081,0.081,0.081,100000,0
2016-03-14,04:20:00,0.081,0.081,0.081,0.081,100000,0
2016-03-14,04:25:00,0.081,0.081,0.081,0.081,500000,0
2016-03-14,04:35:00,0.081,0.081,0.081,0.081,200000,0
2016-03-14,04:45:00,0.08,0.08,0.08,0.08,250000,0
2016-03-14,06:10:00,0.08,0.08,0.08,0.08,150000,0
2016-03-14,06:25:00,0.08,0.081,0.08,0.081,450000,0
2016-03-14,06:30:00,0.081,0.082,0.081,0.082,300000,0
2016-03-14,07:10:00,0.081,0.081,0.08,0.08,600000,0
2016-03-14,07:20:00,0.08,0.081,0.08,0.08,300000,0
2016-03-14,07:25:00,0.08,0.08,0.08,0.08,100000,0
2016-03-14,08:15:00,0.08,0.08,0.079,0.079,1000000,0
2016-03-14,08:30:00,0.079,0.081,0.079,0.08,800000,0
2016-03-14,08:35:00,0.08,0.08,0.08,0.08,100000,0
2016-03-14,08:45:00,0.08,0.08,0.08,0.08,100000,0
2016-03-14,09:00:00,0.08,0.081,0.08,0.081,300000,0
2016-03-15,03:00:00,0.08,0.081,0.08,0.08,200000,0
2016-03-15,05:00:00,0.08,0.08,0.08,0.08,50000,0
2016-03-15,06:55:00,0.078,0.079,0.078,0.079,100000,0
2016-03-15,07:00:00,0.079,0.079,0.079,0.079,100000,0
2016-03-15,08:00:00,0.079,0.079,0.079,0.079,3038,0
2016-03-15,08:25:00,0.079,0.079,0.079,0.079,50000,0
2016-03-15,08:35:00,0.079,0.079,0.079,0.079,100000,0
2016-03-15,08:55:00,0.078,0.08,0.078,0.08,200000,0
2016-03-16,02:35:00,0.08,0.08,0.08,0.08,50000,0
2016-03-16,03:40:00,0.078,0.08,0.078,0.08,100000,0
2016-03-16,03:45:00,0.08,0.08,0.08,0.08,700000,0
2016-03-16,04:10:00,0.079,0.079,0.079,0.079,100000,0
2016-03-16,04:45:00,0.079,0.079,0.078,0.078,100000,0
2016-03-16,04:55:00,0.078,0.078,0.078,0.078,150000,0
2016-03-16,06:05:00,0.078,0.078,0.078,0.078,100000,0
2016-03-16,06:25:00,0.078,0.078,0.078,0.078,200000,0
2016-03-16,06:30:00,0.078,0.078,0.078,0.078,250000,0
2016-03-16,06:50:00,0.078,0.078,0.078,0.078,100000,0
2016-03-16,07:45:00,0.078,0.079,0.078,0.079,650000,0
2016-03-16,08:30:00,0.079,0.079,0.079,0.079,200000,0
2016-03-17,02:50:00,0.081,0.082,0.079,0.082,550000,0
2016-03-17,03:10:00,0.081,0.081,0.081,0.081,100000,0
2016-03-17,03:25:00,0.081,0.081,0.08,0.08,300000,0
2016-03-17,03:40:00,0.08,0.08,0.08,0.08,400000,0
2016-03-17,04:05:00,0.08,0.08,0.079,0.079,700000,0
2016-03-17,06:15:00,0.079,0.081,0.079,0.081,3150000,0
2016-03-17,06:55:00,0.081,0.081,0.081,0.081,100000,0
2016-03-17,07:35:00,0.078,0.081,0.078,0.081,100000,0
2016-03-17,07:45:00,0.081,0.081,0.08,0.08,1000000,0
2016-03-17,07:55:00,0.08,0.081,0.08,0.08,600000,0
2016-03-18,03:25:00,0.079,0.081,0.079,0.081,1100000,0
2016-03-18,03:35:00,0.081,0.081,0.081,0.081,600000,0
2016-03-18,03:40:00,0.081,0.081,0.081,0.081,450000,0
2016-03-18,03:50:00,0.081,0.081,0.081,0.081,50000,0
2016-03-18,04:10:00,0.081,0.081,0.081,0.081,500000,0
2016-03-18,04:15:00,0.081,0.081,0.081,0.081,750000,0
2016-03-18,04:25:00,0.081,0.081,0.08,0.08,950000,0
2016-03-18,04:30:00,0.08,0.08,0.079,0.079,300000,0
2016-03-18,04:50:00,0.079,0.08,0.079,0.08,850000,0
2016-03-18,06:35:00,0.08,0.08,0.08,0.08,50000,0
2016-03-18,06:45:00,0.08,0.08,0.08,0.08,100000,0
2016-03-18,07:05:00,0.08,0.08,0.08,0.08,150000,0
2016-03-18,07:15:00,0.08,0.08,0.08,0.08,350000,0
2016-03-18,07:45:00,0.08,0.081,0.08,0.081,200000,0
2016-03-18,07:55:00,0.081,0.081,0.081,0.081,100000,0
2016-03-18,08:05:00,0.081,0.081,0.081,0.081,1850000,0
2016-03-18,08:10:00,0.081,0.081,0.081,0.081,100000,0
2016-03-18,08:15:00,0.081,0.081,0.081,0.081,200000,0
2016-03-18,08:20:00,0.081,0.082,0.081,0.082,1000000,0
2016-03-18,08:25:00,0.082,0.082,0.082,0.082,150000,0
2016-03-18,08:30:00,0.082,0.082,0.082,0.082,100000,0
2016-03-18,08:35:00,0.082,0.082,0.082,0.082,150000,0
2016-03-18,08:40:00,0.082,0.082,0.082,0.082,50000,0
2016-03-18,08:45:00,0.082,0.082,0.082,0.082,600000,0
2016-03-18,08:50:00,0.082,0.082,0.082,0.082,250000,0
2016-03-18,09:00:00,0.082,0.082,0.081,0.081,750000,0
2016-03-21,04:10:00,0.081,0.082,0.081,0.082,900000,0
2016-03-21,04:15:00,0.082,0.083,0.082,0.083,300000,0
2016-03-21,04:20:00,0.083,0.083,0.083,0.083,400000,0
2016-03-21,04:25:00,0.083,0.083,0.083,0.083,350000,0
2016-03-21,04:30:00,0.083,0.083,0.083,0.083,750000,0
2016-03-21,04:35:00,0.083,0.084,0.083,0.084,2200000,0
2016-03-21,04:40:00,0.084,0.085,0.084,0.085,900000,0
2016-03-21,04:50:00,0.085,0.085,0.085,0.085,350000,0
2016-03-21,04:55:00,0.085,0.085,0.085,0.085,400000,0
2016-03-21,05:00:00,0.085,0.086,0.085,0.086,300000,0
2016-03-21,06:05:00,0.085,0.086,0.085,0.086,750000,0
2016-03-21,06:10:00,0.085,0.085,0.084,0.084,775000,0
2016-03-21,06:15:00,0.084,0.084,0.084,0.084,100000,0
2016-03-21,06:20:00,0.084,0.084,0.084,0.084,100000,0
2016-03-21,06:25:00,0.084,0.084,0.084,0.084,100000,0
2016-03-21,06:55:00,0.084,0.084,0.083,0.083,1262500,0
2016-03-21,07:00:00,0.083,0.084,0.083,0.084,400000,0
2016-03-21,07:20:00,0.084,0.084,0.083,0.083,100000,0
2016-03-21,07:30:00,0.083,0.083,0.083,0.083,200000,0
2016-03-21,07:35:00,0.083,0.083,0.083,0.083,100000,0
2016-03-21,07:40:00,0.083,0.083,0.083,0.083,300000,0
2016-03-21,07:45:00,0.083,0.083,0.083,0.083,100000,0
2016-03-21,08:10:00,0.083,0.084,0.083,0.084,350000,0
2016-03-21,08:20:00,0.084,0.084,0.084,0.084,100000,0
2016-03-21,08:25:00,0.084,0.084,0.083,0.083,112500,0
2016-03-21,08:40:00,0.083,0.084,0.083,0.084,200000,0
2016-03-21,08:45:00,0.084,0.084,0.084,0.084,50000,0
2016-03-21,08:55:00,0.084,0.084,0.084,0.084,100000,0
2016-03-21,09:00:00,0.084,0.084,0.084,0.084,450000,0
2016-03-22,02:50:00,0.082,0.084,0.082,0.082,100000,0
2016-03-22,03:20:00,0.083,0.083,0.083,0.083,100000,0
2016-03-22,03:25:00,0.083,0.083,0.083,0.083,1800000,0
2016-03-22,03:30:00,0.083,0.083,0.083,0.083,450000,0
2016-03-22,03:35:00,0.083,0.083,0.083,0.083,800000,0
2016-03-22,03:40:00,0.083,0.083,0.083,0.083,150000,0
2016-03-22,03:45:00,0.083,0.083,0.082,0.082,500000,0
2016-03-22,06:05:00,0.081,0.082,0.081,0.082,250000,0
2016-03-22,07:00:00,0.081,0.082,0.081,0.082,400000,0
2016-03-22,07:25:00,0.082,0.082,0.082,0.082,400000,0
2016-03-22,07:35:00,0.082,0.082,0.082,0.082,150000,0
2016-03-22,07:40:00,0.082,0.082,0.082,0.082,150000,0
2016-03-22,07:45:00,0.082,0.082,0.082,0.082,250000,0
2016-03-22,08:05:00,0.082,0.082,0.082,0.082,250000,0
2016-03-22,08:20:00,0.081,0.082,0.081,0.082,100000,0
2016-03-22,08:45:00,0.082,0.082,0.082,0.082,200000,0
2016-03-22,08:55:00,0.082,0.082,0.082,0.082,500000,0
2016-03-22,09:00:00,0.082,0.082,0.082,0.082,300000,0
2016-03-23,02:35:00,0.086,0.086,0.082,0.085,600000,0
2016-03-23,04:05:00,0.085,0.085,0.085,0.085,50000,0
2016-03-23,04:45:00,0.085,0.085,0.082,0.082,300000,0
2016-03-23,06:05:00,0.082,0.082,0.082,0.082,200000,0
2016-03-23,07:15:00,0.081,0.082,0.081,0.082,100000,0
2016-03-23,07:40:00,0.082,0.083,0.082,0.083,100000,0
2016-03-23,07:45:00,0.083,0.083,0.082,0.082,175000,0
2016-03-23,07:55:00,0.082,0.082,0.082,0.082,100000,0
2016-03-23,08:05:00,0.082,0.082,0.082,0.082,105000,0
2016-03-23,08:25:00,0.082,0.082,0.082,0.082,50000,0
2016-03-23,08:30:00,0.082,0.083,0.082,0.083,500000,0
2016-03-23,08:40:00,0.083,0.083,0.083,0.083,200000,0
2016-03-23,08:45:00,0.083,0.083,0.083,0.083,400000,0
2016-03-24,03:55:00,0.081,0.083,0.081,0.082,900000,0
2016-03-24,04:00:00,0.082,0.083,0.082,0.083,100000,0
2016-03-24,04:05:00,0.083,0.083,0.083,0.083,50000,0
2016-03-24,04:15:00,0.083,0.083,0.083,0.083,25000,0
2016-03-24,04:20:00,0.082,0.082,0.082,0.082,900000,0
2016-03-24,04:30:00,0.082,0.082,0.082,0.082,300000,0
2016-03-24,05:00:00,0.082,0.083,0.082,0.083,1400000,0
2016-03-24,06:05:00,0.083,0.083,0.083,0.083,300000,0
2016-03-24,06:25:00,0.083,0.083,0.082,0.082,150000,0
2016-03-24,06:55:00,0.082,0.082,0.082,0.082,150000,0
2016-03-24,07:00:00,0.082,0.082,0.082,0.082,200000,0
2016-03-24,07:20:00,0.082,0.082,0.082,0.082,50000,0
2016-03-24,07:40:00,0.082,0.082,0.082,0.082,200000,0
2016-03-24,08:15:00,0.082,0.082,0.081,0.081,100000,0
2016-03-24,08:30:00,0.081,0.081,0.081,0.081,100000,0
2016-03-24,08:35:00,0.081,0.081,0.081,0.081,50000,0
2016-03-24,08:45:00,0.081,0.081,0.081,0.081,250000,0
2016-03-24,09:00:00,0.081,0.081,0.081,0.081,100000,0
2016-03-29,04:00:00,0.081,0.081,0.081,0.081,400000,0
2016-03-29,04:20:00,0.081,0.081,0.081,0.081,300000,0
2016-03-29,04:25:00,0.081,0.081,0.08,0.081,1300000,0
2016-03-29,04:30:00,0.081,0.081,0.081,0.081,200000,0
2016-03-29,08:30:00,0.08,0.081,0.08,0.081,600000,0
2016-03-29,08:50:00,0.08,0.081,0.08,0.081,200000,0
2016-03-29,09:25:00,0.08,0.081,0.08,0.081,100000,0
2016-03-29,09:40:00,0.081,0.081,0.081,0.081,900000,0
2016-03-30,03:40:00,0.081,0.081,0.08,0.081,400000,0
2016-03-30,04:00:00,0.081,0.081,0.08,0.08,200000,0
2016-03-30,04:10:00,0.08,0.08,0.079,0.079,350000,0
2016-03-30,04:15:00,0.079,0.079,0.079,0.079,100000,0
2016-03-30,04:20:00,0.079,0.079,0.079,0.079,300000,0
2016-03-30,04:45:00,0.079,0.079,0.079,0.079,550000,0
2016-03-30,04:55:00,0.079,0.079,0.078,0.078,1900000,0
2016-03-30,05:05:00,0.078,0.079,0.078,0.079,250000,0
2016-03-30,05:10:00,0.078,0.078,0.078,0.078,200000,0
2016-03-30,05:15:00,0.078,0.078,0.078,0.078,125000,0
2016-03-30,07:40:00,0.078,0.079,0.078,0.079,400000,0
2016-03-30,07:55:00,0.079,0.08,0.079,0.08,800000,0
2016-03-30,08:15:00,0.08,0.08,0.079,0.079,300000,0
2016-03-30,08:20:00,0.079,0.079,0.079,0.079,12500,0
2016-03-30,08:30:00,0.079,0.079,0.079,0.079,50000,0
2016-03-30,08:40:00,0.079,0.079,0.079,0.079,250000,0
2016-03-30,08:45:00,0.079,0.079,0.078,0.079,1550000,0
2016-03-30,08:55:00,0.079,0.079,0.079,0.079,315000,0
2016-03-30,09:20:00,0.079,0.079,0.079,0.079,50000,0
2016-03-30,09:40:00,0.079,0.079,0.079,0.079,50000,0
2016-03-30,09:55:00,0.079,0.079,0.078,0.078,350000,0
2016-03-30,10:00:00,0.078,0.08,0.078,0.08,100000,0
2016-03-31,03:35:00,0.081,0.081,0.08,0.081,1000000,0
2016-03-31,03:55:00,0.081,0.081,0.081,0.081,100000,0
2016-03-31,04:10:00,0.081,0.081,0.079,0.079,700000,0
2016-03-31,04:20:00,0.08,0.081,0.08,0.081,950000,0
2016-03-31,04:30:00,0.081,0.081,0.081,0.081,1000000,0
2016-03-31,08:10:00,0.08,0.08,0.079,0.079,150000,0
2016-03-31,08:20:00,0.079,0.079,0.079,0.079,50000,0
2016-03-31,08:25:00,0.079,0.079,0.079,0.079,150000,0
2016-03-31,08:30:00,0.079,0.079,0.078,0.078,850000,0
2016-03-31,08:55:00,0.077,0.078,0.077,0.078,350000,0
2016-03-31,09:10:00,0.078,0.078,0.078,0.078,50000,0
2016-03-31,09:15:00,0.078,0.078,0.078,0.078,30000,0
2016-03-31,09:40:00,0.077,0.078,0.077,0.078,500000,0
2016-03-31,09:45:00,0.078,0.078,0.078,0.078,300000,0
2016-04-01,04:00:00,0.078,0.078,0.078,0.078,100000,0
2016-04-01,04:05:00,0.078,0.078,0.078,0.078,250000,0
2016-04-01,04:10:00,0.078,0.078,0.078,0.078,600000,0
2016-04-01,05:35:00,0.078,0.078,0.078,0.078,300000,0
2016-04-01,05:50:00,0.078,0.078,0.078,0.078,400000,0
2016-04-01,07:05:00,0.078,0.078,0.078,0.078,850000,0
2016-04-01,07:10:00,0.078,0.078,0.078,0.078,50000,0
2016-04-01,07:30:00,0.078,0.078,0.078,0.078,150000,0
2016-04-01,08:00:00,0.078,0.078,0.077,0.077,2150000,0
2016-04-01,08:10:00,0.077,0.077,0.077,0.077,500000,0
2016-04-01,08:25:00,0.077,0.077,0.077,0.077,100000,0
2016-04-01,08:30:00,0.077,0.077,0.076,0.076,500000,0
2016-04-01,09:10:00,0.077,0.077,0.077,0.077,200000,0
2016-04-01,09:20:00,0.077,0.077,0.076,0.076,900000,0
2016-04-01,09:35:00,0.075,0.076,0.075,0.076,200000,0
2016-04-01,09:50:00,0.076,0.076,0.076,0.076,150000,0
2016-04-05,04:05:00,0.076,0.076,0.076,0.076,100000,0
2016-04-05,04:50:00,0.075,0.075,0.075,0.075,100000,0
2016-04-05,07:50:00,0.074,0.075,0.074,0.075,400000,0
2016-04-05,08:00:00,0.075,0.075,0.075,0.075,400000,0
2016-04-05,08:45:00,0.075,0.075,0.075,0.075,600000,0
2016-04-05,09:05:00,0.075,0.075,0.075,0.075,50000,0
2016-04-05,09:10:00,0.075,0.075,0.075,0.075,50000,0
2016-04-06,03:50:00,0.075,0.075,0.075,0.075,50000,0
2016-04-06,04:00:00,0.075,0.076,0.075,0.076,150000,0
2016-04-06,04:20:00,0.076,0.076,0.076,0.076,12500,0
2016-04-06,04:45:00,0.076,0.076,0.075,0.075,100000,0
2016-04-06,04:50:00,0.075,0.075,0.075,0.075,50000,0
2016-04-06,07:40:00,0.075,0.075,0.075,0.075,900000,0
2016-04-06,08:50:00,0.075,0.075,0.074,0.074,700000,0
2016-04-06,09:10:00,0.074,0.074,0.074,0.074,150000,0
2016-04-06,09:45:00,0.073,0.074,0.073,0.074,200000,0
2016-04-06,09:55:00,0.074,0.074,0.074,0.074,150000,0
2016-04-06,10:00:00,0.074,0.074,0.074,0.074,200000,0
2016-04-07,03:55:00,0.074,0.074,0.074,0.074,100000,0
2016-04-07,05:30:00,0.073,0.076,0.073,0.076,600000,0
2016-04-07,05:50:00,0.076,0.076,0.076,0.076,700000,0
2016-04-07,07:15:00,0.076,0.076,0.076,0.076,400000,0
2016-04-07,07:35:00,0.076,0.076,0.076,0.076,50000,0
2016-04-07,08:40:00,0.076,0.076,0.076,0.076,700000,0
2016-04-07,08:50:00,0.076,0.078,0.076,0.078,600000,0
2016-04-07,09:25:00,0.078,0.079,0.078,0.079,127500,0
2016-04-07,09:55:00,0.078,0.078,0.077,0.077,200000,0
2016-04-08,04:35:00,0.075,0.077,0.075,0.075,400000,0
2016-04-08,08:10:00,0.076,0.076,0.076,0.076,100000,0
2016-04-08,08:15:00,0.076,0.076,0.076,0.076,1500,0
2016-04-08,08:20:00,0.076,0.076,0.075,0.076,1250000,0
2016-04-08,08:30:00,0.076,0.076,0.076,0.076,250000,0
2016-04-08,08:35:00,0.076,0.076,0.075,0.075,300000,0
2016-04-08,08:45:00,0.075,0.075,0.075,0.075,200000,0
2016-04-08,09:20:00,0.074,0.075,0.074,0.075,100000,0
2016-04-08,10:00:00,0.075,0.075,0.075,0.075,350000,0
2016-04-11,03:35:00,0.075,0.077,0.075,0.077,1100000,0
2016-04-11,03:45:00,0.077,0.077,0.077,0.077,250000,0
2016-04-11,04:40:00,0.077,0.077,0.076,0.076,400000,0
2016-04-11,04:45:00,0.076,0.076,0.076,0.076,100000,0
2016-04-11,06:00:00,0.077,0.077,0.077,0.077,300000,0
2016-04-11,07:05:00,0.077,0.077,0.077,0.077,300000,0
2016-04-11,07:10:00,0.077,0.077,0.077,0.077,300000,0
2016-04-11,07:15:00,0.077,0.078,0.077,0.078,1000000,0
2016-04-11,07:25:00,0.078,0.078,0.077,0.077,400000,0
2016-04-11,08:00:00,0.077,0.077,0.077,0.077,50000,0
2016-04-11,08:30:00,0.077,0.077,0.077,0.077,300000,0
2016-04-11,08:40:00,0.077,0.077,0.076,0.076,1300000,0
2016-04-11,08:45:00,0.076,0.076,0.076,0.076,300000,0
2016-04-11,09:05:00,0.076,0.076,0.076,0.076,50000,0
2016-04-11,09:10:00,0.076,0.076,0.076,0.076,5000,0
2016-04-11,09:20:00,0.076,0.076,0.076,0.076,400000,0
2016-04-11,09:30:00,0.076,0.078,0.076,0.077,800000,0
2016-04-11,09:35:00,0.078,0.078,0.076,0.076,500000,0
2016-04-11,09:45:00,0.076,0.076,0.076,0.076,50000,0
2016-04-12,04:30:00,0.075,0.075,0.075,0.075,150000,0
2016-04-12,05:40:00,0.075,0.075,0.075,0.075,600000,0
2016-04-12,05:45:00,0.075,0.075,0.075,0.075,300000,0
2016-04-12,07:10:00,0.075,0.075,0.075,0.075,300000,0
2016-04-12,07:15:00,0.075,0.075,0.075,0.075,250000,0
2016-04-12,07:20:00,0.075,0.075,0.075,0.075,200000,0
2016-04-12,08:05:00,0.075,0.075,0.075,0.075,100000,0
2016-04-12,09:55:00,0.075,0.075,0.075,0.075,500000,0
2016-04-13,04:00:00,0.076,0.076,0.076,0.076,400000,0
2016-04-13,04:10:00,0.076,0.076,0.076,0.076,500000,0
2016-04-13,04:20:00,0.076,0.076,0.076,0.076,500000,0
2016-04-13,04:25:00,0.076,0.076,0.076,0.076,250000,0
2016-04-13,04:30:00,0.076,0.076,0.076,0.076,150000,0
2016-04-13,04:35:00,0.076,0.076,0.076,0.076,2,0
2016-04-13,05:00:00,0.076,0.076,0.076,0.076,300000,0
2016-04-13,05:05:00,0.076,0.076,0.076,0.076,200000,0
2016-04-13,05:15:00,0.076,0.076,0.075,0.075,200000,0
2016-04-13,05:45:00,0.076,0.077,0.076,0.076,600000,0
2016-04-13,05:55:00,0.076,0.076,0.075,0.075,300000,0
2016-04-13,07:15:00,0.075,0.076,0.075,0.076,300000,0
2016-04-13,07:55:00,0.076,0.076,0.076,0.076,50000,0
2016-04-13,08:40:00,0.076,0.076,0.076,0.076,150000,0
2016-04-13,08:50:00,0.076,0.076,0.076,0.076,150000,0
2016-04-13,08:55:00,0.076,0.076,0.076,0.076,100000,0
2016-04-13,09:00:00,0.076,0.076,0.076,0.076,150000,0
2016-04-13,09:10:00,0.076,0.076,0.076,0.076,50000,0
2016-04-13,09:55:00,0.076,0.076,0.076,0.076,100000,0
