Date,Time,Open,High,Low,Close,Volume,OpenInt
2016-03-15,02:35:00,1.86,1.89,1.85,1.86,134000,0
2016-03-15,02:45:00,1.86,1.87,1.86,1.87,5000,0
2016-03-15,02:50:00,1.87,1.89,1.87,1.89,46000,0
2016-03-15,02:55:00,1.89,1.89,1.88,1.88,44000,0
2016-03-15,03:00:00,1.88,1.88,1.88,1.88,1000,0
2016-03-15,03:05:00,1.88,1.88,1.87,1.87,4000,0
2016-03-15,03:10:00,1.87,1.87,1.87,1.87,2000,0
2016-03-15,03:15:00,1.87,1.87,1.87,1.87,10000,0
2016-03-15,03:20:00,1.87,1.87,1.87,1.87,12000,0
2016-03-15,03:25:00,1.87,1.88,1.87,1.88,161000,0
2016-03-15,03:30:00,1.88,1.89,1.88,1.88,13000,0
2016-03-15,03:35:00,1.88,1.88,1.88,1.88,1000,0
2016-03-15,03:40:00,1.88,1.89,1.87,1.88,113000,0
2016-03-15,03:45:00,1.88,1.89,1.88,1.89,7000,0
2016-03-15,03:50:00,1.89,1.89,1.88,1.89,14000,0
2016-03-15,03:55:00,1.89,1.89,1.88,1.88,7000,0
2016-03-15,04:00:00,1.88,1.88,1.87,1.87,13000,0
2016-03-15,04:05:00,1.87,1.88,1.87,1.87,28000,0
2016-03-15,04:10:00,1.87,1.87,1.87,1.87,5000,0
2016-03-15,04:15:00,1.87,1.87,1.87,1.87,7000,0
2016-03-15,04:20:00,1.87,1.88,1.87,1.88,45000,0
2016-03-15,04:25:00,1.88,1.88,1.87,1.87,29000,0
2016-03-15,04:30:00,1.87,1.88,1.87,1.87,6000,0
2016-03-15,04:35:00,1.87,1.88,1.87,1.87,9000,0
2016-03-15,04:40:00,1.87,1.88,1.87,1.87,26000,0
2016-03-15,04:45:00,1.87,1.87,1.87,1.87,8000,0
2016-03-15,04:50:00,1.87,1.88,1.87,1.88,7000,0
2016-03-15,04:55:00,1.88,1.88,1.87,1.87,4000,0
2016-03-15,05:00:00,1.87,1.88,1.87,1.88,3000,0
2016-03-15,06:05:00,1.88,1.88,1.87,1.87,95000,0
2016-03-15,06:10:00,1.87,1.9,1.87,1.88,148000,0
2016-03-15,06:15:00,1.88,1.88,1.88,1.88,8000,0
2016-03-15,06:20:00,1.88,1.88,1.88,1.88,2000,0
2016-03-15,06:25:00,1.88,1.88,1.87,1.88,109000,0
2016-03-15,06:35:00,1.88,1.88,1.88,1.88,1000,0
2016-03-15,06:40:00,1.88,1.88,1.87,1.87,4000,0
2016-03-15,06:45:00,1.87,1.87,1.87,1.87,3000,0
2016-03-15,06:50:00,1.87,1.87,1.87,1.87,18000,0
2016-03-15,06:55:00,1.87,1.88,1.87,1.87,16000,0
2016-03-15,07:00:00,1.87,1.87,1.86,1.87,40000,0
2016-03-15,07:05:00,1.87,1.87,1.86,1.87,5000,0
2016-03-15,07:10:00,1.87,1.88,1.87,1.88,182000,0
2016-03-15,07:15:00,1.88,1.88,1.88,1.88,1000,0
2016-03-15,07:25:00,1.88,1.88,1.88,1.88,2000,0
2016-03-15,07:30:00,1.88,1.88,1.87,1.87,17000,0
2016-03-15,07:35:00,1.87,1.87,1.87,1.87,2000,0
2016-03-15,07:40:00,1.87,1.88,1.87,1.88,4000,0
2016-03-15,07:45:00,1.88,1.88,1.87,1.88,6000,0
2016-03-15,07:50:00,1.88,1.88,1.87,1.88,6000,0
2016-03-15,07:55:00,1.88,1.89,1.88,1.89,19000,0
2016-03-15,08:00:00,1.89,1.89,1.88,1.88,24000,0
2016-03-15,08:05:00,1.88,1.88,1.88,1.88,6000,0
2016-03-15,08:10:00,1.88,1.88,1.88,1.88,2000,0
2016-03-15,08:15:00,1.88,1.89,1.88,1.89,20000,0
2016-03-15,08:20:00,1.89,1.89,1.89,1.89,5000,0
2016-03-15,08:25:00,1.89,1.89,1.88,1.88,11000,0
2016-03-15,08:30:00,1.88,1.9,1.88,1.9,194000,0
2016-03-15,08:35:00,1.9,1.9,1.89,1.89,7000,0
2016-03-15,08:40:00,1.89,1.89,1.88,1.88,2000,0
2016-03-15,08:45:00,1.89,1.9,1.88,1.88,47000,0
2016-03-15,08:50:00,1.88,1.89,1.88,1.89,7000,0
2016-03-15,08:55:00,1.89,1.89,1.88,1.88,22000,0
2016-03-15,09:00:00,1.88,1.89,1.88,1.88,48000,0
2016-03-16,02:35:00,1.93,1.93,1.9,1.9,89000,0
2016-03-16,02:40:00,1.9,1.9,1.87,1.87,7000,0
2016-03-16,02:45:00,1.88,1.88,1.88,1.88,9000,0
2016-03-16,02:50:00,1.88,1.89,1.88,1.89,79000,0
2016-03-16,02:55:00,1.89,1.9,1.89,1.9,21000,0
2016-03-16,03:00:00,1.9,1.91,1.9,1.91,66000,0
2016-03-16,03:05:00,1.91,1.91,1.9,1.9,23000,0
2016-03-16,03:15:00,1.9,1.9,1.89,1.89,10000,0
2016-03-16,03:20:00,1.89,1.9,1.89,1.9,20000,0
2016-03-16,03:25:00,1.9,1.9,1.89,1.89,2000,0
2016-03-16,03:30:00,1.89,1.89,1.89,1.89,1000,0
2016-03-16,03:35:00,1.89,1.9,1.88,1.88,94000,0
2016-03-16,03:40:00,1.88,1.88,1.88,1.88,64000,0
2016-03-16,03:45:00,1.88,1.89,1.88,1.89,17000,0
2016-03-16,03:50:00,1.89,1.89,1.89,1.89,7000,0
2016-03-16,03:55:00,1.89,1.89,1.89,1.89,6000,0
2016-03-16,04:00:00,1.89,1.89,1.89,1.89,21000,0
2016-03-16,04:05:00,1.89,1.89,1.89,1.89,17000,0
2016-03-16,04:10:00,1.89,1.89,1.88,1.88,11000,0
2016-03-16,04:15:00,1.88,1.89,1.88,1.89,39000,0
2016-03-16,04:20:00,1.89,1.89,1.89,1.89,1000,0
2016-03-16,04:25:00,1.89,1.89,1.87,1.87,95000,0
2016-03-16,04:30:00,1.87,1.87,1.87,1.87,16000,0
2016-03-16,04:35:00,1.87,1.88,1.87,1.88,13000,0
2016-03-16,04:40:00,1.88,1.88,1.87,1.88,14000,0
2016-03-16,04:45:00,1.88,1.88,1.88,1.88,6000,0
2016-03-16,04:50:00,1.88,1.88,1.87,1.87,6000,0
2016-03-16,04:55:00,1.87,1.88,1.87,1.88,12000,0
2016-03-16,05:00:00,1.88,1.88,1.87,1.87,40000,0
2016-03-16,06:05:00,1.87,1.88,1.87,1.87,26000,0
2016-03-16,06:10:00,1.87,1.88,1.87,1.87,28000,0
2016-03-16,06:15:00,1.87,1.87,1.87,1.87,5000,0
2016-03-16,06:20:00,1.87,1.88,1.87,1.88,46000,0
2016-03-16,06:25:00,1.88,1.88,1.87,1.87,20000,0
2016-03-16,06:30:00,1.87,1.88,1.87,1.87,33000,0
2016-03-16,06:35:00,1.87,1.88,1.87,1.87,33000,0
2016-03-16,06:40:00,1.87,1.88,1.87,1.88,35000,0
2016-03-16,06:45:00,1.88,1.88,1.87,1.87,21000,0
2016-03-16,06:50:00,1.87,1.88,1.87,1.87,41000,0
2016-03-16,06:55:00,1.87,1.88,1.87,1.87,36000,0
2016-03-16,07:00:00,1.87,1.88,1.87,1.87,47000,0
2016-03-16,07:05:00,1.87,1.88,1.87,1.88,15000,0
2016-03-16,07:10:00,1.88,1.88,1.88,1.88,11000,0
2016-03-16,07:15:00,1.88,1.88,1.87,1.88,9000,0
2016-03-16,07:25:00,1.88,1.88,1.87,1.88,10000,0
2016-03-16,07:30:00,1.88,1.88,1.87,1.88,18000,0
2016-03-16,07:35:00,1.88,1.88,1.87,1.87,202000,0
2016-03-16,07:40:00,1.87,1.88,1.87,1.88,7000,0
2016-03-16,07:45:00,1.88,1.88,1.87,1.88,14000,0
2016-03-16,07:50:00,1.88,1.88,1.87,1.88,60000,0
2016-03-16,07:55:00,1.88,1.88,1.88,1.88,16000,0
2016-03-16,08:00:00,1.88,1.88,1.87,1.88,19000,0
2016-03-16,08:05:00,1.88,1.88,1.88,1.88,117000,0
2016-03-16,08:10:00,1.88,1.89,1.88,1.89,16000,0
2016-03-16,08:15:00,1.89,1.89,1.89,1.89,10000,0
2016-03-16,08:20:00,1.89,1.89,1.88,1.89,21000,0
2016-03-16,08:25:00,1.89,1.89,1.88,1.89,52000,0
2016-03-16,08:30:00,1.89,1.89,1.88,1.88,11000,0
2016-03-16,08:35:00,1.88,1.89,1.88,1.89,19000,0
2016-03-16,08:40:00,1.89,1.89,1.88,1.89,20000,0
2016-03-16,08:45:00,1.89,1.98,1.89,1.92,1087000,0
2016-03-16,08:50:00,1.92,1.92,1.92,1.92,3000,0
2016-03-16,08:55:00,1.92,1.92,1.91,1.91,21000,0
2016-03-16,09:00:00,1.91,1.91,1.9,1.91,321000,0
2016-03-17,02:35:00,1.96,1.96,1.94,1.96,265000,0
2016-03-17,02:40:00,1.96,1.96,1.94,1.94,197000,0
2016-03-17,02:45:00,1.94,1.94,1.93,1.93,8000,0
2016-03-17,02:50:00,1.93,1.93,1.93,1.93,16000,0
2016-03-17,02:55:00,1.92,1.92,1.92,1.92,37000,0
2016-03-17,03:00:00,1.92,1.92,1.92,1.92,20000,0
2016-03-17,03:10:00,1.92,1.92,1.91,1.92,67000,0
2016-03-17,03:15:00,1.92,1.94,1.92,1.93,93000,0
2016-03-17,03:20:00,1.93,1.95,1.93,1.94,63000,0
2016-03-17,03:25:00,1.94,1.94,1.94,1.94,74000,0
2016-03-17,03:30:00,1.94,1.94,1.93,1.93,9000,0
2016-03-17,03:35:00,1.93,1.94,1.93,1.94,33000,0
2016-03-17,03:40:00,1.94,1.94,1.94,1.94,1000,0
2016-03-17,03:45:00,1.94,1.94,1.93,1.93,12000,0
2016-03-17,03:50:00,1.93,1.94,1.93,1.94,25000,0
2016-03-17,03:55:00,1.94,1.94,1.93,1.94,13000,0
2016-03-17,04:10:00,1.94,1.94,1.93,1.93,39000,0
2016-03-17,04:15:00,1.93,1.93,1.93,1.93,10000,0
2016-03-17,04:20:00,1.93,1.94,1.93,1.93,48000,0
2016-03-17,04:25:00,1.93,1.93,1.93,1.93,1000,0
2016-03-17,04:30:00,1.93,1.94,1.93,1.94,166000,0
2016-03-17,04:35:00,1.94,1.96,1.94,1.96,48000,0
2016-03-17,04:40:00,1.96,1.96,1.96,1.96,1000,0
2016-03-17,04:45:00,1.96,1.98,1.96,1.98,275000,0
2016-03-17,04:50:00,1.98,1.98,1.97,1.97,94000,0
2016-03-17,04:55:00,1.97,1.97,1.97,1.97,84000,0
2016-03-17,05:00:00,1.97,1.97,1.96,1.97,31559,0
2016-03-17,06:05:00,1.97,1.97,1.96,1.97,45000,0
2016-03-17,06:10:00,1.97,1.97,1.97,1.97,108000,0
2016-03-17,06:15:00,1.97,1.99,1.97,1.99,140000,0
2016-03-17,06:20:00,1.99,1.99,1.99,1.99,202000,0
2016-03-17,06:25:00,1.99,1.99,1.98,1.98,21000,0
2016-03-17,06:30:00,1.98,1.98,1.98,1.98,12000,0
2016-03-17,06:35:00,1.98,1.99,1.98,1.98,42000,0
2016-03-17,06:40:00,1.98,1.99,1.98,1.98,84000,0
2016-03-17,06:45:00,1.98,1.98,1.97,1.97,29000,0
2016-03-17,06:50:00,1.97,1.97,1.96,1.97,37000,0
2016-03-17,06:55:00,1.97,1.97,1.97,1.97,21000,0
2016-03-17,07:00:00,1.97,1.97,1.97,1.97,11000,0
2016-03-17,07:10:00,1.97,1.98,1.97,1.98,10000,0
2016-03-17,07:15:00,1.98,1.98,1.97,1.98,21000,0
2016-03-17,07:20:00,1.98,1.98,1.98,1.98,11000,0
2016-03-17,07:25:00,1.98,1.98,1.97,1.98,20000,0
2016-03-17,07:30:00,1.98,1.98,1.97,1.98,16000,0
2016-03-17,07:40:00,1.98,1.98,1.97,1.98,16000,0
2016-03-17,07:45:00,1.98,1.98,1.97,1.98,80000,0
2016-03-17,07:50:00,1.98,1.98,1.97,1.98,14000,0
2016-03-17,08:10:00,1.98,1.98,1.97,1.97,18000,0
2016-03-17,08:20:00,1.97,1.97,1.97,1.97,1000,0
2016-03-17,08:30:00,1.97,1.97,1.97,1.97,2000,0
2016-03-17,08:35:00,1.97,1.97,1.97,1.97,1000,0
2016-03-17,08:40:00,1.97,1.97,1.97,1.97,51000,0
2016-03-17,08:45:00,1.97,1.98,1.97,1.97,136000,0
2016-03-17,08:50:00,1.97,1.98,1.97,1.98,119000,0
2016-03-17,08:55:00,1.98,1.98,1.96,1.96,108000,0
2016-03-17,09:00:00,1.96,1.97,1.96,1.96,275000,0
2016-03-18,03:05:00,1.96,1.96,1.95,1.95,4000,0
2016-03-18,03:10:00,1.95,1.96,1.93,1.93,195000,0
2016-03-18,03:15:00,1.93,1.94,1.93,1.94,10000,0
2016-03-18,03:20:00,1.94,1.94,1.92,1.93,296000,0
2016-03-18,03:25:00,1.93,1.93,1.93,1.93,94000,0
2016-03-18,03:30:00,1.93,1.94,1.93,1.94,50000,0
2016-03-18,03:35:00,1.94,1.94,1.93,1.93,51000,0
2016-03-18,03:40:00,1.93,1.93,1.93,1.93,55000,0
2016-03-18,03:45:00,1.93,1.93,1.93,1.93,5000,0
2016-03-18,03:55:00,1.92,1.93,1.92,1.93,91000,0
2016-03-18,04:00:00,1.93,1.94,1.93,1.93,58000,0
2016-03-18,04:10:00,1.93,1.94,1.93,1.93,56000,0
2016-03-18,04:15:00,1.93,1.93,1.93,1.93,90000,0
2016-03-18,04:20:00,1.93,1.94,1.93,1.94,23000,0
2016-03-18,04:30:00,1.94,1.94,1.93,1.94,126000,0
2016-03-18,04:35:00,1.94,1.94,1.94,1.94,20000,0
2016-03-18,04:40:00,1.94,1.95,1.94,1.95,111000,0
2016-03-18,04:50:00,1.95,1.95,1.94,1.94,117000,0
2016-03-18,05:00:00,1.94,1.95,1.93,1.93,272000,0
2016-03-18,06:05:00,1.93,1.95,1.93,1.95,13000,0
2016-03-18,06:10:00,1.94,1.94,1.93,1.94,4000,0
2016-03-18,06:15:00,1.94,1.94,1.93,1.93,25000,0
2016-03-18,06:20:00,1.93,1.94,1.93,1.93,21000,0
2016-03-18,06:25:00,1.93,1.93,1.93,1.93,18000,0
2016-03-18,06:30:00,1.93,1.94,1.93,1.93,28000,0
2016-03-18,06:35:00,1.93,1.93,1.93,1.93,12000,0
2016-03-18,06:40:00,1.93,1.93,1.93,1.93,22000,0
2016-03-18,06:45:00,1.93,1.93,1.93,1.93,31000,0
2016-03-18,06:50:00,1.93,1.93,1.93,1.93,17000,0
2016-03-18,06:55:00,1.93,1.93,1.93,1.93,154000,0
2016-03-18,07:00:00,1.93,1.93,1.93,1.93,115000,0
2016-03-18,07:05:00,1.93,1.94,1.93,1.93,24000,0
2016-03-18,07:15:00,1.92,1.93,1.92,1.93,2000,0
2016-03-18,07:20:00,1.92,1.93,1.92,1.93,14000,0
2016-03-18,07:30:00,1.93,1.93,1.92,1.93,4000,0
2016-03-18,07:35:00,1.92,1.93,1.92,1.93,4000,0
2016-03-18,07:40:00,1.93,1.93,1.93,1.93,316000,0
2016-03-18,07:45:00,1.94,1.94,1.93,1.93,2000,0
2016-03-18,07:55:00,1.93,1.95,1.93,1.93,8000,0
2016-03-18,08:05:00,1.93,1.93,1.93,1.93,14000,0
2016-03-18,08:10:00,1.93,1.94,1.93,1.94,2000,0
2016-03-18,08:15:00,1.94,1.94,1.93,1.94,78000,0
2016-03-18,08:20:00,1.94,1.94,1.93,1.93,5000,0
2016-03-18,08:25:00,1.93,1.94,1.93,1.93,6000,0
2016-03-18,08:30:00,1.93,1.94,1.93,1.93,40000,0
2016-03-18,08:35:00,1.93,1.93,1.92,1.93,12000,0
2016-03-18,08:40:00,1.93,1.93,1.93,1.93,9000,0
2016-03-18,08:50:00,1.92,1.93,1.92,1.93,228000,0
2016-03-18,08:55:00,1.92,1.93,1.92,1.93,130000,0
2016-03-18,09:00:00,1.92,1.99,1.92,1.94,3134000,0
2016-03-21,02:35:00,1.93,1.93,1.93,1.93,1000,0
2016-03-21,02:40:00,1.93,1.93,1.92,1.92,13000,0
2016-03-21,02:45:00,1.92,1.92,1.92,1.92,22000,0
2016-03-21,02:50:00,1.92,1.92,1.92,1.92,1000,0
2016-03-21,02:55:00,1.92,1.92,1.9,1.91,226000,0
2016-03-21,03:05:00,1.91,1.94,1.91,1.94,416000,0
2016-03-21,03:10:00,1.94,1.95,1.94,1.95,195000,0
2016-03-21,03:15:00,1.95,1.95,1.95,1.95,43000,0
2016-03-21,03:20:00,1.95,1.95,1.92,1.92,165000,0
2016-03-21,03:30:00,1.92,1.94,1.92,1.94,162000,0
2016-03-21,03:40:00,1.94,1.95,1.94,1.95,82000,0
2016-03-21,03:45:00,1.95,1.95,1.95,1.95,21000,0
2016-03-21,03:50:00,1.95,1.95,1.95,1.95,2000,0
2016-03-21,03:55:00,1.95,1.95,1.95,1.95,61000,0
2016-03-21,04:00:00,1.95,1.96,1.95,1.95,151000,0
2016-03-21,04:15:00,1.95,1.95,1.95,1.95,1000,0
2016-03-21,04:20:00,1.95,1.95,1.95,1.95,16000,0
2016-03-21,04:25:00,1.95,1.95,1.95,1.95,52000,0
2016-03-21,04:30:00,1.95,1.95,1.94,1.94,52000,0
2016-03-21,04:35:00,1.94,1.95,1.94,1.95,84000,0
2016-03-21,04:40:00,1.95,1.95,1.94,1.94,2000,0
2016-03-21,04:45:00,1.94,1.94,1.94,1.94,1000,0
2016-03-21,04:50:00,1.94,1.95,1.94,1.95,92000,0
2016-03-21,05:00:00,1.95,1.95,1.95,1.95,160000,0
2016-03-21,06:05:00,1.95,1.95,1.94,1.94,2000,0
2016-03-21,06:10:00,1.94,1.95,1.94,1.94,7000,0
2016-03-21,06:15:00,1.94,1.95,1.94,1.94,34000,0
2016-03-21,06:20:00,1.94,1.94,1.94,1.94,12000,0
2016-03-21,06:25:00,1.94,1.94,1.94,1.94,17000,0
2016-03-21,06:30:00,1.94,1.94,1.94,1.94,28000,0
2016-03-21,06:35:00,1.94,1.95,1.94,1.95,6000,0
2016-03-21,06:40:00,1.95,1.95,1.94,1.94,41000,0
2016-03-21,06:45:00,1.94,1.94,1.94,1.94,7000,0
2016-03-21,06:50:00,1.94,1.94,1.94,1.94,35000,0
2016-03-21,06:55:00,1.94,1.94,1.94,1.94,19000,0
2016-03-21,07:00:00,1.94,1.94,1.93,1.93,27000,0
2016-03-21,07:05:00,1.93,1.93,1.93,1.93,1000,0
2016-03-21,07:15:00,1.93,1.93,1.93,1.93,1000,0
2016-03-21,07:25:00,1.93,1.93,1.93,1.93,1000,0
2016-03-21,07:30:00,1.93,1.94,1.93,1.93,8000,0
2016-03-21,07:35:00,1.93,1.93,1.93,1.93,135000,0
2016-03-21,07:45:00,1.93,1.93,1.92,1.92,131000,0
2016-03-21,07:50:00,1.92,1.92,1.91,1.91,2000,0
2016-03-21,07:55:00,1.91,1.92,1.91,1.92,244000,0
2016-03-21,08:05:00,1.92,1.93,1.92,1.93,120000,0
2016-03-21,08:10:00,1.93,1.94,1.93,1.94,4000,0
2016-03-21,08:15:00,1.94,1.94,1.94,1.94,22000,0
2016-03-21,08:20:00,1.94,1.95,1.94,1.94,79000,0
2016-03-21,08:25:00,1.94,1.94,1.94,1.94,32000,0
2016-03-21,08:35:00,1.94,1.94,1.94,1.94,3000,0
2016-03-21,08:45:00,1.94,1.94,1.94,1.94,1000,0
2016-03-21,08:50:00,1.94,1.94,1.94,1.94,51000,0
2016-03-21,08:55:00,1.94,1.94,1.93,1.93,6000,0
2016-03-21,09:00:00,1.93,1.99,1.93,1.99,1040000,0
2016-03-22,02:40:00,1.98,1.98,1.98,1.98,49000,0
2016-03-22,02:50:00,1.98,1.98,1.98,1.98,39000,0
2016-03-22,03:00:00,1.98,1.98,1.97,1.97,30000,0
2016-03-22,03:05:00,1.97,1.97,1.96,1.96,39000,0
2016-03-22,03:25:00,1.96,1.96,1.96,1.96,9000,0
2016-03-22,03:30:00,1.96,1.96,1.96,1.96,9000,0
2016-03-22,03:45:00,1.96,1.96,1.96,1.96,18000,0
2016-03-22,03:50:00,1.96,1.96,1.96,1.96,13000,0
2016-03-22,03:55:00,1.96,1.96,1.96,1.96,21000,0
2016-03-22,04:00:00,1.96,1.96,1.96,1.96,9000,0
2016-03-22,04:05:00,1.96,1.96,1.96,1.96,3000,0
2016-03-22,04:10:00,1.96,1.97,1.96,1.97,9000,0
2016-03-22,04:15:00,1.97,1.97,1.97,1.97,1000,0
2016-03-22,04:20:00,1.97,1.97,1.96,1.96,121000,0
2016-03-22,04:25:00,1.96,1.97,1.96,1.96,18000,0
2016-03-22,04:30:00,1.96,1.97,1.96,1.97,36000,0
2016-03-22,04:35:00,1.97,1.97,1.96,1.97,12000,0
2016-03-22,04:40:00,1.97,1.97,1.96,1.96,2000,0
2016-03-22,04:45:00,1.96,1.96,1.96,1.96,10000,0
2016-03-22,04:50:00,1.96,1.96,1.96,1.96,1000,0
2016-03-22,04:55:00,1.96,1.97,1.96,1.97,118000,0
2016-03-22,05:00:00,1.97,1.97,1.96,1.96,355000,0
2016-03-22,06:05:00,1.96,1.97,1.96,1.97,33000,0
2016-03-22,06:10:00,1.97,1.97,1.96,1.97,4000,0
2016-03-22,06:15:00,1.97,1.97,1.96,1.96,7000,0
2016-03-22,06:20:00,1.96,1.97,1.96,1.96,39000,0
2016-03-22,06:25:00,1.96,1.96,1.96,1.96,71000,0
2016-03-22,06:30:00,1.96,1.96,1.96,1.96,19000,0
2016-03-22,06:35:00,1.96,1.96,1.96,1.96,27000,0
2016-03-22,06:40:00,1.96,1.96,1.95,1.95,178000,0
2016-03-22,06:45:00,1.95,1.95,1.95,1.95,17000,0
2016-03-22,07:00:00,1.94,1.96,1.94,1.96,1290000,0
2016-03-22,07:10:00,1.95,1.96,1.95,1.96,17000,0
2016-03-22,07:15:00,1.96,1.96,1.96,1.96,17000,0
2016-03-22,07:20:00,1.96,1.96,1.96,1.96,9000,0
2016-03-22,07:25:00,1.96,1.96,1.95,1.96,90000,0
2016-03-22,07:30:00,1.96,1.96,1.95,1.95,5000,0
2016-03-22,07:35:00,1.95,1.96,1.95,1.96,52000,0
2016-03-22,07:40:00,1.96,1.96,1.95,1.96,19000,0
2016-03-22,07:45:00,1.96,1.96,1.95,1.95,45000,0
2016-03-22,07:50:00,1.95,1.96,1.95,1.96,14000,0
2016-03-22,07:55:00,1.96,1.96,1.95,1.96,81000,0
2016-03-22,08:00:00,1.96,1.96,1.95,1.96,99000,0
2016-03-22,08:05:00,1.96,1.96,1.95,1.95,53000,0
2016-03-22,08:10:00,1.95,1.96,1.95,1.95,22000,0
2016-03-22,08:15:00,1.95,1.96,1.95,1.95,26000,0
2016-03-22,08:20:00,1.95,1.96,1.95,1.95,11000,0
2016-03-22,08:25:00,1.95,1.96,1.95,1.96,21000,0
2016-03-22,08:30:00,1.96,1.97,1.96,1.97,478000,0
2016-03-22,08:35:00,1.97,1.97,1.97,1.97,108000,0
2016-03-22,08:40:00,1.97,1.98,1.97,1.97,23000,0
2016-03-22,08:45:00,1.97,1.98,1.97,1.97,59000,0
2016-03-22,08:50:00,1.97,1.97,1.97,1.97,8000,0
2016-03-22,08:55:00,1.97,1.98,1.97,1.97,90000,0
2016-03-22,09:00:00,1.97,2,1.97,1.99,1286000,0
2016-03-23,02:35:00,2,2,1.99,2,46000,0
2016-03-23,02:45:00,2,2,1.98,1.98,35000,0
2016-03-23,03:00:00,1.98,1.98,1.98,1.98,8000,0
2016-03-23,03:05:00,1.98,1.98,1.97,1.97,8000,0
2016-03-23,03:10:00,1.97,1.97,1.97,1.97,51000,0
2016-03-23,03:15:00,1.97,1.97,1.96,1.96,45000,0
2016-03-23,03:20:00,1.96,1.97,1.96,1.97,232000,0
2016-03-23,03:30:00,1.97,1.97,1.97,1.97,10000,0
2016-03-23,03:45:00,1.97,1.97,1.97,1.97,1000,0
2016-03-23,03:50:00,1.97,1.97,1.97,1.97,1000,0
2016-03-23,03:55:00,1.97,1.98,1.97,1.97,14000,0
2016-03-23,04:00:00,1.97,1.98,1.97,1.98,4000,0
2016-03-23,04:05:00,1.98,1.98,1.97,1.98,15000,0
2016-03-23,04:10:00,1.98,1.98,1.97,1.98,228000,0
2016-03-23,04:20:00,1.98,1.98,1.97,1.97,48000,0
2016-03-23,04:25:00,1.97,1.98,1.97,1.98,7000,0
2016-03-23,04:30:00,1.98,1.98,1.97,1.98,9000,0
2016-03-23,04:35:00,1.98,1.98,1.98,1.98,16000,0
2016-03-23,04:40:00,1.98,1.98,1.97,1.97,8000,0
2016-03-23,04:45:00,1.97,1.98,1.97,1.98,2000,0
2016-03-23,04:50:00,1.98,1.98,1.97,1.98,10000,0
2016-03-23,04:55:00,1.98,1.99,1.98,1.99,104000,0
2016-03-23,05:00:00,1.99,1.99,1.98,1.98,263000,0
2016-03-23,06:05:00,1.98,1.98,1.98,1.98,39000,0
2016-03-23,06:20:00,1.98,1.98,1.97,1.97,3000,0
2016-03-23,06:25:00,1.97,1.97,1.97,1.97,3000,0
2016-03-23,06:30:00,1.97,1.97,1.97,1.97,8000,0
2016-03-23,06:35:00,1.97,1.97,1.97,1.97,11000,0
2016-03-23,06:40:00,1.97,1.97,1.97,1.97,13000,0
2016-03-23,06:45:00,1.97,1.97,1.97,1.97,32000,0
2016-03-23,06:50:00,1.97,1.97,1.97,1.97,18000,0
2016-03-23,06:55:00,1.97,1.98,1.97,1.98,29000,0
2016-03-23,07:00:00,1.98,1.98,1.97,1.97,115000,0
2016-03-23,07:05:00,1.97,1.97,1.97,1.97,22000,0
2016-03-23,07:10:00,1.97,1.97,1.96,1.96,52000,0
2016-03-23,07:15:00,1.96,1.96,1.96,1.96,92000,0
2016-03-23,07:20:00,1.96,1.96,1.96,1.96,9000,0
2016-03-23,07:25:00,1.96,1.96,1.96,1.96,2000,0
2016-03-23,07:30:00,1.96,1.96,1.96,1.96,7000,0
2016-03-23,07:35:00,1.96,1.96,1.96,1.96,6000,0
2016-03-23,07:40:00,1.96,1.96,1.96,1.96,1000,0
2016-03-23,07:45:00,1.96,1.97,1.96,1.96,7000,0
2016-03-23,07:50:00,1.96,1.97,1.96,1.97,17000,0
2016-03-23,07:55:00,1.97,1.97,1.96,1.96,17000,0
2016-03-23,08:00:00,1.96,1.97,1.96,1.96,4000,0
2016-03-23,08:05:00,1.96,1.96,1.96,1.96,5000,0
2016-03-23,08:10:00,1.96,1.97,1.96,1.96,64000,0
2016-03-23,08:15:00,1.96,1.96,1.96,1.96,82000,0
2016-03-23,08:20:00,1.96,1.96,1.95,1.96,352000,0
2016-03-23,08:25:00,1.96,1.96,1.96,1.96,24000,0
2016-03-23,08:30:00,1.96,1.96,1.96,1.96,9000,0
2016-03-23,08:35:00,1.96,1.96,1.96,1.96,8000,0
2016-03-23,08:40:00,1.96,1.98,1.96,1.98,711000,0
2016-03-23,08:50:00,1.98,1.98,1.97,1.97,2000,0
2016-03-23,08:55:00,1.97,1.97,1.97,1.97,2000,0
2016-03-23,09:00:00,1.97,2.02,1.97,1.99,848000,0
2016-03-24,02:40:00,1.98,1.98,1.98,1.98,3000,0
2016-03-24,02:50:00,1.97,1.98,1.97,1.98,4000,0
2016-03-24,03:55:00,1.97,1.98,1.97,1.98,4000,0
2016-03-24,04:30:00,1.97,1.98,1.97,1.98,6000,0
2016-03-24,05:00:00,1.97,1.98,1.97,1.98,2000,0
2016-03-24,06:40:00,1.97,1.98,1.97,1.98,4000,0
2016-03-24,06:55:00,1.97,1.98,1.97,1.98,185000,0
2016-03-24,07:05:00,1.98,1.98,1.98,1.98,33000,0
2016-03-24,07:10:00,1.98,1.98,1.98,1.98,132000,0
2016-03-24,07:15:00,1.98,1.98,1.98,1.98,13000,0
2016-03-24,07:45:00,1.97,1.98,1.97,1.98,8000,0
2016-03-24,07:50:00,1.97,1.98,1.97,1.98,2000,0
2016-03-24,08:20:00,1.97,1.98,1.97,1.98,32000,0
2016-03-24,08:50:00,1.97,2,1.97,2,233000,0
2016-03-24,08:55:00,2,2.05,1.99,2.01,1299000,0
2016-03-24,09:00:00,2.01,2.01,1.98,1.99,707000,0
2016-03-29,03:35:00,2,2.01,1.99,2.01,78000,0
2016-03-29,03:40:00,2,2,1.98,1.98,315000,0
2016-03-29,03:45:00,1.98,1.98,1.98,1.98,72000,0
2016-03-29,03:50:00,1.98,1.98,1.98,1.98,62000,0
2016-03-29,03:55:00,1.98,1.98,1.97,1.97,77000,0
2016-03-29,04:05:00,1.97,1.97,1.93,1.94,553000,0
2016-03-29,04:15:00,1.95,1.95,1.95,1.95,16000,0
2016-03-29,04:20:00,1.95,1.95,1.94,1.94,107000,0
2016-03-29,04:25:00,1.94,1.95,1.94,1.95,261000,0
2016-03-29,04:35:00,1.95,1.97,1.95,1.97,440000,0
2016-03-29,04:45:00,1.97,1.97,1.95,1.96,4000,0
2016-03-29,04:50:00,1.96,1.96,1.95,1.95,122000,0
2016-03-29,05:00:00,1.95,1.97,1.95,1.97,516000,0
2016-03-29,05:05:00,1.97,1.97,1.96,1.96,178000,0
2016-03-29,05:10:00,1.96,1.98,1.96,1.96,223000,0
2016-03-29,05:15:00,1.97,1.97,1.97,1.97,1000,0
2016-03-29,05:20:00,1.97,1.99,1.97,1.99,560000,0
2016-03-29,05:30:00,1.99,1.99,1.99,1.99,155000,0
2016-03-29,05:35:00,1.99,1.99,1.99,1.99,1000,0
2016-03-29,05:40:00,1.99,2,1.99,2,315000,0
2016-03-29,05:45:00,2,2.01,2,2,60000,0
2016-03-29,05:50:00,2,2.01,2,2.01,418000,0
2016-03-29,05:55:00,2.01,2.02,2.01,2.02,293000,0
2016-03-29,06:00:00,2.02,2.03,2.02,2.03,294000,0
2016-03-29,07:05:00,2.03,2.03,1.98,2,428000,0
2016-03-29,07:10:00,2,2.01,2,2.01,113000,0
2016-03-29,07:15:00,2.01,2.01,2,2,43000,0
2016-03-29,07:20:00,2,2.01,2,2.01,269000,0
2016-03-29,07:25:00,2.01,2.02,2.01,2.02,63000,0
2016-03-29,07:30:00,2.02,2.03,2.02,2.03,118000,0
2016-03-29,07:35:00,2.03,2.03,2.03,2.03,38000,0
2016-03-29,07:40:00,2.03,2.03,2.02,2.02,44228,0
2016-03-29,07:45:00,2.02,2.03,2.01,2.03,170000,0
2016-03-29,07:50:00,2.03,2.03,2.03,2.03,38000,0
2016-03-29,07:55:00,2.03,2.03,2.03,2.03,38000,0
2016-03-29,08:00:00,2.03,2.03,2.01,2.02,157000,0
2016-03-29,08:05:00,2.02,2.02,2.01,2.02,603000,0
2016-03-29,08:10:00,2.02,2.02,2.01,2.02,417000,0
2016-03-29,08:15:00,2.02,2.02,2.02,2.02,38000,0
2016-03-29,08:20:00,2.02,2.02,2.01,2.02,207000,0
2016-03-29,08:25:00,2.02,2.03,2.02,2.03,66000,0
2016-03-29,08:30:00,2.03,2.03,2.02,2.03,72000,0
2016-03-29,08:35:00,2.03,2.03,2.02,2.02,118000,0
2016-03-29,08:40:00,2.02,2.03,2.02,2.02,120000,0
2016-03-29,08:45:00,2.02,2.03,2.01,2.03,300000,0
2016-03-29,08:50:00,2.03,2.04,2.03,2.04,398000,0
2016-03-29,08:55:00,2.04,2.04,2.03,2.03,420000,0
2016-03-29,09:00:00,2.03,2.04,2.02,2.04,377000,0
2016-03-29,09:10:00,2.04,2.04,2.04,2.04,60000,0
2016-03-29,09:15:00,2.04,2.04,2.03,2.03,328000,0
2016-03-29,09:20:00,2.03,2.03,2.02,2.02,199000,0
2016-03-29,09:25:00,2.02,2.04,2.02,2.02,101000,0
2016-03-29,09:30:00,2.02,2.05,2.02,2.02,139000,0
2016-03-29,09:35:00,2.02,2.03,2.02,2.02,49000,0
2016-03-29,09:40:00,2.02,2.04,2.02,2.04,250000,0
2016-03-29,09:45:00,2.04,2.04,2.03,2.04,338000,0
2016-03-29,09:50:00,2.04,2.04,2.03,2.03,72000,0
2016-03-29,09:55:00,2.03,2.06,2.03,2.06,669000,0
2016-03-29,10:00:00,2.06,2.09,2.06,2.08,1488000,0
2016-03-30,03:35:00,2.08,2.08,2.07,2.07,15000,0
2016-03-30,03:40:00,2.06,2.07,2.06,2.07,56000,0
2016-03-30,03:45:00,2.06,2.09,2.06,2.08,751000,0
2016-03-30,03:50:00,2.08,2.08,2.08,2.08,2000,0
2016-03-30,03:55:00,2.08,2.08,2.08,2.08,27000,0
2016-03-30,04:00:00,2.08,2.09,2.08,2.09,380000,0
2016-03-30,04:05:00,2.09,2.12,2.08,2.12,821000,0
2016-03-30,04:10:00,2.12,2.12,2.11,2.12,109000,0
2016-03-30,04:15:00,2.12,2.13,2.12,2.13,194000,0
2016-03-30,04:20:00,2.13,2.13,2.13,2.13,157000,0
2016-03-30,04:25:00,2.13,2.13,2.12,2.12,346000,0
2016-03-30,04:30:00,2.12,2.17,2.11,2.17,954000,0
2016-03-30,04:35:00,2.17,2.21,2.15,2.17,958000,0
2016-03-30,04:40:00,2.17,2.2,2.17,2.17,349000,0
2016-03-30,04:45:00,2.17,2.18,2.17,2.17,300000,0
2016-03-30,04:50:00,2.17,2.17,2.16,2.16,191000,0
2016-03-30,04:55:00,2.16,2.17,2.16,2.17,184000,0
2016-03-30,05:00:00,2.16,2.16,2.15,2.16,42000,0
2016-03-30,05:05:00,2.16,2.17,2.16,2.17,147000,0
2016-03-30,05:10:00,2.17,2.17,2.16,2.16,183000,0
2016-03-30,05:15:00,2.16,2.16,2.15,2.16,1794000,0
2016-03-30,05:20:00,2.16,2.16,2.15,2.16,190000,0
2016-03-30,05:25:00,2.16,2.17,2.16,2.16,25000,0
2016-03-30,05:30:00,2.16,2.17,2.16,2.16,278000,0
2016-03-30,05:35:00,2.17,2.18,2.17,2.18,28000,0
2016-03-30,05:40:00,2.18,2.18,2.16,2.17,136764,0
2016-03-30,05:45:00,2.17,2.17,2.16,2.16,323000,0
2016-03-30,05:50:00,2.16,2.16,2.15,2.16,703000,0
2016-03-30,05:55:00,2.16,2.17,2.16,2.17,214000,0
2016-03-30,06:00:00,2.17,2.18,2.16,2.18,237000,0
2016-03-30,07:05:00,2.18,2.19,2.16,2.16,131000,0
2016-03-30,07:10:00,2.16,2.18,2.16,2.18,355000,0
2016-03-30,07:15:00,2.18,2.19,2.18,2.19,111000,0
2016-03-30,07:20:00,2.19,2.19,2.18,2.18,148000,0
2016-03-30,07:25:00,2.18,2.19,2.18,2.18,539000,0
2016-03-30,07:35:00,2.18,2.19,2.18,2.19,21000,0
2016-03-30,07:40:00,2.19,2.19,2.18,2.18,134000,0
2016-03-30,07:45:00,2.18,2.18,2.18,2.18,10000,0
2016-03-30,07:50:00,2.18,2.18,2.18,2.18,1000,0
2016-03-30,07:55:00,2.18,2.19,2.18,2.18,27000,0
2016-03-30,08:00:00,2.18,2.18,2.18,2.18,20000,0
2016-03-30,08:05:00,2.18,2.18,2.18,2.18,21000,0
2016-03-30,08:10:00,2.18,2.19,2.18,2.18,108000,0
2016-03-30,08:15:00,2.18,2.18,2.18,2.18,17000,0
2016-03-30,08:20:00,2.18,2.18,2.18,2.18,92000,0
2016-03-30,08:25:00,2.18,2.18,2.18,2.18,145000,0
2016-03-30,08:30:00,2.18,2.19,2.18,2.18,111000,0
2016-03-30,08:35:00,2.18,2.18,2.18,2.18,42000,0
2016-03-30,08:40:00,2.18,2.18,2.18,2.18,17000,0
2016-03-30,08:45:00,2.18,2.18,2.18,2.18,30000,0
2016-03-30,08:50:00,2.18,2.19,2.18,2.18,110000,0
2016-03-30,08:55:00,2.18,2.19,2.18,2.18,52000,0
2016-03-30,09:00:00,2.18,2.18,2.18,2.18,1000,0
2016-03-30,09:05:00,2.18,2.18,2.18,2.18,32000,0
2016-03-30,09:10:00,2.18,2.19,2.18,2.18,49000,0
2016-03-30,09:15:00,2.18,2.19,2.18,2.18,70000,0
2016-03-30,09:20:00,2.18,2.19,2.18,2.18,141000,0
2016-03-30,09:25:00,2.18,2.19,2.18,2.18,214000,0
2016-03-30,09:30:00,2.18,2.19,2.18,2.18,234000,0
2016-03-30,09:35:00,2.18,2.19,2.18,2.18,292000,0
2016-03-30,09:40:00,2.18,2.19,2.18,2.18,232000,0
2016-03-30,09:45:00,2.18,2.19,2.18,2.18,479000,0
2016-03-30,09:50:00,2.18,2.19,2.18,2.18,654000,0
2016-03-30,09:55:00,2.18,2.19,2.18,2.19,577000,0
2016-03-30,10:00:00,2.19,2.2,2.19,2.19,840000,0
2016-03-31,03:35:00,2.28,2.28,2.23,2.24,69000,0
2016-03-31,03:40:00,2.24,2.24,2.24,2.24,60000,0
2016-03-31,03:45:00,2.24,2.24,2.23,2.24,56000,0
2016-03-31,03:50:00,2.24,2.24,2.22,2.23,639000,0
2016-03-31,03:55:00,2.23,2.23,2.22,2.23,151000,0
2016-03-31,04:05:00,2.23,2.23,2.22,2.22,90000,0
2016-03-31,04:10:00,2.22,2.23,2.22,2.22,28000,0
2016-03-31,04:15:00,2.22,2.23,2.22,2.23,188000,0
2016-03-31,04:20:00,2.23,2.23,2.22,2.23,125000,0
2016-03-31,04:25:00,2.23,2.23,2.22,2.22,322000,0
2016-03-31,04:30:00,2.22,2.23,2.22,2.23,4000,0
2016-03-31,04:35:00,2.23,2.23,2.22,2.23,53000,0
2016-03-31,04:45:00,2.23,2.23,2.22,2.23,55000,0
2016-03-31,04:50:00,2.23,2.23,2.23,2.23,5000,0
2016-03-31,04:55:00,2.23,2.23,2.23,2.23,43000,0
2016-03-31,05:00:00,2.23,2.23,2.22,2.23,95000,0
2016-03-31,05:05:00,2.23,2.23,2.22,2.23,45000,0
2016-03-31,05:10:00,2.23,2.23,2.23,2.23,46000,0
2016-03-31,05:15:00,2.23,2.23,2.22,2.23,14000,0
2016-03-31,05:20:00,2.23,2.23,2.23,2.23,20000,0
2016-03-31,05:25:00,2.23,2.23,2.22,2.23,34000,0
2016-03-31,05:30:00,2.23,2.23,2.22,2.23,27000,0
2016-03-31,05:35:00,2.23,2.23,2.23,2.23,22000,0
2016-03-31,05:40:00,2.23,2.23,2.22,2.22,2000,0
2016-03-31,05:45:00,2.22,2.23,2.22,2.23,19000,0
2016-03-31,05:50:00,2.23,2.23,2.23,2.23,5000,0
2016-03-31,05:55:00,2.23,2.25,2.23,2.25,1551000,0
2016-03-31,06:00:00,2.25,2.25,2.24,2.25,228000,0
2016-03-31,07:05:00,2.25,2.25,2.24,2.25,28000,0
2016-03-31,07:10:00,2.25,2.25,2.23,2.23,79000,0
2016-03-31,07:15:00,2.23,2.23,2.23,2.23,1000,0
2016-03-31,07:20:00,2.23,2.24,2.23,2.24,7000,0
2016-03-31,07:25:00,2.24,2.24,2.24,2.24,45000,0
2016-03-31,07:30:00,2.24,2.24,2.24,2.24,32000,0
2016-03-31,07:35:00,2.24,2.24,2.23,2.24,51000,0
2016-03-31,07:40:00,2.24,2.24,2.23,2.24,189000,0
2016-03-31,07:45:00,2.24,2.24,2.23,2.23,3000,0
2016-03-31,07:55:00,2.23,2.24,2.23,2.24,2569,0
2016-03-31,08:00:00,2.24,2.24,2.23,2.24,146000,0
2016-03-31,08:05:00,2.24,2.25,2.24,2.25,181000,0
2016-03-31,08:10:00,2.25,2.27,2.24,2.27,217000,0
2016-03-31,08:15:00,2.27,2.27,2.27,2.27,21000,0
2016-03-31,08:20:00,2.27,2.28,2.27,2.28,74000,0
2016-03-31,08:25:00,2.28,2.28,2.28,2.28,26000,0
2016-03-31,08:30:00,2.28,2.28,2.26,2.26,657000,0
2016-03-31,08:35:00,2.27,2.27,2.26,2.26,81000,0
2016-03-31,08:40:00,2.26,2.26,2.26,2.26,6000,0
2016-03-31,08:50:00,2.26,2.27,2.26,2.27,37000,0
2016-03-31,08:55:00,2.27,2.27,2.26,2.27,142000,0
2016-03-31,09:00:00,2.27,2.28,2.26,2.28,305000,0
2016-03-31,09:05:00,2.28,2.28,2.27,2.27,94000,0
2016-03-31,09:10:00,2.27,2.28,2.27,2.27,338000,0
2016-03-31,09:15:00,2.27,2.27,2.26,2.26,421000,0
2016-03-31,09:20:00,2.26,2.26,2.25,2.26,1124000,0
2016-03-31,09:25:00,2.26,2.27,2.26,2.27,25000,0
2016-03-31,09:30:00,2.27,2.27,2.26,2.26,2000,0
2016-03-31,09:35:00,2.26,2.27,2.26,2.27,129000,0
2016-03-31,09:40:00,2.27,2.27,2.26,2.27,25000,0
2016-03-31,09:45:00,2.27,2.27,2.26,2.27,43000,0
2016-03-31,09:50:00,2.27,2.27,2.26,2.26,653000,0
2016-03-31,09:55:00,2.26,2.28,2.26,2.28,551000,0
2016-03-31,10:00:00,2.28,2.33,2.27,2.32,1663404,0
2016-04-01,03:35:00,2.4,2.42,2.33,2.4,877000,0
2016-04-01,03:40:00,2.4,2.4,2.4,2.4,652000,0
2016-04-01,03:45:00,2.4,2.4,2.4,2.4,161000,0
2016-04-01,03:50:00,2.4,2.41,2.4,2.41,471000,0
2016-04-01,03:55:00,2.41,2.42,2.4,2.42,222000,0
2016-04-01,04:00:00,2.42,2.42,2.4,2.4,20000,0
2016-04-01,04:05:00,2.4,2.4,2.4,2.4,124000,0
2016-04-01,04:10:00,2.4,2.4,2.4,2.4,546000,0
2016-04-01,04:15:00,2.4,2.4,2.4,2.4,331000,0
2016-04-01,04:20:00,2.4,2.4,2.4,2.4,211000,0
2016-04-01,04:25:00,2.4,2.41,2.4,2.41,152000,0
2016-04-01,04:30:00,2.41,2.41,2.4,2.4,357000,0
2016-04-01,04:35:00,2.4,2.4,2.4,2.4,146000,0
2016-04-01,04:40:00,2.4,2.4,2.4,2.4,10000,0
2016-04-01,04:45:00,2.4,2.4,2.4,2.4,192000,0
2016-04-01,04:55:00,2.4,2.4,2.4,2.4,1000,0
2016-04-01,05:00:00,2.4,2.4,2.4,2.4,160000,0
2016-04-01,05:05:00,2.4,2.4,2.4,2.4,9000,0
2016-04-01,05:10:00,2.4,2.4,2.4,2.4,293000,0
2016-04-01,05:15:00,2.4,2.41,2.4,2.41,99000,0
2016-04-01,05:30:00,2.41,2.41,2.4,2.4,60000,0
2016-04-01,05:35:00,2.4,2.4,2.4,2.4,39000,0
2016-04-01,05:40:00,2.4,2.41,2.4,2.41,41000,0
2016-04-01,05:45:00,2.41,2.41,2.4,2.4,27000,0
2016-04-01,05:50:00,2.4,2.41,2.4,2.4,689000,0
2016-04-01,06:00:00,2.4,2.4,2.4,2.4,520000,0
2016-04-01,07:05:00,2.4,2.4,2.4,2.4,75000,0
2016-04-01,07:10:00,2.4,2.4,2.4,2.4,10000,0
2016-04-01,07:15:00,2.4,2.4,2.4,2.4,100000,0
2016-04-01,07:20:00,2.4,2.4,2.4,2.4,10000,0
2016-04-01,07:25:00,2.4,2.4,2.4,2.4,13000,0
2016-04-01,07:30:00,2.4,2.4,2.4,2.4,21000,0
2016-04-01,07:35:00,2.4,2.4,2.4,2.4,170000,0
2016-04-01,07:40:00,2.4,2.4,2.4,2.4,2000,0
2016-04-01,07:45:00,2.4,2.4,2.4,2.4,15000,0
2016-04-01,07:50:00,2.4,2.4,2.4,2.4,26000,0
2016-04-01,08:00:00,2.4,2.4,2.4,2.4,1000,0
2016-04-01,08:05:00,2.4,2.4,2.4,2.4,216000,0
2016-04-01,08:30:00,2.4,2.4,2.39,2.4,876000,0
2016-04-01,08:35:00,2.4,2.41,2.4,2.41,264000,0
2016-04-01,08:45:00,2.41,2.42,2.41,2.42,36000,0
2016-04-01,08:50:00,2.42,2.42,2.4,2.4,1328000,0
2016-04-01,08:55:00,2.4,2.41,2.4,2.41,15000,0
2016-04-01,09:00:00,2.41,2.41,2.4,2.4,52000,0
2016-04-01,09:10:00,2.4,2.41,2.4,2.41,55000,0
2016-04-01,09:15:00,2.41,2.41,2.4,2.4,21000,0
2016-04-01,09:20:00,2.4,2.4,2.4,2.4,16000,0
2016-04-01,09:30:00,2.4,2.4,2.4,2.4,31000,0
2016-04-01,09:40:00,2.4,2.4,2.4,2.4,545000,0
2016-04-01,09:45:00,2.4,2.4,2.4,2.4,21000,0
2016-04-01,09:55:00,2.4,2.42,2.4,2.42,271000,0
2016-04-01,10:00:00,2.42,2.44,2.42,2.44,393000,0
2016-04-05,03:35:00,2.45,2.5,2.41,2.44,129000,0
2016-04-05,03:40:00,2.44,2.45,2.43,2.43,649000,0
2016-04-05,03:45:00,2.43,2.43,2.41,2.41,786000,0
2016-04-05,03:50:00,2.41,2.41,2.41,2.41,896000,0
2016-04-05,03:55:00,2.41,2.41,2.41,2.41,205000,0
2016-04-05,04:00:00,2.41,2.42,2.41,2.41,279000,0
2016-04-05,04:05:00,2.41,2.41,2.41,2.41,941000,0
2016-04-05,04:10:00,2.41,2.41,2.41,2.41,288000,0
2016-04-05,04:15:00,2.41,2.41,2.41,2.41,262000,0
2016-04-05,04:20:00,2.41,2.41,2.41,2.41,253000,0
2016-04-05,04:25:00,2.41,2.41,2.41,2.41,73000,0
2016-04-05,04:30:00,2.41,2.41,2.41,2.41,31000,0
2016-04-05,04:35:00,2.41,2.41,2.41,2.41,29000,0
2016-04-05,04:40:00,2.41,2.41,2.41,2.41,22000,0
2016-04-05,04:45:00,2.41,2.42,2.41,2.41,236000,0
2016-04-05,04:50:00,2.41,2.41,2.41,2.41,20000,0
2016-04-05,04:55:00,2.41,2.41,2.41,2.41,363000,0
2016-04-05,05:20:00,2.4,2.41,2.4,2.41,1031000,0
2016-04-05,06:00:00,2.4,2.5,2.4,2.5,2629000,0
2016-04-05,07:05:00,2.5,2.5,2.46,2.47,446000,0
2016-04-05,07:10:00,2.47,2.47,2.45,2.45,30000,0
2016-04-05,07:15:00,2.45,2.45,2.45,2.45,40000,0
2016-04-05,07:20:00,2.45,2.45,2.45,2.45,22000,0
2016-04-05,07:25:00,2.45,2.45,2.45,2.45,50000,0
2016-04-05,07:30:00,2.45,2.45,2.45,2.45,267000,0
2016-04-05,07:35:00,2.45,2.45,2.45,2.45,230000,0
2016-04-05,07:40:00,2.45,2.46,2.45,2.45,129000,0
2016-04-05,07:45:00,2.45,2.45,2.45,2.45,404000,0
2016-04-05,07:50:00,2.45,2.45,2.45,2.45,187000,0
2016-04-05,07:55:00,2.45,2.45,2.45,2.45,121000,0
2016-04-05,08:00:00,2.45,2.45,2.45,2.45,280000,0
2016-04-05,08:05:00,2.45,2.45,2.42,2.45,1109000,0
2016-04-05,08:10:00,2.45,2.45,2.45,2.45,189000,0
2016-04-05,08:15:00,2.45,2.45,2.45,2.45,327000,0
2016-04-05,08:20:00,2.45,2.45,2.45,2.45,202000,0
2016-04-05,08:25:00,2.45,2.46,2.43,2.45,712000,0
2016-04-05,08:30:00,2.45,2.46,2.43,2.45,1205000,0
2016-04-05,08:35:00,2.45,2.45,2.43,2.44,1054000,0
2016-04-05,08:40:00,2.44,2.44,2.44,2.44,378000,0
2016-04-05,08:45:00,2.44,2.44,2.44,2.44,50000,0
2016-04-05,08:55:00,2.41,2.41,2.41,2.41,25000,0
2016-04-05,09:00:00,2.41,2.44,2.41,2.42,492000,0
2016-04-05,09:10:00,2.42,2.43,2.42,2.43,2000,0
2016-04-05,09:15:00,2.43,2.43,2.41,2.43,30181,0
2016-04-05,09:20:00,2.43,2.47,2.43,2.44,437000,0
2016-04-05,09:25:00,2.44,2.44,2.43,2.43,86000,0
2016-04-05,09:30:00,2.43,2.43,2.42,2.43,21000,0
2016-04-05,09:35:00,2.43,2.44,2.42,2.44,110000,0
2016-04-05,09:40:00,2.44,2.44,2.44,2.44,1000,0
2016-04-05,09:45:00,2.44,2.46,2.43,2.44,845000,0
2016-04-05,09:50:00,2.44,2.44,2.43,2.43,725000,0
2016-04-05,09:55:00,2.43,2.44,2.43,2.44,1820000,0
2016-04-05,10:00:00,2.44,2.52,2.42,2.5,5099000,0
2016-04-06,03:35:00,2.5,2.55,2.5,2.5,5000,0
2016-04-06,03:40:00,2.5,2.5,2.45,2.48,415000,0
2016-04-06,03:45:00,2.48,2.48,2.45,2.48,103000,0
2016-04-06,03:50:00,2.48,2.48,2.46,2.48,117000,0
2016-04-06,03:55:00,2.48,2.49,2.48,2.49,11000,0
2016-04-06,04:00:00,2.49,2.49,2.45,2.48,961000,0
2016-04-06,04:05:00,2.48,2.49,2.48,2.48,49000,0
2016-04-06,04:10:00,2.48,2.48,2.45,2.46,3119000,0
2016-04-06,04:15:00,2.46,2.48,2.46,2.46,675000,0
2016-04-06,04:20:00,2.47,2.47,2.43,2.43,1025000,0
2016-04-06,04:25:00,2.43,2.48,2.43,2.48,907000,0
2016-04-06,04:30:00,2.48,2.48,2.46,2.47,1533000,0
2016-04-06,04:35:00,2.47,2.47,2.45,2.47,722000,0
2016-04-06,04:40:00,2.47,2.47,2.46,2.47,80000,0
2016-04-06,04:45:00,2.47,2.47,2.47,2.47,71000,0
2016-04-06,04:50:00,2.47,2.47,2.47,2.47,16000,0
2016-04-06,04:55:00,2.47,2.47,2.42,2.44,4559000,0
2016-04-06,05:00:00,2.44,2.44,2.36,2.4,1171000,0
2016-04-06,05:05:00,2.4,2.41,2.35,2.4,570000,0
2016-04-06,05:10:00,2.4,2.41,2.4,2.4,134000,0
2016-04-06,05:15:00,2.4,2.4,2.4,2.4,36000,0
2016-04-06,05:20:00,2.4,2.4,2.4,2.4,3000,0
2016-04-06,05:30:00,2.4,2.4,2.4,2.4,3000,0
2016-04-06,05:35:00,2.4,2.4,2.4,2.4,3000,0
2016-04-06,05:40:00,2.4,2.42,2.4,2.42,236000,0
2016-04-06,05:45:00,2.42,2.43,2.42,2.42,50000,0
2016-04-06,05:50:00,2.42,2.42,2.4,2.42,232000,0
2016-04-06,05:55:00,2.42,2.42,2.42,2.42,2000,0
2016-04-06,06:00:00,2.42,2.43,2.42,2.42,39000,0
2016-04-06,07:05:00,2.42,2.42,2.42,2.42,1000,0
2016-04-06,07:10:00,2.42,2.42,2.42,2.42,10000,0
2016-04-06,07:15:00,2.42,2.43,2.41,2.42,159000,0
2016-04-06,07:20:00,2.42,2.42,2.4,2.42,322000,0
2016-04-06,07:25:00,2.42,2.42,2.41,2.41,397000,0
2016-04-06,07:30:00,2.41,2.41,2.4,2.41,324000,0
2016-04-06,07:35:00,2.41,2.42,2.4,2.41,611000,0
2016-04-06,07:40:00,2.41,2.42,2.41,2.42,328000,0
2016-04-06,07:45:00,2.42,2.42,2.42,2.42,213000,0
2016-04-06,07:50:00,2.42,2.43,2.41,2.43,503000,0
2016-04-06,08:00:00,2.43,2.43,2.42,2.42,8000,0
2016-04-06,08:10:00,2.42,2.42,2.42,2.42,203000,0
2016-04-06,08:15:00,2.42,2.42,2.41,2.41,227000,0
2016-04-06,08:25:00,2.41,2.42,2.41,2.42,225000,0
2016-04-06,08:30:00,2.42,2.42,2.42,2.42,49000,0
2016-04-06,08:35:00,2.42,2.43,2.42,2.43,405000,0
2016-04-06,08:40:00,2.43,2.44,2.43,2.44,496000,0
2016-04-06,08:45:00,2.44,2.45,2.44,2.44,396000,0
2016-04-06,08:50:00,2.44,2.44,2.43,2.43,722000,0
2016-04-06,09:00:00,2.43,2.43,2.43,2.43,195000,0
2016-04-06,09:05:00,2.43,2.44,2.43,2.44,93000,0
2016-04-06,09:10:00,2.44,2.44,2.44,2.44,308000,0
2016-04-06,09:15:00,2.44,2.44,2.43,2.43,276000,0
2016-04-06,09:25:00,2.43,2.43,2.43,2.43,123000,0
2016-04-06,09:35:00,2.43,2.43,2.42,2.42,126000,0
2016-04-06,09:45:00,2.42,2.43,2.42,2.42,20000,0
2016-04-06,09:50:00,2.42,2.45,2.42,2.44,1186000,0
2016-04-06,09:55:00,2.44,2.44,2.44,2.44,290000,0
2016-04-06,10:00:00,2.44,2.46,2.44,2.45,2996000,0
2016-04-07,03:40:00,2.45,2.45,2.45,2.45,22000,0
2016-04-07,03:45:00,2.44,2.45,2.44,2.45,6000,0
2016-04-07,03:50:00,2.45,2.47,2.45,2.47,132000,0
2016-04-07,03:55:00,2.47,2.48,2.47,2.47,16000,0
2016-04-07,04:00:00,2.47,2.47,2.47,2.47,22000,0
2016-04-07,04:05:00,2.47,2.47,2.46,2.46,100000,0
2016-04-07,04:10:00,2.46,2.46,2.46,2.46,337000,0
2016-04-07,04:20:00,2.46,2.46,2.46,2.46,53000,0
2016-04-07,04:25:00,2.46,2.47,2.46,2.46,57000,0
2016-04-07,04:30:00,2.46,2.46,2.46,2.46,134000,0
2016-04-07,04:35:00,2.46,2.46,2.46,2.46,101000,0
2016-04-07,04:45:00,2.46,2.47,2.46,2.47,10000,0
2016-04-07,04:50:00,2.47,2.47,2.46,2.46,58000,0
2016-04-07,04:55:00,2.46,2.47,2.46,2.47,56000,0
2016-04-07,05:00:00,2.47,2.47,2.47,2.47,6000,0
2016-04-07,05:05:00,2.47,2.47,2.46,2.47,38000,0
2016-04-07,05:10:00,2.47,2.47,2.47,2.47,2000,0
2016-04-07,05:15:00,2.47,2.47,2.47,2.47,2000,0
2016-04-07,05:20:00,2.47,2.47,2.47,2.47,4000,0
2016-04-07,05:25:00,2.47,2.47,2.46,2.46,306000,0
2016-04-07,05:30:00,2.46,2.47,2.46,2.46,10000,0
2016-04-07,05:35:00,2.46,2.47,2.46,2.46,6000,0
2016-04-07,05:40:00,2.46,2.47,2.46,2.47,6000,0
2016-04-07,05:45:00,2.47,2.47,2.47,2.47,9000,0
2016-04-07,05:50:00,2.47,2.47,2.47,2.47,7000,0
2016-04-07,05:55:00,2.47,2.47,2.47,2.47,2000,0
2016-04-07,06:00:00,2.47,2.47,2.47,2.47,7000,0
2016-04-07,07:05:00,2.47,2.47,2.47,2.47,452000,0
2016-04-07,07:10:00,2.47,2.47,2.47,2.47,3000,0
2016-04-07,07:15:00,2.47,2.47,2.47,2.47,7000,0
2016-04-07,07:20:00,2.47,2.47,2.47,2.47,8000,0
2016-04-07,07:25:00,2.47,2.47,2.46,2.46,4000,0
2016-04-07,07:30:00,2.46,2.47,2.46,2.47,7000,0
2016-04-07,07:35:00,2.47,2.47,2.47,2.47,2000,0
2016-04-07,07:40:00,2.47,2.47,2.46,2.47,8000,0
2016-04-07,07:45:00,2.47,2.47,2.47,2.47,4000,0
2016-04-07,07:50:00,2.47,2.47,2.47,2.47,176000,0
2016-04-07,07:55:00,2.47,2.47,2.47,2.47,51000,0
2016-04-07,08:00:00,2.47,2.48,2.47,2.48,566000,0
2016-04-07,08:05:00,2.48,2.49,2.48,2.49,24000,0
2016-04-07,08:10:00,2.49,2.49,2.49,2.49,7000,0
2016-04-07,08:15:00,2.49,2.49,2.49,2.49,2000,0
2016-04-07,08:20:00,2.49,2.5,2.49,2.49,181000,0
2016-04-07,08:25:00,2.49,2.49,2.49,2.49,3000,0
2016-04-07,08:35:00,2.49,2.49,2.48,2.48,14000,0
2016-04-07,08:40:00,2.48,2.48,2.48,2.48,10000,0
2016-04-07,08:45:00,2.48,2.48,2.48,2.48,2000,0
2016-04-07,08:50:00,2.48,2.48,2.48,2.48,3000,0
2016-04-07,08:55:00,2.48,2.48,2.47,2.47,6000,0
2016-04-07,09:00:00,2.47,2.47,2.46,2.46,245000,0
2016-04-07,09:05:00,2.46,2.46,2.46,2.46,53000,0
2016-04-07,09:10:00,2.46,2.47,2.46,2.47,334000,0
2016-04-07,09:15:00,2.47,2.47,2.47,2.47,4000,0
2016-04-07,09:20:00,2.47,2.47,2.47,2.47,4000,0
2016-04-07,09:25:00,2.47,2.47,2.47,2.47,4000,0
2016-04-07,09:30:00,2.47,2.47,2.47,2.47,8000,0
2016-04-07,09:35:00,2.47,2.47,2.47,2.47,8000,0
2016-04-07,09:40:00,2.47,2.47,2.46,2.47,28000,0
2016-04-07,09:45:00,2.47,2.47,2.47,2.47,6000,0
2016-04-07,09:50:00,2.47,2.47,2.47,2.47,6000,0
2016-04-07,09:55:00,2.47,2.47,2.46,2.46,40000,0
2016-04-07,10:00:00,2.46,2.47,2.46,2.47,194000,0
2016-04-08,03:35:00,2.45,2.45,2.45,2.45,1000,0
2016-04-08,04:05:00,2.42,2.43,2.42,2.43,40000,0
2016-04-08,04:10:00,2.43,2.43,2.43,2.43,1000,0
2016-04-08,04:30:00,2.42,2.43,2.42,2.43,2000,0
2016-04-08,05:25:00,2.42,2.43,2.42,2.43,2000,0
2016-04-08,05:30:00,2.43,2.43,2.43,2.43,7000,0
2016-04-08,05:55:00,2.42,2.43,2.42,2.43,2000,0
2016-04-08,07:15:00,2.42,2.43,2.42,2.43,2000,0
2016-04-08,07:50:00,2.42,2.43,2.42,2.43,2000,0
2016-04-08,08:15:00,2.42,2.43,2.42,2.43,5000,0
2016-04-08,08:35:00,2.42,2.43,2.42,2.43,29000,0
2016-04-08,08:50:00,2.43,2.43,2.43,2.43,1000,0
2016-04-08,09:20:00,2.42,2.43,2.42,2.43,3000,0
2016-04-08,09:30:00,2.42,2.43,2.42,2.43,210000,0
2016-04-08,09:40:00,2.42,2.43,2.42,2.43,2000,0
2016-04-08,09:55:00,2.42,2.43,2.42,2.43,6000,0
2016-04-08,10:00:00,2.42,2.43,2.42,2.43,108000,0
2016-04-11,03:35:00,2.43,2.49,2.43,2.44,24000,0
2016-04-11,03:40:00,2.45,2.48,2.45,2.48,699000,0
2016-04-11,03:45:00,2.48,2.5,2.48,2.5,57000,0
2016-04-11,03:50:00,2.5,2.52,2.5,2.51,244000,0
2016-04-11,03:55:00,2.51,2.51,2.5,2.5,38000,0
2016-04-11,04:00:00,2.5,2.5,2.49,2.49,70000,0
2016-04-11,04:05:00,2.49,2.49,2.49,2.49,26000,0
2016-04-11,04:10:00,2.49,2.5,2.48,2.49,374000,0
2016-04-11,04:30:00,2.49,2.49,2.43,2.46,1864000,0
2016-04-11,04:35:00,2.46,2.46,2.45,2.45,66000,0
2016-04-11,04:40:00,2.45,2.45,2.45,2.45,30000,0
2016-04-11,04:55:00,2.45,2.45,2.44,2.44,44000,0
2016-04-11,05:00:00,2.44,2.47,2.44,2.47,135000,0
2016-04-11,05:05:00,2.47,2.47,2.47,2.47,1000,0
2016-04-11,05:10:00,2.47,2.47,2.46,2.46,2000,0
2016-04-11,05:15:00,2.46,2.46,2.45,2.45,134000,0
2016-04-11,05:20:00,2.45,2.46,2.43,2.46,314000,0
2016-04-11,05:30:00,2.46,2.46,2.46,2.46,10000,0
2016-04-11,05:35:00,2.46,2.46,2.46,2.46,4000,0
2016-04-11,05:45:00,2.46,2.46,2.45,2.45,20000,0
2016-04-11,07:05:00,2.45,2.46,2.45,2.46,2000,0
2016-04-11,07:20:00,2.46,2.46,2.46,2.46,13000,0
2016-04-11,07:25:00,2.46,2.46,2.46,2.46,103000,0
2016-04-11,07:30:00,2.46,2.46,2.46,2.46,1000,0
2016-04-11,07:35:00,2.46,2.46,2.46,2.46,5000,0
2016-04-11,07:55:00,2.46,2.46,2.45,2.46,320000,0
2016-04-11,08:05:00,2.46,2.46,2.45,2.45,274000,0
2016-04-11,08:10:00,2.45,2.46,2.45,2.46,92000,0
2016-04-11,08:25:00,2.46,2.46,2.46,2.46,1000,0
2016-04-11,08:35:00,2.46,2.46,2.45,2.45,223000,0
2016-04-11,08:40:00,2.45,2.46,2.45,2.46,141000,0
2016-04-11,08:45:00,2.46,2.46,2.45,2.45,226000,0
2016-04-11,08:50:00,2.45,2.45,2.45,2.45,440000,0
2016-04-11,08:55:00,2.45,2.46,2.45,2.46,603000,0
2016-04-11,09:05:00,2.46,2.46,2.45,2.45,200000,0
2016-04-11,09:10:00,2.45,2.46,2.45,2.46,142000,0
2016-04-11,09:15:00,2.46,2.46,2.45,2.45,232000,0
2016-04-11,09:20:00,2.45,2.45,2.45,2.45,159000,0
2016-04-11,09:40:00,2.45,2.46,2.45,2.46,4000,0
2016-04-11,09:45:00,2.46,2.46,2.46,2.46,1000,0
2016-04-11,09:55:00,2.46,2.46,2.46,2.46,3000,0
2016-04-11,10:00:00,2.46,2.46,2.45,2.46,145000,0
2016-04-12,03:35:00,2.5,2.5,2.45,2.5,2000,0
2016-04-12,03:45:00,2.49,2.49,2.48,2.48,10000,0
2016-04-12,03:50:00,2.48,2.48,2.46,2.46,21000,0
2016-04-12,03:55:00,2.46,2.46,2.45,2.45,356000,0
2016-04-12,04:00:00,2.45,2.45,2.43,2.45,326000,0
2016-04-12,04:15:00,2.45,2.45,2.45,2.45,1000,0
2016-04-12,04:20:00,2.45,2.45,2.43,2.45,1248000,0
2016-04-12,04:25:00,2.45,2.45,2.45,2.45,109000,0
2016-04-12,04:35:00,2.45,2.46,2.42,2.45,700000,0
2016-04-12,04:40:00,2.45,2.46,2.42,2.45,1097000,0
2016-04-12,04:45:00,2.45,2.45,2.43,2.44,1530000,0
2016-04-12,04:50:00,2.44,2.44,2.44,2.44,109000,0
2016-04-12,04:55:00,2.44,2.44,2.44,2.44,1000,0
2016-04-12,05:00:00,2.44,2.44,2.44,2.44,8000,0
2016-04-12,05:05:00,2.44,2.44,2.44,2.44,20000,0
2016-04-12,05:10:00,2.44,2.45,2.44,2.45,222000,0
2016-04-12,05:25:00,2.45,2.45,2.45,2.45,1000,0
2016-04-12,05:30:00,2.45,2.45,2.43,2.44,972000,0
2016-04-12,05:35:00,2.44,2.44,2.44,2.44,30000,0
2016-04-12,05:45:00,2.44,2.44,2.44,2.44,1000,0
2016-04-12,05:50:00,2.44,2.44,2.44,2.44,1000,0
2016-04-12,05:55:00,2.44,2.44,2.44,2.44,28000,0
2016-04-12,06:00:00,2.44,2.44,2.44,2.44,2000,0
2016-04-12,07:05:00,2.44,2.45,2.44,2.44,5000,0
2016-04-12,07:10:00,2.44,2.44,2.44,2.44,2000,0
2016-04-12,07:15:00,2.44,2.44,2.44,2.44,31000,0
2016-04-12,07:20:00,2.44,2.44,2.44,2.44,1000,0
2016-04-12,07:25:00,2.44,2.44,2.44,2.44,1000,0
2016-04-12,07:35:00,2.44,2.44,2.44,2.44,1000,0
2016-04-12,07:40:00,2.44,2.44,2.44,2.44,15000,0
2016-04-12,07:45:00,2.44,2.44,2.44,2.44,1000,0
2016-04-12,07:50:00,2.44,2.44,2.44,2.44,78000,0
2016-04-12,07:55:00,2.44,2.44,2.44,2.44,1000,0
2016-04-12,08:00:00,2.44,2.45,2.44,2.45,114000,0
2016-04-12,08:05:00,2.45,2.45,2.44,2.44,28000,0
2016-04-12,08:10:00,2.44,2.44,2.44,2.44,1000,0
2016-04-12,08:15:00,2.44,2.44,2.44,2.44,18000,0
2016-04-12,08:20:00,2.44,2.44,2.44,2.44,1000,0
2016-04-12,08:25:00,2.44,2.44,2.44,2.44,66000,0
2016-04-12,08:30:00,2.44,2.44,2.44,2.44,23000,0
2016-04-12,08:35:00,2.44,2.44,2.44,2.44,1000,0
2016-04-12,08:40:00,2.44,2.44,2.44,2.44,1000,0
2016-04-12,08:45:00,2.44,2.44,2.44,2.44,1000,0
2016-04-12,08:50:00,2.44,2.44,2.44,2.44,11000,0
2016-04-12,08:55:00,2.44,2.44,2.44,2.44,1000,0
2016-04-12,09:00:00,2.44,2.44,2.44,2.44,13000,0
2016-04-12,09:05:00,2.44,2.45,2.44,2.44,21000,0
2016-04-12,09:10:00,2.44,2.44,2.44,2.44,18000,0
2016-04-12,09:15:00,2.44,2.44,2.44,2.44,37000,0
2016-04-12,09:20:00,2.44,2.44,2.44,2.44,2000,0
2016-04-12,09:25:00,2.44,2.44,2.44,2.44,1000,0
2016-04-12,09:30:00,2.44,2.44,2.44,2.44,127000,0
2016-04-12,09:35:00,2.44,2.44,2.43,2.43,40000,0
2016-04-12,09:40:00,2.44,2.44,2.43,2.43,4000,0
2016-04-12,09:45:00,2.43,2.43,2.43,2.43,34000,0
2016-04-12,09:50:00,2.43,2.46,2.43,2.46,674000,0
2016-04-12,09:55:00,2.46,2.48,2.46,2.48,41000,0
2016-04-12,10:00:00,2.48,2.49,2.47,2.48,111000,0
2016-04-13,03:55:00,2.48,2.5,2.48,2.5,18000,0
2016-04-13,04:05:00,2.5,2.5,2.5,2.5,14000,0
2016-04-13,04:10:00,2.5,2.5,2.5,2.5,28000,0
2016-04-13,04:15:00,2.5,2.5,2.5,2.5,22000,0
2016-04-13,04:20:00,2.5,2.5,2.5,2.5,6000,0
2016-04-13,04:25:00,2.5,2.5,2.49,2.49,19000,0
2016-04-13,04:30:00,2.49,2.49,2.49,2.49,108000,0
2016-04-13,04:35:00,2.49,2.49,2.49,2.49,24000,0
2016-04-13,04:40:00,2.49,2.49,2.48,2.49,92000,0
2016-04-13,04:45:00,2.49,2.49,2.49,2.49,12000,0
2016-04-13,04:50:00,2.49,2.49,2.49,2.49,1000,0
2016-04-13,04:55:00,2.49,2.49,2.48,2.48,199000,0
2016-04-13,05:00:00,2.48,2.49,2.48,2.49,9000,0
2016-04-13,05:05:00,2.49,2.49,2.48,2.49,49000,0
2016-04-13,05:10:00,2.49,2.49,2.48,2.48,163000,0
2016-04-13,05:15:00,2.48,2.49,2.48,2.49,282000,0
2016-04-13,05:20:00,2.49,2.49,2.48,2.48,29000,0
2016-04-13,05:25:00,2.48,2.49,2.48,2.48,24000,0
2016-04-13,05:30:00,2.48,2.49,2.48,2.48,46000,0
2016-04-13,05:35:00,2.48,2.49,2.48,2.49,2000,0
2016-04-13,05:40:00,2.49,2.49,2.49,2.49,1000,0
2016-04-13,05:45:00,2.49,2.49,2.49,2.49,4000,0
2016-04-13,05:50:00,2.49,2.49,2.47,2.48,1119000,0
2016-04-13,05:55:00,2.48,2.49,2.48,2.48,172000,0
2016-04-13,06:00:00,2.48,2.51,2.48,2.51,790000,0
2016-04-13,07:05:00,2.51,2.51,2.5,2.5,451000,0
2016-04-13,07:15:00,2.5,2.5,2.5,2.5,3000,0
2016-04-13,07:20:00,2.5,2.5,2.5,2.5,3000,0
2016-04-13,07:25:00,2.5,2.5,2.5,2.5,67000,0
2016-04-13,07:35:00,2.5,2.5,2.48,2.48,34000,0
2016-04-13,07:40:00,2.48,2.49,2.48,2.49,4000,0
2016-04-13,07:50:00,2.49,2.49,2.49,2.49,12000,0
2016-04-13,08:30:00,2.49,2.49,2.49,2.49,322000,0
2016-04-13,08:35:00,2.49,2.49,2.48,2.48,22990,0
2016-04-13,08:55:00,2.48,2.5,2.48,2.5,319000,0
2016-04-13,09:10:00,2.5,2.5,2.48,2.48,299000,0
2016-04-13,09:15:00,2.48,2.48,2.48,2.48,31000,0
2016-04-13,09:20:00,2.48,2.48,2.48,2.48,17000,0
2016-04-13,09:30:00,2.49,2.49,2.49,2.49,127000,0
2016-04-13,09:35:00,2.49,2.5,2.49,2.49,142000,0
2016-04-13,09:40:00,2.49,2.49,2.48,2.49,522000,0
2016-04-13,09:45:00,2.49,2.49,2.49,2.49,117000,0
2016-04-13,09:50:00,2.49,2.5,2.49,2.49,29000,0
2016-04-13,09:55:00,2.49,2.5,2.49,2.49,289000,0
2016-04-13,10:00:00,2.49,2.5,2.49,2.49,206000,0
