Date,Time,Open,High,Low,Close,Volume,OpenInt
2016-03-18,02:35:00,0.68,0.69,0.67,0.69,9921000,0
2016-03-18,02:40:00,0.69,0.69,0.68,0.69,108000,0
2016-03-18,02:45:00,0.69,0.69,0.67,0.68,1961000,0
2016-03-18,02:50:00,0.68,0.68,0.67,0.68,7950,0
2016-03-18,02:55:00,0.68,0.68,0.67,0.68,393000,0
2016-03-18,03:00:00,0.68,0.68,0.67,0.68,418000,0
2016-03-18,03:05:00,0.67,0.68,0.67,0.68,183000,0
2016-03-18,03:10:00,0.68,0.68,0.67,0.68,383000,0
2016-03-18,03:15:00,0.68,0.68,0.67,0.68,339000,0
2016-03-18,03:20:00,0.67,0.68,0.67,0.68,894000,0
2016-03-18,03:25:00,0.67,0.68,0.67,0.68,59000,0
2016-03-18,03:30:00,0.68,0.68,0.67,0.68,630000,0
2016-03-18,03:35:00,0.67,0.68,0.67,0.68,168000,0
2016-03-18,03:40:00,0.67,0.68,0.67,0.68,179000,0
2016-03-18,03:45:00,0.68,0.68,0.67,0.68,280000,0
2016-03-18,03:50:00,0.68,0.68,0.67,0.68,132000,0
2016-03-18,03:55:00,0.68,0.68,0.67,0.68,549000,0
2016-03-18,04:00:00,0.68,0.68,0.68,0.68,27000,0
2016-03-18,04:05:00,0.67,0.68,0.67,0.68,318000,0
2016-03-18,04:10:00,0.68,0.68,0.67,0.68,288000,0
2016-03-18,04:15:00,0.68,0.68,0.67,0.68,1139000,0
2016-03-18,04:20:00,0.68,0.68,0.67,0.68,3363000,0
2016-03-18,04:25:00,0.67,0.68,0.67,0.68,526000,0
2016-03-18,04:35:00,0.67,0.68,0.67,0.68,351000,0
2016-03-18,04:40:00,0.67,0.68,0.67,0.68,325000,0
2016-03-18,04:45:00,0.68,0.68,0.67,0.68,485000,0
2016-03-18,04:50:00,0.67,0.68,0.67,0.68,324000,0
2016-03-18,04:55:00,0.68,0.68,0.67,0.68,285000,0
2016-03-18,05:00:00,0.68,0.68,0.67,0.68,264000,0
2016-03-18,06:05:00,0.68,0.68,0.67,0.68,962000,0
2016-03-18,06:10:00,0.67,0.68,0.67,0.68,39000,0
2016-03-18,06:15:00,0.68,0.68,0.67,0.68,1409000,0
2016-03-18,06:20:00,0.68,0.68,0.67,0.68,660000,0
2016-03-18,06:30:00,0.67,0.68,0.67,0.68,86000,0
2016-03-18,06:35:00,0.67,0.68,0.67,0.68,101000,0
2016-03-18,06:40:00,0.67,0.68,0.67,0.68,221000,0
2016-03-18,06:45:00,0.67,0.68,0.67,0.68,339000,0
2016-03-18,06:50:00,0.67,0.68,0.67,0.68,167000,0
2016-03-18,06:55:00,0.67,0.68,0.67,0.68,478000,0
2016-03-18,07:00:00,0.68,0.68,0.67,0.68,358000,0
2016-03-18,07:05:00,0.68,0.68,0.67,0.68,896000,0
2016-03-18,07:10:00,0.67,0.68,0.67,0.68,110000,0
2016-03-18,07:15:00,0.67,0.68,0.67,0.68,465000,0
2016-03-18,07:20:00,0.67,0.68,0.67,0.68,138000,0
2016-03-18,07:25:00,0.67,0.68,0.67,0.68,88000,0
2016-03-18,07:30:00,0.67,0.68,0.67,0.68,160000,0
2016-03-18,07:35:00,0.67,0.68,0.67,0.68,244000,0
2016-03-18,07:40:00,0.68,0.68,0.67,0.68,465000,0
2016-03-18,07:45:00,0.68,0.68,0.67,0.68,793700,0
2016-03-18,07:50:00,0.68,0.68,0.67,0.68,851000,0
2016-03-18,07:55:00,0.68,0.68,0.67,0.68,1071000,0
2016-03-18,08:00:00,0.67,0.68,0.67,0.68,317000,0
2016-03-18,08:05:00,0.68,0.68,0.67,0.68,1051000,0
2016-03-18,08:10:00,0.67,0.68,0.67,0.68,1241000,0
2016-03-18,08:15:00,0.68,0.68,0.67,0.68,4739000,0
2016-03-18,08:20:00,0.67,0.68,0.67,0.68,582000,0
2016-03-18,08:25:00,0.67,0.68,0.67,0.68,248000,0
2016-03-18,08:30:00,0.67,0.68,0.67,0.68,944000,0
2016-03-18,08:35:00,0.68,0.68,0.67,0.68,1047973,0
2016-03-18,08:40:00,0.67,0.68,0.67,0.68,2197000,0
2016-03-18,08:45:00,0.68,0.69,0.67,0.69,28813000,0
2016-03-18,08:50:00,0.69,0.69,0.68,0.69,3252000,0
2016-03-18,08:55:00,0.69,0.69,0.68,0.69,1697000,0
2016-03-18,09:00:00,0.69,0.69,0.67,0.68,45343000,0
2016-03-21,02:35:00,0.68,0.69,0.68,0.68,845000,0
2016-03-21,02:40:00,0.68,0.69,0.68,0.69,1344000,0
2016-03-21,02:45:00,0.69,0.69,0.68,0.68,214000,0
2016-03-21,02:50:00,0.68,0.69,0.68,0.68,352000,0
2016-03-21,02:55:00,0.68,0.69,0.68,0.68,4174000,0
2016-03-21,03:00:00,0.68,0.69,0.68,0.69,387000,0
2016-03-21,03:05:00,0.69,0.69,0.68,0.68,2590000,0
2016-03-21,03:10:00,0.68,0.69,0.68,0.69,240000,0
2016-03-21,03:15:00,0.69,0.69,0.68,0.68,1596000,0
2016-03-21,03:20:00,0.68,0.69,0.68,0.69,1739000,0
2016-03-21,03:25:00,0.69,0.69,0.68,0.69,214000,0
2016-03-21,03:30:00,0.67,0.68,0.67,0.68,8419000,0
2016-03-21,03:35:00,0.68,0.69,0.67,0.69,12629000,0
2016-03-21,03:40:00,0.69,0.69,0.68,0.69,23000,0
2016-03-21,03:45:00,0.69,0.69,0.68,0.69,1404000,0
2016-03-21,03:50:00,0.69,0.69,0.68,0.68,3325000,0
2016-03-21,03:55:00,0.68,0.69,0.68,0.68,6354000,0
2016-03-21,04:00:00,0.68,0.69,0.68,0.69,437000,0
2016-03-21,04:05:00,0.69,0.69,0.69,0.69,103000,0
2016-03-21,04:10:00,0.69,0.69,0.68,0.69,519000,0
2016-03-21,04:15:00,0.69,0.69,0.68,0.69,307000,0
2016-03-21,04:20:00,0.69,0.69,0.68,0.68,222000,0
2016-03-21,04:25:00,0.68,0.69,0.68,0.69,672600,0
2016-03-21,04:30:00,0.69,0.69,0.68,0.69,271000,0
2016-03-21,04:35:00,0.69,0.69,0.68,0.68,888000,0
2016-03-21,04:40:00,0.68,0.69,0.68,0.69,1148000,0
2016-03-21,04:45:00,0.69,0.69,0.68,0.68,263000,0
2016-03-21,04:50:00,0.68,0.69,0.68,0.68,93000,0
2016-03-21,04:55:00,0.68,0.69,0.68,0.68,50000,0
2016-03-21,05:00:00,0.68,0.69,0.68,0.68,121000,0
2016-03-21,06:05:00,0.68,0.69,0.68,0.69,811000,0
2016-03-21,06:10:00,0.69,0.69,0.68,0.69,247000,0
2016-03-21,06:15:00,0.69,0.69,0.68,0.69,155000,0
2016-03-21,06:20:00,0.69,0.69,0.68,0.69,453000,0
2016-03-21,06:25:00,0.69,0.69,0.68,0.68,215000,0
2016-03-21,06:30:00,0.68,0.69,0.68,0.69,166000,0
2016-03-21,06:35:00,0.69,0.69,0.68,0.69,622000,0
2016-03-21,06:40:00,0.69,0.69,0.68,0.69,263000,0
2016-03-21,06:45:00,0.69,0.69,0.68,0.69,233000,0
2016-03-21,06:50:00,0.69,0.69,0.68,0.68,180000,0
2016-03-21,06:55:00,0.68,0.69,0.68,0.68,783000,0
2016-03-21,07:00:00,0.68,0.69,0.68,0.69,152000,0
2016-03-21,07:05:00,0.69,0.69,0.68,0.68,126000,0
2016-03-21,07:10:00,0.68,0.69,0.68,0.69,219000,0
2016-03-21,07:15:00,0.69,0.69,0.68,0.69,139000,0
2016-03-21,07:20:00,0.69,0.69,0.68,0.69,171000,0
2016-03-21,07:25:00,0.69,0.69,0.68,0.68,324000,0
2016-03-21,07:30:00,0.68,0.69,0.68,0.68,77000,0
2016-03-21,07:35:00,0.68,0.69,0.68,0.68,232000,0
2016-03-21,07:40:00,0.68,0.69,0.68,0.69,222000,0
2016-03-21,07:45:00,0.69,0.69,0.68,0.69,110000,0
2016-03-21,07:50:00,0.69,0.69,0.68,0.69,152000,0
2016-03-21,07:55:00,0.69,0.69,0.68,0.68,198000,0
2016-03-21,08:00:00,0.68,0.69,0.68,0.69,101000,0
2016-03-21,08:05:00,0.69,0.69,0.68,0.68,189000,0
2016-03-21,08:10:00,0.68,0.69,0.68,0.69,150000,0
2016-03-21,08:15:00,0.69,0.69,0.68,0.69,296000,0
2016-03-21,08:20:00,0.69,0.69,0.68,0.69,741000,0
2016-03-21,08:25:00,0.69,0.69,0.68,0.69,320000,0
2016-03-21,08:30:00,0.69,0.69,0.68,0.68,243000,0
2016-03-21,08:35:00,0.68,0.69,0.68,0.68,298000,0
2016-03-21,08:40:00,0.68,0.69,0.68,0.68,1203000,0
2016-03-21,08:45:00,0.68,0.69,0.68,0.68,841000,0
2016-03-21,08:50:00,0.68,0.69,0.68,0.68,1233000,0
2016-03-21,08:55:00,0.68,0.69,0.68,0.68,1469000,0
2016-03-21,09:00:00,0.68,0.69,0.68,0.68,11031000,0
2016-03-22,02:35:00,0.68,0.69,0.68,0.69,87000,0
2016-03-22,02:40:00,0.69,0.69,0.69,0.69,18000,0
2016-03-22,02:45:00,0.68,0.69,0.68,0.69,941000,0
2016-03-22,02:50:00,0.69,0.69,0.68,0.69,846000,0
2016-03-22,02:55:00,0.69,0.69,0.68,0.69,81000,0
2016-03-22,03:00:00,0.69,0.69,0.68,0.69,637000,0
2016-03-22,03:05:00,0.69,0.69,0.68,0.69,434000,0
2016-03-22,03:10:00,0.69,0.69,0.68,0.69,934000,0
2016-03-22,03:15:00,0.69,0.69,0.68,0.69,573000,0
2016-03-22,03:20:00,0.69,0.69,0.68,0.69,1945000,0
2016-03-22,03:25:00,0.68,0.69,0.68,0.69,873000,0
2016-03-22,03:30:00,0.68,0.69,0.68,0.69,571000,0
2016-03-22,03:35:00,0.68,0.69,0.68,0.69,655000,0
2016-03-22,03:40:00,0.68,0.69,0.68,0.69,769000,0
2016-03-22,03:45:00,0.69,0.69,0.68,0.69,427000,0
2016-03-22,03:50:00,0.68,0.69,0.68,0.69,20000,0
2016-03-22,03:55:00,0.68,0.69,0.68,0.69,474000,0
2016-03-22,04:00:00,0.68,0.69,0.68,0.69,577000,0
2016-03-22,04:05:00,0.68,0.69,0.68,0.69,36000,0
2016-03-22,04:10:00,0.69,0.69,0.68,0.69,135000,0
2016-03-22,04:15:00,0.68,0.69,0.68,0.69,38000,0
2016-03-22,04:20:00,0.68,0.69,0.68,0.69,82000,0
2016-03-22,04:25:00,0.68,0.69,0.68,0.69,235000,0
2016-03-22,04:30:00,0.68,0.69,0.68,0.69,575000,0
2016-03-22,04:35:00,0.69,0.69,0.68,0.69,95000,0
2016-03-22,04:40:00,0.69,0.69,0.68,0.69,150000,0
2016-03-22,04:45:00,0.69,0.69,0.68,0.69,167000,0
2016-03-22,04:50:00,0.69,0.69,0.68,0.69,168000,0
2016-03-22,04:55:00,0.69,0.69,0.68,0.69,163000,0
2016-03-22,05:00:00,0.69,0.69,0.68,0.69,79000,0
2016-03-22,06:05:00,0.68,0.69,0.68,0.69,218000,0
2016-03-22,06:10:00,0.69,0.69,0.68,0.69,152000,0
2016-03-22,06:15:00,0.69,0.69,0.68,0.69,63000,0
2016-03-22,06:20:00,0.69,0.69,0.68,0.69,119000,0
2016-03-22,06:25:00,0.69,0.69,0.68,0.69,76000,0
2016-03-22,06:30:00,0.69,0.69,0.68,0.69,320000,0
2016-03-22,06:35:00,0.69,0.69,0.68,0.69,150000,0
2016-03-22,06:40:00,0.69,0.69,0.68,0.69,23000,0
2016-03-22,06:45:00,0.68,0.69,0.68,0.69,29000,0
2016-03-22,06:50:00,0.68,0.69,0.68,0.69,30000,0
2016-03-22,06:55:00,0.68,0.69,0.68,0.69,39000,0
2016-03-22,07:00:00,0.69,0.69,0.68,0.69,58000,0
2016-03-22,07:05:00,0.68,0.69,0.68,0.69,327000,0
2016-03-22,07:10:00,0.68,0.69,0.68,0.69,36000,0
2016-03-22,07:15:00,0.69,0.69,0.68,0.69,14000,0
2016-03-22,07:20:00,0.68,0.69,0.68,0.69,147000,0
2016-03-22,07:25:00,0.68,0.69,0.68,0.69,103000,0
2016-03-22,07:30:00,0.68,0.69,0.68,0.69,707000,0
2016-03-22,07:35:00,0.68,0.7,0.68,0.69,12172000,0
2016-03-22,07:40:00,0.69,0.7,0.69,0.7,3785000,0
2016-03-22,07:45:00,0.7,0.7,0.69,0.7,3203000,0
2016-03-22,07:50:00,0.7,0.7,0.69,0.69,11943000,0
2016-03-22,07:55:00,0.69,0.7,0.68,0.69,10852000,0
2016-03-22,08:00:00,0.68,0.69,0.68,0.69,3648000,0
2016-03-22,08:05:00,0.69,0.7,0.68,0.7,9954000,0
2016-03-22,08:10:00,0.7,0.7,0.69,0.7,30000,0
2016-03-22,08:15:00,0.7,0.7,0.69,0.7,2423000,0
2016-03-22,08:20:00,0.7,0.7,0.69,0.7,3448000,0
2016-03-22,08:25:00,0.7,0.7,0.69,0.7,2274000,0
2016-03-22,08:30:00,0.7,0.7,0.69,0.7,696000,0
2016-03-22,08:35:00,0.7,0.7,0.69,0.7,1056000,0
2016-03-22,08:40:00,0.7,0.7,0.69,0.7,942000,0
2016-03-22,08:45:00,0.7,0.7,0.69,0.7,1084000,0
2016-03-22,08:50:00,0.7,0.7,0.69,0.7,4137000,0
2016-03-22,08:55:00,0.7,0.7,0.69,0.7,1216000,0
2016-03-22,09:00:00,0.7,0.7,0.69,0.69,18545000,0
2016-03-23,02:35:00,0.7,0.7,0.7,0.7,58084,0
2016-03-23,02:40:00,0.7,0.7,0.69,0.69,21000,0
2016-03-23,02:45:00,0.69,0.7,0.69,0.69,54000,0
2016-03-23,02:50:00,0.69,0.7,0.69,0.7,2000,0
2016-03-23,02:55:00,0.7,0.7,0.69,0.69,171000,0
2016-03-23,03:00:00,0.69,0.7,0.69,0.69,1335000,0
2016-03-23,03:05:00,0.69,0.7,0.69,0.69,2477000,0
2016-03-23,03:10:00,0.69,0.69,0.68,0.68,10395000,0
2016-03-23,03:15:00,0.68,0.69,0.68,0.69,4386000,0
2016-03-23,03:20:00,0.69,0.69,0.68,0.68,215166,0
2016-03-23,03:25:00,0.68,0.69,0.68,0.69,65000,0
2016-03-23,03:30:00,0.69,0.69,0.68,0.68,106000,0
2016-03-23,03:35:00,0.68,0.69,0.68,0.68,1029000,0
2016-03-23,03:40:00,0.68,0.69,0.68,0.69,160000,0
2016-03-23,03:45:00,0.69,0.69,0.68,0.68,1588000,0
2016-03-23,03:50:00,0.68,0.68,0.68,0.68,47000,0
2016-03-23,03:55:00,0.68,0.69,0.68,0.68,31000,0
2016-03-23,04:00:00,0.68,0.69,0.68,0.69,119000,0
2016-03-23,04:05:00,0.69,0.69,0.68,0.69,70000,0
2016-03-23,04:10:00,0.69,0.69,0.68,0.69,8861000,0
2016-03-23,04:15:00,0.69,0.69,0.69,0.69,38000,0
2016-03-23,04:20:00,0.69,0.69,0.69,0.69,33000,0
2016-03-23,04:25:00,0.69,0.7,0.69,0.69,92000,0
2016-03-23,04:30:00,0.69,0.69,0.69,0.69,54000,0
2016-03-23,04:35:00,0.69,0.69,0.69,0.69,215000,0
2016-03-23,04:40:00,0.69,0.7,0.69,0.7,2000,0
2016-03-23,04:45:00,0.7,0.7,0.7,0.7,1000,0
2016-03-23,04:50:00,0.7,0.7,0.69,0.69,802000,0
2016-03-23,04:55:00,0.69,0.7,0.69,0.69,45000,0
2016-03-23,05:00:00,0.69,0.69,0.69,0.69,131000,0
2016-03-23,06:05:00,0.69,0.7,0.69,0.69,92000,0
2016-03-23,06:10:00,0.69,0.69,0.69,0.69,4902000,0
2016-03-23,06:15:00,0.69,0.69,0.68,0.68,193000,0
2016-03-23,06:25:00,0.68,0.68,0.68,0.68,64000,0
2016-03-23,06:30:00,0.68,0.69,0.68,0.69,103000,0
2016-03-23,06:35:00,0.69,0.69,0.68,0.69,138000,0
2016-03-23,06:40:00,0.69,0.69,0.68,0.69,133000,0
2016-03-23,06:45:00,0.69,0.69,0.68,0.69,272000,0
2016-03-23,06:50:00,0.69,0.69,0.68,0.68,474000,0
2016-03-23,06:55:00,0.68,0.69,0.68,0.68,1078000,0
2016-03-23,07:00:00,0.68,0.69,0.68,0.68,188000,0
2016-03-23,07:05:00,0.68,0.69,0.68,0.68,247000,0
2016-03-23,07:10:00,0.68,0.69,0.68,0.69,237000,0
2016-03-23,07:15:00,0.69,0.69,0.67,0.68,61224000,0
2016-03-23,07:20:00,0.68,0.69,0.68,0.68,388000,0
2016-03-23,07:25:00,0.68,0.69,0.68,0.69,16000,0
2016-03-23,07:30:00,0.69,0.69,0.68,0.68,729000,0
2016-03-23,07:35:00,0.68,0.69,0.68,0.69,259000,0
2016-03-23,07:40:00,0.69,0.69,0.69,0.69,517000,0
2016-03-23,07:45:00,0.69,0.69,0.68,0.69,257000,0
2016-03-23,07:50:00,0.69,0.69,0.68,0.68,173000,0
2016-03-23,07:55:00,0.68,0.69,0.68,0.69,98000,0
2016-03-23,08:00:00,0.69,0.69,0.68,0.69,22000,0
2016-03-23,08:05:00,0.69,0.69,0.68,0.68,67000,0
2016-03-23,08:10:00,0.68,0.69,0.68,0.69,731000,0
2016-03-23,08:15:00,0.69,0.69,0.68,0.69,21000,0
2016-03-23,08:20:00,0.69,0.69,0.68,0.69,94000,0
2016-03-23,08:25:00,0.69,0.69,0.68,0.69,50000,0
2016-03-23,08:30:00,0.69,0.69,0.68,0.68,198000,0
2016-03-23,08:35:00,0.68,0.69,0.68,0.69,108000,0
2016-03-23,08:40:00,0.69,0.69,0.68,0.68,105000,0
2016-03-23,08:45:00,0.68,0.69,0.68,0.69,428000,0
2016-03-23,08:50:00,0.69,0.69,0.68,0.68,976000,0
2016-03-23,08:55:00,0.68,0.69,0.68,0.68,913000,0
2016-03-23,09:00:00,0.68,0.69,0.68,0.69,7175000,0
2016-03-24,02:35:00,0.68,0.68,0.67,0.68,1723875,0
2016-03-24,02:40:00,0.68,0.68,0.67,0.68,4071000,0
2016-03-24,02:45:00,0.68,0.68,0.67,0.68,168000,0
2016-03-24,02:50:00,0.67,0.68,0.67,0.68,736000,0
2016-03-24,02:55:00,0.68,0.68,0.67,0.68,540000,0
2016-03-24,03:00:00,0.67,0.68,0.67,0.68,327000,0
2016-03-24,03:05:00,0.68,0.68,0.67,0.68,141000,0
2016-03-24,03:10:00,0.67,0.68,0.67,0.68,213000,0
2016-03-24,03:15:00,0.67,0.68,0.67,0.68,242000,0
2016-03-24,03:25:00,0.68,0.68,0.68,0.68,12000,0
2016-03-24,03:30:00,0.68,0.69,0.68,0.69,3000,0
2016-03-24,03:35:00,0.69,0.69,0.68,0.68,203000,0
2016-03-24,03:40:00,0.68,0.69,0.68,0.68,96000,0
2016-03-24,03:45:00,0.68,0.69,0.68,0.68,160000,0
2016-03-24,03:50:00,0.68,0.69,0.68,0.68,6000,0
2016-03-24,03:55:00,0.67,0.68,0.67,0.68,15000,0
2016-03-24,04:00:00,0.68,0.68,0.68,0.68,57000,0
2016-03-24,04:05:00,0.67,0.68,0.67,0.68,2000,0
2016-03-24,04:10:00,0.67,0.68,0.67,0.68,2000,0
2016-03-24,04:15:00,0.67,0.68,0.67,0.68,3000,0
2016-03-24,04:20:00,0.68,0.68,0.67,0.68,24000,0
2016-03-24,04:30:00,0.67,0.68,0.67,0.68,2000,0
2016-03-24,04:35:00,0.68,0.68,0.68,0.68,41000,0
2016-03-24,04:40:00,0.68,0.68,0.67,0.68,26000,0
2016-03-24,04:45:00,0.68,0.68,0.68,0.68,9000,0
2016-03-24,04:50:00,0.68,0.68,0.68,0.68,505000,0
2016-03-24,04:55:00,0.68,0.68,0.68,0.68,506000,0
2016-03-24,05:00:00,0.68,0.68,0.67,0.68,76000,0
2016-03-24,06:05:00,0.68,0.68,0.67,0.68,129000,0
2016-03-24,06:10:00,0.68,0.68,0.67,0.68,46000,0
2016-03-24,06:15:00,0.68,0.68,0.68,0.68,680000,0
2016-03-24,06:25:00,0.67,0.68,0.67,0.68,57000,0
2016-03-24,06:30:00,0.68,0.68,0.67,0.68,1308000,0
2016-03-24,06:35:00,0.68,0.68,0.68,0.68,21000,0
2016-03-24,06:40:00,0.68,0.68,0.67,0.68,49000,0
2016-03-24,06:45:00,0.68,0.68,0.67,0.68,4000,0
2016-03-24,06:50:00,0.68,0.68,0.68,0.68,4000,0
2016-03-24,07:00:00,0.67,0.68,0.67,0.68,2000,0
2016-03-24,07:05:00,0.67,0.68,0.67,0.68,23000,0
2016-03-24,07:10:00,0.68,0.68,0.67,0.68,43000,0
2016-03-24,07:15:00,0.67,0.68,0.67,0.68,202000,0
2016-03-24,07:20:00,0.68,0.68,0.67,0.68,813000,0
2016-03-24,07:25:00,0.68,0.68,0.67,0.68,357000,0
2016-03-24,07:30:00,0.68,0.68,0.68,0.68,51000,0
2016-03-24,07:35:00,0.68,0.68,0.68,0.68,28000,0
2016-03-24,07:40:00,0.67,0.68,0.67,0.68,14000,0
2016-03-24,07:45:00,0.67,0.68,0.67,0.68,155500,0
2016-03-24,07:50:00,0.68,0.68,0.67,0.68,203000,0
2016-03-24,07:55:00,0.67,0.68,0.67,0.68,69000,0
2016-03-24,08:00:00,0.68,0.68,0.67,0.68,1778000,0
2016-03-24,08:05:00,0.68,0.68,0.67,0.68,105000,0
2016-03-24,08:10:00,0.67,0.68,0.67,0.68,245000,0
2016-03-24,08:15:00,0.67,0.68,0.67,0.68,215000,0
2016-03-24,08:20:00,0.67,0.68,0.67,0.68,334000,0
2016-03-24,08:25:00,0.67,0.68,0.67,0.68,221000,0
2016-03-24,08:30:00,0.68,0.68,0.67,0.68,110000,0
2016-03-24,08:35:00,0.68,0.68,0.67,0.68,142000,0
2016-03-24,08:40:00,0.68,0.68,0.67,0.68,80000,0
2016-03-24,08:45:00,0.67,0.68,0.67,0.68,116000,0
2016-03-24,08:50:00,0.67,0.68,0.67,0.68,285000,0
2016-03-24,09:00:00,0.67,0.68,0.67,0.68,17206000,0
2016-03-29,03:35:00,0.67,0.68,0.67,0.67,1380495,0
2016-03-29,03:40:00,0.67,0.68,0.67,0.67,3061000,0
2016-03-29,03:45:00,0.66,0.67,0.66,0.67,873000,0
2016-03-29,03:50:00,0.67,0.68,0.67,0.67,272583,0
2016-03-29,03:55:00,0.67,0.67,0.67,0.67,158083,0
2016-03-29,04:00:00,0.67,0.68,0.67,0.67,270000,0
2016-03-29,04:05:00,0.67,0.68,0.67,0.67,310000,0
2016-03-29,04:10:00,0.67,0.67,0.67,0.67,173000,0
2016-03-29,04:15:00,0.67,0.67,0.67,0.67,144000,0
2016-03-29,04:20:00,0.67,0.67,0.67,0.67,335000,0
2016-03-29,04:25:00,0.67,0.67,0.67,0.67,156791,0
2016-03-29,04:30:00,0.67,0.67,0.67,0.67,158000,0
2016-03-29,04:35:00,0.67,0.68,0.67,0.68,186000,0
2016-03-29,04:40:00,0.68,0.68,0.67,0.67,453000,0
2016-03-29,04:45:00,0.67,0.68,0.67,0.67,194000,0
2016-03-29,04:50:00,0.67,0.68,0.67,0.67,121000,0
2016-03-29,04:55:00,0.67,0.68,0.67,0.67,1426000,0
2016-03-29,05:00:00,0.67,0.68,0.67,0.68,167000,0
2016-03-29,05:05:00,0.68,0.68,0.67,0.67,200000,0
2016-03-29,05:10:00,0.67,0.68,0.67,0.67,183000,0
2016-03-29,05:15:00,0.67,0.68,0.67,0.68,176000,0
2016-03-29,05:20:00,0.68,0.68,0.67,0.68,179000,0
2016-03-29,05:25:00,0.68,0.68,0.67,0.67,2844000,0
2016-03-29,05:30:00,0.67,0.68,0.67,0.67,418375,0
2016-03-29,05:35:00,0.67,0.68,0.67,0.68,111000,0
2016-03-29,05:40:00,0.66,0.67,0.66,0.67,110000,0
2016-03-29,05:50:00,0.66,0.67,0.66,0.67,1886000,0
2016-03-29,06:00:00,0.66,0.67,0.66,0.67,867000,0
2016-03-29,07:05:00,0.67,0.67,0.67,0.67,1000000,0
2016-03-29,07:10:00,0.67,0.68,0.67,0.67,292000,0
2016-03-29,07:15:00,0.67,0.68,0.67,0.67,163000,0
2016-03-29,07:20:00,0.67,0.68,0.67,0.67,312000,0
2016-03-29,07:25:00,0.67,0.68,0.67,0.67,403000,0
2016-03-29,07:30:00,0.67,0.67,0.66,0.67,469000,0
2016-03-29,07:35:00,0.66,0.67,0.66,0.67,301000,0
2016-03-29,07:40:00,0.67,0.67,0.67,0.67,98000,0
2016-03-29,07:45:00,0.67,0.67,0.67,0.67,50000,0
2016-03-29,07:50:00,0.67,0.68,0.67,0.68,2000,0
2016-03-29,08:00:00,0.68,0.68,0.67,0.67,157000,0
2016-03-29,08:05:00,0.67,0.68,0.67,0.67,26000,0
2016-03-29,08:10:00,0.67,0.68,0.67,0.68,2000,0
2016-03-29,08:15:00,0.68,0.68,0.67,0.68,18000,0
2016-03-29,08:20:00,0.68,0.68,0.67,0.67,81000,0
2016-03-29,08:25:00,0.67,0.68,0.67,0.67,189000,0
2016-03-29,08:30:00,0.67,0.68,0.67,0.68,550000,0
2016-03-29,08:35:00,0.68,0.68,0.67,0.67,98000,0
2016-03-29,08:40:00,0.67,0.68,0.67,0.67,232000,0
2016-03-29,08:45:00,0.67,0.68,0.67,0.67,3195000,0
2016-03-29,08:50:00,0.67,0.68,0.67,0.68,374000,0
2016-03-29,08:55:00,0.68,0.68,0.67,0.67,157000,0
2016-03-29,09:00:00,0.67,0.68,0.67,0.67,123000,0
2016-03-29,09:05:00,0.67,0.68,0.67,0.67,248000,0
2016-03-29,09:10:00,0.67,0.68,0.67,0.67,154000,0
2016-03-29,09:15:00,0.67,0.68,0.67,0.67,459000,0
2016-03-29,09:20:00,0.67,0.68,0.67,0.68,291000,0
2016-03-29,09:25:00,0.68,0.68,0.67,0.68,308000,0
2016-03-29,09:30:00,0.68,0.68,0.66,0.67,3464000,0
2016-03-29,09:35:00,0.66,0.67,0.66,0.67,53000,0
2016-03-29,09:40:00,0.66,0.67,0.66,0.67,15000,0
2016-03-29,09:45:00,0.66,0.67,0.66,0.67,92000,0
2016-03-29,09:50:00,0.66,0.67,0.66,0.67,244000,0
2016-03-29,10:00:00,0.66,0.67,0.66,0.67,13920000,0
2016-03-30,03:35:00,0.67,0.68,0.66,0.67,13892000,0
2016-03-30,03:40:00,0.66,0.67,0.66,0.67,2680000,0
2016-03-30,03:45:00,0.67,0.67,0.67,0.67,753000,0
2016-03-30,03:50:00,0.66,0.67,0.66,0.67,340000,0
2016-03-30,03:55:00,0.67,0.67,0.66,0.67,2706000,0
2016-03-30,04:00:00,0.67,0.67,0.66,0.67,136000,0
2016-03-30,04:05:00,0.67,0.67,0.66,0.67,406000,0
2016-03-30,04:10:00,0.67,0.67,0.66,0.67,269000,0
2016-03-30,04:15:00,0.67,0.67,0.66,0.67,115000,0
2016-03-30,04:20:00,0.67,0.67,0.66,0.67,406000,0
2016-03-30,04:25:00,0.67,0.67,0.66,0.67,1730000,0
2016-03-30,04:30:00,0.67,0.67,0.66,0.67,281000,0
2016-03-30,04:35:00,0.66,0.67,0.66,0.67,526000,0
2016-03-30,04:40:00,0.67,0.67,0.66,0.67,420000,0
2016-03-30,04:45:00,0.67,0.67,0.66,0.67,1167000,0
2016-03-30,04:50:00,0.67,0.67,0.66,0.67,565000,0
2016-03-30,04:55:00,0.66,0.67,0.66,0.67,169000,0
2016-03-30,05:00:00,0.67,0.67,0.66,0.67,714000,0
2016-03-30,05:05:00,0.67,0.67,0.66,0.67,66000,0
2016-03-30,05:10:00,0.67,0.67,0.66,0.67,254000,0
2016-03-30,05:15:00,0.67,0.67,0.66,0.67,198000,0
2016-03-30,05:20:00,0.67,0.67,0.66,0.67,441000,0
2016-03-30,05:25:00,0.67,0.67,0.66,0.67,496000,0
2016-03-30,05:30:00,0.66,0.67,0.66,0.67,76000,0
2016-03-30,05:35:00,0.67,0.67,0.66,0.67,1934000,0
2016-03-30,05:40:00,0.67,0.67,0.66,0.67,310496,0
2016-03-30,05:45:00,0.67,0.67,0.66,0.67,528000,0
2016-03-30,05:50:00,0.67,0.67,0.66,0.67,5183000,0
2016-03-30,05:55:00,0.67,0.67,0.66,0.67,1822000,0
2016-03-30,06:00:00,0.67,0.67,0.66,0.67,543000,0
2016-03-30,07:05:00,0.67,0.67,0.66,0.67,512000,0
2016-03-30,07:10:00,0.67,0.67,0.66,0.67,1048000,0
2016-03-30,07:15:00,0.66,0.67,0.66,0.67,1876000,0
2016-03-30,07:20:00,0.67,0.67,0.66,0.67,5206000,0
2016-03-30,07:25:00,0.66,0.67,0.66,0.67,469000,0
2016-03-30,07:30:00,0.66,0.67,0.66,0.67,576000,0
2016-03-30,07:35:00,0.66,0.67,0.66,0.67,560000,0
2016-03-30,07:40:00,0.66,0.67,0.66,0.67,411000,0
2016-03-30,07:45:00,0.67,0.67,0.66,0.67,551000,0
2016-03-30,07:50:00,0.67,0.67,0.66,0.67,116000,0
2016-03-30,07:55:00,0.66,0.67,0.66,0.67,408000,0
2016-03-30,08:00:00,0.67,0.67,0.66,0.67,62000,0
2016-03-30,08:05:00,0.67,0.67,0.66,0.67,557000,0
2016-03-30,08:10:00,0.67,0.67,0.66,0.67,4833000,0
2016-03-30,08:15:00,0.66,0.67,0.66,0.67,4551000,0
2016-03-30,08:20:00,0.67,0.67,0.66,0.67,670000,0
2016-03-30,08:25:00,0.66,0.67,0.66,0.67,736000,0
2016-03-30,08:30:00,0.66,0.67,0.66,0.67,106000,0
2016-03-30,08:35:00,0.66,0.67,0.66,0.67,2218000,0
2016-03-30,08:40:00,0.67,0.67,0.66,0.67,604000,0
2016-03-30,08:45:00,0.66,0.68,0.66,0.68,29615000,0
2016-03-30,08:50:00,0.68,0.68,0.67,0.68,499000,0
2016-03-30,08:55:00,0.68,0.68,0.67,0.68,212000,0
2016-03-30,09:00:00,0.68,0.68,0.67,0.67,1377000,0
2016-03-30,09:05:00,0.67,0.68,0.67,0.68,1427000,0
2016-03-30,09:10:00,0.68,0.68,0.67,0.67,682000,0
2016-03-30,09:15:00,0.67,0.68,0.67,0.68,635000,0
2016-03-30,09:20:00,0.68,0.68,0.67,0.68,570000,0
2016-03-30,09:25:00,0.68,0.68,0.67,0.67,326000,0
2016-03-30,09:30:00,0.67,0.68,0.67,0.67,977000,0
2016-03-30,09:35:00,0.67,0.68,0.67,0.67,1162000,0
2016-03-30,09:40:00,0.67,0.68,0.67,0.67,1094000,0
2016-03-30,09:45:00,0.67,0.68,0.67,0.67,1159000,0
2016-03-30,09:50:00,0.67,0.68,0.67,0.67,6315000,0
2016-03-30,09:55:00,0.67,0.68,0.67,0.67,986000,0
2016-03-30,10:00:00,0.67,0.68,0.67,0.68,27257000,0
2016-03-31,03:35:00,0.69,0.69,0.68,0.68,8401000,0
2016-03-31,03:40:00,0.68,0.69,0.68,0.69,2665000,0
2016-03-31,03:45:00,0.69,0.69,0.68,0.68,1357000,0
2016-03-31,03:50:00,0.68,0.69,0.68,0.69,663000,0
2016-03-31,03:55:00,0.69,0.69,0.68,0.69,1329000,0
2016-03-31,04:00:00,0.69,0.69,0.68,0.69,2221000,0
2016-03-31,04:05:00,0.69,0.69,0.68,0.69,6363000,0
2016-03-31,04:10:00,0.69,0.69,0.68,0.69,6537000,0
2016-03-31,04:15:00,0.69,0.69,0.69,0.69,53000,0
2016-03-31,04:20:00,0.69,0.69,0.68,0.69,144000,0
2016-03-31,04:25:00,0.69,0.69,0.68,0.69,245902,0
2016-03-31,04:30:00,0.69,0.69,0.68,0.68,305000,0
2016-03-31,04:35:00,0.68,0.69,0.68,0.69,1539000,0
2016-03-31,04:40:00,0.69,0.69,0.68,0.69,1351000,0
2016-03-31,04:45:00,0.69,0.69,0.68,0.69,327000,0
2016-03-31,04:50:00,0.69,0.69,0.68,0.69,496000,0
2016-03-31,04:55:00,0.69,0.69,0.68,0.68,329000,0
2016-03-31,05:00:00,0.68,0.69,0.68,0.68,318000,0
2016-03-31,05:05:00,0.68,0.69,0.68,0.68,436000,0
2016-03-31,05:10:00,0.68,0.69,0.68,0.68,1329000,0
2016-03-31,05:15:00,0.68,0.69,0.68,0.68,1336000,0
2016-03-31,05:20:00,0.68,0.69,0.68,0.68,212000,0
2016-03-31,05:25:00,0.68,0.69,0.68,0.68,934000,0
2016-03-31,05:30:00,0.68,0.69,0.68,0.68,715000,0
2016-03-31,05:35:00,0.68,0.69,0.68,0.69,418000,0
2016-03-31,05:40:00,0.69,0.69,0.68,0.68,129759,0
2016-03-31,05:45:00,0.68,0.69,0.68,0.68,157000,0
2016-03-31,05:50:00,0.68,0.69,0.68,0.68,630000,0
2016-03-31,05:55:00,0.68,0.69,0.68,0.69,1053000,0
2016-03-31,06:00:00,0.69,0.69,0.68,0.68,4971000,0
2016-03-31,07:05:00,0.68,0.69,0.68,0.68,2216000,0
2016-03-31,07:10:00,0.68,0.69,0.68,0.69,475000,0
2016-03-31,07:15:00,0.69,0.69,0.68,0.68,2236000,0
2016-03-31,07:20:00,0.68,0.69,0.68,0.69,436000,0
2016-03-31,07:25:00,0.69,0.69,0.68,0.68,11744000,0
2016-03-31,07:30:00,0.68,0.69,0.68,0.69,1936000,0
2016-03-31,07:35:00,0.69,0.69,0.68,0.68,193000,0
2016-03-31,07:40:00,0.68,0.69,0.68,0.69,2284000,0
2016-03-31,07:45:00,0.69,0.69,0.68,0.68,453000,0
2016-03-31,07:50:00,0.68,0.69,0.68,0.68,595766,0
2016-03-31,07:55:00,0.68,0.69,0.68,0.69,2469000,0
2016-03-31,08:00:00,0.69,0.69,0.68,0.68,1301000,0
2016-03-31,08:05:00,0.68,0.69,0.68,0.68,1390000,0
2016-03-31,08:10:00,0.68,0.69,0.68,0.68,4132000,0
2016-03-31,08:15:00,0.68,0.69,0.68,0.69,3454000,0
2016-03-31,08:20:00,0.69,0.69,0.68,0.69,1380416,0
2016-03-31,08:25:00,0.69,0.69,0.68,0.69,1731000,0
2016-03-31,08:30:00,0.69,0.69,0.68,0.69,1192000,0
2016-03-31,08:35:00,0.69,0.69,0.68,0.68,1102000,0
2016-03-31,08:40:00,0.68,0.69,0.68,0.69,936000,0
2016-03-31,08:45:00,0.69,0.69,0.68,0.68,1079120,0
2016-03-31,08:50:00,0.68,0.69,0.68,0.68,6019000,0
2016-03-31,08:55:00,0.68,0.69,0.68,0.69,10325000,0
2016-03-31,09:00:00,0.69,0.69,0.68,0.68,9591000,0
2016-03-31,09:05:00,0.68,0.69,0.68,0.68,2109000,0
2016-03-31,09:10:00,0.68,0.69,0.68,0.69,1524000,0
2016-03-31,09:15:00,0.69,0.69,0.68,0.69,2997000,0
2016-03-31,09:20:00,0.69,0.69,0.68,0.68,1721000,0
2016-03-31,09:25:00,0.68,0.69,0.68,0.69,1712000,0
2016-03-31,09:30:00,0.69,0.69,0.68,0.68,3249000,0
2016-03-31,09:35:00,0.68,0.69,0.68,0.68,1097000,0
2016-03-31,09:40:00,0.68,0.69,0.68,0.69,1462000,0
2016-03-31,09:45:00,0.69,0.69,0.68,0.68,2260000,0
2016-03-31,09:50:00,0.68,0.69,0.68,0.68,1916000,0
2016-03-31,09:55:00,0.68,0.69,0.68,0.68,14771000,0
2016-03-31,10:00:00,0.68,0.69,0.67,0.69,45357000,0
2016-04-01,03:35:00,0.69,0.69,0.68,0.68,1867000,0
2016-04-01,03:40:00,0.68,0.69,0.68,0.69,2388000,0
2016-04-01,03:45:00,0.69,0.69,0.67,0.68,2002000,0
2016-04-01,03:50:00,0.67,0.68,0.67,0.68,160000,0
2016-04-01,03:55:00,0.67,0.68,0.67,0.68,220000,0
2016-04-01,04:00:00,0.68,0.68,0.67,0.68,726000,0
2016-04-01,04:05:00,0.68,0.69,0.67,0.68,18042000,0
2016-04-01,04:10:00,0.68,0.69,0.68,0.69,607000,0
2016-04-01,04:15:00,0.69,0.69,0.68,0.68,210000,0
2016-04-01,04:20:00,0.68,0.69,0.68,0.68,534000,0
2016-04-01,04:25:00,0.68,0.69,0.68,0.68,666000,0
2016-04-01,04:30:00,0.68,0.69,0.68,0.69,468000,0
2016-04-01,04:35:00,0.69,0.69,0.68,0.68,1328000,0
2016-04-01,04:40:00,0.68,0.69,0.68,0.68,262000,0
2016-04-01,04:45:00,0.68,0.69,0.68,0.68,220000,0
2016-04-01,04:50:00,0.68,0.69,0.68,0.68,476000,0
2016-04-01,04:55:00,0.68,0.69,0.68,0.68,219000,0
2016-04-01,05:00:00,0.68,0.69,0.68,0.68,337000,0
2016-04-01,05:05:00,0.68,0.69,0.68,0.68,492000,0
2016-04-01,05:10:00,0.68,0.69,0.68,0.68,550000,0
2016-04-01,05:15:00,0.68,0.69,0.68,0.69,738000,0
2016-04-01,05:20:00,0.69,0.69,0.68,0.69,224000,0
2016-04-01,05:25:00,0.69,0.69,0.68,0.69,443000,0
2016-04-01,05:30:00,0.69,0.69,0.68,0.69,1700000,0
2016-04-01,05:35:00,0.69,0.69,0.68,0.69,1060000,0
2016-04-01,05:40:00,0.69,0.69,0.68,0.68,162000,0
2016-04-01,05:45:00,0.68,0.69,0.68,0.69,939000,0
2016-04-01,05:50:00,0.69,0.69,0.68,0.69,776000,0
2016-04-01,05:55:00,0.69,0.69,0.68,0.68,350000,0
2016-04-01,06:00:00,0.68,0.69,0.68,0.69,393000,0
2016-04-01,07:05:00,0.69,0.69,0.68,0.69,2231000,0
2016-04-01,07:10:00,0.69,0.69,0.68,0.69,439000,0
2016-04-01,07:15:00,0.69,0.69,0.68,0.69,609000,0
2016-04-01,07:20:00,0.69,0.69,0.68,0.68,1155000,0
2016-04-01,07:25:00,0.68,0.69,0.68,0.69,252000,0
2016-04-01,07:30:00,0.69,0.69,0.68,0.69,530000,0
2016-04-01,07:35:00,0.69,0.69,0.68,0.69,289000,0
2016-04-01,07:40:00,0.69,0.69,0.68,0.69,376000,0
2016-04-01,07:45:00,0.69,0.69,0.68,0.68,268000,0
2016-04-01,07:50:00,0.68,0.69,0.68,0.69,359000,0
2016-04-01,07:55:00,0.69,0.69,0.68,0.69,833000,0
2016-04-01,08:00:00,0.69,0.69,0.68,0.69,288000,0
2016-04-01,08:05:00,0.69,0.69,0.68,0.69,219000,0
2016-04-01,08:10:00,0.69,0.69,0.68,0.68,122000,0
2016-04-01,08:15:00,0.68,0.69,0.68,0.69,697000,0
2016-04-01,08:20:00,0.69,0.69,0.68,0.69,315000,0
2016-04-01,08:25:00,0.69,0.69,0.68,0.69,1175000,0
2016-04-01,08:30:00,0.69,0.69,0.68,0.68,232000,0
2016-04-01,08:35:00,0.68,0.69,0.68,0.69,839000,0
2016-04-01,08:40:00,0.69,0.69,0.68,0.69,226000,0
2016-04-01,08:45:00,0.69,0.69,0.68,0.69,834000,0
2016-04-01,08:50:00,0.69,0.69,0.68,0.69,271000,0
2016-04-01,08:55:00,0.69,0.69,0.68,0.68,3811000,0
2016-04-01,09:00:00,0.68,0.69,0.68,0.69,277000,0
2016-04-01,09:05:00,0.69,0.69,0.68,0.69,416000,0
2016-04-01,09:10:00,0.69,0.69,0.68,0.69,713947,0
2016-04-01,09:15:00,0.69,0.69,0.68,0.68,520000,0
2016-04-01,09:20:00,0.68,0.69,0.68,0.68,386000,0
2016-04-01,09:25:00,0.68,0.69,0.68,0.68,10246000,0
2016-04-01,09:30:00,0.68,0.68,0.67,0.68,652000,0
2016-04-01,09:35:00,0.68,0.68,0.67,0.68,811000,0
2016-04-01,09:40:00,0.68,0.68,0.67,0.68,1171000,0
2016-04-01,09:45:00,0.68,0.68,0.67,0.68,505000,0
2016-04-01,09:50:00,0.68,0.68,0.67,0.68,1383000,0
2016-04-01,09:55:00,0.68,0.68,0.67,0.68,4080000,0
2016-04-01,10:00:00,0.68,0.69,0.67,0.69,12455000,0
2016-04-05,03:35:00,0.69,0.69,0.68,0.69,9037000,0
2016-04-05,03:40:00,0.69,0.69,0.68,0.68,1439000,0
2016-04-05,03:45:00,0.68,0.69,0.68,0.69,186313,0
2016-04-05,03:50:00,0.69,0.69,0.68,0.69,246000,0
2016-04-05,03:55:00,0.69,0.69,0.68,0.69,1228000,0
2016-04-05,04:00:00,0.69,0.69,0.68,0.68,1847000,0
2016-04-05,04:05:00,0.68,0.69,0.68,0.69,792286,0
2016-04-05,04:10:00,0.69,0.69,0.68,0.68,189000,0
2016-04-05,04:15:00,0.68,0.69,0.68,0.69,2108074,0
2016-04-05,04:20:00,0.69,0.69,0.68,0.69,558000,0
2016-04-05,04:25:00,0.69,0.69,0.68,0.69,755000,0
2016-04-05,04:30:00,0.69,0.69,0.68,0.69,1555000,0
2016-04-05,04:35:00,0.69,0.69,0.68,0.69,1427000,0
2016-04-05,04:40:00,0.69,0.69,0.68,0.69,1143000,0
2016-04-05,04:45:00,0.69,0.69,0.68,0.69,1795000,0
2016-04-05,04:50:00,0.69,0.69,0.67,0.68,611000,0
2016-04-05,04:55:00,0.67,0.68,0.67,0.68,660000,0
2016-04-05,05:00:00,0.68,0.68,0.67,0.68,1525000,0
2016-04-05,05:05:00,0.68,0.68,0.67,0.68,451000,0
2016-04-05,05:10:00,0.67,0.68,0.67,0.68,235000,0
2016-04-05,05:15:00,0.68,0.68,0.67,0.68,268000,0
2016-04-05,05:20:00,0.68,0.68,0.67,0.68,913000,0
2016-04-05,05:25:00,0.68,0.68,0.67,0.68,119000,0
2016-04-05,05:30:00,0.67,0.68,0.67,0.68,155000,0
2016-04-05,05:35:00,0.67,0.68,0.67,0.68,428000,0
2016-04-05,05:40:00,0.67,0.68,0.67,0.68,46000,0
2016-04-05,05:45:00,0.68,0.69,0.67,0.69,19580000,0
2016-04-05,05:50:00,0.69,0.69,0.68,0.68,653000,0
2016-04-05,05:55:00,0.68,0.69,0.68,0.68,80000,0
2016-04-05,06:00:00,0.68,0.69,0.68,0.69,307000,0
2016-04-05,07:05:00,0.69,0.69,0.68,0.68,1277000,0
2016-04-05,07:10:00,0.68,0.69,0.68,0.68,203000,0
2016-04-05,07:15:00,0.68,0.69,0.68,0.68,166000,0
2016-04-05,07:20:00,0.68,0.69,0.68,0.68,1076000,0
2016-04-05,07:25:00,0.68,0.69,0.68,0.68,136000,0
2016-04-05,07:30:00,0.68,0.69,0.68,0.68,149000,0
2016-04-05,07:35:00,0.68,0.69,0.68,0.68,224000,0
2016-04-05,07:40:00,0.68,0.69,0.68,0.68,218000,0
2016-04-05,07:45:00,0.68,0.69,0.68,0.68,102000,0
2016-04-05,07:50:00,0.68,0.69,0.68,0.68,320000,0
2016-04-05,07:55:00,0.68,0.69,0.68,0.69,301000,0
2016-04-05,08:00:00,0.69,0.69,0.68,0.68,210000,0
2016-04-05,08:05:00,0.68,0.69,0.68,0.69,146000,0
2016-04-05,08:10:00,0.69,0.69,0.68,0.69,1541000,0
2016-04-05,08:15:00,0.69,0.69,0.68,0.68,2701000,0
2016-04-05,08:20:00,0.68,0.69,0.68,0.68,371000,0
2016-04-05,08:25:00,0.68,0.69,0.68,0.69,395000,0
2016-04-05,08:30:00,0.69,0.69,0.68,0.69,580000,0
2016-04-05,08:35:00,0.69,0.69,0.68,0.68,682000,0
2016-04-05,08:40:00,0.68,0.69,0.68,0.68,652000,0
2016-04-05,08:45:00,0.68,0.69,0.68,0.69,2301000,0
2016-04-05,08:50:00,0.69,0.69,0.68,0.68,1660000,0
2016-04-05,08:55:00,0.68,0.69,0.68,0.69,300708,0
2016-04-05,09:00:00,0.69,0.69,0.68,0.68,707000,0
2016-04-05,09:05:00,0.68,0.69,0.68,0.69,293000,0
2016-04-05,09:10:00,0.69,0.69,0.68,0.68,358000,0
2016-04-05,09:15:00,0.68,0.69,0.68,0.69,885000,0
2016-04-05,09:20:00,0.69,0.69,0.68,0.69,527000,0
2016-04-05,09:25:00,0.69,0.69,0.68,0.68,301000,0
2016-04-05,09:30:00,0.68,0.69,0.67,0.68,643000,0
2016-04-05,09:35:00,0.68,0.68,0.67,0.68,305000,0
2016-04-05,09:40:00,0.67,0.68,0.67,0.68,224000,0
2016-04-05,09:45:00,0.67,0.68,0.67,0.68,272000,0
2016-04-05,09:50:00,0.67,0.68,0.67,0.68,451000,0
2016-04-05,09:55:00,0.67,0.68,0.67,0.68,2863000,0
2016-04-05,10:00:00,0.67,0.68,0.67,0.68,8448000,0
2016-04-06,03:35:00,0.68,0.68,0.67,0.67,563000,0
2016-04-06,03:40:00,0.67,0.68,0.67,0.67,180000,0
2016-04-06,03:45:00,0.67,0.68,0.67,0.68,28000,0
2016-04-06,03:50:00,0.68,0.68,0.67,0.68,25000,0
2016-04-06,03:55:00,0.68,0.68,0.67,0.67,25000,0
2016-04-06,04:00:00,0.67,0.68,0.67,0.68,21000,0
2016-04-06,04:05:00,0.68,0.68,0.67,0.68,1123000,0
2016-04-06,04:10:00,0.68,0.68,0.67,0.68,1259000,0
2016-04-06,04:15:00,0.68,0.68,0.67,0.68,190000,0
2016-04-06,04:20:00,0.68,0.68,0.67,0.68,153000,0
2016-04-06,04:25:00,0.68,0.68,0.67,0.68,217000,0
2016-04-06,04:30:00,0.68,0.68,0.67,0.68,150000,0
2016-04-06,04:35:00,0.68,0.68,0.67,0.67,173000,0
2016-04-06,04:40:00,0.67,0.68,0.67,0.68,204000,0
2016-04-06,04:45:00,0.68,0.68,0.67,0.68,438000,0
2016-04-06,04:50:00,0.68,0.68,0.67,0.68,157000,0
2016-04-06,04:55:00,0.68,0.68,0.67,0.68,7133000,0
2016-04-06,05:00:00,0.68,0.68,0.67,0.68,5754000,0
2016-04-06,05:05:00,0.68,0.68,0.67,0.68,52000,0
2016-04-06,05:10:00,0.68,0.68,0.67,0.67,243000,0
2016-04-06,05:15:00,0.67,0.68,0.67,0.68,59000,0
2016-04-06,05:20:00,0.68,0.68,0.67,0.68,303000,0
2016-04-06,05:25:00,0.68,0.68,0.67,0.68,226000,0
2016-04-06,05:30:00,0.68,0.68,0.67,0.68,213000,0
2016-04-06,05:35:00,0.68,0.68,0.68,0.68,50000,0
2016-04-06,05:40:00,0.68,0.68,0.67,0.67,96000,0
2016-04-06,05:45:00,0.67,0.68,0.67,0.68,291000,0
2016-04-06,05:50:00,0.68,0.68,0.67,0.68,312000,0
2016-04-06,05:55:00,0.68,0.68,0.67,0.68,151000,0
2016-04-06,06:00:00,0.68,0.68,0.67,0.68,156000,0
2016-04-06,07:05:00,0.68,0.68,0.67,0.67,3138468,0
2016-04-06,07:10:00,0.67,0.68,0.67,0.67,3772000,0
2016-04-06,07:15:00,0.67,0.68,0.67,0.68,253000,0
2016-04-06,07:20:00,0.68,0.68,0.67,0.67,71000,0
2016-04-06,07:25:00,0.67,0.68,0.67,0.68,193000,0
2016-04-06,07:30:00,0.68,0.68,0.67,0.68,503000,0
2016-04-06,07:35:00,0.68,0.68,0.67,0.68,125000,0
2016-04-06,07:40:00,0.68,0.68,0.67,0.68,58000,0
2016-04-06,07:45:00,0.68,0.68,0.67,0.68,29000,0
2016-04-06,07:50:00,0.68,0.68,0.67,0.68,91000,0
2016-04-06,07:55:00,0.68,0.68,0.67,0.68,109000,0
2016-04-06,08:00:00,0.68,0.68,0.67,0.68,435500,0
2016-04-06,08:05:00,0.68,0.68,0.67,0.68,122000,0
2016-04-06,08:10:00,0.68,0.68,0.68,0.68,14000,0
2016-04-06,08:15:00,0.68,0.68,0.67,0.68,575000,0
2016-04-06,08:20:00,0.68,0.68,0.67,0.68,359333,0
2016-04-06,08:25:00,0.68,0.68,0.67,0.68,228000,0
2016-04-06,08:30:00,0.68,0.68,0.67,0.67,75000,0
2016-04-06,08:35:00,0.67,0.68,0.67,0.68,406000,0
2016-04-06,08:40:00,0.68,0.68,0.67,0.68,132000,0
2016-04-06,08:45:00,0.68,0.68,0.67,0.68,339000,0
2016-04-06,08:50:00,0.68,0.68,0.67,0.68,2613000,0
2016-04-06,08:55:00,0.68,0.68,0.67,0.68,289000,0
2016-04-06,09:00:00,0.68,0.68,0.67,0.67,15726000,0
2016-04-06,09:05:00,0.67,0.68,0.67,0.68,2132000,0
2016-04-06,09:10:00,0.68,0.68,0.67,0.67,10351000,0
2016-04-06,09:15:00,0.66,0.67,0.66,0.67,263000,0
2016-04-06,09:20:00,0.67,0.67,0.66,0.67,315000,0
2016-04-06,09:25:00,0.67,0.67,0.66,0.67,302000,0
2016-04-06,09:30:00,0.67,0.67,0.66,0.67,1063000,0
2016-04-06,09:35:00,0.67,0.67,0.66,0.67,434000,0
2016-04-06,09:40:00,0.67,0.67,0.66,0.67,2219000,0
2016-04-06,09:45:00,0.67,0.67,0.66,0.67,524000,0
2016-04-06,09:50:00,0.66,0.67,0.66,0.67,330000,0
2016-04-06,09:55:00,0.67,0.67,0.66,0.67,3035000,0
2016-04-06,10:00:00,0.67,0.67,0.66,0.67,10322000,0
2016-04-07,03:35:00,0.67,0.68,0.67,0.67,30347000,0
2016-04-07,03:40:00,0.66,0.67,0.66,0.67,805000,0
2016-04-07,03:45:00,0.67,0.67,0.66,0.67,2918000,0
2016-04-07,03:50:00,0.66,0.67,0.66,0.67,1117000,0
2016-04-07,03:55:00,0.67,0.67,0.67,0.67,2154000,0
2016-04-07,04:00:00,0.67,0.67,0.66,0.67,719000,0
2016-04-07,04:05:00,0.66,0.67,0.66,0.67,57000,0
2016-04-07,04:10:00,0.67,0.67,0.66,0.67,55000,0
2016-04-07,04:15:00,0.67,0.67,0.66,0.67,34000,0
2016-04-07,04:20:00,0.67,0.67,0.66,0.67,1022000,0
2016-04-07,04:25:00,0.67,0.67,0.66,0.67,131000,0
2016-04-07,04:30:00,0.67,0.67,0.67,0.67,138000,0
2016-04-07,04:35:00,0.66,0.67,0.66,0.67,292000,0
2016-04-07,04:40:00,0.67,0.67,0.66,0.67,114000,0
2016-04-07,04:45:00,0.66,0.67,0.66,0.67,104000,0
2016-04-07,04:50:00,0.66,0.67,0.66,0.67,10000,0
2016-04-07,05:00:00,0.66,0.67,0.66,0.67,60000,0
2016-04-07,05:05:00,0.67,0.67,0.66,0.67,53000,0
2016-04-07,05:10:00,0.66,0.67,0.66,0.67,102000,0
2016-04-07,05:15:00,0.66,0.67,0.66,0.67,2211000,0
2016-04-07,05:20:00,0.67,0.67,0.66,0.67,64000,0
2016-04-07,05:25:00,0.67,0.67,0.67,0.67,166000,0
2016-04-07,05:30:00,0.66,0.67,0.66,0.67,291000,0
2016-04-07,05:35:00,0.66,0.67,0.66,0.67,83000,0
2016-04-07,05:40:00,0.67,0.67,0.67,0.67,6000,0
2016-04-07,05:45:00,0.66,0.67,0.66,0.67,110000,0
2016-04-07,05:50:00,0.67,0.67,0.66,0.67,234000,0
2016-04-07,05:55:00,0.66,0.67,0.66,0.67,406000,0
2016-04-07,06:00:00,0.66,0.67,0.66,0.67,41000,0
2016-04-07,07:05:00,0.66,0.67,0.66,0.67,420000,0
2016-04-07,07:10:00,0.67,0.67,0.66,0.67,179000,0
2016-04-07,07:15:00,0.67,0.67,0.66,0.67,154000,0
2016-04-07,07:20:00,0.66,0.67,0.66,0.67,77000,0
2016-04-07,07:25:00,0.67,0.67,0.66,0.67,378000,0
2016-04-07,07:30:00,0.67,0.67,0.66,0.67,464000,0
2016-04-07,07:35:00,0.67,0.67,0.66,0.67,436000,0
2016-04-07,07:40:00,0.67,0.67,0.66,0.67,253000,0
2016-04-07,07:45:00,0.67,0.67,0.66,0.67,1798000,0
2016-04-07,07:50:00,0.67,0.67,0.66,0.67,328000,0
2016-04-07,07:55:00,0.66,0.67,0.66,0.67,234000,0
2016-04-07,08:00:00,0.66,0.67,0.66,0.67,193000,0
2016-04-07,08:05:00,0.67,0.67,0.66,0.67,2675000,0
2016-04-07,08:10:00,0.67,0.67,0.66,0.67,681667,0
2016-04-07,08:15:00,0.66,0.67,0.66,0.67,400000,0
2016-04-07,08:20:00,0.67,0.67,0.66,0.67,398000,0
2016-04-07,08:25:00,0.67,0.67,0.66,0.67,467000,0
2016-04-07,08:30:00,0.67,0.67,0.66,0.67,1796000,0
2016-04-07,08:35:00,0.67,0.67,0.66,0.67,5606000,0
2016-04-07,08:40:00,0.66,0.67,0.66,0.67,5418000,0
2016-04-07,08:45:00,0.67,0.67,0.66,0.67,458000,0
2016-04-07,08:50:00,0.67,0.67,0.66,0.67,796000,0
2016-04-07,08:55:00,0.67,0.67,0.66,0.67,1228000,0
2016-04-07,09:00:00,0.67,0.67,0.66,0.67,711000,0
2016-04-07,09:05:00,0.66,0.67,0.66,0.67,994000,0
2016-04-07,09:10:00,0.66,0.67,0.66,0.67,534918,0
2016-04-07,09:15:00,0.66,0.67,0.66,0.67,432000,0
2016-04-07,09:20:00,0.67,0.67,0.66,0.67,183000,0
2016-04-07,09:25:00,0.67,0.67,0.66,0.67,562000,0
2016-04-07,09:30:00,0.67,0.67,0.66,0.67,9000,0
2016-04-07,09:35:00,0.66,0.67,0.66,0.67,6712000,0
2016-04-07,09:40:00,0.67,0.67,0.66,0.67,142000,0
2016-04-07,09:45:00,0.66,0.67,0.66,0.67,32000,0
2016-04-07,09:50:00,0.66,0.67,0.66,0.67,2134000,0
2016-04-07,09:55:00,0.67,0.67,0.66,0.67,5894000,0
2016-04-07,10:00:00,0.66,0.67,0.66,0.67,16267000,0
2016-04-08,03:35:00,0.66,0.67,0.66,0.67,452000,0
2016-04-08,03:40:00,0.67,0.67,0.66,0.67,117000,0
2016-04-08,03:45:00,0.66,0.67,0.66,0.67,186000,0
2016-04-08,03:50:00,0.67,0.67,0.66,0.67,580000,0
2016-04-08,03:55:00,0.66,0.67,0.66,0.67,1729175,0
2016-04-08,04:00:00,0.67,0.67,0.66,0.67,7639000,0
2016-04-08,04:05:00,0.66,0.67,0.66,0.67,127000,0
2016-04-08,04:10:00,0.67,0.67,0.66,0.67,466000,0
2016-04-08,04:15:00,0.67,0.67,0.67,0.67,79000,0
2016-04-08,04:20:00,0.67,0.67,0.66,0.67,554000,0
2016-04-08,04:25:00,0.67,0.67,0.66,0.67,881000,0
2016-04-08,04:30:00,0.67,0.67,0.66,0.67,628000,0
2016-04-08,04:35:00,0.67,0.67,0.66,0.67,589000,0
2016-04-08,04:40:00,0.67,0.67,0.66,0.67,539000,0
2016-04-08,04:45:00,0.67,0.67,0.67,0.67,183000,0
2016-04-08,04:50:00,0.67,0.67,0.66,0.67,672000,0
2016-04-08,04:55:00,0.67,0.67,0.66,0.67,224000,0
2016-04-08,05:00:00,0.67,0.67,0.66,0.67,273000,0
2016-04-08,05:05:00,0.67,0.67,0.66,0.67,1034000,0
2016-04-08,05:10:00,0.67,0.67,0.66,0.67,191000,0
2016-04-08,05:15:00,0.67,0.67,0.66,0.67,120000,0
2016-04-08,05:20:00,0.67,0.67,0.66,0.67,562000,0
2016-04-08,05:25:00,0.67,0.67,0.67,0.67,667000,0
2016-04-08,05:30:00,0.67,0.67,0.66,0.67,941000,0
2016-04-08,05:35:00,0.67,0.67,0.66,0.67,440000,0
2016-04-08,05:40:00,0.67,0.67,0.67,0.67,89000,0
2016-04-08,05:45:00,0.67,0.67,0.66,0.67,503000,0
2016-04-08,05:50:00,0.67,0.67,0.67,0.67,107000,0
2016-04-08,05:55:00,0.67,0.67,0.66,0.67,312000,0
2016-04-08,06:00:00,0.66,0.67,0.66,0.67,239000,0
2016-04-08,07:05:00,0.67,0.67,0.66,0.67,305000,0
2016-04-08,07:10:00,0.67,0.67,0.66,0.67,316000,0
2016-04-08,07:15:00,0.67,0.67,0.66,0.67,252000,0
2016-04-08,07:20:00,0.67,0.67,0.66,0.67,218000,0
2016-04-08,07:25:00,0.67,0.67,0.66,0.67,166000,0
2016-04-08,07:30:00,0.67,0.67,0.66,0.67,243000,0
2016-04-08,07:35:00,0.67,0.67,0.66,0.67,475000,0
2016-04-08,07:40:00,0.67,0.67,0.67,0.67,66000,0
2016-04-08,07:45:00,0.67,0.67,0.66,0.67,142000,0
2016-04-08,07:50:00,0.67,0.67,0.66,0.67,261000,0
2016-04-08,07:55:00,0.67,0.67,0.66,0.67,304000,0
2016-04-08,08:00:00,0.67,0.67,0.66,0.67,218000,0
2016-04-08,08:05:00,0.67,0.67,0.67,0.67,86000,0
2016-04-08,08:10:00,0.67,0.67,0.66,0.67,475000,0
2016-04-08,08:15:00,0.67,0.67,0.66,0.67,705000,0
2016-04-08,08:20:00,0.67,0.67,0.66,0.67,321000,0
2016-04-08,08:25:00,0.67,0.67,0.67,0.67,2099000,0
2016-04-08,08:30:00,0.67,0.67,0.66,0.67,418000,0
2016-04-08,08:35:00,0.67,0.67,0.67,0.67,291000,0
2016-04-08,08:40:00,0.67,0.67,0.66,0.67,536000,0
2016-04-08,08:45:00,0.67,0.67,0.66,0.67,285000,0
2016-04-08,08:50:00,0.67,0.67,0.66,0.67,10926000,0
2016-04-08,08:55:00,0.67,0.67,0.66,0.67,271000,0
2016-04-08,09:00:00,0.66,0.67,0.66,0.67,3498000,0
2016-04-08,09:05:00,0.66,0.67,0.66,0.67,2580000,0
2016-04-08,09:10:00,0.67,0.67,0.66,0.67,4844000,0
2016-04-08,09:15:00,0.67,0.67,0.66,0.67,1004000,0
2016-04-08,09:20:00,0.67,0.67,0.66,0.67,515000,0
2016-04-08,09:25:00,0.67,0.67,0.66,0.67,875333,0
2016-04-08,09:30:00,0.66,0.67,0.66,0.67,1228000,0
2016-04-08,09:35:00,0.67,0.67,0.66,0.67,537000,0
2016-04-08,09:40:00,0.67,0.67,0.67,0.67,3015000,0
2016-04-08,09:45:00,0.66,0.67,0.66,0.67,930000,0
2016-04-08,09:50:00,0.67,0.68,0.67,0.68,15240000,0
2016-04-08,09:55:00,0.68,0.68,0.67,0.68,1331000,0
2016-04-08,10:00:00,0.68,0.68,0.66,0.67,11753000,0
2016-04-11,03:35:00,0.66,0.67,0.66,0.67,26000,0
2016-04-11,03:40:00,0.66,0.67,0.66,0.67,113000,0
2016-04-11,03:45:00,0.66,0.67,0.66,0.67,24000,0
2016-04-11,03:50:00,0.66,0.67,0.66,0.67,24000,0
2016-04-11,03:55:00,0.67,0.67,0.66,0.67,1032000,0
2016-04-11,04:00:00,0.67,0.68,0.66,0.68,12129000,0
2016-04-11,04:05:00,0.68,0.68,0.68,0.68,138000,0
2016-04-11,04:10:00,0.68,0.68,0.68,0.68,1000,0
2016-04-11,04:15:00,0.68,0.68,0.67,0.67,6278000,0
2016-04-11,04:20:00,0.67,0.68,0.66,0.68,1471000,0
2016-04-11,04:25:00,0.68,0.68,0.68,0.68,17000,0
2016-04-11,04:30:00,0.68,0.68,0.67,0.68,159000,0
2016-04-11,04:35:00,0.68,0.68,0.67,0.68,90000,0
2016-04-11,04:40:00,0.68,0.68,0.67,0.67,182000,0
2016-04-11,04:45:00,0.67,0.68,0.67,0.67,44000,0
2016-04-11,04:50:00,0.67,0.68,0.67,0.68,183580,0
2016-04-11,04:55:00,0.68,0.68,0.67,0.67,307000,0
2016-04-11,05:00:00,0.67,0.68,0.67,0.67,101000,0
2016-04-11,05:05:00,0.67,0.68,0.67,0.68,213000,0
2016-04-11,05:10:00,0.68,0.68,0.67,0.67,353000,0
2016-04-11,05:15:00,0.67,0.68,0.67,0.67,41000,0
2016-04-11,05:20:00,0.67,0.67,0.67,0.67,35000,0
2016-04-11,05:25:00,0.67,0.68,0.67,0.67,86000,0
2016-04-11,05:30:00,0.67,0.68,0.67,0.67,66000,0
2016-04-11,05:35:00,0.67,0.68,0.67,0.68,282000,0
2016-04-11,05:40:00,0.68,0.68,0.67,0.67,30000,0
2016-04-11,05:45:00,0.67,0.68,0.67,0.68,235000,0
2016-04-11,05:50:00,0.68,0.68,0.67,0.68,64000,0
2016-04-11,05:55:00,0.68,0.68,0.67,0.67,131000,0
2016-04-11,06:00:00,0.67,0.68,0.67,0.67,76000,0
2016-04-11,07:05:00,0.67,0.68,0.67,0.67,299000,0
2016-04-11,07:10:00,0.67,0.68,0.67,0.67,696000,0
2016-04-11,07:15:00,0.67,0.68,0.67,0.68,553000,0
2016-04-11,07:20:00,0.68,0.68,0.67,0.67,315000,0
2016-04-11,07:25:00,0.67,0.68,0.67,0.68,66000,0
2016-04-11,07:30:00,0.68,0.68,0.67,0.67,545000,0
2016-04-11,07:35:00,0.67,0.68,0.67,0.68,455000,0
2016-04-11,07:40:00,0.68,0.68,0.67,0.67,328792,0
2016-04-11,07:45:00,0.67,0.68,0.66,0.67,9108000,0
2016-04-11,07:50:00,0.67,0.67,0.66,0.67,406000,0
2016-04-11,07:55:00,0.67,0.67,0.66,0.67,573000,0
2016-04-11,08:00:00,0.67,0.67,0.67,0.67,647000,0
2016-04-11,08:05:00,0.67,0.68,0.66,0.68,3651000,0
2016-04-11,08:10:00,0.68,0.68,0.68,0.68,2000,0
2016-04-11,08:15:00,0.68,0.68,0.67,0.68,486000,0
2016-04-11,08:20:00,0.68,0.68,0.68,0.68,161000,0
2016-04-11,08:25:00,0.68,0.68,0.67,0.68,721000,0
2016-04-11,08:30:00,0.68,0.68,0.67,0.67,357000,0
2016-04-11,08:35:00,0.67,0.68,0.67,0.67,92000,0
2016-04-11,08:40:00,0.67,0.68,0.67,0.68,207000,0
2016-04-11,08:45:00,0.68,0.68,0.67,0.68,515000,0
2016-04-11,08:50:00,0.68,0.68,0.67,0.67,446000,0
2016-04-11,08:55:00,0.67,0.68,0.67,0.67,231250,0
2016-04-11,09:00:00,0.67,0.68,0.67,0.68,267000,0
2016-04-11,09:05:00,0.68,0.68,0.66,0.67,175000,0
2016-04-11,09:10:00,0.67,0.67,0.66,0.67,390000,0
2016-04-11,09:15:00,0.67,0.67,0.67,0.67,259000,0
2016-04-11,09:20:00,0.67,0.68,0.67,0.67,761000,0
2016-04-11,09:25:00,0.67,0.67,0.67,0.67,212000,0
2016-04-11,09:30:00,0.67,0.67,0.67,0.67,321000,0
2016-04-11,09:35:00,0.67,0.68,0.66,0.67,694000,0
2016-04-11,09:40:00,0.66,0.67,0.66,0.67,855000,0
2016-04-11,09:45:00,0.67,0.67,0.66,0.67,848000,0
2016-04-11,09:50:00,0.67,0.67,0.66,0.67,1404000,0
2016-04-11,09:55:00,0.67,0.67,0.66,0.67,1793000,0
2016-04-11,10:00:00,0.66,0.68,0.66,0.68,10191000,0
2016-04-12,03:35:00,0.67,0.68,0.67,0.68,4863000,0
2016-04-12,03:40:00,0.68,0.68,0.67,0.68,76000,0
2016-04-12,03:45:00,0.68,0.68,0.67,0.68,489000,0
2016-04-12,03:50:00,0.68,0.68,0.67,0.68,439000,0
2016-04-12,03:55:00,0.68,0.68,0.67,0.68,270000,0
2016-04-12,04:00:00,0.68,0.68,0.67,0.68,1171000,0
2016-04-12,04:05:00,0.68,0.68,0.67,0.68,442000,0
2016-04-12,04:10:00,0.68,0.68,0.67,0.68,2551000,0
2016-04-12,04:15:00,0.68,0.68,0.67,0.68,188000,0
2016-04-12,04:20:00,0.68,0.68,0.67,0.68,735000,0
2016-04-12,04:25:00,0.68,0.68,0.67,0.68,1145000,0
2016-04-12,04:30:00,0.68,0.68,0.67,0.68,442000,0
2016-04-12,04:35:00,0.68,0.68,0.67,0.68,244000,0
2016-04-12,04:40:00,0.68,0.68,0.67,0.68,183000,0
2016-04-12,04:45:00,0.68,0.68,0.67,0.67,232041,0
2016-04-12,04:50:00,0.67,0.68,0.67,0.68,72000,0
2016-04-12,04:55:00,0.68,0.68,0.67,0.68,286000,0
2016-04-12,05:00:00,0.68,0.68,0.67,0.68,121000,0
2016-04-12,05:05:00,0.68,0.68,0.67,0.67,135000,0
2016-04-12,05:10:00,0.67,0.68,0.67,0.68,66000,0
2016-04-12,05:15:00,0.68,0.68,0.67,0.68,146000,0
2016-04-12,05:20:00,0.68,0.68,0.67,0.68,255000,0
2016-04-12,05:25:00,0.68,0.68,0.67,0.67,187000,0
2016-04-12,05:30:00,0.67,0.68,0.67,0.68,748000,0
2016-04-12,05:35:00,0.68,0.68,0.67,0.67,642000,0
2016-04-12,05:40:00,0.67,0.68,0.67,0.67,24000,0
2016-04-12,05:45:00,0.67,0.68,0.67,0.68,419000,0
2016-04-12,05:50:00,0.68,0.68,0.67,0.68,102000,0
2016-04-12,05:55:00,0.68,0.68,0.67,0.68,382000,0
2016-04-12,06:00:00,0.68,0.68,0.67,0.68,37000,0
2016-04-12,07:05:00,0.68,0.68,0.68,0.68,875000,0
2016-04-12,07:10:00,0.68,0.68,0.67,0.68,121000,0
2016-04-12,07:15:00,0.68,0.68,0.67,0.68,146000,0
2016-04-12,07:20:00,0.68,0.68,0.68,0.68,83000,0
2016-04-12,07:25:00,0.68,0.68,0.67,0.68,79000,0
2016-04-12,07:30:00,0.68,0.68,0.67,0.68,142000,0
2016-04-12,07:35:00,0.68,0.68,0.67,0.68,127000,0
2016-04-12,07:40:00,0.68,0.68,0.67,0.67,105000,0
2016-04-12,07:45:00,0.67,0.68,0.67,0.67,300000,0
2016-04-12,07:50:00,0.67,0.68,0.67,0.68,59000,0
2016-04-12,07:55:00,0.68,0.68,0.67,0.68,622000,0
2016-04-12,08:00:00,0.68,0.68,0.67,0.68,166000,0
2016-04-12,08:05:00,0.68,0.68,0.67,0.68,107000,0
2016-04-12,08:10:00,0.68,0.68,0.67,0.67,102000,0
2016-04-12,08:15:00,0.67,0.68,0.67,0.68,818000,0
2016-04-12,08:20:00,0.68,0.68,0.67,0.68,23000,0
2016-04-12,08:25:00,0.68,0.68,0.67,0.68,346000,0
2016-04-12,08:30:00,0.68,0.68,0.67,0.68,73000,0
2016-04-12,08:35:00,0.68,0.68,0.67,0.68,349000,0
2016-04-12,08:40:00,0.68,0.68,0.67,0.67,129000,0
2016-04-12,08:45:00,0.67,0.68,0.67,0.68,570000,0
2016-04-12,08:50:00,0.68,0.68,0.67,0.68,667000,0
2016-04-12,08:55:00,0.68,0.68,0.67,0.68,913000,0
2016-04-12,09:00:00,0.68,0.68,0.67,0.68,282000,0
2016-04-12,09:05:00,0.67,0.68,0.67,0.68,183465,0
2016-04-12,09:10:00,0.68,0.68,0.67,0.68,86000,0
2016-04-12,09:15:00,0.68,0.68,0.67,0.67,337000,0
2016-04-12,09:20:00,0.67,0.68,0.67,0.68,251000,0
2016-04-12,09:25:00,0.68,0.68,0.67,0.68,1330000,0
2016-04-12,09:30:00,0.68,0.68,0.67,0.68,141000,0
2016-04-12,09:35:00,0.68,0.68,0.67,0.68,2134000,0
2016-04-12,09:40:00,0.68,0.68,0.67,0.68,111000,0
2016-04-12,09:45:00,0.68,0.68,0.67,0.68,194000,0
2016-04-12,09:50:00,0.68,0.68,0.67,0.68,5533000,0
2016-04-12,09:55:00,0.68,0.68,0.67,0.68,14727000,0
2016-04-12,10:00:00,0.68,0.68,0.67,0.68,14920000,0
2016-04-13,03:35:00,0.69,0.69,0.68,0.68,1486000,0
2016-04-13,03:40:00,0.68,0.68,0.68,0.68,63000,0
2016-04-13,03:45:00,0.68,0.68,0.68,0.68,110000,0
2016-04-13,03:50:00,0.68,0.68,0.68,0.68,592000,0
2016-04-13,03:55:00,0.68,0.68,0.68,0.68,327000,0
2016-04-13,04:00:00,0.68,0.7,0.68,0.7,54902000,0
2016-04-13,04:05:00,0.7,0.7,0.69,0.69,892000,0
2016-04-13,04:10:00,0.69,0.7,0.69,0.69,2292000,0
2016-04-13,04:15:00,0.69,0.7,0.69,0.69,5076000,0
2016-04-13,04:20:00,0.69,0.7,0.69,0.69,13339000,0
2016-04-13,04:25:00,0.69,0.69,0.69,0.69,1524000,0
2016-04-13,04:30:00,0.69,0.69,0.69,0.69,1252000,0
2016-04-13,04:35:00,0.69,0.69,0.68,0.69,287000,0
2016-04-13,04:40:00,0.69,0.69,0.69,0.69,1130000,0
2016-04-13,04:50:00,0.69,0.69,0.69,0.69,254000,0
2016-04-13,04:55:00,0.69,0.69,0.68,0.69,658000,0
2016-04-13,05:00:00,0.69,0.69,0.69,0.69,1852000,0
2016-04-13,05:10:00,0.69,0.69,0.69,0.69,132000,0
2016-04-13,05:15:00,0.69,0.69,0.68,0.69,205000,0
2016-04-13,05:20:00,0.69,0.69,0.68,0.69,3342000,0
2016-04-13,05:25:00,0.69,0.69,0.68,0.69,3894000,0
2016-04-13,05:30:00,0.69,0.69,0.69,0.69,291000,0
2016-04-13,05:35:00,0.69,0.69,0.69,0.69,575000,0
2016-04-13,05:40:00,0.69,0.69,0.68,0.69,2052000,0
2016-04-13,05:45:00,0.69,0.69,0.68,0.69,1053000,0
2016-04-13,05:50:00,0.69,0.69,0.68,0.69,2560000,0
2016-04-13,05:55:00,0.69,0.69,0.68,0.69,1434000,0
2016-04-13,06:00:00,0.69,0.69,0.68,0.68,6786000,0
2016-04-13,07:05:00,0.68,0.69,0.68,0.68,3149000,0
2016-04-13,07:10:00,0.68,0.69,0.68,0.68,498000,0
2016-04-13,07:15:00,0.68,0.69,0.68,0.69,60000,0
2016-04-13,07:20:00,0.69,0.69,0.68,0.69,287000,0
2016-04-13,07:25:00,0.69,0.69,0.69,0.69,7000,0
2016-04-13,07:30:00,0.69,0.69,0.69,0.69,14000,0
2016-04-13,07:35:00,0.69,0.69,0.68,0.69,350000,0
2016-04-13,07:40:00,0.69,0.69,0.69,0.69,43000,0
2016-04-13,07:45:00,0.69,0.69,0.68,0.69,5098000,0
2016-04-13,07:50:00,0.69,0.69,0.69,0.69,13364250,0
2016-04-13,07:55:00,0.69,0.7,0.69,0.69,202000,0
2016-04-13,08:00:00,0.69,0.7,0.69,0.69,3236000,0
2016-04-13,08:05:00,0.69,0.69,0.69,0.69,1257000,0
2016-04-13,08:10:00,0.69,0.69,0.69,0.69,6806000,0
2016-04-13,08:15:00,0.69,0.69,0.69,0.69,968000,0
2016-04-13,08:20:00,0.69,0.69,0.69,0.69,151000,0
2016-04-13,08:25:00,0.69,0.69,0.68,0.69,109000,0
2016-04-13,08:30:00,0.69,0.69,0.69,0.69,300000,0
2016-04-13,08:35:00,0.69,0.69,0.68,0.68,1015000,0
2016-04-13,08:40:00,0.68,0.69,0.68,0.69,821000,0
2016-04-13,08:45:00,0.69,0.69,0.68,0.69,170000,0
2016-04-13,08:50:00,0.69,0.69,0.68,0.69,92000,0
2016-04-13,08:55:00,0.69,0.69,0.68,0.69,273000,0
2016-04-13,09:00:00,0.69,0.69,0.68,0.69,405000,0
2016-04-13,09:05:00,0.69,0.69,0.68,0.69,2167000,0
2016-04-13,09:10:00,0.69,0.69,0.68,0.69,638000,0
2016-04-13,09:15:00,0.69,0.69,0.68,0.68,671000,0
2016-04-13,09:20:00,0.68,0.69,0.68,0.68,787000,0
2016-04-13,09:25:00,0.68,0.69,0.68,0.69,1437000,0
2016-04-13,09:30:00,0.69,0.69,0.68,0.68,1101000,0
2016-04-13,09:35:00,0.68,0.69,0.68,0.69,9265000,0
2016-04-13,09:40:00,0.69,0.69,0.68,0.69,730000,0
2016-04-13,09:45:00,0.69,0.69,0.68,0.69,3951000,0
2016-04-13,09:50:00,0.69,0.69,0.68,0.68,8897000,0
2016-04-13,09:55:00,0.68,0.69,0.68,0.69,1781000,0
2016-04-13,10:00:00,0.69,0.7,0.68,0.69,29283000,0
