Date,Time,Open,High,Low,Close,Volume,OpenInt
2016-02-05,08:25:00,2.55,2.59,2.55,2.56,132000,0
2016-02-05,09:00:00,2.55,2.6,2.55,2.6,2000,0
2016-02-12,06:45:00,2.52,2.6,2.52,2.52,80000,0
2016-02-12,08:55:00,2.52,2.52,2.52,2.52,14000,0
2016-02-12,09:00:00,2.51,2.52,2.51,2.52,30000,0
2016-02-16,03:05:00,2.5,2.53,2.5,2.53,20000,0
2016-02-16,09:00:00,2.55,2.55,2.54,2.55,3000,0
2016-02-23,06:25:00,2.56,2.56,2.54,2.54,4000,0
2016-02-23,06:50:00,2.59,2.68,2.59,2.68,2000,0
2016-03-02,04:05:00,2.6,2.6,2.59,2.6,46000,0
2016-03-02,04:25:00,2.6,2.6,2.6,2.6,10000,0
2016-03-02,04:30:00,2.6,2.6,2.6,2.6,40000,0
2016-03-02,06:15:00,2.6,2.6,2.52,2.57,85000,0
2016-03-02,06:25:00,2.57,2.59,2.57,2.59,30000,0
2016-03-02,07:05:00,2.59,2.59,2.59,2.59,1000,0
2016-03-02,07:50:00,2.59,2.6,2.59,2.59,4000,0
2016-03-04,09:00:00,2.61,2.61,2.61,2.61,16000,0
2016-03-07,07:20:00,2.63,2.63,2.63,2.63,24000,0
2016-03-07,08:40:00,2.63,2.63,2.63,2.63,1000,0
2016-03-08,08:55:00,2.65,2.65,2.65,2.65,4000,0
2016-03-08,09:00:00,2.65,2.65,2.65,2.65,5000,0
2016-03-11,04:40:00,2.66,2.66,2.66,2.66,1000,0
2016-03-11,04:45:00,2.66,2.7,2.66,2.7,24000,0
2016-03-11,06:20:00,2.7,2.7,2.7,2.7,87000,0
2016-03-11,06:40:00,2.7,2.7,2.7,2.7,15000,0
2016-03-11,06:45:00,2.7,2.7,2.7,2.7,10000,0
2016-03-11,07:35:00,2.68,2.68,2.67,2.68,149000,0
2016-03-11,08:45:00,2.68,2.68,2.67,2.67,50000,0
2016-03-14,04:25:00,2.69,2.7,2.69,2.7,48000,0
2016-03-14,04:30:00,2.7,2.7,2.7,2.7,5000,0
2016-03-14,04:35:00,2.7,2.7,2.7,2.7,25000,0
2016-03-14,08:00:00,2.7,2.7,2.7,2.7,5000,0
2016-03-17,04:20:00,2.66,2.66,2.66,2.66,101000,0
2016-03-17,07:30:00,2.66,2.66,2.66,2.66,200000,0
2016-03-17,07:55:00,2.66,2.66,2.66,2.66,10000,0
2016-03-18,04:10:00,2.64,2.65,2.64,2.64,20000,0
2016-03-18,04:20:00,2.64,2.64,2.64,2.64,10000,0
2016-03-18,07:40:00,2.64,2.64,2.64,2.64,10000,0
2016-03-18,08:45:00,2.64,2.64,2.64,2.64,40000,0
2016-03-22,03:45:00,2.64,2.64,2.64,2.64,2000,0
2016-03-22,04:30:00,2.66,2.66,2.66,2.66,40000,0
2016-03-22,06:25:00,2.67,2.67,2.67,2.67,10000,0
2016-03-22,06:55:00,2.67,2.67,2.67,2.67,20000,0
2016-03-22,08:55:00,2.67,2.67,2.66,2.66,36000,0
2016-03-22,09:00:00,2.66,2.67,2.66,2.66,14000,0
2016-03-23,04:55:00,2.68,2.68,2.68,2.68,40000,0
2016-03-23,06:05:00,2.68,2.7,2.68,2.7,10000,0
2016-03-24,02:35:00,2.7,2.7,2.7,2.7,5000,0
2016-03-24,03:10:00,2.7,2.7,2.7,2.7,2000,0
2016-03-24,06:45:00,2.7,2.7,2.7,2.7,3000,0
2016-03-24,07:50:00,2.68,2.68,2.68,2.68,19000,0
2016-04-07,08:50:00,2.62,2.66,2.62,2.66,19000,0
2016-04-08,08:20:00,2.59,2.66,2.58,2.66,40000,0
2016-04-13,07:05:00,2.6,2.66,2.6,2.6,18000,0
2016-04-13,07:45:00,2.64,2.64,2.64,2.64,45000,0
